Finite rod, albedo problem, anisotropic scattering, exponential random flight, mu_t: 3 g: 0.3
Analogmu_t c: 0.7 rod_length: 1 dx: 0.0196078 numsamples: 10000000 numCollisionOrders: 10 numMoments: 10
total albedo R: 0.225369
total albedo T: 0.219525
per-collision order albedos R: 
0 0.122294 0.0547321 0.0255093 0.0121476 0.00572 0.0026855 0.001242 0.0005578 0.0002556 
per-collision order albedos T: 
0.0497852 0.067898 0.0500413 0.0275498 0.0131591 0.0060388 0.0027421 0.0012394 0.0005801 0.0002648 
Left-moving collision density:
0.663413 0.644824 0.621792 0.604809 0.586413 0.565156 0.544231 0.529339 0.512484 0.494404 0.47611 0.46003 0.444853 0.427696 0.412942 0.396749 0.383653 0.369296 0.354333 0.340241 0.328685 0.317087 0.300681 0.290261 0.278557 0.263981 0.251629 0.240853 0.228679 0.215745 0.205907 0.195452 0.185135 0.173206 0.162348 0.152245 0.140592 0.131386 0.120987 0.111399 0.101811 0.0921825 0.0812787 0.0721089 0.0627147 0.0519486 0.0423759 0.0328899 0.0237609 0.0142137 0.0048297 
Right-moving collision density:
2.95893 2.87691 2.79347 2.70919 2.6372 2.56279 2.48588 2.41523 2.34993 2.27948 2.21439 2.1602 2.08837 2.03191 1.97063 1.91124 1.85769 1.80408 1.75823 1.70355 1.65381 1.60389 1.5653 1.51828 1.47554 1.42843 1.38963 1.34731 1.31024 1.27224 1.23519 1.19909 1.16141 1.1293 1.09874 1.06194 1.0322 1.00059 0.971157 0.942679 0.914583 0.886615 0.858692 0.835263 0.806861 0.782626 0.757585 0.736873 0.711557 0.689 0.672848 
Collision Density Moments:
1.84954 0.681787 0.383989 0.259018 0.192719 0.152367 0.125495 0.106431 0.0922583 0.0813368 
Per-collision Density Moments:
0 0 0 0 0 0 0 0 0 0 
0.950215 0.266918 0.128185 0.0784105 0.0547572 0.0414612 0.0331143 0.027453 0.0233893 0.0203439 
0.474667 0.203345 0.119288 0.08147 0.0608236 0.0481005 0.039583 0.0335286 0.0290262 0.0255584 
0.227501 0.111535 0.0710273 0.0510663 0.0394389 0.0319298 0.0267246 0.0229253 0.0200409 0.0177824 
0.106244 0.0539625 0.0353138 0.0258902 0.0202798 0.0165917 0.0139985 0.0120838 0.0106165 0.00945873 
0.049038 0.024938 0.0163793 0.0120497 0.00946571 0.00776241 0.00656164 0.00567292 0.00499039 0.00445079 
0.0225923 0.0114056 0.00746936 0.00548865 0.00430985 0.00353392 0.00298728 0.00258279 0.00227215 0.00202654 
0.010364 0.00521365 0.00341268 0.00250881 0.00197169 0.00161851 0.00136989 0.00118601 0.00104484 0.00093323 
0.0048085 0.00240867 0.00156978 0.00114954 0.000900475 0.000737113 0.000622358 0.000537642 0.000472704 0.000421437 
0.0022105 0.00110713 0.000720906 0.000527947 0.000413827 0.00033907 0.000286589 0.00024785 0.000218147 0.000194685 
Per-collision Densities:
0 0 0 0 0 0 0 0 0 0 0 0 0 0 0 0 0 0 0 0 0 0 0 0 0 0 0 0 0 0 0 0 0 0 0 0 0 0 0 0 0 0 0 0 0 0 0 0 0 0 0 
2.91509 2.75108 2.59188 2.44058 2.30665 2.17145 2.04559 1.92967 1.82136 1.71223 1.6175 1.53103 1.43486 1.35849 1.27944 1.2037 1.1336 1.06715 1.01238 0.953598 0.894601 0.843356 0.799756 0.751735 0.710308 0.667728 0.630829 0.594915 0.563652 0.530191 0.498469 0.471628 0.443312 0.417833 0.396188 0.371249 0.350135 0.330607 0.3121 0.292893 0.278062 0.262767 0.246218 0.23181 0.218566 0.205688 0.194458 0.182478 0.17364 0.16293 0.155514 
0.394281 0.445368 0.487499 0.525555 0.556272 0.585072 0.603901 0.620894 0.636296 0.647955 0.649612 0.657691 0.656508 0.653014 0.647731 0.642146 0.637515 0.632313 0.619069 0.606961 0.599801 0.589101 0.575882 0.563259 0.550759 0.535163 0.519491 0.506007 0.490538 0.476758 0.46308 0.446638 0.432801 0.418516 0.405909 0.390063 0.377227 0.363783 0.350798 0.338431 0.322988 0.309922 0.29963 0.28918 0.274258 0.262757 0.250956 0.241903 0.228495 0.218443 0.209814 
0.165531 0.173497 0.179908 0.186629 0.195656 0.201868 0.207147 0.216046 0.222681 0.228424 0.234886 0.240552 0.245692 0.248982 0.255046 0.257361 0.262405 0.264134 0.267536 0.267638 0.270575 0.268653 0.271259 0.272167 0.270453 0.268245 0.268862 0.263854 0.262058 0.259513 0.256504 0.25348 0.249181 0.246146 0.241709 0.237186 0.233396 0.227567 0.223074 0.217806 0.213685 0.206489 0.200384 0.197615 0.189883 0.183707 0.177658 0.171436 0.166056 0.158482 0.153847 
0.0777138 0.0803913 0.0829056 0.084915 0.0877047 0.0903414 0.0924018 0.0942429 0.0976446 0.099705 0.101184 0.103066 0.104917 0.106738 0.107911 0.111282 0.112241 0.113077 0.115739 0.116851 0.118504 0.118998 0.118927 0.119993 0.121385 0.120334 0.120635 0.121247 0.120416 0.120064 0.121059 0.12138 0.119789 0.119559 0.117708 0.11754 0.114872 0.113271 0.111879 0.111042 0.109395 0.107809 0.104127 0.101424 0.100138 0.0975885 0.0939114 0.0932994 0.0895254 0.0873732 0.0842877 
0.0370413 0.0381735 0.0389589 0.0403104 0.0409734 0.0421209 0.0429114 0.0442323 0.0452523 0.0458439 0.0466701 0.0464253 0.0486387 0.0500514 0.049776 0.0498933 0.0512295 0.0521373 0.0526983 0.0533256 0.0530553 0.054468 0.0540702 0.054315 0.0547077 0.0541824 0.0551259 0.0550545 0.05508 0.0546414 0.055998 0.0554676 0.05559 0.0547638 0.0543558 0.0534072 0.0528054 0.052581 0.0506226 0.0511377 0.0505563 0.0495108 0.0494751 0.0473688 0.0475473 0.0461754 0.0451197 0.0434571 0.0421923 0.041463 0.0399789 
0.0172533 0.0180846 0.0180999 0.0191454 0.0195483 0.0200838 0.0198186 0.0211956 0.0210732 0.0215526 0.0217056 0.022695 0.0228582 0.0227817 0.023715 0.0235263 0.0236538 0.024072 0.0243933 0.0246636 0.0249798 0.0248676 0.0247656 0.0251328 0.0248217 0.0251838 0.0246534 0.0252807 0.0255255 0.0252195 0.0247605 0.0252195 0.0248064 0.024429 0.0249237 0.0244392 0.0241077 0.0239037 0.0234702 0.0233631 0.0225828 0.023103 0.021522 0.0217923 0.0212772 0.0210528 0.0207009 0.0201348 0.0192882 0.0189465 0.0180336 
0.0082161 0.0081243 0.0087669 0.0089964 0.0088689 0.0091392 0.0098991 0.0098022 0.0099654 0.0099909 0.010149 0.0101388 0.0105417 0.0103428 0.0107151 0.0108579 0.0109548 0.0108579 0.0109752 0.0109854 0.0111741 0.0113475 0.0114801 0.0120105 0.0118218 0.0115464 0.0114189 0.0117198 0.0115515 0.0114495 0.011118 0.0113679 0.0112659 0.0114597 0.0108426 0.0108936 0.0111282 0.011118 0.0106692 0.0105162 0.0102459 0.0103377 0.0101337 0.0099144 0.0094095 0.0093738 0.0094197 0.0092412 0.0088791 0.0086037 0.0088179 
0.0038862 0.0037893 0.0040392 0.0043452 0.0043146 0.0042381 0.0045186 0.0045288 0.0042891 0.0043146 0.0045339 0.0045288 0.0050388 0.0048909 0.0050592 0.0051306 0.0052581 0.0054417 0.005457 0.0053091 0.0052377 0.0054417 0.005202 0.0054825 0.0051408 0.0054468 0.0053448 0.005406 0.0053754 0.0054621 0.0055233 0.0051459 0.0052479 0.0052632 0.0050337 0.0050592 0.0050541 0.004998 0.0052326 0.004845 0.0047022 0.0046053 0.0047124 0.004284 0.0045747 0.0045645 0.0040698 0.0042024 0.0039831 0.0036771 0.0040035 
0.001785 0.0017238 0.0016779 0.0018207 0.0019278 0.0019227 0.0020859 0.0021114 0.0019992 0.0021063 0.0023664 0.0023511 0.002244 0.002295 0.0023358 0.0022032 0.0025143 0.0023154 0.0023715 0.0024429 0.002448 0.0026214 0.002499 0.0023919 0.0024939 0.0023868 0.0027132 0.0024174 0.0025704 0.0024327 0.0025398 0.0023409 0.0023664 0.0025296 0.0023307 0.0022644 0.0021573 0.0022287 0.0022134 0.0022389 0.0022593 0.0022644 0.0019635 0.0021165 0.001989 0.0019431 0.0020349 0.0019737 0.0018054 0.0017646 0.001836 
