Finite rod, albedo problem, anisotropic scattering, exponential random flight, mu_t: 1 g: -0.5
Analogmu_t c: 0.9 rod_length: 3 dx: 0.0588235 numsamples: 10000000 numCollisionOrders: 10 numMoments: 10
total albedo R: 0.543257
total albedo T: 0.217778
per-collision order albedos R: 
0 0.336539 0.0746034 0.0532964 0.0271862 0.0182408 0.0112688 0.0074865 0.0049037 0.0032608 
per-collision order albedos T: 
0.049832 0.0335659 0.0397587 0.0268446 0.0215188 0.0145168 0.0103908 0.0069359 0.0047348 0.0031975 
Left-moving collision density:
0.535236 0.522684 0.506707 0.493981 0.478868 0.464129 0.452336 0.438189 0.4261 0.412758 0.399491 0.389196 0.374898 0.362421 0.351839 0.339577 0.328515 0.317302 0.30607 0.294311 0.285318 0.275131 0.264005 0.252793 0.242986 0.231888 0.222819 0.214253 0.203328 0.192862 0.18385 0.174303 0.164381 0.156245 0.146273 0.136966 0.128051 0.119087 0.108795 0.100631 0.0912203 0.0832541 0.0738616 0.0652715 0.0561 0.0480131 0.0393924 0.0304589 0.0214863 0.0127806 0.004454 
Right-moving collision density:
0.990094 0.963813 0.94165 0.919316 0.899014 0.874604 0.853662 0.833804 0.813005 0.793387 0.774654 0.755528 0.736719 0.715804 0.69693 0.681144 0.664234 0.647341 0.630292 0.613338 0.595065 0.581063 0.565338 0.549624 0.535372 0.520565 0.506535 0.491499 0.478914 0.464991 0.452729 0.438044 0.426401 0.412539 0.402295 0.38877 0.376944 0.365089 0.350503 0.340335 0.330143 0.318101 0.306722 0.295927 0.285287 0.274586 0.262893 0.253042 0.24275 0.233248 0.223196 
Collision Density Moments:
2.38775 2.60842 4.31981 8.56858 18.7844 43.8571 106.894 268.75 691.662 1812.73 
Per-collision Density Moments:
0 0 0 0 0 0 0 0 0 0 
0.950168 0.800584 1.15321 2.11591 4.43229 10.0669 24.1176 59.9754 153.272 399.894 
0.484903 0.495505 0.783563 1.50611 3.22979 7.42109 17.8716 44.5169 113.729 296.293 
0.322123 0.417694 0.73223 1.48851 3.30434 7.77091 19.0273 47.9875 123.779 324.947 
0.209746 0.281066 0.50299 1.03403 2.30881 5.44479 13.3457 33.6598 86.7767 227.615 
0.140018 0.200005 0.369746 0.775269 1.75403 4.17551 10.3066 26.1366 67.6746 178.14 
0.0931874 0.134703 0.250839 0.528133 1.19768 2.85473 7.05088 17.8844 46.3062 121.87 
0.0622062 0.0917592 0.172702 0.366042 0.833893 1.99431 4.93866 12.5536 32.5625 85.8332 
0.0415496 0.061575 0.116266 0.246939 0.563277 1.3481 3.33972 8.49073 22.0248 58.0545 
0.0277902 0.0414517 0.0785533 0.167232 0.382069 0.915406 2.26942 5.77231 14.9771 39.4819 
Per-collision Densities:
0 0 0 0 0 0 0 0 0 0 0 0 0 0 0 0 0 0 0 0 0 0 0 0 0 0 0 0 0 0 0 0 0 0 0 0 0 0 0 0 0 0 0 0 0 0 0 0 0 0 0 
0.973126 0.915071 0.8631 0.814558 0.769862 0.722837 0.682671 0.643674 0.605353 0.571496 0.540384 0.509 0.479441 0.451194 0.425048 0.401681 0.379275 0.357692 0.337294 0.317873 0.298579 0.282316 0.266108 0.250743 0.235972 0.222629 0.209505 0.197317 0.18718 0.175952 0.166971 0.15648 0.147936 0.139218 0.132197 0.123935 0.117412 0.110825 0.103382 0.0980407 0.0926653 0.0867663 0.0820675 0.0774231 0.0731391 0.0680714 0.0642634 0.0617576 0.0576827 0.0543796 0.0513145 
0.33243 0.327301 0.318886 0.312049 0.303634 0.295261 0.28646 0.279582 0.271869 0.263954 0.254152 0.247855 0.239144 0.231178 0.22438 0.216342 0.20799 0.200493 0.193708 0.18633 0.179474 0.172819 0.165376 0.159142 0.153313 0.146635 0.141217 0.135016 0.128772 0.123573 0.118264 0.113188 0.107773 0.102933 0.0983212 0.0936683 0.0891259 0.084541 0.0794444 0.0758625 0.0717995 0.0677569 0.0637279 0.0595068 0.0559436 0.0525895 0.0493323 0.0452591 0.041854 0.038794 0.035326 
0.0811852 0.0922216 0.103025 0.111851 0.119316 0.12624 0.13236 0.135828 0.140967 0.142321 0.145559 0.14638 0.147693 0.146569 0.146938 0.146251 0.146139 0.14448 0.14245 0.140573 0.13873 0.136865 0.133839 0.130346 0.127762 0.12553 0.122849 0.119015 0.116066 0.112596 0.109063 0.10556 0.102513 0.0988601 0.0958052 0.092072 0.0877761 0.0859741 0.0811699 0.078183 0.0752573 0.0715173 0.0676974 0.0645388 0.0611796 0.0583967 0.0536197 0.0513655 0.0479995 0.0444363 0.041157 
0.0563788 0.0607699 0.0647683 0.0689299 0.0723435 0.074834 0.0783394 0.0806004 0.083079 0.0849915 0.0866014 0.0883167 0.0890545 0.0888641 0.0894319 0.0909381 0.0904451 0.0907477 0.0901952 0.0894064 0.0887944 0.0888726 0.0876044 0.0857905 0.0849915 0.0834853 0.0819468 0.0808622 0.0792285 0.0758064 0.0747286 0.0736236 0.0716907 0.0698802 0.0669834 0.0650267 0.0630343 0.0603993 0.0584273 0.0559963 0.0530434 0.0509184 0.0486812 0.0460768 0.0434639 0.0413083 0.038454 0.0359873 0.0329069 0.0305473 0.0280857 
0.0285379 0.0317288 0.0345304 0.0370039 0.0393992 0.0422144 0.0442187 0.0466871 0.048824 0.0502095 0.0516443 0.0533137 0.0542334 0.0557838 0.0563346 0.0569449 0.0578272 0.0583797 0.0592671 0.0583185 0.0586296 0.0588625 0.0593215 0.0589594 0.0582828 0.0578 0.0570197 0.0573019 0.0559997 0.055573 0.0546108 0.0530298 0.0514369 0.0508538 0.0494513 0.0484789 0.0469642 0.0451894 0.043367 0.0422841 0.0409632 0.0393397 0.0374748 0.0354977 0.0336719 0.0321725 0.0304028 0.0282353 0.026826 0.0244137 0.0224978 
0.0190077 0.0210596 0.0228888 0.0243083 0.0255918 0.0269518 0.0286858 0.0297874 0.0308584 0.0324292 0.0331228 0.0341564 0.034952 0.0356133 0.0364684 0.0369257 0.0380817 0.037995 0.0386784 0.0387226 0.0391629 0.0390235 0.0386886 0.0392343 0.0393227 0.0386342 0.0383061 0.0379967 0.037706 0.0372538 0.0365449 0.0358683 0.0354501 0.0344556 0.0337042 0.0329851 0.0322252 0.0311831 0.0298622 0.028934 0.0280024 0.027285 0.0256224 0.0246551 0.0232628 0.0224315 0.020944 0.0193358 0.0176528 0.0169422 0.0152252 
0.0118541 0.0129897 0.0137666 0.0151436 0.0161874 0.0170646 0.0179248 0.0185878 0.0197506 0.0205224 0.02108 0.0223227 0.0225199 0.0233835 0.0236623 0.0237303 0.0244715 0.0251719 0.0252161 0.0257516 0.0261086 0.0257278 0.0261341 0.0260627 0.0262344 0.0256292 0.0258723 0.025806 0.0255663 0.0254626 0.0249866 0.0245769 0.0244086 0.0235331 0.023698 0.0227783 0.022304 0.0215781 0.0205615 0.0201909 0.0193103 0.0188054 0.0179605 0.0173298 0.0162843 0.0153986 0.0148121 0.0135405 0.0127245 0.0120258 0.0109922 
0.0076806 0.0086938 0.0092905 0.0100657 0.0106913 0.0112336 0.0119034 0.0125885 0.0127959 0.0135167 0.014161 0.0147577 0.0147968 0.0154105 0.0153748 0.016065 0.0165359 0.0167739 0.0164985 0.0168181 0.0167603 0.0170493 0.0173553 0.0173927 0.017357 0.0171734 0.0174284 0.0172176 0.0169116 0.017085 0.0170391 0.01632 0.0162996 0.015912 0.0157777 0.0153714 0.0150671 0.0146557 0.0142596 0.0136595 0.0130628 0.0127823 0.0122978 0.0117028 0.0110653 0.0104754 0.0099297 0.009129 0.0086003 0.008024 0.0075293 
0.0050541 0.0056712 0.0060078 0.0064634 0.0070329 0.0074443 0.0079866 0.0081617 0.0087023 0.0090219 0.0090644 0.0094503 0.0100691 0.0101592 0.0103275 0.0104482 0.0107355 0.0110279 0.0110568 0.011339 0.0112489 0.0115634 0.0115362 0.0113832 0.0117861 0.0116161 0.011611 0.0117266 0.0114461 0.0111418 0.0113713 0.0110976 0.0108018 0.0106573 0.0106267 0.0102459 0.0104465 0.0097053 0.0096883 0.0092021 0.0091103 0.0086071 0.0082144 0.008177 0.0077741 0.007191 0.0067932 0.0060792 0.0059313 0.0053074 0.0051221 
