Finite rod, albedo problem, anisotropic scattering, exponential random flight, mu_t: 3 g: 0.3
Analogmu_t c: 0.9 rod_length: 1 dx: 0.0196078 numsamples: 10000000 numCollisionOrders: 10 numMoments: 10
total albedo R: 0.384515
total albedo T: 0.366168
per-collision order albedos R: 
0 0.157093 0.0904155 0.0541795 0.0330577 0.0200553 0.0120612 0.0071515 0.0042823 0.0025283 
per-collision order albedos T: 
0.0498558 0.0873552 0.0828886 0.0587049 0.036095 0.0211223 0.0123645 0.0072274 0.0043034 0.0025657 
Left-moving collision density:
1.13952 1.11168 1.08141 1.05914 1.02739 1.01012 0.984264 0.955378 0.931347 0.902904 0.878939 0.861242 0.831157 0.809605 0.785976 0.762353 0.737271 0.713255 0.691371 0.666718 0.644018 0.623414 0.598373 0.576499 0.55693 0.533899 0.511459 0.490696 0.466196 0.445862 0.426697 0.401645 0.382102 0.359723 0.340221 0.318143 0.298809 0.276976 0.255785 0.234615 0.215704 0.193841 0.173522 0.152541 0.132784 0.111782 0.0917898 0.071655 0.0505155 0.030243 0.0103122 
Right-moving collision density:
2.97711 2.92291 2.86868 2.8245 2.77965 2.72326 2.68013 2.63258 2.58164 2.53932 2.50449 2.4479 2.40828 2.36441 2.32697 2.27401 2.24069 2.19701 2.15571 2.11497 2.07981 2.03856 2.003 1.96436 1.92617 1.89301 1.8521 1.81933 1.78406 1.75684 1.71575 1.68393 1.64487 1.61784 1.58403 1.55138 1.52221 1.48836 1.45508 1.42949 1.39844 1.36469 1.34209 1.30182 1.27674 1.24767 1.22346 1.19379 1.16499 1.13675 1.11278 
Collision Density Moments:
2.49128 0.993806 0.583034 0.402713 0.304166 0.242935 0.201542 0.171843 0.14957 0.132288 
Per-collision Density Moments:
0 0 0 0 0 0 0 0 0 0 
0.950144 0.266917 0.128174 0.0783936 0.0547376 0.0414406 0.0330934 0.0274322 0.0233686 0.0203233 
0.610477 0.261629 0.153506 0.104848 0.0782791 0.0619041 0.0509412 0.0431488 0.0373543 0.0328916 
0.376187 0.184561 0.117562 0.0845355 0.0652938 0.0528656 0.04425 0.0379613 0.033187 0.0294489 
0.225696 0.114705 0.0750904 0.0550607 0.0431319 0.0352881 0.0297716 0.0256977 0.0225751 0.0201108 
0.133972 0.068096 0.0447289 0.0329157 0.0258649 0.0212152 0.0179358 0.0155074 0.0136416 0.012166 
0.0793752 0.0400689 0.0262462 0.0192956 0.0151609 0.0124397 0.0105226 0.00910375 0.00801374 0.00715155 
0.0469674 0.0235609 0.0153776 0.0112785 0.00884734 0.00725106 0.00612846 0.00529883 0.00466226 0.00415923 
0.0279082 0.0139902 0.00913115 0.00669786 0.00525483 0.00430738 0.0036411 0.00314872 0.00277094 0.00247244 
0.0165201 0.00827082 0.00539212 0.00395223 0.00309886 0.00253878 0.00214501 0.00185408 0.00163088 0.00145453 
Per-collision Densities:
0 0 0 0 0 0 0 0 0 0 0 0 0 0 0 0 0 0 0 0 0 0 0 0 0 0 0 0 0 0 0 0 0 0 0 0 0 0 0 0 0 0 0 0 0 0 0 0 0 0 0 
2.91689 2.74703 2.58616 2.44268 2.30917 2.16823 2.05127 1.93134 1.81457 1.71372 1.62322 1.52095 1.43602 1.35294 1.28307 1.20255 1.13713 1.06978 1.01175 0.952195 0.896131 0.847258 0.800353 0.750297 0.708553 0.669905 0.629784 0.594685 0.562979 0.532353 0.497877 0.470735 0.444654 0.418475 0.394669 0.370663 0.350339 0.331622 0.311268 0.293954 0.279205 0.260855 0.245815 0.2313 0.218861 0.204433 0.193948 0.18566 0.173691 0.163057 0.153311 
0.503288 0.572648 0.627065 0.67729 0.714204 0.751301 0.777199 0.796921 0.817306 0.828454 0.838996 0.844351 0.843239 0.843474 0.836849 0.826756 0.822543 0.810069 0.795661 0.781861 0.772278 0.752168 0.739556 0.721737 0.70306 0.691948 0.667539 0.651816 0.630788 0.616422 0.596144 0.575805 0.554717 0.53931 0.52428 0.504737 0.487784 0.467313 0.449881 0.43429 0.418129 0.399355 0.386855 0.368801 0.352777 0.338222 0.323416 0.308581 0.295734 0.281066 0.270346 
0.277297 0.284274 0.294239 0.306535 0.317903 0.332719 0.344964 0.356403 0.366955 0.375472 0.387916 0.398667 0.406307 0.41491 0.424116 0.428272 0.432531 0.436325 0.439651 0.443027 0.447438 0.449091 0.44598 0.44751 0.44497 0.441201 0.443205 0.437886 0.432699 0.429553 0.425937 0.421342 0.412916 0.409576 0.400437 0.392231 0.38606 0.378257 0.368766 0.361549 0.351767 0.340777 0.334458 0.323926 0.314593 0.305434 0.292867 0.283978 0.273569 0.264629 0.254459 
0.167423 0.170289 0.17441 0.181106 0.184533 0.191627 0.196875 0.199726 0.205061 0.210701 0.213751 0.220019 0.222579 0.227144 0.229694 0.235712 0.237782 0.241663 0.24329 0.246656 0.249349 0.252766 0.255163 0.255025 0.25906 0.258376 0.254072 0.258728 0.25678 0.257662 0.257881 0.255194 0.25323 0.253215 0.24861 0.248151 0.2461 0.242383 0.238665 0.235732 0.231214 0.227363 0.2244 0.216041 0.213175 0.207014 0.203704 0.197135 0.190939 0.184033 0.179311 
0.0996744 0.103663 0.107299 0.1099 0.112185 0.116005 0.118968 0.122538 0.123695 0.125572 0.129076 0.130152 0.132493 0.134599 0.135237 0.138664 0.139898 0.142672 0.144565 0.14486 0.145217 0.146237 0.146273 0.148879 0.148741 0.149491 0.150149 0.149557 0.150598 0.150827 0.150409 0.150016 0.149598 0.147339 0.146732 0.147303 0.144213 0.142713 0.140872 0.140143 0.138694 0.136195 0.134186 0.130682 0.128051 0.126903 0.123955 0.119773 0.115938 0.112149 0.109038 
0.060792 0.0626331 0.0644283 0.0673863 0.0676107 0.0702678 0.070737 0.0741132 0.0750822 0.0758829 0.0770202 0.0788868 0.0795192 0.0811716 0.082059 0.0829872 0.0835074 0.0855321 0.0861288 0.0865725 0.0864654 0.0864909 0.087822 0.0883881 0.0892092 0.0885054 0.0892551 0.0890307 0.0876078 0.0879393 0.0869958 0.0867867 0.0863685 0.086394 0.0867204 0.0850629 0.0841551 0.0830841 0.0834003 0.0817683 0.0792948 0.07956 0.0775302 0.0756126 0.0749904 0.0731085 0.073644 0.0706503 0.0685644 0.0672588 0.0641529 
0.0370668 0.0383571 0.0388365 0.0396627 0.0411672 0.0419934 0.0419322 0.0438396 0.0442068 0.0455736 0.045696 0.0470067 0.0484704 0.048705 0.0503268 0.0496077 0.0503829 0.0503829 0.0512397 0.0509133 0.0518364 0.0519384 0.0511683 0.0528513 0.052683 0.0523566 0.0526677 0.0523821 0.0526065 0.052122 0.0519996 0.0514488 0.0512703 0.0498219 0.0494139 0.0505053 0.0499188 0.0491997 0.0478737 0.0472515 0.0469914 0.046818 0.0459867 0.0434469 0.0433908 0.0423963 0.0428298 0.040596 0.0398157 0.0388569 0.0375258 
0.0222105 0.0228888 0.0233988 0.0242352 0.0244137 0.0245004 0.0254439 0.0254082 0.0265047 0.0270657 0.0270351 0.0279735 0.0291465 0.0288507 0.0290802 0.0295035 0.0298401 0.0301461 0.0304827 0.0308193 0.0310437 0.0314415 0.0299574 0.0307785 0.0317373 0.0307326 0.0314109 0.0306765 0.0308295 0.0309213 0.0307683 0.0311865 0.0301614 0.0300594 0.0295443 0.0293709 0.0293913 0.0289935 0.0287691 0.0285702 0.0276216 0.0278052 0.0269382 0.0261783 0.0264282 0.0252807 0.0242964 0.0242505 0.0231336 0.0233529 0.0227409 
0.0131172 0.0133875 0.0135354 0.0137853 0.0145758 0.0147288 0.0154428 0.0150705 0.0162945 0.0163863 0.0167025 0.0167178 0.0166362 0.0171258 0.0174012 0.0171666 0.0182835 0.017595 0.0180999 0.0176103 0.0176052 0.0185589 0.018258 0.0185793 0.0185742 0.0179367 0.0189516 0.018717 0.018768 0.018309 0.0180846 0.0177684 0.0176511 0.0182886 0.0179775 0.0166311 0.0174675 0.0168096 0.0167688 0.0166107 0.0168606 0.0165903 0.0159426 0.0155601 0.0148104 0.0149379 0.0152694 0.0141015 0.0140352 0.0131427 0.0132957 
