Finite rod, albedo problem, anisotropic scattering, exponential random flight, mu_t: 1 g: 0.3
Analogmu_t c: 0.9 rod_length: 0.3 dx: 0.00588235 numsamples: 10000000 numCollisionOrders: 10 numMoments: 10
total albedo R: 0.0838595
total albedo T: 0.88663
per-collision order albedos R: 
0 0.0709729 0.0112822 0.0014236 0.0001626 1.63e-05 1.6e-06 3e-07 0 0 
per-collision order albedos T: 
0.740738 0.130044 0.014226 0.0014471 0.0001559 1.58e-05 2.2e-06 4e-07 0 0 
Left-moving collision density:
0.084439 0.082467 0.081192 0.079662 0.07667 0.075021 0.074766 0.073049 0.070176 0.066623 0.067286 0.066079 0.064702 0.060979 0.057919 0.058548 0.058327 0.055488 0.052717 0.052564 0.05134 0.047532 0.047447 0.046087 0.042211 0.041446 0.039899 0.03944 0.037213 0.03587 0.03502 0.0323 0.03179 0.028696 0.02652 0.02567 0.024633 0.022066 0.020604 0.019108 0.017918 0.016405 0.013702 0.011458 0.010098 0.009265 0.007259 0.005474 0.004063 0.002635 0.000697 
Right-moving collision density:
1.00106 0.999736 0.993752 0.993939 0.983501 0.989298 0.98277 0.990063 0.980016 0.978418 0.98481 0.974117 0.969578 0.965481 0.965566 0.967147 0.964937 0.963917 0.957967 0.958324 0.951218 0.94928 0.955978 0.947614 0.944095 0.944384 0.937652 0.935884 0.930512 0.93007 0.929798 0.927911 0.934354 0.922148 0.920907 0.915756 0.921196 0.918221 0.908786 0.909891 0.903754 0.905165 0.915892 0.905556 0.903703 0.897685 0.903822 0.898229 0.897226 0.896767 0.886176 
Collision Density Moments:
0.295686 0.0428762 0.00843044 0.00187763 0.000447602 0.000111365 2.85341e-05 7.46931e-06 1.98735e-06 5.35594e-07 
Per-collision Density Moments:
0 0 0 0 0 0 0 0 0 0 
0.259262 0.0369494 0.00720337 0.00159633 0.000379301 9.41557e-05 2.40841e-05 6.2963e-06 1.67355e-06 4.50655e-07 
0.0323366 0.00529507 0.00109811 0.000251867 6.11587e-05 1.5409e-05 3.9841e-06 1.05006e-06 2.80875e-07 7.60167e-08 
0.0036404 0.000565705 0.000115769 2.64619e-05 6.42328e-06 1.61946e-06 4.19148e-07 1.10593e-07 2.9614e-08 8.02313e-09 
0.000399 5.88505e-05 1.17515e-05 2.65272e-06 6.40026e-07 1.6096e-07 4.16363e-08 1.09914e-08 2.94649e-09 7.9941e-10 
4.18e-05 6.20349e-06 1.25215e-06 2.85739e-07 6.94966e-08 1.75763e-08 4.56478e-09 1.2086e-09 3.24723e-10 8.82567e-11 
5.1e-06 8.39201e-07 1.68268e-07 3.7012e-08 8.65444e-09 2.11351e-09 5.33263e-10 1.38044e-10 3.64863e-11 9.81111e-12 
7e-07 1.01606e-07 1.86255e-08 4.11375e-09 1.02858e-09 2.77001e-10 7.78528e-11 2.24251e-11 6.55262e-12 1.93101e-12 
0 0 0 0 0 0 0 0 0 0 
0 0 0 0 0 0 0 0 0 0 
Per-collision Densities:
0 0 0 0 0 0 0 0 0 0 0 0 0 0 0 0 0 0 0 0 0 0 0 0 0 0 0 0 0 0 0 0 0 0 0 0 0 0 0 0 0 0 0 0 0 0 0 0 0 0 0 
0.999294 0.99399 0.98396 0.981954 0.968099 0.969306 0.959888 0.963645 0.951082 0.945421 0.948498 0.934762 0.927656 0.920006 0.91749 0.914396 0.909857 0.905896 0.894659 0.893112 0.882963 0.879104 0.884408 0.869822 0.86428 0.863668 0.854998 0.847603 0.839103 0.835805 0.83453 0.83181 0.831776 0.81889 0.812498 0.809132 0.808877 0.803675 0.792557 0.790534 0.783989 0.780878 0.786743 0.775404 0.771324 0.763538 0.766241 0.759084 0.753627 0.752046 0.742679 
0.073168 0.074562 0.078268 0.078506 0.078506 0.082552 0.084932 0.086581 0.087108 0.086632 0.090032 0.092242 0.093704 0.092735 0.093602 0.098107 0.100504 0.100283 0.103343 0.104159 0.105978 0.105196 0.106182 0.111027 0.1088 0.109157 0.109956 0.114342 0.115753 0.116705 0.116739 0.114359 0.120309 0.119102 0.120615 0.11832 0.122468 0.123505 0.122876 0.123777 0.123539 0.125205 0.128299 0.12733 0.127993 0.128877 0.129336 0.128877 0.132566 0.132073 0.128435 
0.011441 0.011985 0.010965 0.011492 0.011951 0.010982 0.011135 0.011424 0.010727 0.011645 0.012104 0.011628 0.011203 0.012155 0.010982 0.011611 0.011288 0.011781 0.010863 0.012121 0.01207 0.011067 0.011475 0.011305 0.011645 0.011458 0.011458 0.011577 0.011662 0.012172 0.012189 0.012648 0.012682 0.011492 0.01292 0.012529 0.013073 0.011781 0.012461 0.013005 0.01275 0.013957 0.013209 0.012988 0.013107 0.013294 0.013923 0.014348 0.013379 0.013549 0.014212 
0.001496 0.001513 0.001564 0.001428 0.001462 0.001309 0.001445 0.001258 0.001173 0.001173 0.001156 0.001462 0.001598 0.001394 0.001275 0.001462 0.001428 0.001258 0.001547 0.001428 0.00136 0.001377 0.001207 0.001411 0.001394 0.001292 0.001071 0.001666 0.001071 0.001156 0.001224 0.001258 0.001173 0.001207 0.001207 0.001241 0.001275 0.00119 0.001394 0.001445 0.001275 0.001326 0.00119 0.001139 0.001173 0.001173 0.001445 0.001275 0.001513 0.001513 0.00136 
6.8e-05 0.000136 0.000187 0.000221 0.000153 0.000153 0.000136 0.000187 0.000102 0.00017 0.000289 0.000102 0.000119 0.00017 0.000102 5.1e-05 0.00017 0.000153 0.000187 5.1e-05 0.00017 6.8e-05 0.000136 0.000136 0.00017 0.000204 5.1e-05 0.000136 8.5e-05 0.000102 0.000102 0.000102 0.00017 0.000136 0.000187 0.00017 0.000102 0.000102 8.5e-05 0.000187 0.000102 0.000187 0.000136 0.000136 0.000187 6.8e-05 0.000136 0.000102 0.000204 0.000204 0.000136 
3.4e-05 1.7e-05 0 0 0 1.7e-05 0 1.7e-05 0 0 0 0 0 0 3.4e-05 5.1e-05 1.7e-05 3.4e-05 5.1e-05 1.7e-05 1.7e-05 0 1.7e-05 0 1.7e-05 5.1e-05 0 0 5.1e-05 0 3.4e-05 3.4e-05 1.7e-05 1.7e-05 0 3.4e-05 3.4e-05 3.4e-05 1.7e-05 5.1e-05 1.7e-05 1.7e-05 1.7e-05 1.7e-05 1.7e-05 0 0 1.7e-05 0 1.7e-05 3.4e-05 
0 0 0 0 0 0 0 0 0 0 1.7e-05 0 0 0 0 1.7e-05 0 0 3.4e-05 0 0 0 0 0 0 0 1.7e-05 0 0 0 0 0 1.7e-05 0 0 0 0 0 0 0 0 0 0 0 0 0 0 0 0 0 1.7e-05 
0 0 0 0 0 0 0 0 0 0 0 0 0 0 0 0 0 0 0 0 0 0 0 0 0 0 0 0 0 0 0 0 0 0 0 0 0 0 0 0 0 0 0 0 0 0 0 0 0 0 0 
0 0 0 0 0 0 0 0 0 0 0 0 0 0 0 0 0 0 0 0 0 0 0 0 0 0 0 0 0 0 0 0 0 0 0 0 0 0 0 0 0 0 0 0 0 0 0 0 0 0 0 
