Finite rod, albedo problem, anisotropic scattering, exponential random flight, mu_t: 3 g: 0.3
Analogmu_t c: 0.3 rod_length: 3 dx: 0.0588235 numsamples: 10000000 numCollisionOrders: 10 numMoments: 10
total albedo R: 0.065589
total albedo T: 0.000755
per-collision order albedos R: 
0 0.0525826 0.0102596 0.0021286 0.000478 0.0001085 2.38e-05 5.8e-06 1.5e-06 4e-07 
per-collision order albedos T: 
0.0001243 0.0002154 0.0001923 0.000125 5.91e-05 2.46e-05 9.7e-06 3.5e-06 8e-07 2e-07 
Left-moving collision density:
0.183104 0.160363 0.138455 0.12018 0.104592 0.090831 0.0785434 0.0680493 0.0598128 0.0518092 0.0446352 0.0388484 0.03383 0.0290241 0.0253589 0.0220082 0.0193341 0.0165733 0.0143293 0.0125171 0.0110687 0.0093823 0.0083198 0.0071689 0.006324 0.0052598 0.0047991 0.0039474 0.0035292 0.003009 0.0026605 0.0023205 0.0019737 0.001717 0.0014518 0.0012682 0.0011628 0.000918 0.0008211 0.0007344 0.0006681 0.0005627 0.0004624 0.0003944 0.0003145 0.0002567 0.0001955 0.0001513 0.0001258 7.14e-05 2.55e-05 
Right-moving collision density:
2.79944 2.43119 2.11012 1.83685 1.59203 1.38251 1.19812 1.04217 0.904988 0.790004 0.684406 0.59493 0.517781 0.44948 0.388591 0.338371 0.293893 0.254888 0.220645 0.192649 0.167487 0.145217 0.126133 0.109036 0.0946781 0.0827883 0.071706 0.062305 0.0545717 0.0471699 0.0408221 0.0356524 0.0308176 0.0265404 0.0233376 0.0199002 0.0177888 0.0154088 0.0131155 0.0113118 0.0100062 0.0088689 0.0075514 0.0064804 0.0055845 0.0049742 0.0042296 0.0038284 0.0032164 0.0028288 0.0024667 
Collision Density Moments:
1.33366 0.553606 0.452885 0.539395 0.817898 1.46009 2.91897 6.3232 14.5181 34.8033 
Per-collision Density Moments:
0 0 0 0 0 0 0 0 0 0 
0.999876 0.332945 0.220828 0.217423 0.279829 0.43645 0.783458 1.55997 3.35484 7.64443 
0.247049 0.146427 0.138566 0.174809 0.269279 0.478958 0.9464 2.02141 4.57682 10.8325 
0.0637332 0.0509881 0.0603201 0.0899288 0.157012 0.306777 0.650495 1.46541 3.45522 8.43687 
0.0168208 0.01625 0.022285 0.0371913 0.0706999 0.147266 0.327753 0.766159 1.85889 4.64179 
0.0045171 0.00496194 0.0075177 0.0135413 0.027281 0.0594044 0.136826 0.328604 0.814731 2.07081 
0.0012116 0.00144574 0.00234926 0.00447335 0.00940659 0.0211673 0.0500076 0.122493 0.308447 0.79362 
0.0003292 0.000425035 0.000728488 0.00143686 0.00308808 0.00703344 0.0167029 0.0409331 0.1028 0.263274 
9.16e-05 0.000123203 0.000217005 0.000436859 0.000954926 0.00220655 0.00530482 0.013136 0.033279 0.0858567 
2.24e-05 3.23035e-05 6.09961e-05 0.000130852 0.000301526 0.000727193 0.00181083 0.00461901 0.0120059 0.031682 
Per-collision Densities:
0 0 0 0 0 0 0 0 0 0 0 0 0 0 0 0 0 0 0 0 0 0 0 0 0 0 0 0 0 0 0 0 0 0 0 0 0 0 0 0 0 0 0 0 0 0 0 0 0 0 0 
2.75104 2.3056 1.93042 1.62127 1.35739 1.13752 0.951893 0.79825 0.669183 0.563176 0.471762 0.396353 0.331699 0.277731 0.232166 0.195361 0.163885 0.136235 0.114621 0.0962166 0.0810951 0.0672809 0.0568072 0.0473042 0.0397103 0.0334237 0.0278103 0.0233155 0.0197574 0.016439 0.0139825 0.0117249 0.0096798 0.0079764 0.0067558 0.0056933 0.004879 0.0038981 0.0033864 0.002754 0.002312 0.0019363 0.0015606 0.0014382 0.0011764 0.0009469 0.0008364 0.0006919 0.0005899 0.0004964 0.0004607 
0.190524 0.239472 0.267231 0.280855 0.280406 0.274354 0.261373 0.247277 0.230637 0.213952 0.193839 0.175693 0.15981 0.143611 0.127041 0.113738 0.100875 0.0896087 0.0781286 0.0693413 0.0610079 0.0537268 0.0466327 0.0406181 0.0354824 0.0309128 0.027115 0.0235314 0.0205615 0.0179996 0.0149736 0.0130509 0.0113526 0.0097087 0.0086275 0.0071672 0.0063376 0.0054179 0.0045968 0.0039865 0.0033949 0.0030175 0.0024956 0.00204 0.0017102 0.0015759 0.00136 0.0011747 0.0009809 0.0008109 0.0006902 
0.0323629 0.0366027 0.0406793 0.0439008 0.0471444 0.0492201 0.0504101 0.0512431 0.0510884 0.0505563 0.0491572 0.0474861 0.0459119 0.0432718 0.040885 0.0380052 0.0354229 0.0330021 0.0300101 0.0278766 0.0254201 0.023137 0.0209797 0.0190196 0.0170187 0.0155244 0.0138873 0.0124032 0.0110891 0.0096373 0.0090032 0.0079883 0.0071502 0.0062033 0.0055488 0.0047209 0.0044387 0.0039049 0.0033269 0.0028203 0.0025976 0.0023749 0.0020757 0.0017629 0.0015096 0.0013702 0.0010676 0.0010098 0.0008262 0.0007837 0.0006273 
0.0066963 0.007684 0.0078727 0.0085204 0.0090933 0.0095421 0.010047 0.0104159 0.0106828 0.0108341 0.0110517 0.0109327 0.010931 0.0106828 0.0104499 0.009928 0.0097155 0.0094571 0.0090712 0.0084677 0.0080342 0.0075361 0.0071655 0.0065433 0.0062441 0.005712 0.0052564 0.0048093 0.0045475 0.0040596 0.0036346 0.0034442 0.0030464 0.002856 0.0024514 0.0022491 0.0021199 0.0019703 0.0015759 0.0015504 0.0013855 0.0012546 0.0011441 0.0009656 0.0008636 0.0008041 0.0006647 0.0006154 0.0005321 0.0004471 0.0003944 
0.0014977 0.0016677 0.0017714 0.001836 0.001921 0.0021131 0.0022372 0.0022899 0.0024446 0.0025551 0.0024429 0.0025568 0.0024531 0.0024055 0.0025194 0.0025534 0.0024973 0.0024038 0.0024038 0.0024701 0.002244 0.0021403 0.002108 0.0019822 0.0018428 0.0018122 0.0017051 0.0015351 0.0015011 0.0014654 0.0013328 0.0012121 0.0010302 0.001037 0.0009418 0.0008993 0.0008109 0.0007548 0.0007259 0.0006052 0.0006324 0.0005117 0.0004607 0.0004301 0.0003944 0.0003315 0.0003026 0.000306 0.0002584 0.0002346 0.0002023 
0.0003298 0.0003893 0.0004539 0.0004913 0.0005202 0.0004658 0.0005593 0.0005474 0.0005848 0.0005457 0.0005967 0.0005695 0.0006086 0.0006069 0.0006562 0.0005814 0.0006511 0.000544 0.0005576 0.0005933 0.0005508 0.0006035 0.0005304 0.0005457 0.0004947 0.0004726 0.0005406 0.0004743 0.0004743 0.000425 0.0004114 0.0003944 0.0003808 0.0003298 0.0002941 0.0002873 0.0002363 0.0002601 0.0002091 0.0002125 0.0002074 0.0002227 0.0002023 0.000153 0.0001819 0.000136 0.0001224 0.0001156 9.86e-05 9.01e-05 8.67e-05 
6.63e-05 0.000102 0.0001088 0.0001258 0.0001224 9.01e-05 0.0001122 0.0001445 0.0001309 0.0001496 0.000136 0.0001377 0.0001615 0.0001411 0.0001819 0.0001649 0.0001275 0.0001513 0.0001326 0.0001445 0.0001377 0.0001309 0.00017 0.0001428 0.0001615 0.0001496 0.000136 0.0001343 0.0001258 0.0001224 0.0001037 0.0001071 0.0001054 0.0001003 0.000119 0.0001105 9.52e-05 8.84e-05 8.33e-05 7.99e-05 0.0001088 8.16e-05 4.76e-05 6.63e-05 3.74e-05 3.91e-05 4.42e-05 5.1e-05 4.25e-05 2.38e-05 1.87e-05 
2.04e-05 3.23e-05 2.55e-05 2.89e-05 1.53e-05 3.4e-05 2.04e-05 4.25e-05 3.4e-05 3.4e-05 4.42e-05 4.08e-05 2.89e-05 3.74e-05 3.74e-05 3.57e-05 4.25e-05 4.08e-05 3.91e-05 4.93e-05 5.95e-05 3.57e-05 4.59e-05 4.25e-05 4.42e-05 2.72e-05 4.59e-05 3.23e-05 3.23e-05 2.55e-05 3.06e-05 3.74e-05 3.4e-05 3.91e-05 3.57e-05 2.89e-05 2.21e-05 2.21e-05 2.04e-05 2.72e-05 3.06e-05 2.72e-05 1.7e-05 1.36e-05 2.21e-05 2.04e-05 2.21e-05 6.8e-06 6.8e-06 1.02e-05 8.5e-06 
5.1e-06 3.4e-06 3.4e-06 1.7e-06 1.19e-05 6.8e-06 5.1e-06 1.02e-05 1.19e-05 6.8e-06 1.19e-05 8.5e-06 6.8e-06 1.53e-05 1.19e-05 8.5e-06 8.5e-06 1.53e-05 5.1e-06 5.1e-06 5.1e-06 6.8e-06 1.19e-05 5.1e-06 3.4e-06 6.8e-06 5.1e-06 1.7e-05 5.1e-06 3.4e-06 6.8e-06 1.02e-05 6.8e-06 6.8e-06 1.36e-05 8.5e-06 1.02e-05 1.02e-05 8.5e-06 6.8e-06 5.1e-06 5.1e-06 8.5e-06 5.1e-06 3.4e-06 6.8e-06 3.4e-06 8.5e-06 6.8e-06 3.4e-06 3.4e-06 
