Finite rod, albedo problem, anisotropic scattering, exponential random flight, mu_t: 3 g: 0.7
Analogmu_t c: 0.3 rod_length: 0.3 dx: 0.00588235 numsamples: 10000000 numCollisionOrders: 10 numMoments: 10
total albedo R: 0.0223529
total albedo T: 0.511635
per-collision order albedos R: 
0 0.018819 0.0030959 0.0003939 3.94e-05 4.2e-06 5e-07 0 0 0 
per-collision order albedos T: 
0.406499 0.0932655 0.0108989 0.0009022 6.55e-05 3.7e-06 6e-07 0 0 0 
Left-moving collision density:
0.066929 0.066504 0.063478 0.061455 0.062101 0.060197 0.059466 0.056729 0.054825 0.054196 0.05185 0.051221 0.049606 0.046308 0.044727 0.04454 0.042925 0.042925 0.040851 0.040035 0.039015 0.037502 0.035717 0.03332 0.03264 0.031127 0.032164 0.030005 0.027251 0.027455 0.025143 0.023715 0.023001 0.022219 0.020009 0.018751 0.017731 0.01734 0.015963 0.014008 0.01224 0.011917 0.009724 0.00901 0.00799 0.007191 0.005848 0.005049 0.003077 0.001904 0.000782 
Right-moving collision density:
2.97728 2.93648 2.90889 2.86702 2.82288 2.79482 2.74956 2.72299 2.682 2.64204 2.62963 2.5702 2.55088 2.5187 2.48423 2.44657 2.41483 2.38318 2.35438 2.32478 2.29726 2.25823 2.23217 2.19008 2.1846 2.14237 2.11852 2.09624 2.0639 2.04071 2.01253 1.97875 1.96037 1.93288 1.90703 1.87884 1.85305 1.82755 1.81762 1.78981 1.75362 1.7364 1.71938 1.68507 1.66743 1.65267 1.63829 1.61558 1.58144 1.56108 1.55098 
Collision Density Moments:
0.665797 0.0884581 0.0166244 0.00360287 0.00084339 0.000207139 5.25635e-05 1.36571e-05 3.61226e-06 9.68832e-07 
Per-collision Density Moments:
0 0 0 0 0 0 0 0 0 0 
0.593501 0.0758444 0.0139681 0.00299076 0.000694558 0.000169638 4.28713e-05 1.11041e-05 2.92979e-06 7.8424e-07 
0.0659948 0.0114633 0.0024038 0.000552213 0.000133961 3.36959e-05 8.69714e-06 2.28848e-06 6.1123e-07 1.6521e-07 
0.0058138 0.00106548 0.000233837 5.54486e-05 1.37581e-05 3.51866e-06 9.19746e-07 2.44412e-07 6.57957e-08 1.78979e-08 
0.0004507 7.94321e-05 1.74907e-05 4.18678e-06 1.04866e-06 2.70415e-07 7.11777e-08 1.90251e-08 5.14646e-09 1.40559e-09 
3.25e-05 4.93571e-06 1.01816e-06 2.3488e-07 5.73905e-08 1.45313e-08 3.77022e-09 9.95784e-10 2.66605e-10 7.21506e-11 
3.7e-06 5.66711e-07 1.13264e-07 2.54884e-08 6.10019e-09 1.51254e-09 3.83396e-10 9.86235e-11 2.5634e-11 6.71385e-12 
3e-07 2.99739e-08 4.90003e-09 9.29029e-10 1.85635e-10 3.78525e-11 7.77917e-12 1.60352e-12 3.30911e-13 6.83183e-14 
0 0 0 0 0 0 0 0 0 0 
0 0 0 0 0 0 0 0 0 0 
Per-collision Densities:
0 0 0 0 0 0 0 0 0 0 0 0 0 0 0 0 0 0 0 0 0 0 0 0 0 0 0 0 0 0 0 0 0 0 0 0 0 0 0 0 0 0 0 0 0 0 0 0 0 0 0 
2.97056 2.91691 2.8766 2.82253 2.76655 2.72748 2.66789 2.63311 2.58184 2.52856 2.5075 2.43875 2.41172 2.36805 2.32829 2.28381 2.23961 2.19912 2.16522 2.13279 2.09739 2.04586 2.01734 1.9729 1.95527 1.91148 1.8803 1.85002 1.81601 1.78553 1.75515 1.717 1.69444 1.66325 1.63516 1.59766 1.57107 1.54103 1.52759 1.49845 1.45724 1.43835 1.41625 1.38479 1.36569 1.34524 1.33105 1.30084 1.26971 1.24746 1.23874 
0.062492 0.074511 0.084711 0.095285 0.108069 0.116365 0.129404 0.135813 0.143344 0.156094 0.161109 0.169388 0.175491 0.183447 0.187629 0.192899 0.203626 0.211497 0.214285 0.214982 0.222071 0.23137 0.232781 0.231455 0.241859 0.242131 0.24922 0.254541 0.254048 0.260389 0.260644 0.260746 0.263857 0.266067 0.267869 0.273683 0.271592 0.277168 0.27761 0.276216 0.278324 0.280007 0.28152 0.277576 0.2788 0.281554 0.279395 0.285481 0.2805 0.281129 0.279072 
0.009843 0.010149 0.009673 0.009486 0.009265 0.009945 0.010387 0.009792 0.010455 0.010353 0.011645 0.012019 0.012036 0.012461 0.011747 0.013345 0.013753 0.014484 0.014297 0.015725 0.015572 0.017204 0.016456 0.017629 0.018802 0.018513 0.019771 0.020349 0.019754 0.020757 0.020298 0.022712 0.023511 0.024089 0.022508 0.024242 0.026112 0.024565 0.026537 0.027234 0.028288 0.027812 0.029155 0.029257 0.028849 0.030396 0.030974 0.031705 0.031331 0.031603 0.031501 
0.001224 0.001258 0.00119 0.000986 0.001003 0.001156 0.00119 0.000816 0.001037 0.001054 0.001156 0.001173 0.001088 0.000969 0.00119 0.000986 0.000697 0.000935 0.001292 0.001224 0.001122 0.001139 0.001207 0.001292 0.00119 0.001292 0.001309 0.00119 0.001224 0.00136 0.001496 0.001887 0.001445 0.001547 0.00136 0.001938 0.001938 0.002006 0.001785 0.001751 0.001904 0.001972 0.002074 0.002295 0.001887 0.002516 0.002584 0.002431 0.002822 0.002703 0.002329 
8.5e-05 0.000119 0.00017 0.000187 0.000102 6.8e-05 0.000136 0.000153 0.000136 0.000153 6.8e-05 6.8e-05 0.000136 5.1e-05 8.5e-05 5.1e-05 6.8e-05 5.1e-05 0.000136 6.8e-05 0.000119 0.000136 0.000102 0.000102 8.5e-05 6.8e-05 8.5e-05 0.000102 0.000119 0.000136 8.5e-05 0.000119 0.000102 0.000136 0.000119 5.1e-05 5.1e-05 0.000119 6.8e-05 0.000153 8.5e-05 0.000153 8.5e-05 0.00017 0.00017 8.5e-05 0.000136 0.000136 0.000153 8.5e-05 0.000119 
0 3.4e-05 0 0 0 0 1.7e-05 3.4e-05 1.7e-05 1.7e-05 0 1.7e-05 1.7e-05 1.7e-05 1.7e-05 1.7e-05 0 1.7e-05 0 3.4e-05 0 1.7e-05 0 1.7e-05 3.4e-05 1.7e-05 0 3.4e-05 0 0 0 0 1.7e-05 1.7e-05 1.7e-05 0 1.7e-05 0 0 1.7e-05 1.7e-05 1.7e-05 1.7e-05 0 1.7e-05 6.8e-05 0 3.4e-05 0 0 0 
0 0 1.7e-05 0 0 0 0 0 0 0 0 0 0 1.7e-05 0 0 0 0 0 0 0 0 0 0 0 0 0 0 0 0 0 0 0 0 0 1.7e-05 0 0 0 0 0 0 0 0 0 0 0 0 0 0 0 
0 0 0 0 0 0 0 0 0 0 0 0 0 0 0 0 0 0 0 0 0 0 0 0 0 0 0 0 0 0 0 0 0 0 0 0 0 0 0 0 0 0 0 0 0 0 0 0 0 0 0 
0 0 0 0 0 0 0 0 0 0 0 0 0 0 0 0 0 0 0 0 0 0 0 0 0 0 0 0 0 0 0 0 0 0 0 0 0 0 0 0 0 0 0 0 0 0 0 0 0 0 0 
