Finite rod, albedo problem, anisotropic scattering, exponential random flight, mu_t: 1 g: 0.7
Analogmu_t c: 0.7 rod_length: 0.3 dx: 0.00588235 numsamples: 10000000 numCollisionOrders: 10 numMoments: 10
total albedo R: 0.0280091
total albedo T: 0.885829
per-collision order albedos R: 
0 0.0236721 0.0038565 0.0004323 4.54e-05 2.4e-06 3e-07 1e-07 0 0 
per-collision order albedos T: 
0.740759 0.132082 0.0121301 0.0008105 4.54e-05 2.6e-06 2e-07 0 0 0 
Left-moving collision density:
0.028815 0.026741 0.026112 0.026928 0.026112 0.024599 0.025092 0.024871 0.024055 0.022236 0.02244 0.020995 0.021335 0.020111 0.020332 0.019618 0.019176 0.019006 0.017527 0.017663 0.017187 0.01564 0.016048 0.015657 0.013906 0.013974 0.012801 0.01343 0.012342 0.0119 0.012019 0.011118 0.010744 0.009384 0.008755 0.008381 0.007837 0.007276 0.006987 0.006579 0.005695 0.005389 0.004607 0.003553 0.003315 0.003162 0.002465 0.001989 0.001292 0.000901 0.000204 
Right-moving collision density:
1.00193 0.99739 0.991899 0.996761 0.983858 0.989196 0.986442 0.99178 0.975749 0.976208 0.982022 0.973556 0.969 0.967742 0.964818 0.966858 0.963985 0.964886 0.956726 0.956896 0.950657 0.949501 0.953428 0.9503 0.942038 0.94197 0.941154 0.932654 0.92684 0.928285 0.9299 0.929526 0.931022 0.922913 0.919122 0.915348 0.919088 0.915212 0.907477 0.911659 0.90593 0.903567 0.911863 0.904366 0.902003 0.892755 0.904247 0.895985 0.89641 0.89284 0.884255 
Collision Density Moments:
0.28699 0.0419801 0.0082916 0.00185181 0.000442266 0.000110184 2.82597e-05 7.40323e-06 1.97099e-06 5.31453e-07 
Per-collision Density Moments:
0 0 0 0 0 0 0 0 0 0 
0.259241 0.0369369 0.00719957 0.00159525 0.000378999 9.40713e-05 2.40604e-05 6.28961e-06 1.67165e-06 4.50114e-07 
0.0256218 0.0046566 0.00100641 0.000236043 5.81275e-05 1.47877e-05 3.85066e-06 1.02041e-06 2.74118e-07 7.44475e-08 
0.0019748 0.000361503 8.02116e-05 1.92261e-05 4.81419e-06 1.24066e-06 3.26382e-07 8.72083e-08 2.35876e-08 6.44289e-09 
0.0001427 2.36205e-05 5.112e-06 1.22307e-06 3.08098e-07 8.00672e-08 2.12464e-08 5.72332e-09 1.55946e-09 4.28771e-10 
8.4e-06 1.32001e-06 2.75359e-07 6.38978e-08 1.56579e-08 3.96894e-09 1.03003e-09 2.72068e-10 7.28591e-11 1.97292e-11 
9e-07 1.34039e-07 2.34285e-08 4.37719e-09 8.45937e-10 1.67076e-10 3.35568e-11 6.83842e-12 1.41222e-12 2.95276e-13 
1e-07 5.451e-09 2.97134e-10 1.61968e-11 8.82888e-13 4.81263e-14 2.62336e-15 1.43e-16 7.79491e-18 4.24901e-19 
0 0 0 0 0 0 0 0 0 0 
0 0 0 0 0 0 0 0 0 0 
Per-collision Densities:
0 0 0 0 0 0 0 0 0 0 0 0 0 0 0 0 0 0 0 0 0 0 0 0 0 0 0 0 0 0 0 0 0 0 0 0 0 0 0 0 0 0 0 0 0 0 0 0 0 0 0 
1.0003 0.992222 0.982583 0.984963 0.967997 0.97002 0.96373 0.965583 0.948141 0.945251 0.946832 0.934167 0.927197 0.923015 0.917694 0.914974 0.908497 0.907103 0.893588 0.892381 0.882691 0.879971 0.883507 0.873205 0.863736 0.863498 0.858585 0.844322 0.836978 0.836519 0.835907 0.834139 0.830518 0.819451 0.811478 0.808928 0.807806 0.801397 0.791758 0.791452 0.785791 0.78064 0.784652 0.775166 0.772395 0.760393 0.768451 0.757299 0.753321 0.749309 0.74154 
0.026231 0.027829 0.030668 0.034357 0.037332 0.039406 0.043537 0.046937 0.047617 0.048773 0.052887 0.056049 0.058599 0.060265 0.062934 0.066742 0.069581 0.071536 0.075769 0.077214 0.079509 0.080002 0.080342 0.086768 0.086122 0.086428 0.088638 0.094588 0.095064 0.097019 0.098787 0.099178 0.103445 0.105009 0.108069 0.106556 0.110058 0.113067 0.113084 0.116943 0.116059 0.117759 0.121142 0.122604 0.122536 0.124219 0.126446 0.127959 0.131716 0.132481 0.129846 
0.003791 0.003672 0.004131 0.003927 0.004114 0.003978 0.003774 0.003672 0.00374 0.003859 0.004386 0.003961 0.003927 0.004267 0.004165 0.004301 0.004522 0.004726 0.004488 0.004641 0.005168 0.004658 0.005253 0.005508 0.005593 0.005678 0.006256 0.006647 0.006817 0.006375 0.006919 0.006919 0.007208 0.007378 0.00799 0.007735 0.008619 0.007463 0.009146 0.009095 0.009146 0.01003 0.010149 0.009622 0.009707 0.010642 0.010948 0.0119 0.011798 0.011067 0.01224 
0.000408 0.000408 0.000544 0.000442 0.00051 0.000323 0.000476 0.000425 0.000255 0.000527 0.000306 0.00034 0.000578 0.000306 0.000357 0.000425 0.00051 0.000476 0.000408 0.000323 0.000442 0.000476 0.000357 0.000425 0.000476 0.000323 0.000459 0.000493 0.000306 0.000238 0.000289 0.00034 0.000561 0.000425 0.000323 0.000442 0.000425 0.000527 0.000425 0.000663 0.000629 0.000527 0.000459 0.000493 0.000646 0.000646 0.00085 0.000799 0.000782 0.00085 0.000816 
1.7e-05 0 8.5e-05 0 1.7e-05 5.1e-05 1.7e-05 3.4e-05 5.1e-05 1.7e-05 5.1e-05 3.4e-05 1.7e-05 0 0 3.4e-05 3.4e-05 5.1e-05 0 0 3.4e-05 3.4e-05 1.7e-05 5.1e-05 1.7e-05 1.7e-05 1.7e-05 1.7e-05 1.7e-05 3.4e-05 0 5.1e-05 0 3.4e-05 1.7e-05 6.8e-05 1.7e-05 3.4e-05 3.4e-05 8.5e-05 0 0 6.8e-05 3.4e-05 3.4e-05 1.7e-05 1.7e-05 1.7e-05 8.5e-05 3.4e-05 1.7e-05 
0 0 0 0 0 1.7e-05 0 0 0 0 0 0 1.7e-05 0 0 0 1.7e-05 0 0 0 0 0 0 0 0 0 0 1.7e-05 0 0 1.7e-05 1.7e-05 3.4e-05 0 0 0 0 0 1.7e-05 0 0 0 0 0 0 0 0 0 0 0 0 
0 0 0 0 0 0 0 0 0 1.7e-05 0 0 0 0 0 0 0 0 0 0 0 0 0 0 0 0 0 0 0 0 0 0 0 0 0 0 0 0 0 0 0 0 0 0 0 0 0 0 0 0 0 
0 0 0 0 0 0 0 0 0 0 0 0 0 0 0 0 0 0 0 0 0 0 0 0 0 0 0 0 0 0 0 0 0 0 0 0 0 0 0 0 0 0 0 0 0 0 0 0 0 0 0 
0 0 0 0 0 0 0 0 0 0 0 0 0 0 0 0 0 0 0 0 0 0 0 0 0 0 0 0 0 0 0 0 0 0 0 0 0 0 0 0 0 0 0 0 0 0 0 0 0 0 0 
