Finite rod, albedo problem, anisotropic scattering, exponential random flight, mu_t: 1 g: 0.3
Analogmu_t c: 0.9 rod_length: 1 dx: 0.0196078 numsamples: 10000000 numCollisionOrders: 10 numMoments: 10
total albedo R: 0.218847
total albedo T: 0.686334
per-collision order albedos R: 
0 0.136259 0.054585 0.019223 0.0061264 0.0018486 0.0005624 0.0001668 5.45e-05 1.41e-05 
per-collision order albedos T: 
0.367901 0.21509 0.0732212 0.0213145 0.0061654 0.0018411 0.0005544 0.0001664 5.43e-05 1.7e-05 
Left-moving collision density:
0.217622 0.212823 0.206927 0.202858 0.197758 0.195029 0.190169 0.185859 0.180769 0.178367 0.172569 0.169748 0.162823 0.159615 0.1553 0.150185 0.148267 0.14205 0.138582 0.134237 0.129555 0.124159 0.12136 0.116673 0.11221 0.109507 0.10379 0.0994398 0.095778 0.0914838 0.0873987 0.0837369 0.0787695 0.0746742 0.0690642 0.0664326 0.0618018 0.057732 0.0522393 0.0487152 0.0441456 0.0404787 0.0353838 0.0318903 0.0280908 0.0239802 0.0193239 0.0145656 0.0107661 0.0061404 0.0021063 
Right-moving collision density:
0.998009 0.989905 0.984091 0.975916 0.968643 0.964624 0.956163 0.952048 0.940425 0.93789 0.930281 0.926262 0.919943 0.915302 0.908284 0.896595 0.891541 0.886885 0.880107 0.873691 0.866561 0.857754 0.853684 0.845891 0.837002 0.834238 0.827699 0.823048 0.814603 0.813414 0.807911 0.798665 0.791668 0.784819 0.782218 0.778061 0.770896 0.764816 0.758319 0.750649 0.746946 0.740489 0.733691 0.728673 0.725138 0.713092 0.711001 0.704437 0.700857 0.699001 0.687954 
Collision Density Moments:
0.946917 0.429094 0.271482 0.197112 0.154245 0.126496 0.107117 0.0928396 0.0818944 0.0732423 
Per-collision Density Moments:
0 0 0 0 0 0 0 0 0 0 
0.632099 0.264169 0.160558 0.113908 0.0878309 0.0713068 0.0599447 0.0516713 0.0453865 0.0404544 
0.217475 0.114241 0.0766208 0.0573056 0.0456313 0.0378461 0.032299 0.0281533 0.0249413 0.0223814 
0.0679179 0.0357852 0.0243234 0.018396 0.0147734 0.0123323 0.0105773 0.00925577 0.00822533 0.00739971 
0.0205444 0.0104536 0.00702076 0.00528615 0.00423887 0.00353785 0.0030357 0.00265833 0.00236437 0.00212892 
0.0061825 0.00309923 0.00206496 0.0015471 0.00123615 0.00102873 0.000880512 0.000769343 0.000682897 0.000613772 
0.0018691 0.000929871 0.000617233 0.000461058 0.000367444 0.000305118 0.000260674 0.000227401 0.000201568 0.000180938 
0.0005687 0.000283337 0.000188536 0.000141259 0.000112922 9.40173e-05 8.04897e-05 7.03223e-05 6.23989e-05 5.6051e-05 
0.0001821 9.23438e-05 6.1567e-05 4.61011e-05 3.6842e-05 3.06927e-05 2.63173e-05 2.30482e-05 2.05149e-05 1.84953e-05 
5.46e-05 2.83823e-05 1.93356e-05 1.47493e-05 1.19714e-05 1.01012e-05 8.75095e-06 7.72658e-06 6.92012e-06 6.26682e-06 
Per-collision Densities:
0 0 0 0 0 0 0 0 0 0 0 0 0 0 0 0 0 0 0 0 0 0 0 0 0 0 0 0 0 0 0 0 0 0 0 0 0 0 0 0 0 0 0 0 0 0 0 0 0 0 0 
0.991593 0.970826 0.953991 0.933392 0.914522 0.898906 0.880347 0.864129 0.843025 0.83105 0.814414 0.799415 0.784849 0.771283 0.754968 0.735991 0.723073 0.711787 0.698042 0.681625 0.668222 0.654044 0.644324 0.628014 0.613882 0.605329 0.593676 0.583817 0.56914 0.56228 0.550025 0.538065 0.528105 0.517456 0.508888 0.50055 0.490258 0.480818 0.469761 0.457817 0.450269 0.443532 0.433617 0.42583 0.419225 0.406409 0.40341 0.393526 0.387172 0.381143 0.371198 
0.14076 0.147961 0.153189 0.160767 0.167642 0.175267 0.179245 0.186002 0.191367 0.195983 0.198579 0.206392 0.206932 0.212548 0.21548 0.218025 0.222294 0.222742 0.225553 0.230051 0.231101 0.231688 0.232004 0.235992 0.236701 0.238981 0.238588 0.237803 0.239496 0.240618 0.24224 0.241964 0.240307 0.238394 0.238022 0.239695 0.238501 0.237211 0.235492 0.237119 0.235554 0.23131 0.230637 0.229704 0.228567 0.22595 0.22287 0.221728 0.219953 0.219545 0.216724 
0.05508 0.0558552 0.055845 0.057018 0.0560337 0.0571608 0.0580176 0.0587418 0.0586194 0.0603585 0.0610827 0.061353 0.0619548 0.0623781 0.0636327 0.0640713 0.0642447 0.0649536 0.0662541 0.0671874 0.0673557 0.0669987 0.0687786 0.0691458 0.0694722 0.0700638 0.0695691 0.0716652 0.0719355 0.0726087 0.072624 0.0727464 0.0728484 0.0731646 0.0738429 0.0742101 0.0739551 0.0744549 0.0754188 0.0744039 0.074817 0.0760053 0.0749292 0.0749802 0.0750057 0.0743478 0.0735828 0.0741948 0.0740571 0.0744906 0.0722976 
0.0194208 0.0194106 0.0193341 0.0191148 0.0192066 0.0198237 0.0195126 0.0203796 0.0194361 0.0199512 0.0197523 0.019992 0.0199461 0.0199359 0.0203694 0.0198084 0.0207264 0.0205224 0.0200532 0.0205122 0.020604 0.0196809 0.0212517 0.0206346 0.0205275 0.0205275 0.020502 0.020553 0.0209457 0.0203541 0.0212976 0.0208794 0.0207468 0.0216087 0.0214506 0.0207825 0.02091 0.0212466 0.0209355 0.0211344 0.0209457 0.0211905 0.0210936 0.0212721 0.0214455 0.0214251 0.0216444 0.0207213 0.0216189 0.0213486 0.0212772 
0.0060843 0.0058344 0.0060486 0.0060129 0.0062424 0.0057324 0.0064668 0.0059721 0.0060588 0.0062832 0.0062526 0.0061608 0.0063189 0.0061659 0.0063699 0.0062475 0.0063648 0.0064566 0.0061914 0.006018 0.0059415 0.0065943 0.0058905 0.0060741 0.0060741 0.0061506 0.0064107 0.0062118 0.0061455 0.0063393 0.0061506 0.006069 0.0058497 0.0060945 0.0065025 0.0064617 0.0061965 0.0061353 0.0061506 0.0062934 0.0067524 0.0063699 0.0061353 0.0061251 0.006273 0.0061761 0.0060231 0.0061863 0.0061914 0.0059823 0.0060741 
0.001887 0.001989 0.0017748 0.0016881 0.0019635 0.0019992 0.0019329 0.0018819 0.001836 0.0017799 0.0019431 0.0019686 0.0019737 0.0017748 0.0019635 0.0018105 0.0021726 0.0016575 0.0016881 0.0016269 0.0020349 0.0019329 0.001887 0.0019431 0.0017238 0.0019788 0.0019482 0.0016575 0.001887 0.0018921 0.0019941 0.0019074 0.0018615 0.0019533 0.0018054 0.0019635 0.0019737 0.0019074 0.0019329 0.0017748 0.0019023 0.001734 0.0018309 0.0018207 0.0018054 0.0019176 0.0018666 0.0018819 0.0018105 0.0018462 0.0016371 
0.0005763 0.0006069 0.0005916 0.00051 0.0005559 0.0005559 0.0005661 0.0005559 0.0006477 0.0006018 0.0005967 0.0004998 0.0005202 0.0005508 0.0005457 0.0005967 0.0006069 0.0005151 0.0006375 0.0006426 0.0005814 0.0006783 0.0006171 0.0005253 0.0005967 0.0004947 0.0005712 0.0005355 0.0005559 0.0004794 0.000663 0.0004947 0.0005457 0.0005049 0.0004845 0.0005763 0.0006324 0.00051 0.0006222 0.0005712 0.0005457 0.0005865 0.000612 0.0005355 0.0006273 0.000612 0.0006324 0.0005508 0.00051 0.0004998 0.0005712 
0.0001428 0.0001785 0.0001785 0.0001785 0.0001887 0.0001377 0.0001683 0.0001683 0.0001377 0.0001938 0.0001479 0.0001581 0.0001836 0.0002295 0.0001734 0.0001632 0.0002193 0.0001989 0.0001989 0.0001887 0.0002091 0.0002142 0.0002244 0.0001683 0.0001887 0.0001479 0.000153 0.000153 0.0001785 0.0002346 0.0002142 0.0001887 0.000102 0.0002295 0.0001938 0.0001785 0.0001938 0.0001938 0.000204 0.0001785 0.0002397 0.0001581 0.0001683 0.0001683 0.0001683 0.0001734 0.0001887 0.0001428 0.0001683 0.0002244 0.000204 
5.1e-05 5.1e-05 5.61e-05 5.1e-05 2.04e-05 3.57e-05 5.1e-05 7.14e-05 4.08e-05 4.08e-05 6.63e-05 4.08e-05 8.16e-05 3.57e-05 7.14e-05 4.59e-05 6.12e-05 7.65e-05 5.61e-05 5.61e-05 4.08e-05 5.1e-05 4.59e-05 3.57e-05 3.06e-05 6.12e-05 5.61e-05 5.61e-05 8.16e-05 6.63e-05 5.61e-05 5.61e-05 4.08e-05 6.12e-05 6.63e-05 4.59e-05 5.1e-05 6.63e-05 3.57e-05 4.59e-05 4.08e-05 3.57e-05 5.1e-05 8.67e-05 8.16e-05 3.06e-05 9.69e-05 4.08e-05 0.000102 4.59e-05 6.12e-05 
