Finite rod, albedo problem, anisotropic scattering, exponential random flight, mu_t: 1 g: 0.3
Analogmu_t c: 0.7 rod_length: 3 dx: 0.0588235 numsamples: 10000000 numCollisionOrders: 10 numMoments: 10
total albedo R: 0.225369
total albedo T: 0.219525
per-collision order albedos R: 
0 0.122294 0.0547321 0.0255093 0.0121476 0.00572 0.0026855 0.001242 0.0005578 0.0002556 
per-collision order albedos T: 
0.0497852 0.067898 0.0500413 0.0275498 0.0131591 0.0060388 0.0027421 0.0012394 0.0005801 0.0002648 
Left-moving collision density:
0.221138 0.214941 0.207264 0.201603 0.195471 0.188385 0.18141 0.176446 0.170828 0.164801 0.158703 0.153343 0.148284 0.142565 0.137647 0.13225 0.127884 0.123099 0.118111 0.113414 0.109562 0.105696 0.100227 0.0967538 0.0928523 0.0879937 0.0838763 0.0802842 0.0762263 0.0719151 0.0686358 0.0651508 0.0617117 0.0577354 0.0541161 0.0507484 0.0468639 0.0437954 0.0403291 0.0371331 0.0339371 0.0307275 0.0270929 0.0240363 0.0209049 0.0173162 0.0141253 0.0109633 0.0079203 0.0047379 0.0016099 
Right-moving collision density:
0.986309 0.95897 0.931156 0.903064 0.879067 0.854262 0.828628 0.805076 0.783311 0.759827 0.73813 0.720067 0.696124 0.677304 0.656878 0.63708 0.61923 0.601361 0.586077 0.567849 0.551269 0.534631 0.521767 0.506092 0.491847 0.476144 0.463209 0.449103 0.436745 0.42408 0.411731 0.399695 0.387138 0.376433 0.366246 0.353981 0.344066 0.33353 0.323719 0.314226 0.304861 0.295538 0.286231 0.278421 0.268954 0.260875 0.252528 0.245624 0.237186 0.229667 0.224283 
Collision Density Moments:
1.84954 2.04536 3.4559 6.99348 15.6102 37.0251 91.4858 232.764 605.306 1600.95 
Per-collision Density Moments:
0 0 0 0 0 0 0 0 0 0 
0.950215 0.800754 1.15366 2.11708 4.43534 10.0751 24.1403 60.0397 153.457 400.43 
0.474667 0.610036 1.07359 2.19969 4.92671 11.6884 28.856 73.327 190.441 503.065 
0.227501 0.334606 0.639246 1.37879 3.19455 7.75894 19.4822 50.1376 131.488 350.01 
0.106244 0.161887 0.317824 0.699034 1.64267 4.03178 10.2049 26.4272 69.6548 186.176 
0.049038 0.0748141 0.147414 0.325342 0.766723 1.88627 4.78343 12.4067 32.742 87.605 
0.0225923 0.0342167 0.0672243 0.148193 0.349098 0.858742 2.17773 5.64856 14.9076 39.8883 
0.010364 0.015641 0.0307142 0.0677379 0.159707 0.393298 0.998647 2.5938 6.85519 18.3688 
0.0048085 0.00722601 0.0141281 0.0310377 0.0729385 0.179118 0.453699 1.17582 3.10141 8.29514 
0.0022105 0.0033214 0.00648815 0.0142546 0.0335199 0.0823941 0.208923 0.542048 1.43126 3.83199 
Per-collision Densities:
0 0 0 0 0 0 0 0 0 0 0 0 0 0 0 0 0 0 0 0 0 0 0 0 0 0 0 0 0 0 0 0 0 0 0 0 0 0 0 0 0 0 0 0 0 0 0 0 0 0 0 
0.971698 0.917026 0.863959 0.813526 0.768884 0.723817 0.681863 0.643224 0.607119 0.570743 0.539167 0.510343 0.478288 0.452831 0.426479 0.401232 0.377867 0.355718 0.33746 0.317866 0.2982 0.281119 0.266585 0.250578 0.236769 0.222576 0.210276 0.198305 0.187884 0.17673 0.166156 0.157209 0.147771 0.139278 0.132063 0.12375 0.116712 0.110202 0.104033 0.097631 0.0926874 0.0875891 0.0820726 0.0772701 0.0728552 0.0685627 0.0648193 0.060826 0.0578799 0.0543099 0.0518381 
0.131427 0.148456 0.1625 0.175185 0.185424 0.195024 0.2013 0.206965 0.212099 0.215985 0.216537 0.21923 0.218836 0.217671 0.21591 0.214049 0.212505 0.210771 0.206356 0.20232 0.199934 0.196367 0.191961 0.187753 0.183586 0.178388 0.173164 0.168669 0.163513 0.158919 0.15436 0.148879 0.144267 0.139505 0.135303 0.130021 0.125742 0.121261 0.116933 0.11281 0.107663 0.103307 0.0998767 0.0963934 0.0914192 0.0875857 0.0836519 0.0806344 0.0761651 0.0728144 0.069938 
0.0551769 0.0578323 0.0599692 0.0622098 0.0652188 0.0672894 0.0690489 0.0720154 0.0742271 0.0761413 0.0782952 0.0801839 0.0818975 0.082994 0.0850153 0.0857871 0.0874684 0.0880447 0.0891786 0.0892126 0.0901918 0.0895509 0.0904196 0.0907222 0.090151 0.0894149 0.0896206 0.0879512 0.0873528 0.0865045 0.0855015 0.0844934 0.0830603 0.0820488 0.0805698 0.0790619 0.0777988 0.0758557 0.074358 0.0726019 0.0712283 0.0688296 0.0667947 0.0658716 0.0632944 0.0612357 0.0592195 0.0571455 0.055352 0.0528275 0.0512822 
0.0259046 0.0267971 0.0276352 0.028305 0.0292349 0.0301138 0.0308006 0.0314143 0.0325482 0.033235 0.033728 0.0343553 0.0349724 0.0355793 0.0359703 0.037094 0.0374136 0.0376924 0.0385798 0.0389504 0.0395012 0.0396661 0.0396423 0.0399976 0.0404617 0.0401115 0.0402118 0.0404158 0.0401387 0.0400214 0.0403529 0.04046 0.0399296 0.0398531 0.039236 0.0391799 0.0382908 0.037757 0.0372929 0.0370141 0.036465 0.0359363 0.0347089 0.0338079 0.0333795 0.0325295 0.0313038 0.0310998 0.0298418 0.0291244 0.0280959 
0.0123471 0.0127245 0.0129863 0.0134368 0.0136578 0.0140403 0.0143038 0.0147441 0.0150841 0.0152813 0.0155567 0.0154751 0.0162129 0.0166838 0.016592 0.0166311 0.0170765 0.0173791 0.0175661 0.0177752 0.0176851 0.018156 0.0180234 0.018105 0.0182359 0.0180608 0.0183753 0.0183515 0.01836 0.0182138 0.018666 0.0184892 0.01853 0.0182546 0.0181186 0.0178024 0.0176018 0.017527 0.0168742 0.0170459 0.0168521 0.0165036 0.0164917 0.0157896 0.0158491 0.0153918 0.0150399 0.0144857 0.0140641 0.013821 0.0133263 
0.0057511 0.0060282 0.0060333 0.0063818 0.0065161 0.0066946 0.0066062 0.0070652 0.0070244 0.0071842 0.0072352 0.007565 0.0076194 0.0075939 0.007905 0.0078421 0.0078846 0.008024 0.0081311 0.0082212 0.0083266 0.0082892 0.0082552 0.0083776 0.0082739 0.0083946 0.0082178 0.0084269 0.0085085 0.0084065 0.0082535 0.0084065 0.0082688 0.008143 0.0083079 0.0081464 0.0080359 0.0079679 0.0078234 0.0077877 0.0075276 0.007701 0.007174 0.0072641 0.0070924 0.0070176 0.0069003 0.0067116 0.0064294 0.0063155 0.0060112 
0.0027387 0.0027081 0.0029223 0.0029988 0.0029563 0.0030464 0.0032997 0.0032674 0.0033218 0.0033303 0.003383 0.0033796 0.0035139 0.0034476 0.0035717 0.0036193 0.0036516 0.0036193 0.0036584 0.0036618 0.0037247 0.0037825 0.0038267 0.0040035 0.0039406 0.0038488 0.0038063 0.0039066 0.0038505 0.0038165 0.003706 0.0037893 0.0037553 0.0038199 0.0036142 0.0036312 0.0037094 0.003706 0.0035564 0.0035054 0.0034153 0.0034459 0.0033779 0.0033048 0.0031365 0.0031246 0.0031399 0.0030804 0.0029597 0.0028679 0.0029393 
0.0012954 0.0012631 0.0013464 0.0014484 0.0014382 0.0014127 0.0015062 0.0015096 0.0014297 0.0014382 0.0015113 0.0015096 0.0016796 0.0016303 0.0016864 0.0017102 0.0017527 0.0018139 0.001819 0.0017697 0.0017459 0.0018139 0.001734 0.0018275 0.0017136 0.0018156 0.0017816 0.001802 0.0017918 0.0018207 0.0018411 0.0017153 0.0017493 0.0017544 0.0016779 0.0016864 0.0016847 0.001666 0.0017442 0.001615 0.0015674 0.0015351 0.0015708 0.001428 0.0015249 0.0015215 0.0013566 0.0014008 0.0013277 0.0012257 0.0013345 
0.000595 0.0005746 0.0005593 0.0006069 0.0006426 0.0006409 0.0006953 0.0007038 0.0006664 0.0007021 0.0007888 0.0007837 0.000748 0.000765 0.0007786 0.0007344 0.0008381 0.0007718 0.0007905 0.0008143 0.000816 0.0008738 0.000833 0.0007973 0.0008313 0.0007956 0.0009044 0.0008058 0.0008568 0.0008109 0.0008466 0.0007803 0.0007888 0.0008432 0.0007769 0.0007548 0.0007191 0.0007429 0.0007378 0.0007463 0.0007531 0.0007548 0.0006545 0.0007055 0.000663 0.0006477 0.0006783 0.0006579 0.0006018 0.0005882 0.000612 
