Finite rod, albedo problem, anisotropic scattering, exponential random flight, mu_t: 1 g: 0.3
Analogmu_t c: 0.3 rod_length: 0.3 dx: 0.00588235 numsamples: 10000000 numCollisionOrders: 10 numMoments: 10
total albedo R: 0.0249458
total albedo T: 0.785676
per-collision order albedos R: 
0 0.0236377 0.0012521 5.35e-05 2.4e-06 1e-07 0 0 0 0 
per-collision order albedos T: 
0.740761 0.0432884 0.0015711 5.5e-05 1.1e-06 0 0 0 0 0 
Left-moving collision density:
0.026435 0.024123 0.024956 0.023086 0.022695 0.021794 0.021845 0.021573 0.02091 0.019397 0.019074 0.020162 0.019295 0.018224 0.018632 0.017255 0.016915 0.017085 0.016388 0.015691 0.015096 0.01377 0.014059 0.013447 0.01343 0.012121 0.011611 0.011543 0.011186 0.009911 0.009792 0.009248 0.009112 0.008415 0.008024 0.007871 0.007072 0.006443 0.00595 0.005338 0.005253 0.004658 0.004199 0.0034 0.00289 0.003247 0.002142 0.001547 0.00102 0.000799 0.000238 
Right-moving collision density:
1.00234 0.996455 0.98277 0.99059 0.972502 0.97682 0.967742 0.977262 0.957695 0.956964 0.9588 0.94911 0.938162 0.939505 0.933266 0.930274 0.92786 0.924936 0.913529 0.917048 0.903006 0.901238 0.906797 0.897022 0.889729 0.88638 0.880855 0.871233 0.865793 0.86343 0.865538 0.865113 0.867442 0.852057 0.848215 0.844186 0.8398 0.836383 0.831691 0.828597 0.817428 0.822307 0.821559 0.816799 0.810118 0.802196 0.810679 0.799238 0.799374 0.794954 0.784958 
Collision Density Moments:
0.270448 0.0387604 0.00757699 0.00168175 0.000399997 9.93612e-05 2.54281e-05 6.65013e-06 1.7681e-06 4.76223e-07 
Per-collision Density Moments:
0 0 0 0 0 0 0 0 0 0 
0.259239 0.0369315 0.00719832 0.001595 0.000378951 9.40628e-05 2.40591e-05 6.2895e-06 1.67168e-06 4.50137e-07 
0.0107917 0.00176417 0.000365356 8.36959e-05 2.03011e-05 5.11003e-06 1.32015e-06 3.47702e-07 9.29519e-08 2.51451e-08 
0.0004026 6.2724e-05 1.29103e-05 2.96589e-06 7.2308e-07 1.82981e-07 4.75038e-08 1.25648e-08 3.37112e-09 9.14717e-10 
1.36e-05 1.94079e-06 3.86342e-07 8.71904e-08 2.10074e-08 5.27356e-09 1.36272e-09 3.59936e-10 9.67294e-11 2.63621e-11 
6e-07 8.90024e-08 1.4134e-08 2.38678e-09 4.24038e-10 7.83462e-11 1.49004e-11 2.89366e-12 5.70434e-13 1.13678e-13 
0 0 0 0 0 0 0 0 0 0 
0 0 0 0 0 0 0 0 0 0 
0 0 0 0 0 0 0 0 0 0 
0 0 0 0 0 0 0 0 0 0 
Per-collision Densities:
0 0 0 0 0 0 0 0 0 0 0 0 0 0 0 0 0 0 0 0 0 0 0 0 0 0 0 0 0 0 0 0 0 0 0 0 0 0 0 0 0 0 0 0 0 0 0 0 0 0 0 
1.00184 0.994908 0.979353 0.986646 0.96747 0.970394 0.960228 0.968218 0.948464 0.946492 0.94758 0.936632 0.924443 0.925055 0.918578 0.913716 0.910316 0.90593 0.892942 0.896427 0.881484 0.879563 0.883694 0.872899 0.864824 0.861849 0.853808 0.843098 0.836893 0.834428 0.835652 0.83453 0.835567 0.818907 0.814487 0.808401 0.804644 0.799969 0.795107 0.791112 0.779178 0.783394 0.781898 0.777121 0.769012 0.761345 0.769284 0.756109 0.755497 0.750006 0.741268 
0.025432 0.024327 0.026826 0.025687 0.026435 0.027013 0.027999 0.029376 0.028968 0.028781 0.028917 0.03128 0.03179 0.031535 0.03196 0.032249 0.033133 0.034714 0.035785 0.034969 0.035292 0.034238 0.035683 0.035955 0.037162 0.035377 0.037213 0.038573 0.038913 0.037315 0.038471 0.038675 0.039814 0.040205 0.040137 0.042058 0.040732 0.041667 0.040936 0.041565 0.042007 0.041973 0.042245 0.04165 0.042551 0.042381 0.04182 0.04318 0.043146 0.044166 0.042313 
0.001411 0.001309 0.001513 0.001241 0.001207 0.001207 0.001275 0.001241 0.001139 0.001037 0.001326 0.001275 0.001122 0.001139 0.001292 0.001479 0.001275 0.001343 0.001173 0.001326 0.001275 0.001139 0.001445 0.001581 0.001173 0.001224 0.001394 0.00102 0.001139 0.001547 0.001173 0.001122 0.001139 0.001292 0.001564 0.001547 0.001462 0.001139 0.001564 0.001173 0.001411 0.001564 0.001564 0.001377 0.001445 0.0017 0.001683 0.001479 0.0017 0.001547 0.00153 
8.5e-05 3.4e-05 3.4e-05 0.000102 8.5e-05 0 8.5e-05 0 3.4e-05 5.1e-05 5.1e-05 8.5e-05 0.000102 0 6.8e-05 8.5e-05 3.4e-05 3.4e-05 1.7e-05 1.7e-05 1.7e-05 6.8e-05 3.4e-05 3.4e-05 0 3.4e-05 5.1e-05 8.5e-05 3.4e-05 5.1e-05 3.4e-05 3.4e-05 1.7e-05 6.8e-05 5.1e-05 3.4e-05 3.4e-05 5.1e-05 3.4e-05 8.5e-05 8.5e-05 3.4e-05 5.1e-05 5.1e-05 0 1.7e-05 3.4e-05 1.7e-05 5.1e-05 3.4e-05 8.5e-05 
0 0 0 0 0 0 0 0 0 0 0 0 0 0 0 0 1.7e-05 0 0 0 3.4e-05 0 0 0 0 1.7e-05 0 0 0 0 0 0 1.7e-05 0 0 1.7e-05 0 0 0 0 0 0 0 0 0 0 0 0 0 0 0 
0 0 0 0 0 0 0 0 0 0 0 0 0 0 0 0 0 0 0 0 0 0 0 0 0 0 0 0 0 0 0 0 0 0 0 0 0 0 0 0 0 0 0 0 0 0 0 0 0 0 0 
0 0 0 0 0 0 0 0 0 0 0 0 0 0 0 0 0 0 0 0 0 0 0 0 0 0 0 0 0 0 0 0 0 0 0 0 0 0 0 0 0 0 0 0 0 0 0 0 0 0 0 
0 0 0 0 0 0 0 0 0 0 0 0 0 0 0 0 0 0 0 0 0 0 0 0 0 0 0 0 0 0 0 0 0 0 0 0 0 0 0 0 0 0 0 0 0 0 0 0 0 0 0 
0 0 0 0 0 0 0 0 0 0 0 0 0 0 0 0 0 0 0 0 0 0 0 0 0 0 0 0 0 0 0 0 0 0 0 0 0 0 0 0 0 0 0 0 0 0 0 0 0 0 0 
