Finite rod, albedo problem, anisotropic scattering, exponential random flight, mu_t: 3 g: -0.5
Analogmu_t c: 0.9 rod_length: 3 dx: 0.0588235 numsamples: 10000000 numCollisionOrders: 10 numMoments: 10
total albedo R: 0.583451
total albedo T: 0.0213596
per-collision order albedos R: 
0 0.337378 0.0759375 0.055578 0.0297478 0.0212591 0.0143963 0.0106561 0.0079136 0.0060372 
per-collision order albedos T: 
0.0001248 0.0002486 0.0004956 0.0007103 0.0009602 0.0011129 0.001267 0.0013473 0.0013849 0.0013896 
Left-moving collision density:
1.69399 1.5825 1.47994 1.38015 1.29216 1.20955 1.12834 1.05546 0.988006 0.920922 0.860919 0.804564 0.752813 0.703763 0.655739 0.613907 0.571849 0.535604 0.499373 0.466126 0.434469 0.406778 0.37707 0.35191 0.327199 0.305485 0.285098 0.265001 0.246174 0.228534 0.211259 0.196746 0.181441 0.167669 0.154197 0.142373 0.130157 0.117825 0.108135 0.0970003 0.0868785 0.0775863 0.068595 0.0595867 0.0510476 0.0428519 0.0348092 0.0272799 0.0194701 0.01173 0.0039219 
Right-moving collision density:
2.90025 2.71575 2.53725 2.37158 2.21764 2.07214 1.93485 1.8108 1.69196 1.58309 1.47958 1.38311 1.29388 1.2087 1.12895 1.05574 0.988405 0.921969 0.862893 0.806028 0.753379 0.704516 0.656577 0.613282 0.57298 0.533188 0.500089 0.467004 0.434437 0.405436 0.377587 0.352847 0.329851 0.306384 0.285064 0.265351 0.247561 0.229952 0.211687 0.196392 0.181111 0.166952 0.154168 0.142035 0.129021 0.118437 0.106796 0.0977211 0.0865351 0.0777495 0.0684471 
Collision Density Moments:
3.95006 2.95026 3.83419 6.45534 12.5841 26.8991 61.1908 145.516 357.657 901.661 
Per-collision Density Moments:
0 0 0 0 0 0 0 0 0 0 
0.999875 0.332957 0.220942 0.217659 0.280187 0.436767 0.782883 1.5552 3.33444 7.57114 
0.562181 0.261324 0.22108 0.261646 0.387023 0.669631 1.2971 2.72913 6.10633 14.3129 
0.429506 0.275786 0.277991 0.368959 0.591345 1.08389 2.1897 4.75248 10.8837 25.9665 
0.330307 0.245528 0.278475 0.40465 0.694367 1.33929 2.81063 6.27697 14.69 35.6353 
0.266586 0.228067 0.283923 0.440879 0.793754 1.58543 3.41343 7.76868 18.4391 45.2077 
0.217521 0.204173 0.272757 0.446642 0.836718 1.72168 3.79064 8.77505 21.1014 52.2623 
0.18005 0.183381 0.259448 0.442855 0.854997 1.79836 4.02406 9.42878 22.8832 57.0819 
0.150052 0.162533 0.240427 0.423909 0.83802 1.79364 4.06599 9.62101 23.5259 59.0285 
0.125739 0.143577 0.220439 0.39929 0.805083 1.7485 4.00734 9.56159 23.5314 59.3394 
Per-collision Densities:
0 0 0 0 0 0 0 0 0 0 0 0 0 0 0 0 0 0 0 0 0 0 0 0 0 0 0 0 0 0 0 0 0 0 0 0 0 0 0 0 0 0 0 0 0 0 0 0 0 0 0 
2.74994 2.30833 1.93283 1.61783 1.35733 1.13693 0.952124 0.799784 0.669506 0.561889 0.471247 0.395666 0.331218 0.277471 0.232725 0.19497 0.163749 0.136571 0.114371 0.0956182 0.081277 0.0679439 0.0567715 0.0475252 0.0399976 0.0332605 0.0279582 0.0233172 0.0194191 0.0166821 0.013719 0.0118269 0.0097784 0.0081736 0.0069207 0.0056746 0.004811 0.0039865 0.003519 0.0027098 0.002329 0.0020315 0.0017374 0.001411 0.0011492 0.000935 0.000816 0.0006188 0.0005627 0.0004964 0.0004063 
0.981757 0.914756 0.842675 0.769855 0.701804 0.631152 0.567693 0.506974 0.452338 0.400775 0.355268 0.313089 0.276156 0.241939 0.21174 0.185317 0.162668 0.14078 0.122891 0.10704 0.092837 0.080444 0.0696252 0.0607019 0.0520574 0.0443292 0.038607 0.0338759 0.0289612 0.0251464 0.0214472 0.0184212 0.0158253 0.0135745 0.0117113 0.0099977 0.008704 0.0074579 0.0061846 0.0052581 0.0045237 0.0038862 0.0033133 0.0027047 0.0024412 0.0021199 0.001751 0.0014518 0.0012308 0.001054 0.0007633 
0.280621 0.362957 0.414866 0.441136 0.451095 0.448674 0.435652 0.416571 0.393281 0.368259 0.340484 0.313779 0.286861 0.262063 0.236183 0.213658 0.191672 0.172038 0.15361 0.137136 0.120761 0.107901 0.0944265 0.0844934 0.073593 0.0647853 0.0576181 0.0505393 0.0442901 0.0385679 0.0332843 0.0296871 0.0260032 0.0225267 0.0198373 0.0168181 0.0147645 0.013022 0.0114393 0.0095744 0.0080835 0.0070346 0.0061353 0.0052972 0.0044557 0.0039661 0.003332 0.0028526 0.002261 0.0020298 0.0016252 
0.188642 0.225182 0.252873 0.272189 0.282654 0.290387 0.288847 0.28561 0.277537 0.265729 0.254481 0.241232 0.227567 0.21165 0.197419 0.182789 0.168412 0.155569 0.141727 0.128656 0.116951 0.106918 0.0956199 0.0863821 0.0773347 0.0699669 0.0622846 0.0557804 0.0498916 0.0442493 0.0396814 0.0351526 0.0315163 0.0276505 0.0246415 0.02159 0.0190995 0.016643 0.0147203 0.0129846 0.0111452 0.0099688 0.0087057 0.007361 0.0063597 0.0055539 0.0048399 0.0041633 0.0036482 0.0029308 0.0023307 
0.103321 0.128814 0.151625 0.170116 0.183746 0.195102 0.200814 0.204636 0.205181 0.203427 0.198813 0.193355 0.186067 0.178651 0.168567 0.159904 0.149806 0.141771 0.131177 0.12132 0.113222 0.104266 0.0955043 0.0873137 0.0799136 0.0728399 0.0666298 0.0604707 0.0544867 0.0492881 0.044319 0.0397987 0.0359312 0.0323493 0.0284767 0.0258468 0.0230146 0.0204289 0.0183311 0.0160735 0.0145078 0.0126701 0.0109956 0.0097699 0.0084065 0.0072981 0.0064583 0.0055131 0.0045237 0.0039746 0.0031331 
0.0729215 0.0897379 0.104317 0.117025 0.128287 0.13737 0.142927 0.147118 0.150222 0.150678 0.150219 0.148809 0.145653 0.142091 0.136639 0.131741 0.125304 0.11935 0.112441 0.106879 0.100249 0.0942565 0.0876911 0.0811529 0.0745705 0.0693668 0.0645065 0.058718 0.0539886 0.0490382 0.04505 0.0413508 0.0370736 0.0338946 0.0304759 0.0277304 0.0251447 0.0227749 0.0204459 0.0182053 0.0163914 0.014382 0.0128146 0.0115566 0.0100062 0.0088655 0.0076313 0.0067541 0.0055318 0.0047039 0.0038097 
0.0493102 0.0613547 0.0724098 0.0824126 0.0908616 0.097036 0.10395 0.108166 0.112389 0.114442 0.115994 0.115646 0.114145 0.113609 0.110838 0.108581 0.104785 0.100645 0.0972621 0.0918442 0.0873239 0.0825554 0.0780997 0.0733652 0.0693175 0.0650114 0.0601426 0.0560813 0.0521101 0.047838 0.0443887 0.0413899 0.0377094 0.0348092 0.032079 0.0288524 0.026367 0.0236368 0.0214455 0.0195789 0.0175865 0.0159664 0.0139247 0.0126786 0.0110874 0.0098447 0.0085544 0.0073236 0.006256 0.0054434 0.0043928 
0.0365007 0.0449939 0.0531505 0.060554 0.0665023 0.0730949 0.0774452 0.0815439 0.0850901 0.0873732 0.0889627 0.0899402 0.0905233 0.0901442 0.0891616 0.0872729 0.0860931 0.0828988 0.0811325 0.0787287 0.075446 0.0717111 0.0680272 0.0654228 0.0615298 0.057936 0.0547145 0.0523362 0.0480454 0.0448205 0.042075 0.0389844 0.036261 0.0335529 0.0307275 0.0283832 0.0262599 0.0237796 0.0220116 0.0198985 0.017918 0.0162588 0.0148954 0.0129064 0.0115175 0.0102187 0.0090831 0.0080648 0.0068187 0.0055675 0.0046121 
0.0269246 0.033371 0.0391102 0.0451928 0.0503523 0.0548165 0.0585633 0.0626416 0.0652919 0.0679932 0.0690897 0.070737 0.0720953 0.0713456 0.0717111 0.0710566 0.0703545 0.0690676 0.0676702 0.0665482 0.0638384 0.061744 0.0590529 0.0561833 0.0543116 0.0514913 0.0488716 0.0461448 0.043724 0.0417282 0.0385968 0.0366537 0.033966 0.0316285 0.0298078 0.027302 0.0253181 0.0232322 0.0206227 0.0197676 0.0177378 0.0165444 0.0147305 0.0131325 0.0119612 0.0105859 0.0092021 0.0082127 0.0069224 0.0059602 0.0046597 
