Finite rod, albedo problem, anisotropic scattering, exponential random flight, mu_t: 3 g: 0.3
Analogmu_t c: 0.9 rod_length: 3 dx: 0.0588235 numsamples: 10000000 numCollisionOrders: 10 numMoments: 10
total albedo R: 0.456942
total albedo T: 0.0694464
per-collision order albedos R: 
0 0.157689 0.09207 0.0577504 0.0384723 0.0266319 0.0191585 0.0141486 0.0106995 0.0082022 
per-collision order albedos T: 
0.0001214 0.0006448 0.001776 0.0033284 0.004878 0.0059777 0.0065165 0.0065411 0.0061319 0.0054517 
Left-moving collision density:
1.3388 1.27372 1.21545 1.15699 1.09991 1.04472 0.9991 0.952918 0.905022 0.860445 0.819301 0.778724 0.741377 0.705384 0.67175 0.637808 0.605504 0.576247 0.545006 0.517813 0.490472 0.46683 0.440331 0.418322 0.394951 0.373485 0.350956 0.332707 0.312094 0.294833 0.276675 0.258604 0.242809 0.226595 0.211427 0.194927 0.181614 0.167277 0.153379 0.140037 0.126471 0.112948 0.101196 0.0880124 0.0765697 0.0641699 0.0524552 0.0405841 0.0289034 0.016983 0.0057528 
Right-moving collision density:
2.93123 2.79664 2.66305 2.53776 2.42223 2.30441 2.19353 2.09507 1.99895 1.90217 1.81181 1.72662 1.65041 1.57009 1.49485 1.42227 1.35762 1.29472 1.23066 1.17324 1.11829 1.06316 1.01227 0.963196 0.917803 0.871388 0.829578 0.790605 0.751572 0.716288 0.680175 0.6459 0.613698 0.582821 0.555098 0.526787 0.497517 0.473608 0.447964 0.426372 0.401659 0.379889 0.358936 0.336353 0.318012 0.299661 0.282265 0.264787 0.247231 0.23148 0.215118 
Collision Density Moments:
4.73442 4.24868 6.25986 11.5158 23.9673 53.8796 127.596 313.613 792.47 2045.71 
Per-collision Density Moments:
0 0 0 0 0 0 0 0 0 0 
0.999879 0.332756 0.220596 0.217069 0.279179 0.435055 0.780047 1.55077 3.32855 7.56693 
0.741507 0.439732 0.415969 0.524402 0.807305 1.43543 2.83608 6.05798 13.7185 32.4755 
0.573589 0.459004 0.542798 0.808642 1.41061 2.75393 5.83636 13.145 30.9966 75.7116 
0.455206 0.439858 0.603021 1.00545 1.90856 3.96861 8.81695 20.5776 49.8587 124.368 
0.366222 0.402252 0.609668 1.09802 2.21001 4.8043 11.0419 26.4533 65.4181 165.839 
0.29694 0.356513 0.578267 1.09672 2.29581 5.14227 12.0931 29.4934 73.9682 189.631 
0.241533 0.308871 0.524942 1.03118 2.2167 5.06679 12.1039 29.8846 75.6846 195.562 
0.196662 0.262919 0.461205 0.927563 2.02988 4.70404 11.359 28.2865 72.1343 187.445 
0.160128 0.220982 0.396154 0.809327 1.79181 4.18886 10.1832 25.492 65.2786 170.197 
Per-collision Densities:
0 0 0 0 0 0 0 0 0 0 0 0 0 0 0 0 0 0 0 0 0 0 0 0 0 0 0 0 0 0 0 0 0 0 0 0 0 0 0 0 0 0 0 0 0 0 0 0 0 0 0 
2.75162 2.30924 1.93138 1.61956 1.35817 1.13525 0.952275 0.79962 0.670298 0.562129 0.470694 0.394635 0.331427 0.277165 0.23335 0.194886 0.163939 0.136432 0.114764 0.0963679 0.0809455 0.0673846 0.0570962 0.0472158 0.0393346 0.0332163 0.0272459 0.0232424 0.019465 0.0166719 0.0138907 0.0113968 0.0095761 0.0081362 0.006851 0.0056151 0.0047209 0.0040596 0.0034612 0.0028271 0.0023018 0.0020094 0.0016558 0.0013753 0.0011798 0.0009537 0.0007633 0.0006579 0.0006035 0.0004947 0.0004029 
0.572337 0.715878 0.799877 0.836186 0.843346 0.823103 0.786697 0.743233 0.69529 0.63863 0.582779 0.528918 0.479084 0.430244 0.384559 0.340753 0.304898 0.26913 0.23708 0.208976 0.183384 0.160658 0.139762 0.12255 0.107306 0.0924817 0.0811274 0.0697799 0.0609603 0.052428 0.0457844 0.0397885 0.0338742 0.02907 0.0251413 0.0217634 0.0188309 0.0163285 0.0139077 0.011883 0.0103139 0.0087363 0.007633 0.0062611 0.0053108 0.0045696 0.0040052 0.0035258 0.0029019 0.0024582 0.002091 
0.290904 0.325006 0.363967 0.396316 0.425061 0.444346 0.455993 0.463175 0.461331 0.453123 0.442874 0.427666 0.410043 0.3893 0.36516 0.342028 0.319172 0.296038 0.273365 0.250544 0.229432 0.208408 0.188666 0.171278 0.154418 0.139177 0.125377 0.112812 0.10041 0.0906457 0.0801329 0.0711263 0.0633828 0.0558858 0.0498253 0.0435353 0.038539 0.0341734 0.0301053 0.026537 0.0228922 0.0203456 0.0178772 0.0153867 0.0137224 0.012036 0.0103105 0.0089012 0.0077724 0.0067473 0.0057494 
0.183044 0.198846 0.216469 0.232555 0.246085 0.259075 0.273374 0.282943 0.288976 0.293651 0.295722 0.296409 0.294569 0.28815 0.281642 0.27465 0.262473 0.253931 0.241704 0.230059 0.217146 0.204811 0.191512 0.178225 0.166557 0.154549 0.143971 0.131084 0.121557 0.1111 0.101818 0.0928098 0.0845291 0.0764932 0.0693991 0.062883 0.0566202 0.0512006 0.0459238 0.0414936 0.0369937 0.0329664 0.0292859 0.026163 0.0231812 0.0205768 0.018343 0.0161721 0.0140879 0.0122077 0.0105213 
0.120967 0.132359 0.143665 0.153894 0.163129 0.172161 0.179212 0.187469 0.192154 0.197732 0.201996 0.204082 0.205598 0.205926 0.205714 0.203218 0.200918 0.197911 0.192005 0.186257 0.180537 0.174898 0.168237 0.160165 0.151762 0.144289 0.136695 0.129611 0.121652 0.114043 0.106542 0.0984606 0.0919649 0.0853264 0.0794172 0.0725934 0.0664904 0.0617236 0.0565267 0.051493 0.0471988 0.0429862 0.0390541 0.0352002 0.0319464 0.0286297 0.0256258 0.0225981 0.0204816 0.0177174 0.0155465 
0.084065 0.0929339 0.0999073 0.107811 0.11416 0.119758 0.126759 0.131862 0.136306 0.141348 0.143233 0.14678 0.149098 0.15145 0.150943 0.15207 0.15148 0.151244 0.148009 0.146508 0.143961 0.140564 0.136559 0.133807 0.129271 0.1242 0.11873 0.114735 0.108625 0.10549 0.0989638 0.0942786 0.089029 0.0839528 0.0789956 0.0740639 0.0693889 0.0647139 0.0604724 0.0558705 0.051935 0.0474912 0.0437988 0.0399551 0.0369767 0.0332979 0.0301767 0.0276335 0.0244902 0.021675 0.0191539 
0.0606169 0.0668882 0.0729606 0.0780181 0.082807 0.087805 0.0927231 0.0963526 0.100829 0.103822 0.106745 0.108547 0.110444 0.112727 0.113869 0.114767 0.114602 0.115717 0.115447 0.113529 0.113002 0.112006 0.110621 0.108003 0.105861 0.102942 0.100317 0.0976548 0.0941035 0.0908701 0.087329 0.0837471 0.0800921 0.0765136 0.0729487 0.0699992 0.0653429 0.0622268 0.0582182 0.0550647 0.0512992 0.0479961 0.044472 0.0413168 0.0380239 0.0350149 0.0320331 0.0292111 0.0264197 0.023426 0.0207638 
0.044642 0.049521 0.0535262 0.0576827 0.0622812 0.0663663 0.0688942 0.0727209 0.0754613 0.0778464 0.0817666 0.0833731 0.0849337 0.0859112 0.0880889 0.0882895 0.0889882 0.0896002 0.0894557 0.0899181 0.0889729 0.0889219 0.0879002 0.0876605 0.0862495 0.0844832 0.0825146 0.0808707 0.0791163 0.0764439 0.0741302 0.0719049 0.0694994 0.0672027 0.0646357 0.0609212 0.0587095 0.0558518 0.0534446 0.050677 0.0476799 0.0448222 0.0421515 0.0387549 0.0365143 0.0338997 0.0312681 0.0285532 0.0260678 0.0233903 0.0207757 
0.0336481 0.0369767 0.0410278 0.0441796 0.0472107 0.0502384 0.0531182 0.0554727 0.0579819 0.0601715 0.0622846 0.0637653 0.0656608 0.0675053 0.0680034 0.0694416 0.0699227 0.0700655 0.0700825 0.0713422 0.0715445 0.0708713 0.070261 0.0711705 0.0698105 0.0688381 0.0675733 0.0666995 0.0649706 0.0637857 0.0625889 0.0600525 0.058684 0.0574991 0.0552704 0.0530179 0.0507671 0.0487016 0.0468129 0.044744 0.0428247 0.0404855 0.0378301 0.0352087 0.0332894 0.03094 0.0286144 0.0263551 0.0239071 0.0216886 0.0192695 
