Finite rod, albedo problem, anisotropic scattering, exponential random flight, mu_t: 3 g: -0.5
Analogmu_t c: 0.7 rod_length: 0.3 dx: 0.00588235 numsamples: 10000000 numCollisionOrders: 10 numMoments: 10
total albedo R: 0.255447
total albedo T: 0.512089
per-collision order albedos R: 
0 0.21907 0.0246822 0.009007 0.0019372 0.000558 0.0001438 3.68e-05 8.3e-06 2.7e-06 
per-collision order albedos T: 
0.40664 0.063908 0.0320259 0.0066147 0.0021825 0.000512 0.0001511 3.95e-05 1.11e-05 3.2e-06 
Left-moving collision density:
0.763011 0.743342 0.724744 0.706775 0.692427 0.682856 0.65841 0.647071 0.624325 0.61234 0.590478 0.578901 0.56372 0.548267 0.528513 0.51918 0.499579 0.49181 0.474317 0.459663 0.442561 0.429777 0.418132 0.394621 0.383401 0.366571 0.352529 0.339932 0.318835 0.311168 0.297177 0.280755 0.26775 0.251141 0.238289 0.223295 0.205224 0.190621 0.180285 0.163472 0.148138 0.137241 0.11781 0.107474 0.090797 0.077979 0.064855 0.04964 0.034918 0.02108 0.00663 
Right-moving collision density:
2.98073 2.94795 2.90669 2.87094 2.8456 2.82038 2.7649 2.73391 2.70018 2.65486 2.636 2.5984 2.57445 2.54215 2.52188 2.48596 2.44395 2.41165 2.37786 2.36222 2.32813 2.28497 2.2574 2.23317 2.22001 2.17479 2.14241 2.12327 2.09261 2.07752 2.04389 2.02504 1.98803 1.9694 1.93247 1.90618 1.87592 1.85305 1.83954 1.80839 1.77684 1.75505 1.74226 1.70151 1.68431 1.65517 1.64461 1.61427 1.59176 1.56473 1.53835 
Collision Density Moments:
0.774397 0.0994992 0.0182946 0.0039045 0.000903718 0.000220038 5.54547e-05 1.43283e-05 3.77238e-06 1.00787e-06 
Per-collision Density Moments:
0 0 0 0 0 0 0 0 0 0 
0.59336 0.075813 0.0139606 0.00298868 0.000693954 0.000169459 4.2818e-05 1.10883e-05 2.9251e-06 7.82852e-07 
0.132265 0.0163294 0.00289955 0.00060153 0.000136068 3.25141e-05 8.0679e-06 2.05756e-06 5.35745e-07 1.41779e-07 
0.0358642 0.00548285 0.0010758 0.000236644 5.56462e-05 1.367e-05 3.46316e-06 8.97585e-07 2.36747e-07 6.33157e-08 
0.0094839 0.00135732 0.00025779 5.55361e-05 1.28659e-05 3.12509e-06 7.84726e-07 2.01945e-07 5.29573e-08 1.40953e-08 
0.0025026 0.000379956 7.44538e-05 1.63571e-05 3.84007e-06 9.4157e-07 2.38061e-07 6.15765e-08 1.62091e-08 4.32661e-09 
0.0006789 0.000100187 1.93297e-05 4.20763e-06 9.82032e-07 2.39866e-07 6.04924e-08 1.56212e-08 4.10803e-09 1.09601e-09 
0.0001788 2.68991e-05 5.22597e-06 1.14046e-06 2.66341e-07 6.50358e-08 1.6389e-08 4.22787e-09 1.1105e-09 2.95879e-10 
4.63e-05 6.88429e-06 1.34061e-06 2.9362e-07 6.87952e-08 1.68489e-08 4.25807e-09 1.10148e-09 2.90079e-10 7.74806e-11 
1.32e-05 1.92277e-06 3.68945e-07 7.98142e-08 1.84206e-08 4.43058e-09 1.09714e-09 2.77668e-10 7.14768e-11 1.86517e-11 
Per-collision Densities:
0 0 0 0 0 0 0 0 0 0 0 0 0 0 0 0 0 0 0 0 0 0 0 0 0 0 0 0 0 0 0 0 0 0 0 0 0 0 0 0 0 0 0 0 0 0 0 0 0 0 0 
2.97259 2.92403 2.868 2.818 2.77656 2.7379 2.66857 2.62538 2.58067 2.52299 2.49354 2.44373 2.40545 2.36815 2.33594 2.29262 2.23978 2.19956 2.1558 2.13644 2.09542 2.04318 2.00894 1.97758 1.95842 1.909 1.87041 1.84691 1.81422 1.79163 1.75321 1.72655 1.69323 1.66523 1.62972 1.6007 1.56963 1.54477 1.52602 1.49318 1.46292 1.44163 1.42247 1.38494 1.36219 1.34011 1.32744 1.29798 1.27073 1.25154 1.22551 
0.656727 0.648363 0.637942 0.628116 0.626059 0.621469 0.610504 0.605693 0.589985 0.588438 0.572628 0.568497 0.564094 0.549151 0.540464 0.539121 0.528853 0.522274 0.514556 0.502707 0.493935 0.485486 0.480998 0.466939 0.459272 0.448392 0.438719 0.430729 0.415344 0.41412 0.403274 0.395947 0.384013 0.377468 0.366112 0.355419 0.338776 0.331585 0.325261 0.313157 0.30277 0.292162 0.280313 0.271473 0.262463 0.247792 0.236487 0.230928 0.21947 0.205258 0.19533 
0.077605 0.080903 0.087584 0.092735 0.09452 0.100436 0.102646 0.10642 0.109956 0.110704 0.115124 0.120224 0.121431 0.12597 0.125222 0.126769 0.12682 0.133025 0.133977 0.134147 0.1326 0.137717 0.136289 0.135745 0.136102 0.135949 0.136459 0.137411 0.134062 0.136119 0.1377 0.135932 0.13243 0.132226 0.129795 0.129676 0.128503 0.124491 0.125885 0.125103 0.120207 0.11985 0.118388 0.115362 0.114563 0.10948 0.110806 0.103309 0.104652 0.09843 0.095455 
0.028747 0.029121 0.028934 0.029563 0.031348 0.03298 0.030957 0.032504 0.033558 0.034612 0.033507 0.033626 0.035292 0.035513 0.036482 0.034408 0.035649 0.036465 0.035751 0.035938 0.035955 0.035955 0.036431 0.035037 0.036618 0.034901 0.036686 0.035241 0.033779 0.034459 0.034068 0.03451 0.03298 0.03366 0.032334 0.031977 0.032011 0.030566 0.030294 0.028577 0.028747 0.0272 0.027999 0.025925 0.025092 0.024888 0.02465 0.022746 0.022253 0.021301 0.020468 
0.005797 0.006766 0.006324 0.006409 0.006868 0.007616 0.007531 0.007752 0.007395 0.007395 0.008092 0.008432 0.008806 0.008636 0.008976 0.008568 0.00918 0.008517 0.009112 0.009163 0.009214 0.00901 0.008942 0.00918 0.009571 0.009469 0.009486 0.009401 0.010234 0.009044 0.009656 0.009656 0.009554 0.008636 0.009588 0.008857 0.009027 0.008568 0.008806 0.008908 0.007752 0.008398 0.008313 0.0085 0.007956 0.008296 0.007446 0.006511 0.007089 0.006987 0.006052 
0.0017 0.0017 0.001955 0.002091 0.001938 0.002193 0.002176 0.002431 0.002312 0.002278 0.002601 0.002057 0.002227 0.002278 0.002261 0.002686 0.00255 0.002737 0.002295 0.002465 0.002754 0.002516 0.002839 0.002431 0.002669 0.002703 0.002397 0.002329 0.002703 0.002346 0.002261 0.002482 0.002601 0.002499 0.002295 0.002108 0.002261 0.002686 0.002584 0.002295 0.001904 0.002346 0.001989 0.001853 0.002006 0.001802 0.001938 0.001802 0.001734 0.001751 0.001598 
0.000459 0.000306 0.000544 0.000493 0.000476 0.00051 0.000595 0.000476 0.000459 0.000578 0.000867 0.000578 0.000595 0.000595 0.000731 0.00068 0.000493 0.000663 0.000459 0.000782 0.00068 0.000595 0.000867 0.000595 0.000578 0.000697 0.000629 0.000867 0.000714 0.000765 0.000595 0.000646 0.000765 0.000578 0.00068 0.000476 0.000629 0.00085 0.000697 0.000493 0.000493 0.000459 0.000527 0.000748 0.000595 0.000527 0.000476 0.000493 0.00051 0.000425 0.000408 
0.000119 8.5e-05 0.000136 0.000221 0.000136 8.5e-05 0.000221 0.000255 0.000119 0.00017 6.8e-05 0.000102 0.000153 6.8e-05 0.000221 0.000204 0.00017 0.00017 0.000153 0.00017 0.000119 0.000187 0.000204 0.000255 6.8e-05 0.00017 8.5e-05 0.000204 0.000289 0.000136 0.000238 6.8e-05 0.000153 0.000204 0.000187 0.000204 0.000238 0.000102 0.000153 0.000119 0.000136 0.00017 3.4e-05 0.000136 0.000187 0.000187 0.00017 6.8e-05 0.00017 8.5e-05 0.000119 
0 1.7e-05 1.7e-05 8.5e-05 0.000102 3.4e-05 5.1e-05 5.1e-05 5.1e-05 1.7e-05 5.1e-05 5.1e-05 8.5e-05 5.1e-05 6.8e-05 3.4e-05 1.7e-05 5.1e-05 3.4e-05 5.1e-05 0 6.8e-05 0 1.7e-05 8.5e-05 6.8e-05 3.4e-05 6.8e-05 0.000102 6.8e-05 5.1e-05 0 1.7e-05 1.7e-05 5.1e-05 3.4e-05 6.8e-05 5.1e-05 0.000102 3.4e-05 3.4e-05 6.8e-05 3.4e-05 5.1e-05 3.4e-05 3.4e-05 1.7e-05 5.1e-05 5.1e-05 1.7e-05 0 
