Finite rod, albedo problem, anisotropic scattering, exponential random flight, mu_t: 1 g: 0.3
Analogmu_t c: 0.3 rod_length: 3 dx: 0.0588235 numsamples: 10000000 numCollisionOrders: 10 numMoments: 10
total albedo R: 0.064982
total albedo T: 0.0907348
per-collision order albedos R: 
0 0.0524276 0.0100512 0.0019951 0.0004101 7.86e-05 1.58e-05 3.2e-06 3e-07 0 
per-collision order albedos T: 
0.0497365 0.0291029 0.0091615 0.0021848 0.0004455 8.21e-05 1.74e-05 3.7e-06 4e-07 0 
Left-moving collision density:
0.0635154 0.0605557 0.0577694 0.0550749 0.0523549 0.050235 0.0475235 0.0452812 0.0434571 0.0409105 0.0390677 0.0376159 0.0352886 0.0338793 0.0324054 0.0305303 0.0288065 0.0274992 0.0259641 0.0247537 0.023545 0.0226474 0.0212075 0.0198662 0.0190145 0.0180489 0.0170119 0.0158559 0.0153034 0.0141389 0.0131954 0.0123692 0.0117232 0.0111962 0.0101371 0.0093109 0.0087465 0.008228 0.00731 0.0067269 0.0060656 0.0053992 0.0046801 0.0042347 0.0037519 0.0031858 0.002482 0.001955 0.001411 0.0008585 0.0002907 
Right-moving collision density:
0.978471 0.933524 0.888779 0.848358 0.810883 0.771975 0.735326 0.702593 0.6722 0.641563 0.610234 0.583248 0.555553 0.528948 0.506512 0.48341 0.459386 0.440166 0.418907 0.399847 0.380946 0.36371 0.347354 0.330283 0.315687 0.301859 0.287796 0.27471 0.263189 0.251401 0.239391 0.228123 0.217187 0.206813 0.198706 0.18864 0.180785 0.172524 0.164086 0.15616 0.149614 0.142414 0.135237 0.129271 0.12309 0.117261 0.112705 0.107384 0.102879 0.0978486 0.0929543 
Collision Density Moments:
1.20602 1.13986 1.76319 3.38366 7.29971 16.9176 41.1188 103.351 266.28 699.174 
Per-collision Density Moments:
0 0 0 0 0 0 0 0 0 0 
0.950264 0.800983 1.15424 2.11847 4.43885 10.0844 24.1656 60.11 153.654 400.987 
0.203543 0.261498 0.460141 0.942669 2.11102 5.0075 12.3603 31.4042 81.5491 215.389 
0.0418142 0.0615761 0.117764 0.254171 0.58911 1.43109 3.59367 9.24861 24.2552 64.566 
0.0083126 0.0126386 0.0247879 0.0544556 0.127798 0.313235 0.791727 2.04747 5.38929 14.3859 
0.0016601 0.00253015 0.00500429 0.011098 0.0262874 0.0649944 0.165598 0.431377 1.14295 3.06911 
0.0003398 0.000512663 0.00100866 0.00223233 0.00528209 0.0130474 0.0332072 0.0863952 0.228589 0.612902 
6.8e-05 0.000103553 0.000206223 0.000461291 0.00110008 0.00273169 0.00697571 0.0181847 0.0481649 0.1292 
1.17e-05 1.88226e-05 3.92499e-05 9.03678e-05 0.000220172 0.000556924 0.00144685 0.00383385 0.0103129 0.0280675 
2.6e-06 3.73544e-06 6.92113e-06 1.50643e-05 3.60566e-05 9.12654e-05 0.000239047 0.000640207 0.00174127 0.00479035 
Per-collision Densities:
0 0 0 0 0 0 0 0 0 0 0 0 0 0 0 0 0 0 0 0 0 0 0 0 0 0 0 0 0 0 0 0 0 0 0 0 0 0 0 0 0 0 0 0 0 0 0 0 0 0 0 
0.972776 0.916924 0.862692 0.813712 0.769077 0.72325 0.680702 0.64284 0.607286 0.572771 0.538659 0.508937 0.479062 0.45059 0.426717 0.402667 0.377512 0.357481 0.336644 0.317504 0.298889 0.282103 0.265911 0.249475 0.236365 0.223703 0.210307 0.197934 0.187364 0.177196 0.166903 0.157359 0.147708 0.139332 0.131908 0.12385 0.117375 0.110755 0.104011 0.0973913 0.092718 0.0870519 0.0818006 0.0772429 0.072454 0.0684148 0.0654024 0.0613326 0.0582964 0.0546618 0.0514641 
0.0562292 0.063937 0.0701862 0.075361 0.0792795 0.0834173 0.086326 0.0891344 0.0915926 0.0922012 0.0929849 0.0939284 0.0933997 0.093432 0.0931957 0.0919462 0.0911302 0.0903584 0.0883014 0.0870604 0.0852618 0.083623 0.0822205 0.0804049 0.0781728 0.0759645 0.0742152 0.0725135 0.070992 0.0684148 0.0659702 0.0636514 0.0620381 0.059772 0.0581298 0.0556393 0.0541331 0.0520574 0.0500837 0.0482698 0.0466871 0.0446097 0.0422263 0.0407847 0.0391187 0.0376074 0.0359329 0.0344913 0.0328763 0.0314228 0.0295477 
0.0103581 0.0104584 0.0109769 0.011458 0.0119493 0.0125426 0.0127415 0.0129132 0.0135388 0.0142137 0.01445 0.0146115 0.0150212 0.0153493 0.0155312 0.0156111 0.0158865 0.0162605 0.0161806 0.0162724 0.0163795 0.0167297 0.0165427 0.016405 0.0162571 0.016422 0.0162962 0.0161857 0.0162469 0.0160038 0.015861 0.0155686 0.0152796 0.0149906 0.0150314 0.0147067 0.0142715 0.0142154 0.0136476 0.0135133 0.0128894 0.0126956 0.0124831 0.0120054 0.0118813 0.0111945 0.0108562 0.0105009 0.0101337 0.0098175 0.0095047 
0.0020825 0.0021981 0.0021199 0.0023086 0.0023477 0.0023868 0.0024378 0.0023562 0.0025857 0.0026282 0.0025857 0.0026877 0.002635 0.0028084 0.0027506 0.002958 0.0029155 0.0028849 0.0029852 0.0030583 0.003179 0.0031671 0.0031518 0.0030311 0.0031331 0.0030532 0.0032283 0.0031637 0.0031263 0.0031416 0.0030957 0.0031722 0.0031246 0.003128 0.0031382 0.0030192 0.0030192 0.0029818 0.0029223 0.0029937 0.0027353 0.0027761 0.0026928 0.0027676 0.0027217 0.0025449 0.0023613 0.0023885 0.0023443 0.0021692 0.0021216 
0.0004199 0.0004505 0.0004811 0.0004913 0.0004675 0.0004811 0.0005015 0.0004794 0.0005168 0.0005151 0.0004845 0.0005559 0.0005559 0.0005032 0.0005525 0.0005984 0.0006103 0.0005593 0.0006137 0.0005712 0.000629 0.0005729 0.000578 0.0006766 0.0006154 0.0006154 0.0006086 0.0006137 0.0006307 0.0006392 0.0005916 0.0006052 0.0006103 0.0006205 0.0005032 0.0005831 0.0005899 0.0006001 0.0005984 0.0005797 0.0004964 0.0005457 0.0005627 0.0005644 0.0005202 0.000544 0.0005066 0.0005015 0.0005253 0.0004896 0.0004947 
9.01e-05 9.52e-05 7.65e-05 8.16e-05 9.69e-05 0.0001071 0.0001156 0.0001139 0.0001122 0.0001224 0.0001037 0.0001088 0.0001309 0.0001173 0.0001411 0.0001309 0.0001037 0.0001071 0.0001241 0.0001071 0.0001275 0.0001292 0.0001275 0.0001275 0.0001275 0.0001207 0.0001258 0.000136 0.0001088 0.000102 0.0001224 0.0001139 0.0001275 0.0001343 0.0001088 0.0001207 0.0001207 0.0001207 0.000102 0.0001054 0.0001207 0.0001071 0.000119 0.000119 0.000119 0.0001037 9.86e-05 0.0001037 8.5e-05 0.0001258 7.99e-05 
2.21e-05 1.53e-05 1.36e-05 1.7e-05 1.53e-05 2.21e-05 2.04e-05 3.06e-05 2.38e-05 1.7e-05 2.72e-05 2.89e-05 3.23e-05 2.55e-05 2.38e-05 2.38e-05 3.06e-05 1.19e-05 1.53e-05 2.21e-05 1.87e-05 2.89e-05 2.38e-05 2.21e-05 2.21e-05 2.72e-05 2.21e-05 1.36e-05 2.04e-05 3.74e-05 2.89e-05 2.21e-05 1.53e-05 2.72e-05 1.7e-05 2.72e-05 1.87e-05 2.04e-05 2.55e-05 2.72e-05 3.06e-05 2.38e-05 2.55e-05 1.87e-05 2.21e-05 2.89e-05 2.72e-05 1.53e-05 2.04e-05 1.53e-05 2.38e-05 
8.5e-06 1.7e-06 1.7e-06 3.4e-06 3.4e-06 1.7e-06 5.1e-06 3.4e-06 0 3.4e-06 6.8e-06 5.1e-06 1.7e-06 1.7e-06 3.4e-06 1.7e-06 3.4e-06 1.7e-06 3.4e-06 1.7e-06 3.4e-06 3.4e-06 6.8e-06 1.7e-06 5.1e-06 1.7e-06 3.4e-06 5.1e-06 3.4e-06 5.1e-06 1.36e-05 0 5.1e-06 5.1e-06 5.1e-06 5.1e-06 3.4e-06 1.7e-06 5.1e-06 5.1e-06 0 3.4e-06 6.8e-06 1.7e-06 5.1e-06 6.8e-06 1.7e-06 5.1e-06 6.8e-06 5.1e-06 5.1e-06 
0 0 0 0 0 1.7e-06 0 1.7e-06 1.7e-06 1.7e-06 0 0 3.4e-06 0 1.7e-06 3.4e-06 0 0 1.7e-06 3.4e-06 3.4e-06 0 0 1.7e-06 3.4e-06 0 1.7e-06 0 0 0 0 0 1.7e-06 0 1.7e-06 0 0 0 0 1.7e-06 1.7e-06 0 0 1.7e-06 0 1.7e-06 0 0 1.7e-06 0 1.7e-06 
