Finite rod, albedo problem, anisotropic scattering, exponential random flight, mu_t: 3 g: 0.7
Analogmu_t c: 0.7 rod_length: 1 dx: 0.0196078 numsamples: 10000000 numCollisionOrders: 10 numMoments: 10
total albedo R: 0.119568
total albedo T: 0.304218
per-collision order albedos R: 
0 0.0524327 0.0307563 0.0175891 0.0096309 0.0049478 0.0023796 0.0010664 0.000457 0.0001882 
per-collision order albedos T: 
0.049917 0.088781 0.0799768 0.048658 0.0228185 0.0090143 0.0032373 0.0011435 0.000398 0.0001599 
Left-moving collision density:
0.353802 0.345928 0.334565 0.327277 0.31544 0.307362 0.297177 0.288318 0.279964 0.2708 0.262716 0.253256 0.246279 0.238099 0.231412 0.224272 0.216821 0.208187 0.199369 0.194483 0.187063 0.17928 0.170988 0.167107 0.159049 0.15046 0.145926 0.137547 0.132432 0.125786 0.119799 0.112654 0.108441 0.101026 0.0950538 0.0892653 0.0826608 0.0769743 0.0715479 0.0664683 0.0599964 0.0539376 0.0482052 0.0429573 0.0373524 0.0307683 0.0256275 0.0199971 0.014739 0.008262 0.0027744 
Right-moving collision density:
2.96612 2.89592 2.82845 2.7653 2.70846 2.64374 2.57921 2.52327 2.46617 2.40733 2.3535 2.30917 2.25414 2.19086 2.14491 2.09164 2.04296 1.99734 1.95726 1.90762 1.86226 1.8195 1.78081 1.74034 1.69847 1.66413 1.62515 1.58156 1.55167 1.51077 1.47899 1.44691 1.40981 1.37591 1.34991 1.31434 1.28507 1.25439 1.23155 1.19773 1.17556 1.14328 1.11555 1.09045 1.06431 1.03821 1.01554 0.990619 0.967674 0.945377 0.928134 
Collision Density Moments:
1.91975 0.760605 0.447821 0.31116 0.236442 0.189893 0.158312 0.135565 0.11844 0.105103 
Per-collision Density Moments:
0 0 0 0 0 0 0 0 0 0 
0.950083 0.266912 0.128171 0.0783962 0.0547441 0.0414492 0.0331029 0.0274418 0.0233781 0.0203325 
0.523713 0.240934 0.145195 0.100611 0.0758089 0.0603392 0.0498935 0.0424201 0.036834 0.0325134 
0.255849 0.142247 0.0958995 0.071273 0.0562648 0.0462721 0.03919 0.0339321 0.029886 0.0266826 
0.112838 0.0667455 0.0473989 0.0365747 0.0296722 0.0249049 0.0214257 0.018781 0.0167063 0.0150373 
0.0464727 0.0272186 0.0195801 0.0153273 0.0125918 0.0106801 0.00926833 0.00818342 0.00732399 0.00662666 
0.0185452 0.010305 0.00731284 0.00571278 0.00470174 0.00400009 0.00348282 0.00308496 0.00276913 0.00251219 
0.0073282 0.00382403 0.00264275 0.00203863 0.00166705 0.00141346 0.00122849 0.0010872 0.00097553 0.000884943 
0.0029332 0.00145093 0.000973639 0.000737618 0.000596116 0.000501411 0.000433356 0.000381965 0.000341716 0.000309299 
0.0011882 0.000578043 0.000384606 0.000289959 0.000233577 0.000195979 0.000169017 0.000148685 0.000132778 0.000119977 
Per-collision Densities:
0 0 0 0 0 0 0 0 0 0 0 0 0 0 0 0 0 0 0 0 0 0 0 0 0 0 0 0 0 0 0 0 0 0 0 0 0 0 0 0 0 0 0 0 0 0 0 0 0 0 0 
2.91457 2.74519 2.58895 2.43914 2.30733 2.17074 2.04489 1.93129 1.82106 1.71358 1.61749 1.53112 1.43886 1.356 1.28065 1.20345 1.13243 1.07078 1.01146 0.95191 0.896412 0.844177 0.799119 0.751924 0.707191 0.672119 0.631875 0.594385 0.563305 0.530364 0.497566 0.471225 0.440971 0.415813 0.396255 0.371688 0.350222 0.330817 0.313441 0.292587 0.278169 0.261982 0.248069 0.230933 0.218673 0.205938 0.194917 0.18205 0.173507 0.163394 0.15427 
0.202694 0.288028 0.359285 0.428971 0.482827 0.534465 0.57221 0.605538 0.63595 0.661072 0.677499 0.695206 0.706763 0.706661 0.713067 0.712842 0.71424 0.710563 0.705248 0.698986 0.68951 0.680824 0.666371 0.659206 0.645726 0.628422 0.616544 0.599551 0.586571 0.570027 0.557353 0.540161 0.524234 0.507781 0.494261 0.478054 0.461657 0.447556 0.433831 0.419215 0.404333 0.389676 0.374065 0.362686 0.346581 0.333096 0.320968 0.308326 0.293046 0.284493 0.27311 
0.0932484 0.097512 0.103311 0.111241 0.120697 0.130815 0.143188 0.155652 0.168111 0.180336 0.194866 0.207233 0.219764 0.229321 0.241026 0.252751 0.261406 0.27109 0.280087 0.28635 0.292612 0.298962 0.306913 0.31033 0.314833 0.320351 0.322646 0.320785 0.32487 0.322534 0.324125 0.32591 0.323799 0.322055 0.319138 0.315685 0.314583 0.308825 0.308749 0.303934 0.300319 0.293209 0.287176 0.285248 0.278618 0.274303 0.267296 0.261309 0.258351 0.248482 0.244331 
0.0529839 0.0540651 0.0541263 0.0556002 0.0566151 0.0572577 0.058752 0.0612816 0.0632349 0.0650913 0.0682431 0.0711501 0.0755106 0.0774639 0.0806259 0.0858177 0.0895611 0.09129 0.0962931 0.0989859 0.104035 0.107982 0.111807 0.116214 0.119161 0.121258 0.1257 0.128505 0.131554 0.134783 0.139414 0.139934 0.144406 0.145243 0.14689 0.148741 0.149787 0.151893 0.152464 0.151531 0.154382 0.154357 0.153173 0.152551 0.153617 0.152118 0.151511 0.151628 0.149863 0.148497 0.147808 
0.0287946 0.0294678 0.0297177 0.0295851 0.0293046 0.0303756 0.0299421 0.0303705 0.0303348 0.0309468 0.030753 0.030651 0.0320688 0.0324972 0.033915 0.0341955 0.0347208 0.0354501 0.035904 0.0379746 0.0388416 0.0396933 0.040392 0.0420444 0.042228 0.0445383 0.046308 0.0474198 0.0486183 0.049674 0.0509286 0.0521883 0.0545802 0.0555951 0.056814 0.0574209 0.0585429 0.0593946 0.0607512 0.0613938 0.0629238 0.0621129 0.0650862 0.0645201 0.0669069 0.0656931 0.0664836 0.0674781 0.0678861 0.0678045 0.0688755 
0.0148665 0.0149124 0.0152388 0.0153357 0.0148257 0.0152388 0.0149328 0.0147594 0.0150552 0.014739 0.015249 0.0151572 0.0152184 0.0156519 0.0152541 0.0153765 0.0158151 0.0151164 0.0158661 0.0160395 0.0161364 0.0158253 0.0160395 0.0162588 0.016677 0.0170085 0.0167331 0.0171513 0.0177633 0.0180693 0.0183549 0.0185232 0.0187476 0.0191046 0.0197115 0.0203235 0.021165 0.0210171 0.0214557 0.0227613 0.0226338 0.0236487 0.0229755 0.0241995 0.0238476 0.0244392 0.0257295 0.0256938 0.0254592 0.0263823 0.0273207 
0.0071604 0.007038 0.0071196 0.0072879 0.0066351 0.0068901 0.0072624 0.0075072 0.0072318 0.0072165 0.0070533 0.0068238 0.0068442 0.0064872 0.0067422 0.0065943 0.0068646 0.0065076 0.0069207 0.0070176 0.0068238 0.0066147 0.0066198 0.0067524 0.0068085 0.0064668 0.0065076 0.0068595 0.0066606 0.0068646 0.0066402 0.0069819 0.0067065 0.006834 0.0073797 0.0073542 0.007446 0.0074868 0.0076857 0.007956 0.0078438 0.0075429 0.0083895 0.008313 0.0082161 0.0083997 0.0091698 0.0090729 0.0092973 0.009282 0.0095574 
0.0032232 0.0033252 0.003111 0.0032181 0.0033609 0.0031569 0.0029427 0.0027999 0.003162 0.0031059 0.0028611 0.003213 0.0032691 0.0029121 0.0029784 0.0029478 0.0028101 0.0028203 0.0029376 0.002703 0.002958 0.002805 0.0026928 0.0028254 0.0030549 0.0026418 0.0028713 0.0027489 0.0028458 0.0024276 0.0026163 0.0029325 0.0028662 0.0027642 0.0027795 0.0025245 0.0026724 0.0025704 0.0028254 0.0028305 0.0030039 0.0027183 0.0029223 0.0029121 0.0030957 0.0030804 0.0030549 0.0030039 0.0031059 0.0031365 0.0034476 
0.0013872 0.001275 0.0013413 0.0013923 0.0012597 0.0012597 0.0013617 0.0015147 0.0011679 0.0013362 0.0012903 0.0011016 0.0012291 0.0012036 0.0013362 0.0011424 0.0012495 0.0011169 0.0012087 0.0013209 0.0012495 0.0011934 0.0010659 0.0012495 0.0010506 0.0010455 0.0011985 0.0009588 0.0011322 0.0010863 0.0010659 0.0010506 0.0011067 0.0010557 0.0010251 0.0010812 0.0009945 0.0010812 0.0011679 0.0012138 0.0011322 0.001122 0.0010608 0.0012291 0.0012648 0.0011628 0.0011271 0.0011934 0.0011832 0.0013311 0.001224 
