Finite rod, albedo problem, anisotropic scattering, exponential random flight, mu_t: 1 g: 0.7
Analogmu_t c: 0.3 rod_length: 3 dx: 0.0588235 numsamples: 10000000 numCollisionOrders: 10 numMoments: 10
total albedo R: 0.0298617
total albedo T: 0.107176
per-collision order albedos R: 
0 0.0224408 0.0056294 0.00138 0.0003236 6.91e-05 1.49e-05 2.9e-06 8e-07 2e-07 
per-collision order albedos T: 
0.0497148 0.0380629 0.0146104 0.0038588 0.0007761 0.0001272 2.25e-05 2.4e-06 6e-07 1e-07 
Left-moving collision density:
0.0293063 0.0280432 0.0270385 0.0255442 0.0243831 0.0233529 0.0221799 0.0212075 0.020264 0.0192661 0.0185164 0.0179214 0.0169915 0.0161058 0.0156774 0.0148716 0.0139349 0.0132583 0.0127602 0.0121057 0.0115838 0.0111027 0.0102782 0.0096934 0.0094469 0.0088808 0.0083844 0.0079305 0.0075242 0.0068782 0.0065331 0.006103 0.0058633 0.0055097 0.0050507 0.0048025 0.0044438 0.0040647 0.0036278 0.003383 0.0030277 0.0027251 0.0023851 0.0021573 0.0019533 0.0017085 0.0012274 0.0010591 0.0007157 0.0004437 0.000136 
Right-moving collision density:
0.979747 0.93745 0.896519 0.858009 0.821807 0.786027 0.75173 0.71987 0.691181 0.660872 0.631404 0.605288 0.578488 0.552731 0.531046 0.507865 0.484932 0.465402 0.445337 0.425158 0.406932 0.389852 0.374056 0.356844 0.341569 0.327561 0.314053 0.300393 0.288424 0.276219 0.264479 0.252396 0.240706 0.230807 0.221972 0.21125 0.202757 0.195136 0.18495 0.177623 0.170603 0.163137 0.155473 0.148781 0.142293 0.136076 0.131036 0.125004 0.120074 0.114934 0.109953 
Collision Density Moments:
1.2328 1.20853 1.91384 3.7308 8.13756 19.0119 46.493 117.421 303.701 799.958 
Per-collision Density Moments:
0 0 0 0 0 0 0 0 0 0 
0.950285 0.800923 1.15399 2.11773 4.43677 10.0786 24.1499 60.0668 153.535 400.656 
0.224644 0.309996 0.56033 1.16461 2.63224 6.28482 15.5897 39.763 103.579 274.289 
0.0471073 0.0785981 0.158971 0.354416 0.839227 2.07012 5.25868 13.6564 36.0768 96.6123 
0.0088487 0.015696 0.0334112 0.0772789 0.187946 0.472953 1.21998 3.20658 8.55323 23.0868 
0.0015785 0.00276768 0.00597554 0.0140457 0.0346447 0.0882024 0.229691 0.60843 1.63332 4.43201 
0.0002775 0.0004656 0.00099518 0.00234003 0.00579613 0.0148426 0.0389051 0.103758 0.280439 0.766077 
4.74e-05 7.24374e-05 0.00014778 0.000337308 0.000819343 0.00207089 0.00537954 0.0142554 0.0383487 0.104383 
7.7e-06 9.32301e-06 1.73765e-05 3.78997e-05 8.87569e-05 0.000216577 0.000543417 0.00139188 0.00362223 0.00954573 
1.2e-06 1.71282e-06 3.61762e-06 8.52074e-06 2.08653e-05 5.20687e-05 0.000131365 0.000333797 0.000852544 0.00218621 
Per-collision Densities:
0 0 0 0 0 0 0 0 0 0 0 0 0 0 0 0 0 0 0 0 0 0 0 0 0 0 0 0 0 0 0 0 0 0 0 0 0 0 0 0 0 0 0 0 0 0 0 0 0 0 0 
0.9725 0.916426 0.863228 0.813749 0.768789 0.723641 0.681345 0.642877 0.607843 0.572494 0.539051 0.508856 0.478664 0.450678 0.426527 0.402324 0.377786 0.357318 0.337203 0.316951 0.298846 0.28202 0.266415 0.249786 0.23622 0.223378 0.210603 0.19804 0.187462 0.177303 0.167084 0.157581 0.147483 0.139187 0.132078 0.123831 0.117059 0.110825 0.103491 0.0973624 0.0925616 0.0871505 0.0819825 0.0770644 0.0725832 0.0686137 0.0652579 0.0612255 0.0580431 0.0545666 0.0514913 
0.0291533 0.0412471 0.0521339 0.0610657 0.0680255 0.0758659 0.0817054 0.0867425 0.0915059 0.0944537 0.0965974 0.0993395 0.100888 0.101481 0.102643 0.102099 0.102354 0.101582 0.100747 0.0995639 0.098464 0.0971312 0.0957015 0.0941477 0.0919564 0.0896971 0.0881722 0.0864076 0.0846685 0.0817734 0.0796824 0.0766904 0.0747609 0.0728399 0.070618 0.0680697 0.0661317 0.0643875 0.061489 0.0598145 0.0580159 0.0556784 0.0531794 0.0514284 0.0493935 0.0475677 0.0459782 0.0441524 0.0422909 0.0406776 0.0387906 
0.0055845 0.0059313 0.0064107 0.0067762 0.0074987 0.0079866 0.008823 0.0094554 0.0100538 0.0110296 0.0121125 0.0126922 0.0134861 0.0142528 0.0148801 0.015572 0.0159681 0.0168351 0.0171547 0.0176341 0.017782 0.0183872 0.0187323 0.0190128 0.0191726 0.0195857 0.0197132 0.0198543 0.0197608 0.0197914 0.0198526 0.019873 0.0199461 0.0197455 0.0197387 0.0196044 0.0193001 0.0191165 0.0188309 0.0189261 0.0183243 0.0181798 0.0178398 0.0174233 0.0173383 0.0167433 0.0162894 0.0157862 0.0155822 0.0153918 0.015062 
0.0013668 0.0014552 0.0013753 0.0015062 0.0014637 0.0014569 0.0015657 0.001564 0.0016082 0.0016915 0.001734 0.0018122 0.0019839 0.0020026 0.0021335 0.0022916 0.002329 0.0024208 0.0024752 0.0025806 0.0028934 0.0028849 0.0029512 0.0029937 0.0030957 0.0031535 0.0032997 0.0034119 0.0034374 0.0035258 0.0037281 0.0036618 0.003689 0.0037723 0.0038998 0.0038216 0.0038879 0.0040239 0.0040086 0.0040647 0.0039406 0.0040052 0.0039321 0.0040817 0.0041004 0.003961 0.0038607 0.0039967 0.0039253 0.0037655 0.0038369 
0.0003451 0.0003485 0.0003179 0.0003485 0.0003264 0.0003213 0.0003774 0.0003366 0.000357 0.0003536 0.0003349 0.0004148 0.0003672 0.00034 0.0004182 0.0003774 0.0003553 0.0004216 0.0004029 0.0004437 0.0004556 0.0004437 0.0004437 0.0004879 0.0004726 0.0005032 0.0005355 0.0004998 0.0005117 0.0006052 0.0005661 0.0005508 0.0005831 0.0006341 0.0005967 0.0006188 0.0006851 0.0007021 0.0006562 0.0007276 0.0006494 0.000714 0.0007803 0.0008058 0.000714 0.0007599 0.0007259 0.0007599 0.0007973 0.0008109 0.0007293 
7.99e-05 5.95e-05 6.97e-05 8.16e-05 6.63e-05 8.16e-05 7.99e-05 7.48e-05 6.46e-05 9.86e-05 7.31e-05 7.31e-05 7.31e-05 7.14e-05 9.52e-05 6.29e-05 6.12e-05 6.8e-05 8.67e-05 6.97e-05 6.12e-05 7.48e-05 7.14e-05 0.000102 8.16e-05 0.000102 9.35e-05 8.84e-05 8.5e-05 7.82e-05 7.99e-05 0.0001173 9.01e-05 0.0001173 8.33e-05 9.35e-05 0.0001207 0.0001258 8.67e-05 9.52e-05 0.0001173 0.0001173 0.0001224 0.0001156 9.69e-05 0.0001173 0.0001292 0.0001326 0.0001309 0.0001411 0.0001581 
2.04e-05 2.21e-05 1.7e-05 1.36e-05 1.02e-05 2.38e-05 6.8e-06 2.21e-05 1.02e-05 1.36e-05 1.02e-05 1.7e-05 1.53e-05 5.1e-06 2.55e-05 6.8e-06 1.36e-05 1.36e-05 2.38e-05 1.87e-05 1.19e-05 1.02e-05 1.87e-05 6.8e-06 1.7e-05 2.04e-05 1.53e-05 1.87e-05 2.04e-05 1.87e-05 1.7e-05 2.21e-05 1.02e-05 1.87e-05 6.8e-06 1.36e-05 1.53e-05 1.36e-05 1.36e-05 1.53e-05 1.7e-05 1.7e-05 2.04e-05 1.53e-05 1.36e-05 1.87e-05 2.21e-05 8.5e-06 1.53e-05 2.38e-05 2.04e-05 
3.4e-06 1.7e-06 5.1e-06 1.02e-05 5.1e-06 1.7e-06 6.8e-06 5.1e-06 1.7e-06 3.4e-06 6.8e-06 5.1e-06 1.7e-06 5.1e-06 1.7e-06 1.7e-06 0 1.7e-06 1.7e-06 1.7e-06 1.7e-06 3.4e-06 0 0 0 1.7e-06 3.4e-06 3.4e-06 1.7e-06 1.7e-06 1.7e-06 1.7e-06 6.8e-06 1.7e-06 1.7e-06 0 1.7e-06 6.8e-06 0 0 3.4e-06 0 1.7e-06 1.7e-06 5.1e-06 1.7e-06 0 1.7e-06 5.1e-06 0 0 
0 0 0 1.7e-06 3.4e-06 1.7e-06 0 0 0 0 0 0 0 0 0 1.7e-06 0 0 1.7e-06 0 0 0 0 0 0 0 1.7e-06 0 0 0 0 0 0 0 0 0 0 0 1.7e-06 0 1.7e-06 0 0 1.7e-06 1.7e-06 1.7e-06 0 0 0 0 0 
