Finite rod, albedo problem, anisotropic scattering, exponential random flight, mu_t: 1 g: -0.5
Analogmu_t c: 0.3 rod_length: 0.3 dx: 0.00588235 numsamples: 10000000 numCollisionOrders: 10 numMoments: 10
total albedo R: 0.0518352
total albedo T: 0.75901
per-collision order albedos R: 
0 0.0507302 0.0010257 7.6e-05 2.9e-06 4e-07 0 0 0 0 
per-collision order albedos T: 
0.740747 0.0166198 0.0015906 4.97e-05 3e-06 0 0 0 0 0 
Left-moving collision density:
0.052309 0.050014 0.050541 0.04862 0.04692 0.04641 0.045917 0.044183 0.043095 0.042024 0.040647 0.039321 0.039321 0.037893 0.038539 0.035326 0.036431 0.034408 0.033813 0.031348 0.031331 0.029104 0.02941 0.026996 0.027064 0.025823 0.023783 0.024531 0.023953 0.021012 0.020468 0.019635 0.019397 0.017561 0.017221 0.015912 0.014501 0.013549 0.012478 0.011526 0.010523 0.009588 0.008398 0.007395 0.006358 0.006409 0.004675 0.003485 0.002142 0.001428 0.000408 
Right-moving collision density:
1.00188 0.995435 0.980815 0.989128 0.970462 0.972927 0.9639 0.972417 0.951609 0.951065 0.952136 0.9418 0.930257 0.931294 0.925038 0.920567 0.917558 0.914838 0.902054 0.905471 0.891497 0.888981 0.893537 0.883898 0.875602 0.872372 0.863447 0.854471 0.849558 0.846685 0.849337 0.847229 0.847399 0.831963 0.828325 0.822919 0.819825 0.815099 0.810356 0.806718 0.795311 0.799374 0.797861 0.793407 0.786488 0.779008 0.785536 0.773262 0.773398 0.768315 0.759747 
Collision Density Moments:
0.270145 0.0383124 0.00744813 0.00164757 0.000390977 9.69626e-05 2.4784e-05 6.47554e-06 1.72038e-06 4.63082e-07 
Per-collision Density Moments:
0 0 0 0 0 0 0 0 0 0 
0.259253 0.0369324 0.00719841 0.00159501 0.000378955 9.40641e-05 2.40595e-05 6.28966e-06 1.67173e-06 4.50152e-07 
0.0103733 0.0012982 0.000233246 4.88511e-05 1.1136e-05 2.6779e-06 6.67991e-07 1.71116e-07 4.47245e-08 1.18749e-08 
0.0004951 7.84559e-05 1.58549e-05 3.56979e-06 8.54686e-07 2.12919e-07 5.45393e-08 1.42615e-08 3.78919e-09 1.01964e-09 
2.2e-05 3.05552e-06 5.82344e-07 1.26801e-07 2.96784e-08 7.26909e-09 1.83729e-09 4.75318e-10 1.25211e-10 3.34667e-11 
1.6e-06 2.20578e-07 4.08061e-08 8.58217e-09 1.94047e-09 4.58601e-10 1.11484e-10 2.76148e-11 6.93006e-12 1.7557e-12 
1e-07 5.2296e-09 2.73487e-10 1.43023e-11 7.47954e-13 3.9115e-14 2.04556e-15 1.06975e-16 5.59435e-18 2.92562e-19 
0 0 0 0 0 0 0 0 0 0 
0 0 0 0 0 0 0 0 0 0 
0 0 0 0 0 0 0 0 0 0 
Per-collision Densities:
0 0 0 0 0 0 0 0 0 0 0 0 0 0 0 0 0 0 0 0 0 0 0 0 0 0 0 0 0 0 0 0 0 0 0 0 0 0 0 0 0 0 0 0 0 0 0 0 0 0 0 
1.00164 0.994789 0.979727 0.987326 0.968184 0.969799 0.960585 0.968473 0.948124 0.946424 0.947427 0.936326 0.924562 0.925123 0.918697 0.91358 0.91001 0.906814 0.893078 0.896818 0.882385 0.87958 0.883405 0.87312 0.865147 0.862019 0.852788 0.843081 0.837522 0.834513 0.836111 0.834751 0.834972 0.818618 0.814028 0.80784 0.805103 0.800343 0.795175 0.790721 0.779382 0.78336 0.781609 0.776849 0.76908 0.762127 0.768553 0.756211 0.755854 0.749989 0.741319 
0.051544 0.049623 0.050405 0.049028 0.047702 0.048076 0.047668 0.046529 0.045186 0.045067 0.043792 0.043231 0.043282 0.042262 0.043384 0.040324 0.042177 0.040817 0.041004 0.038165 0.038573 0.036652 0.037519 0.035921 0.035717 0.034153 0.032861 0.034306 0.03434 0.031382 0.032028 0.030209 0.030056 0.028968 0.029376 0.028628 0.027336 0.026452 0.02584 0.025789 0.02448 0.023885 0.022559 0.02193 0.021777 0.021454 0.020111 0.018802 0.017918 0.018139 0.017034 
0.000935 0.000952 0.001122 0.001275 0.001394 0.001394 0.001479 0.001564 0.001275 0.001479 0.001428 0.001479 0.001615 0.001717 0.001462 0.001887 0.001717 0.001547 0.0017 0.001683 0.001768 0.001819 0.001989 0.001819 0.0017 0.001938 0.001479 0.001479 0.001564 0.001751 0.001581 0.001904 0.001666 0.001836 0.002091 0.002261 0.001836 0.001785 0.001785 0.001649 0.001921 0.001598 0.001972 0.001938 0.001921 0.001768 0.00153 0.001683 0.001751 0.001564 0.001717 
6.8e-05 8.5e-05 6.8e-05 0.000119 0.000102 6.8e-05 8.5e-05 3.4e-05 8.5e-05 0.000119 0.000119 8.5e-05 0.000102 8.5e-05 3.4e-05 0.000102 8.5e-05 6.8e-05 8.5e-05 0.000136 5.1e-05 3.4e-05 3.4e-05 3.4e-05 0.000102 6.8e-05 0.000102 0.000136 6.8e-05 5.1e-05 8.5e-05 0 0.000102 0.000102 5.1e-05 6.8e-05 5.1e-05 6.8e-05 3.4e-05 8.5e-05 5.1e-05 0.000102 0.000119 8.5e-05 5.1e-05 5.1e-05 1.7e-05 5.1e-05 1.7e-05 5.1e-05 8.5e-05 
0 0 3.4e-05 0 0 0 0 0 1.7e-05 0 1.7e-05 0 1.7e-05 0 0 0 0 0 0 1.7e-05 5.1e-05 0 0 0 0 1.7e-05 0 0 1.7e-05 0 0 0 0 0 0 3.4e-05 0 0 0 0 0 1.7e-05 0 0 1.7e-05 1.7e-05 0 0 0 0 0 
0 0 0 0 0 0 0 0 1.7e-05 0 0 0 0 0 0 0 0 0 0 0 0 0 0 0 0 0 0 0 0 0 0 0 0 0 0 0 0 0 0 0 0 0 0 0 0 0 0 0 0 0 0 
0 0 0 0 0 0 0 0 0 0 0 0 0 0 0 0 0 0 0 0 0 0 0 0 0 0 0 0 0 0 0 0 0 0 0 0 0 0 0 0 0 0 0 0 0 0 0 0 0 0 0 
0 0 0 0 0 0 0 0 0 0 0 0 0 0 0 0 0 0 0 0 0 0 0 0 0 0 0 0 0 0 0 0 0 0 0 0 0 0 0 0 0 0 0 0 0 0 0 0 0 0 0 
0 0 0 0 0 0 0 0 0 0 0 0 0 0 0 0 0 0 0 0 0 0 0 0 0 0 0 0 0 0 0 0 0 0 0 0 0 0 0 0 0 0 0 0 0 0 0 0 0 0 0 
