Finite rod, albedo problem, anisotropic scattering, exponential random flight, mu_t: 3 g: -0.5
Analogmu_t c: 0.9 rod_length: 1 dx: 0.0196078 numsamples: 10000000 numCollisionOrders: 10 numMoments: 10
total albedo R: 0.543257
total albedo T: 0.217778
per-collision order albedos R: 
0 0.336539 0.0746034 0.0532964 0.0271862 0.0182408 0.0112688 0.0074865 0.0049037 0.0032608 
per-collision order albedos T: 
0.049832 0.0335659 0.0397587 0.0268446 0.0215188 0.0145168 0.0103908 0.0069359 0.0047348 0.0031975 
Left-moving collision density:
1.60571 1.56805 1.52012 1.48194 1.4366 1.39239 1.35701 1.31457 1.2783 1.23827 1.19847 1.16759 1.12469 1.08726 1.05552 1.01873 0.985544 0.951905 0.918209 0.882932 0.855953 0.825394 0.792015 0.75838 0.728958 0.695665 0.668457 0.642758 0.609985 0.578585 0.55155 0.522908 0.493144 0.468736 0.438819 0.410897 0.384152 0.35726 0.326385 0.301894 0.273661 0.249762 0.221585 0.195814 0.1683 0.144039 0.118177 0.0913767 0.0644589 0.0383418 0.013362 
Right-moving collision density:
2.97028 2.89144 2.82495 2.75795 2.69704 2.62381 2.56099 2.50141 2.43901 2.38016 2.32396 2.26658 2.21016 2.14741 2.09079 2.04343 1.9927 1.94202 1.89088 1.84001 1.78519 1.74319 1.69602 1.64887 1.60612 1.5617 1.51961 1.4745 1.43674 1.39497 1.35819 1.31413 1.2792 1.23762 1.20688 1.16631 1.13083 1.09527 1.05151 1.021 0.99043 0.954302 0.920167 0.887782 0.855862 0.823757 0.788679 0.759125 0.728249 0.699745 0.669589 
Collision Density Moments:
2.38775 0.869472 0.479979 0.317355 0.231906 0.180482 0.146631 0.122885 0.10542 0.0920963 
Per-collision Density Moments:
0 0 0 0 0 0 0 0 0 0 
0.950168 0.266861 0.128134 0.078367 0.0547196 0.0414275 0.0330831 0.0274236 0.0233611 0.0203167 
0.484903 0.165168 0.0870626 0.055782 0.0398739 0.0305394 0.0245152 0.0203552 0.0173341 0.0150532 
0.322123 0.139231 0.0813589 0.0551299 0.0407943 0.0319791 0.0261006 0.0219421 0.0188658 0.016509 
0.209746 0.0936887 0.0558878 0.0382972 0.0285038 0.0224065 0.0183068 0.0153909 0.0132261 0.0115641 
0.140018 0.0666685 0.0410828 0.0287137 0.0216547 0.0171831 0.014138 0.0119509 0.0103147 0.00905047 
0.0931874 0.044901 0.027871 0.0195605 0.0147862 0.0117478 0.00967199 0.00817761 0.0070578 0.00619163 
0.0622062 0.0305864 0.0191891 0.0135571 0.010295 0.00820704 0.00677457 0.00574012 0.00496304 0.00436078 
0.0415496 0.020525 0.0129184 0.00914589 0.00695403 0.00554775 0.00458123 0.00388236 0.00335693 0.00294947 
0.0277902 0.0138172 0.00872815 0.00619379 0.0047169 0.0037671 0.00311306 0.00263937 0.00228275 0.00200589 
Per-collision Densities:
0 0 0 0 0 0 0 0 0 0 0 0 0 0 0 0 0 0 0 0 0 0 0 0 0 0 0 0 0 0 0 0 0 0 0 0 0 0 0 0 0 0 0 0 0 0 0 0 0 0 0 
2.91938 2.74521 2.5893 2.44368 2.30959 2.16851 2.04801 1.93102 1.81606 1.71449 1.62115 1.527 1.43832 1.35358 1.27514 1.20504 1.13783 1.07308 1.01188 0.953618 0.895738 0.846947 0.798323 0.75223 0.707916 0.667886 0.628514 0.591952 0.561541 0.527855 0.500912 0.46944 0.443807 0.417654 0.396591 0.371805 0.352237 0.332474 0.310146 0.294122 0.277996 0.260299 0.246202 0.232269 0.219417 0.204214 0.19279 0.185273 0.173048 0.163139 0.153943 
0.99729 0.981903 0.956658 0.936146 0.910901 0.885783 0.859381 0.838746 0.815607 0.791862 0.762455 0.743565 0.717432 0.693534 0.673139 0.649026 0.62397 0.601479 0.581125 0.558991 0.538422 0.518456 0.496128 0.477426 0.459938 0.439906 0.423652 0.405047 0.386315 0.370719 0.354792 0.339563 0.32332 0.3088 0.294964 0.281005 0.267378 0.253623 0.238333 0.227587 0.215398 0.203271 0.191184 0.17852 0.167831 0.157768 0.147997 0.135777 0.125562 0.116382 0.105978 
0.243556 0.276665 0.309075 0.335554 0.357949 0.378721 0.397081 0.407485 0.422902 0.426962 0.436677 0.439141 0.443078 0.439707 0.440813 0.438753 0.438416 0.433439 0.427349 0.421719 0.416191 0.410596 0.401518 0.391037 0.383285 0.376589 0.368546 0.357046 0.348197 0.337788 0.32719 0.316679 0.30754 0.29658 0.287416 0.276216 0.263328 0.257922 0.24351 0.234549 0.225772 0.214552 0.203092 0.193616 0.183539 0.17519 0.160859 0.154096 0.143998 0.133309 0.123471 
0.169136 0.18231 0.194305 0.20679 0.21703 0.224502 0.235018 0.241801 0.249237 0.254974 0.259804 0.26495 0.267163 0.266592 0.268296 0.272814 0.271335 0.272243 0.270586 0.268219 0.266383 0.266618 0.262813 0.257371 0.254974 0.250456 0.24584 0.242587 0.237685 0.227419 0.224186 0.220871 0.215072 0.209641 0.20095 0.19508 0.189103 0.181198 0.175282 0.167989 0.15913 0.152755 0.146044 0.13823 0.130392 0.123925 0.115362 0.107962 0.0987207 0.0916419 0.0842571 
0.0856137 0.0951864 0.103591 0.111012 0.118198 0.126643 0.132656 0.140061 0.146472 0.150628 0.154933 0.159941 0.1627 0.167351 0.169004 0.170835 0.173482 0.175139 0.177801 0.174955 0.175889 0.176587 0.177964 0.176878 0.174848 0.1734 0.171059 0.171906 0.167999 0.166719 0.163832 0.159089 0.154311 0.152561 0.148354 0.145437 0.140893 0.135568 0.130101 0.126852 0.12289 0.118019 0.112424 0.106493 0.101016 0.0965175 0.0912084 0.0847059 0.080478 0.0732411 0.0674934 
0.0570231 0.0631788 0.0686664 0.0729249 0.0767754 0.0808554 0.0860574 0.0893622 0.0925752 0.0972876 0.0993684 0.102469 0.104856 0.10684 0.109405 0.110777 0.114245 0.113985 0.116035 0.116168 0.117489 0.11707 0.116066 0.117703 0.117968 0.115903 0.114918 0.11399 0.113118 0.111761 0.109635 0.107605 0.10635 0.103367 0.101113 0.0989553 0.0966756 0.0935493 0.0895866 0.086802 0.0840072 0.081855 0.0768672 0.0739653 0.0697884 0.0672945 0.062832 0.0580074 0.0529584 0.0508266 0.0456756 
0.0355623 0.0389691 0.0412998 0.0454308 0.0485622 0.0511938 0.0537744 0.0557634 0.0592518 0.0615672 0.06324 0.0669681 0.0675597 0.0701505 0.0709869 0.0711909 0.0734145 0.0755157 0.0756483 0.0772548 0.0783258 0.0771834 0.0784023 0.0781881 0.0787032 0.0768876 0.0776169 0.077418 0.0766989 0.0763878 0.0749598 0.0737307 0.0732258 0.0705993 0.071094 0.0683349 0.066912 0.0647343 0.0616845 0.0605727 0.0579309 0.0564162 0.0538815 0.0519894 0.0488529 0.0461958 0.0444363 0.0406215 0.0381735 0.0360774 0.0329766 
0.0230418 0.0260814 0.0278715 0.0301971 0.0320739 0.0337008 0.0357102 0.0377655 0.0383877 0.0405501 0.042483 0.0442731 0.0443904 0.0462315 0.0461244 0.048195 0.0496077 0.0503217 0.0494955 0.0504543 0.0502809 0.0511479 0.0520659 0.0521781 0.052071 0.0515202 0.0522852 0.0516528 0.0507348 0.051255 0.0511173 0.04896 0.0488988 0.047736 0.0473331 0.0461142 0.0452013 0.0439671 0.0427788 0.0409785 0.0391884 0.0383469 0.0368934 0.0351084 0.0331959 0.0314262 0.0297891 0.027387 0.0258009 0.024072 0.0225879 
0.0151623 0.0170136 0.0180234 0.0193902 0.0210987 0.0223329 0.0239598 0.0244851 0.0261069 0.0270657 0.0271932 0.0283509 0.0302073 0.0304776 0.0309825 0.0313446 0.0322065 0.0330837 0.0331704 0.034017 0.0337467 0.0346902 0.0346086 0.0341496 0.0353583 0.0348483 0.034833 0.0351798 0.0343383 0.0334254 0.0341139 0.0332928 0.0324054 0.0319719 0.0318801 0.0307377 0.0313395 0.0291159 0.0290649 0.0276063 0.0273309 0.0258213 0.0246432 0.024531 0.0233223 0.021573 0.0203796 0.0182376 0.0177939 0.0159222 0.0153663 
