Finite rod, albedo problem, anisotropic scattering, exponential random flight, mu_t: 1 g: -0.5
Analogmu_t c: 0.7 rod_length: 3 dx: 0.0588235 numsamples: 10000000 numCollisionOrders: 10 numMoments: 10
total albedo R: 0.352259
total albedo T: 0.129405
per-collision order albedos R: 
0 0.261669 0.0451399 0.0251718 0.0099232 0.0051914 0.0025199 0.0013076 0.0006493 0.0003362 
per-collision order albedos T: 
0.0498558 0.026069 0.0240094 0.0126558 0.0078768 0.0041107 0.0023071 0.0011905 0.0006306 0.0003393 
Left-moving collision density:
0.345346 0.334577 0.31873 0.305793 0.294792 0.283625 0.271983 0.262839 0.25186 0.241062 0.231725 0.222193 0.212556 0.204874 0.195417 0.187207 0.179789 0.172135 0.164959 0.156709 0.150399 0.144063 0.137011 0.130772 0.124127 0.118468 0.112324 0.106143 0.101527 0.094724 0.0895237 0.0854624 0.0804168 0.0752454 0.0705704 0.065467 0.0605251 0.0561085 0.0518075 0.0473161 0.0435149 0.0387039 0.0343145 0.0304844 0.0263619 0.0222241 0.0178874 0.0141661 0.0101218 0.0061438 0.0020876 
Right-moving collision density:
0.982632 0.945684 0.909859 0.876989 0.84603 0.8121 0.782692 0.753105 0.726158 0.697209 0.672472 0.6499 0.624611 0.600839 0.578127 0.554462 0.534781 0.514478 0.496578 0.47678 0.457851 0.441464 0.425644 0.408374 0.394553 0.37867 0.365944 0.349865 0.338031 0.324833 0.311557 0.299008 0.288029 0.275451 0.266262 0.254776 0.245533 0.2342 0.225989 0.215966 0.207941 0.198395 0.189645 0.182284 0.17452 0.165923 0.160055 0.15224 0.145756 0.140034 0.1337 
Collision Density Moments:
1.72789 1.72581 2.73077 5.28208 11.4093 26.3953 63.9578 160.183 411.193 1075.81 
Per-collision Density Moments:
0 0 0 0 0 0 0 0 0 0 
0.950144 0.800748 1.15361 2.11672 4.43389 10.0701 24.1248 59.9928 153.318 400.023 
0.377304 0.385337 0.609043 1.17014 2.5084 5.76192 13.8731 34.5522 88.264 229.936 
0.19515 0.253261 0.444242 0.903663 2.00754 4.72504 11.5792 29.2282 75.4551 198.251 
0.0987875 0.132377 0.236911 0.487165 1.08821 2.56757 6.29677 15.8903 40.9888 107.572 
0.0512775 0.0732858 0.135488 0.284066 0.642658 1.52977 3.7757 9.5737 24.785 65.2298 
0.026614 0.0383671 0.0713289 0.150022 0.339986 0.810038 2.00026 5.07323 13.136 34.5757 
0.0137616 0.0202946 0.0382171 0.0810566 0.18478 0.442175 1.09555 2.78606 7.2297 19.0648 
0.0071411 0.0105982 0.0200268 0.0425548 0.0971089 0.232519 0.57633 1.46608 3.80533 10.0367 
0.0037268 0.00555539 0.0105273 0.0224189 0.0512662 0.123011 0.305551 0.77891 2.02587 5.35378 
Per-collision Densities:
0 0 0 0 0 0 0 0 0 0 0 0 0 0 0 0 0 0 0 0 0 0 0 0 0 0 0 0 0 0 0 0 0 0 0 0 0 0 0 0 0 0 0 0 0 0 0 0 0 0 0 
0.972572 0.916293 0.862872 0.814127 0.768839 0.723037 0.682502 0.642336 0.606718 0.57034 0.53891 0.510262 0.479344 0.452518 0.426697 0.400585 0.37775 0.356806 0.337338 0.31738 0.29837 0.281705 0.265688 0.250208 0.237177 0.222732 0.210858 0.198188 0.187762 0.176633 0.166811 0.156888 0.148429 0.139062 0.131422 0.124326 0.117567 0.109575 0.10415 0.0973964 0.0932671 0.0874208 0.0820624 0.0769403 0.0729725 0.0683723 0.0646051 0.0610215 0.0575722 0.0543864 0.0516579 
0.259383 0.255131 0.247394 0.241995 0.236332 0.229735 0.223468 0.218521 0.212168 0.204736 0.198759 0.192804 0.186532 0.180166 0.173461 0.167479 0.162233 0.156286 0.149969 0.143726 0.139558 0.134912 0.129516 0.124248 0.119512 0.11456 0.109885 0.104951 0.100858 0.0964801 0.0918612 0.0876673 0.0840259 0.0800581 0.0769573 0.0719593 0.0690897 0.065246 0.0621724 0.0592603 0.0559062 0.052071 0.0492609 0.0463318 0.0436577 0.040647 0.0379899 0.0351458 0.0325125 0.0301784 0.0274108 
0.048637 0.0562938 0.0621248 0.0674084 0.0725577 0.0766887 0.0792591 0.0823361 0.0846328 0.0867901 0.0875194 0.0884612 0.089607 0.0891922 0.0890783 0.0881909 0.0881824 0.0873528 0.0871981 0.085561 0.0842588 0.0823514 0.0813518 0.0793883 0.0778124 0.0763453 0.0746776 0.0717808 0.070397 0.0681683 0.0653667 0.0640747 0.0618052 0.0600083 0.0580108 0.0558569 0.0531896 0.0520234 0.0492626 0.0471444 0.0451197 0.0431681 0.0407745 0.0396304 0.0372657 0.0348738 0.0328831 0.0311117 0.0291958 0.0275621 0.0256156 
0.0261545 0.0285957 0.0306408 0.0321759 0.0339388 0.0356575 0.036958 0.0383367 0.0391034 0.0399109 0.040783 0.0415276 0.0417401 0.0423657 0.0424609 0.0428332 0.0426513 0.0424507 0.042602 0.0422331 0.0414987 0.0417877 0.0412658 0.0405246 0.039831 0.039253 0.0389742 0.0378879 0.0372827 0.0361301 0.0350676 0.0350455 0.033745 0.0323527 0.0315911 0.0305456 0.0293692 0.0281112 0.0276505 0.026571 0.0250257 0.0237201 0.0227341 0.0217872 0.0204459 0.0190519 0.018428 0.0167807 0.015861 0.0146115 0.0133365 
0.010353 0.0119544 0.0125783 0.0135048 0.0143905 0.0152082 0.0160497 0.0172023 0.0174471 0.0180081 0.0190281 0.0192066 0.0198458 0.0204833 0.0205581 0.0211412 0.0215271 0.0213622 0.0216478 0.0218297 0.0218756 0.0217923 0.0218076 0.0214047 0.0212126 0.0212602 0.0209814 0.0206448 0.0207553 0.0200005 0.0197523 0.0191284 0.019125 0.0184943 0.0183447 0.0177276 0.0173043 0.0164713 0.0161585 0.0153085 0.0149736 0.0142919 0.0138414 0.0130645 0.0122451 0.0119051 0.0112642 0.0104159 0.0097937 0.008891 0.0081549 
0.0055454 0.0060996 0.0066266 0.0068051 0.0072862 0.0077163 0.0082841 0.0086207 0.0088672 0.0092786 0.0095421 0.0099756 0.0098923 0.0104754 0.0102187 0.0104533 0.011084 0.0110245 0.0111231 0.0109973 0.0108902 0.0111724 0.010948 0.0114801 0.0113254 0.0111894 0.0110755 0.0107185 0.0106641 0.0104108 0.0102527 0.0103445 0.0101762 0.0097529 0.0096475 0.0092021 0.0093279 0.0087992 0.008687 0.0082552 0.0080614 0.0075259 0.0071757 0.0069326 0.0067167 0.006188 0.0058344 0.0056219 0.0049742 0.0047498 0.0044217 
0.0026724 0.002873 0.0029801 0.003298 0.0036805 0.0038403 0.0040494 0.0042058 0.0044251 0.0043911 0.0046988 0.0048977 0.004947 0.0049861 0.005423 0.0051476 0.0054961 0.0054247 0.005678 0.0057783 0.0057919 0.0057919 0.0058038 0.0057562 0.0056916 0.0056678 0.0056882 0.0056542 0.0055845 0.0055114 0.0056049 0.0053601 0.0053023 0.0052241 0.0051493 0.0050779 0.0048688 0.0048263 0.0046682 0.0044353 0.0043996 0.0043095 0.0038573 0.00391 0.0034782 0.0033983 0.0032419 0.0030175 0.0027506 0.0027608 0.0024718 
0.001326 0.0014484 0.0017085 0.0016983 0.0018513 0.001887 0.0019431 0.0021539 0.0022321 0.0023613 0.0023783 0.0024208 0.0024667 0.0026741 0.0027727 0.002856 0.0027829 0.0028373 0.00289 0.0028475 0.0028373 0.0028934 0.0029886 0.0029087 0.0029563 0.003009 0.0030022 0.0030209 0.0029971 0.0029121 0.0030447 0.0028101 0.0027863 0.0028322 0.0026282 0.0025993 0.0024837 0.002567 0.0025075 0.0023596 0.0022661 0.0021913 0.0021012 0.0019958 0.001887 0.0017374 0.0017357 0.0015096 0.0015657 0.0014858 0.0012427 
0.0006919 0.0007888 0.0008075 0.0008908 0.0009605 0.000969 0.0010693 0.0010608 0.0012393 0.0011679 0.0011815 0.0012138 0.0012937 0.0014144 0.0013872 0.0013974 0.0013923 0.0014824 0.0015538 0.001496 0.0015334 0.0015657 0.0016201 0.0015504 0.0014824 0.0015487 0.0014824 0.0016218 0.0015657 0.0015776 0.0015912 0.0014705 0.0015232 0.0013974 0.0014569 0.0013838 0.0013906 0.0012733 0.0011883 0.0012121 0.0011866 0.0011577 0.0010132 0.0010523 0.0010319 0.0009452 0.0009248 0.0008687 0.0008177 0.0007412 0.0007225 
