Finite rod, albedo problem, anisotropic scattering, exponential random flight, mu_t: 3 g: 0.3
Analogmu_t c: 0.7 rod_length: 3 dx: 0.0588235 numsamples: 10000000 numCollisionOrders: 10 numMoments: 10
total albedo R: 0.237498
total albedo T: 0.0118303
per-collision order albedos R: 
0 0.122614 0.0557034 0.0271757 0.0140483 0.0076386 0.0042538 0.0024229 0.0014357 0.0008555 
per-collision order albedos T: 
0.0001279 0.0004986 0.0010617 0.0015657 0.0017924 0.0017036 0.0014361 0.0011204 0.0008188 0.0005821 
Left-moving collision density:
0.681792 0.62711 0.573723 0.527964 0.4835 0.443799 0.407534 0.374462 0.343016 0.314211 0.289173 0.26436 0.243642 0.222926 0.205804 0.187875 0.17257 0.158693 0.144978 0.133035 0.121856 0.111884 0.103061 0.0939318 0.0861934 0.0788256 0.0720766 0.065773 0.0600389 0.0550834 0.049861 0.0456178 0.0415157 0.0382806 0.0346086 0.0317781 0.0280789 0.0256496 0.0233325 0.0204034 0.018428 0.0161959 0.0139417 0.0121992 0.0103632 0.0084983 0.0071213 0.005542 0.00391 0.0022882 0.0007242 
Right-moving collision density:
2.8761 2.64125 2.42207 2.22255 2.03589 1.86638 1.71891 1.57511 1.44517 1.32446 1.21868 1.1176 1.02399 0.940035 0.864737 0.792848 0.727387 0.667092 0.611772 0.561243 0.516055 0.472761 0.433971 0.398825 0.365984 0.335779 0.307819 0.281647 0.259828 0.238068 0.218795 0.200165 0.183937 0.167436 0.153413 0.141814 0.12929 0.11916 0.10881 0.0995095 0.09061 0.0841211 0.0771052 0.0703086 0.0645728 0.0589509 0.053244 0.0484993 0.0449667 0.0403138 0.0377077 
Collision Density Moments:
2.50259 1.60541 1.89193 3.00376 5.66282 11.8895 26.8191 63.6077 156.474 395.663 
Per-collision Density Moments:
0 0 0 0 0 0 0 0 0 0 
0.999872 0.332812 0.220718 0.217275 0.279425 0.435127 0.779234 1.54701 3.31613 7.53059 
0.5768 0.342145 0.323809 0.408483 0.629358 1.12009 2.21525 4.73655 10.7358 25.4341 
0.347135 0.277801 0.328542 0.489368 0.853328 1.66509 3.52683 7.93907 18.7115 45.6847 
0.214239 0.207072 0.2839 0.47342 0.898904 1.86999 4.15694 9.70837 23.5405 58.7644 
0.134157 0.147306 0.223142 0.401689 0.808229 1.75669 4.03735 9.67341 23.9271 60.675 
0.0845605 0.101555 0.164731 0.312462 0.654243 1.46589 3.44867 8.41426 21.1116 54.1466 
0.0535025 0.0684954 0.116372 0.22847 0.49089 1.12162 2.67872 6.61274 16.746 43.2701 
0.0339139 0.0453697 0.0795461 0.159872 0.349641 0.80981 1.95455 4.86531 12.4029 32.2202 
0.0214736 0.0296654 0.0531807 0.10865 0.240599 0.562666 1.36846 3.42736 8.78106 22.9062 
Per-collision Densities:
0 0 0 0 0 0 0 0 0 0 0 0 0 0 0 0 0 0 0 0 0 0 0 0 0 0 0 0 0 0 0 0 0 0 0 0 0 0 0 0 0 0 0 0 0 0 0 0 0 0 0 
2.75149 2.3077 1.93275 1.6211 1.35507 1.13474 0.955509 0.799884 0.670869 0.561466 0.47067 0.394305 0.330514 0.277185 0.232511 0.194358 0.163321 0.136641 0.114922 0.0960126 0.0807364 0.0679762 0.0564281 0.0479434 0.0397511 0.0332894 0.028016 0.0235076 0.0197387 0.0161143 0.0140114 0.0118014 0.009622 0.0081158 0.0068476 0.0058004 0.0047379 0.0039865 0.0033371 0.0027642 0.0023103 0.0019074 0.0017187 0.0013719 0.0011203 0.0009486 0.0007871 0.0006188 0.0006171 0.0004811 0.0004097 
0.443817 0.558334 0.622305 0.651537 0.654901 0.640239 0.613117 0.577284 0.538432 0.496223 0.454026 0.412396 0.372159 0.333837 0.299994 0.266293 0.236575 0.209154 0.184195 0.162413 0.142938 0.124652 0.108917 0.096356 0.0825418 0.0726954 0.0626773 0.0543864 0.0476408 0.041038 0.0356932 0.0307615 0.0264265 0.0224672 0.0195432 0.016881 0.0146557 0.0129098 0.0105944 0.0090542 0.0080461 0.006936 0.0058871 0.0049827 0.0041752 0.0037859 0.003162 0.0027132 0.0023477 0.0019278 0.0015793 
0.176644 0.198256 0.219681 0.239428 0.256387 0.268387 0.276661 0.280287 0.279135 0.274173 0.268404 0.258818 0.246823 0.234442 0.220901 0.207577 0.193501 0.179209 0.165208 0.151341 0.138756 0.126069 0.115005 0.103202 0.0938638 0.0847059 0.0761022 0.0678725 0.0611405 0.054927 0.0489651 0.0430627 0.0384608 0.0336464 0.0296939 0.0269144 0.0233563 0.0203745 0.0183872 0.0160514 0.0138108 0.012104 0.0108222 0.0096033 0.008262 0.0071808 0.0060707 0.0053499 0.0047872 0.0039423 0.003536 
0.0858823 0.0932858 0.100939 0.109487 0.116447 0.122342 0.129224 0.132931 0.135498 0.137562 0.139878 0.139813 0.137826 0.13632 0.132476 0.128202 0.12409 0.119632 0.113511 0.108496 0.102017 0.0961231 0.0908616 0.0843285 0.0789888 0.0727957 0.0676719 0.0614975 0.0577558 0.0524348 0.0475014 0.0431273 0.0402866 0.0358734 0.0325805 0.029529 0.0264248 0.0240261 0.0212245 0.0193205 0.0176919 0.0154156 0.0139179 0.0123573 0.0110262 0.0098617 0.0084456 0.0075276 0.006698 0.0057409 0.005168 
0.0442867 0.0487509 0.0526507 0.0557855 0.0595663 0.0629935 0.0655605 0.0683332 0.0706826 0.072335 0.0747864 0.0750227 0.0753457 0.0755905 0.0757163 0.0748833 0.0734842 0.0717706 0.0703494 0.0681683 0.066266 0.0637381 0.0616046 0.0590291 0.0561952 0.052972 0.0498746 0.0475184 0.0443904 0.0415242 0.0389589 0.0362763 0.0336277 0.0314211 0.0286586 0.0268209 0.0244511 0.022644 0.0209576 0.0186881 0.0168912 0.0157131 0.0140029 0.0129132 0.0117232 0.0102459 0.0094945 0.0082144 0.0075446 0.0063801 0.0058616 
0.0239666 0.0263551 0.0283118 0.0308839 0.0323408 0.0339133 0.0360162 0.0376771 0.0383707 0.0399347 0.0409326 0.0416415 0.0426377 0.0431494 0.043741 0.0435013 0.0432055 0.0429216 0.0421158 0.0418744 0.0410125 0.0400401 0.0392377 0.0377961 0.0368594 0.035462 0.0337161 0.0323493 0.0313854 0.0295647 0.0280891 0.0268702 0.0255119 0.0239853 0.0222564 0.0214506 0.0200804 0.0182886 0.0169677 0.0158899 0.0143973 0.0136051 0.0125392 0.0114631 0.0104516 0.0094588 0.0088264 0.0077503 0.0069326 0.0062662 0.0055335 
0.0130492 0.0145911 0.0161313 0.0172771 0.0182767 0.0193222 0.0203592 0.0213741 0.0221493 0.0227613 0.0234957 0.0237405 0.0247605 0.0246636 0.0254728 0.0259539 0.0255578 0.025806 0.0253674 0.0253045 0.0252518 0.0250563 0.024344 0.023596 0.0236606 0.0230112 0.0227001 0.021726 0.0204374 0.0204408 0.0193868 0.0186609 0.0177633 0.017068 0.0161653 0.0151521 0.0145622 0.0138006 0.0130339 0.0119153 0.0113441 0.010948 0.00986 0.0091154 0.0083385 0.0076925 0.0068595 0.0065467 0.0058004 0.0052275 0.0046631 
0.0076194 0.0085663 0.0091902 0.0096849 0.0104499 0.0112149 0.0119663 0.0127109 0.0131325 0.0136986 0.0137632 0.0141287 0.01479 0.0146115 0.0152303 0.0153272 0.0155091 0.0154462 0.0155924 0.0155533 0.0155244 0.0153187 0.0151827 0.015079 0.014875 0.0147951 0.0143803 0.0139638 0.0135575 0.0133756 0.012631 0.0123828 0.0118796 0.0114325 0.0112523 0.0108341 0.0099042 0.0097648 0.0093058 0.0086479 0.0081141 0.007752 0.0072862 0.0067099 0.0063801 0.0058803 0.00527 0.0047838 0.0044863 0.003944 0.0036567 
0.004386 0.0049317 0.0054179 0.0059908 0.0062271 0.0066079 0.0070023 0.0074392 0.0077877 0.0079866 0.0084388 0.0084983 0.0088298 0.0087482 0.0094911 0.0093687 0.0095625 0.0093143 0.0096645 0.009452 0.0095098 0.0096696 0.0095455 0.0094945 0.0092786 0.0092667 0.0091018 0.0089743 0.0086241 0.0086105 0.0083623 0.0081787 0.0076925 0.0078438 0.0073406 0.0070907 0.0067779 0.0065331 0.0063546 0.0061234 0.0056627 0.005287 0.0050269 0.0047328 0.0045203 0.0041667 0.0038114 0.003536 0.0031348 0.0029512 0.002703 
