Finite rod, albedo problem, anisotropic scattering, exponential random flight, mu_t: 1 g: 0.7
Analogmu_t c: 0.9 rod_length: 0.3 dx: 0.00588235 numsamples: 10000000 numCollisionOrders: 10 numMoments: 10
total albedo R: 0.0379114
total albedo T: 0.93257
per-collision order albedos R: 
0 0.0304887 0.0063753 0.0009246 0.0001122 9e-06 1.1e-06 5e-07 0 0 
per-collision order albedos T: 
0.740785 0.169861 0.02009 0.0017038 0.0001209 9.5e-06 9e-07 0 0 0 
Left-moving collision density:
0.038437 0.036992 0.035496 0.036431 0.033983 0.033456 0.033609 0.03349 0.031875 0.029189 0.030583 0.029121 0.029121 0.027608 0.026962 0.026554 0.025874 0.025381 0.024259 0.023902 0.02261 0.020961 0.021182 0.021216 0.019244 0.018768 0.017629 0.018258 0.016643 0.016422 0.016286 0.014807 0.014654 0.012665 0.012104 0.011169 0.010982 0.010013 0.009078 0.009146 0.008228 0.00748 0.006443 0.004828 0.004539 0.004029 0.002958 0.002533 0.001904 0.001224 0.000204 
Right-moving collision density:
1.00065 1.00084 0.995554 0.997815 0.988584 0.993854 0.989196 0.997815 0.987462 0.986646 0.994891 0.983977 0.980186 0.977058 0.979693 0.981036 0.981427 0.979625 0.975579 0.97444 0.971278 0.969051 0.976497 0.970768 0.965702 0.966093 0.962795 0.962608 0.956964 0.958307 0.95727 0.955757 0.962608 0.952238 0.953564 0.947988 0.955774 0.952119 0.943602 0.947036 0.939947 0.942327 0.956029 0.945319 0.94452 0.938621 0.944673 0.942939 0.94163 0.939692 0.931889 
Collision Density Moments:
0.29572 0.0435786 0.00864002 0.00193407 0.000462626 0.000115384 2.96183e-05 7.76421e-06 2.06818e-06 5.57899e-07 
Per-collision Density Moments:
0 0 0 0 0 0 0 0 0 0 
0.259215 0.0369417 0.0072016 0.00159588 0.000379185 9.41249e-05 2.40758e-05 6.29403e-06 1.67292e-06 4.5048e-07 
0.0329611 0.00599353 0.001296 0.000304063 7.48943e-05 1.90561e-05 4.96265e-06 1.31517e-06 3.53318e-07 9.59596e-08 
0.0032342 0.000591788 0.000131222 3.14436e-05 7.87239e-06 2.02863e-06 5.33643e-07 1.4258e-07 3.85625e-08 1.05328e-08 
0.0002837 4.72699e-05 1.02515e-05 2.44897e-06 6.1479e-07 1.59096e-07 4.20343e-08 1.12765e-08 3.06103e-09 8.38793e-10 
2.32e-05 3.85739e-06 8.58464e-07 2.1062e-07 5.41156e-08 1.42879e-08 3.84219e-09 1.04711e-09 2.88306e-10 8.00278e-11 
2.5e-06 4.10735e-07 8.87599e-08 2.14706e-08 5.4776e-09 1.44182e-09 3.87663e-10 1.0587e-10 2.92598e-11 8.16269e-12 
5e-07 4.49283e-08 4.74056e-09 5.77193e-10 7.80251e-11 1.12714e-11 1.69305e-12 2.60032e-13 4.04461e-14 6.3368e-15 
0 0 0 0 0 0 0 0 0 0 
0 0 0 0 0 0 0 0 0 0 
Per-collision Densities:
0 0 0 0 0 0 0 0 0 0 0 0 0 0 0 0 0 0 0 0 0 0 0 0 0 0 0 0 0 0 0 0 0 0 0 0 0 0 0 0 0 0 0 0 0 0 0 0 0 0 0 
0.99858 0.993769 0.983195 0.982583 0.968422 0.968898 0.959956 0.963662 0.950759 0.945064 0.948685 0.934286 0.926959 0.919564 0.918561 0.913767 0.909721 0.906236 0.895118 0.89182 0.88315 0.878288 0.883048 0.871029 0.864467 0.86377 0.855287 0.847875 0.838797 0.836672 0.834972 0.830841 0.831419 0.817989 0.812311 0.809234 0.808894 0.803369 0.792285 0.790993 0.783105 0.780793 0.786641 0.775319 0.771732 0.762756 0.76602 0.758506 0.753355 0.752097 0.741965 
0.033422 0.036873 0.040698 0.044217 0.046614 0.051391 0.055879 0.060248 0.061438 0.063427 0.068952 0.071434 0.07463 0.076993 0.080155 0.085697 0.089301 0.090406 0.096169 0.097784 0.101558 0.10319 0.105247 0.111061 0.110126 0.111265 0.11441 0.121397 0.123828 0.126956 0.126327 0.126854 0.132872 0.133909 0.139366 0.136017 0.143429 0.144636 0.145197 0.148665 0.148835 0.1513 0.157947 0.157607 0.159681 0.161398 0.162214 0.165376 0.170017 0.168861 0.168113 
0.00612 0.00629 0.006018 0.006392 0.006783 0.006341 0.006018 0.006239 0.006239 0.006511 0.006936 0.006579 0.00663 0.00731 0.007021 0.007276 0.007344 0.007395 0.007616 0.008024 0.008398 0.007718 0.008755 0.009146 0.009571 0.009214 0.009894 0.010472 0.010251 0.010421 0.011543 0.011917 0.011883 0.012053 0.013056 0.01292 0.013175 0.013124 0.01411 0.015147 0.015096 0.016456 0.016541 0.015895 0.016337 0.017153 0.017765 0.019771 0.018479 0.018309 0.020162 
0.000901 0.000833 0.001003 0.000986 0.00068 0.000612 0.000867 0.000969 0.000782 0.000765 0.000765 0.000748 0.001003 0.000731 0.000867 0.000833 0.000833 0.000867 0.00085 0.000714 0.000697 0.000748 0.000595 0.000663 0.000748 0.000544 0.000782 0.001088 0.000697 0.000595 0.000663 0.000884 0.000986 0.000901 0.00085 0.000935 0.001156 0.000918 0.000952 0.001207 0.001105 0.001207 0.001241 0.001241 0.001207 0.001241 0.001547 0.001632 0.001411 0.001547 0.001632 
6.8e-05 6.8e-05 0.000136 6.8e-05 6.8e-05 5.1e-05 5.1e-05 0.000153 0.000119 5.1e-05 0.000102 5.1e-05 6.8e-05 5.1e-05 5.1e-05 1.7e-05 6.8e-05 8.5e-05 6.8e-05 0 8.5e-05 5.1e-05 3.4e-05 8.5e-05 3.4e-05 6.8e-05 3.4e-05 3.4e-05 3.4e-05 8.5e-05 1.7e-05 6.8e-05 6.8e-05 5.1e-05 8.5e-05 5.1e-05 6.8e-05 8.5e-05 0.000119 0.00017 3.4e-05 5.1e-05 0.000102 5.1e-05 0.000102 8.5e-05 8.5e-05 0.00017 0.000272 8.5e-05 0.000187 
0 0 0 0 0 1.7e-05 3.4e-05 3.4e-05 0 0 1.7e-05 0 1.7e-05 0 0 0 1.7e-05 1.7e-05 1.7e-05 0 0 1.7e-05 0 0 0 0 0 0 0 0 3.4e-05 0 3.4e-05 0 0 0 3.4e-05 0 1.7e-05 0 0 0 0 3.4e-05 0 1.7e-05 0 1.7e-05 0 1.7e-05 3.4e-05 
0 0 0 0 0 0 0 0 0 1.7e-05 1.7e-05 0 0 1.7e-05 0 0 1.7e-05 0 0 0 0 0 0 0 0 0 1.7e-05 0 0 0 0 0 0 0 0 0 0 0 0 0 0 0 0 0 0 0 0 0 0 0 0 
0 0 0 0 0 0 0 0 0 0 0 0 0 0 0 0 0 0 0 0 0 0 0 0 0 0 0 0 0 0 0 0 0 0 0 0 0 0 0 0 0 0 0 0 0 0 0 0 0 0 0 
0 0 0 0 0 0 0 0 0 0 0 0 0 0 0 0 0 0 0 0 0 0 0 0 0 0 0 0 0 0 0 0 0 0 0 0 0 0 0 0 0 0 0 0 0 0 0 0 0 0 0 
