Finite rod, albedo problem, anisotropic scattering, exponential random flight, mu_t: 3 g: 0.3
Analogmu_t c: 0.7 rod_length: 0.3 dx: 0.00588235 numsamples: 10000000 numCollisionOrders: 10 numMoments: 10
total albedo R: 0.141788
total albedo T: 0.623448
per-collision order albedos R: 
0 0.102199 0.0298206 0.0075659 0.0017356 0.0003675 7.94e-05 1.6e-05 3.4e-06 1.1e-06 
per-collision order albedos T: 
0.406604 0.166376 0.0399439 0.0083059 0.0017432 0.0003727 8.23e-05 1.63e-05 3.4e-06 7e-07 
Left-moving collision density:
0.424711 0.416364 0.404039 0.395284 0.387634 0.378284 0.368424 0.360026 0.350557 0.342601 0.334339 0.324955 0.314551 0.306272 0.299013 0.291244 0.281656 0.278103 0.26809 0.259131 0.249781 0.241927 0.231387 0.221527 0.219011 0.206295 0.199852 0.192423 0.182427 0.178092 0.168606 0.157658 0.151759 0.141627 0.133875 0.126055 0.116297 0.108613 0.101677 0.093704 0.084762 0.07871 0.067456 0.05916 0.052547 0.043673 0.036516 0.02873 0.018411 0.011985 0.003706 
Right-moving collision density:
2.99317 2.96014 2.93697 2.89915 2.88396 2.8644 2.82712 2.80757 2.7787 2.74251 2.72597 2.69618 2.67855 2.66179 2.64704 2.61659 2.58 2.55928 2.52866 2.5128 2.49818 2.46053 2.43739 2.41259 2.40774 2.37113 2.34693 2.33503 2.30763 2.2957 2.27302 2.25933 2.23137 2.21809 2.18637 2.17189 2.13816 2.12406 2.10873 2.09394 2.06968 2.04537 2.03162 1.99553 1.98791 1.96613 1.96197 1.94167 1.91316 1.89649 1.87529 
Collision Density Moments:
0.782099 0.105668 0.0200071 0.00435263 0.00102113 0.000251129 6.37812e-05 1.65813e-05 4.38746e-06 1.17709e-06 
Per-collision Density Moments:
0 0 0 0 0 0 0 0 0 0 
0.593396 0.0758223 0.0139646 0.00299003 0.00069437 0.000169582 4.28535e-05 1.10985e-05 2.92803e-06 7.83694e-07 
0.146628 0.0232546 0.00470014 0.00105787 0.000253278 6.31268e-05 1.61838e-05 4.23647e-06 1.12692e-06 3.03599e-07 
0.0329052 0.00519678 0.00106147 0.000241253 5.82048e-05 1.45919e-05 3.75767e-06 9.87055e-07 2.63268e-07 7.10761e-08 
0.0071862 0.00109528 0.000221038 5.00127e-05 1.20498e-05 3.02142e-06 7.78839e-07 2.04881e-07 5.47401e-08 1.48062e-08 
0.0015477 0.000233654 4.68204e-05 1.05417e-05 2.53037e-06 6.32498e-07 1.62591e-07 4.26625e-08 1.13715e-08 3.0689e-09 
0.0003408 5.12112e-05 1.02568e-05 2.30761e-06 5.53337e-07 1.38152e-07 3.54719e-08 9.29767e-09 2.47606e-09 6.67778e-10 
7.42e-05 1.09676e-05 2.18294e-06 4.90258e-07 1.17597e-07 2.93983e-08 7.56088e-09 1.98527e-09 5.29587e-10 1.43045e-10 
1.53e-05 2.2706e-06 4.49153e-07 9.98581e-08 2.36885e-08 5.85971e-09 1.49292e-09 3.8882e-10 1.03001e-10 2.76553e-11 
4e-06 5.19402e-07 9.17563e-08 1.87834e-08 4.20711e-09 1.00137e-09 2.49037e-10 6.40119e-11 1.68761e-11 4.53807e-12 
Per-collision Densities:
0 0 0 0 0 0 0 0 0 0 0 0 0 0 0 0 0 0 0 0 0 0 0 0 0 0 0 0 0 0 0 0 0 0 0 0 0 0 0 0 0 0 0 0 0 0 0 0 0 0 0 
2.98035 2.92199 2.87371 2.81279 2.7735 2.732 2.67099 2.63223 2.58034 2.52555 2.49274 2.44377 2.40587 2.37271 2.33376 2.2915 2.23756 2.19827 2.15846 2.13102 2.09889 2.04365 2.0102 1.9753 1.95259 1.90832 1.86973 1.84489 1.81145 1.78655 1.75379 1.72596 1.69558 1.66343 1.62993 1.60488 1.56903 1.54496 1.52575 1.49625 1.4681 1.43954 1.41848 1.3812 1.36393 1.3413 1.33149 1.29955 1.274 1.2511 1.22845 
0.31654 0.331415 0.345049 0.358751 0.376771 0.385645 0.400877 0.409972 0.420971 0.435693 0.439263 0.447763 0.457912 0.466123 0.480403 0.483752 0.491419 0.50218 0.502775 0.503931 0.511581 0.517259 0.520574 0.519945 0.531335 0.527289 0.534769 0.539189 0.535024 0.542674 0.539733 0.543575 0.539002 0.54536 0.541671 0.542725 0.534667 0.537081 0.533596 0.536588 0.534004 0.530927 0.527 0.522971 0.523566 0.514896 0.513094 0.518415 0.505478 0.504951 0.500633 
0.091562 0.092803 0.091443 0.093959 0.091885 0.095625 0.094265 0.095863 0.097223 0.094928 0.098702 0.100385 0.099127 0.100317 0.102153 0.10217 0.102714 0.106386 0.105213 0.105961 0.108171 0.110347 0.108069 0.109497 0.111537 0.111996 0.111945 0.112268 0.112778 0.113815 0.117946 0.1173 0.118014 0.118609 0.117198 0.119612 0.119986 0.118184 0.119867 0.122434 0.120717 0.122468 0.122111 0.120071 0.1224 0.122077 0.122128 0.12172 0.120904 0.120071 0.11696 
0.023222 0.023596 0.02414 0.02227 0.022712 0.023154 0.023103 0.022933 0.024276 0.023086 0.022508 0.022763 0.023596 0.022797 0.023392 0.023239 0.023324 0.023511 0.022848 0.024123 0.022746 0.024786 0.023613 0.023256 0.024769 0.023443 0.024038 0.024803 0.023851 0.024021 0.023596 0.023936 0.023324 0.025075 0.02482 0.02431 0.024684 0.025585 0.024412 0.025262 0.024548 0.024582 0.024871 0.023732 0.024021 0.024599 0.025602 0.024531 0.02431 0.025432 0.026503 
0.004709 0.005134 0.0051 0.005202 0.005287 0.004794 0.004964 0.005151 0.005219 0.004624 0.005389 0.004981 0.005049 0.004896 0.004828 0.005593 0.005253 0.005406 0.005763 0.005423 0.005151 0.005032 0.004777 0.004777 0.005202 0.005236 0.004947 0.004658 0.00544 0.005508 0.00527 0.004981 0.005627 0.005508 0.005015 0.005117 0.004675 0.005372 0.005236 0.005389 0.005423 0.005219 0.005117 0.005219 0.005253 0.00578 0.004862 0.004692 0.005423 0.005304 0.005134 
0.001173 0.001207 0.001241 0.001071 0.001122 0.001054 0.001088 0.001207 0.001003 0.000884 0.001343 0.001122 0.00119 0.00102 0.00119 0.001173 0.001105 0.001224 0.001343 0.001173 0.00102 0.001037 0.001224 0.000935 0.001105 0.000986 0.001156 0.001275 0.001207 0.001071 0.001037 0.000833 0.00119 0.001207 0.001411 0.001054 0.001071 0.001156 0.00119 0.001411 0.001275 0.00119 0.001122 0.001258 0.00102 0.000986 0.000986 0.001122 0.001088 0.001343 0.001037 
0.000255 0.000289 0.000238 0.000306 0.000289 0.00034 0.00017 0.000221 0.000153 0.000255 0.000272 0.000238 0.000289 0.00017 0.000238 0.000289 0.000238 0.000357 0.000289 0.000204 0.00034 0.000289 0.000238 0.000323 0.000204 0.000102 0.00017 0.000306 0.000238 0.000136 0.00017 0.00034 0.000221 0.00034 0.00017 0.000221 0.000289 0.000289 0.000289 0.000255 0.000272 0.000119 0.00034 0.000238 0.000187 0.000102 0.000221 0.00034 0.000323 0.000221 0.000221 
5.1e-05 5.1e-05 6.8e-05 6.8e-05 3.4e-05 5.1e-05 5.1e-05 1.7e-05 5.1e-05 6.8e-05 6.8e-05 6.8e-05 3.4e-05 1.7e-05 6.8e-05 6.8e-05 3.4e-05 3.4e-05 6.8e-05 6.8e-05 3.4e-05 5.1e-05 8.5e-05 6.8e-05 1.7e-05 5.1e-05 1.7e-05 6.8e-05 1.7e-05 0 6.8e-05 6.8e-05 0.000102 0.000153 3.4e-05 1.7e-05 5.1e-05 5.1e-05 5.1e-05 5.1e-05 8.5e-05 1.7e-05 3.4e-05 0 8.5e-05 5.1e-05 6.8e-05 3.4e-05 5.1e-05 5.1e-05 3.4e-05 
1.7e-05 1.7e-05 1.7e-05 1.7e-05 0 1.7e-05 1.7e-05 0 1.7e-05 1.7e-05 0 3.4e-05 3.4e-05 1.7e-05 1.7e-05 3.4e-05 1.7e-05 1.7e-05 0 3.4e-05 3.4e-05 0 0 1.7e-05 0 0 1.7e-05 0 5.1e-05 1.7e-05 1.7e-05 0 5.1e-05 3.4e-05 0 0 0 0 1.7e-05 0 1.7e-05 1.7e-05 0 0 0 1.7e-05 1.7e-05 0 0 0 1.7e-05 
