Finite rod, albedo problem, anisotropic scattering, exponential random flight, mu_t: 1 g: -0.5
Analogmu_t c: 0.3 rod_length: 1 dx: 0.0196078 numsamples: 10000000 numCollisionOrders: 10 numMoments: 10
total albedo R: 0.103144
total albedo T: 0.402508
per-collision order albedos R: 
0 0.0972359 0.0049967 0.0008142 8.38e-05 1.16e-05 1.5e-06 0 0 0 
per-collision order albedos T: 
0.367899 0.0275398 0.0063579 0.0006079 9.17e-05 1.07e-05 1.3e-06 2e-07 0 0 
Left-moving collision density:
0.102051 0.100297 0.0975069 0.0946458 0.0919581 0.089199 0.0881892 0.0849558 0.0828648 0.0795447 0.0785451 0.0755871 0.0728433 0.0719763 0.0692325 0.0668355 0.0658155 0.0626331 0.0609807 0.0588897 0.0568089 0.0549372 0.0519894 0.0505971 0.0492048 0.0462417 0.0447984 0.0427431 0.0410193 0.0394995 0.0380256 0.0362763 0.0346086 0.0311202 0.0300033 0.028152 0.0255153 0.0243474 0.0221646 0.0207876 0.0185436 0.0172176 0.0150909 0.0132243 0.0115209 0.0097359 0.0079917 0.006375 0.0044829 0.0027591 0.0009639 
Right-moving collision density:
0.992674 0.973641 0.959738 0.940542 0.923064 0.90782 0.891194 0.876675 0.857805 0.849563 0.827251 0.816745 0.803918 0.788542 0.775103 0.756605 0.746951 0.734313 0.721497 0.704973 0.694018 0.681243 0.671124 0.659277 0.650362 0.635501 0.624816 0.614601 0.603116 0.594277 0.585592 0.569094 0.559506 0.550846 0.543966 0.531471 0.518848 0.51385 0.503803 0.491956 0.485479 0.479272 0.471235 0.459219 0.450967 0.445791 0.438003 0.427681 0.422632 0.411907 0.402395 
Collision Density Moments:
0.706113 0.295309 0.179176 0.126845 0.0976086 0.0791022 0.0663931 0.0571507 0.0501381 0.0446411 
Per-collision Density Moments:
0 0 0 0 0 0 0 0 0 0 
0.632101 0.264127 0.160493 0.113828 0.0877443 0.0712168 0.0598534 0.0515795 0.0452944 0.0403623 
0.064758 0.0265329 0.0156675 0.0108184 0.00814857 0.00648525 0.00536071 0.00455488 0.00395176 0.00348487 
0.0081231 0.00410907 0.00267342 0.00195247 0.00152569 0.00124629 0.00105043 0.000906133 0.000795748 0.000708772 
0.0009964 0.000473391 0.00029952 0.000214939 0.000165777 0.00013399 0.000111916 9.57772e-05 8.35111e-05 7.39012e-05 
0.0001158 5.80399e-05 3.74958e-05 2.72737e-05 2.12674e-05 1.73526e-05 1.46125e-05 1.25924e-05 1.10437e-05 9.81964e-06 
1.54e-05 7.17602e-06 4.54101e-06 3.28147e-06 2.55732e-06 2.09266e-06 1.77215e-06 1.53966e-06 1.36472e-06 1.22935e-06 
2.3e-06 1.13725e-06 7.06401e-07 4.98399e-07 3.81483e-07 3.09884e-07 2.63567e-07 2.32341e-07 2.10528e-07 1.94771e-07 
3e-07 1.27167e-07 7.70125e-08 5.66782e-08 4.48014e-08 3.62034e-08 2.94455e-08 2.39941e-08 1.95627e-08 1.59523e-08 
1e-07 7.3458e-08 5.39608e-08 3.96385e-08 2.91177e-08 2.13893e-08 1.57121e-08 1.15418e-08 8.4784e-09 6.22807e-09 
Per-collision Densities:
0 0 0 0 0 0 0 0 0 0 0 0 0 0 0 0 0 0 0 0 0 0 0 0 0 0 0 0 0 0 0 0 0 0 0 0 0 0 0 0 0 0 0 0 0 0 0 0 0 0 0 
0.99169 0.970708 0.955046 0.934407 0.914777 0.898273 0.879903 0.864317 0.843877 0.834222 0.810676 0.798706 0.784747 0.768692 0.754152 0.734599 0.724103 0.710731 0.696961 0.679708 0.668314 0.654957 0.6436 0.630788 0.620935 0.605997 0.59442 0.583471 0.571766 0.562367 0.553712 0.536581 0.527197 0.518221 0.511005 0.498051 0.4845 0.479844 0.469572 0.457745 0.450575 0.444822 0.436591 0.424004 0.416746 0.410626 0.403665 0.393276 0.388401 0.37739 0.367741 
0.0964818 0.0964002 0.0951966 0.0936666 0.0925701 0.0908514 0.0912849 0.0888879 0.0879597 0.0859809 0.0859809 0.0841449 0.0823497 0.0819519 0.0801414 0.07905 0.0780759 0.076041 0.0750057 0.0737664 0.0719355 0.0705534 0.0690336 0.0684777 0.067932 0.0657492 0.0646578 0.0630207 0.0618171 0.0610419 0.0598434 0.0583746 0.0566508 0.053499 0.0526983 0.0516681 0.0498729 0.0488274 0.0468894 0.0455991 0.0440895 0.0427533 0.0409938 0.039117 0.0375819 0.0367404 0.0345525 0.0330735 0.0312732 0.0301869 0.0283662 
0.0055284 0.0057018 0.0059721 0.0060384 0.0065637 0.0067422 0.0071349 0.0072777 0.0076959 0.0076755 0.0078642 0.0082773 0.0083691 0.0086088 0.0087618 0.0085068 0.0092004 0.0089862 0.0093534 0.0091494 0.0092616 0.0094197 0.0092106 0.009282 0.0093279 0.008772 0.0092973 0.0095574 0.0093993 0.0090984 0.0088587 0.0092769 0.0090882 0.0089505 0.0090525 0.0088281 0.0089046 0.0083997 0.0084762 0.0083589 0.0082569 0.007854 0.0078438 0.008313 0.0071859 0.0072675 0.0068748 0.006783 0.0067677 0.006375 0.006528 
0.0009333 0.0010353 0.0009129 0.0009486 0.0009996 0.0010557 0.0009435 0.0010659 0.0010047 0.0010659 0.0011271 0.0010914 0.0011475 0.0011169 0.0011271 0.0011424 0.0011628 0.0010761 0.0010251 0.0010302 0.0011322 0.0011118 0.0011526 0.0011628 0.0012444 0.0010659 0.0010914 0.0011475 0.0009792 0.0010863 0.0010506 0.0010149 0.0010506 0.0011883 0.0010557 0.0009282 0.0009231 0.0009639 0.0009435 0.000918 0.0009894 0.0009333 0.0007854 0.0008619 0.0008619 0.0007701 0.0007497 0.0008007 0.0006069 0.0006375 0.0005967 
7.65e-05 7.65e-05 9.18e-05 0.000102 0.000102 9.18e-05 8.16e-05 6.63e-05 0.0001224 0.0001428 0.0001224 9.18e-05 0.0001377 0.0001173 0.0001326 0.0001173 0.0001989 7.14e-05 0.0001071 0.0001989 0.0001632 0.0001224 0.0001173 0.0001224 0.0001122 0.0001479 0.0001326 0.0001377 0.0001428 0.000153 0.0001479 9.69e-05 0.0001071 0.000102 0.0001428 0.0001224 0.0001428 0.0001428 7.14e-05 8.67e-05 9.69e-05 0.0001122 9.18e-05 0.0001479 0.000102 0.0001071 0.0001428 0.0001173 6.12e-05 7.14e-05 9.18e-05 
1.53e-05 1.53e-05 2.55e-05 2.55e-05 1.02e-05 5.1e-06 2.04e-05 1.53e-05 1.02e-05 2.04e-05 2.04e-05 1.53e-05 0 2.04e-05 2.04e-05 2.04e-05 2.04e-05 4.08e-05 2.55e-05 1.02e-05 1.53e-05 1.53e-05 0 3.57e-05 1.02e-05 5.1e-06 1.53e-05 1.02e-05 2.55e-05 2.04e-05 5.1e-06 2.04e-05 2.04e-05 5.1e-06 1.02e-05 2.04e-05 1.02e-05 1.53e-05 1.02e-05 3.57e-05 1.53e-05 1.02e-05 2.04e-05 0 1.02e-05 1.53e-05 1.02e-05 5.1e-06 5.1e-06 0 3.06e-05 
0 0 0 0 0 0 1.53e-05 0 0 0 0 5.1e-06 5.1e-06 1.02e-05 0 5.1e-06 0 0 0 0 5.1e-06 0 0 5.1e-06 5.1e-06 5.1e-06 0 0 5.1e-06 1.02e-05 0 5.1e-06 0 0 5.1e-06 5.1e-06 1.02e-05 0 5.1e-06 0 0 0 0 0 0 0 0 0 0 5.1e-06 5.1e-06 
0 0 0 0 0 0 0 0 0 0 5.1e-06 0 5.1e-06 0 0 0 0 0 0 0 0 0 0 0 0 0 0 0 0 0 0 0 0 0 0 0 0 0 0 0 0 5.1e-06 0 0 0 0 0 0 0 0 0 
0 0 0 0 0 0 0 0 0 0 0 0 0 0 0 0 0 0 0 0 0 0 0 0 0 0 0 0 0 0 0 0 0 0 0 0 0 5.1e-06 0 0 0 0 0 0 0 0 0 0 0 0 0 
