Finite rod, albedo problem, anisotropic scattering, exponential random flight, mu_t: 3 g: 0.7
Analogmu_t c: 0.9 rod_length: 1 dx: 0.0196078 numsamples: 10000000 numCollisionOrders: 10 numMoments: 10
total albedo R: 0.223386
total albedo T: 0.521813
per-collision order albedos R: 
0 0.0673118 0.0507405 0.0374369 0.0263451 0.017414 0.0107961 0.0062597 0.0034459 0.0017854 
per-collision order albedos T: 
0.0498186 0.114196 0.132184 0.103616 0.062518 0.0317082 0.0146976 0.0066287 0.0031413 0.0015859 
Left-moving collision density:
0.662266 0.650928 0.631931 0.624158 0.601729 0.591671 0.578034 0.562734 0.551004 0.534735 0.523454 0.509949 0.493726 0.483852 0.466619 0.453217 0.441012 0.425988 0.413166 0.401191 0.387605 0.375151 0.35955 0.347545 0.336952 0.320754 0.306683 0.295173 0.283193 0.27233 0.258922 0.24354 0.233692 0.219529 0.206749 0.193096 0.181172 0.169208 0.155081 0.144029 0.131422 0.11885 0.105733 0.0925548 0.0802995 0.0680238 0.0562071 0.0431511 0.0313395 0.0184161 0.0062373 
Right-moving collision density:
2.98721 2.94144 2.90383 2.8818 2.84369 2.80485 2.7745 2.73935 2.71006 2.67384 2.64288 2.60944 2.5751 2.54542 2.51949 2.47614 2.4544 2.42057 2.39401 2.35936 2.33173 2.30072 2.2769 2.24388 2.21986 2.19217 2.16297 2.12627 2.11158 2.08615 2.06258 2.03227 1.99938 1.97501 1.9522 1.92357 1.90104 1.87488 1.86098 1.83345 1.80316 1.77869 1.7629 1.73337 1.70975 1.68053 1.66443 1.64422 1.62224 1.5947 1.57237 
Collision Density Moments:
2.54774 1.09931 0.677002 0.48326 0.373776 0.303939 0.255718 0.220509 0.193714 0.172662 
Per-collision Density Moments:
0 0 0 0 0 0 0 0 0 0 
0.950181 0.266952 0.128186 0.078393 0.0547305 0.0414296 0.0330799 0.0274169 0.023352 0.0203059 
0.673556 0.309829 0.18669 0.129359 0.0974752 0.0775929 0.06417 0.0545676 0.0473903 0.0418389 
0.423397 0.235353 0.158624 0.117855 0.0930093 0.0764675 0.064745 0.0560432 0.0493481 0.0440486 
0.239925 0.141954 0.100778 0.0777401 0.0630527 0.0529114 0.0455117 0.0398873 0.0354753 0.0319263 
0.127036 0.0743616 0.0534656 0.041839 0.0343627 0.029138 0.0252793 0.0223136 0.0199641 0.0180576 
0.0652861 0.0362878 0.0257544 0.0201202 0.0165591 0.0140872 0.0122643 0.0108619 0.00974833 0.00884217 
0.0332467 0.0173295 0.0119653 0.00922443 0.0075402 0.00639177 0.00555471 0.00491567 0.00441085 0.00400147 
0.0170444 0.00845395 0.00569523 0.00432813 0.00350604 0.00295426 0.00255677 0.00225599 0.00201998 0.00182961 
0.0087592 0.00424271 0.00281738 0.0021209 0.00170652 0.00143071 0.00123336 0.00108485 0.000968859 0.000875654 
Per-collision Densities:
0 0 0 0 0 0 0 0 0 0 0 0 0 0 0 0 0 0 0 0 0 0 0 0 0 0 0 0 0 0 0 0 0 0 0 0 0 0 0 0 0 0 0 0 0 0 0 0 0 0 0 
2.91948 2.74206 2.584 2.44749 2.30314 2.16823 2.05032 1.92829 1.82151 1.71535 1.62211 1.52773 1.43422 1.35404 1.2799 1.20148 1.13644 1.07043 1.01214 0.949135 0.896458 0.847018 0.799843 0.751913 0.710838 0.670211 0.631961 0.592528 0.564279 0.531114 0.501432 0.470878 0.443164 0.414905 0.396 0.371071 0.350865 0.330409 0.313308 0.293959 0.278062 0.260992 0.2471 0.231892 0.219713 0.204051 0.19379 0.185574 0.173227 0.162772 0.152434 
0.259707 0.370867 0.464447 0.549805 0.621537 0.684491 0.735257 0.780152 0.818555 0.850425 0.869902 0.890322 0.905255 0.914415 0.920963 0.917837 0.923727 0.915129 0.906831 0.898523 0.886982 0.872967 0.859222 0.844295 0.826985 0.813287 0.794121 0.771064 0.755922 0.737863 0.716392 0.696012 0.673654 0.652978 0.633966 0.612862 0.593492 0.573291 0.555191 0.538167 0.518415 0.498964 0.482348 0.462453 0.4455 0.428645 0.413345 0.396902 0.38044 0.366022 0.351456 
0.152954 0.160242 0.169315 0.18564 0.199696 0.21677 0.236956 0.259105 0.279388 0.300186 0.321754 0.341822 0.361733 0.383857 0.401492 0.415635 0.432429 0.447816 0.461938 0.474795 0.48653 0.497964 0.506348 0.513193 0.522949 0.523525 0.52966 0.531547 0.535097 0.538891 0.540008 0.538371 0.534194 0.535204 0.528334 0.523943 0.520001 0.515809 0.512173 0.502967 0.492206 0.488162 0.48069 0.470832 0.460571 0.450483 0.440298 0.43246 0.424641 0.41185 0.400834 
0.112577 0.114046 0.114903 0.116688 0.117004 0.121303 0.12522 0.128663 0.135543 0.138348 0.144672 0.150991 0.157809 0.165148 0.172645 0.181208 0.188358 0.195248 0.20502 0.215047 0.222141 0.229566 0.239144 0.246126 0.256183 0.261732 0.267673 0.27437 0.279725 0.287329 0.295122 0.300895 0.304256 0.309983 0.312916 0.315124 0.317511 0.319913 0.323411 0.325507 0.326614 0.324829 0.328807 0.32666 0.326074 0.323156 0.323008 0.321861 0.320056 0.314206 0.311824 
0.0793713 0.079815 0.0794019 0.0806514 0.0796926 0.0815796 0.0822579 0.0832575 0.0844407 0.0832269 0.0855321 0.0865164 0.0882963 0.0902394 0.0920397 0.0928302 0.094299 0.0989553 0.101235 0.102852 0.106575 0.108395 0.110272 0.115224 0.117973 0.121829 0.123456 0.128066 0.133564 0.136797 0.139791 0.141703 0.147324 0.149359 0.153597 0.157162 0.160936 0.162782 0.166928 0.169269 0.170988 0.17287 0.176776 0.17823 0.178898 0.181575 0.183993 0.182463 0.184798 0.185242 0.185518 
0.0523719 0.0529635 0.0523872 0.0537081 0.053397 0.0530145 0.0513162 0.05304 0.0530961 0.0524127 0.0544884 0.0535704 0.053448 0.0540906 0.0534786 0.0544527 0.0542028 0.0546618 0.0553146 0.0549321 0.0564111 0.0567681 0.0572781 0.0577269 0.0578289 0.059517 0.0595476 0.0612561 0.0623781 0.0630564 0.0648057 0.0642447 0.0669936 0.0676668 0.0695385 0.0706809 0.0731238 0.075174 0.0768876 0.0784737 0.0795039 0.0822324 0.0826353 0.0841194 0.0856086 0.0868122 0.0897498 0.090117 0.0925293 0.0922539 0.0943245 
0.03264 0.0322728 0.031467 0.0324003 0.0323187 0.0326349 0.0323238 0.0321504 0.0314262 0.0318903 0.0314823 0.0317985 0.0315129 0.0320892 0.0310182 0.0311661 0.0306255 0.030243 0.0303501 0.0310794 0.0302124 0.0293046 0.0305082 0.0300849 0.0306153 0.0304572 0.0306357 0.0305133 0.0309162 0.0310284 0.0311049 0.0310386 0.0311763 0.031722 0.0324921 0.0331959 0.0336753 0.0343026 0.0344607 0.0352971 0.0349146 0.0360162 0.036312 0.0369291 0.0382347 0.0389844 0.040545 0.0407643 0.041259 0.0426309 0.0433602 
0.0190179 0.019125 0.0188088 0.0187476 0.0190383 0.0182172 0.0183804 0.0178143 0.0179163 0.0173808 0.0171615 0.0175236 0.0173247 0.0171768 0.0167484 0.0166209 0.0173706 0.0163506 0.0163965 0.0163302 0.0163914 0.0163812 0.0162945 0.0157692 0.0164883 0.0155856 0.0157947 0.0154887 0.0158814 0.0159426 0.0158559 0.0159987 0.0153918 0.0155091 0.0156723 0.0157284 0.0164016 0.0155703 0.0162384 0.016524 0.0165699 0.0164577 0.0167382 0.0171615 0.0179367 0.0177072 0.0181305 0.0187017 0.0183039 0.0192882 0.0199104 
0.010149 0.0101694 0.0100674 0.009996 0.0096237 0.0098022 0.010047 0.0099654 0.0094452 0.0097512 0.0095574 0.0092616 0.0093432 0.0090015 0.0086394 0.0086955 0.0086088 0.0089352 0.0085782 0.008772 0.0085935 0.0085527 0.0085221 0.0085782 0.0083742 0.0080886 0.0080223 0.0081447 0.008262 0.008058 0.0080223 0.0079152 0.0080784 0.0082059 0.0080325 0.0080376 0.0076551 0.0081549 0.0083334 0.0081345 0.0080784 0.0079203 0.0082059 0.0085884 0.0084915 0.0083334 0.0084558 0.0090984 0.0091902 0.0092616 0.0089199 
