Finite rod, albedo problem, anisotropic scattering, exponential random flight, mu_t: 3 g: -0.5
Analogmu_t c: 0.7 rod_length: 3 dx: 0.0588235 numsamples: 10000000 numCollisionOrders: 10 numMoments: 10
total albedo R: 0.359131
total albedo T: 0.0028417
per-collision order albedos R: 
0 0.262367 0.0459501 0.0261999 0.0108557 0.006093 0.0031766 0.0018419 0.0010471 0.00062 
per-collision order albedos T: 
0.0001221 0.0001894 0.0003039 0.000338 0.0003542 0.0003193 0.0002844 0.0002295 0.0001826 0.0001395 
Left-moving collision density:
1.01984 0.910981 0.814133 0.728044 0.649956 0.580849 0.519447 0.465168 0.416121 0.369951 0.330742 0.297196 0.26375 0.237167 0.211572 0.189111 0.168516 0.150637 0.135019 0.121511 0.107573 0.0955213 0.0868598 0.0764133 0.067932 0.0606832 0.055114 0.0488189 0.0437172 0.0392717 0.034646 0.0311406 0.0276148 0.0247605 0.0219759 0.0194531 0.0170102 0.0154581 0.0134674 0.0117759 0.010302 0.0089964 0.0076228 0.0064685 0.0056066 0.0044574 0.0036312 0.0027659 0.0020468 0.0012444 0.0003672 
Right-moving collision density:
2.83854 2.53862 2.26529 2.026 1.81047 1.61597 1.44634 1.29323 1.15596 1.03389 0.923775 0.825719 0.738092 0.658478 0.588395 0.524523 0.469943 0.419791 0.374524 0.336246 0.300711 0.268166 0.239768 0.214157 0.190847 0.170911 0.153425 0.136821 0.122699 0.10861 0.0974746 0.0874191 0.078285 0.0694416 0.0621163 0.0558416 0.0498423 0.0445553 0.0395896 0.0354875 0.0317084 0.0281588 0.0249781 0.0218858 0.0195959 0.0172584 0.0150501 0.0135303 0.0119068 0.0103292 0.0092089 
Collision Density Moments:
2.12623 1.08784 1.06751 1.47246 2.4963 4.83538 10.2495 23.1469 54.7404 134.015 
Per-collision Density Moments:
0 0 0 0 0 0 0 0 0 0 
0.999878 0.332927 0.220836 0.217456 0.279815 0.436087 0.781724 1.55363 3.33408 7.58009 
0.437243 0.203206 0.171879 0.203429 0.301036 0.521253 1.01072 2.1291 4.76993 11.1956 
0.259834 0.166852 0.168177 0.223215 0.357846 0.656235 1.32673 2.88216 6.60724 15.7804 
0.155406 0.115505 0.13103 0.190435 0.326734 0.629804 1.3202 2.94372 6.87578 16.6429 
0.0975308 0.0833909 0.103776 0.161089 0.289915 0.578834 1.24569 2.83382 6.72305 16.4756 
0.061866 0.0580397 0.0775578 0.127052 0.23808 0.489944 1.07872 2.49698 6.00397 14.8691 
0.0397977 0.040509 0.0573038 0.0977666 0.188579 0.396139 0.885071 2.07046 5.01678 12.4948 
0.0258022 0.0279309 0.0412918 0.072747 0.143653 0.307036 0.694935 1.64176 4.00846 10.0436 
0.0168543 0.0192228 0.0294898 0.0533669 0.107487 0.233153 0.533633 1.27146 3.12461 7.86821 
Per-collision Densities:
0 0 0 0 0 0 0 0 0 0 0 0 0 0 0 0 0 0 0 0 0 0 0 0 0 0 0 0 0 0 0 0 0 0 0 0 0 0 0 0 0 0 0 0 0 0 0 0 0 0 0 
2.75075 2.30703 1.93089 1.61974 1.35768 1.13544 0.9536 0.800807 0.669771 0.562822 0.471265 0.395114 0.33165 0.277484 0.232074 0.193815 0.163406 0.13695 0.114354 0.0962744 0.0809336 0.0676192 0.0568905 0.0476884 0.0394621 0.0335104 0.0282013 0.0235127 0.019635 0.0163948 0.0135558 0.0116195 0.0098515 0.0081481 0.0069377 0.0057052 0.0048229 0.0040681 0.0033354 0.0028067 0.0023001 0.0019193 0.0016745 0.0013821 0.0011764 0.0009503 0.0007157 0.0006375 0.0005984 0.0004981 0.0004522 
0.763975 0.710573 0.655736 0.599825 0.544646 0.490906 0.440834 0.394801 0.352869 0.312229 0.276306 0.243499 0.214197 0.188504 0.165203 0.14414 0.125834 0.109572 0.0949195 0.0836689 0.0720868 0.0624733 0.0543371 0.0470866 0.040018 0.0346698 0.030396 0.0263262 0.0226066 0.0190655 0.0167807 0.0143038 0.0121907 0.0104142 0.0090729 0.007803 0.0067643 0.0057579 0.0047838 0.0041259 0.0035972 0.003179 0.0024939 0.0022508 0.0017884 0.0016082 0.0013413 0.001156 0.0009639 0.0007599 0.0006902 
0.170359 0.219798 0.249611 0.266834 0.272269 0.270846 0.264279 0.252299 0.238636 0.222142 0.20605 0.19116 0.173104 0.158108 0.143468 0.129074 0.116243 0.103916 0.0926007 0.0826438 0.0734757 0.0649859 0.0573835 0.0507586 0.0451078 0.039202 0.0347446 0.0304793 0.0266305 0.0232781 0.0204969 0.0179996 0.0158287 0.0136527 0.0117334 0.0102612 0.0088077 0.0076024 0.006613 0.0058582 0.0050813 0.0043452 0.0036635 0.0031637 0.0027217 0.0024531 0.0020264 0.0016813 0.0014535 0.0012631 0.0009809 
0.0882895 0.106575 0.119066 0.128379 0.133559 0.136202 0.135813 0.133943 0.130698 0.125446 0.119697 0.113623 0.106915 0.0999957 0.0925089 0.0859588 0.0793016 0.072131 0.0661538 0.0609892 0.055522 0.0499035 0.0449701 0.0406232 0.0365228 0.0326706 0.0296497 0.0263262 0.0232781 0.0208658 0.0183345 0.0165529 0.0146574 0.0130832 0.011492 0.010336 0.0091681 0.0078591 0.0070227 0.0062509 0.0054026 0.004692 0.0041769 0.0034544 0.0031263 0.0026622 0.0021318 0.001904 0.0016745 0.0012903 0.0010591 
0.0375224 0.0473994 0.0558399 0.0620585 0.0672146 0.0716907 0.073882 0.0749071 0.0752301 0.074307 0.0724761 0.0704378 0.0678504 0.0655333 0.0620823 0.0588251 0.0542113 0.0512873 0.0483259 0.0444414 0.0412913 0.0377723 0.0351628 0.0320994 0.0293692 0.0266645 0.024242 0.0219963 0.020162 0.0183923 0.0161925 0.0143514 0.0129999 0.0116093 0.0103377 0.0094775 0.0083164 0.0076143 0.006545 0.0058684 0.0054757 0.0046512 0.0040358 0.0037077 0.003094 0.0025398 0.002363 0.0019856 0.0015861 0.0014093 0.0011883 
0.0210443 0.0256054 0.0297041 0.0333421 0.0362848 0.0390507 0.0406929 0.0420733 0.0432412 0.0428128 0.0428944 0.0423198 0.0413168 0.0397341 0.0390796 0.0372946 0.0353549 0.0340187 0.0320688 0.0304929 0.0281996 0.0264911 0.0250597 0.0231081 0.0211106 0.0197693 0.0181594 0.0166532 0.0155567 0.0140165 0.0128027 0.0116841 0.0105128 0.0096339 0.0088961 0.00782 0.0070805 0.0066317 0.0056627 0.005321 0.0047209 0.0041395 0.0036652 0.0032113 0.0028237 0.0024531 0.0021658 0.0018666 0.0016269 0.0014008 0.0010523 
0.0110908 0.0135609 0.0162095 0.018088 0.0200158 0.0216835 0.0233342 0.024021 0.0245837 0.0249866 0.0255238 0.0256802 0.0253895 0.0252552 0.0242539 0.0237388 0.0230435 0.0224196 0.0213554 0.0202997 0.0192117 0.01819 0.0176001 0.0160854 0.0149107 0.0143259 0.0135099 0.0121771 0.0115158 0.0106301 0.010013 0.0092276 0.0084218 0.0076976 0.0070448 0.0064209 0.0056746 0.0054196 0.0049266 0.0042466 0.0039151 0.0034612 0.0031552 0.002703 0.002567 0.0020927 0.0018156 0.0016167 0.001377 0.0010863 0.0009877 
0.0062526 0.0078132 0.0088621 0.0104091 0.0116433 0.0124899 0.0132209 0.0143123 0.0145537 0.0151606 0.0155142 0.0156774 0.0157097 0.0152048 0.0152541 0.0147067 0.0147441 0.0145486 0.013991 0.0135728 0.0126922 0.0125715 0.0119391 0.0108409 0.0103207 0.0098005 0.0094282 0.0088757 0.0082875 0.0077418 0.0073729 0.0068153 0.00629 0.0057137 0.0054026 0.0049606 0.0045747 0.0042143 0.0037723 0.0034255 0.0030022 0.0027574 0.0025568 0.00221 0.0019907 0.0016779 0.001513 0.0013906 0.0011407 0.0009129 0.0008041 
0.003689 0.0045849 0.0052887 0.006086 0.006749 0.0070703 0.0079084 0.0084099 0.0086547 0.0091205 0.009503 0.0094911 0.00969 0.0095064 0.0097155 0.0095608 0.0095217 0.0091035 0.0089726 0.0089947 0.0085459 0.0081396 0.0079254 0.0073916 0.0073032 0.0069445 0.0066572 0.0062288 0.0059602 0.0053992 0.0051612 0.0049164 0.0045985 0.004182 0.0039304 0.0037315 0.0033218 0.0030634 0.0029359 0.0027183 0.0023579 0.0022151 0.0019363 0.0017901 0.0015623 0.0014229 0.0012427 0.0010557 0.0008976 0.0007463 0.0006205 
