Finite rod, albedo problem, anisotropic scattering, exponential random flight, mu_t: 1 g: -0.5
Analogmu_t c: 0.7 rod_length: 1 dx: 0.0196078 numsamples: 10000000 numCollisionOrders: 10 numMoments: 10
total albedo R: 0.268334
total albedo T: 0.478027
per-collision order albedos R: 
0 0.227 0.0272355 0.0105895 0.0024424 0.000766 0.0002165 6.06e-05 1.74e-05 4.9e-06 
per-collision order albedos T: 
0.367951 0.0641759 0.0343969 0.0077675 0.0027291 0.0007085 0.0002114 5.97e-05 1.93e-05 6.6e-06 
Left-moving collision density:
0.266062 0.260421 0.253705 0.246942 0.241602 0.236048 0.233968 0.223839 0.218351 0.212175 0.207427 0.202898 0.194881 0.190714 0.185747 0.179352 0.176348 0.170223 0.163435 0.160369 0.154647 0.147727 0.142876 0.138358 0.13338 0.126148 0.1224 0.118611 0.112776 0.107299 0.102607 0.0976293 0.0916878 0.0867408 0.0814725 0.0763929 0.0725577 0.0671058 0.0612357 0.0567936 0.0515916 0.0466344 0.0417537 0.0363375 0.0325686 0.0270198 0.0217923 0.0168249 0.0122604 0.0072522 0.0024735 
Right-moving collision density:
0.99502 0.979129 0.966435 0.95166 0.944229 0.931194 0.912349 0.904582 0.887247 0.880005 0.864914 0.856933 0.84659 0.837532 0.821034 0.80709 0.797247 0.790301 0.777821 0.764944 0.753591 0.743141 0.735813 0.722073 0.711261 0.703729 0.695926 0.684139 0.675357 0.664102 0.656207 0.641962 0.635358 0.62269 0.621114 0.609593 0.596266 0.590238 0.581063 0.569466 0.563728 0.554202 0.547352 0.535729 0.528895 0.51895 0.515579 0.504609 0.496903 0.491997 0.480537 
Collision Density Moments:
0.844849 0.356938 0.217056 0.153644 0.118131 0.0956364 0.0801912 0.0689653 0.0604545 0.0537887 
Per-collision Density Moments:
0 0 0 0 0 0 0 0 0 0 
0.632049 0.264182 0.160551 0.113884 0.0877987 0.0712706 0.0599069 0.0516331 0.0453483 0.0404165 
0.151098 0.0618722 0.0365052 0.0251934 0.0189712 0.0150978 0.0124805 0.0106057 0.00920292 0.00811715 
0.0441196 0.0223516 0.0145552 0.010639 0.00832013 0.00680174 0.00573694 0.00495212 0.0043514 0.00387774 
0.0125364 0.0059981 0.00379791 0.00272606 0.00210375 0.00170207 0.00142355 0.00122016 0.00106569 0.0009447 
0.0035895 0.00181147 0.00117891 0.000860554 0.000671731 0.000548022 0.000461309 0.000397466 0.000348667 0.000310251 
0.0010374 0.000510332 0.000327987 0.000237728 0.000184741 0.000150249 0.000126173 0.000108496 9.50126e-05 8.44154e-05 
0.0003 0.000150976 9.8348e-05 7.19193e-05 5.62476e-05 4.59737e-05 3.87636e-05 3.34471e-05 2.93766e-05 2.61668e-05 
8.5e-05 4.43653e-05 2.97414e-05 2.22902e-05 1.78074e-05 1.48257e-05 1.27031e-05 1.11158e-05 9.88379e-06 8.89914e-06 
2.49e-05 1.25857e-05 8.13953e-06 5.85947e-06 4.48349e-06 3.5747e-06 2.9383e-06 2.47358e-06 2.12311e-06 1.85184e-06 
Per-collision Densities:
0 0 0 0 0 0 0 0 0 0 0 0 0 0 0 0 0 0 0 0 0 0 0 0 0 0 0 0 0 0 0 0 0 0 0 0 0 0 0 0 0 0 0 0 0 0 0 0 0 0 0 
0.991955 0.970198 0.951808 0.931546 0.918199 0.900028 0.876863 0.863909 0.84253 0.831188 0.811089 0.798094 0.785288 0.772604 0.752383 0.735058 0.722593 0.712297 0.697384 0.681039 0.667865 0.654707 0.645517 0.629294 0.616182 0.606451 0.597592 0.583578 0.572664 0.561709 0.551361 0.537229 0.528248 0.515931 0.511448 0.499106 0.486693 0.480517 0.46973 0.458592 0.451054 0.443272 0.435989 0.423427 0.418011 0.407709 0.404042 0.393552 0.38686 0.380756 0.369373 
0.226042 0.223737 0.220468 0.217061 0.216719 0.212644 0.213573 0.206713 0.204969 0.201047 0.199354 0.197727 0.191296 0.190704 0.189037 0.184855 0.182626 0.179041 0.174716 0.173808 0.170289 0.165934 0.162838 0.160584 0.157131 0.152714 0.150226 0.148318 0.145049 0.141204 0.138383 0.135017 0.129412 0.126582 0.123002 0.120283 0.117448 0.113138 0.109048 0.10606 0.103102 0.0980832 0.0954822 0.0910452 0.0883677 0.0841245 0.0803811 0.0766785 0.0726597 0.0706299 0.0666366 
0.0284325 0.0304725 0.0325635 0.03417 0.0347973 0.0376227 0.0383367 0.0401982 0.040137 0.0419526 0.0436764 0.045033 0.0456042 0.0461754 0.0460785 0.0472872 0.0487917 0.0491946 0.0492609 0.05049 0.0501687 0.0503268 0.0504696 0.050439 0.0509643 0.05049 0.0507297 0.0513009 0.050643 0.0492048 0.0495618 0.0483582 0.0502605 0.0480471 0.0489549 0.0487152 0.0466905 0.0464457 0.0463182 0.0446811 0.0449259 0.0431562 0.0422586 0.0422688 0.040545 0.0395556 0.0387243 0.0380001 0.0364803 0.0360621 0.0350778 
0.0109293 0.0112914 0.0113781 0.0117351 0.0119952 0.0123573 0.0127245 0.0130509 0.0133875 0.0131223 0.0133365 0.0139791 0.0141729 0.0134079 0.0140301 0.0138414 0.0141525 0.0144891 0.0143667 0.0143769 0.0142902 0.0143055 0.0142494 0.01428 0.0148767 0.0139689 0.0139485 0.0138414 0.0139281 0.01377 0.0139536 0.01326 0.0135507 0.0132957 0.0132243 0.0125001 0.0127296 0.0119289 0.011781 0.0117912 0.0109803 0.0112608 0.0108222 0.0107202 0.009945 0.0101286 0.0098991 0.0091086 0.0088689 0.0080478 0.0079764 
0.002601 0.0027795 0.0026622 0.0027897 0.0028866 0.003264 0.0033966 0.0031977 0.0030906 0.0033456 0.0036261 0.0035598 0.0036006 0.0038301 0.0035853 0.0038811 0.0038454 0.003876 0.0039066 0.0039627 0.0039423 0.0040443 0.0038046 0.0042891 0.003825 0.0043758 0.0041616 0.0042585 0.0042993 0.0039321 0.0040239 0.0042177 0.003927 0.0039678 0.0041004 0.0039321 0.003774 0.0037689 0.0039423 0.0037281 0.0038403 0.0035802 0.0031722 0.0032742 0.0034017 0.0031365 0.0031008 0.0029376 0.0030447 0.0027285 0.0028458 
0.0008466 0.0007599 0.0009129 0.0009843 0.0008415 0.0009792 0.0010047 0.0010353 0.0010251 0.0011169 0.0008772 0.001071 0.0010965 0.0010404 0.0012342 0.0011577 0.0011628 0.0011271 0.0012087 0.0011475 0.0012393 0.001122 0.001326 0.001122 0.0011271 0.0013107 0.0011628 0.0010302 0.0011577 0.0010761 0.0010914 0.0011016 0.0011475 0.0011577 0.0012699 0.0010557 0.0010761 0.0010914 0.0009945 0.0010302 0.0009231 0.0010455 0.0009843 0.0009078 0.000867 0.0009639 0.0008211 0.0007548 0.0008721 0.0007344 0.000714 
0.0002244 0.0002244 0.0002601 0.0002244 0.0002754 0.0002244 0.0003213 0.0002091 0.0003111 0.0003417 0.0002907 0.0002754 0.0002907 0.0003519 0.0003111 0.0002601 0.0002601 0.0003672 0.0003264 0.0003315 0.0003366 0.0002958 0.0003468 0.0003213 0.0004029 0.0004131 0.0003774 0.0002907 0.0003111 0.0003417 0.0003162 0.0003315 0.0003009 0.0003621 0.0003825 0.0003111 0.000255 0.0002805 0.0003774 0.0002907 0.0003519 0.0002856 0.0002958 0.0003009 0.0002091 0.0002652 0.0002754 0.0002856 0.0002448 0.0001887 0.0002703 
5.1e-05 6.12e-05 6.12e-05 6.12e-05 7.65e-05 8.67e-05 6.63e-05 7.14e-05 0.0001224 4.08e-05 6.63e-05 6.63e-05 7.14e-05 8.67e-05 9.18e-05 8.16e-05 0.0001173 9.18e-05 6.63e-05 0.0001122 9.18e-05 8.16e-05 9.18e-05 8.16e-05 7.65e-05 0.0001122 7.65e-05 9.69e-05 7.14e-05 0.0001479 0.0001071 4.59e-05 0.0001479 4.59e-05 0.0001377 5.1e-05 8.67e-05 0.0001122 7.65e-05 4.08e-05 0.0001071 0.0001173 7.14e-05 7.14e-05 0.0001071 6.63e-05 0.0001071 7.65e-05 0.0001071 7.65e-05 9.69e-05 
0 1.53e-05 2.55e-05 2.55e-05 4.08e-05 2.55e-05 2.55e-05 2.55e-05 2.04e-05 1.53e-05 2.04e-05 1.53e-05 4.59e-05 1.53e-05 2.04e-05 1.53e-05 2.55e-05 3.57e-05 2.04e-05 3.06e-05 5.1e-06 4.08e-05 2.55e-05 2.04e-05 4.08e-05 3.06e-05 4.59e-05 2.04e-05 1.02e-05 5.1e-06 1.02e-05 2.55e-05 4.59e-05 2.04e-05 6.12e-05 3.06e-05 5.61e-05 5.1e-05 2.55e-05 3.57e-05 2.55e-05 1.53e-05 1.02e-05 4.08e-05 1.02e-05 1.02e-05 2.04e-05 2.55e-05 1.53e-05 1.53e-05 1.02e-05 
