Finite rod, albedo problem, anisotropic scattering, exponential random flight, mu_t: 3 g: 0.3
Analogmu_t c: 0.9 rod_length: 0.3 dx: 0.00588235 numsamples: 10000000 numCollisionOrders: 10 numMoments: 10
total albedo R: 0.203432
total albedo T: 0.710716
per-collision order albedos R: 
0 0.131485 0.0493616 0.016045 0.0047123 0.0013157 0.0003725 0.0001031 2.57e-05 8.2e-06 
per-collision order albedos T: 
0.406646 0.213926 0.0659672 0.0175999 0.004748 0.0013203 0.0003602 0.0001054 3.06e-05 9.1e-06 
Left-moving collision density:
0.61234 0.595238 0.580312 0.570214 0.552857 0.542521 0.531488 0.516936 0.506787 0.490892 0.48603 0.472192 0.457946 0.449565 0.431392 0.420155 0.410159 0.397579 0.388416 0.372742 0.363137 0.351152 0.337076 0.322031 0.316302 0.304385 0.288337 0.278205 0.2686 0.255357 0.244443 0.231965 0.221986 0.207774 0.196877 0.185334 0.169881 0.161534 0.148189 0.138686 0.122927 0.113883 0.097818 0.088825 0.076398 0.064464 0.054043 0.040902 0.028917 0.018462 0.006052 
Right-moving collision density:
2.99746 2.96825 2.95778 2.93689 2.91324 2.9038 2.87659 2.86953 2.84327 2.81569 2.81313 2.78887 2.77442 2.7601 2.74509 2.73685 2.71062 2.68495 2.65982 2.64841 2.6377 2.61477 2.59598 2.57397 2.5763 2.53433 2.52066 2.50847 2.49429 2.48552 2.46061 2.43975 2.42988 2.4227 2.39919 2.38316 2.35367 2.34396 2.33075 2.32555 2.30194 2.2829 2.27372 2.24652 2.23693 2.22447 2.20264 2.19135 2.16949 2.16131 2.12804 
Collision Density Moments:
0.857323 0.117508 0.0224068 0.00489487 0.00115141 0.000283689 7.21467e-05 1.87747e-05 4.97162e-06 1.3346e-06 
Per-collision Density Moments:
0 0 0 0 0 0 0 0 0 0 
0.593354 0.0758073 0.0139604 0.00298893 0.000694072 0.000169499 4.28297e-05 1.10915e-05 2.92598e-06 7.83086e-07 
0.188517 0.0299107 0.00604788 0.00136166 0.000326095 8.12904e-05 2.08428e-05 5.45647e-06 1.45149e-06 3.9104e-07 
0.0543373 0.00858867 0.00175488 0.000398966 9.62825e-05 2.41452e-05 6.21967e-06 1.63426e-06 4.36019e-07 1.17748e-07 
0.0152161 0.0023154 0.000466254 0.000105322 2.53442e-05 6.34847e-06 1.63502e-06 4.29761e-07 1.14737e-07 3.10116e-08 
0.0042476 0.000638343 0.000127977 2.88717e-05 6.94619e-06 1.74e-06 4.48086e-07 1.17738e-07 3.14146e-08 8.48382e-09 
0.0011837 0.000176771 3.52924e-05 7.92929e-06 1.90021e-06 4.7434e-07 1.21796e-07 3.19286e-08 8.50402e-09 2.29366e-09 
0.0003352 5.01859e-05 1.00713e-05 2.27628e-06 5.48971e-07 1.37891e-07 3.561e-08 9.38309e-09 2.51041e-09 6.79751e-10 
9.54e-05 1.473e-05 2.96446e-06 6.67308e-07 1.59956e-07 3.99178e-08 1.02449e-08 2.68422e-09 7.14525e-10 1.92608e-10 
2.79e-05 4.11938e-06 8.08292e-07 1.78581e-07 4.21696e-08 1.03983e-08 2.64438e-09 6.88315e-10 1.82444e-10 4.9062e-11 
Per-collision Densities:
0 0 0 0 0 0 0 0 0 0 0 0 0 0 0 0 0 0 0 0 0 0 0 0 0 0 0 0 0 0 0 0 0 0 0 0 0 0 0 0 0 0 0 0 0 0 0 0 0 0 0 
2.97984 2.91706 2.87562 2.82266 2.76823 2.72901 2.66854 2.63389 2.58087 2.52305 2.49737 2.44921 2.40635 2.37094 2.32541 2.29459 2.24483 2.20352 2.15483 2.12755 2.09865 2.05035 2.01355 1.9735 1.95806 1.9073 1.86674 1.84016 1.80989 1.78932 1.7517 1.71443 1.68963 1.6637 1.6296 1.60414 1.57083 1.54453 1.52311 1.50144 1.46934 1.44473 1.42033 1.3838 1.36425 1.34145 1.32394 1.29616 1.27318 1.25637 1.22254 
0.409088 0.425833 0.445196 0.461346 0.478975 0.493068 0.516664 0.526575 0.539342 0.558501 0.568174 0.576742 0.592926 0.60248 0.614516 0.621911 0.633352 0.637296 0.646833 0.649145 0.656761 0.663833 0.668627 0.671245 0.681377 0.674118 0.688228 0.689639 0.694416 0.69326 0.690098 0.692529 0.696388 0.69768 0.700468 0.698326 0.685678 0.690727 0.686018 0.691594 0.684148 0.679218 0.679762 0.679065 0.675478 0.671517 0.659209 0.663442 0.655027 0.648941 0.643093 
0.150977 0.152813 0.14909 0.154836 0.151419 0.156247 0.154122 0.157811 0.16031 0.157624 0.163659 0.166124 0.163387 0.166906 0.168317 0.169014 0.172227 0.17119 0.174726 0.174386 0.177327 0.181169 0.181016 0.181526 0.182801 0.18632 0.184569 0.186592 0.18972 0.186966 0.19295 0.192933 0.194718 0.197387 0.195398 0.195806 0.196894 0.197302 0.197659 0.200583 0.199495 0.200532 0.199852 0.20043 0.202147 0.203286 0.20179 0.200889 0.197914 0.200311 0.195874 
0.04981 0.048416 0.048824 0.048161 0.047668 0.048739 0.04913 0.048603 0.050099 0.048348 0.049368 0.049079 0.050439 0.049742 0.049793 0.050898 0.049963 0.050218 0.050473 0.050439 0.048008 0.051306 0.05134 0.049725 0.050303 0.052156 0.050354 0.051238 0.049062 0.051629 0.051102 0.053159 0.051969 0.050779 0.051918 0.051544 0.052224 0.053465 0.051527 0.050558 0.051884 0.052683 0.051867 0.051986 0.050745 0.051969 0.052428 0.052309 0.052003 0.054094 0.053193 
0.014195 0.013923 0.013855 0.014739 0.014229 0.013515 0.014195 0.013804 0.013957 0.013889 0.014977 0.014076 0.01411 0.014314 0.012954 0.015249 0.015062 0.014586 0.014841 0.014263 0.014688 0.01377 0.013277 0.014348 0.014331 0.013668 0.013736 0.013668 0.014382 0.014144 0.013957 0.013498 0.013532 0.014926 0.013379 0.013447 0.012665 0.013464 0.01513 0.014195 0.014416 0.014195 0.013991 0.014637 0.014875 0.015606 0.014467 0.01394 0.014688 0.01462 0.013719 
0.004216 0.003791 0.004148 0.003723 0.003961 0.004318 0.004046 0.004182 0.004029 0.003451 0.003893 0.004318 0.00391 0.003995 0.004046 0.00391 0.003757 0.003961 0.004573 0.003587 0.003587 0.003774 0.003791 0.003978 0.004233 0.003893 0.003995 0.003757 0.003978 0.004046 0.00374 0.003672 0.004199 0.004369 0.003808 0.003519 0.003723 0.004233 0.003876 0.004386 0.003876 0.003842 0.004369 0.004114 0.004029 0.003621 0.003264 0.004046 0.003876 0.00374 0.00408 
0.001241 0.001241 0.001003 0.001122 0.001207 0.001156 0.000969 0.001207 0.001054 0.001343 0.001139 0.001105 0.000816 0.000884 0.001054 0.000952 0.001173 0.001309 0.001377 0.00119 0.001343 0.001292 0.001173 0.001122 0.001105 0.00085 0.000986 0.001207 0.001037 0.001071 0.001054 0.001122 0.000816 0.001088 0.00102 0.001139 0.001088 0.001224 0.001037 0.001156 0.001224 0.00102 0.001054 0.000969 0.001377 0.00102 0.001139 0.001105 0.001224 0.001173 0.001207 
0.000289 0.000238 0.000272 0.00034 0.000323 0.000221 0.000289 0.000238 0.000238 0.000289 0.000391 0.000289 0.000289 0.000289 0.000306 0.00034 0.000289 0.000272 0.000374 0.000442 0.000323 0.000357 0.000221 0.000442 0.00034 0.00034 0.000255 0.000306 0.000255 0.00034 0.00034 0.000221 0.000408 0.000425 0.00034 0.00034 0.000306 0.000374 0.000408 0.000272 0.00034 0.000442 0.000255 0.000255 0.000272 0.000408 0.000357 0.000221 0.000374 0.000374 0.000289 
6.8e-05 0.00017 6.8e-05 0.000102 6.8e-05 3.4e-05 6.8e-05 0.000119 0.000153 5.1e-05 0.000102 0.000102 0.000119 0.000102 6.8e-05 8.5e-05 0.000119 0.000102 0.000153 0.000102 0.000136 5.1e-05 6.8e-05 8.5e-05 3.4e-05 5.1e-05 6.8e-05 6.8e-05 0.000136 8.5e-05 0.000119 0.000153 0.000153 6.8e-05 8.5e-05 0.00017 0.000102 0.000119 0.000119 5.1e-05 6.8e-05 0.000119 5.1e-05 8.5e-05 8.5e-05 3.4e-05 6.8e-05 0.000102 6.8e-05 0.000119 6.8e-05 
