Finite rod, albedo problem, anisotropic scattering, exponential random flight, mu_t: 1 g: 0.3
Analogmu_t c: 0.7 rod_length: 0.3 dx: 0.00588235 numsamples: 10000000 numCollisionOrders: 10 numMoments: 10
total albedo R: 0.0627121
total albedo T: 0.851171
per-collision order albedos R: 
0 0.0551393 0.0068398 0.0006671 6.1e-05 4.3e-06 6e-07 0 0 0 
per-collision order albedos T: 
0.740747 0.101088 0.0085821 0.0006923 5.71e-05 4.4e-06 5e-07 0 0 0 
Left-moving collision density:
0.063682 0.060775 0.06052 0.059568 0.05746 0.055726 0.056729 0.055097 0.053006 0.050218 0.049606 0.04828 0.048722 0.045662 0.043639 0.043724 0.043894 0.041497 0.040205 0.039763 0.038454 0.035394 0.035666 0.034646 0.030566 0.030753 0.029767 0.029189 0.027778 0.026945 0.026503 0.024616 0.023749 0.021454 0.019193 0.019108 0.017952 0.016218 0.015589 0.013668 0.012733 0.012138 0.010319 0.008517 0.007514 0.007259 0.005967 0.004216 0.002822 0.002023 0.00051 
Right-moving collision density:
1.00208 0.996336 0.990726 0.993021 0.979829 0.985609 0.98124 0.985473 0.969476 0.969527 0.975001 0.965022 0.959701 0.958188 0.953734 0.954873 0.95149 0.953071 0.94231 0.943636 0.934711 0.933181 0.937431 0.932042 0.924919 0.924732 0.923457 0.911234 0.905267 0.907188 0.908684 0.906763 0.909534 0.899963 0.893741 0.891157 0.892704 0.889814 0.88145 0.883592 0.878662 0.874633 0.88247 0.87414 0.871913 0.861815 0.872457 0.862478 0.863124 0.859809 0.850187 
Collision Density Moments:
0.286839 0.0414355 0.00813136 0.00180889 0.000430873 0.000107141 2.744e-05 7.18044e-06 1.90996e-06 5.1462e-07 
Per-collision Density Moments:
0 0 0 0 0 0 0 0 0 0 
0.259253 0.0369419 0.00720105 0.00159566 0.000379113 9.4103e-05 2.40692e-05 6.29211e-06 1.67236e-06 4.50318e-07 
0.0251568 0.00411637 0.000853165 0.000195602 4.7481e-05 1.19596e-05 3.09148e-06 8.14617e-07 2.17854e-07 5.895e-08 
0.0022198 0.000346187 7.09484e-05 1.62304e-05 3.9419e-06 9.94278e-07 2.57437e-07 6.79486e-08 1.82008e-08 4.93251e-09 
0.0001923 2.84851e-05 5.67295e-06 1.2767e-06 3.07272e-07 7.71432e-08 1.99345e-08 5.25987e-09 1.40988e-09 3.8257e-10 
1.51e-05 2.28851e-06 4.6043e-07 1.05025e-07 2.56162e-08 6.50875e-09 1.69945e-09 4.52371e-10 1.22154e-10 3.33529e-11 
1.6e-06 2.88186e-07 6.13603e-08 1.40673e-08 3.4009e-09 8.5589e-10 2.2222e-10 5.91193e-11 1.60295e-11 4.41065e-12 
0 0 0 0 0 0 0 0 0 0 
0 0 0 0 0 0 0 0 0 0 
0 0 0 0 0 0 0 0 0 0 
Per-collision Densities:
0 0 0 0 0 0 0 0 0 0 0 0 0 0 0 0 0 0 0 0 0 0 0 0 0 0 0 0 0 0 0 0 0 0 0 0 0 0 0 0 0 0 0 0 0 0 0 0 0 0 0 
1.00069 0.992103 0.983365 0.983807 0.967606 0.970326 0.963509 0.965226 0.947988 0.945217 0.947529 0.934065 0.92684 0.922692 0.917303 0.914651 0.909143 0.907596 0.893129 0.892942 0.882266 0.879886 0.883915 0.872389 0.863362 0.863379 0.859282 0.843795 0.836383 0.836162 0.835567 0.834037 0.831181 0.820437 0.811274 0.809081 0.807551 0.802485 0.792472 0.79135 0.786182 0.780334 0.785111 0.77469 0.771987 0.760852 0.768264 0.757418 0.754273 0.749071 0.742883 
0.05797 0.057307 0.059789 0.060911 0.061795 0.063767 0.066759 0.068034 0.067388 0.066963 0.068918 0.071774 0.07378 0.072811 0.073134 0.076415 0.078506 0.07905 0.081634 0.082756 0.082705 0.08126 0.081498 0.086462 0.084473 0.084473 0.08585 0.088927 0.088706 0.089828 0.091494 0.089318 0.093891 0.093109 0.09299 0.092888 0.094367 0.096169 0.095574 0.097138 0.096781 0.097121 0.098838 0.099875 0.098872 0.099484 0.100878 0.100011 0.102238 0.103411 0.098566 
0.006443 0.007055 0.007361 0.00714 0.006936 0.006528 0.006902 0.006783 0.006579 0.006783 0.007531 0.006834 0.006953 0.007565 0.006392 0.006766 0.006902 0.007208 0.006885 0.007225 0.007429 0.006613 0.006987 0.007123 0.006902 0.006902 0.007531 0.006902 0.007378 0.007582 0.007242 0.007395 0.007582 0.007157 0.008075 0.007565 0.008109 0.006647 0.008245 0.008024 0.00782 0.008653 0.008245 0.007548 0.00799 0.008279 0.008466 0.008568 0.008568 0.008466 0.008602 
0.000646 0.000646 0.000629 0.000714 0.000867 0.000663 0.000731 0.000459 0.000493 0.000697 0.000544 0.000595 0.000799 0.000748 0.00051 0.000714 0.000731 0.000646 0.000782 0.000476 0.000731 0.000748 0.000629 0.000663 0.000663 0.000646 0.000544 0.000731 0.000561 0.000527 0.000765 0.000595 0.000561 0.000663 0.000544 0.000629 0.000595 0.000663 0.000731 0.000731 0.000578 0.000629 0.00051 0.000442 0.00051 0.000425 0.000782 0.000629 0.000782 0.00085 0.000544 
0 0 0.000102 1.7e-05 8.5e-05 5.1e-05 6.8e-05 6.8e-05 3.4e-05 8.5e-05 8.5e-05 3.4e-05 5.1e-05 3.4e-05 1.7e-05 3.4e-05 8.5e-05 6.8e-05 8.5e-05 0 3.4e-05 6.8e-05 6.8e-05 5.1e-05 8.5e-05 8.5e-05 1.7e-05 5.1e-05 0 3.4e-05 8.5e-05 3.4e-05 5.1e-05 3.4e-05 5.1e-05 8.5e-05 1.7e-05 6.8e-05 1.7e-05 1.7e-05 1.7e-05 3.4e-05 8.5e-05 0.000102 6.8e-05 3.4e-05 3.4e-05 3.4e-05 8.5e-05 3.4e-05 8.5e-05 
1.7e-05 0 0 0 0 0 0 0 0 0 0 0 0 0 1.7e-05 1.7e-05 1.7e-05 0 0 0 0 0 0 0 0 0 0 1.7e-05 1.7e-05 0 3.4e-05 0 1.7e-05 1.7e-05 0 1.7e-05 1.7e-05 0 0 0 1.7e-05 0 0 0 0 0 0 3.4e-05 0 0 1.7e-05 
0 0 0 0 0 0 0 0 0 0 0 0 0 0 0 0 0 0 0 0 0 0 0 0 0 0 0 0 0 0 0 0 0 0 0 0 0 0 0 0 0 0 0 0 0 0 0 0 0 0 0 
0 0 0 0 0 0 0 0 0 0 0 0 0 0 0 0 0 0 0 0 0 0 0 0 0 0 0 0 0 0 0 0 0 0 0 0 0 0 0 0 0 0 0 0 0 0 0 0 0 0 0 
0 0 0 0 0 0 0 0 0 0 0 0 0 0 0 0 0 0 0 0 0 0 0 0 0 0 0 0 0 0 0 0 0 0 0 0 0 0 0 0 0 0 0 0 0 0 0 0 0 0 0 
