Finite rod, albedo problem, anisotropic scattering, exponential random flight, mu_t: 1 g: -0.5
Analogmu_t c: 0.9 rod_length: 0.3 dx: 0.00588235 numsamples: 10000000 numCollisionOrders: 10 numMoments: 10
total albedo R: 0.163701
total albedo T: 0.806813
per-collision order albedos R: 
0 0.152217 0.0092752 0.0019558 0.0002136 3.47e-05 4e-06 9e-07 0 0 
per-collision order albedos T: 
0.740715 0.0500627 0.0143512 0.0013971 0.0002495 2.94e-05 6.4e-06 6e-07 1e-07 0 
Left-moving collision density:
0.164475 0.15997 0.157845 0.153595 0.148495 0.148325 0.144908 0.140556 0.135694 0.132243 0.129948 0.127432 0.124304 0.120377 0.116399 0.112999 0.11203 0.107134 0.102731 0.102357 0.099382 0.094248 0.093653 0.088689 0.083657 0.083759 0.077554 0.076517 0.072165 0.069581 0.065484 0.063206 0.060707 0.055641 0.05372 0.050065 0.047464 0.043197 0.039644 0.037366 0.033881 0.030804 0.027574 0.023154 0.020757 0.018462 0.014161 0.011288 0.007361 0.004845 0.001462 
Right-moving collision density:
1.00076 0.996489 0.988329 0.99008 0.977092 0.979098 0.972502 0.979744 0.966382 0.964563 0.969085 0.954584 0.950606 0.944979 0.942633 0.940661 0.93874 0.935952 0.92684 0.926245 0.917898 0.914277 0.920635 0.911166 0.90423 0.904791 0.893265 0.890953 0.884714 0.884714 0.882215 0.87873 0.881807 0.86853 0.864926 0.860557 0.8636 0.857259 0.849099 0.847518 0.841347 0.841279 0.846549 0.833663 0.832133 0.825656 0.828988 0.822885 0.819298 0.819162 0.809404 
Collision Density Moments:
0.295517 0.0416452 0.00806412 0.00177904 0.000421356 0.000104344 2.66406e-05 6.95436e-06 1.84624e-06 4.96664e-07 
Per-collision Density Moments:
0 0 0 0 0 0 0 0 0 0 
0.259284 0.0369504 0.00720348 0.00159637 0.000379322 9.41638e-05 2.40869e-05 6.29725e-06 1.67386e-06 4.50751e-07 
0.031106 0.00389934 0.000701805 0.000147216 3.36043e-05 8.09066e-06 2.02038e-06 5.1807e-07 1.35533e-07 3.6016e-08 
0.0044137 0.000693649 0.000139354 3.12125e-05 7.44083e-06 1.84723e-06 4.71836e-07 1.23093e-07 3.26398e-08 8.76757e-09 
0.0006111 8.63406e-05 1.63954e-05 3.54376e-06 8.24853e-07 2.01435e-07 5.0867e-08 1.31642e-08 3.471e-09 9.28639e-10 
8.62e-05 1.32138e-05 2.64678e-06 5.96622e-07 1.43674e-07 3.60663e-08 9.31378e-09 2.45495e-09 6.57175e-10 1.78063e-10 
1.34e-05 2.00179e-06 3.77742e-07 7.9844e-08 1.81132e-08 4.31772e-09 1.06793e-09 2.71784e-10 7.0749e-11 1.87554e-11 
1.9e-06 2.97536e-07 5.76257e-08 1.26894e-08 3.03639e-09 7.65714e-10 1.99497e-10 5.30537e-11 1.42987e-11 3.88882e-12 
1e-07 1.34191e-08 1.80072e-09 2.4164e-10 3.24259e-11 4.35127e-12 5.83901e-13 7.83542e-14 1.05144e-14 1.41094e-15 
0 0 0 0 0 0 0 0 0 0 
Per-collision Densities:
0 0 0 0 0 0 0 0 0 0 0 0 0 0 0 0 0 0 0 0 0 0 0 0 0 0 0 0 0 0 0 0 0 0 0 0 0 0 0 0 0 0 0 0 0 0 0 0 0 0 0 
0.999787 0.993531 0.983348 0.983739 0.968711 0.96849 0.96033 0.964733 0.95115 0.946509 0.949722 0.933334 0.928098 0.920771 0.916963 0.913631 0.910027 0.905539 0.8942 0.893673 0.882521 0.879002 0.884153 0.87176 0.864382 0.865181 0.854199 0.846821 0.839205 0.836706 0.834581 0.831147 0.832286 0.819043 0.812175 0.808027 0.808197 0.80325 0.793016 0.789531 0.783547 0.782119 0.786964 0.775064 0.770372 0.763385 0.766122 0.759645 0.754188 0.752114 0.743376 
0.153391 0.150246 0.149906 0.146863 0.142511 0.144432 0.142783 0.140352 0.135881 0.13413 0.13345 0.131971 0.129931 0.127602 0.124831 0.122944 0.122893 0.119714 0.117198 0.116858 0.115481 0.111554 0.11203 0.110177 0.105655 0.103853 0.099382 0.101388 0.099144 0.098583 0.09537 0.091698 0.090593 0.087431 0.087465 0.08347 0.083436 0.079424 0.077554 0.076517 0.073423 0.071995 0.069615 0.064906 0.065331 0.062798 0.059976 0.057647 0.056304 0.056185 0.051748 
0.009877 0.010404 0.010404 0.010591 0.011866 0.012257 0.012002 0.012767 0.012563 0.013379 0.013243 0.014382 0.014161 0.014161 0.014671 0.014484 0.014977 0.015402 0.015385 0.015504 0.016337 0.015555 0.015657 0.015283 0.015385 0.016711 0.014875 0.016201 0.015844 0.016405 0.0153 0.016847 0.016949 0.015079 0.016949 0.016388 0.017289 0.01598 0.015946 0.016473 0.016422 0.015997 0.015436 0.015028 0.015317 0.015861 0.0153 0.015079 0.014161 0.013821 0.013974 
0.001921 0.00204 0.002227 0.002261 0.002125 0.002057 0.002074 0.002108 0.002108 0.002414 0.002244 0.002057 0.002363 0.002516 0.002176 0.00221 0.002414 0.002057 0.002397 0.002244 0.002499 0.001972 0.002125 0.002346 0.002176 0.002363 0.002023 0.002754 0.002312 0.002193 0.002023 0.001938 0.002397 0.002159 0.0017 0.002414 0.001887 0.001462 0.001853 0.002057 0.001581 0.001564 0.001768 0.001547 0.001479 0.001717 0.001479 0.00153 0.001581 0.001564 0.001411 
0.000238 0.000204 0.000272 0.000204 0.000306 0.000153 0.000153 0.000255 0.000323 0.000374 0.000323 0.000221 0.00034 0.000289 0.000357 0.00034 0.00034 0.000306 0.00034 0.000272 0.000357 0.000323 0.000255 0.000255 0.000221 0.000323 0.000272 0.000272 0.000289 0.000391 0.00034 0.000272 0.000238 0.000442 0.000255 0.00017 0.000238 0.000272 0.000289 0.000289 0.000238 0.00034 0.000323 0.000238 0.000357 0.000323 0.000238 0.000221 0.000391 0.000306 0.000306 
1.7e-05 3.4e-05 1.7e-05 1.7e-05 5.1e-05 1.7e-05 6.8e-05 8.5e-05 5.1e-05 0 5.1e-05 5.1e-05 1.7e-05 1.7e-05 3.4e-05 3.4e-05 0.000119 5.1e-05 3.4e-05 3.4e-05 6.8e-05 6.8e-05 3.4e-05 3.4e-05 6.8e-05 0.000119 6.8e-05 3.4e-05 6.8e-05 1.7e-05 6.8e-05 3.4e-05 5.1e-05 1.7e-05 8.5e-05 0.000153 0 6.8e-05 8.5e-05 1.7e-05 1.7e-05 6.8e-05 1.7e-05 3.4e-05 3.4e-05 0 3.4e-05 3.4e-05 1.7e-05 1.7e-05 5.1e-05 
0 0 0 0 1.7e-05 1.7e-05 0 0 0 0 0 0 0 0 0 1.7e-05 0 1.7e-05 1.7e-05 1.7e-05 1.7e-05 5.1e-05 1.7e-05 0 0 0 0 0 1.7e-05 0 1.7e-05 0 0 0 1.7e-05 0 1.7e-05 0 0 0 0 0 0 0 0 3.4e-05 0 1.7e-05 1.7e-05 0 0 
0 0 0 0 0 0 0 0 0 0 0 0 0 0 0 0 0 0 0 0 0 0 1.7e-05 0 0 0 0 0 0 0 0 0 0 0 0 0 0 0 0 0 0 0 0 0 0 0 0 0 0 0 0 
0 0 0 0 0 0 0 0 0 0 0 0 0 0 0 0 0 0 0 0 0 0 0 0 0 0 0 0 0 0 0 0 0 0 0 0 0 0 0 0 0 0 0 0 0 0 0 0 0 0 0 
