Finite rod, albedo problem, anisotropic scattering, exponential random flight, mu_t: 1 g: 0.7
Analogmu_t c: 0.3 rod_length: 0.3 dx: 0.00588235 numsamples: 10000000 numCollisionOrders: 10 numMoments: 10
total albedo R: 0.0108624
total albedo T: 0.799644
per-collision order albedos R: 
0 0.0101167 0.000707 3.65e-05 2.2e-06 0 0 0 0 0 
per-collision order albedos T: 
0.740754 0.0566015 0.0022237 6.5e-05 6e-07 1e-07 0 0 0 0 
Left-moving collision density:
0.012257 0.010387 0.010829 0.010472 0.010404 0.009792 0.009486 0.009163 0.009656 0.008568 0.008959 0.008466 0.008534 0.008381 0.0085 0.00748 0.007276 0.007531 0.006851 0.007123 0.006698 0.005831 0.006018 0.005916 0.005831 0.005168 0.004862 0.005219 0.004777 0.004522 0.004369 0.00408 0.003808 0.003876 0.003655 0.003247 0.003026 0.002788 0.00272 0.002329 0.002091 0.00204 0.001802 0.001428 0.001071 0.001411 0.001003 0.000765 0.000459 0.000323 8.5e-05 
Right-moving collision density:
1.00237 0.996931 0.983569 0.992307 0.9741 0.978588 0.970241 0.979659 0.960619 0.960041 0.961639 0.953088 0.942667 0.943483 0.93823 0.935629 0.933538 0.930631 0.919921 0.922284 0.90916 0.907902 0.914124 0.904247 0.896818 0.893639 0.888862 0.880498 0.875381 0.872695 0.874939 0.874837 0.876333 0.861135 0.858177 0.854505 0.850425 0.846311 0.8432 0.840582 0.829736 0.83487 0.833918 0.829396 0.822409 0.813926 0.823225 0.81294 0.812838 0.807874 0.798456 
Collision Density Moments:
0.270613 0.0389934 0.00764381 0.00169945 0.000404665 0.000100602 2.57611e-05 6.74034e-06 1.79275e-06 4.83006e-07 
Per-collision Density Moments:
0 0 0 0 0 0 0 0 0 0 
0.259246 0.0369324 0.00719848 0.00159502 0.000378953 9.40623e-05 2.40586e-05 6.28929e-06 1.6716e-06 4.50108e-07 
0.0109965 0.00199384 0.00043042 0.000100854 2.48144e-05 6.30785e-06 1.64141e-06 4.34711e-07 1.16723e-07 3.16883e-08 
0.0003603 6.56173e-05 1.45692e-05 3.49721e-06 8.77036e-07 2.26342e-07 5.9621e-08 1.59491e-08 4.31843e-09 1.18071e-09 
9.7e-06 1.56584e-06 3.37391e-07 8.05965e-08 2.03273e-08 5.30418e-09 1.41671e-09 3.84846e-10 1.05891e-10 2.94292e-11 
2e-07 2.21786e-08 2.48442e-09 2.81045e-10 3.20907e-11 3.69628e-12 4.29165e-13 5.01903e-14 5.90756e-15 6.99281e-16 
0 0 0 0 0 0 0 0 0 0 
0 0 0 0 0 0 0 0 0 0 
0 0 0 0 0 0 0 0 0 0 
0 0 0 0 0 0 0 0 0 0 
Per-collision Densities:
0 0 0 0 0 0 0 0 0 0 0 0 0 0 0 0 0 0 0 0 0 0 0 0 0 0 0 0 0 0 0 0 0 0 0 0 0 0 0 0 0 0 0 0 0 0 0 0 0 0 0 
1.00174 0.995095 0.97937 0.987241 0.967334 0.970394 0.960466 0.968065 0.948617 0.946373 0.947121 0.936462 0.924562 0.924919 0.918765 0.914005 0.910316 0.905913 0.893401 0.895815 0.88111 0.879682 0.884 0.873052 0.86462 0.861866 0.853927 0.843591 0.837267 0.834326 0.835465 0.8347 0.835244 0.81855 0.81447 0.808418 0.805086 0.799289 0.794971 0.791316 0.779637 0.783666 0.781932 0.777393 0.769284 0.761294 0.769539 0.756177 0.755276 0.749989 0.740775 
0.012019 0.011543 0.014059 0.014739 0.016422 0.017272 0.018649 0.02006 0.020774 0.021624 0.022576 0.024395 0.025823 0.026197 0.027098 0.028101 0.02975 0.031348 0.032351 0.032776 0.033796 0.033252 0.035105 0.035989 0.037026 0.036108 0.038692 0.040936 0.041701 0.041633 0.042568 0.043265 0.043486 0.045016 0.045577 0.047838 0.046733 0.048518 0.049334 0.05015 0.050337 0.051578 0.051714 0.051714 0.052496 0.052037 0.052632 0.05542 0.055573 0.056151 0.055454 
0.000833 0.000663 0.000901 0.000748 0.000697 0.000714 0.000544 0.000697 0.000884 0.000578 0.000884 0.000663 0.000782 0.000748 0.00085 0.000935 0.000714 0.000884 0.000986 0.000799 0.000935 0.000765 0.000986 0.001088 0.000952 0.000833 0.001071 0.001156 0.001156 0.001241 0.001258 0.000918 0.001394 0.001394 0.001734 0.001462 0.001615 0.001258 0.001615 0.001411 0.001802 0.001649 0.002006 0.001683 0.0017 0.001921 0.002057 0.002074 0.00238 0.002023 0.00221 
3.4e-05 1.7e-05 6.8e-05 5.1e-05 5.1e-05 0 6.8e-05 0 0 3.4e-05 1.7e-05 3.4e-05 3.4e-05 0 1.7e-05 6.8e-05 1.7e-05 1.7e-05 3.4e-05 1.7e-05 0 3.4e-05 5.1e-05 3.4e-05 5.1e-05 0 3.4e-05 3.4e-05 3.4e-05 1.7e-05 1.7e-05 3.4e-05 1.7e-05 5.1e-05 5.1e-05 3.4e-05 1.7e-05 3.4e-05 0 3.4e-05 5.1e-05 1.7e-05 6.8e-05 3.4e-05 0 8.5e-05 0 3.4e-05 6.8e-05 3.4e-05 0.000102 
0 0 0 0 0 0 0 0 0 0 0 0 0 0 0 0 1.7e-05 0 0 0 1.7e-05 0 0 0 0 0 0 0 0 0 0 0 0 0 0 0 0 0 0 0 0 0 0 0 0 0 0 0 0 0 0 
0 0 0 0 0 0 0 0 0 0 0 0 0 0 0 0 0 0 0 0 0 0 0 0 0 0 0 0 0 0 0 0 0 0 0 0 0 0 0 0 0 0 0 0 0 0 0 0 0 0 0 
0 0 0 0 0 0 0 0 0 0 0 0 0 0 0 0 0 0 0 0 0 0 0 0 0 0 0 0 0 0 0 0 0 0 0 0 0 0 0 0 0 0 0 0 0 0 0 0 0 0 0 
0 0 0 0 0 0 0 0 0 0 0 0 0 0 0 0 0 0 0 0 0 0 0 0 0 0 0 0 0 0 0 0 0 0 0 0 0 0 0 0 0 0 0 0 0 0 0 0 0 0 0 
0 0 0 0 0 0 0 0 0 0 0 0 0 0 0 0 0 0 0 0 0 0 0 0 0 0 0 0 0 0 0 0 0 0 0 0 0 0 0 0 0 0 0 0 0 0 0 0 0 0 0 
