Finite rod, albedo problem, anisotropic scattering, exponential random flight, mu_t: 1 g: 0.7
Analogmu_t c: 0.3 rod_length: 1 dx: 0.0196078 numsamples: 10000000 numCollisionOrders: 10 numMoments: 10
total albedo R: 0.0233913
total albedo T: 0.474992
per-collision order albedos R: 
0 0.019445 0.003419 0.0004687 5.19e-05 6.3e-06 4e-07 0 0 0 
per-collision order albedos T: 
0.367831 0.0937644 0.0121952 0.0011112 8.42e-05 5.4e-06 7e-07 0 0 0 
Left-moving collision density:
0.0233529 0.0228735 0.0217107 0.0217617 0.0216903 0.0210069 0.0204612 0.0193953 0.0190995 0.0183753 0.0183549 0.0176358 0.0164322 0.0159681 0.0159171 0.0152439 0.0157284 0.015045 0.0143259 0.0137445 0.0127857 0.0126531 0.0120156 0.0119646 0.0119238 0.0106692 0.010506 0.0102612 0.0095013 0.009282 0.0088128 0.0082773 0.0078387 0.007395 0.0069819 0.0066759 0.0056712 0.0058548 0.0051357 0.004845 0.0046002 0.004131 0.0036312 0.0030804 0.0028254 0.0024021 0.0020349 0.0015861 0.0011169 0.0006273 0.0002346 
Right-moving collision density:
0.994189 0.978114 0.9667 0.950818 0.934784 0.922825 0.90829 0.896458 0.882463 0.876175 0.85579 0.848523 0.834503 0.819993 0.810466 0.795146 0.787027 0.775317 0.764888 0.751424 0.740494 0.729637 0.721043 0.710124 0.701179 0.690117 0.680518 0.669538 0.658935 0.651255 0.644716 0.627841 0.620007 0.612505 0.608471 0.595726 0.583292 0.579589 0.569201 0.558996 0.553503 0.546302 0.540529 0.52838 0.521449 0.515171 0.507863 0.498678 0.493879 0.484005 0.473188 
Collision Density Moments:
0.716539 0.312846 0.194497 0.139842 0.108764 0.0888311 0.0750007 0.0648598 0.0571138 0.0510079 
Per-collision Density Moments:
0 0 0 0 0 0 0 0 0 0 
0.632169 0.264156 0.160497 0.113821 0.0877327 0.0712034 0.0598392 0.0515652 0.0452802 0.0403481 
0.0763423 0.0438098 0.0304392 0.0232107 0.0187105 0.0156505 0.0134397 0.0117701 0.0104659 0.00941977 
0.0073402 0.00448117 0.00326996 0.00257858 0.0021285 0.00181166 0.00157647 0.001395 0.00125078 0.00113342 
0.0006305 0.000369027 0.000270231 0.000215295 0.000179611 0.000154359 0.000135474 0.000120787 0.000109024 9.93839e-05 
5.19e-05 2.68958e-05 1.88013e-05 1.46952e-05 1.21618e-05 1.04217e-05 9.14143e-06 8.15281e-06 7.36184e-06 6.71174e-06 
4.7e-06 2.39615e-06 1.56725e-06 1.16032e-06 9.19064e-07 7.58525e-07 6.43564e-07 5.57051e-07 4.89582e-07 4.3552e-07 
3e-07 1.80382e-07 1.34033e-07 1.10646e-07 9.62761e-08 8.63263e-08 7.88954e-08 7.3025e-08 6.81706e-08 6.40037e-08 
0 0 0 0 0 0 0 0 0 0 
0 0 0 0 0 0 0 0 0 0 
Per-collision Densities:
0 0 0 0 0 0 0 0 0 0 0 0 0 0 0 0 0 0 0 0 0 0 0 0 0 0 0 0 0 0 0 0 0 0 0 0 0 0 0 0 0 0 0 0 0 0 0 0 0 0 0 
0.991731 0.970698 0.954562 0.934356 0.913532 0.897977 0.879209 0.863568 0.845126 0.835013 0.811242 0.800623 0.783814 0.767856 0.752938 0.734839 0.724491 0.711414 0.697501 0.680279 0.6694 0.655192 0.64464 0.631161 0.619732 0.607492 0.59593 0.583981 0.571225 0.562214 0.553258 0.536408 0.526223 0.518247 0.511739 0.498872 0.484133 0.479737 0.468792 0.458388 0.451131 0.443924 0.436585 0.424896 0.416415 0.410739 0.403247 0.393169 0.388396 0.377655 0.366914 
0.0216699 0.0260304 0.0298554 0.0341292 0.038862 0.0417333 0.0452778 0.0479859 0.0521067 0.054825 0.0579768 0.0607257 0.0620823 0.0631941 0.0681309 0.0699975 0.0724914 0.0728892 0.0755616 0.0785553 0.077418 0.0799833 0.0811155 0.0837267 0.0854301 0.0858942 0.0874497 0.087873 0.0882963 0.0894948 0.0914022 0.0906321 0.0919224 0.0920958 0.0937737 0.0933096 0.0944673 0.0949671 0.094656 0.0946662 0.0954006 0.0948906 0.0955995 0.094503 0.0957219 0.0949212 0.0944826 0.0941562 0.0937431 0.0938145 0.0935697 
0.0035955 0.003621 0.0034629 0.0035853 0.0035445 0.0036006 0.0037587 0.0037995 0.0038199 0.0042177 0.0044166 0.0043656 0.0045186 0.0044625 0.0049164 0.0050796 0.0052377 0.005457 0.0056508 0.005865 0.0059007 0.0065433 0.0067626 0.0066606 0.0073644 0.0068544 0.0070686 0.0072879 0.0081294 0.0082212 0.0082569 0.0084048 0.0089607 0.0087159 0.0092616 0.0094758 0.0096594 0.0099756 0.0099858 0.0099501 0.0106641 0.0106692 0.0110211 0.0110313 0.011169 0.0110313 0.011118 0.0117249 0.0117453 0.0120462 0.0117147 
0.0005049 0.0005865 0.0004641 0.0004386 0.0004794 0.0004641 0.000408 0.0004386 0.0004386 0.0004488 0.000459 0.0003774 0.0004947 0.0003927 0.0003621 0.0004437 0.0004743 0.0005508 0.0004335 0.0004182 0.0005151 0.0005304 0.0004947 0.00051 0.0005151 0.0004794 0.0005049 0.0006069 0.0007293 0.0005406 0.000561 0.0006171 0.0007191 0.0007854 0.0006324 0.0006885 0.0006579 0.0007089 0.0008721 0.0007752 0.0008415 0.0008874 0.0009027 0.0009486 0.0009333 0.0008364 0.0009282 0.0011526 0.0010047 0.00102 0.0011781 
4.08e-05 4.59e-05 6.63e-05 7.14e-05 5.61e-05 5.61e-05 8.67e-05 5.61e-05 5.61e-05 4.59e-05 3.57e-05 6.12e-05 2.04e-05 5.1e-05 3.06e-05 2.55e-05 5.61e-05 4.08e-05 6.12e-05 4.59e-05 4.59e-05 3.57e-05 3.57e-05 2.55e-05 6.12e-05 5.61e-05 7.14e-05 5.1e-05 5.61e-05 5.1e-05 4.59e-05 4.59e-05 1.53e-05 5.61e-05 4.59e-05 5.1e-05 4.08e-05 4.08e-05 3.06e-05 6.12e-05 5.61e-05 5.61e-05 4.08e-05 8.16e-05 3.06e-05 4.59e-05 0.0001122 6.12e-05 9.18e-05 9.18e-05 4.59e-05 
0 5.1e-06 0 0 0 0 1.02e-05 5.1e-06 1.53e-05 0 1.53e-05 0 5.1e-06 5.1e-06 5.1e-06 5.1e-06 5.1e-06 1.02e-05 5.1e-06 5.1e-06 0 5.1e-06 1.02e-05 5.1e-06 0 1.02e-05 0 0 0 1.53e-05 5.1e-06 5.1e-06 5.1e-06 0 0 5.1e-06 5.1e-06 1.53e-05 0 0 1.02e-05 5.1e-06 1.02e-05 0 5.1e-06 0 1.02e-05 0 1.02e-05 5.1e-06 0 
0 0 0 0 0 0 0 0 0 0 0 5.1e-06 0 0 0 0 0 0 0 0 0 0 0 0 0 0 0 0 0 0 0 5.1e-06 0 0 0 0 0 0 0 0 0 0 0 0 0 0 0 0 5.1e-06 0 0 
0 0 0 0 0 0 0 0 0 0 0 0 0 0 0 0 0 0 0 0 0 0 0 0 0 0 0 0 0 0 0 0 0 0 0 0 0 0 0 0 0 0 0 0 0 0 0 0 0 0 0 
0 0 0 0 0 0 0 0 0 0 0 0 0 0 0 0 0 0 0 0 0 0 0 0 0 0 0 0 0 0 0 0 0 0 0 0 0 0 0 0 0 0 0 0 0 0 0 0 0 0 0 
