Finite rod, albedo problem, anisotropic scattering, exponential random flight, mu_t: 1 g: -0.5
Analogmu_t c: 0.3 rod_length: 3 dx: 0.0588235 numsamples: 10000000 numCollisionOrders: 10 numMoments: 10
total albedo R: 0.12292
total albedo T: 0.0666448
per-collision order albedos R: 
0 0.112215 0.0082849 0.0019956 0.0003339 7.13e-05 1.47e-05 3.6e-06 7e-07 1e-07 
per-collision order albedos T: 
0.0496867 0.0112062 0.0044026 0.0010083 0.000265 5.82e-05 1.25e-05 4.3e-06 8e-07 1e-07 
Left-moving collision density:
0.119651 0.112924 0.108222 0.102253 0.0969034 0.0924596 0.0865096 0.0824143 0.0780929 0.0736032 0.0704837 0.0665023 0.0622523 0.059653 0.0563176 0.0530706 0.0499103 0.047685 0.044472 0.0423402 0.0401846 0.0379627 0.0359431 0.0339558 0.0315809 0.029478 0.028288 0.0267716 0.0248302 0.0231659 0.0215934 0.0205309 0.0190621 0.0176647 0.0164203 0.0153323 0.0139791 0.0129166 0.0117946 0.010846 0.0097852 0.0086581 0.0076449 0.0066606 0.0060078 0.0049538 0.0040069 0.0031008 0.0022083 0.0013345 0.000493 
Right-moving collision density:
0.975892 0.925172 0.87677 0.830875 0.790117 0.748413 0.708329 0.67253 0.639931 0.607162 0.574319 0.544875 0.516455 0.487687 0.465599 0.442078 0.416745 0.396341 0.37724 0.358096 0.337127 0.321057 0.304144 0.2879 0.274956 0.259898 0.246561 0.233752 0.221552 0.210712 0.200411 0.189339 0.179785 0.169954 0.16192 0.153219 0.145896 0.138417 0.130558 0.123316 0.117613 0.111595 0.105504 0.0999277 0.0946186 0.0898433 0.0853366 0.0806191 0.0766632 0.073049 0.0687735 
Collision Density Moments:
1.15774 1.026 1.52106 2.8363 5.9961 13.691 32.9012 81.9633 209.669 547.301 
Per-collision Density Moments:
0 0 0 0 0 0 0 0 0 0 
0.950313 0.800971 1.15433 2.11899 4.4407 10.0902 24.183 60.1607 153.802 401.413 
0.161687 0.165066 0.260862 0.501217 1.07455 2.46849 5.94361 14.8026 37.8106 98.4888 
0.0358113 0.046469 0.0814948 0.16571 0.367893 0.865142 2.11803 5.34069 13.7726 36.1473 
0.0077296 0.0103475 0.0185173 0.0380753 0.0850384 0.200596 0.491799 1.24067 3.19917 8.393 
0.0017109 0.00245169 0.00454281 0.00954 0.0216033 0.0514486 0.127008 0.322055 0.833733 2.19414 
0.0003754 0.000541116 0.0010065 0.00212476 0.00484228 0.011613 0.0288774 0.0737594 0.19231 0.509567 
8.67e-05 0.000126805 0.00024147 0.000519748 0.00120149 0.00291019 0.00728446 0.0186829 0.0488222 0.129486 
1.77e-05 2.58711e-05 4.85866e-05 0.000102837 0.000233502 0.000554807 0.00136008 0.00341044 0.00869909 0.0224874 
4.1e-06 5.56815e-06 9.83953e-06 1.9963e-05 4.40164e-05 0.000102307 0.000246277 0.000607636 0.00152685 0.00389131 
Per-collision Densities:
0 0 0 0 0 0 0 0 0 0 0 0 0 0 0 0 0 0 0 0 0 0 0 0 0 0 0 0 0 0 0 0 0 0 0 0 0 0 0 0 0 0 0 0 0 0 0 0 0 0 0 
0.973058 0.917036 0.863678 0.813273 0.769083 0.723919 0.681149 0.642846 0.607408 0.573141 0.539089 0.508654 0.478817 0.449665 0.426555 0.402407 0.377245 0.356568 0.337464 0.318286 0.298396 0.281892 0.265724 0.250094 0.23734 0.223176 0.210067 0.198065 0.186391 0.176455 0.16722 0.156929 0.148288 0.13939 0.131349 0.123954 0.117494 0.110786 0.103753 0.0975936 0.0926364 0.0872882 0.0821032 0.0771545 0.0725815 0.0688007 0.0652137 0.0611201 0.0580006 0.0549542 0.0517735 
0.111136 0.108332 0.106891 0.104334 0.101252 0.0991644 0.0951609 0.0932382 0.0912152 0.0878322 0.0856324 0.0826268 0.0796076 0.0769369 0.0747745 0.0720698 0.0692512 0.0671024 0.0642549 0.0622812 0.0593827 0.0576045 0.0554047 0.0531097 0.0510136 0.0484891 0.0474538 0.0454308 0.0433653 0.0410635 0.0390966 0.0375088 0.0355419 0.0340068 0.0330514 0.0311253 0.0292179 0.0280245 0.0266866 0.0251736 0.0240771 0.0226644 0.0211089 0.0199597 0.0188309 0.0173349 0.0162384 0.0152422 0.0137785 0.0130152 0.0115906 
0.008908 0.0099331 0.0114818 0.0124219 0.0134232 0.0142052 0.0148427 0.0152065 0.0156128 0.0157947 0.0160905 0.0160565 0.0163727 0.0165002 0.0164696 0.0164084 0.0159511 0.0161755 0.015589 0.0156604 0.0153153 0.0152694 0.0147883 0.014637 0.0141287 0.013685 0.0136085 0.013243 0.0128775 0.0125851 0.0121788 0.0118422 0.0115362 0.0109123 0.0106658 0.0103547 0.0099603 0.0095013 0.0090202 0.0086972 0.0081668 0.0079288 0.0075752 0.0072301 0.0069751 0.0066028 0.0059908 0.0055556 0.0054026 0.0049725 0.0044812 
0.0020502 0.0023035 0.0023834 0.0025194 0.0026503 0.0028917 0.0029716 0.0029172 0.0030311 0.0032079 0.0032062 0.0031637 0.0031467 0.0034221 0.0032589 0.0033541 0.0032827 0.0032402 0.0034799 0.0032759 0.0032776 0.0033048 0.0032351 0.0031671 0.0031654 0.0031178 0.0028781 0.0029172 0.0028815 0.0028611 0.0026979 0.0027166 0.0026571 0.0024786 0.0025143 0.0023613 0.0024276 0.0023188 0.0021607 0.0020961 0.0018649 0.0017578 0.0017884 0.0016575 0.0016643 0.0015283 0.0014535 0.0013532 0.0012342 0.001054 0.0010557 
0.0003026 0.0003859 0.0004471 0.0004539 0.0004641 0.0005525 0.000561 0.0005712 0.000612 0.0006239 0.0005899 0.0006834 0.0005797 0.0006545 0.0006477 0.0007191 0.0006902 0.0007259 0.0007446 0.0007429 0.0007548 0.0007242 0.0007225 0.0006409 0.0007089 0.000714 0.0006511 0.0006885 0.0006919 0.0007191 0.0006188 0.0006902 0.0006528 0.0006324 0.0005695 0.0005848 0.0006035 0.0005763 0.0005729 0.0004556 0.000527 0.0004777 0.000459 0.0004522 0.0004556 0.0003927 0.00034 0.0003434 0.0003451 0.0002873 0.0002805 
6.29e-05 8.16e-05 8.33e-05 0.0001003 0.0001173 9.69e-05 0.0001224 0.0001241 0.000102 0.0001326 0.0001598 0.0001496 0.0001462 0.0001309 0.00017 0.0001479 0.0001853 0.0001683 0.0001309 0.0001445 0.000153 0.0001819 0.0001615 0.0001598 0.0001496 0.0001411 0.0001581 0.0001394 0.0001462 0.0001496 0.0001377 0.0001462 0.0001343 0.0001581 0.0001462 0.0001326 0.0001326 0.0001071 0.0001173 0.0001054 0.0001054 0.000102 7.65e-05 0.0001003 9.18e-05 0.0001037 7.31e-05 7.48e-05 9.35e-05 7.99e-05 6.63e-05 
2.04e-05 1.87e-05 2.55e-05 1.7e-05 2.55e-05 3.23e-05 2.55e-05 3.23e-05 3.74e-05 2.89e-05 2.89e-05 3.4e-05 2.89e-05 2.21e-05 3.57e-05 3.23e-05 3.91e-05 3.06e-05 3.74e-05 3.91e-05 2.72e-05 2.89e-05 3.74e-05 3.57e-05 2.72e-05 4.76e-05 2.38e-05 3.23e-05 1.87e-05 3.4e-05 4.08e-05 3.23e-05 3.23e-05 3.4e-05 3.57e-05 3.4e-05 3.57e-05 1.53e-05 3.23e-05 2.21e-05 1.7e-05 3.23e-05 2.89e-05 2.72e-05 2.21e-05 2.55e-05 2.72e-05 2.38e-05 1.36e-05 1.87e-05 1.87e-05 
5.1e-06 3.4e-06 1.7e-06 6.8e-06 3.4e-06 8.5e-06 3.4e-06 6.8e-06 5.1e-06 3.4e-06 5.1e-06 8.5e-06 5.1e-06 6.8e-06 5.1e-06 1.02e-05 8.5e-06 6.8e-06 1.19e-05 3.4e-06 1.7e-06 1.02e-05 1.02e-05 1.02e-05 3.4e-06 3.4e-06 8.5e-06 6.8e-06 1.02e-05 1.02e-05 8.5e-06 3.4e-06 5.1e-06 5.1e-06 1.7e-06 5.1e-06 3.4e-06 3.4e-06 1.02e-05 1.7e-05 3.4e-06 1.7e-06 5.1e-06 6.8e-06 3.4e-06 6.8e-06 6.8e-06 5.1e-06 3.4e-06 1.7e-06 0 
0 1.7e-06 0 1.7e-06 1.7e-06 1.7e-06 1.7e-06 1.7e-06 0 0 1.7e-06 1.7e-06 3.4e-06 1.7e-06 0 0 1.7e-06 8.5e-06 0 3.4e-06 3.4e-06 3.4e-06 3.4e-06 1.7e-06 0 0 0 0 0 0 5.1e-06 0 0 1.7e-06 6.8e-06 0 0 1.7e-06 0 1.7e-06 0 0 3.4e-06 0 1.7e-06 1.7e-06 0 1.7e-06 0 0 0 
