Finite rod, albedo problem, anisotropic scattering, exponential random flight, mu_t: 3 g: 0.3
Analogmu_t c: 0.3 rod_length: 0.3 dx: 0.00588235 numsamples: 10000000 numCollisionOrders: 10 numMoments: 10
total albedo R: 0.0500524
total albedo T: 0.485844
per-collision order albedos R: 
0 0.0438897 0.0055049 0.0005921 5.87e-05 6.5e-06 5e-07 0 0 0 
per-collision order albedos T: 
0.406504 0.0712789 0.0073309 0.0006675 5.64e-05 5.1e-06 3e-07 1e-07 0 0 
Left-moving collision density:
0.150739 0.1445 0.141304 0.138295 0.136051 0.132396 0.13005 0.125749 0.122706 0.120411 0.115702 0.113084 0.109463 0.104227 0.101286 0.101184 0.096849 0.094486 0.090525 0.089114 0.085901 0.083232 0.079254 0.075157 0.073117 0.069326 0.068408 0.065331 0.060299 0.059058 0.056406 0.053159 0.05185 0.047634 0.045424 0.043061 0.039423 0.035955 0.033966 0.031535 0.027829 0.025262 0.022457 0.020009 0.017323 0.015249 0.012495 0.010608 0.006511 0.003723 0.001428 
Right-moving collision density:
2.97865 2.93264 2.90389 2.86013 2.81214 2.78013 2.73183 2.7066 2.66067 2.61455 2.59921 2.5406 2.51829 2.48435 2.45094 2.4124 2.37663 2.34146 2.31237 2.2789 2.2493 2.20597 2.18144 2.141 2.13202 2.08869 2.06366 2.03954 2.00505 1.98045 1.95488 1.92095 1.89941 1.87398 1.84419 1.8137 1.78684 1.7585 1.74853 1.71997 1.68065 1.66491 1.64805 1.61213 1.59436 1.5784 1.56334 1.53908 1.50526 1.48393 1.47373 
Collision Density Moments:
0.663099 0.086864 0.0161976 0.00349309 0.000814925 0.000199656 5.05697e-05 1.31199e-05 3.46607e-06 9.28728e-07 
Per-collision Density Moments:
0 0 0 0 0 0 0 0 0 0 
0.593495 0.0758342 0.0139657 0.00299011 0.000694383 0.00016959 4.28578e-05 1.11004e-05 2.92876e-06 7.83957e-07 
0.062923 0.00998139 0.00201817 0.000454415 0.000108829 2.71297e-05 6.95587e-06 1.82089e-06 4.84348e-07 1.30475e-07 
0.006059 0.000953436 0.000194603 4.42252e-05 1.06704e-05 2.67524e-06 6.8894e-07 1.80965e-07 4.82638e-08 1.30286e-08 
0.0005615 8.64203e-05 1.75206e-05 3.97184e-06 9.57311e-07 2.39917e-07 6.17812e-08 1.62309e-08 4.33016e-09 1.16938e-09 
5.4e-05 7.64136e-06 1.48186e-06 3.25524e-07 7.66297e-08 1.88645e-08 4.79193e-09 1.24566e-09 3.2957e-10 8.84129e-11 
5.7e-06 8.35405e-07 1.64847e-07 3.62033e-08 8.47616e-09 2.07111e-09 5.21624e-10 1.34365e-10 3.52167e-11 9.35784e-12 
3e-07 3.03898e-08 7.6207e-09 2.08631e-09 5.74094e-10 1.58022e-10 4.34972e-11 1.19731e-11 3.29571e-12 9.07177e-13 
0 0 0 0 0 0 0 0 0 0 
0 0 0 0 0 0 0 0 0 0 
Per-collision Densities:
0 0 0 0 0 0 0 0 0 0 0 0 0 0 0 0 0 0 0 0 0 0 0 0 0 0 0 0 0 0 0 0 0 0 0 0 0 0 0 0 0 0 0 0 0 0 0 0 0 0 0 
2.97301 2.91735 2.87847 2.8256 2.76792 2.72794 2.66732 2.63617 2.58245 2.52763 2.50388 2.43795 2.40922 2.36852 2.32912 2.28483 2.24119 2.19924 2.1666 2.131 2.09486 2.04243 2.01702 1.97214 1.95541 1.91063 1.87998 1.85104 1.8132 1.78413 1.75686 1.72023 1.69599 1.66654 1.63557 1.5981 1.57179 1.53981 1.52799 1.49693 1.45566 1.4372 1.41615 1.3847 1.36444 1.34434 1.32994 1.30057 1.26934 1.24782 1.23797 
0.136204 0.140981 0.147186 0.153034 0.161585 0.164815 0.175032 0.176681 0.180897 0.187357 0.190978 0.19499 0.197625 0.200209 0.202555 0.207247 0.211225 0.215764 0.215033 0.214234 0.219436 0.223686 0.221969 0.222105 0.227052 0.225114 0.22967 0.231183 0.229279 0.232458 0.23205 0.229585 0.231183 0.231217 0.230588 0.233733 0.230843 0.230962 0.230469 0.230486 0.228395 0.228599 0.229347 0.222921 0.223584 0.224128 0.221017 0.22457 0.217464 0.21624 0.213945 
0.018156 0.01666 0.017425 0.017935 0.016864 0.017646 0.017272 0.017476 0.018122 0.017833 0.018377 0.019142 0.018717 0.017799 0.018377 0.019567 0.01921 0.019091 0.019125 0.020553 0.019312 0.020978 0.019618 0.019992 0.020451 0.020247 0.020417 0.020468 0.020689 0.020978 0.020298 0.021811 0.022049 0.021981 0.021301 0.02261 0.021556 0.021386 0.021811 0.021981 0.022321 0.021964 0.02295 0.022576 0.021845 0.022525 0.022661 0.022712 0.022644 0.021352 0.021199 
0.001802 0.001734 0.001802 0.001683 0.001666 0.001955 0.001972 0.001751 0.001734 0.001972 0.001479 0.001411 0.001972 0.001904 0.001955 0.001734 0.001683 0.001717 0.001955 0.00204 0.001411 0.00187 0.001802 0.001683 0.002023 0.001836 0.001785 0.001955 0.001955 0.001802 0.001836 0.00221 0.001836 0.001666 0.001955 0.002193 0.001955 0.002108 0.002006 0.001853 0.001921 0.002159 0.001955 0.001853 0.001564 0.002465 0.00204 0.001717 0.002142 0.002091 0.001887 
0.00017 0.000323 0.000289 0.000153 0.000153 0.00017 0.000272 0.000255 0.000153 0.00017 0.000187 0.000187 0.000204 0.000136 0.000204 0.000153 0.000153 0.000119 0.000153 0.000153 0.000153 0.000221 0.000289 0.000238 0.000153 0.00017 0.000204 0.000204 0.000221 0.000119 0.000204 0.000272 0.00017 0.000187 0.000153 0.000102 0.000102 0.000187 0.000187 0.000221 0.000187 0.000238 6.8e-05 6.8e-05 0.000255 0.000153 0.000153 0.000102 0.00017 0.000119 0.000153 
5.1e-05 6.8e-05 1.7e-05 0 0 0 1.7e-05 1.7e-05 1.7e-05 0 1.7e-05 0 1.7e-05 0 1.7e-05 5.1e-05 1.7e-05 1.7e-05 3.4e-05 3.4e-05 3.4e-05 1.7e-05 0 0 5.1e-05 1.7e-05 1.7e-05 1.7e-05 0 1.7e-05 3.4e-05 0 3.4e-05 1.7e-05 5.1e-05 1.7e-05 1.7e-05 0 3.4e-05 3.4e-05 0 1.7e-05 3.4e-05 1.7e-05 0 3.4e-05 0 1.7e-05 1.7e-05 3.4e-05 0 
0 1.7e-05 0 1.7e-05 0 0 0 0 0 0 0 0 0 0 0 0 0 0 0 0 0 0 0 0 0 0 0 0 0 0 0 0 0 0 0 0 0 0 0 0 0 0 0 0 0 0 1.7e-05 0 0 0 0 
0 0 0 0 0 0 0 0 0 0 0 0 0 0 0 0 0 0 0 0 0 0 0 0 0 0 0 0 0 0 0 0 0 0 0 0 0 0 0 0 0 0 0 0 0 0 0 0 0 0 0 
0 0 0 0 0 0 0 0 0 0 0 0 0 0 0 0 0 0 0 0 0 0 0 0 0 0 0 0 0 0 0 0 0 0 0 0 0 0 0 0 0 0 0 0 0 0 0 0 0 0 0 
