Finite rod, albedo problem, anisotropic scattering, exponential random flight, mu_t: 3 g: -0.5
Analogmu_t c: 0.3 rod_length: 1 dx: 0.0196078 numsamples: 10000000 numCollisionOrders: 10 numMoments: 10
total albedo R: 0.12292
total albedo T: 0.0666448
per-collision order albedos R: 
0 0.112215 0.0082849 0.0019956 0.0003339 7.13e-05 1.47e-05 3.6e-06 7e-07 1e-07 
per-collision order albedos T: 
0.0496867 0.0112062 0.0044026 0.0010083 0.000265 5.82e-05 1.25e-05 4.3e-06 8e-07 1e-07 
Left-moving collision density:
0.358953 0.338773 0.324666 0.30676 0.29071 0.277379 0.259529 0.247243 0.234279 0.22081 0.211451 0.199507 0.186757 0.178959 0.168953 0.159212 0.149731 0.143055 0.133416 0.127021 0.120554 0.113888 0.107829 0.101867 0.0947427 0.088434 0.084864 0.0803148 0.0744906 0.0694977 0.0647802 0.0615927 0.0571863 0.0529941 0.0492609 0.0459969 0.0419373 0.0387498 0.0353838 0.032538 0.0293556 0.0259743 0.0229347 0.0199818 0.0180234 0.0148614 0.0120207 0.0093024 0.0066249 0.0040035 0.001479 
Right-moving collision density:
2.92768 2.77552 2.63031 2.49262 2.37035 2.24524 2.12499 2.01759 1.91979 1.82149 1.72296 1.63463 1.54936 1.46306 1.3968 1.32623 1.25023 1.18902 1.13172 1.07429 1.01138 0.963171 0.912431 0.8637 0.824869 0.779693 0.739684 0.701255 0.664657 0.632135 0.601234 0.568018 0.539356 0.509862 0.48576 0.459658 0.437687 0.415252 0.391675 0.369949 0.352838 0.334784 0.316511 0.299783 0.283856 0.26953 0.25601 0.241857 0.22999 0.219147 0.20632 
Collision Density Moments:
1.15774 0.342002 0.169006 0.105048 0.074026 0.0563417 0.045132 0.0374775 0.0319569 0.0278058 
Per-collision Density Moments:
0 0 0 0 0 0 0 0 0 0 
0.950313 0.26699 0.128259 0.0784811 0.0548234 0.0415233 0.0331728 0.0275083 0.0234418 0.0203939 
0.161687 0.0550219 0.0289847 0.0185636 0.0132661 0.0101584 0.00815311 0.00676847 0.00576293 0.00500375 
0.0358113 0.0154897 0.00905498 0.00613741 0.00454189 0.00356026 0.00290539 0.00244202 0.00209916 0.00183647 
0.0077296 0.00344916 0.00205747 0.00141019 0.00104986 0.000825497 0.000674622 0.000567295 0.000487604 0.000426409 
0.0017109 0.00081723 0.000504757 0.000353333 0.000266707 0.000211723 0.000174222 0.000147259 0.000127074 0.000111474 
0.0003754 0.000180372 0.000111833 7.86948e-05 5.97812e-05 4.77903e-05 3.96123e-05 3.37263e-05 2.93111e-05 2.58887e-05 
8.67e-05 4.22683e-05 2.68301e-05 1.92499e-05 1.48332e-05 1.19761e-05 9.9924e-06 8.54269e-06 7.44127e-06 6.57856e-06 
1.77e-05 8.6237e-06 5.39851e-06 3.80879e-06 2.88274e-06 2.28316e-06 1.86568e-06 1.55941e-06 1.32588e-06 1.14248e-06 
4.1e-06 1.85605e-06 1.09328e-06 7.39369e-07 5.43412e-07 4.21016e-07 3.37828e-07 2.7784e-07 2.32717e-07 1.97699e-07 
Per-collision Densities:
0 0 0 0 0 0 0 0 0 0 0 0 0 0 0 0 0 0 0 0 0 0 0 0 0 0 0 0 0 0 0 0 0 0 0 0 0 0 0 0 0 0 0 0 0 0 0 0 0 0 0 
2.91917 2.75111 2.59103 2.43982 2.30725 2.17176 2.04345 1.92854 1.82222 1.71942 1.61727 1.52596 1.43645 1.349 1.27967 1.20722 1.13174 1.0697 1.01239 0.954858 0.895188 0.845677 0.797171 0.750281 0.712021 0.669528 0.630202 0.594196 0.559174 0.529365 0.501661 0.470786 0.444863 0.418169 0.394046 0.371861 0.352481 0.332357 0.311258 0.292781 0.277909 0.261865 0.24631 0.231463 0.217744 0.206402 0.195641 0.18336 0.174002 0.164863 0.15532 
0.333407 0.324997 0.320673 0.313002 0.303756 0.297493 0.285483 0.279715 0.273646 0.263497 0.256897 0.24788 0.238823 0.230811 0.224323 0.216209 0.207754 0.201307 0.192765 0.186844 0.178148 0.172813 0.166214 0.159329 0.153041 0.145467 0.142361 0.136292 0.130096 0.12319 0.11729 0.112526 0.106626 0.10202 0.0991542 0.0933759 0.0876537 0.0840735 0.0800598 0.0755208 0.0722313 0.0679932 0.0633267 0.0598791 0.0564927 0.0520047 0.0487152 0.0457266 0.0413355 0.0390456 0.0347718 
0.026724 0.0297993 0.0344454 0.0372657 0.0402696 0.0426156 0.0445281 0.0456195 0.0468384 0.0473841 0.0482715 0.0481695 0.0491181 0.0495006 0.0494088 0.0492252 0.0478533 0.0485265 0.046767 0.0469812 0.0459459 0.0458082 0.0443649 0.043911 0.0423861 0.041055 0.0408255 0.039729 0.0386325 0.0377553 0.0365364 0.0355266 0.0346086 0.0327369 0.0319974 0.0310641 0.0298809 0.0285039 0.0270606 0.0260916 0.0245004 0.0237864 0.0227256 0.0216903 0.0209253 0.0198084 0.0179724 0.0166668 0.0162078 0.0149175 0.0134436 
0.0061506 0.0069105 0.0071502 0.0075582 0.0079509 0.0086751 0.0089148 0.0087516 0.0090933 0.0096237 0.0096186 0.0094911 0.0094401 0.0102663 0.0097767 0.0100623 0.0098481 0.0097206 0.0104397 0.0098277 0.0098328 0.0099144 0.0097053 0.0095013 0.0094962 0.0093534 0.0086343 0.0087516 0.0086445 0.0085833 0.0080937 0.0081498 0.0079713 0.0074358 0.0075429 0.0070839 0.0072828 0.0069564 0.0064821 0.0062883 0.0055947 0.0052734 0.0053652 0.0049725 0.0049929 0.0045849 0.0043605 0.0040596 0.0037026 0.003162 0.0031671 
0.0009078 0.0011577 0.0013413 0.0013617 0.0013923 0.0016575 0.001683 0.0017136 0.001836 0.0018717 0.0017697 0.0020502 0.0017391 0.0019635 0.0019431 0.0021573 0.0020706 0.0021777 0.0022338 0.0022287 0.0022644 0.0021726 0.0021675 0.0019227 0.0021267 0.002142 0.0019533 0.0020655 0.0020757 0.0021573 0.0018564 0.0020706 0.0019584 0.0018972 0.0017085 0.0017544 0.0018105 0.0017289 0.0017187 0.0013668 0.001581 0.0014331 0.001377 0.0013566 0.0013668 0.0011781 0.00102 0.0010302 0.0010353 0.0008619 0.0008415 
0.0001887 0.0002448 0.0002499 0.0003009 0.0003519 0.0002907 0.0003672 0.0003723 0.000306 0.0003978 0.0004794 0.0004488 0.0004386 0.0003927 0.00051 0.0004437 0.0005559 0.0005049 0.0003927 0.0004335 0.000459 0.0005457 0.0004845 0.0004794 0.0004488 0.0004233 0.0004743 0.0004182 0.0004386 0.0004488 0.0004131 0.0004386 0.0004029 0.0004743 0.0004386 0.0003978 0.0003978 0.0003213 0.0003519 0.0003162 0.0003162 0.000306 0.0002295 0.0003009 0.0002754 0.0003111 0.0002193 0.0002244 0.0002805 0.0002397 0.0001989 
6.12e-05 5.61e-05 7.65e-05 5.1e-05 7.65e-05 9.69e-05 7.65e-05 9.69e-05 0.0001122 8.67e-05 8.67e-05 0.000102 8.67e-05 6.63e-05 0.0001071 9.69e-05 0.0001173 9.18e-05 0.0001122 0.0001173 8.16e-05 8.67e-05 0.0001122 0.0001071 8.16e-05 0.0001428 7.14e-05 9.69e-05 5.61e-05 0.000102 0.0001224 9.69e-05 9.69e-05 0.000102 0.0001071 0.000102 0.0001071 4.59e-05 9.69e-05 6.63e-05 5.1e-05 9.69e-05 8.67e-05 8.16e-05 6.63e-05 7.65e-05 8.16e-05 7.14e-05 4.08e-05 5.61e-05 5.61e-05 
1.53e-05 1.02e-05 5.1e-06 2.04e-05 1.02e-05 2.55e-05 1.02e-05 2.04e-05 1.53e-05 1.02e-05 1.53e-05 2.55e-05 1.53e-05 2.04e-05 1.53e-05 3.06e-05 2.55e-05 2.04e-05 3.57e-05 1.02e-05 5.1e-06 3.06e-05 3.06e-05 3.06e-05 1.02e-05 1.02e-05 2.55e-05 2.04e-05 3.06e-05 3.06e-05 2.55e-05 1.02e-05 1.53e-05 1.53e-05 5.1e-06 1.53e-05 1.02e-05 1.02e-05 3.06e-05 5.1e-05 1.02e-05 5.1e-06 1.53e-05 2.04e-05 1.02e-05 2.04e-05 2.04e-05 1.53e-05 1.02e-05 5.1e-06 0 
0 5.1e-06 0 5.1e-06 5.1e-06 5.1e-06 5.1e-06 5.1e-06 0 0 5.1e-06 5.1e-06 1.02e-05 5.1e-06 0 0 5.1e-06 2.55e-05 0 1.02e-05 1.02e-05 1.02e-05 1.02e-05 5.1e-06 0 0 0 0 0 0 1.53e-05 0 0 5.1e-06 2.04e-05 0 0 5.1e-06 0 5.1e-06 0 0 1.02e-05 0 5.1e-06 5.1e-06 0 5.1e-06 0 0 0 
