Finite rod, albedo problem, anisotropic scattering, exponential random flight, mu_t: 1 g: 0.7
Analogmu_t c: 0.9 rod_length: 3 dx: 0.0588235 numsamples: 10000000 numCollisionOrders: 10 numMoments: 10
total albedo R: 0.223386
total albedo T: 0.521813
per-collision order albedos R: 
0 0.0673118 0.0507405 0.0374369 0.0263451 0.017414 0.0107961 0.0062597 0.0034459 0.0017854 
per-collision order albedos T: 
0.0498186 0.114196 0.132184 0.103616 0.062518 0.0317082 0.0146976 0.0066287 0.0031413 0.0015859 
Left-moving collision density:
0.220755 0.216976 0.210644 0.208053 0.200576 0.197224 0.192678 0.187578 0.183668 0.178245 0.174485 0.169983 0.164575 0.161284 0.15554 0.151072 0.147004 0.141996 0.137722 0.13373 0.129202 0.12505 0.11985 0.115848 0.112317 0.106918 0.102228 0.0983909 0.0943976 0.0907766 0.0863073 0.0811801 0.0778974 0.0731765 0.0689163 0.0643654 0.0603908 0.0564026 0.0516936 0.0480097 0.0438073 0.0396168 0.0352444 0.0308516 0.0267665 0.0226746 0.0187357 0.0143837 0.0104465 0.0061387 0.0020791 
Right-moving collision density:
0.995738 0.980478 0.967943 0.9606 0.947898 0.934949 0.924832 0.913118 0.903353 0.891281 0.88096 0.869812 0.858366 0.848473 0.839829 0.825379 0.818133 0.806856 0.798004 0.786452 0.777243 0.766907 0.758967 0.747959 0.739952 0.730723 0.72099 0.708755 0.703859 0.695383 0.687528 0.677423 0.666459 0.658335 0.650734 0.641191 0.633678 0.624961 0.620328 0.61115 0.601054 0.592895 0.587634 0.577789 0.569916 0.560177 0.554809 0.548075 0.540748 0.531568 0.524122 
Collision Density Moments:
2.54774 3.29792 6.09302 13.048 30.2759 73.8573 186.418 482.253 1270.96 3398.51 
Per-collision Density Moments:
0 0 0 0 0 0 0 0 0 0 
0.950181 0.800857 1.15367 2.11661 4.43317 10.0674 24.1152 59.9607 153.213 399.681 
0.673556 0.929486 1.68021 3.49269 7.89549 18.8551 46.7799 119.339 310.928 823.515 
0.423397 0.70606 1.42761 3.18207 7.53375 18.5816 47.1991 122.566 323.773 867.009 
0.239925 0.425862 0.907004 2.09898 5.10727 12.8575 33.178 87.2335 232.754 628.406 
0.127036 0.223085 0.481191 1.12965 2.78338 7.08052 18.4286 48.7998 130.984 355.429 
0.0652861 0.108864 0.23179 0.543245 1.34129 3.42318 8.94069 23.755 63.9588 174.04 
0.0332467 0.0519885 0.107688 0.24906 0.610757 1.5532 4.04939 10.7506 28.9396 78.761 
0.0170444 0.0253618 0.0512571 0.11686 0.283989 0.717885 1.86389 4.93384 13.2531 36.0121 
0.0087592 0.0127281 0.0253564 0.0572642 0.138228 0.347662 0.899119 2.37256 6.35668 17.2355 
Per-collision Densities:
0 0 0 0 0 0 0 0 0 0 0 0 0 0 0 0 0 0 0 0 0 0 0 0 0 0 0 0 0 0 0 0 0 0 0 0 0 0 0 0 0 0 0 0 0 0 0 0 0 0 0 
0.97316 0.91402 0.861332 0.81583 0.767715 0.722745 0.683439 0.642763 0.607169 0.571783 0.540704 0.509242 0.478072 0.451348 0.426632 0.400493 0.378814 0.35681 0.33738 0.316378 0.298819 0.282339 0.266614 0.250638 0.236946 0.223404 0.210654 0.197509 0.188093 0.177038 0.167144 0.156959 0.147721 0.138302 0.132 0.12369 0.116955 0.110136 0.104436 0.0979863 0.0926874 0.0869975 0.0823667 0.0772973 0.0732377 0.068017 0.0645966 0.0618579 0.0577422 0.0542572 0.0508113 
0.0865691 0.123622 0.154816 0.183268 0.207179 0.228164 0.245086 0.260051 0.272852 0.283475 0.289967 0.296774 0.301752 0.304805 0.306988 0.305946 0.307909 0.305043 0.302277 0.299508 0.295661 0.290989 0.286407 0.281432 0.275662 0.271096 0.264707 0.257021 0.251974 0.245954 0.238797 0.232004 0.224551 0.217659 0.211322 0.204287 0.197831 0.191097 0.185064 0.179389 0.172805 0.166321 0.160783 0.154151 0.1485 0.142882 0.137782 0.132301 0.126813 0.122007 0.117152 
0.0509847 0.053414 0.0564383 0.06188 0.0665652 0.0722568 0.0789854 0.0863685 0.0931294 0.100062 0.107251 0.113941 0.120578 0.127952 0.133831 0.138545 0.144143 0.149272 0.153979 0.158265 0.162177 0.165988 0.168783 0.171064 0.174316 0.174508 0.176553 0.177182 0.178366 0.17963 0.180003 0.179457 0.178065 0.178401 0.176111 0.174648 0.173334 0.171936 0.170724 0.167656 0.164069 0.162721 0.16023 0.156944 0.153524 0.150161 0.146766 0.144153 0.141547 0.137283 0.133611 
0.0375258 0.0380154 0.038301 0.038896 0.0390014 0.0404345 0.0417401 0.0428876 0.0451809 0.0461159 0.0482239 0.0503302 0.0526031 0.0550494 0.0575484 0.0604027 0.0627861 0.0650828 0.06834 0.0716822 0.0740469 0.0765221 0.0797147 0.082042 0.0853944 0.087244 0.0892245 0.0914566 0.0932416 0.0957763 0.0983739 0.100298 0.101419 0.103328 0.104305 0.105041 0.105837 0.106638 0.107804 0.108502 0.108871 0.108276 0.109602 0.108887 0.108691 0.107719 0.107669 0.107287 0.106685 0.104735 0.103941 
0.0264571 0.026605 0.0264673 0.0268838 0.0265642 0.0271932 0.0274193 0.0277525 0.0281469 0.0277423 0.0285107 0.0288388 0.0294321 0.0300798 0.0306799 0.0309434 0.031433 0.0329851 0.033745 0.0342839 0.0355249 0.0361318 0.0367574 0.0384081 0.0393244 0.0406096 0.0411519 0.0426887 0.0445213 0.0455991 0.046597 0.0472345 0.0491079 0.0497862 0.0511989 0.0523872 0.0536452 0.0542606 0.0556427 0.056423 0.0569959 0.0576232 0.0589254 0.0594099 0.0596326 0.0605251 0.0613309 0.0608209 0.0615995 0.0617474 0.0618392 
0.0174573 0.0176545 0.0174624 0.0179027 0.017799 0.0176715 0.0171054 0.01768 0.0176987 0.0174709 0.0181628 0.0178568 0.017816 0.0180302 0.0178262 0.0181509 0.0180676 0.0182206 0.0184382 0.0183107 0.0188037 0.0189227 0.0190927 0.0192423 0.0192763 0.019839 0.0198492 0.0204187 0.0207927 0.0210188 0.0216019 0.0214149 0.0223312 0.0225556 0.0231795 0.0235603 0.0243746 0.025058 0.0256292 0.0261579 0.0265013 0.0274108 0.0275451 0.0280398 0.0285362 0.0289374 0.0299166 0.030039 0.0308431 0.0307513 0.0314415 
0.01088 0.0107576 0.010489 0.0108001 0.0107729 0.0108783 0.0107746 0.0107168 0.0104754 0.0106301 0.0104941 0.0105995 0.0105043 0.0106964 0.0103394 0.0103887 0.0102085 0.010081 0.0101167 0.0103598 0.0100708 0.0097682 0.0101694 0.0100283 0.0102051 0.0101524 0.0102119 0.0101711 0.0103054 0.0103428 0.0103683 0.0103462 0.0103921 0.010574 0.0108307 0.0110653 0.0112251 0.0114342 0.0114869 0.0117657 0.0116382 0.0120054 0.012104 0.0123097 0.0127449 0.0129948 0.013515 0.0135881 0.013753 0.0142103 0.0144534 
0.0063393 0.006375 0.0062696 0.0062492 0.0063461 0.0060724 0.0061268 0.0059381 0.0059721 0.0057936 0.0057205 0.0058412 0.0057749 0.0057256 0.0055828 0.0055403 0.0057902 0.0054502 0.0054655 0.0054434 0.0054638 0.0054604 0.0054315 0.0052564 0.0054961 0.0051952 0.0052649 0.0051629 0.0052938 0.0053142 0.0052853 0.0053329 0.0051306 0.0051697 0.0052241 0.0052428 0.0054672 0.0051901 0.0054128 0.005508 0.0055233 0.0054859 0.0055794 0.0057205 0.0059789 0.0059024 0.0060435 0.0062339 0.0061013 0.0064294 0.0066368 
0.003383 0.0033898 0.0033558 0.003332 0.0032079 0.0032674 0.003349 0.0033218 0.0031484 0.0032504 0.0031858 0.0030872 0.0031144 0.0030005 0.0028798 0.0028985 0.0028696 0.0029784 0.0028594 0.002924 0.0028645 0.0028509 0.0028407 0.0028594 0.0027914 0.0026962 0.0026741 0.0027149 0.002754 0.002686 0.0026741 0.0026384 0.0026928 0.0027353 0.0026775 0.0026792 0.0025517 0.0027183 0.0027778 0.0027115 0.0026928 0.0026401 0.0027353 0.0028628 0.0028305 0.0027778 0.0028186 0.0030328 0.0030634 0.0030872 0.0029733 
