Finite rod, albedo problem, anisotropic scattering, exponential random flight, mu_t: 3 g: -0.5
Analogmu_t c: 0.3 rod_length: 0.3 dx: 0.00588235 numsamples: 10000000 numCollisionOrders: 10 numMoments: 10
total albedo R: 0.0992479
total albedo T: 0.44042
per-collision order albedos R: 
0 0.0939482 0.0045189 0.0007074 6.43e-05 7.9e-06 1.2e-06 0 0 0 
per-collision order albedos T: 
0.406528 0.0273714 0.0059227 0.0005126 7.65e-05 7.6e-06 8e-07 1e-07 0 0 
Left-moving collision density:
0.295018 0.28832 0.281605 0.273785 0.267172 0.258213 0.254643 0.247503 0.239836 0.236487 0.22474 0.223057 0.215458 0.207026 0.201603 0.199495 0.190842 0.1853 0.178228 0.172414 0.166855 0.160735 0.157556 0.147322 0.144364 0.136306 0.131172 0.128163 0.117997 0.115396 0.109242 0.104907 0.099807 0.091817 0.089233 0.085884 0.078047 0.069785 0.067235 0.060843 0.054434 0.050014 0.043333 0.040035 0.033643 0.028781 0.024463 0.018802 0.013209 0.007701 0.002414 
Right-moving collision density:
2.97493 2.92769 2.88522 2.84531 2.78783 2.7581 2.69817 2.67119 2.61722 2.56778 2.54891 2.48752 2.46063 2.42503 2.38753 2.34495 2.30785 2.2651 2.23251 2.19956 2.1649 2.11803 2.0918 2.05049 2.03878 1.99163 1.96432 1.93844 1.89684 1.87287 1.84797 1.81245 1.78888 1.76196 1.72762 1.69628 1.66875 1.63759 1.62571 1.59339 1.55802 1.53852 1.51943 1.48583 1.46584 1.44476 1.43205 1.401 1.37275 1.34839 1.33889 
Collision Density Moments:
0.657691 0.0839728 0.0154323 0.0032973 0.000764334 0.000186386 4.70409e-05 1.21702e-05 3.20793e-06 8.57967e-07 
Per-collision Density Moments:
0 0 0 0 0 0 0 0 0 0 
0.593472 0.0758309 0.0139653 0.00299007 0.000694374 0.000169586 4.28563e-05 1.10998e-05 2.92854e-06 7.8388e-07 
0.0567477 0.00700846 0.00124521 0.000258513 5.85164e-05 1.3991e-05 3.4734e-06 8.86187e-07 2.30825e-07 6.1103e-08 
0.0066172 0.00101118 0.000198464 4.36787e-05 1.02766e-05 2.52579e-06 6.40142e-07 1.65964e-07 4.37854e-08 1.17122e-08 
0.0007595 0.000108264 2.0603e-05 4.44765e-06 1.0316e-06 2.50658e-07 6.29227e-08 1.61811e-08 4.23908e-09 1.12701e-09 
8.24e-05 1.2289e-05 2.3644e-06 5.12531e-07 1.19189e-07 2.90254e-08 7.30127e-09 1.88113e-09 4.93637e-10 1.31427e-10 
9.9e-06 1.39538e-06 2.61159e-07 5.47608e-08 1.22446e-08 2.85535e-09 6.85944e-10 1.68503e-10 4.21239e-11 1.06817e-11 
1.6e-06 2.67854e-07 5.22197e-08 1.08886e-08 2.35366e-09 5.2088e-10 1.1729e-10 2.67725e-11 6.1786e-12 1.43887e-12 
3e-07 4.23889e-08 8.55695e-09 2.09919e-09 5.53104e-10 1.48985e-10 4.03916e-11 1.09712e-11 2.98166e-12 8.10459e-13 
1e-07 2.4486e-08 5.99565e-09 1.46809e-09 3.59478e-10 8.80217e-11 2.1553e-11 5.27747e-12 1.29224e-12 3.16418e-13 
Per-collision Densities:
0 0 0 0 0 0 0 0 0 0 0 0 0 0 0 0 0 0 0 0 0 0 0 0 0 0 0 0 0 0 0 0 0 0 0 0 0 0 0 0 0 0 0 0 0 0 0 0 0 0 0 
2.9723 2.92009 2.87337 2.82897 2.76694 2.73166 2.66761 2.63597 2.58104 2.52652 2.50299 2.43957 2.40897 2.36863 2.32898 2.28499 2.24334 2.19902 2.16371 2.13012 2.09284 2.04303 2.01467 1.97452 1.95731 1.90869 1.88011 1.85079 1.80946 1.78281 1.75622 1.72128 1.69515 1.66751 1.63361 1.60026 1.57274 1.54086 1.52743 1.49454 1.45736 1.43864 1.41828 1.38581 1.36396 1.34407 1.3304 1.29817 1.26861 1.24998 1.23638 
0.280551 0.278477 0.273972 0.269909 0.269161 0.262718 0.262939 0.260049 0.253011 0.254048 0.246313 0.24599 0.241553 0.237643 0.233546 0.23154 0.22882 0.224383 0.218569 0.214268 0.210715 0.207451 0.205598 0.195194 0.197098 0.191182 0.187238 0.188037 0.178058 0.177939 0.172397 0.168487 0.165869 0.160276 0.156842 0.154547 0.146999 0.140777 0.13872 0.134249 0.129421 0.125851 0.120309 0.115821 0.111741 0.107712 0.10387 0.100096 0.094877 0.086989 0.085289 
0.014484 0.014688 0.016796 0.017374 0.016269 0.019125 0.019312 0.019652 0.020128 0.020672 0.021063 0.022032 0.022423 0.022695 0.023086 0.024531 0.023596 0.023834 0.024837 0.024582 0.025398 0.025534 0.025687 0.024735 0.025772 0.024803 0.024922 0.02482 0.024004 0.024616 0.025415 0.024701 0.024922 0.023018 0.023477 0.024327 0.023919 0.022899 0.023851 0.022916 0.02312 0.021454 0.021777 0.021743 0.021488 0.019329 0.019839 0.019754 0.020332 0.017408 0.017765 
0.002397 0.002516 0.002397 0.002618 0.002329 0.002635 0.002652 0.002737 0.002635 0.002703 0.002907 0.002686 0.002839 0.002686 0.003179 0.002958 0.002686 0.002737 0.003111 0.002771 0.002533 0.00238 0.002941 0.002941 0.002669 0.002924 0.00289 0.002669 0.002975 0.002567 0.002635 0.00255 0.002278 0.00272 0.002533 0.002822 0.002839 0.002584 0.002567 0.002142 0.002193 0.002176 0.00221 0.002244 0.001972 0.002176 0.002142 0.001564 0.001887 0.001513 0.0017 
0.000187 0.000204 0.000204 0.000221 0.000238 0.000153 0.000255 0.000272 0.000204 0.000306 0.000323 0.000255 0.000255 0.000391 0.000306 0.000357 0.000221 0.000374 0.000476 0.000153 0.000221 0.000357 0.000408 0.000408 0.000255 0.000306 0.000255 0.000289 0.000272 0.000323 0.000493 0.000272 0.000357 0.000238 0.000323 0.000187 0.000272 0.000204 0.000357 0.000323 0.000323 0.000306 0.000153 0.000204 0.000272 0.000221 0.000221 0.000221 0.000255 0.000187 0.00017 
3.4e-05 3.4e-05 8.5e-05 0 6.8e-05 1.7e-05 3.4e-05 0 3.4e-05 1.7e-05 5.1e-05 3.4e-05 3.4e-05 1.7e-05 1.7e-05 6.8e-05 1.7e-05 3.4e-05 3.4e-05 8.5e-05 5.1e-05 1.7e-05 5.1e-05 0 3.4e-05 3.4e-05 5.1e-05 0 5.1e-05 1.7e-05 5.1e-05 5.1e-05 8.5e-05 0 5.1e-05 1.7e-05 3.4e-05 3.4e-05 1.7e-05 5.1e-05 1.7e-05 6.8e-05 1.7e-05 5.1e-05 5.1e-05 3.4e-05 1.7e-05 0 0 1.7e-05 0 
0 0 0 0 0 0 1.7e-05 1.7e-05 0 0 0 0 1.7e-05 0 0 0 1.7e-05 0 0 0 0 0 0 1.7e-05 0 0 1.7e-05 0 1.7e-05 0 0 1.7e-05 1.7e-05 1.7e-05 1.7e-05 0 0 1.7e-05 0 1.7e-05 1.7e-05 1.7e-05 1.7e-05 0 0 0 0 0 0 0 0 
0 0 0 0 0 0 0 0 0 0 0 1.7e-05 0 0 1.7e-05 0 0 0 0 0 0 0 0 0 0 0 0 0 0 0 0 0 0 0 0 0 0 0 0 0 0 0 0 0 0 0 1.7e-05 0 0 0 0 
0 0 0 0 0 0 0 0 0 0 0 0 0 0 0 0 0 0 0 0 0 0 0 0 0 0 0 0 0 0 0 0 0 0 0 0 0 0 0 0 0 1.7e-05 0 0 0 0 0 0 0 0 0 
