Finite rod, albedo problem, anisotropic scattering, exponential random flight, mu_t: 1 g: 0.3
Analogmu_t c: 0.3 rod_length: 1 dx: 0.0196078 numsamples: 10000000 numCollisionOrders: 10 numMoments: 10
total albedo R: 0.0523027
total albedo T: 0.448543
per-collision order albedos R: 
0 0.0454322 0.0060767 0.0007112 7.28e-05 9e-06 7e-07 1e-07 0 0 
per-collision order albedos T: 
0.367859 0.0716414 0.0081641 0.0007959 7.29e-05 8.5e-06 6e-07 1e-07 0 0 
Left-moving collision density:
0.0525606 0.0500259 0.0490365 0.048807 0.047226 0.0459765 0.0450381 0.0436254 0.0424473 0.0407898 0.0405093 0.0384897 0.0368016 0.0364242 0.0357408 0.0343077 0.03417 0.03264 0.031722 0.0305643 0.0286722 0.0278511 0.0271167 0.0262803 0.0254388 0.0237303 0.023103 0.0225012 0.0210375 0.0204204 0.0193137 0.0187884 0.0175185 0.015912 0.0153153 0.0147237 0.0129795 0.0125103 0.011475 0.0107355 0.0097308 0.0088893 0.0079764 0.0070023 0.0060282 0.0054111 0.0042432 0.0034068 0.0023919 0.0013668 0.0005508 
Right-moving collision density:
0.993929 0.976487 0.965098 0.946907 0.929878 0.917781 0.90269 0.889756 0.87364 0.866408 0.845442 0.83667 0.823701 0.810242 0.797446 0.781917 0.772788 0.759813 0.749399 0.734323 0.723568 0.712169 0.70279 0.691417 0.68266 0.670273 0.660409 0.649434 0.639764 0.6319 0.622837 0.607359 0.598485 0.590284 0.584644 0.572521 0.559047 0.555512 0.546174 0.534628 0.529691 0.522735 0.515365 0.503191 0.495893 0.48984 0.48298 0.472688 0.467537 0.458393 0.447464 
Collision Density Moments:
0.713045 0.306611 0.189014 0.135179 0.104755 0.0853313 0.0719018 0.0620827 0.0545996 0.0487122 
Per-collision Density Moments:
0 0 0 0 0 0 0 0 0 0 
0.632141 0.264144 0.160499 0.11383 0.0877433 0.0712148 0.0598508 0.0515766 0.0452913 0.040359 
0.0725016 0.0380722 0.0255349 0.019097 0.0152045 0.0126081 0.0107578 0.00937483 0.0083033 0.00744939 
0.0075513 0.00396617 0.00269396 0.00203663 0.00163498 0.00136433 0.00116974 0.00102322 0.00090897 0.000817441 
0.0007644 0.000386986 0.000259815 0.000195745 0.000157071 0.000131166 0.000112591 9.86182e-05 8.77232e-05 7.89894e-05 
7.83e-05 3.72733e-05 2.41218e-05 1.77151e-05 1.39611e-05 1.15107e-05 9.79106e-06 8.51951e-06 7.54174e-06 6.76675e-06 
7.7e-06 3.87619e-06 2.57871e-06 1.91695e-06 1.51244e-06 1.23759e-06 1.03812e-06 8.86869e-07 7.68544e-07 6.73731e-07 
8e-07 2.80327e-07 1.56618e-07 9.95972e-08 6.84572e-08 4.98319e-08 3.77916e-08 2.94781e-08 2.34316e-08 1.88606e-08 
0 0 0 0 0 0 0 0 0 0 
0 0 0 0 0 0 0 0 0 0 
Per-collision Densities:
0 0 0 0 0 0 0 0 0 0 0 0 0 0 0 0 0 0 0 0 0 0 0 0 0 0 0 0 0 0 0 0 0 0 0 0 0 0 0 0 0 0 0 0 0 0 0 0 0 0 0 
0.991879 0.970642 0.955623 0.934096 0.913201 0.898222 0.879872 0.864006 0.844948 0.834523 0.81067 0.799354 0.784309 0.769095 0.753244 0.735435 0.724577 0.710547 0.697257 0.679473 0.668977 0.654748 0.644038 0.630487 0.620083 0.606466 0.595476 0.583409 0.572296 0.563565 0.553075 0.536234 0.526912 0.518461 0.510872 0.498331 0.483403 0.479359 0.469333 0.457903 0.451467 0.444638 0.436662 0.424881 0.416446 0.41081 0.403639 0.392771 0.388314 0.377849 0.367302 
0.0471036 0.0488223 0.0514488 0.054264 0.0564366 0.0587061 0.0605013 0.0619242 0.0637092 0.065331 0.0675138 0.0682227 0.068442 0.0698241 0.0720681 0.0728433 0.0741234 0.0735012 0.0758982 0.0770559 0.0753168 0.0769233 0.0772446 0.0786471 0.0794223 0.0790806 0.079662 0.0800088 0.0794019 0.0798609 0.0802995 0.0808095 0.0801159 0.0788511 0.0799833 0.0798303 0.079662 0.0795243 0.0789633 0.0785553 0.0787134 0.0775965 0.0775149 0.075735 0.076551 0.0755412 0.0746079 0.0741846 0.0724251 0.0728076 0.0720018 
0.0067167 0.0061557 0.0062475 0.0065484 0.0065637 0.0059619 0.0064821 0.00663 0.0065178 0.00663 0.0070176 0.0067218 0.0068034 0.0069411 0.0070686 0.0070788 0.0073491 0.0074715 0.007293 0.0075276 0.0071553 0.0074664 0.0077418 0.0077112 0.0076959 0.0075837 0.0076041 0.007599 0.0081804 0.0081141 0.0079611 0.0082722 0.0081804 0.0079611 0.0082416 0.0082008 0.0081141 0.0082467 0.0085119 0.0081141 0.0084048 0.0084354 0.0082926 0.0086802 0.0080835 0.0080886 0.0080529 0.0082722 0.0083232 0.0082416 0.0078591 
0.0007242 0.0007446 0.0006885 0.0007344 0.0008415 0.000765 0.0007446 0.0007395 0.0008313 0.0006171 0.0006834 0.0007752 0.0008772 0.0006987 0.0007242 0.0007854 0.0008007 0.0008466 0.0005967 0.0007191 0.000663 0.0008007 0.0007956 0.0007701 0.0008058 0.0007803 0.0006936 0.0008262 0.0008007 0.0006783 0.000714 0.0007854 0.0007548 0.0008262 0.0007599 0.0007905 0.0007548 0.0007905 0.0008007 0.0007446 0.0007293 0.0008772 0.0007803 0.0008058 0.0007854 0.000714 0.0008211 0.0008262 0.0008109 0.0007854 0.0007752 
5.61e-05 0.0001326 0.0001071 6.63e-05 6.12e-05 9.18e-05 0.0001275 7.14e-05 7.65e-05 9.18e-05 6.12e-05 8.67e-05 6.63e-05 8.67e-05 6.63e-05 7.14e-05 9.18e-05 7.14e-05 6.12e-05 0.000102 0.0001224 7.65e-05 8.16e-05 7.65e-05 9.18e-05 8.67e-05 7.65e-05 7.65e-05 0.0001224 8.67e-05 8.67e-05 3.57e-05 3.57e-05 9.18e-05 9.18e-05 7.65e-05 8.67e-05 9.18e-05 3.06e-05 4.08e-05 9.69e-05 6.63e-05 7.65e-05 9.18e-05 4.08e-05 9.18e-05 7.65e-05 4.08e-05 5.61e-05 6.63e-05 7.65e-05 
1.02e-05 1.02e-05 1.02e-05 5.1e-06 0 1.02e-05 0 1.02e-05 5.1e-06 5.1e-06 5.1e-06 0 5.1e-06 2.04e-05 1.53e-05 1.02e-05 1.53e-05 1.53e-05 1.02e-05 1.02e-05 0 5.1e-06 5.1e-06 5.1e-06 0 0 0 1.53e-05 0 1.02e-05 1.53e-05 1.02e-05 5.1e-06 5.1e-06 1.02e-05 1.53e-05 5.1e-06 1.02e-05 1.02e-05 5.1e-06 1.02e-05 1.02e-05 1.02e-05 0 1.53e-05 5.1e-06 2.55e-05 0 0 1.02e-05 0 
0 5.1e-06 1.02e-05 0 0 0 0 0 0 0 0 0 0 0 0 0 0 0 5.1e-06 0 5.1e-06 0 0 0 0 5.1e-06 0 0 0 5.1e-06 0 0 0 0 0 0 0 0 0 0 0 0 5.1e-06 0 0 0 0 0 0 0 0 
0 0 0 0 0 0 0 0 0 0 0 0 0 0 0 0 0 0 0 0 0 0 0 0 0 0 0 0 0 0 0 0 0 0 0 0 0 0 0 0 0 0 0 0 0 0 0 0 0 0 0 
0 0 0 0 0 0 0 0 0 0 0 0 0 0 0 0 0 0 0 0 0 0 0 0 0 0 0 0 0 0 0 0 0 0 0 0 0 0 0 0 0 0 0 0 0 0 0 0 0 0 0 
