Finite rod, albedo problem, anisotropic scattering, exponential random flight, mu_t: 1 g: -0.1
Analogmu_t c: 0.8 rod_length: 1.2 dx: 0.0118812 numsamples: 10000000 numCollisionOrders: 2 numMoments: 2
total albedo R: 0.282372
total albedo T: 0.508132
per-collision order albedos R: 
0 0.20007 
per-collision order albedos T: 
0.301183 0.130157 
Left-moving collision density:
0.281293 0.279425 0.276353 0.273171 0.267642 0.265293 0.262247 0.261371 0.255934 0.253215 0.252685 0.245632 0.244605 0.242265 0.238318 0.235776 0.234068 0.231172 0.226711 0.223968 0.220576 0.215736 0.215686 0.21274 0.207336 0.206495 0.202808 0.199584 0.200014 0.194375 0.19355 0.190242 0.187894 0.183164 0.180748 0.178694 0.175227 0.171835 0.171473 0.166431 0.162745 0.161802 0.158149 0.154875 0.151896 0.150271 0.147165 0.143588 0.142789 0.139557 0.136047 0.134355 0.131586 0.127529 0.125055 0.12189 0.11865 0.117623 0.115216 0.111891 0.108651 0.106462 0.102742 0.100057 0.0965813 0.0952514 0.0921036 0.0899068 0.0859763 0.0827527 0.0810188 0.0796133 0.0754554 0.073629 0.0693533 0.0673838 0.0643791 0.0622328 0.0599351 0.0560466 0.0533364 0.0515942 0.0494816 0.0466031 0.0441118 0.0412585 0.0381948 0.0359055 0.0336162 0.0302495 0.027674 0.0249807 0.0231374 0.0212016 0.017574 0.0145693 0.0120358 0.0090395 0.00667442 0.00398108 0.001313 0 
Right-moving collision density:
0.998966 0.98975 0.985726 0.976308 0.976939 0.969331 0.95897 0.952834 0.952792 0.943003 0.934486 0.934721 0.927677 0.917105 0.908697 0.913217 0.902704 0.900533 0.89167 0.886629 0.883464 0.879348 0.876688 0.86334 0.861488 0.848922 0.84558 0.84197 0.837736 0.832147 0.827443 0.822199 0.815146 0.811232 0.808783 0.796705 0.799592 0.785772 0.784147 0.77993 0.773812 0.771539 0.765454 0.759259 0.756524 0.748806 0.743411 0.739985 0.73422 0.731947 0.728816 0.719246 0.720021 0.712244 0.701167 0.695217 0.700452 0.694047 0.691429 0.687616 0.679082 0.672433 0.669622 0.664782 0.653697 0.656264 0.651652 0.645777 0.640365 0.6397 0.631132 0.629272 0.622556 0.621916 0.609586 0.607523 0.60781 0.604956 0.597491 0.59489 0.586675 0.588578 0.58532 0.57735 0.574395 0.564413 0.565322 0.561829 0.553455 0.55284 0.551915 0.54657 0.54274 0.538406 0.532952 0.528735 0.525798 0.522019 0.516556 0.512163 0.510025 0 
Collision Density Moments:
1.04735 0.535697 
Per-collision Density Moments:
0 0 
0.698817 0.337276 
Per-collision Densities:
1.1813e+09 1.18452e+09 1.1813e+09 1.18452e+09 1.1813e+09 1.18452e+09 1.1813e+09 1.18452e+09 1.1813e+09 1.18452e+09 1.1813e+09 1.18452e+09 1.1813e+09 1.18452e+09 1.1813e+09 1.18452e+09 1.1813e+09 1.18452e+09 1.1813e+09 1.18452e+09 1.5526e+14 0 1.1813e+09 1.18452e+09 1.5526e+14 0 1.1813e+09 1.18452e+09 1.5526e+14 0 1.5526e+14 0 1.5526e+14 0 1.5526e+14 0 1.5526e+14 0 1.1813e+09 1.18452e+09 0 0 0 0 0 0 0 0 0 0 0 0 0 0 0 0 0 0 0 0 0 0 0 0 0 0 0 0 0 0 0 0 0 0 0 0 0 0 0 0 0 0 0 0 0 0 0 0 0 0 0 0 0 0 0 0 0 0 0 0 0 0 
0.996003 0.981468 0.971359 0.956849 0.951992 0.939788 0.92394 0.912198 0.908672 0.892663 0.879138 0.875418 0.86371 0.849637 0.834874 0.835161 0.820583 0.815466 0.800703 0.793464 0.786394 0.777868 0.771741 0.756709 0.748562 0.736147 0.729733 0.720509 0.712639 0.704652 0.698575 0.686261 0.678215 0.671019 0.666676 0.652191 0.653192 0.637857 0.632134 0.624475 0.616883 0.61142 0.603627 0.596397 0.590917 0.581819 0.572359 0.56815 0.561072 0.557251 0.551645 0.540779 0.538658 0.530157 0.518618 0.513636 0.514258 0.507416 0.501473 0.495624 0.486492 0.482081 0.476308 0.469827 0.458944 0.457429 0.45365 0.445503 0.443626 0.441673 0.43196 0.427878 0.422012 0.419512 0.409378 0.405136 0.406138 0.400389 0.393496 0.388656 0.383851 0.380172 0.378792 0.370098 0.366378 0.358323 0.357633 0.352524 0.344317 0.343114 0.340774 0.338914 0.332307 0.331575 0.324319 0.322198 0.319059 0.314371 0.307276 0.30651 0.303758 0 
