Finite rod, albedo problem, anisotropic scattering, exponential random flight, mu_t: 1 g: 0.7
Analogmu_t c: 0.228539 rod_length: 2.6 dx: 0.0257426 numsamples: 10000000 numCollisionOrders: 2 numMoments: 2
total albedo R: 0.0209684
total albedo T: 0.123266
per-collision order albedos R: 
0 0.0170433 
per-collision order albedos T: 
0.0742991 0.0374489 
Left-moving collision density:
0.0212838 0.0201573 0.0197222 0.0198737 0.0194697 0.0186617 0.0185218 0.0182499 0.018044 0.0168048 0.0167388 0.0162571 0.015923 0.015756 0.015418 0.0152083 0.0144585 0.0141672 0.0142604 0.0137671 0.0137049 0.0128775 0.0126211 0.0125279 0.0123686 0.0120812 0.0122637 0.0113042 0.0116111 0.0109041 0.0109935 0.0106438 0.0102632 0.0101272 0.00995627 0.00961831 0.009292 0.00907058 0.00886469 0.00886081 0.00835192 0.00818488 0.00810719 0.00804115 0.00756335 0.00747788 0.00731862 0.00693792 0.00694958 0.00673592 0.0066155 0.006464 0.00608719 0.00582304 0.0058075 0.00561715 0.00555112 0.00563269 0.005151 0.00512769 0.00480138 0.00483246 0.00446342 0.00455665 0.00456831 0.00407885 0.00391958 0.00384188 0.00361658 0.00355831 0.00346896 0.00333688 0.00327085 0.00324754 0.00312323 0.00301058 0.00272312 0.00259881 0.00256773 0.00224919 0.00240458 0.00210158 0.00203942 0.00193842 0.001919 0.00160046 0.00160046 0.00140235 0.00142565 0.001313 0.0011615 0.00106827 0.000870154 0.000769154 0.000726423 0.000617654 0.000547731 0.000334077 0.000240846 0.000225308 0.000101 0 
Right-moving collision density:
0.988693 0.970668 0.949687 0.931608 0.910705 0.893217 0.874155 0.856305 0.835903 0.822866 0.806159 0.788332 0.77225 0.754575 0.737397 0.726505 0.70984 0.696632 0.6806 0.668546 0.656636 0.641253 0.628706 0.613509 0.602694 0.589521 0.579087 0.563712 0.553783 0.541127 0.530304 0.521824 0.512214 0.497545 0.489784 0.481067 0.469343 0.458664 0.447966 0.439257 0.431829 0.420591 0.41457 0.407042 0.397031 0.387281 0.379943 0.372651 0.365492 0.356553 0.352762 0.342942 0.336788 0.329081 0.322676 0.317552 0.308598 0.304208 0.297305 0.289283 0.285733 0.28066 0.272102 0.267347 0.263194 0.257496 0.252799 0.248378 0.241732 0.237206 0.233034 0.229111 0.221835 0.21548 0.213669 0.208499 0.206001 0.201165 0.196705 0.192891 0.188994 0.183878 0.183385 0.17722 0.173273 0.17081 0.166673 0.161977 0.159001 0.156581 0.153679 0.149946 0.147949 0.144632 0.139664 0.138514 0.135076 0.132252 0.13083 0.127019 0.12456 0 
Collision Density Moments:
1.10925 0.969677 
Per-collision Density Moments:
0 0 
0.925701 0.732546 
Per-collision Densities:
5.45005e+08 5.46702e+08 5.45005e+08 5.46702e+08 5.45005e+08 5.46702e+08 5.45005e+08 5.46702e+08 5.45005e+08 5.46702e+08 5.45005e+08 5.46702e+08 5.45005e+08 5.46702e+08 5.45005e+08 5.46702e+08 5.45005e+08 5.46702e+08 5.45005e+08 5.46702e+08 7.16585e+13 0 5.45005e+08 5.46702e+08 7.16585e+13 0 5.45005e+08 5.46702e+08 7.16585e+13 0 7.16585e+13 0 7.16585e+13 0 7.16585e+13 0 7.16585e+13 0 5.45005e+08 5.46702e+08 0 0 0 0 0 0 0 0 0 0 0 0 0 0 0 0 0 0 0 0 0 0 0 0 0 0 0 0 0 0 0 0 0 0 0 0 0 0 0 0 0 0 0 0 0 0 0 0 0 0 0 0 0 0 0 0 0 0 0 0 0 0 
0.986218 0.963416 0.9377 0.915445 0.890863 0.869159 0.845564 0.82435 0.801132 0.784642 0.765013 0.744475 0.724924 0.705198 0.685798 0.672124 0.65335 0.63804 0.620323 0.606218 0.592827 0.575075 0.561661 0.54552 0.532546 0.518814 0.507778 0.489601 0.479125 0.46622 0.455044 0.445892 0.435726 0.420222 0.413207 0.402772 0.391068 0.3803 0.368537 0.360461 0.351799 0.341699 0.335029 0.326871 0.31829 0.308233 0.30051 0.294116 0.286941 0.278228 0.273896 0.266127 0.259022 0.25074 0.244657 0.241153 0.232696 0.228015 0.221722 0.215379 0.210018 0.206397 0.198694 0.194033 0.19061 0.185296 0.180471 0.17729 0.171785 0.167295 0.164187 0.160722 0.154076 0.148808 0.147231 0.142519 0.140285 0.136556 0.132617 0.130041 0.12618 0.121526 0.121635 0.117137 0.113625 0.111084 0.108074 0.104694 0.10175 0.0995977 0.0977602 0.0945904 0.0930832 0.0904416 0.0863162 0.0859471 0.083224 0.0805592 0.0800386 0.077331 0.0749265 0 
