Finite rod, albedo problem, anisotropic scattering, exponential random flight, mu_t: 1 g: 0.7
Analogmu_t c: 0.8 rod_length: 1.2 dx: 0.0118812 numsamples: 10000000 numCollisionOrders: 2 numMoments: 2
total albedo R: 0.101076
total albedo T: 0.686585
per-collision order albedos R: 
0 0.0546536 
per-collision order albedos T: 
0.301128 0.245849 
Left-moving collision density:
0.100663 0.0995018 0.0979953 0.098071 0.0966065 0.0967917 0.0926675 0.0939132 0.0931641 0.0920952 0.0914808 0.0887538 0.0871883 0.0863971 0.0860099 0.0870368 0.0844192 0.0833418 0.0830725 0.0814144 0.0781993 0.0784433 0.0779888 0.0776438 0.0757584 0.0756911 0.0738478 0.0746138 0.0716932 0.0709441 0.0700351 0.0698499 0.0684948 0.0662813 0.0659446 0.0646653 0.0635711 0.0626873 0.0635879 0.0599098 0.060398 0.0586726 0.0581003 0.0553817 0.0555753 0.0544474 0.0539088 0.0536394 0.0517288 0.0514174 0.0500539 0.0493806 0.047874 0.0474448 0.0458203 0.0448861 0.0432533 0.0422096 0.0415447 0.0413006 0.0398782 0.0383548 0.0366967 0.0367808 0.0358718 0.034845 0.0342306 0.0338771 0.0307461 0.0313858 0.0292143 0.0293321 0.0275393 0.0272027 0.0257718 0.0247787 0.0240885 0.0232553 0.0212184 0.0208144 0.0194846 0.0191143 0.0183147 0.0174562 0.016261 0.0145608 0.0141232 0.0140222 0.0117244 0.011514 0.0105882 0.00956133 0.00852608 0.0075245 0.006363 0.00512575 0.00441033 0.003636 0.00244083 0.00177592 0.000521833 0 
Right-moving collision density:
0.999446 0.995692 0.989034 0.988967 0.986013 0.981771 0.975273 0.972706 0.97332 0.969263 0.957034 0.962656 0.961158 0.950982 0.945116 0.948558 0.941185 0.940866 0.932912 0.931599 0.929705 0.928527 0.924655 0.918713 0.916886 0.906029 0.90629 0.903361 0.901694 0.896804 0.897646 0.892907 0.883371 0.881654 0.878801 0.872143 0.876587 0.87264 0.868305 0.864846 0.858626 0.862161 0.854334 0.847575 0.851792 0.843577 0.842138 0.841044 0.83325 0.837585 0.832097 0.827914 0.825726 0.823074 0.815583 0.807394 0.815036 0.810475 0.809574 0.805542 0.799516 0.797488 0.791141 0.790493 0.781185 0.785283 0.782868 0.777961 0.776008 0.774939 0.767449 0.768787 0.760522 0.762382 0.753822 0.751474 0.752905 0.749925 0.74655 0.744345 0.737889 0.743175 0.73682 0.731408 0.732932 0.725744 0.725794 0.725264 0.716772 0.712597 0.715181 0.711091 0.710249 0.708153 0.701201 0.701319 0.69685 0.696976 0.693348 0.693155 0.686884 0 
Collision Density Moments:
1.06156 0.587031 
Per-collision Density Moments:
0 0 
0.698872 0.337257 
Per-collision Densities:
1.18291e+09 1.18452e+09 1.18291e+09 1.18452e+09 1.18291e+09 1.18452e+09 1.18291e+09 1.18452e+09 1.18291e+09 1.18452e+09 1.18291e+09 1.18452e+09 1.18291e+09 1.18452e+09 1.18291e+09 1.18452e+09 1.18291e+09 1.18452e+09 1.18291e+09 1.18452e+09 1.5526e+14 0 1.18291e+09 1.18452e+09 1.5526e+14 0 1.18291e+09 1.18452e+09 1.5526e+14 0 1.5526e+14 0 1.5526e+14 0 1.5526e+14 0 1.5526e+14 0 1.18291e+09 1.18452e+09 0 0 0 0 0 0 0 0 0 0 0 0 0 0 0 0 0 0 0 0 0 0 0 0 0 0 0 0 0 0 0 0 0 0 0 0 0 0 0 0 0 0 0 0 0 0 0 0 0 0 0 0 0 0 0 0 0 0 0 0 0 0 
0.995305 0.983488 0.968859 0.960956 0.950856 0.938669 0.924537 0.91442 0.90932 0.895155 0.877185 0.876394 0.867152 0.849461 0.837071 0.834184 0.820928 0.815238 0.801746 0.792842 0.786049 0.778163 0.770041 0.756498 0.749125 0.733748 0.730213 0.720551 0.712942 0.704483 0.699812 0.688416 0.676498 0.670775 0.664883 0.652182 0.650364 0.641628 0.630543 0.625182 0.617017 0.61328 0.6026 0.593939 0.592878 0.581819 0.573924 0.569968 0.560112 0.559355 0.549718 0.543195 0.537118 0.529745 0.519544 0.514216 0.515117 0.506768 0.502214 0.493419 0.48629 0.482098 0.475819 0.46912 0.457429 0.457471 0.453128 0.446269 0.44259 0.439729 0.428821 0.429923 0.421793 0.416457 0.409589 0.405338 0.403983 0.401509 0.392991 0.388732 0.383649 0.380551 0.377319 0.368347 0.36695 0.35887 0.358062 0.352684 0.345134 0.343661 0.340808 0.336936 0.33394 0.332004 0.326306 0.322998 0.318722 0.314859 0.308892 0.307065 0.303051 0 
