Finite rod, albedo problem, anisotropic scattering, exponential random flight, mu_t: 1 g: 0.7
Analogmu_t c: 0.728271 rod_length: 2.6 dx: 0.0257426 numsamples: 10000000 numCollisionOrders: 2 numMoments: 2
total albedo R: 0.124947
total albedo T: 0.379702
per-collision order albedos R: 
0 0.0543209 
per-collision order albedos T: 
0.0743284 0.119407 
Left-moving collision density:
0.123422 0.122742 0.121367 0.119079 0.119409 0.116449 0.11359 0.114006 0.112324 0.109958 0.108878 0.107619 0.106291 0.104321 0.103428 0.101587 0.100289 0.0983468 0.0981875 0.0960743 0.0950565 0.0931531 0.0916847 0.090834 0.087835 0.0882623 0.0857684 0.084638 0.0842185 0.0818411 0.0814526 0.0789859 0.078376 0.0776768 0.0764764 0.0745341 0.0729375 0.0717022 0.0703853 0.0686217 0.0686412 0.066291 0.0649547 0.064574 0.0632221 0.063024 0.0616955 0.0596988 0.0583663 0.0572825 0.0553635 0.0544273 0.0536465 0.0534018 0.0519917 0.0493074 0.0491909 0.047435 0.0467164 0.045112 0.0440205 0.0432824 0.04188 0.040198 0.0397901 0.038314 0.0375992 0.0361425 0.0355442 0.0341535 0.0323666 0.0318655 0.0309526 0.0295969 0.0286452 0.0266912 0.0265436 0.0251801 0.0240069 0.0231251 0.0219636 0.0210779 0.0202 0.0185413 0.0176128 0.0171817 0.014913 0.0144469 0.0131572 0.0120928 0.0110789 0.0101622 0.00887635 0.00797512 0.0068175 0.00584246 0.00468485 0.00381081 0.00282023 0.001717 0.000528308 0 
Right-moving collision density:
0.998059 0.986183 0.977548 0.968213 0.956035 0.948192 0.942357 0.931919 0.920285 0.914699 0.906106 0.892731 0.886294 0.88145 0.871067 0.865632 0.855373 0.84981 0.839481 0.832489 0.825287 0.81676 0.806112 0.801085 0.790931 0.786883 0.78 0.771691 0.762515 0.756746 0.750613 0.741359 0.735035 0.729884 0.719982 0.71123 0.706759 0.698431 0.69298 0.688253 0.678347 0.674163 0.667998 0.658155 0.655245 0.64701 0.643766 0.637166 0.627867 0.622358 0.621647 0.610988 0.608405 0.598479 0.598953 0.589238 0.584782 0.577837 0.572635 0.568176 0.562112 0.557854 0.548022 0.545322 0.540529 0.537732 0.52809 0.524994 0.523479 0.516269 0.510345 0.504573 0.50002 0.496427 0.491311 0.488378 0.47909 0.479059 0.471721 0.469763 0.464495 0.457891 0.457013 0.448327 0.446214 0.44278 0.439432 0.433713 0.430831 0.424052 0.420319 0.418494 0.413611 0.409151 0.402998 0.40123 0.397151 0.394386 0.389658 0.384888 0.38359 0 
Collision Density Moments:
1.8212 1.9539 
Per-collision Density Moments:
0 0 
0.925672 0.732598 
Per-collision Densities:
5.45802e+08 5.46702e+08 5.45802e+08 5.46702e+08 5.45802e+08 5.46702e+08 5.45802e+08 5.46702e+08 5.45802e+08 5.46702e+08 5.45802e+08 5.46702e+08 5.45802e+08 5.46702e+08 5.45802e+08 5.46702e+08 5.45802e+08 5.46702e+08 5.45802e+08 5.46702e+08 7.16585e+13 0 5.45802e+08 5.46702e+08 7.16585e+13 0 5.45802e+08 5.46702e+08 7.16585e+13 0 7.16585e+13 0 7.16585e+13 0 7.16585e+13 0 7.16585e+13 0 5.45802e+08 5.46702e+08 0 0 0 0 0 0 0 0 0 0 0 0 0 0 0 0 0 0 0 0 0 0 0 0 0 0 0 0 0 0 0 0 0 0 0 0 0 0 0 0 0 0 0 0 0 0 0 0 0 0 0 0 0 0 0 0 0 0 0 0 0 0 
0.989994 0.962398 0.938232 0.914842 0.887747 0.868025 0.847573 0.824479 0.800747 0.783352 0.76492 0.740326 0.722457 0.707097 0.688463 0.673919 0.654262 0.638475 0.620241 0.605969 0.592458 0.574729 0.558837 0.54615 0.531307 0.520041 0.506484 0.491645 0.479622 0.467207 0.456819 0.444734 0.432804 0.423664 0.409874 0.400108 0.390175 0.380203 0.369648 0.361867 0.351787 0.343816 0.335942 0.326828 0.318348 0.307394 0.302254 0.294508 0.28522 0.278966 0.273236 0.265082 0.26046 0.250733 0.2478 0.238752 0.232922 0.228396 0.221707 0.21621 0.210457 0.206226 0.19909 0.194021 0.190754 0.185459 0.179846 0.176863 0.171987 0.166044 0.163402 0.157696 0.155435 0.150603 0.147549 0.143171 0.137962 0.137057 0.131545 0.130162 0.126242 0.122455 0.120617 0.116193 0.113843 0.109639 0.108152 0.105479 0.10187 0.098778 0.096859 0.0945166 0.0933279 0.090966 0.0877573 0.0863162 0.0839116 0.0819071 0.0800386 0.076927 0.0754043 0 
