Finite rod, albedo problem, isotropic scattering, exponential random flight, mu_t: 1
Analogmu_t c: 0.80919 rod_length: 2.6 dx: 0.0257426 numsamples: 10000000 numCollisionOrders: 2 numMoments: 2
total albedo R: 0.357092
total albedo T: 0.276235
per-collision order albedos R: 
0 0.201094 
per-collision order albedos T: 
0.0743183 0.0780516 
Left-moving collision density:
0.355178 0.351635 0.345214 0.341695 0.335087 0.331723 0.323837 0.322085 0.316445 0.31331 0.30711 0.302584 0.297775 0.293529 0.289454 0.285578 0.281538 0.276954 0.273776 0.26737 0.265871 0.260432 0.257344 0.252088 0.247928 0.243437 0.239257 0.236324 0.231779 0.22946 0.223979 0.219869 0.216719 0.213728 0.207675 0.205469 0.202505 0.197622 0.196663 0.191321 0.187448 0.183894 0.180285 0.178129 0.174652 0.169047 0.166689 0.163037 0.159106 0.154992 0.153819 0.149935 0.146194 0.14302 0.141012 0.138331 0.132182 0.129711 0.126363 0.122474 0.121437 0.118426 0.1142 0.110249 0.108528 0.104504 0.100289 0.099116 0.09595 0.0917663 0.0907135 0.0870115 0.0835464 0.0803183 0.0781002 0.07427 0.0718032 0.0684741 0.0655917 0.0629852 0.0590539 0.0567387 0.0539418 0.0506321 0.0467669 0.0447896 0.0415887 0.0388889 0.0359715 0.0326541 0.030704 0.0271612 0.0243565 0.0219558 0.01872 0.0157832 0.0135612 0.0100806 0.00715158 0.00421869 0.00132465 0 
Right-moving collision density:
0.996994 0.983647 0.973807 0.960118 0.947407 0.938473 0.923703 0.917356 0.904074 0.897727 0.88551 0.873906 0.863705 0.854837 0.843024 0.833872 0.8231 0.816686 0.805114 0.794575 0.78651 0.777172 0.768633 0.760208 0.750807 0.742191 0.734468 0.723315 0.714816 0.707723 0.698159 0.68877 0.682904 0.673052 0.665275 0.657961 0.650444 0.641917 0.634556 0.628597 0.616053 0.611446 0.605864 0.596432 0.591592 0.578905 0.572674 0.568428 0.56191 0.554113 0.547739 0.538276 0.53314 0.527395 0.521879 0.513294 0.508081 0.501613 0.495514 0.490771 0.482423 0.476747 0.467902 0.466119 0.460172 0.453047 0.446459 0.441024 0.435959 0.428116 0.424767 0.417324 0.411952 0.406576 0.400935 0.39533 0.39005 0.386422 0.380754 0.376955 0.372507 0.367986 0.361005 0.354475 0.351748 0.346686 0.3422 0.336734 0.331016 0.326028 0.322959 0.316693 0.31343 0.309643 0.304651 0.299154 0.295658 0.29055 0.28679 0.283056 0.277455 0 
Collision Density Moments:
1.92077 1.90047 
Per-collision Density Moments:
0 0 
0.925682 0.732466 
Per-collision Densities:
5.44914e+08 5.46702e+08 5.44914e+08 5.46702e+08 5.44914e+08 5.46702e+08 5.44914e+08 5.46702e+08 5.44914e+08 5.46702e+08 5.44914e+08 5.46702e+08 5.44914e+08 5.46702e+08 5.44914e+08 5.46702e+08 5.44914e+08 5.46702e+08 5.44914e+08 5.46702e+08 7.16585e+13 0 5.44914e+08 5.46702e+08 7.16585e+13 0 5.44914e+08 5.46702e+08 7.16585e+13 0 7.16585e+13 0 7.16585e+13 0 7.16585e+13 0 7.16585e+13 0 5.44914e+08 5.46702e+08 0 0 0 0 0 0 0 0 0 0 0 0 0 0 0 0 0 0 0 0 0 0 0 0 0 0 0 0 0 0 0 0 0 0 0 0 0 0 0 0 0 0 0 0 0 0 0 0 0 0 0 0 0 0 0 0 0 0 0 0 0 0 
0.989858 0.962876 0.940353 0.913471 0.889119 0.868095 0.8422 0.825131 0.801757 0.785764 0.76349 0.743243 0.72342 0.707742 0.689589 0.670916 0.652918 0.637438 0.620645 0.605685 0.589654 0.574632 0.559676 0.54862 0.532488 0.519975 0.507428 0.490911 0.479649 0.46883 0.455638 0.443285 0.43402 0.421605 0.411416 0.401992 0.391375 0.380964 0.370728 0.363083 0.350474 0.342305 0.3349 0.327003 0.319381 0.308586 0.300712 0.293467 0.288604 0.279071 0.273232 0.264391 0.258172 0.251474 0.245904 0.23883 0.233248 0.228446 0.222285 0.215868 0.210181 0.205104 0.197847 0.196029 0.190871 0.184309 0.180844 0.175787 0.172345 0.165182 0.164156 0.157684 0.155 0.150366 0.146217 0.141971 0.139027 0.137139 0.132209 0.129331 0.126347 0.123438 0.120042 0.11674 0.114487 0.110952 0.108043 0.105522 0.102329 0.0991548 0.097566 0.0938717 0.0924616 0.0900726 0.086926 0.0856208 0.084168 0.0807689 0.0797861 0.0774709 0.0757733 0 
