Finite rod, albedo problem, isotropic scattering, exponential random flight, mu_t: 1
Analogmu_t c: 0.728271 rod_length: 2.6 dx: 0.0257426 numsamples: 10000000 numCollisionOrders: 2 numMoments: 2
total albedo R: 0.295553
total albedo T: 0.233771
per-collision order albedos R: 
0 0.181042 
per-collision order albedos T: 
0.0742983 0.070228 
Left-moving collision density:
0.293743 0.289847 0.285022 0.280143 0.275897 0.271694 0.266376 0.263237 0.257511 0.255355 0.250224 0.247508 0.243235 0.238391 0.235202 0.231111 0.227809 0.22436 0.22201 0.215107 0.213009 0.208456 0.205496 0.20132 0.197777 0.194044 0.191547 0.1888 0.18455 0.183051 0.176952 0.174213 0.171549 0.168686 0.163865 0.161126 0.159739 0.157059 0.153252 0.150688 0.147646 0.144865 0.140926 0.139069 0.137146 0.132058 0.130838 0.127225 0.124801 0.121313 0.120509 0.117129 0.11399 0.111127 0.109232 0.106804 0.102802 0.100064 0.0979972 0.095344 0.094369 0.0910437 0.0882468 0.0856713 0.0834532 0.0805397 0.0775486 0.0755092 0.0735513 0.0696978 0.0692238 0.0673398 0.064908 0.061206 0.0594035 0.0564202 0.0544973 0.0520189 0.049929 0.0485538 0.0453412 0.0434922 0.0410992 0.0388384 0.035855 0.034542 0.0321724 0.0295542 0.0274759 0.024578 0.0231407 0.020705 0.0186267 0.0165329 0.014241 0.0122249 0.009898 0.00780031 0.00523258 0.00334465 0.00104885 0 
Right-moving collision density:
0.993797 0.980201 0.967448 0.953654 0.938776 0.927568 0.914893 0.904758 0.890082 0.879652 0.867404 0.853714 0.843082 0.831339 0.819922 0.809822 0.79717 0.790877 0.776267 0.766318 0.756937 0.746052 0.737914 0.724908 0.715834 0.706169 0.696197 0.68497 0.676704 0.667482 0.658679 0.647663 0.641342 0.63045 0.623881 0.613855 0.60541 0.598235 0.587797 0.583555 0.571963 0.566536 0.55947 0.547439 0.541698 0.531423 0.523184 0.518585 0.51268 0.504829 0.498703 0.488856 0.484633 0.476079 0.470221 0.461947 0.458031 0.449706 0.445876 0.440201 0.4312 0.426181 0.4172 0.414387 0.409023 0.401747 0.395403 0.389868 0.384488 0.378847 0.374271 0.366871 0.363274 0.357894 0.350625 0.345913 0.341648 0.338839 0.331773 0.328394 0.323037 0.318267 0.313959 0.306749 0.30375 0.298692 0.295444 0.288965 0.283693 0.279894 0.275792 0.271146 0.26861 0.26516 0.260261 0.255584 0.250717 0.246704 0.24484 0.238873 0.234639 0 
Collision Density Moments:
1.73052 1.669 
Per-collision Density Moments:
0 0 
0.925702 0.732491 
Per-collision Densities:
5.45007e+08 5.46702e+08 5.45007e+08 5.46702e+08 5.45007e+08 5.46702e+08 5.45007e+08 5.46702e+08 5.45007e+08 5.46702e+08 5.45007e+08 5.46702e+08 5.45007e+08 5.46702e+08 5.45007e+08 5.46702e+08 5.45007e+08 5.46702e+08 5.45007e+08 5.46702e+08 7.16585e+13 0 5.45007e+08 5.46702e+08 7.16585e+13 0 5.45007e+08 5.46702e+08 7.16585e+13 0 7.16585e+13 0 7.16585e+13 0 7.16585e+13 0 7.16585e+13 0 5.45007e+08 5.46702e+08 0 0 0 0 0 0 0 0 0 0 0 0 0 0 0 0 0 0 0 0 0 0 0 0 0 0 0 0 0 0 0 0 0 0 0 0 0 0 0 0 0 0 0 0 0 0 0 0 0 0 0 0 0 0 0 0 0 0 0 0 0 0 
0.987683 0.962468 0.93857 0.913875 0.889519 0.867916 0.845852 0.82606 0.802562 0.784801 0.764193 0.743073 0.72478 0.707583 0.689391 0.671386 0.653338 0.638992 0.619666 0.605837 0.591103 0.574915 0.561214 0.546072 0.533567 0.519346 0.506476 0.490541 0.479929 0.468147 0.456823 0.442761 0.434277 0.420782 0.411851 0.400997 0.390485 0.381186 0.369707 0.363911 0.351262 0.343602 0.335246 0.325422 0.318496 0.308202 0.300055 0.293098 0.288207 0.278601 0.271593 0.264364 0.259011 0.250053 0.246017 0.238325 0.233236 0.22737 0.223455 0.216474 0.210224 0.204948 0.198341 0.195431 0.190991 0.185281 0.18044 0.175717 0.1713 0.16564 0.164389 0.157047 0.154922 0.150715 0.146916 0.142356 0.139139 0.137461 0.132656 0.130713 0.125761 0.122816 0.120101 0.117343 0.114215 0.110688 0.10807 0.105234 0.102045 0.0994151 0.0964822 0.0940737 0.0928345 0.0913895 0.0874777 0.0860831 0.0835309 0.0808233 0.0811496 0.0767328 0.0753382 0 
