Finite rod, albedo problem, anisotropic scattering, exponential random flight, mu_t: 1 g: 0.7
Analogmu_t c: 0.313497 rod_length: 2.6 dx: 0.0257426 numsamples: 10000000 numCollisionOrders: 2 numMoments: 2
total albedo R: 0.0313707
total albedo T: 0.148818
per-collision order albedos R: 
0 0.0233798 
per-collision order albedos T: 
0.0742561 0.0513704 
Left-moving collision density:
0.031512 0.0307817 0.0297795 0.0291463 0.0292162 0.0285558 0.0283538 0.026765 0.027169 0.0254792 0.0253044 0.0250985 0.0244498 0.0240186 0.0232183 0.0234437 0.0221423 0.0220607 0.0218898 0.0210391 0.0214664 0.0201184 0.0196212 0.018988 0.0194347 0.0188326 0.0189414 0.0177488 0.0180635 0.0170768 0.0168748 0.016463 0.0163659 0.0158376 0.0156317 0.0153481 0.0144391 0.0142255 0.0141283 0.0138487 0.0132116 0.0133514 0.0128309 0.0126056 0.0122793 0.0120695 0.0116383 0.0111993 0.0112071 0.0110129 0.0104962 0.0100883 0.00977758 0.00961054 0.0093425 0.00928423 0.00915992 0.00907446 0.00832085 0.00812273 0.00792073 0.00810331 0.00755169 0.00724869 0.00728754 0.00692238 0.00646012 0.00605612 0.00611438 0.00597454 0.00577642 0.00553558 0.005454 0.00520538 0.00482858 0.00474312 0.00443235 0.0043935 0.00404777 0.00386519 0.00391181 0.00362823 0.00344565 0.00332912 0.00308438 0.00285908 0.00268815 0.00230358 0.00224142 0.00218704 0.00210546 0.00182577 0.00137904 0.00137515 0.00113431 0.00103719 0.000893462 0.000613769 0.000458385 0.000341846 0.000124308 0 
Right-moving collision density:
0.994263 0.972886 0.954691 0.935598 0.918152 0.901751 0.883439 0.869416 0.850641 0.836233 0.82282 0.804438 0.78989 0.775233 0.759664 0.746169 0.73016 0.720429 0.706126 0.69227 0.681738 0.666996 0.656826 0.640744 0.6297 0.618132 0.609442 0.594323 0.585081 0.572693 0.560915 0.552552 0.545159 0.530635 0.520247 0.514265 0.501958 0.491245 0.482897 0.474358 0.466395 0.454819 0.449967 0.441219 0.43216 0.422324 0.416617 0.405608 0.401494 0.3923 0.388038 0.377348 0.370689 0.364307 0.357629 0.351278 0.344204 0.338327 0.330927 0.324249 0.320749 0.314296 0.305564 0.301372 0.297262 0.291354 0.286778 0.28113 0.275718 0.271488 0.265005 0.260308 0.254493 0.248763 0.24609 0.240399 0.237031 0.232545 0.228505 0.223373 0.218805 0.215348 0.212259 0.207458 0.203694 0.200353 0.197451 0.190401 0.189041 0.185059 0.181326 0.178685 0.175829 0.17198 0.168126 0.165667 0.161184 0.15869 0.156713 0.152724 0.150028 0 
Collision Density Moments:
1.19403 1.08269 
Per-collision Density Moments:
0 0 
0.925744 0.732671 
Per-collision Densities:
5.45308e+08 5.46702e+08 5.45308e+08 5.46702e+08 5.45308e+08 5.46702e+08 5.45308e+08 5.46702e+08 5.45308e+08 5.46702e+08 5.45308e+08 5.46702e+08 5.45308e+08 5.46702e+08 5.45308e+08 5.46702e+08 5.45308e+08 5.46702e+08 5.45308e+08 5.46702e+08 7.16585e+13 0 5.45308e+08 5.46702e+08 7.16585e+13 0 5.45308e+08 5.46702e+08 7.16585e+13 0 7.16585e+13 0 7.16585e+13 0 7.16585e+13 0 7.16585e+13 0 5.45308e+08 5.46702e+08 0 0 0 0 0 0 0 0 0 0 0 0 0 0 0 0 0 0 0 0 0 0 0 0 0 0 0 0 0 0 0 0 0 0 0 0 0 0 0 0 0 0 0 0 0 0 0 0 0 0 0 0 0 0 0 0 0 0 0 0 0 0 
0.99088 0.962802 0.938337 0.913273 0.890148 0.868398 0.843657 0.825019 0.802196 0.783511 0.76624 0.742975 0.724415 0.706378 0.686493 0.671432 0.652293 0.637885 0.62096 0.606105 0.591021 0.575246 0.562356 0.545035 0.532029 0.51731 0.508337 0.490771 0.480329 0.467164 0.454399 0.444451 0.436161 0.421151 0.410293 0.403239 0.390093 0.379399 0.369404 0.361273 0.352234 0.342169 0.335759 0.326117 0.318985 0.309452 0.301831 0.291979 0.288149 0.278748 0.273127 0.265397 0.258568 0.251039 0.245073 0.239782 0.233586 0.227646 0.22119 0.215849 0.210896 0.206261 0.198663 0.193889 0.190727 0.185432 0.181011 0.177181 0.172174 0.167773 0.163469 0.160427 0.155027 0.149954 0.147891 0.142884 0.13964 0.136871 0.132811 0.129731 0.126285 0.121958 0.121072 0.116807 0.113967 0.111178 0.10866 0.104597 0.102736 0.0989528 0.0971775 0.0948002 0.092986 0.0899327 0.0866852 0.086188 0.0828239 0.0810719 0.0796424 0.076927 0.0748954 0 
