Finite rod, albedo problem, anisotropic scattering, exponential random flight, mu_t: 1 g: 0.2
Analogmu_t c: 0.8 rod_length: 1.2 dx: 0.0118812 numsamples: 10000000 numCollisionOrders: 2 numMoments: 2
total albedo R: 0.225244
total albedo T: 0.56413
per-collision order albedos R: 
0 0.145516 
per-collision order albedos T: 
0.301182 0.17357 
Left-moving collision density:
0.22337 0.222915 0.219263 0.218514 0.213632 0.212874 0.209398 0.207883 0.206537 0.202791 0.20163 0.197935 0.195688 0.193003 0.192691 0.189072 0.185907 0.185369 0.181514 0.179881 0.176119 0.172399 0.171894 0.170766 0.164226 0.165228 0.162534 0.160295 0.158082 0.15692 0.155557 0.154084 0.150911 0.145768 0.144514 0.143142 0.141223 0.138362 0.137015 0.132891 0.131325 0.130139 0.128455 0.123717 0.123372 0.121705 0.117968 0.116823 0.113743 0.110839 0.108642 0.108508 0.10536 0.102801 0.0998553 0.0984413 0.0956807 0.0942246 0.0926002 0.0899321 0.087971 0.0846969 0.0821635 0.080396 0.0783844 0.0765833 0.0742603 0.0718026 0.0700267 0.0671398 0.064842 0.0641182 0.0608273 0.0593543 0.0559203 0.0545568 0.0524443 0.0505926 0.0482275 0.0450123 0.0428072 0.0414858 0.0403663 0.0375131 0.0353837 0.0331364 0.0308892 0.0295762 0.0266724 0.0241558 0.0219254 0.0204441 0.0184493 0.0169848 0.0141737 0.0113962 0.00927517 0.00734775 0.00542875 0.00307208 0.00118675 0 
Right-moving collision density:
0.998326 0.991458 0.987258 0.980946 0.979246 0.974423 0.96338 0.958498 0.958549 0.951319 0.942633 0.943795 0.939914 0.928586 0.919782 0.921642 0.913242 0.912611 0.902713 0.90358 0.89656 0.895424 0.891805 0.883161 0.877909 0.867918 0.865629 0.8619 0.859754 0.851211 0.852448 0.84622 0.837458 0.833056 0.830388 0.822022 0.823689 0.812377 0.810929 0.807461 0.797976 0.801536 0.793843 0.787649 0.786411 0.780368 0.777237 0.772709 0.768231 0.765412 0.762062 0.752955 0.752122 0.745969 0.73964 0.731854 0.737637 0.730743 0.728665 0.725289 0.716848 0.712252 0.708212 0.704627 0.692439 0.695924 0.693517 0.687625 0.68196 0.6809 0.674924 0.674209 0.666406 0.667071 0.656264 0.652309 0.65246 0.651088 0.645365 0.642209 0.635862 0.636098 0.632226 0.625527 0.622396 0.615805 0.614577 0.613348 0.606438 0.602962 0.603593 0.596683 0.593787 0.591877 0.586499 0.582391 0.579471 0.576668 0.573571 0.56895 0.564817 0 
Collision Density Moments:
1.05237 0.552134 
Per-collision Density Moments:
0 0 
0.698818 0.337305 
Per-collision Densities:
1.1839e+09 1.18452e+09 1.1839e+09 1.18452e+09 1.1839e+09 1.18452e+09 1.1839e+09 1.18452e+09 1.1839e+09 1.18452e+09 1.1839e+09 1.18452e+09 1.1839e+09 1.18452e+09 1.1839e+09 1.18452e+09 1.1839e+09 1.18452e+09 1.1839e+09 1.18452e+09 1.5526e+14 0 1.1839e+09 1.18452e+09 1.5526e+14 0 1.1839e+09 1.18452e+09 1.5526e+14 0 1.5526e+14 0 1.5526e+14 0 1.5526e+14 0 1.5526e+14 0 1.1839e+09 1.18452e+09 0 0 0 0 0 0 0 0 0 0 0 0 0 0 0 0 0 0 0 0 0 0 0 0 0 0 0 0 0 0 0 0 0 0 0 0 0 0 0 0 0 0 0 0 0 0 0 0 0 0 0 0 0 0 0 0 0 0 0 0 0 0 
0.995027 0.981745 0.970863 0.958675 0.950999 0.940226 0.923325 0.912703 0.907771 0.893067 0.879483 0.875737 0.865848 0.850184 0.834984 0.832341 0.81895 0.814456 0.799407 0.795022 0.785502 0.778348 0.770933 0.758232 0.747754 0.736282 0.730137 0.720829 0.712715 0.704433 0.700587 0.687263 0.677592 0.67085 0.665548 0.652283 0.652123 0.637377 0.631789 0.625636 0.614686 0.612927 0.603256 0.59611 0.59106 0.581482 0.573933 0.56943 0.561888 0.558 0.550888 0.541857 0.538153 0.528617 0.520562 0.513173 0.514898 0.507054 0.501516 0.495615 0.486408 0.482797 0.476333 0.468985 0.457362 0.457219 0.454113 0.445334 0.44222 0.439847 0.431497 0.429208 0.422146 0.41851 0.408722 0.404665 0.403924 0.400962 0.393572 0.388959 0.384785 0.379179 0.377605 0.369668 0.366234 0.358584 0.357245 0.353197 0.345841 0.343223 0.340816 0.338047 0.332736 0.332181 0.326617 0.323671 0.318504 0.315154 0.308673 0.306838 0.303497 0 
