Finite rod, albedo problem, anisotropic scattering, exponential random flight, mu_t: 1 g: 0.7
Analogmu_t c: 0.80919 rod_length: 2.6 dx: 0.0257426 numsamples: 10000000 numCollisionOrders: 2 numMoments: 2
total albedo R: 0.158636
total albedo T: 0.457785
per-collision order albedos R: 
0 0.0604139 
per-collision order albedos T: 
0.0742471 0.132801 
Left-moving collision density:
0.156239 0.154561 0.153971 0.151721 0.150342 0.148241 0.146205 0.145681 0.144616 0.138992 0.140009 0.14018 0.135973 0.134373 0.133728 0.130445 0.128919 0.127046 0.126763 0.124786 0.123473 0.120443 0.118994 0.118205 0.115556 0.113796 0.112351 0.109884 0.109573 0.105782 0.106073 0.103688 0.102061 0.101291 0.0999395 0.0976631 0.0960277 0.0944933 0.0927918 0.0905543 0.0895326 0.0875709 0.085345 0.0847973 0.0832512 0.082552 0.0810719 0.0781701 0.0766862 0.0748293 0.0746118 0.0730618 0.0710574 0.0706301 0.0682216 0.0658792 0.0651605 0.0625967 0.0608603 0.0603436 0.0589374 0.0577837 0.0562803 0.0536854 0.0526832 0.0516926 0.049995 0.0480177 0.0469805 0.0458035 0.0437213 0.042082 0.0408778 0.039627 0.0383994 0.0366591 0.0351363 0.0338467 0.0322307 0.0313294 0.0294765 0.0280236 0.0266057 0.025114 0.0241079 0.0221112 0.02067 0.019427 0.0174885 0.0163931 0.0150218 0.013332 0.01212 0.01064 0.00936581 0.00784692 0.0066155 0.00509662 0.00374865 0.00213654 0.000788577 0 
Right-moving collision density:
1.00049 0.989318 0.981328 0.973795 0.965253 0.958626 0.950981 0.946413 0.936725 0.932832 0.926621 0.91506 0.908208 0.902843 0.896134 0.888077 0.882554 0.876497 0.868483 0.86444 0.854934 0.85028 0.843148 0.838964 0.830123 0.824385 0.819409 0.809802 0.805094 0.800646 0.795309 0.786044 0.77972 0.776212 0.768661 0.763253 0.760371 0.752893 0.745023 0.743232 0.733563 0.729473 0.724333 0.715721 0.713515 0.705007 0.700365 0.697001 0.688051 0.685176 0.682313 0.675935 0.671747 0.665602 0.663255 0.653109 0.648552 0.645437 0.640596 0.632944 0.631172 0.62437 0.618508 0.616038 0.608129 0.606629 0.602337 0.593993 0.592691 0.587529 0.582875 0.578893 0.572825 0.570382 0.563289 0.563526 0.555003 0.550174 0.546352 0.542386 0.541053 0.535242 0.53213 0.524808 0.521234 0.519641 0.518181 0.511596 0.510205 0.501686 0.499853 0.495992 0.491691 0.486521 0.482147 0.4786 0.476095 0.472894 0.467447 0.462914 0.461034 0 
Collision Density Moments:
2.00883 2.22072 
Per-collision Density Moments:
0 0 
0.925753 0.732826 
Per-collision Densities:
5.45818e+08 5.46702e+08 5.45818e+08 5.46702e+08 5.45818e+08 5.46702e+08 5.45818e+08 5.46702e+08 5.45818e+08 5.46702e+08 5.45818e+08 5.46702e+08 5.45818e+08 5.46702e+08 5.45818e+08 5.46702e+08 5.45818e+08 5.46702e+08 5.45818e+08 5.46702e+08 7.16585e+13 0 5.45818e+08 5.46702e+08 7.16585e+13 0 5.45818e+08 5.46702e+08 7.16585e+13 0 7.16585e+13 0 7.16585e+13 0 7.16585e+13 0 7.16585e+13 0 5.45818e+08 5.46702e+08 0 0 0 0 0 0 0 0 0 0 0 0 0 0 0 0 0 0 0 0 0 0 0 0 0 0 0 0 0 0 0 0 0 0 0 0 0 0 0 0 0 0 0 0 0 0 0 0 0 0 0 0 0 0 0 0 0 0 0 0 0 0 
0.99135 0.962965 0.937971 0.913203 0.889122 0.867244 0.843863 0.825158 0.802173 0.785135 0.765976 0.741725 0.721633 0.706553 0.688979 0.671025 0.654134 0.636813 0.619763 0.606758 0.590372 0.574974 0.559824 0.548123 0.532717 0.519299 0.506492 0.489446 0.478425 0.467164 0.456027 0.444777 0.431655 0.42265 0.409598 0.400578 0.39249 0.380793 0.369878 0.362559 0.351468 0.343889 0.335716 0.326323 0.319673 0.307829 0.301839 0.294372 0.285442 0.279964 0.274355 0.26558 0.259729 0.251754 0.247155 0.237672 0.232351 0.228948 0.221979 0.21642 0.21088 0.205916 0.19951 0.194674 0.190234 0.185879 0.181043 0.176241 0.171133 0.165826 0.162956 0.159491 0.155855 0.150653 0.146846 0.142604 0.13877 0.135962 0.131564 0.129637 0.126157 0.123232 0.119588 0.117226 0.113322 0.109826 0.109966 0.106023 0.102647 0.0989334 0.0972164 0.0948623 0.0933784 0.0904649 0.0873456 0.0857024 0.084133 0.0820237 0.0793277 0.0771213 0.0759326 0 
