Finite rod, albedo problem, anisotropic scattering, exponential random flight, mu_t: 1 g: -0.6
Analogmu_t c: 0.8 rod_length: 1.2 dx: 0.0118812 numsamples: 10000000 numCollisionOrders: 2 numMoments: 2
total albedo R: 0.357869
total albedo T: 0.434396
per-collision order albedos R: 
0 0.291096 
per-collision order albedos T: 
0.301222 0.0577935 
Left-moving collision density:
0.354308 0.353088 0.349578 0.343518 0.340219 0.336153 0.333056 0.330514 0.324934 0.319396 0.320162 0.314001 0.307486 0.302958 0.298766 0.296452 0.293876 0.289323 0.286529 0.281807 0.277531 0.271505 0.271438 0.266379 0.259831 0.258425 0.254916 0.251263 0.248999 0.244849 0.242846 0.238091 0.235322 0.229893 0.225264 0.221804 0.220483 0.216393 0.21258 0.208666 0.204946 0.201402 0.197337 0.194821 0.189939 0.188205 0.183164 0.180176 0.178383 0.173838 0.169789 0.168409 0.162223 0.158334 0.155801 0.151222 0.14868 0.146383 0.143774 0.138277 0.135609 0.133194 0.127529 0.123641 0.120636 0.119003 0.115384 0.110435 0.107565 0.104232 0.101067 0.0983488 0.0946286 0.0896543 0.0876512 0.0839478 0.0795375 0.0772818 0.0745548 0.0702455 0.066862 0.0642949 0.0608609 0.0575027 0.0546999 0.0501802 0.0471923 0.0445326 0.0424032 0.0379339 0.0343989 0.0314952 0.0285157 0.0257634 0.0213363 0.018685 0.0146534 0.0113288 0.00841667 0.00487325 0.00172542 0 
Right-moving collision density:
0.998292 0.990692 0.98039 0.974642 0.969129 0.960123 0.951403 0.945848 0.943811 0.931717 0.923047 0.923586 0.914151 0.904203 0.893269 0.89417 0.887209 0.883607 0.874458 0.86727 0.861488 0.859417 0.852836 0.839706 0.83612 0.824968 0.818689 0.8147 0.807773 0.804027 0.79827 0.792656 0.784568 0.777877 0.772515 0.760867 0.76526 0.749731 0.748696 0.741391 0.735861 0.733672 0.725811 0.719406 0.716848 0.708936 0.702026 0.696067 0.688677 0.685487 0.683257 0.67702 0.671625 0.664883 0.654446 0.650061 0.65012 0.64555 0.639911 0.634987 0.628043 0.621958 0.615561 0.610949 0.600538 0.600681 0.595605 0.592281 0.586499 0.581508 0.574193 0.57113 0.565709 0.562671 0.553345 0.54636 0.548085 0.544735 0.536411 0.532952 0.526521 0.525032 0.519595 0.513408 0.508156 0.500388 0.496886 0.491988 0.485793 0.48432 0.478782 0.479657 0.472377 0.468413 0.462016 0.456621 0.454088 0.450435 0.442077 0.439316 0.438079 0 
Collision Density Moments:
1.03865 0.512922 
Per-collision Density Moments:
0 0 
0.698778 0.33725 
Per-collision Densities:
1.18261e+09 1.18452e+09 1.18261e+09 1.18452e+09 1.18261e+09 1.18452e+09 1.18261e+09 1.18452e+09 1.18261e+09 1.18452e+09 1.18261e+09 1.18452e+09 1.18261e+09 1.18452e+09 1.18261e+09 1.18452e+09 1.18261e+09 1.18452e+09 1.18261e+09 1.18452e+09 1.5526e+14 0 1.18261e+09 1.18452e+09 1.5526e+14 0 1.18261e+09 1.18452e+09 1.5526e+14 0 1.5526e+14 0 1.5526e+14 0 1.5526e+14 0 1.5526e+14 0 1.18261e+09 1.18452e+09 0 0 0 0 0 0 0 0 0 0 0 0 0 0 0 0 0 0 0 0 0 0 0 0 0 0 0 0 0 0 0 0 0 0 0 0 0 0 0 0 0 0 0 0 0 0 0 0 0 0 0 0 0 0 0 0 0 0 0 0 0 0 
0.996104 0.983841 0.968826 0.959315 0.949821 0.935967 0.923199 0.913848 0.908386 0.892251 0.87923 0.875973 0.863836 0.851489 0.835203 0.832333 0.822881 0.816341 0.803539 0.794155 0.786083 0.779796 0.770874 0.755143 0.748014 0.736113 0.727587 0.722192 0.711907 0.704778 0.69754 0.688399 0.679006 0.670489 0.663452 0.650852 0.653411 0.636813 0.632159 0.62333 0.617043 0.611808 0.603753 0.597062 0.591363 0.582417 0.572855 0.566585 0.560962 0.555904 0.551999 0.543397 0.536571 0.529509 0.51978 0.514528 0.512853 0.505808 0.499647 0.495245 0.487308 0.482216 0.47587 0.469667 0.46008 0.457749 0.453667 0.448844 0.444577 0.439762 0.43223 0.427962 0.422475 0.420312 0.410792 0.403823 0.405439 0.400802 0.393774 0.388387 0.384962 0.380341 0.378758 0.369854 0.365856 0.361184 0.356303 0.352145 0.345168 0.343493 0.339267 0.340033 0.332181 0.331718 0.324286 0.320532 0.318327 0.31459 0.305937 0.306123 0.303471 0 
