Finite rod, albedo problem, anisotropic scattering, exponential random flight, mu_t: 1 g: 0.7
Analogmu_t c: 0.999 rod_length: 2.6 dx: 0.0257426 numsamples: 10000000 numCollisionOrders: 2 numMoments: 2
total albedo R: 0.279668
total albedo T: 0.717766
per-collision order albedos R: 
0 0.0745347 
per-collision order albedos T: 
0.0743524 0.16387 
Left-moving collision density:
0.277645 0.276006 0.273069 0.270661 0.267273 0.264278 0.260359 0.260355 0.256206 0.252706 0.249346 0.247108 0.244579 0.241448 0.240601 0.236037 0.232836 0.230443 0.228835 0.225646 0.223486 0.219962 0.21722 0.215076 0.210045 0.210274 0.206786 0.202987 0.201511 0.199545 0.195726 0.192914 0.189301 0.186656 0.184811 0.180067 0.178572 0.176257 0.17177 0.168635 0.167458 0.164801 0.161196 0.159114 0.157475 0.153753 0.15049 0.148602 0.147417 0.142154 0.140266 0.137174 0.133728 0.131657 0.12768 0.124541 0.122521 0.119635 0.118151 0.11366 0.11176 0.110179 0.106839 0.103941 0.101991 0.0977058 0.0971775 0.0924189 0.0895909 0.0872951 0.0845176 0.082047 0.0786091 0.0767483 0.0722189 0.0718032 0.0675146 0.0650984 0.0615789 0.0604407 0.0564784 0.0539379 0.0511759 0.0479206 0.0459783 0.042789 0.039794 0.0372107 0.0350392 0.0321413 0.0289987 0.0263066 0.0235563 0.0208099 0.0179897 0.0154647 0.0122832 0.00961442 0.00669708 0.00413323 0.00143342 0 
Right-moving collision density:
0.997367 0.996928 0.996435 0.992888 0.98315 0.986677 0.98198 0.981343 0.977113 0.977832 0.970156 0.967934 0.962845 0.962025 0.9603 0.956773 0.954469 0.949124 0.946747 0.944164 0.943748 0.936056 0.935711 0.935474 0.933112 0.929282 0.925708 0.921505 0.919757 0.916738 0.915705 0.912469 0.91076 0.902505 0.903445 0.899817 0.899347 0.897234 0.892358 0.890012 0.88417 0.881493 0.882216 0.878207 0.873467 0.873448 0.869501 0.865395 0.864599 0.865485 0.86235 0.857164 0.85232 0.850459 0.847138 0.844096 0.842763 0.841182 0.835565 0.832085 0.830173 0.826308 0.822789 0.821946 0.818508 0.817444 0.814709 0.810323 0.811492 0.808295 0.803358 0.798424 0.796731 0.794384 0.789933 0.789808 0.783146 0.78418 0.78014 0.776368 0.774666 0.772833 0.768392 0.764702 0.763544 0.760076 0.759943 0.759085 0.753747 0.750974 0.74956 0.745061 0.739444 0.739304 0.738671 0.733233 0.733221 0.732184 0.727161 0.720406 0.720969 0 
Collision Density Moments:
2.59674 3.05961 
Per-collision Density Moments:
0 0 
0.925648 0.732482 
Per-collision Densities:
5.44809e+08 5.46702e+08 5.44809e+08 5.46702e+08 5.44809e+08 5.46702e+08 5.44809e+08 5.46702e+08 5.44809e+08 5.46702e+08 5.44809e+08 5.46702e+08 5.44809e+08 5.46702e+08 5.44809e+08 5.46702e+08 5.44809e+08 5.46702e+08 5.44809e+08 5.46702e+08 7.16585e+13 0 5.44809e+08 5.46702e+08 7.16585e+13 0 5.44809e+08 5.46702e+08 7.16585e+13 0 7.16585e+13 0 7.16585e+13 0 7.16585e+13 0 7.16585e+13 0 5.44809e+08 5.46702e+08 0 0 0 0 0 0 0 0 0 0 0 0 0 0 0 0 0 0 0 0 0 0 0 0 0 0 0 0 0 0 0 0 0 0 0 0 0 0 0 0 0 0 0 0 0 0 0 0 0 0 0 0 0 0 0 0 0 0 0 0 0 0 
0.986413 0.963614 0.94146 0.916645 0.887285 0.870993 0.844962 0.826363 0.80375 0.786716 0.76194 0.742533 0.722472 0.706095 0.689135 0.671992 0.653695 0.636584 0.619429 0.604372 0.591071 0.571617 0.560029 0.547704 0.531893 0.518981 0.503986 0.490794 0.480181 0.465711 0.455693 0.444357 0.432688 0.419974 0.411229 0.401638 0.392692 0.380595 0.370542 0.362609 0.35202 0.342068 0.336874 0.327318 0.317381 0.309569 0.302114 0.29398 0.28696 0.28038 0.274168 0.264426 0.258323 0.253009 0.244335 0.239075 0.234359 0.228256 0.221575 0.216272 0.210907 0.204533 0.20017 0.195217 0.190237 0.184764 0.180522 0.176738 0.172112 0.167272 0.161577 0.157917 0.153792 0.150906 0.146881 0.142752 0.139714 0.136494 0.133149 0.128608 0.126114 0.123461 0.120687 0.117001 0.11312 0.110168 0.108416 0.106462 0.101738 0.0993257 0.0968823 0.0945943 0.0921975 0.0903095 0.087936 0.0852285 0.0836474 0.0820431 0.07932 0.0771018 0.074942 0 
