Finite rod, albedo problem, anisotropic scattering, exponential random flight, mu_t: 1 g: 0.7
Analogmu_t c: 0.7 rod_length: 8.64976 dx: 0.19802 numsamples: 10000000 numCollisionOrders: 2 numMoments: 2
total albedo R: 0.131808
total albedo T: 0.033338
per-collision order albedos R: 
0 0.0525545 
per-collision order albedos T: 
0.0001821 0.0008992 
Left-moving collision density:
0.126767 0.117319 0.108295 0.100138 0.0929372 0.0862606 0.0796542 0.0735977 0.0678998 0.0628927 0.0583371 0.0538865 0.0497996 0.0461787 0.0425346 0.03954 0.0363459 0.0334608 0.0308297 0.0284214 0.0262529 0.0242092 0.0224048 0.0204096 0.0188466 0.0172998 0.0158302 0.0144036 0.0130204 0.0118311 0.010807 0.00980104 0.00875216 0.00780377 0.00693012 0.00607919 0.0052217 0.0044743 0.00379003 0.00304061 0.00221695 0.00148571 0.00077669 0.00016665 
Right-moving collision density:
0.962505 0.891705 0.823762 0.762551 0.704132 0.652731 0.603738 0.55962 0.517113 0.479741 0.443399 0.410716 0.379627 0.351713 0.325289 0.301119 0.278057 0.25745 0.238625 0.220355 0.204459 0.189271 0.174602 0.162067 0.149762 0.138496 0.128254 0.118835 0.109975 0.101669 0.0935608 0.0867444 0.0805273 0.073986 0.0686558 0.0641264 0.0588603 0.0541229 0.0504212 0.0461292 0.0433174 0.0396112 0.0363029 0.0233563 
Collision Density Moments:
2.78258 6.21595 
Per-collision Density Moments:
0 0 
0.999818 0.998172 
Per-collision Densities:
0.962505 0.891705 0.823762 0.762551 0.704132 0.652731 0.603738 0.55962 0.517113 0.479741 0.443399 0.410716 0.379627 0.351713 0.325289 0.301119 0.278057 0.25745 0.238625 0.220355 0.204459 0.189271 0.174602 0.162067 0.149762 0.138496 0.128254 0.118835 0.109975 0.101669 0.0935608 0.0867444 0.0805273 0.073986 0.0686558 0.0641264 0.0588603 0.0541229 0.0504212 0.0461292 0.0433174 0.0396112 0.0363029 0.0233563 
0.907746 0.745106 0.610086 0.500921 0.410097 0.336685 0.276546 0.227006 0.18626 0.152866 0.124984 0.102617 0.0841461 0.0691906 0.0564439 0.0464363 0.0381548 0.0313534 0.0256308 0.0211858 0.0174902 0.0142501 0.0115302 0.00959955 0.00788204 0.00638118 0.00523988 0.00441219 0.00357641 0.00292749 0.00243461 0.00197556 0.00156146 0.00128321 0.00108575 0.000867085 0.00074033 0.00059489 0.000475205 0.000381275 0.000329765 0.000262095 0.00021311 0.00012524 
