Finite rod, albedo problem, anisotropic scattering, exponential random flight, mu_t: 1 g: 0.7
Analogmu_t c: 0.655444 rod_length: 2.6 dx: 0.0257426 numsamples: 10000000 numCollisionOrders: 2 numMoments: 2
total albedo R: 0.100726
total albedo T: 0.321465
per-collision order albedos R: 
0 0.0489434 
per-collision order albedos T: 
0.0742413 0.10757 
Left-moving collision density:
0.100048 0.0989062 0.0970105 0.0961598 0.0952624 0.0937591 0.091471 0.0916886 0.0899988 0.0881497 0.0865376 0.0861297 0.084537 0.0838106 0.0829948 0.0808583 0.0786984 0.0774243 0.0775991 0.0756218 0.0748099 0.0735824 0.0715507 0.0720441 0.0691384 0.0692122 0.0672077 0.0665745 0.0661317 0.063529 0.0634086 0.0615983 0.0612876 0.0606971 0.0593802 0.058444 0.0570339 0.0559229 0.0548158 0.0537825 0.0525122 0.0517547 0.050197 0.0507525 0.0491015 0.0489578 0.0478235 0.0464445 0.0449062 0.0452752 0.042622 0.0423384 0.0411653 0.0410487 0.0399727 0.0383722 0.0381508 0.0368262 0.0356841 0.0351208 0.0338583 0.0335747 0.032421 0.0307584 0.030568 0.0292201 0.028315 0.0277439 0.0269903 0.0259492 0.0252189 0.0243099 0.0234708 0.0227017 0.0221889 0.0208332 0.0204447 0.0194464 0.0184208 0.0175934 0.0169175 0.0163115 0.015453 0.0140895 0.0136544 0.0130096 0.0114752 0.0110983 0.0100184 0.00935804 0.00854615 0.00791296 0.00675146 0.00607554 0.00538019 0.00451004 0.00366319 0.00279692 0.00211323 0.00130523 0.000404 0 
Right-moving collision density:
0.998 0.983317 0.974666 0.960545 0.948188 0.940462 0.930579 0.919908 0.908044 0.901048 0.890696 0.878696 0.868091 0.861627 0.850346 0.842476 0.83081 0.825077 0.812755 0.804943 0.795783 0.787909 0.779565 0.768493 0.761027 0.755297 0.745873 0.73556 0.727938 0.719194 0.710632 0.70263 0.697036 0.686959 0.681078 0.672116 0.663974 0.656279 0.648785 0.644423 0.6332 0.629176 0.623819 0.614053 0.611031 0.600558 0.594731 0.587762 0.583329 0.573816 0.571924 0.560387 0.555523 0.548636 0.546767 0.537056 0.531365 0.52431 0.520772 0.512866 0.509755 0.501585 0.494605 0.490615 0.485119 0.483091 0.473647 0.470015 0.46758 0.460712 0.452111 0.448895 0.444621 0.43801 0.434716 0.428011 0.421648 0.420968 0.414648 0.411754 0.406304 0.4017 0.398705 0.389934 0.388823 0.384565 0.380195 0.375483 0.372678 0.36675 0.361631 0.359311 0.355753 0.352226 0.34582 0.34394 0.338583 0.335743 0.331412 0.325006 0.324781 0 
Collision Density Moments:
1.67672 1.74978 
Per-collision Density Moments:
0 0 
0.925759 0.732496 
Per-collision Densities:
5.45346e+08 5.46702e+08 5.45346e+08 5.46702e+08 5.45346e+08 5.46702e+08 5.45346e+08 5.46702e+08 5.45346e+08 5.46702e+08 5.45346e+08 5.46702e+08 5.45346e+08 5.46702e+08 5.45346e+08 5.46702e+08 5.45346e+08 5.46702e+08 5.45346e+08 5.46702e+08 7.16585e+13 0 5.45346e+08 5.46702e+08 7.16585e+13 0 5.45346e+08 5.46702e+08 7.16585e+13 0 7.16585e+13 0 7.16585e+13 0 7.16585e+13 0 7.16585e+13 0 5.45346e+08 5.46702e+08 0 0 0 0 0 0 0 0 0 0 0 0 0 0 0 0 0 0 0 0 0 0 0 0 0 0 0 0 0 0 0 0 0 0 0 0 0 0 0 0 0 0 0 0 0 0 0 0 0 0 0 0 0 0 0 0 0 0 0 0 0 0 
0.99081 0.962153 0.938954 0.912857 0.887945 0.868697 0.846803 0.825178 0.801478 0.784277 0.765436 0.743216 0.722756 0.707082 0.687464 0.673231 0.653334 0.638806 0.620536 0.605864 0.590947 0.575646 0.561513 0.545998 0.53295 0.5201 0.507043 0.4914 0.480189 0.467459 0.455887 0.444377 0.434828 0.420572 0.410239 0.401223 0.39059 0.379484 0.369866 0.360718 0.350684 0.342806 0.336703 0.327147 0.319572 0.309491 0.301901 0.292811 0.287667 0.279032 0.273772 0.264235 0.258257 0.251133 0.247466 0.239094 0.233489 0.227883 0.222507 0.215332 0.209497 0.204164 0.198795 0.194751 0.189857 0.186248 0.181046 0.176944 0.172411 0.16623 0.162299 0.158554 0.155703 0.149946 0.147239 0.142204 0.137853 0.136261 0.132337 0.130364 0.126666 0.122035 0.120586 0.115812 0.114565 0.110661 0.107281 0.105168 0.102045 0.0995122 0.0974961 0.094066 0.0925121 0.0909583 0.0878428 0.0863472 0.0841136 0.0810292 0.0804115 0.0760219 0.0754431 0 
