Finite rod, albedo problem, anisotropic scattering, exponential random flight, mu_t: 1 g: -0.4
Analogmu_t c: 0.8 rod_length: 1.2 dx: 0.0118812 numsamples: 10000000 numCollisionOrders: 2 numMoments: 2
total albedo R: 0.33018
total albedo T: 0.461428
per-collision order albedos R: 
0 0.254736 
per-collision order albedos T: 
0.301217 0.0867075 
Left-moving collision density:
0.328166 0.327627 0.321264 0.317569 0.312932 0.309447 0.3055 0.304759 0.299027 0.295955 0.29646 0.287943 0.28376 0.281664 0.277498 0.275579 0.27052 0.268408 0.26616 0.260496 0.256809 0.251322 0.251642 0.246945 0.241937 0.23804 0.237249 0.232999 0.231256 0.225297 0.225222 0.219759 0.218522 0.213893 0.20822 0.206553 0.203869 0.200628 0.198372 0.195881 0.190528 0.18738 0.18281 0.18074 0.177087 0.174402 0.168914 0.167929 0.165143 0.161533 0.157181 0.156087 0.151298 0.147216 0.143521 0.140222 0.138143 0.136249 0.133631 0.128657 0.125417 0.12322 0.118852 0.115544 0.11174 0.110401 0.10658 0.102835 0.0995018 0.0962614 0.0930463 0.0913208 0.08787 0.0844949 0.0813471 0.0786622 0.0742855 0.0728631 0.0692776 0.0648757 0.0618373 0.0595816 0.0568883 0.0534627 0.0506431 0.0471586 0.0441538 0.0413848 0.0394068 0.0351228 0.0321769 0.0292563 0.0264283 0.0245093 0.0199643 0.0169764 0.013433 0.0103946 0.007676 0.0044945 0.00154867 0 
Right-moving collision density:
0.998343 0.990255 0.981956 0.975323 0.973438 0.962353 0.954063 0.948205 0.948053 0.936346 0.926616 0.928931 0.918351 0.909522 0.897806 0.900962 0.891098 0.889515 0.881183 0.873776 0.869366 0.867043 0.862195 0.848417 0.844991 0.833747 0.829412 0.82411 0.81847 0.81305 0.809077 0.803708 0.794887 0.79099 0.786647 0.773349 0.777153 0.761902 0.761506 0.755177 0.749083 0.747871 0.740465 0.735171 0.73188 0.722781 0.717395 0.712892 0.705763 0.703137 0.700645 0.692616 0.69063 0.68356 0.670893 0.667534 0.667088 0.663376 0.660119 0.653319 0.64762 0.639305 0.635164 0.631343 0.621108 0.619416 0.617691 0.613508 0.604645 0.60159 0.594755 0.59234 0.585657 0.583645 0.574236 0.569194 0.567628 0.56847 0.559936 0.555988 0.547824 0.548371 0.543532 0.538322 0.53248 0.524569 0.52137 0.516228 0.511893 0.509293 0.505993 0.50261 0.498991 0.49368 0.487561 0.485221 0.481164 0.476754 0.469995 0.465484 0.463843 0 
Collision Density Moments:
1.04204 0.521403 
Per-collision Density Moments:
0 0 
0.698783 0.337277 
Per-collision Densities:
1.18076e+09 1.18452e+09 1.18076e+09 1.18452e+09 1.18076e+09 1.18452e+09 1.18076e+09 1.18452e+09 1.18076e+09 1.18452e+09 1.18076e+09 1.18452e+09 1.18076e+09 1.18452e+09 1.18076e+09 1.18452e+09 1.18076e+09 1.18452e+09 1.18076e+09 1.18452e+09 1.5526e+14 0 1.18076e+09 1.18452e+09 1.5526e+14 0 1.18076e+09 1.18452e+09 1.5526e+14 0 1.5526e+14 0 1.5526e+14 0 1.5526e+14 0 1.5526e+14 0 1.18076e+09 1.18452e+09 0 0 0 0 0 0 0 0 0 0 0 0 0 0 0 0 0 0 0 0 0 0 0 0 0 0 0 0 0 0 0 0 0 0 0 0 0 0 0 0 0 0 0 0 0 0 0 0 0 0 0 0 0 0 0 0 0 0 0 0 0 0 
0.995894 0.982764 0.969137 0.958532 0.952068 0.936758 0.923384 0.912325 0.90884 0.893151 0.878658 0.876899 0.863306 0.851422 0.834252 0.833536 0.820894 0.815954 0.802967 0.793103 0.785662 0.779417 0.771893 0.756111 0.74761 0.735987 0.72922 0.720517 0.711915 0.703936 0.698718 0.688046 0.677575 0.670943 0.664959 0.651223 0.652292 0.636468 0.631747 0.623473 0.616656 0.612691 0.603458 0.597937 0.591288 0.581415 0.571727 0.567292 0.560988 0.556106 0.551864 0.542564 0.537884 0.530477 0.518172 0.515664 0.512903 0.506608 0.502559 0.494951 0.487822 0.480945 0.475845 0.469852 0.460947 0.457067 0.454685 0.447438 0.443617 0.440007 0.431943 0.428063 0.4217 0.420051 0.41075 0.40469 0.405136 0.400162 0.393799 0.388084 0.383842 0.380307 0.378043 0.370721 0.365729 0.360621 0.356496 0.352658 0.345891 0.343038 0.339377 0.338973 0.333569 0.331095 0.324723 0.322106 0.319202 0.313874 0.306257 0.306493 0.303892 0 
