Finite rod, albedo problem, isotropic scattering, exponential random flight, mu_t: 1
Analogmu_t c: 0.7 rod_length: 19.462 dx: 0.19802 numsamples: 10000000 numCollisionOrders: 2 numMoments: 2
total albedo R: 0.291991
total albedo T: 2.24e-05
per-collision order albedos R: 
0 0.17491 
per-collision order albedos T: 
0 0 
Left-moving collision density:
0.277687 0.248946 0.223053 0.200164 0.178781 0.160795 0.144536 0.12959 0.116182 0.104228 0.0936209 0.0840264 0.0752738 0.0676165 0.0608283 0.0545314 0.0483952 0.0440668 0.0393521 0.0353939 0.0318165 0.0283083 0.0255646 0.0225437 0.0204449 0.0182931 0.0163413 0.0148218 0.013179 0.0120225 0.0106722 0.00965005 0.00865873 0.00767146 0.0069286 0.00622564 0.0056858 0.00502071 0.00450965 0.0040804 0.0036562 0.00329816 0.00293001 0.0026361 0.00236795 0.00211242 0.00187355 0.00172205 0.00156601 0.00137815 0.00118675 0.00108777 0.00101101 0.000909505 0.000793355 0.000737805 0.00064034 0.000606 0.00052722 0.000478235 0.000421675 0.00037976 0.000342895 0.00030098 0.000267145 0.00023634 0.00021311 0.000201495 0.00017069 0.000163115 0.00013231 0.00012019 0.00011413 0.0001111 0.000108575 7.5245e-05 8.08e-05 6.262e-05 6.161e-05 4.7975e-05 4.848e-05 4.04e-05 3.8885e-05 3.4845e-05 2.6765e-05 3.03e-05 2.727e-05 1.9695e-05 1.8685e-05 1.919e-05 2.02e-05 1.212e-05 8.08e-06 7.07e-06 7.575e-06 5.05e-06 2.02e-06 1.515e-06 0 
Right-moving collision density:
0.948144 0.851241 0.762654 0.684473 0.613397 0.551454 0.494233 0.443849 0.397163 0.356252 0.320857 0.287198 0.257229 0.231792 0.207516 0.186382 0.167336 0.149655 0.134695 0.121134 0.1079 0.0974605 0.087167 0.078326 0.0701975 0.0629038 0.0565736 0.0505535 0.0453798 0.0405823 0.036665 0.0327462 0.029594 0.0264908 0.0236461 0.0214064 0.019239 0.0171104 0.0154676 0.0137254 0.0124326 0.0111772 0.0098778 0.00895012 0.0080088 0.00721746 0.00657409 0.0058171 0.00520655 0.00468893 0.00416474 0.00377235 0.00338552 0.00298001 0.00277245 0.00248258 0.0022119 0.00199021 0.00181346 0.00160287 0.00138774 0.0013024 0.00115898 0.00101909 0.00095546 0.000820625 0.00073225 0.000676195 0.000586305 0.00053126 0.00048076 0.000441875 0.00036259 0.00035047 0.00032421 0.000280275 0.00027371 0.000237855 0.000203515 0.000178265 0.000170185 0.00012827 0.000123725 0.00012221 0.00011413 0.000101 8.383e-05 7.575e-05 6.0095e-05 6.5145e-05 5.151e-05 5.8075e-05 5.1005e-05 3.7875e-05 3.03e-05 2.525e-05 2.828e-05 2.7775e-05 7.575e-06 
Collision Density Moments:
2.35952 4.30816 
Per-collision Density Moments:
0 0 
1 0.99978 
Per-collision Densities:
7.10712e+07 7.08117e+07 7.10712e+07 7.08117e+07 7.10712e+07 7.08117e+07 7.10712e+07 7.08117e+07 7.10712e+07 7.08117e+07 7.10713e+07 7.08117e+07 7.10713e+07 7.08117e+07 7.10712e+07 7.08117e+07 7.10712e+07 9.31561e+12 0 7.08117e+07 7.10713e+07 9.31561e+12 0 7.08117e+07 7.10712e+07 9.31561e+12 0 9.31561e+12 0 9.31561e+12 0 9.31561e+12 0 9.31561e+12 0 7.08117e+07 7.10713e+07 0 0 0 0 0 0 0 0 0 0 0 0 0 0 0 0 0 0 0 0 0 0 0 0 0 0 0 0 0 0 0 0 0 0 0 0 0 0 0 0 0 0 0 0 0 0 0 0 0 0 0 0 0 0 0 0 0 0 0 0 0 0 
0.907574 0.745221 0.609893 0.500874 0.410252 0.337197 0.276329 0.227155 0.185957 0.152539 0.125683 0.102646 0.0839956 0.0691012 0.0565923 0.0465363 0.0381093 0.031212 0.0257646 0.0212423 0.0172084 0.0142733 0.0116125 0.0095445 0.00783255 0.00643976 0.00519797 0.00427735 0.00356884 0.00291183 0.00244673 0.00195132 0.00157762 0.001313 0.0010807 0.000884255 0.00074538 0.000569135 0.000484295 0.000382285 0.00031512 0.000253005 0.000207555 0.000202505 0.000152005 0.000131805 9.191e-05 9.393e-05 6.9185e-05 5.959e-05 4.747e-05 3.9895e-05 2.4745e-05 2.3735e-05 2.121e-05 1.313e-05 1.4645e-05 1.01e-05 1.111e-05 1.111e-05 6.565e-06 3.535e-06 4.545e-06 2.525e-06 2.02e-06 2.02e-06 1.01e-06 0 1.515e-06 1.515e-06 5.05e-07 1.515e-06 0 5.05e-07 5.05e-07 0 0 1.01e-06 0 0 5.05e-07 5.05e-07 0 0 5.05e-07 1.01e-06 0 0 0 0 0 0 0 0 0 0 0 0 0 
