Finite rod, albedo problem, anisotropic scattering, exponential random flight, mu_t: 1 g: 0.7
Analogmu_t c: 0.7 rod_length: 29.1929 dx: 0.19802 numsamples: 10000000 numCollisionOrders: 2 numMoments: 2
total albedo R: 0.13197
total albedo T: 1.28e-05
per-collision order albedos R: 
0 0.0525072 
per-collision order albedos T: 
0 0 
Left-moving collision density:
0.126936 0.117413 0.108531 0.100138 0.0931841 0.08646 0.0797451 0.0738325 0.0681351 0.0631548 0.0586032 0.0543027 0.0502399 0.046659 0.0429578 0.0400238 0.0370827 0.0339769 0.0314782 0.0291496 0.0269519 0.025051 0.0232386 0.0213019 0.0198546 0.0184174 0.0169857 0.0156328 0.0144238 0.0132977 0.0124119 0.011561 0.010605 0.00985003 0.00910263 0.00843653 0.00773155 0.00730129 0.00676044 0.0062822 0.00571307 0.0052717 0.00490709 0.00450157 0.00416524 0.00393294 0.003636 0.00326129 0.00310121 0.00281538 0.00263661 0.00247652 0.00224473 0.00203111 0.00195637 0.00185184 0.00163822 0.00148824 0.00139128 0.00129179 0.00121352 0.0011509 0.00105091 0.000973135 0.00091102 0.00081911 0.000756995 0.00071407 0.000688315 0.000591355 0.000541865 0.00052015 0.00049086 0.000451975 0.00038784 0.00037067 0.00031209 0.00032926 0.000277245 0.00027775 0.000248965 0.00024038 0.000202505 0.00019998 0.00017675 0.000190385 0.000153015 0.00013534 0.000145945 0.0001414 0.00010706 0.000105545 0.000100495 7.878e-05 8.6355e-05 6.3125e-05 6.3125e-05 6.5145e-05 6.565e-05 6.4135e-05 5.353e-05 4.4945e-05 5.05e-05 4.4945e-05 4.6965e-05 3.7875e-05 4.5955e-05 3.5855e-05 3.1815e-05 2.626e-05 2.929e-05 2.727e-05 2.0705e-05 1.717e-05 2.323e-05 2.1715e-05 2.0705e-05 1.7675e-05 1.515e-05 1.414e-05 1.1615e-05 1.111e-05 9.09e-06 6.06e-06 6.565e-06 8.08e-06 5.05e-06 8.585e-06 5.555e-06 5.05e-06 5.555e-06 4.04e-06 4.545e-06 3.03e-06 2.525e-06 4.04e-06 3.03e-06 1.01e-06 5.05e-07 2.525e-06 1.515e-06 5.05e-07 1.01e-06 0 1.01e-06 5.05e-07 0 0 
Right-moving collision density:
0.962161 0.891855 0.823964 0.76275 0.704306 0.652677 0.604079 0.55933 0.516986 0.47974 0.443597 0.410397 0.379751 0.351639 0.325061 0.301055 0.278099 0.257901 0.23863 0.22045 0.204401 0.189362 0.17489 0.16201 0.149916 0.138787 0.12848 0.119272 0.110025 0.102041 0.0937967 0.0869504 0.0807712 0.0744915 0.069031 0.064488 0.0590991 0.0546036 0.0509585 0.0465852 0.0440017 0.0401116 0.0368802 0.0344885 0.0319231 0.0294349 0.0272887 0.0252035 0.0233416 0.0217716 0.0200192 0.0184951 0.0169781 0.0157823 0.0146591 0.013588 0.0126003 0.0116897 0.0108333 0.00996264 0.0090294 0.00849057 0.00790982 0.00732503 0.00678569 0.00627665 0.00582669 0.00540249 0.00490204 0.00451975 0.00419706 0.00388749 0.00359005 0.00331583 0.00297243 0.00282447 0.0026255 0.00244471 0.00219776 0.00213565 0.00196748 0.00176195 0.00163216 0.00153369 0.0014544 0.00131654 0.00122059 0.00116201 0.00102768 0.000984245 0.000886275 0.00082012 0.000775175 0.00069185 0.000676195 0.0006262 0.00058378 0.000524695 0.0004545 0.00042824 0.000398445 0.00038986 0.000364105 0.000336835 0.00030199 0.000271185 0.0002525 0.00026361 0.00021715 0.000189375 0.000195435 0.000171195 0.00018382 0.00016463 0.00014241 0.00012827 0.00012625 0.000112615 9.8475e-05 9.4435e-05 8.888e-05 7.979e-05 7.3225e-05 6.4135e-05 6.262e-05 6.0095e-05 5.6055e-05 5.2015e-05 5.2015e-05 4.747e-05 4.747e-05 3.6865e-05 4.1915e-05 3.636e-05 3.03e-05 2.8785e-05 2.1715e-05 2.828e-05 2.4745e-05 1.9695e-05 2.424e-05 1.515e-05 1.8685e-05 1.5655e-05 1.414e-05 1.4645e-05 1.01e-05 6.06e-06 
Collision Density Moments:
2.89303 7.39305 
Per-collision Density Moments:
0 0 
1 0.999929 
Per-collision Densities:
0.0319231 0.0294349 0.0272887 0.0252035 0.0233416 0.0217716 0.0200192 0.0184951 0.0169781 0.0157823 0.0146591 0.013588 0.0126003 0.0116897 0.0108333 0.00996264 0.0090294 0.00849057 0.00790982 0.00732503 0.00678569 0.00627665 0.00582669 0.00540249 0.00490204 0.00451975 0.00419706 0.00388749 0.00359005 0.00331583 0.00297243 0.00282447 0.0026255 0.00244471 0.00219776 0.00213565 0.00196748 0.00176195 0.00163216 0.00153369 0.0014544 0.00131654 0.00122059 0.00116201 0.00102768 0.000984245 0.000886275 0.00082012 0.000775175 0.00069185 0.000676195 0.0006262 0.00058378 0.000524695 0.0004545 0.00042824 0.000398445 0.00038986 0.000364105 0.000336835 0.00030199 0.000271185 0.0002525 0.00026361 0.00021715 0.000189375 0.000195435 0.000171195 0.00018382 0.00016463 0.00014241 0.00012827 0.00012625 0.000112615 9.8475e-05 9.4435e-05 8.888e-05 7.979e-05 7.3225e-05 6.4135e-05 6.262e-05 6.0095e-05 5.6055e-05 5.2015e-05 5.2015e-05 4.747e-05 4.747e-05 3.6865e-05 4.1915e-05 3.636e-05 3.03e-05 2.8785e-05 2.1715e-05 2.828e-05 2.4745e-05 1.9695e-05 2.424e-05 1.515e-05 1.8685e-05 1.5655e-05 1.414e-05 1.4645e-05 1.01e-05 6.06e-06 0 0 0 0 0 0 0 0 0 0 0 0 0 0 0 0 0 0 0 0 0 0 0 0 0 0 0 0 0 0 0 0 0 0 0 0 0 0 0 0 0 0 0 0 
0.907326 0.74524 0.610047 0.501321 0.410284 0.336535 0.276556 0.226907 0.186178 0.152816 0.125045 0.10257 0.0842199 0.0692451 0.0563888 0.0464221 0.0381719 0.0314524 0.0256676 0.0211757 0.0174392 0.0142491 0.0114943 0.00956167 0.0078876 0.00641754 0.00521665 0.00442481 0.00356429 0.00293759 0.00243562 0.00198516 0.00155995 0.00128674 0.00107363 0.00086355 0.00072417 0.000596405 0.000475205 0.00037976 0.000328755 0.000265125 0.000216645 0.00019493 0.000157055 0.000134835 9.9485e-05 8.4335e-05 7.2215e-05 5.7065e-05 4.949e-05 3.7875e-05 2.6765e-05 2.6765e-05 1.8685e-05 1.4645e-05 1.4645e-05 1.212e-05 1.2625e-05 7.575e-06 9.09e-06 4.545e-06 2.525e-06 2.525e-06 1.515e-06 5.05e-07 1.01e-06 2.02e-06 1.01e-06 5.05e-07 5.05e-07 1.01e-06 0 0 0 0 5.05e-07 0 0 0 0 0 0 0 0 0 0 0 0 0 0 0 0 0 0 0 0 0 0 0 0 0 0 0 0 0 0 0 0 0 0 0 0 0 0 0 0 0 0 0 0 0 0 0 0 0 0 0 0 0 0 0 0 0 0 0 0 0 0 0 0 0 0 0 0 0 0 0 
