Finite rod, albedo problem, isotropic scattering, exponential random flight, mu_t: 1
Analogmu_t c: 0.8991 rod_length: 2.6 dx: 0.0257426 numsamples: 10000000 numCollisionOrders: 2 numMoments: 2
total albedo R: 0.441266
total albedo T: 0.337705
per-collision order albedos R: 
0 0.22363 
per-collision order albedos T: 
0.0743093 0.0867778 
Left-moving collision density:
0.437109 0.434626 0.429949 0.424658 0.416046 0.411944 0.407061 0.401522 0.398193 0.392335 0.385412 0.38178 0.378012 0.370934 0.367516 0.358973 0.355396 0.352276 0.348796 0.342122 0.338859 0.331917 0.32905 0.324443 0.318138 0.314887 0.30826 0.305125 0.300246 0.297018 0.289687 0.285519 0.282074 0.277148 0.270307 0.267743 0.264336 0.258253 0.255868 0.248577 0.24583 0.241413 0.237975 0.234367 0.229557 0.223979 0.220308 0.215219 0.210189 0.205815 0.204273 0.199234 0.195008 0.189701 0.186469 0.182317 0.177348 0.174427 0.169361 0.164257 0.162047 0.158112 0.15246 0.147938 0.144663 0.13973 0.135546 0.133499 0.127676 0.124156 0.122109 0.117277 0.112506 0.108804 0.104916 0.099384 0.0976476 0.0922518 0.089117 0.0843233 0.0804815 0.0770047 0.0732755 0.068241 0.0639447 0.0609496 0.0566571 0.0531415 0.0490005 0.0446692 0.0419888 0.0369699 0.0334155 0.0293832 0.025351 0.021548 0.0180557 0.0135379 0.00963385 0.00587742 0.00186462 0 
Right-moving collision density:
0.997989 0.986622 0.977668 0.968831 0.9572 0.950262 0.938675 0.934736 0.925471 0.91849 0.907788 0.900967 0.887942 0.884795 0.877317 0.867396 0.859731 0.852121 0.841544 0.834062 0.827874 0.81744 0.811609 0.805211 0.797181 0.788441 0.782268 0.772273 0.765483 0.759023 0.74869 0.746382 0.737389 0.72694 0.72067 0.718778 0.709008 0.703768 0.696076 0.69018 0.67837 0.675966 0.670745 0.659188 0.654907 0.645192 0.640907 0.633721 0.624906 0.622727 0.615747 0.610599 0.600193 0.597951 0.591611 0.583636 0.576974 0.575005 0.565414 0.56008 0.555469 0.54707 0.542152 0.537394 0.530837 0.524167 0.521401 0.511985 0.510726 0.501329 0.495883 0.489908 0.485569 0.476926 0.470924 0.466511 0.461927 0.457227 0.451039 0.445923 0.441358 0.437559 0.429584 0.424662 0.419403 0.413949 0.408906 0.406529 0.397113 0.39538 0.389907 0.383175 0.379869 0.375394 0.368891 0.365313 0.360248 0.354708 0.349728 0.343959 0.337616 0 
Collision Density Moments:
2.189 2.23125 
Per-collision Density Moments:
0 0 
0.925691 0.732672 
Per-collision Densities:
5.46005e+08 5.46702e+08 5.46005e+08 5.46702e+08 5.46005e+08 5.46702e+08 5.46005e+08 5.46702e+08 5.46005e+08 5.46702e+08 5.46005e+08 5.46702e+08 5.46005e+08 5.46702e+08 5.46005e+08 5.46702e+08 5.46005e+08 5.46702e+08 5.46005e+08 5.46702e+08 7.16585e+13 0 5.46005e+08 5.46702e+08 7.16585e+13 0 5.46005e+08 5.46702e+08 7.16585e+13 0 7.16585e+13 0 7.16585e+13 0 7.16585e+13 0 7.16585e+13 0 5.46005e+08 5.46702e+08 0 0 0 0 0 0 0 0 0 0 0 0 0 0 0 0 0 0 0 0 0 0 0 0 0 0 0 0 0 0 0 0 0 0 0 0 0 0 0 0 0 0 0 0 0 0 0 0 0 0 0 0 0 0 0 0 0 0 0 0 0 0 
0.989575 0.961804 0.937365 0.913871 0.888295 0.867318 0.842872 0.825928 0.802903 0.784187 0.763172 0.744121 0.721136 0.70808 0.690246 0.67247 0.654849 0.636972 0.619891 0.605588 0.590349 0.572806 0.560663 0.547797 0.532794 0.518915 0.507012 0.491482 0.479995 0.467684 0.45382 0.445449 0.433111 0.420789 0.409524 0.40266 0.390994 0.382153 0.371229 0.363382 0.349747 0.344022 0.336031 0.32597 0.319362 0.308489 0.30321 0.29283 0.285407 0.280392 0.273745 0.266512 0.25783 0.251506 0.245504 0.23944 0.232467 0.228975 0.222041 0.216249 0.210399 0.20562 0.200458 0.194215 0.1903 0.184682 0.182126 0.175954 0.17198 0.166712 0.163422 0.15843 0.154425 0.150133 0.146594 0.141649 0.139963 0.136575 0.132182 0.129443 0.125605 0.123884 0.119394 0.116915 0.11371 0.110082 0.107973 0.105576 0.102092 0.100569 0.0969639 0.0949167 0.0934794 0.0911758 0.0866852 0.0861996 0.0835542 0.0812428 0.0793627 0.0766784 0.0752256 0 
