Finite rod, albedo problem, isotropic scattering, exponential random flight, mu_t: 1
Analogmu_t c: 0.3 rod_length: 0.3 dx: 0.0029703 numsamples: 10000000 numCollisionOrders: 10 numMoments: 10
total albedo R: 0.035251
total albedo T: 0.775502
per-collision order albedos R: 
0 0.0338166 0.0013749 5.71e-05 2.4e-06 0 0 0 0 0 
per-collision order albedos T: 
0.740756 0.0332869 0.0014008 5.52e-05 2.3e-06 3e-07 0 0 0 0 
Left-moving collision density:
0.0345083 0.0328923 0.03434 0.034643 0.03434 0.0330943 0.0342727 0.03333 0.0316467 0.0302663 0.0320507 0.0311753 0.030906 0.0302327 0.0299633 0.029694 0.0299633 0.028179 0.0302663 0.028583 0.027169 0.0282127 0.0264283 0.0268323 0.0264957 0.0257213 0.0253173 0.0250143 0.0247113 0.0259907 0.023331 0.025149 0.024947 0.0247787 0.0221863 0.0225903 0.021917 0.0214793 0.0210417 0.020907 0.021008 0.0211763 0.0205703 0.0196613 0.0201663 0.017675 0.0181463 0.0180117 0.018685 0.0182137 0.0185503 0.0166987 0.016867 0.015857 0.015655 0.0175067 0.0170353 0.0144093 0.0152173 0.0144767 0.0137697 0.0131637 0.0138707 0.012928 0.0132983 0.0136013 0.012019 0.0128607 0.0107397 0.0109753 0.0110427 0.010201 0.0102683 0.00996533 0.00875333 0.008585 0.008484 0.00794533 0.00865233 0.00730567 0.00680067 0.006565 0.00663233 0.005454 0.004949 0.00579067 0.004747 0.00471333 0.003838 0.00417467 0.00316467 0.00370333 0.002727 0.00255867 0.002525 0.00148133 0.00202 0.000875333 0.00101 0.000437667 0.000101 0 
Right-moving collision density:
0.991887 1.0099 0.995153 0.997106 0.985221 0.977781 0.993133 0.989733 0.973539 0.97162 0.97731 0.969566 0.962833 0.969499 0.976333 0.968321 0.959163 0.956605 0.953676 0.950982 0.965964 0.948289 0.948424 0.94536 0.932533 0.931119 0.938559 0.934418 0.931186 0.930176 0.925867 0.931153 0.916104 0.933206 0.917652 0.920211 0.913175 0.905398 0.909572 0.91341 0.894086 0.89385 0.903243 0.894288 0.904926 0.896139 0.890652 0.883077 0.883615 0.890517 0.878363 0.877118 0.869644 0.872505 0.868162 0.8652 0.865334 0.847222 0.857355 0.85914 0.862473 0.860554 0.860183 0.857153 0.860823 0.851262 0.840589 0.848939 0.837492 0.833721 0.840892 0.828234 0.834866 0.831567 0.821197 0.819312 0.829681 0.8248 0.819211 0.813218 0.807428 0.816989 0.809751 0.815912 0.812949 0.80258 0.810761 0.804734 0.797496 0.798977 0.790527 0.802277 0.799684 0.788372 0.790493 0.787329 0.789584 0.789786 0.776623 0.785948 0.765647 0 
Collision Density Moments:
0.270322 0.0385902 0.0075276 0.00166855 0.000396493 9.84244e-05 2.51754e-05 6.58138e-06 1.74925e-06 4.71017e-07 
Per-collision Density Moments:
0 0 0 0 0 0 0 0 0 0 
0.259244 0.0369335 0.00719863 0.00159503 0.000378948 9.40594e-05 2.40575e-05 6.28892e-06 1.67148e-06 4.50071e-07 
0.01062 0.00158746 0.000315137 7.04166e-05 1.67998e-05 4.17893e-06 1.07005e-06 2.79891e-07 7.44132e-08 2.004e-08 
0.0004397 6.65558e-05 1.33205e-05 2.99588e-06 7.19001e-07 1.79848e-07 4.62934e-08 1.21685e-08 3.25007e-09 8.79034e-10 
1.76e-05 2.53337e-06 4.80546e-07 1.03278e-07 2.38179e-08 5.74203e-09 1.42646e-09 3.62057e-10 9.33868e-11 2.43916e-11 
1e-06 1.503e-07 2.97164e-08 6.80355e-09 1.6807e-09 4.34265e-10 1.15638e-10 3.14671e-11 8.70168e-12 2.4358e-12 
0 0 0 0 0 0 0 0 0 0 
0 0 0 0 0 0 0 0 0 0 
0 0 0 0 0 0 0 0 0 0 
0 0 0 0 0 0 0 0 0 0 
Per-collision Densities:
4.72985e+09 4.73808e+09 4.72985e+09 4.73808e+09 4.72985e+09 4.73808e+09 4.72985e+09 4.73808e+09 4.72985e+09 4.73808e+09 4.72985e+09 4.73808e+09 4.72985e+09 4.73808e+09 4.72985e+09 4.73808e+09 4.72985e+09 4.73808e+09 4.72985e+09 4.73808e+09 6.2104e+14 0 4.72985e+09 4.73808e+09 6.2104e+14 0 4.72985e+09 4.73808e+09 6.2104e+14 0 6.2104e+14 0 6.2104e+14 0 6.2104e+14 0 6.2104e+14 0 4.72985e+09 4.73808e+09 0 0 0 0 0 0 0 0 0 0 0 0 0 0 0 0 0 0 0 0 0 0 0 0 0 0 0 0 0 0 0 0 0 0 0 0 0 0 0 0 0 0 0 0 0 0 0 0 0 0 0 0 0 0 0 0 0 0 0 0 0 0 
0.991618 1.00933 0.994311 0.995725 0.983033 0.97502 0.990069 0.986029 0.969735 0.966873 0.972394 0.964348 0.956874 0.963035 0.969566 0.961385 0.951723 0.948525 0.945865 0.942431 0.957682 0.938559 0.937415 0.93388 0.921827 0.919975 0.926978 0.922164 0.91974 0.916945 0.913006 0.917484 0.901223 0.918629 0.902233 0.90597 0.898395 0.888699 0.893109 0.896813 0.877959 0.875502 0.886578 0.876781 0.887689 0.878565 0.872842 0.864863 0.863617 0.870721 0.859106 0.856783 0.848804 0.850353 0.846515 0.843283 0.841835 0.825103 0.833822 0.834866 0.8383 0.836415 0.835977 0.833553 0.836852 0.826012 0.814868 0.822679 0.811939 0.808 0.812141 0.80056 0.807461 0.804027 0.794634 0.792143 0.799853 0.795173 0.789652 0.783457 0.777936 0.786319 0.779585 0.785511 0.780562 0.771404 0.780663 0.774434 0.766354 0.766691 0.75952 0.770967 0.767836 0.755143 0.756961 0.754571 0.754807 0.755514 0.742956 0.751036 0.732082 0 
0.0333637 0.0317813 0.0334983 0.0347103 0.035148 0.034643 0.036057 0.0355183 0.033936 0.0339023 0.0351817 0.0348787 0.0354847 0.035754 0.0354847 0.0351143 0.0354847 0.0347777 0.036562 0.0356193 0.033936 0.03636 0.0356867 0.0367303 0.0353837 0.035148 0.035653 0.035451 0.034845 0.0381107 0.0349797 0.0372353 0.038279 0.0380433 0.036057 0.0349797 0.0352827 0.036562 0.035855 0.035855 0.0354847 0.0375383 0.0354173 0.0351817 0.035855 0.0338687 0.0342727 0.034946 0.0372353 0.0365283 0.036259 0.0355183 0.0360907 0.036764 0.035956 0.0379087 0.038986 0.0350807 0.0369997 0.0372017 0.0365283 0.0356193 0.0367977 0.0348787 0.035552 0.036764 0.0360233 0.0378077 0.034542 0.034946 0.0379423 0.0365957 0.0359897 0.035754 0.0343737 0.03434 0.0368313 0.0362253 0.036865 0.035249 0.0348787 0.035653 0.0352153 0.034239 0.0356193 0.0355857 0.033734 0.0335993 0.0333637 0.0350133 0.032724 0.0334983 0.033027 0.0341717 0.034643 0.0325557 0.035047 0.0336667 0.033431 0.0335657 0.032118 0 
0.00138033 0.00164967 0.001616 0.001313 0.00127933 0.00117833 0.00124567 0.00138033 0.00144767 0.00104367 0.00178433 0.001414 0.00134667 0.000875333 0.00124567 0.00148133 0.001818 0.00138033 0.00144767 0.00144767 0.001414 0.00148133 0.00168333 0.00154867 0.00178433 0.00158233 0.00117833 0.00175067 0.001212 0.00107733 0.00114467 0.00154867 0.001515 0.00117833 0.00144767 0.00175067 0.00138033 0.001515 0.00154867 0.00158233 0.00158233 0.001919 0.00164967 0.00195267 0.001515 0.00134667 0.001616 0.00117833 0.00138033 0.001414 0.001515 0.00148133 0.00158233 0.00124567 0.00117833 0.00144767 0.00148133 0.00134667 0.00175067 0.001515 0.00124567 0.00158233 0.001212 0.001515 0.00168333 0.00202 0.00168333 0.001313 0.001717 0.00175067 0.00178433 0.00127933 0.001616 0.001616 0.000909 0.00134667 0.00144767 0.00134667 0.00124567 0.00168333 0.00134667 0.00154867 0.001515 0.00154867 0.00168333 0.001313 0.00107733 0.001313 0.00154867 0.00138033 0.00138033 0.001414 0.00148133 0.001616 0.00138033 0.00168333 0.00164967 0.00144767 0.001212 0.00175067 0.00154867 0 
3.36667e-05 3.36667e-05 6.73333e-05 0 0.000101 3.36667e-05 3.36667e-05 0.000134667 6.73333e-05 6.73333e-05 0 0.000101 3.36667e-05 6.73333e-05 0 3.36667e-05 6.73333e-05 0.000101 6.73333e-05 6.73333e-05 6.73333e-05 6.73333e-05 6.73333e-05 3.36667e-05 3.36667e-05 0.000101 6.73333e-05 6.73333e-05 0.000101 3.36667e-05 6.73333e-05 3.36667e-05 3.36667e-05 0.000134667 0.000101 0.000101 3.36667e-05 0.000101 0.000101 6.73333e-05 6.73333e-05 6.73333e-05 0.000134667 3.36667e-05 3.36667e-05 3.36667e-05 6.73333e-05 0.000101 6.73333e-05 6.73333e-05 3.36667e-05 3.36667e-05 3.36667e-05 0 0.000168333 3.36667e-05 6.73333e-05 0.000101 0 3.36667e-05 0.000168333 0.000101 6.73333e-05 0.000134667 3.36667e-05 3.36667e-05 3.36667e-05 0 3.36667e-05 0 3.36667e-05 0 6.73333e-05 0.000134667 3.36667e-05 6.73333e-05 3.36667e-05 0 0.000101 0.000134667 6.73333e-05 3.36667e-05 6.73333e-05 6.73333e-05 3.36667e-05 6.73333e-05 3.36667e-05 0.000101 3.36667e-05 6.73333e-05 6.73333e-05 0.000101 6.73333e-05 0 3.36667e-05 0 0.000101 3.36667e-05 3.36667e-05 0 0 0 
0 0 0 0 0 0 0 0 0 0 0 0 0 0 0 0 3.36667e-05 0 0 0 3.36667e-05 3.36667e-05 0 0 0 3.36667e-05 0 0 0 0 0 0 0 0 0 0 0 0 0 0 0 0 3.36667e-05 0 0 0 0 0 0 0 0 0 0 0 0 3.36667e-05 0 0 0 0 0 0 0 0 0 3.36667e-05 0 0 0 0 3.36667e-05 0 0 0 0 0 0 0 0 0 0 0 0 0 0 0 0 0 3.36667e-05 0 0 0 0 0 0 0 0 0 0 3.36667e-05 0 0 
0 0 0 0 0 0 0 0 0 0 0 0 0 0 0 0 0 0 0 0 0 0 0 0 0 0 0 0 0 0 0 0 0 0 0 0 0 0 0 0 0 0 0 0 0 0 0 0 0 0 0 0 0 0 0 0 0 0 0 0 0 0 0 0 0 0 0 0 0 0 0 0 0 0 0 0 0 0 0 0 0 0 0 0 0 0 0 0 0 0 0 0 0 0 0 0 0 0 0 0 0 0 
0 0 0 0 0 0 0 0 0 0 0 0 0 0 0 0 0 0 0 0 0 0 0 0 0 0 0 0 0 0 0 0 0 0 0 0 0 0 0 0 0 0 0 0 0 0 0 0 0 0 0 0 0 0 0 0 0 0 0 0 0 0 0 0 0 0 0 0 0 0 0 0 0 0 0 0 0 0 0 0 0 0 0 0 0 0 0 0 0 0 0 0 0 0 0 0 0 0 0 0 0 0 
0 0 0 0 0 0 0 0 0 0 0 0 0 0 0 0 0 0 0 0 0 0 0 0 0 0 0 0 0 0 0 0 0 0 0 0 0 0 0 0 0 0 0 0 0 0 0 0 0 0 0 0 0 0 0 0 0 0 0 0 0 0 0 0 0 0 0 0 0 0 0 0 0 0 0 0 0 0 0 0 0 0 0 0 0 0 0 0 0 0 0 0 0 0 0 0 0 0 0 0 0 0 
0 0 0 0 0 0 0 0 0 0 0 0 0 0 0 0 0 0 0 0 0 0 0 0 0 0 0 0 0 0 0 0 0 0 0 0 0 0 0 0 0 0 0 0 0 0 0 0 0 0 0 0 0 0 0 0 0 0 0 0 0 0 0 0 0 0 0 0 0 0 0 0 0 0 0 0 0 0 0 0 0 0 0 0 0 0 0 0 0 0 0 0 0 0 0 0 0 0 0 0 0 0 
