Finite rod, albedo problem, isotropic scattering, exponential random flight, mu_t: 1
Analogmu_t c: 0.282147 rod_length: 2.6 dx: 0.0257426 numsamples: 10000000 numCollisionOrders: 2 numMoments: 2
total albedo R: 0.0815509
total albedo T: 0.109785
per-collision order albedos R: 
0 0.070049 
per-collision order albedos T: 
0.0743076 0.0271862 
Left-moving collision density:
0.0806213 0.0808893 0.0768183 0.0756451 0.0737028 0.0724792 0.070362 0.0683653 0.0670523 0.0660385 0.0646283 0.063428 0.0621577 0.0598114 0.0597532 0.0575972 0.056358 0.0553441 0.0545517 0.0519062 0.0508341 0.0494745 0.0494317 0.0478041 0.0470543 0.0461609 0.044642 0.0445721 0.0423967 0.0421442 0.0395881 0.039254 0.038683 0.0380265 0.0369738 0.0349499 0.0349072 0.0344798 0.0334737 0.0323588 0.0316596 0.0308205 0.0301097 0.0291035 0.0290841 0.0281168 0.0271302 0.0265824 0.0256307 0.0247605 0.0245896 0.024139 0.0231756 0.0222317 0.0219636 0.0210158 0.0204098 0.0196134 0.0192522 0.0189258 0.0181101 0.0180712 0.0172011 0.016327 0.016498 0.0157987 0.015049 0.0143925 0.0137515 0.0137438 0.0131339 0.0127377 0.0121394 0.0114557 0.0112265 0.0109896 0.0103758 0.00960277 0.00921431 0.0088375 0.00869377 0.0080295 0.00720985 0.00694181 0.00685635 0.00637077 0.00592404 0.00550838 0.00512381 0.00454888 0.00436242 0.00377196 0.0033835 0.00296785 0.00283965 0.00228415 0.00172477 0.00137904 0.000978923 0.000567154 0.000221423 0 
Right-moving collision density:
0.990756 0.969985 0.947361 0.926325 0.909019 0.886539 0.866025 0.848435 0.828992 0.812681 0.797745 0.777875 0.761031 0.745112 0.726062 0.714 0.695688 0.684493 0.666957 0.654663 0.641595 0.623333 0.613559 0.599517 0.584576 0.572196 0.561851 0.548267 0.537864 0.523837 0.511973 0.502413 0.495024 0.480123 0.471728 0.463077 0.452228 0.441308 0.428073 0.421116 0.412806 0.403977 0.396899 0.386511 0.379138 0.370379 0.359529 0.354747 0.34866 0.337802 0.332465 0.32374 0.315617 0.311111 0.304305 0.298012 0.290282 0.285364 0.278259 0.27291 0.265999 0.262262 0.254236 0.249416 0.245477 0.239475 0.233741 0.230261 0.22417 0.22011 0.21609 0.210134 0.205624 0.200648 0.197781 0.190999 0.189321 0.184947 0.179865 0.177504 0.172986 0.168029 0.165997 0.160609 0.159153 0.154231 0.152063 0.146807 0.143781 0.14039 0.13872 0.135177 0.1332 0.129668 0.126456 0.124805 0.120435 0.119083 0.116208 0.113598 0.110595 0 
Collision Density Moments:
1.12643 0.956555 
Per-collision Density Moments:
0 0 
0.925692 0.732594 
Per-collision Densities:
5.45685e+08 5.46702e+08 5.45685e+08 5.46702e+08 5.45685e+08 5.46702e+08 5.45685e+08 5.46702e+08 5.45685e+08 5.46702e+08 5.45685e+08 5.46702e+08 5.45685e+08 5.46702e+08 5.45685e+08 5.46702e+08 5.45685e+08 5.46702e+08 5.45685e+08 5.46702e+08 7.16585e+13 0 5.45685e+08 5.46702e+08 7.16585e+13 0 5.45685e+08 5.46702e+08 7.16585e+13 0 7.16585e+13 0 7.16585e+13 0 7.16585e+13 0 7.16585e+13 0 5.45685e+08 5.46702e+08 0 0 0 0 0 0 0 0 0 0 0 0 0 0 0 0 0 0 0 0 0 0 0 0 0 0 0 0 0 0 0 0 0 0 0 0 0 0 0 0 0 0 0 0 0 0 0 0 0 0 0 0 0 0 0 0 0 0 0 0 0 0 
0.988825 0.964018 0.938205 0.913603 0.893275 0.868429 0.843358 0.82308 0.80206 0.782661 0.765258 0.743368 0.724135 0.707124 0.685456 0.672132 0.651885 0.638825 0.620882 0.607527 0.591608 0.572919 0.56156 0.54683 0.530681 0.517909 0.506865 0.492165 0.480857 0.466484 0.454298 0.44421 0.43592 0.420098 0.412251 0.402916 0.391934 0.380956 0.367861 0.361028 0.352102 0.342666 0.335903 0.325566 0.318616 0.309915 0.299469 0.294376 0.288848 0.277874 0.272525 0.265121 0.25734 0.251572 0.245263 0.240252 0.232894 0.228229 0.221621 0.216567 0.209781 0.206036 0.199032 0.194371 0.19014 0.185215 0.180227 0.177344 0.171813 0.167081 0.164424 0.159308 0.155066 0.150148 0.148202 0.142402 0.140382 0.136832 0.132329 0.130616 0.126231 0.122362 0.120854 0.116251 0.114604 0.110855 0.108684 0.103956 0.101994 0.0992247 0.097329 0.094637 0.0925859 0.0904688 0.0872446 0.0864405 0.0829521 0.0813438 0.0790092 0.0771407 0.0744992 0 
