Finite rod, albedo problem, anisotropic scattering, exponential random flight, mu_t: 1 g: 0.7
Analogmu_t c: 0.253932 rod_length: 2.6 dx: 0.0257426 numsamples: 10000000 numCollisionOrders: 2 numMoments: 2
total albedo R: 0.0238665
total albedo T: 0.130346
per-collision order albedos R: 
0 0.0188997 
per-collision order albedos T: 
0.074317 0.0415674 
Left-moving collision density:
0.024376 0.0232028 0.0226434 0.0226667 0.0222588 0.0215441 0.0216101 0.0205807 0.0206623 0.0193027 0.0190968 0.018685 0.0184947 0.0181334 0.0175041 0.0172477 0.016428 0.0165407 0.0164203 0.015857 0.0158104 0.0149208 0.0146295 0.014206 0.0142682 0.0139613 0.0141478 0.0130407 0.0135146 0.0126483 0.012726 0.0123142 0.0120268 0.0116888 0.0113081 0.011277 0.0106205 0.0104147 0.010201 0.0101777 0.00972708 0.00954838 0.00936581 0.00920265 0.00896958 0.00873262 0.00851508 0.008181 0.00809554 0.00790131 0.00765658 0.00755558 0.00725258 0.00670873 0.00670485 0.00666212 0.00657665 0.00656112 0.00596677 0.00592792 0.00555112 0.00576477 0.00524035 0.00531804 0.00533358 0.00483246 0.00447508 0.00436242 0.00432358 0.00416431 0.00406331 0.00402058 0.00381081 0.00367096 0.00353888 0.003434 0.00317373 0.00316208 0.00304165 0.00258327 0.00276196 0.00255219 0.00238127 0.00233465 0.00228804 0.0019695 0.00194231 0.00167815 0.00162765 0.00151112 0.00134408 0.00125085 0.000967269 0.000916769 0.000796346 0.000734192 0.000617654 0.000438962 0.000318538 0.000244731 9.32308e-05 0 
Right-moving collision density:
0.990748 0.972797 0.952045 0.93378 0.91135 0.896185 0.876494 0.85918 0.840584 0.825885 0.811356 0.793817 0.777331 0.761416 0.742735 0.732001 0.714971 0.703873 0.689414 0.676646 0.663182 0.64931 0.637586 0.62002 0.610048 0.597936 0.588333 0.571559 0.563425 0.551332 0.539021 0.531575 0.522737 0.506791 0.499367 0.491124 0.479066 0.467917 0.457623 0.449368 0.441793 0.429541 0.424592 0.416477 0.406715 0.397101 0.390983 0.381768 0.37605 0.366972 0.363344 0.353096 0.346438 0.338964 0.332756 0.326739 0.319304 0.314498 0.307883 0.299535 0.294349 0.290282 0.281895 0.276546 0.272626 0.266694 0.262969 0.25788 0.251339 0.24825 0.242113 0.237428 0.231096 0.224923 0.223564 0.21743 0.214559 0.210022 0.20545 0.201355 0.197203 0.192553 0.192098 0.1861 0.182029 0.178653 0.175421 0.170251 0.167186 0.16456 0.161619 0.158154 0.155664 0.152607 0.148167 0.146019 0.141229 0.139932 0.137745 0.1344 0.131463 0 
Collision Density Moments:
1.13355 1.00177 
Per-collision Density Moments:
0 0 
0.925683 0.7325 
Per-collision Densities:
5.46457e+08 5.46702e+08 5.46457e+08 5.46702e+08 5.46457e+08 5.46702e+08 5.46457e+08 5.46702e+08 5.46457e+08 5.46702e+08 5.46457e+08 5.46702e+08 5.46457e+08 5.46702e+08 5.46457e+08 5.46702e+08 5.46457e+08 5.46702e+08 5.46457e+08 5.46702e+08 7.16585e+13 0 5.46457e+08 5.46702e+08 7.16585e+13 0 5.46457e+08 5.46702e+08 7.16585e+13 0 7.16585e+13 0 7.16585e+13 0 7.16585e+13 0 7.16585e+13 0 5.46457e+08 5.46702e+08 0 0 0 0 0 0 0 0 0 0 0 0 0 0 0 0 0 0 0 0 0 0 0 0 0 0 0 0 0 0 0 0 0 0 0 0 0 0 0 0 0 0 0 0 0 0 0 0 0 0 0 0 0 0 0 0 0 0 0 0 0 0 
0.988075 0.964682 0.938663 0.91567 0.889394 0.869307 0.844881 0.823546 0.801866 0.783317 0.766097 0.744382 0.724811 0.706246 0.684543 0.671479 0.652103 0.637869 0.621597 0.606932 0.591588 0.575269 0.562251 0.543908 0.531959 0.518518 0.507758 0.489337 0.47989 0.467568 0.454772 0.446094 0.436701 0.420222 0.412752 0.403149 0.390276 0.380044 0.368417 0.360255 0.352001 0.340859 0.334912 0.326335 0.317921 0.308516 0.301128 0.293156 0.287228 0.277956 0.27425 0.2661 0.258537 0.250837 0.244952 0.240166 0.233046 0.228295 0.222662 0.215763 0.209315 0.206339 0.198535 0.193691 0.190439 0.185168 0.180949 0.177737 0.171653 0.168111 0.164082 0.160291 0.154608 0.149251 0.147806 0.142946 0.139881 0.13663 0.13266 0.129719 0.126025 0.121363 0.121647 0.117296 0.114041 0.111139 0.108222 0.104955 0.101835 0.0993568 0.0972708 0.0948312 0.0928967 0.0904533 0.0868017 0.0858461 0.082078 0.0807689 0.0797667 0.0774087 0.074604 0 
