Finite rod, albedo problem, isotropic scattering, exponential random flight, mu_t: 3
Analogmu_t c: 0.9 rod_length: 0.3 dx: 0.00588235 numsamples: 10000000 numCollisionOrders: 10 numMoments: 10
total albedo R: 0.266037
total albedo T: 0.648309
per-collision order albedos R: 
0 0.187727 0.0542745 0.0166365 0.0051104 0.0015829 0.0004906 0.0001458 4.71e-05 1.4e-05 
per-collision order albedos T: 
0.406574 0.164612 0.053246 0.0165208 0.0050944 0.0015643 0.0004914 0.0001461 4e-05 1.28e-05 
Left-moving collision density:
0.795889 0.778039 0.753338 0.746929 0.724863 0.718692 0.701012 0.679235 0.66198 0.644453 0.630445 0.608566 0.596139 0.583627 0.567086 0.553962 0.536078 0.520064 0.504594 0.48977 0.475048 0.456416 0.442068 0.424337 0.413593 0.394655 0.37876 0.363579 0.346494 0.335155 0.321147 0.302515 0.287385 0.273088 0.256581 0.242573 0.224162 0.207621 0.191063 0.179724 0.163081 0.14807 0.131257 0.118354 0.10013 0.085459 0.069513 0.054978 0.038046 0.023171 0.00799 
Right-moving collision density:
2.9955 2.96211 2.95703 2.93014 2.89864 2.8839 2.84046 2.83242 2.81256 2.77709 2.77379 2.7395 2.72428 2.71381 2.68982 2.66956 2.63675 2.60593 2.58808 2.57421 2.55855 2.52936 2.50539 2.47537 2.47717 2.44139 2.42287 2.40169 2.37594 2.36932 2.34726 2.32193 2.3067 2.28674 2.26428 2.24981 2.22698 2.20538 2.18168 2.16988 2.14589 2.13585 2.10179 2.0908 2.06448 2.05132 2.03526 2.0198 1.98908 1.97093 1.954 
Collision Density Moments:
0.856078 0.114504 0.0215309 0.0046611 0.00108949 0.00026718 6.77041e-05 1.75686e-05 4.64153e-06 1.24363e-06 
Per-collision Density Moments:
0 0 0 0 0 0 0 0 0 0 
0.593426 0.0758135 0.0139622 0.00298945 0.000694219 0.00016954 4.28412e-05 1.10947e-05 2.92688e-06 7.83339e-07 
0.181733 0.0265894 0.00518428 0.00114295 0.000269964 6.66415e-05 1.69621e-05 4.41537e-06 1.16923e-06 3.13835e-07 
0.0560076 0.00836395 0.00164673 0.000364984 8.64773e-05 2.13872e-05 5.44979e-06 1.41956e-06 3.76043e-07 1.00948e-07 
0.0172474 0.00258696 0.000510568 0.000113343 2.68883e-05 6.65736e-06 1.69821e-06 4.42803e-07 1.17416e-07 3.15503e-08 
0.0053122 0.000795886 0.000156935 3.48002e-05 8.24645e-06 2.03958e-06 5.19748e-07 1.35396e-07 3.58718e-08 9.63145e-09 
0.0016346 0.000246469 4.88168e-05 1.08624e-05 2.58178e-06 6.40373e-07 1.63643e-07 4.27475e-08 1.13565e-08 3.05739e-09 
0.0004916 7.39638e-05 1.45132e-05 3.20031e-06 7.54046e-07 1.85396e-07 4.69548e-08 1.21545e-08 3.19938e-09 8.53419e-10 
0.0001526 2.2994e-05 4.52202e-06 9.99041e-07 2.35867e-07 5.81264e-08 1.47602e-08 3.83192e-09 1.01189e-09 2.70846e-10 
4.87e-05 7.37783e-06 1.48829e-06 3.33332e-07 7.89583e-08 1.93966e-08 4.89204e-09 1.25916e-09 3.29431e-10 8.73575e-11 
Per-collision Densities:
0 0 0 0 0 0 0 0 0 0 0 0 0 0 0 0 0 0 0 0 0 0 0 0 0 0 0 0 0 0 0 0 0 0 0 0 0 0 0 0 0 0 0 0 0 0 0 0 0 0 0 
2.98008 2.91705 2.88235 2.82848 2.77187 2.72835 2.66157 2.6282 2.58492 2.52447 2.50027 2.44196 2.41211 2.37505 2.33231 2.29134 2.24194 2.18931 2.15941 2.1326 2.09389 2.05193 2.01496 1.97069 1.95347 1.90997 1.86986 1.84489 1.80642 1.78945 1.75125 1.71309 1.68978 1.66275 1.633 1.60184 1.5758 1.5469 1.51977 1.49627 1.46763 1.44566 1.41858 1.38934 1.36348 1.34563 1.32134 1.2995 1.27372 1.25202 1.22584 
0.572305 0.581689 0.582046 0.597839 0.59891 0.614873 0.621027 0.622047 0.626008 0.630734 0.630547 0.636361 0.633556 0.64379 0.644963 0.648771 0.652732 0.653582 0.645813 0.649791 0.651695 0.648601 0.64566 0.644062 0.647479 0.642464 0.641597 0.633641 0.630564 0.626603 0.632332 0.625311 0.619684 0.615706 0.609042 0.61183 0.598111 0.592008 0.583848 0.57936 0.574702 0.571999 0.553435 0.560796 0.548131 0.536554 0.533171 0.528003 0.511054 0.507093 0.50269 
0.165563 0.167688 0.170034 0.175117 0.174845 0.179775 0.181186 0.181628 0.181492 0.184059 0.191726 0.187 0.192967 0.194395 0.194922 0.194803 0.191573 0.196928 0.198339 0.196962 0.199138 0.19788 0.200634 0.197251 0.199512 0.193766 0.20009 0.196843 0.196979 0.200413 0.198305 0.196928 0.196299 0.192236 0.193188 0.192559 0.192117 0.189754 0.187493 0.188734 0.183889 0.183617 0.179588 0.180761 0.173927 0.176239 0.17323 0.171105 0.165733 0.162214 0.159868 
0.05032 0.050898 0.0527 0.052139 0.05423 0.056338 0.054043 0.055165 0.056661 0.057171 0.056117 0.057698 0.056083 0.058531 0.058922 0.062339 0.059857 0.060486 0.061166 0.058803 0.060673 0.059772 0.059211 0.060418 0.062951 0.061625 0.061897 0.062866 0.061778 0.062118 0.059959 0.060758 0.061166 0.062152 0.060265 0.058497 0.058412 0.057902 0.055845 0.059449 0.056185 0.05746 0.05644 0.054145 0.055012 0.054502 0.053176 0.052768 0.052972 0.051204 0.050813 
0.015997 0.016116 0.016422 0.016473 0.016643 0.01581 0.016898 0.016524 0.017391 0.017799 0.018003 0.017561 0.017714 0.017714 0.018445 0.018156 0.018615 0.01751 0.018989 0.01785 0.019771 0.018989 0.018819 0.019074 0.019295 0.019363 0.019499 0.018904 0.018156 0.01802 0.018003 0.019635 0.018972 0.018853 0.017459 0.019057 0.018683 0.018292 0.018207 0.017255 0.01768 0.017391 0.017391 0.017068 0.016592 0.016524 0.016388 0.015708 0.016983 0.014739 0.015674 
0.004794 0.004947 0.004845 0.00527 0.00493 0.005134 0.004879 0.005542 0.00544 0.004998 0.005066 0.005202 0.005372 0.005576 0.005338 0.00578 0.005304 0.005678 0.006052 0.005661 0.005882 0.005899 0.005321 0.005729 0.005559 0.006239 0.006069 0.005695 0.006188 0.005559 0.006154 0.005882 0.005508 0.005593 0.005525 0.005848 0.005984 0.005508 0.005253 0.005899 0.005695 0.005185 0.005219 0.004913 0.005372 0.0051 0.004658 0.005474 0.004743 0.005083 0.005338 
0.001581 0.001071 0.001258 0.001122 0.001666 0.001547 0.001173 0.001751 0.001921 0.001751 0.001751 0.001632 0.001734 0.001428 0.001513 0.001615 0.001972 0.001496 0.002091 0.001598 0.001802 0.002074 0.002006 0.00187 0.001649 0.001887 0.00153 0.001683 0.001683 0.001581 0.001666 0.002023 0.001802 0.001904 0.001479 0.001717 0.001258 0.001955 0.001632 0.001734 0.002142 0.001666 0.001479 0.001581 0.001479 0.001513 0.001938 0.00153 0.001377 0.001139 0.001122 
0.00051 0.000357 0.000476 0.000493 0.000255 0.000408 0.000493 0.000578 0.000493 0.000425 0.00051 0.000425 0.000714 0.000612 0.000391 0.000527 0.000544 0.00068 0.000595 0.000425 0.000408 0.000459 0.00068 0.000476 0.000629 0.000544 0.000884 0.000527 0.000459 0.000527 0.000408 0.000527 0.000612 0.000425 0.000612 0.000578 0.000459 0.000374 0.000459 0.000663 0.000646 0.000646 0.000578 0.00034 0.000391 0.000527 0.000561 0.000391 0.000425 0.00034 0.000476 
0.000187 0.000272 0.000187 0.000102 0.000136 0.000255 0.000119 0.00017 0.000187 0.000119 0.00017 0.000119 0.000102 0.000204 8.5e-05 6.8e-05 0.00017 0.000204 0.000102 0.000136 0.000255 0.000119 0.000136 8.5e-05 0.000153 0.00017 0.000102 0.000102 0.000119 0.000136 0.000204 0.000238 0.000153 0.000136 0.000204 0.000306 0.000204 0.000238 0.00017 0.00017 0.000272 0.000204 0.000238 0.000153 0.000102 8.5e-05 0.000221 0.00017 5.1e-05 0.000187 0.000102 
