Finite rod, albedo problem, isotropic scattering, exponential random flight, mu_t: 1
Analogmu_t c: 0.387033 rod_length: 2.6 dx: 0.0257426 numsamples: 10000000 numCollisionOrders: 2 numMoments: 2
total albedo R: 0.119632
total albedo T: 0.128509
per-collision order albedos R: 
0 0.0961733 
per-collision order albedos T: 
0.0741449 0.037257 
Left-moving collision density:
0.118244 0.116406 0.112953 0.111924 0.109131 0.108004 0.103987 0.10147 0.100312 0.0981642 0.0965016 0.0940232 0.0926131 0.0899055 0.0891791 0.0860403 0.0843078 0.0830181 0.0804543 0.078644 0.0765774 0.073831 0.0742505 0.0720285 0.0714692 0.0702805 0.0685829 0.0669941 0.0648614 0.0640379 0.0612021 0.0605612 0.0586227 0.0574185 0.0574146 0.0544545 0.0540311 0.052116 0.0523879 0.0501465 0.0493696 0.0480643 0.0462697 0.0452208 0.0452169 0.0435388 0.0420199 0.04087 0.0404893 0.0388228 0.038279 0.0379566 0.0362901 0.0349305 0.0339748 0.0332678 0.0322967 0.0309759 0.0302961 0.030265 0.028649 0.0284121 0.0277517 0.0260425 0.0259609 0.0249082 0.0237622 0.0229969 0.0218587 0.0213654 0.0211051 0.0203321 0.0194114 0.0183626 0.0178964 0.016968 0.0160978 0.0154064 0.0150917 0.0140895 0.0136156 0.0132465 0.011883 0.011176 0.0110712 0.0101272 0.00941242 0.00885304 0.00826646 0.00741573 0.00651062 0.00596677 0.00541904 0.00490627 0.00423812 0.00370204 0.00283188 0.00215208 0.00162377 0.000943962 0.000314654 0 
Right-moving collision density:
0.993514 0.969398 0.953957 0.932836 0.913976 0.897311 0.876995 0.858881 0.841878 0.821961 0.810688 0.791692 0.777265 0.761711 0.746592 0.732413 0.715449 0.701989 0.689247 0.674451 0.662653 0.647694 0.637512 0.622335 0.608727 0.596712 0.587707 0.573898 0.563246 0.553402 0.539627 0.528984 0.519711 0.508182 0.499068 0.488817 0.4782 0.469456 0.457091 0.449407 0.441409 0.432723 0.426764 0.415238 0.408529 0.397742 0.389145 0.381772 0.376485 0.36778 0.362 0.352039 0.345502 0.34023 0.331851 0.326653 0.318033 0.312696 0.303726 0.300362 0.293308 0.28905 0.280026 0.276107 0.273593 0.268023 0.261388 0.256155 0.25184 0.24691 0.242862 0.234301 0.230614 0.22556 0.22232 0.21621 0.212077 0.210636 0.204385 0.201992 0.197478 0.192397 0.189492 0.183253 0.181043 0.177741 0.174753 0.169222 0.167206 0.162622 0.160213 0.156298 0.154099 0.150847 0.14631 0.144026 0.140433 0.138226 0.135596 0.132854 0.129917 0 
Collision Density Moments:
1.22617 1.07073 
Per-collision Density Moments:
0 0 
0.925855 0.732643 
Per-collision Densities:
5.46165e+08 5.46702e+08 5.46165e+08 5.46702e+08 5.46165e+08 5.46702e+08 5.46165e+08 5.46702e+08 5.46165e+08 5.46702e+08 5.46165e+08 5.46702e+08 5.46165e+08 5.46702e+08 5.46165e+08 5.46702e+08 5.46165e+08 5.46702e+08 5.46165e+08 5.46702e+08 7.16585e+13 0 5.46165e+08 5.46702e+08 7.16585e+13 0 5.46165e+08 5.46702e+08 7.16585e+13 0 7.16585e+13 0 7.16585e+13 0 7.16585e+13 0 7.16585e+13 0 5.46165e+08 5.46702e+08 0 0 0 0 0 0 0 0 0 0 0 0 0 0 0 0 0 0 0 0 0 0 0 0 0 0 0 0 0 0 0 0 0 0 0 0 0 0 0 0 0 0 0 0 0 0 0 0 0 0 0 0 0 0 0 0 0 0 0 0 0 0 
0.990573 0.961217 0.940803 0.914901 0.891317 0.871203 0.845145 0.823694 0.802736 0.779856 0.765277 0.742735 0.724046 0.707548 0.688614 0.672198 0.652569 0.636696 0.622086 0.605705 0.590691 0.57448 0.562632 0.545586 0.531093 0.517955 0.507276 0.49199 0.480333 0.469483 0.455619 0.443207 0.433981 0.420976 0.411552 0.401518 0.389945 0.38119 0.368669 0.36111 0.352746 0.342907 0.336753 0.326133 0.318706 0.308784 0.300498 0.292791 0.288308 0.279253 0.273314 0.264624 0.257577 0.252259 0.245834 0.240042 0.233127 0.227771 0.219722 0.215798 0.209641 0.205329 0.19838 0.193434 0.191154 0.186419 0.181027 0.177123 0.172329 0.167454 0.16529 0.157991 0.155047 0.150238 0.148105 0.142426 0.138898 0.138137 0.132298 0.130205 0.127031 0.122773 0.12026 0.116212 0.114169 0.111384 0.108929 0.104065 0.103137 0.0994073 0.097127 0.0940465 0.092753 0.0907174 0.0867823 0.0858694 0.0829598 0.0815653 0.0792811 0.0768066 0.0745574 0 
