Finite rod, albedo problem, isotropic scattering, exponential random flight, mu_t: 1
Analogmu_t c: 0.205685 rod_length: 2.6 dx: 0.0257426 numsamples: 10000000 numCollisionOrders: 2 numMoments: 2
total albedo R: 0.0568292
total albedo T: 0.098157
per-collision order albedos R: 
0 0.0510213 
per-collision order albedos T: 
0.0742473 0.019762 
Left-moving collision density:
0.0562376 0.0553247 0.0530988 0.05299 0.0510594 0.0503135 0.0482974 0.0474312 0.0470077 0.0454655 0.0448052 0.0439233 0.0429172 0.0412158 0.041107 0.0393783 0.0383878 0.0377857 0.0372185 0.0358861 0.0348955 0.0341069 0.0335359 0.0322617 0.0322617 0.0312129 0.0303505 0.0300747 0.0279692 0.0287539 0.0272312 0.0267572 0.0261396 0.0259531 0.0254714 0.0237039 0.0235874 0.023094 0.0226745 0.0218315 0.0214625 0.0207633 0.0197766 0.0199747 0.0189492 0.0192017 0.01818 0.0177061 0.0171855 0.0169058 0.0164902 0.0164008 0.0154219 0.0147577 0.0145712 0.0140351 0.0138525 0.0131261 0.0127648 0.0127221 0.0120695 0.0119996 0.0111955 0.0106827 0.0110051 0.0104418 0.0101117 0.00950954 0.00874815 0.00884527 0.00861996 0.00858888 0.0079285 0.00758277 0.00747012 0.00692238 0.00680585 0.00626588 0.00608719 0.00597842 0.00571427 0.00524423 0.00469262 0.00457608 0.00438962 0.004141 0.00399338 0.00343788 0.00341846 0.00300669 0.00296785 0.00260269 0.00231523 0.00181023 0.00181023 0.00148781 0.00111877 0.000877923 0.000687577 0.000384577 9.71154e-05 0 
Right-moving collision density:
0.988584 0.967495 0.944233 0.923241 0.902847 0.881439 0.860411 0.842802 0.820178 0.804259 0.787458 0.767239 0.750302 0.735086 0.714695 0.700987 0.684675 0.671009 0.653054 0.639388 0.627346 0.609958 0.598456 0.58359 0.569912 0.556067 0.545031 0.532103 0.520216 0.506507 0.49551 0.484761 0.475562 0.463058 0.455549 0.444155 0.433733 0.423544 0.412406 0.403953 0.392913 0.386519 0.376598 0.370608 0.359187 0.350303 0.342258 0.335949 0.330456 0.320481 0.315637 0.306143 0.299644 0.292376 0.285954 0.278834 0.274032 0.267351 0.261718 0.255076 0.248763 0.244828 0.237428 0.232933 0.230028 0.222577 0.216121 0.213118 0.207124 0.202583 0.199634 0.194277 0.189542 0.18246 0.181676 0.176307 0.174007 0.170286 0.165489 0.161802 0.157983 0.153664 0.151415 0.145918 0.144702 0.139974 0.137721 0.133553 0.130562 0.12707 0.124972 0.121344 0.120431 0.116884 0.113765 0.111605 0.109142 0.107289 0.104438 0.102453 0.0993685 0 
Collision Density Moments:
1.06393 0.885897 
Per-collision Density Moments:
0 0 
0.925753 0.732633 
Per-collision Densities:
5.45259e+08 5.46702e+08 5.45259e+08 5.46702e+08 5.45259e+08 5.46702e+08 5.45259e+08 5.46702e+08 5.45259e+08 5.46702e+08 5.45259e+08 5.46702e+08 5.45259e+08 5.46702e+08 5.45259e+08 5.46702e+08 5.45259e+08 5.46702e+08 5.45259e+08 5.46702e+08 7.16585e+13 0 5.45259e+08 5.46702e+08 7.16585e+13 0 5.45259e+08 5.46702e+08 7.16585e+13 0 7.16585e+13 0 7.16585e+13 0 7.16585e+13 0 7.16585e+13 0 5.45259e+08 5.46702e+08 0 0 0 0 0 0 0 0 0 0 0 0 0 0 0 0 0 0 0 0 0 0 0 0 0 0 0 0 0 0 0 0 0 0 0 0 0 0 0 0 0 0 0 0 0 0 0 0 0 0 0 0 0 0 0 0 0 0 0 0 0 0 
0.987151 0.963043 0.937602 0.914027 0.891717 0.868736 0.844453 0.825158 0.801225 0.782785 0.764582 0.743142 0.724201 0.708158 0.68668 0.671328 0.653695 0.638775 0.620723 0.605674 0.591829 0.573866 0.561995 0.546534 0.531773 0.518076 0.506247 0.492126 0.479851 0.466437 0.455498 0.444097 0.433853 0.421127 0.413816 0.401762 0.391484 0.381652 0.369695 0.361965 0.350412 0.343268 0.334601 0.32806 0.317272 0.30913 0.300223 0.29412 0.288565 0.279032 0.273916 0.266228 0.25896 0.250736 0.245259 0.239219 0.234394 0.228 0.22213 0.216058 0.209851 0.205465 0.199661 0.194627 0.191453 0.184985 0.179376 0.176851 0.171117 0.166549 0.164906 0.159203 0.154561 0.148408 0.147934 0.14288 0.139928 0.137558 0.132477 0.129913 0.12644 0.122229 0.120718 0.115661 0.114348 0.110579 0.108789 0.103987 0.101944 0.0984983 0.0970183 0.0941281 0.0927646 0.0907135 0.0872873 0.0857878 0.0836785 0.0814138 0.0796579 0.0775874 0.074876 0 
