Finite rod, albedo problem, anisotropic scattering, exponential random flight, mu_t: 1 g: 0.7
Analogmu_t c: 0.205685 rod_length: 2.6 dx: 0.0257426 numsamples: 10000000 numCollisionOrders: 2 numMoments: 2
total albedo R: 0.0184639
total albedo T: 0.117107
per-collision order albedos R: 
0 0.0153403 
per-collision order albedos T: 
0.0742382 0.0337232 
Left-moving collision density:
0.0187005 0.0177954 0.0174186 0.0175818 0.0169719 0.016327 0.0160745 0.0160862 0.0158143 0.0148703 0.0146217 0.0143886 0.0139186 0.0138836 0.0134524 0.0133475 0.0126755 0.0124113 0.0124696 0.0119957 0.0121317 0.0111255 0.0112343 0.0107915 0.0106749 0.0104224 0.0105972 0.00992131 0.0101738 0.00950565 0.00942796 0.00932696 0.00871708 0.00884527 0.00874815 0.00827812 0.00811496 0.00776923 0.00758277 0.00767212 0.00740796 0.00701173 0.00694958 0.00683692 0.00665435 0.00646788 0.00642515 0.00605223 0.0060095 0.00575312 0.00597842 0.00559385 0.00522869 0.00494512 0.0048985 0.00507719 0.004747 0.00486354 0.00448673 0.00445954 0.00423423 0.00418373 0.00390792 0.00388462 0.0038885 0.00360881 0.00335631 0.00324365 0.00323977 0.00307662 0.00299892 0.00291346 0.00276585 0.00284742 0.00255996 0.00251335 0.00224142 0.00208992 0.00223754 0.00196562 0.00202 0.00172865 0.00170535 0.00160823 0.00164319 0.00142177 0.00129358 0.00118869 0.001212 0.00106827 0.00100223 0.000955615 0.000722538 0.000648731 0.000578808 0.000539962 0.000489462 0.000275808 0.000205885 0.000202 6.60385e-05 0 
Right-moving collision density:
0.988471 0.970424 0.948138 0.929235 0.908988 0.890948 0.870465 0.852782 0.833382 0.819126 0.801575 0.783096 0.765751 0.750216 0.73197 0.720212 0.704292 0.689741 0.674692 0.662645 0.649624 0.635026 0.622719 0.607356 0.595469 0.58136 0.570475 0.555997 0.5458 0.533272 0.522186 0.512664 0.503365 0.489217 0.481576 0.471818 0.460809 0.451101 0.439657 0.431305 0.422514 0.412958 0.405775 0.398255 0.387762 0.379306 0.372169 0.363219 0.357835 0.347813 0.343823 0.334186 0.328335 0.319828 0.313659 0.307844 0.300607 0.295235 0.289598 0.281083 0.276635 0.271908 0.263835 0.259613 0.255709 0.249777 0.245158 0.239743 0.233174 0.22786 0.225343 0.220743 0.214042 0.207893 0.206304 0.200671 0.198251 0.193232 0.188524 0.184954 0.181847 0.177104 0.176272 0.170616 0.166646 0.163437 0.159537 0.154798 0.152393 0.149659 0.14598 0.143614 0.140631 0.137682 0.133231 0.132054 0.128767 0.126172 0.123896 0.121052 0.118527 0 
Collision Density Moments:
1.0883 0.942073 
Per-collision Density Moments:
0 0 
0.925762 0.732695 
Per-collision Densities:
5.45863e+08 5.46702e+08 5.45863e+08 5.46702e+08 5.45863e+08 5.46702e+08 5.45863e+08 5.46702e+08 5.45863e+08 5.46702e+08 5.45863e+08 5.46702e+08 5.45863e+08 5.46702e+08 5.45863e+08 5.46702e+08 5.45863e+08 5.46702e+08 5.45863e+08 5.46702e+08 7.16585e+13 0 5.45863e+08 5.46702e+08 7.16585e+13 0 5.45863e+08 5.46702e+08 7.16585e+13 0 7.16585e+13 0 7.16585e+13 0 7.16585e+13 0 7.16585e+13 0 5.45863e+08 5.46702e+08 0 0 0 0 0 0 0 0 0 0 0 0 0 0 0 0 0 0 0 0 0 0 0 0 0 0 0 0 0 0 0 0 0 0 0 0 0 0 0 0 0 0 0 0 0 0 0 0 0 0 0 0 0 0 0 0 0 0 0 0 0 0 
0.986187 0.963855 0.937331 0.914501 0.89089 0.869066 0.844834 0.824137 0.802111 0.78484 0.764706 0.743496 0.723444 0.706165 0.685829 0.671685 0.653385 0.637011 0.6208 0.606676 0.592295 0.575964 0.562807 0.546519 0.532596 0.518701 0.506577 0.489632 0.479156 0.466399 0.454978 0.445158 0.435139 0.420292 0.412962 0.402279 0.390843 0.381454 0.369077 0.361145 0.35176 0.342522 0.334846 0.32743 0.317649 0.309472 0.301454 0.293759 0.287939 0.278671 0.273384 0.266407 0.259162 0.250445 0.244513 0.240065 0.232918 0.227658 0.222305 0.215647 0.209637 0.206188 0.198628 0.194472 0.191119 0.185848 0.180774 0.176999 0.171288 0.166945 0.164533 0.159953 0.154037 0.149123 0.147444 0.142344 0.140273 0.136183 0.13257 0.129948 0.126479 0.122218 0.121833 0.117502 0.114064 0.111081 0.108288 0.104667 0.102022 0.0991742 0.0970416 0.0946564 0.0928035 0.0903095 0.0863628 0.0858228 0.0833716 0.0810836 0.0798988 0.0774631 0.0749148 0 
