Finite rod, albedo problem, anisotropic scattering, exponential random flight, mu_t: 1 g: 0.4
Analogmu_t c: 0.8 rod_length: 1.2 dx: 0.0118812 numsamples: 10000000 numCollisionOrders: 2 numMoments: 2
total albedo R: 0.18082
total albedo T: 0.607946
per-collision order albedos R: 
0 0.10922 
per-collision order albedos T: 
0.301264 0.202412 
Left-moving collision density:
0.178198 0.179645 0.176851 0.175555 0.17266 0.170774 0.167264 0.167685 0.167121 0.161853 0.163309 0.159319 0.156171 0.155355 0.153158 0.15235 0.15012 0.148664 0.145659 0.144775 0.141114 0.139851 0.139843 0.137461 0.132933 0.133303 0.131283 0.130896 0.127647 0.125796 0.125173 0.124146 0.121739 0.117724 0.117236 0.114989 0.113667 0.111975 0.111765 0.107388 0.107498 0.104973 0.103719 0.0984413 0.0998385 0.0977764 0.0942414 0.093829 0.091506 0.0906391 0.0884003 0.0874913 0.0843687 0.0828958 0.0805812 0.0801856 0.0770125 0.0755985 0.0755143 0.0728547 0.0709693 0.0685117 0.0663149 0.065145 0.0627715 0.0613323 0.0600108 0.0590513 0.0562907 0.054843 0.0522086 0.0519308 0.0489934 0.0483538 0.0450713 0.0444063 0.0422012 0.0408545 0.0380097 0.0365115 0.0347103 0.0338518 0.0328755 0.0306872 0.0285662 0.0265714 0.0247198 0.0242316 0.0210838 0.0198044 0.0178602 0.0165135 0.0151416 0.0134751 0.0112783 0.00928358 0.00744033 0.00605158 0.00446083 0.00260917 0.00100158 0 
Right-moving collision density:
0.998966 0.993529 0.986669 0.985381 0.980676 0.97789 0.967673 0.964819 0.962985 0.957404 0.947405 0.951647 0.946833 0.935462 0.928931 0.930841 0.922879 0.92282 0.914959 0.914505 0.908815 0.909766 0.90278 0.896257 0.891182 0.881166 0.878237 0.877362 0.874492 0.867935 0.868348 0.863003 0.854081 0.85175 0.848762 0.840354 0.842651 0.833242 0.831499 0.827299 0.820019 0.822738 0.81608 0.808732 0.809852 0.803926 0.799659 0.796562 0.790822 0.790376 0.787346 0.779998 0.777094 0.774519 0.766994 0.759714 0.764654 0.759478 0.756945 0.752829 0.747089 0.743486 0.739682 0.73576 0.72279 0.728269 0.724423 0.721477 0.715745 0.713725 0.706554 0.707673 0.699366 0.700688 0.691244 0.687372 0.689805 0.686606 0.680816 0.678678 0.671263 0.675934 0.668292 0.663477 0.661803 0.656483 0.654951 0.652654 0.645424 0.642469 0.643875 0.637823 0.63444 0.634701 0.627437 0.624988 0.622817 0.619307 0.616319 0.613701 0.608626 0 
Collision Density Moments:
1.05592 0.564751 
Per-collision Density Moments:
0 0 
0.698736 0.337206 
Per-collision Densities:
1.18041e+09 1.18452e+09 1.18041e+09 1.18452e+09 1.18041e+09 1.18452e+09 1.18041e+09 1.18452e+09 1.18041e+09 1.18452e+09 1.18041e+09 1.18452e+09 1.18041e+09 1.18452e+09 1.18041e+09 1.18452e+09 1.18041e+09 1.18452e+09 1.18041e+09 1.18452e+09 1.5526e+14 0 1.18041e+09 1.18452e+09 1.5526e+14 0 1.18041e+09 1.18452e+09 1.5526e+14 0 1.5526e+14 0 1.5526e+14 0 1.5526e+14 0 1.5526e+14 0 1.18041e+09 1.18452e+09 0 0 0 0 0 0 0 0 0 0 0 0 0 0 0 0 0 0 0 0 0 0 0 0 0 0 0 0 0 0 0 0 0 0 0 0 0 0 0 0 0 0 0 0 0 0 0 0 0 0 0 0 0 0 0 0 0 0 0 0 0 0 
0.995355 0.982823 0.969061 0.961369 0.949998 0.940478 0.92335 0.914092 0.907493 0.893463 0.878599 0.876731 0.865259 0.849368 0.836103 0.832695 0.819548 0.815154 0.801957 0.794331 0.786319 0.77993 0.769637 0.758215 0.748082 0.735322 0.72773 0.721191 0.712833 0.704332 0.700267 0.687894 0.676725 0.671709 0.665809 0.652039 0.651938 0.638825 0.63189 0.624222 0.615258 0.612043 0.603728 0.594831 0.591582 0.582038 0.573394 0.568352 0.561476 0.557512 0.549465 0.543287 0.535721 0.529358 0.520706 0.514309 0.514031 0.50654 0.501322 0.493831 0.486694 0.482578 0.476459 0.468211 0.457379 0.457042 0.453473 0.445839 0.441547 0.439367 0.42973 0.429124 0.421549 0.418359 0.408781 0.404564 0.405178 0.401088 0.392604 0.388067 0.383539 0.380661 0.376217 0.368667 0.366403 0.359585 0.357894 0.353062 0.34526 0.343341 0.341287 0.338249 0.332787 0.332307 0.32639 0.324059 0.318638 0.314623 0.308858 0.306459 0.30348 0 
