Finite rod, albedo problem, anisotropic scattering, exponential random flight, mu_t: 1 g: 0.6
Analogmu_t c: 0.8 rod_length: 1.2 dx: 0.0118812 numsamples: 10000000 numCollisionOrders: 2 numMoments: 2
total albedo R: 0.129602
total albedo T: 0.658428
per-collision order albedos R: 
0 0.072786 
per-collision order albedos T: 
0.301192 0.231428 
Left-moving collision density:
0.128396 0.127647 0.127243 0.12609 0.1246 0.123245 0.119483 0.119677 0.120501 0.117 0.117051 0.113086 0.113095 0.110848 0.110502 0.110368 0.107582 0.107422 0.106488 0.104527 0.101581 0.10116 0.0995776 0.0993588 0.0956133 0.0962362 0.094536 0.0942919 0.0916323 0.0909589 0.0905044 0.0894271 0.0878532 0.084335 0.0845033 0.0824665 0.0815407 0.0807411 0.0806569 0.0771388 0.0773492 0.075043 0.0739068 0.0708599 0.0707589 0.0694964 0.0683097 0.0686632 0.0660961 0.0657426 0.0633607 0.0629398 0.0611555 0.0597583 0.058075 0.0579993 0.0556426 0.0545653 0.0542202 0.0527978 0.0508535 0.0488756 0.0466452 0.0460644 0.0454753 0.0445578 0.0431186 0.0430765 0.0400802 0.03939 0.03737 0.0376225 0.0348787 0.0347861 0.0327577 0.0320086 0.0305778 0.0295004 0.0275309 0.0261085 0.0247703 0.0244336 0.0235246 0.0217823 0.0210585 0.0188533 0.0176077 0.0176918 0.0151668 0.0145524 0.0130206 0.011716 0.0111184 0.00952767 0.00801267 0.006767 0.00568967 0.00447767 0.00322358 0.00207892 0.000690167 0 
Right-moving collision density:
0.999311 0.99581 0.987822 0.987199 0.983311 0.97922 0.972622 0.970341 0.9696 0.964323 0.953827 0.959163 0.957068 0.94536 0.939822 0.942919 0.93542 0.933939 0.927677 0.925859 0.922273 0.920531 0.916028 0.909808 0.907098 0.897301 0.895298 0.894035 0.891695 0.88556 0.887874 0.882387 0.87349 0.870511 0.867699 0.860225 0.863592 0.858281 0.855478 0.852061 0.845025 0.848913 0.839403 0.833427 0.836171 0.829942 0.828166 0.824295 0.818571 0.820465 0.816046 0.810542 0.808227 0.8055 0.797706 0.790047 0.795577 0.792539 0.789273 0.785965 0.782304 0.776892 0.772743 0.772187 0.760261 0.765925 0.761818 0.758089 0.753477 0.753856 0.747131 0.748031 0.737788 0.740726 0.731375 0.728841 0.729582 0.727368 0.723202 0.720164 0.714062 0.719314 0.711983 0.707985 0.708002 0.70115 0.699678 0.698322 0.690377 0.687659 0.689174 0.685647 0.683374 0.681296 0.675421 0.673418 0.669327 0.669479 0.665775 0.664664 0.660304 0 
Collision Density Moments:
1.05955 0.579042 
Per-collision Density Moments:
0 0 
0.698809 0.337237 
Per-collision Densities:
1.18114e+09 1.18452e+09 1.18114e+09 1.18452e+09 1.18114e+09 1.18452e+09 1.18114e+09 1.18452e+09 1.18114e+09 1.18452e+09 1.18114e+09 1.18452e+09 1.18114e+09 1.18452e+09 1.18114e+09 1.18452e+09 1.18114e+09 1.18452e+09 1.18114e+09 1.18452e+09 1.5526e+14 0 1.18114e+09 1.18452e+09 1.5526e+14 0 1.18114e+09 1.18452e+09 1.5526e+14 0 1.5526e+14 0 1.5526e+14 0 1.5526e+14 0 1.5526e+14 0 1.18114e+09 1.18452e+09 0 0 0 0 0 0 0 0 0 0 0 0 0 0 0 0 0 0 0 0 0 0 0 0 0 0 0 0 0 0 0 0 0 0 0 0 0 0 0 0 0 0 0 0 0 0 0 0 0 0 0 0 0 0 0 0 0 0 0 0 0 0 
0.995313 0.984152 0.968531 0.960552 0.949644 0.938046 0.924268 0.914976 0.908445 0.893757 0.877648 0.877 0.867026 0.849259 0.836533 0.834462 0.8215 0.814708 0.802302 0.794256 0.786226 0.777389 0.769687 0.756599 0.748991 0.7348 0.729136 0.721342 0.712858 0.704593 0.700873 0.688677 0.67665 0.670817 0.665009 0.651947 0.650196 0.641098 0.631166 0.624963 0.616226 0.613558 0.601817 0.593737 0.592129 0.582349 0.574294 0.568765 0.561215 0.558766 0.549979 0.542867 0.536967 0.528979 0.519754 0.513602 0.513779 0.505749 0.501726 0.493006 0.486795 0.481602 0.475946 0.469701 0.457749 0.45774 0.453339 0.446807 0.441092 0.440318 0.429881 0.429974 0.420875 0.416583 0.408856 0.40639 0.40416 0.401105 0.392772 0.387798 0.383455 0.380484 0.376099 0.368389 0.366782 0.359131 0.358255 0.35244 0.345336 0.343888 0.341111 0.338089 0.333258 0.332164 0.326903 0.323655 0.318184 0.315145 0.309279 0.306644 0.303556 0 
