Finite rod, albedo problem, anisotropic scattering, exponential random flight, mu_t: 1 g: 0.3
Analogmu_t c: 0.8 rod_length: 1.2 dx: 0.0118812 numsamples: 10000000 numCollisionOrders: 2 numMoments: 2
total albedo R: 0.203758
total albedo T: 0.585325
per-collision order albedos R: 
0 0.127331 
per-collision order albedos T: 
0.301291 0.187974 
Left-moving collision density:
0.201689 0.202614 0.199702 0.197691 0.193078 0.191429 0.189181 0.188012 0.187709 0.1835 0.18276 0.179948 0.176599 0.173594 0.172803 0.171304 0.168889 0.167542 0.164142 0.163048 0.159513 0.157072 0.156643 0.154597 0.148546 0.149724 0.147889 0.146198 0.143327 0.142132 0.140828 0.139599 0.136737 0.132058 0.132116 0.129288 0.127437 0.125526 0.125206 0.120661 0.120611 0.117497 0.116562 0.111605 0.112354 0.10956 0.10584 0.10589 0.103197 0.100756 0.0989295 0.0983656 0.0954366 0.0932819 0.0910178 0.0898227 0.0859258 0.085143 0.0843182 0.0818016 0.0799668 0.0776943 0.074134 0.0730483 0.0710872 0.0690756 0.0675606 0.065145 0.0633186 0.0616016 0.0583275 0.0586978 0.0551208 0.0540771 0.0508283 0.0493722 0.0478656 0.0458708 0.0435731 0.0410481 0.0393816 0.037673 0.037168 0.0343737 0.0323958 0.0301148 0.0279938 0.0271858 0.0239959 0.0220433 0.0201916 0.0186177 0.0167997 0.0149985 0.0125745 0.0104283 0.00842508 0.00682592 0.00491533 0.0028785 0.00109417 0 
Right-moving collision density:
0.997888 0.993663 0.986938 0.983664 0.980432 0.976931 0.965047 0.961554 0.961116 0.954416 0.94531 0.946799 0.943769 0.932112 0.923325 0.92553 0.918208 0.917577 0.907283 0.908268 0.903689 0.90193 0.897907 0.889036 0.884171 0.874441 0.870805 0.870856 0.866698 0.859232 0.859687 0.854123 0.84574 0.842273 0.840783 0.830868 0.833301 0.82198 0.82108 0.81709 0.808042 0.811215 0.804583 0.797984 0.798144 0.79136 0.787261 0.783987 0.77908 0.777641 0.774173 0.765967 0.763813 0.759991 0.752324 0.74453 0.75075 0.744883 0.743049 0.739084 0.731004 0.726905 0.72332 0.720669 0.706142 0.711882 0.708305 0.703827 0.698373 0.696589 0.689628 0.690301 0.683299 0.684283 0.673216 0.66846 0.670017 0.668325 0.662611 0.659109 0.652595 0.655238 0.649733 0.644077 0.641704 0.636367 0.635399 0.631418 0.625762 0.621209 0.623347 0.616916 0.613617 0.611277 0.606657 0.603223 0.600411 0.596817 0.593644 0.588864 0.587121 0 
Collision Density Moments:
1.05411 0.558238 
Per-collision Density Moments:
0 0 
0.698709 0.337207 
Per-collision Densities:
1.1813e+09 1.18452e+09 1.1813e+09 1.18452e+09 1.1813e+09 1.18452e+09 1.1813e+09 1.18452e+09 1.1813e+09 1.18452e+09 1.1813e+09 1.18452e+09 1.1813e+09 1.18452e+09 1.1813e+09 1.18452e+09 1.1813e+09 1.18452e+09 1.1813e+09 1.18452e+09 1.5526e+14 0 1.1813e+09 1.18452e+09 1.5526e+14 0 1.1813e+09 1.18452e+09 1.5526e+14 0 1.5526e+14 0 1.5526e+14 0 1.5526e+14 0 1.5526e+14 0 1.1813e+09 1.18452e+09 0 0 0 0 0 0 0 0 0 0 0 0 0 0 0 0 0 0 0 0 0 0 0 0 0 0 0 0 0 0 0 0 0 0 0 0 0 0 0 0 0 0 0 0 0 0 0 0 0 0 0 0 0 0 0 0 0 0 0 0 0 0 
0.994463 0.983546 0.969676 0.960325 0.950974 0.940983 0.922921 0.913343 0.907914 0.89348 0.879037 0.875375 0.865806 0.849713 0.83495 0.832375 0.819438 0.814683 0.799196 0.794517 0.786832 0.778516 0.771017 0.757828 0.747535 0.735659 0.728505 0.721872 0.712361 0.704366 0.699602 0.687532 0.677399 0.671313 0.66628 0.652241 0.651837 0.638 0.632277 0.62498 0.61403 0.612607 0.604115 0.595479 0.591692 0.581171 0.573133 0.568411 0.561375 0.557528 0.549726 0.542151 0.536739 0.529501 0.520495 0.512836 0.514427 0.506709 0.502096 0.494951 0.487106 0.48225 0.476181 0.469297 0.456949 0.457252 0.453684 0.445528 0.441715 0.439527 0.430672 0.428913 0.422003 0.41915 0.408486 0.404093 0.404354 0.400835 0.393471 0.388084 0.384061 0.379752 0.376343 0.369551 0.366411 0.35935 0.357616 0.352532 0.34606 0.342643 0.341548 0.338426 0.332719 0.331575 0.326584 0.32384 0.318613 0.314741 0.308387 0.305677 0.304204 0 
