Finite rod, albedo problem, isotropic scattering, exponential random flight, mu_t: 1
Analogmu_t c: 0.430037 rod_length: 2.6 dx: 0.0257426 numsamples: 10000000 numCollisionOrders: 2 numMoments: 2
total albedo R: 0.136735
total albedo T: 0.137642
per-collision order albedos R: 
0 0.106772 
per-collision order albedos T: 
0.0741838 0.0414488 
Left-moving collision density:
0.135441 0.133242 0.128961 0.128324 0.125042 0.124012 0.119623 0.116775 0.115381 0.112584 0.111077 0.108513 0.10664 0.103859 0.102414 0.0990732 0.0980011 0.0958412 0.0929472 0.0908378 0.0884216 0.0858772 0.0859199 0.0826491 0.0821829 0.081138 0.0790286 0.0777001 0.0752605 0.0742078 0.0710418 0.070362 0.068311 0.067503 0.065817 0.0639913 0.0631056 0.0610467 0.0608642 0.0585567 0.0578808 0.0557403 0.0545555 0.0533397 0.0530017 0.0510827 0.0496493 0.0478934 0.0478274 0.0457647 0.0450732 0.0446226 0.0427308 0.0410643 0.0401475 0.0391647 0.0383955 0.036496 0.0357113 0.0352335 0.0338544 0.0332212 0.0330387 0.031073 0.030335 0.0295697 0.027911 0.0270447 0.0258871 0.0251451 0.0246323 0.0241002 0.0229192 0.0217228 0.02121 0.0203165 0.019155 0.0184014 0.0176595 0.0166805 0.0160978 0.0158337 0.0142099 0.0134291 0.0129008 0.0120035 0.011176 0.0106167 0.00981642 0.00876369 0.00794404 0.00713992 0.00653781 0.00576088 0.00502669 0.00428862 0.00339127 0.002727 0.00196562 0.00107604 0.000380692 0 
Right-moving collision density:
0.994093 0.97021 0.954279 0.934895 0.916326 0.900353 0.880351 0.864645 0.84732 0.829521 0.818543 0.799967 0.783667 0.767604 0.753848 0.73925 0.722989 0.710496 0.699169 0.682574 0.670535 0.657747 0.645802 0.632124 0.620074 0.607876 0.598072 0.586134 0.574298 0.56452 0.550314 0.539604 0.532592 0.519967 0.510318 0.501729 0.491179 0.480375 0.46958 0.462359 0.454415 0.446439 0.441463 0.427719 0.422467 0.410713 0.402947 0.394471 0.387922 0.381283 0.374166 0.36515 0.359148 0.352463 0.343928 0.339682 0.332038 0.325814 0.318364 0.313018 0.305385 0.30246 0.292985 0.288736 0.285873 0.280582 0.273104 0.269293 0.263781 0.257962 0.253864 0.24583 0.242928 0.237738 0.23338 0.22798 0.224539 0.222414 0.215666 0.212916 0.208783 0.203927 0.200015 0.193438 0.191391 0.188427 0.184892 0.179943 0.177915 0.172675 0.171086 0.166514 0.163678 0.160843 0.157001 0.153912 0.150665 0.146912 0.145094 0.141237 0.138828 0 
Collision Density Moments:
1.27208 1.12404 
Per-collision Density Moments:
0 0 
0.925816 0.732739 
Per-collision Densities:
5.45759e+08 5.46702e+08 5.45759e+08 5.46702e+08 5.45759e+08 5.46702e+08 5.45759e+08 5.46702e+08 5.45759e+08 5.46702e+08 5.45759e+08 5.46702e+08 5.45759e+08 5.46702e+08 5.45759e+08 5.46702e+08 5.45759e+08 5.46702e+08 5.45759e+08 5.46702e+08 7.16585e+13 0 5.45759e+08 5.46702e+08 7.16585e+13 0 5.45759e+08 5.46702e+08 7.16585e+13 0 7.16585e+13 0 7.16585e+13 0 7.16585e+13 0 7.16585e+13 0 5.45759e+08 5.46702e+08 0 0 0 0 0 0 0 0 0 0 0 0 0 0 0 0 0 0 0 0 0 0 0 0 0 0 0 0 0 0 0 0 0 0 0 0 0 0 0 0 0 0 0 0 0 0 0 0 0 0 0 0 0 0 0 0 0 0 0 0 0 0 
0.990713 0.960887 0.939452 0.9144 0.890533 0.8709 0.844313 0.824444 0.803331 0.781814 0.766629 0.74432 0.723381 0.706021 0.687985 0.670889 0.651928 0.636584 0.622914 0.604598 0.58897 0.574562 0.561424 0.545012 0.531349 0.518686 0.506682 0.492954 0.479894 0.469821 0.454655 0.442135 0.434619 0.420855 0.41119 0.401801 0.390175 0.379919 0.368949 0.361463 0.352809 0.343874 0.337826 0.325818 0.320143 0.308609 0.301116 0.292146 0.286972 0.279956 0.272968 0.264861 0.25837 0.252434 0.245135 0.239972 0.23378 0.227926 0.221279 0.215794 0.209513 0.205492 0.199044 0.193998 0.19082 0.187145 0.18091 0.177337 0.172461 0.167167 0.164405 0.157521 0.155167 0.150451 0.147911 0.14283 0.139135 0.137892 0.132291 0.12989 0.126976 0.122851 0.120151 0.116037 0.113912 0.111469 0.108859 0.104446 0.103552 0.0992675 0.0978224 0.0939339 0.0923257 0.0902435 0.0872329 0.0858966 0.083057 0.0812467 0.0794365 0.0772067 0.0741612 0 
