Finite rod, albedo problem, anisotropic scattering, exponential random flight, mu_t: 1 g: 0.7
Analogmu_t c: 0.8991 rod_length: 2.6 dx: 0.0257426 numsamples: 10000000 numCollisionOrders: 2 numMoments: 2
total albedo R: 0.20684
total albedo T: 0.565384
per-collision order albedos R: 
0 0.067042 
per-collision order albedos T: 
0.0742678 0.147602 
Left-moving collision density:
0.204867 0.203127 0.201359 0.199537 0.1962 0.195505 0.191951 0.19178 0.189293 0.183715 0.184659 0.182954 0.178793 0.178044 0.175173 0.173207 0.169921 0.167248 0.166735 0.164673 0.163181 0.159646 0.157001 0.1577 0.153691 0.15286 0.149585 0.147017 0.146046 0.143537 0.141722 0.140122 0.135111 0.135798 0.132586 0.130368 0.128375 0.127338 0.124634 0.122268 0.120881 0.119025 0.116131 0.113979 0.11185 0.111337 0.109597 0.106679 0.105829 0.101936 0.100118 0.0980982 0.0956858 0.094874 0.0926442 0.0891558 0.0895753 0.0859898 0.0827035 0.082047 0.0797045 0.0789665 0.077735 0.0739631 0.0717566 0.0704125 0.0692588 0.0657471 0.0641622 0.0631677 0.0599008 0.0578186 0.056055 0.0550217 0.0526637 0.0503291 0.0478468 0.0466387 0.0443079 0.0428123 0.0405826 0.038683 0.0368223 0.0342817 0.0329415 0.030906 0.0281596 0.0265785 0.0249392 0.0223637 0.020942 0.0186267 0.0167272 0.0150063 0.0126561 0.0112265 0.00890742 0.00708554 0.00490238 0.00290569 0.00112654 0 
Right-moving collision density:
1.00016 0.993856 0.986933 0.979766 0.972121 0.968089 0.96342 0.962821 0.955068 0.952589 0.944443 0.940318 0.931274 0.932723 0.925078 0.923525 0.915274 0.909781 0.905931 0.900341 0.896954 0.886854 0.886158 0.880518 0.875744 0.871642 0.866436 0.86026 0.858554 0.849394 0.849511 0.843587 0.838354 0.83506 0.827854 0.824179 0.822008 0.819265 0.810816 0.807782 0.799586 0.796024 0.792473 0.788262 0.784401 0.777389 0.774126 0.770894 0.766885 0.766745 0.757461 0.754202 0.750461 0.746227 0.742199 0.733905 0.734441 0.730397 0.725712 0.718533 0.71886 0.712582 0.706277 0.704184 0.699549 0.699406 0.693955 0.688579 0.68511 0.682084 0.676921 0.672742 0.667086 0.665279 0.660078 0.657887 0.654259 0.647573 0.646249 0.640732 0.640146 0.63529 0.630877 0.627342 0.624941 0.620509 0.621014 0.616477 0.610075 0.60546 0.605208 0.599757 0.594987 0.591021 0.588057 0.584681 0.585384 0.582156 0.5745 0.569683 0.567542 0 
Collision Density Moments:
2.25709 2.575 
Per-collision Density Moments:
0 0 
0.925732 0.732951 
Per-collision Densities:
5.46448e+08 5.46702e+08 5.46448e+08 5.46702e+08 5.46448e+08 5.46702e+08 5.46448e+08 5.46702e+08 5.46448e+08 5.46702e+08 5.46448e+08 5.46702e+08 5.46448e+08 5.46702e+08 5.46448e+08 5.46702e+08 5.46448e+08 5.46702e+08 5.46448e+08 5.46702e+08 7.16585e+13 0 5.46448e+08 5.46702e+08 7.16585e+13 0 5.46448e+08 5.46702e+08 7.16585e+13 0 7.16585e+13 0 7.16585e+13 0 7.16585e+13 0 7.16585e+13 0 5.46448e+08 5.46702e+08 0 0 0 0 0 0 0 0 0 0 0 0 0 0 0 0 0 0 0 0 0 0 0 0 0 0 0 0 0 0 0 0 0 0 0 0 0 0 0 0 0 0 0 0 0 0 0 0 0 0 0 0 0 0 0 0 0 0 0 0 0 0 
0.989959 0.963987 0.93789 0.912115 0.887285 0.866098 0.843156 0.827213 0.802111 0.785566 0.762523 0.743838 0.720417 0.708736 0.689449 0.674428 0.65394 0.636696 0.62061 0.603805 0.591666 0.572103 0.561723 0.546072 0.531718 0.519051 0.504825 0.492515 0.48034 0.466344 0.455801 0.445154 0.432575 0.423174 0.410421 0.401281 0.391383 0.381679 0.370293 0.362536 0.349662 0.343078 0.334827 0.32604 0.318131 0.306655 0.301784 0.293549 0.286945 0.280974 0.273815 0.265385 0.260328 0.251319 0.246545 0.237331 0.23357 0.228112 0.222429 0.215068 0.211723 0.205333 0.199863 0.194359 0.190972 0.185976 0.181031 0.176167 0.171933 0.167435 0.163259 0.159044 0.153842 0.150133 0.147639 0.142837 0.140363 0.1352 0.132939 0.129742 0.125263 0.123515 0.1196 0.116989 0.113621 0.110622 0.108629 0.106341 0.102503 0.0999007 0.0977175 0.0956625 0.0924267 0.0902785 0.0882196 0.0859238 0.083694 0.0822295 0.079421 0.0767794 0.0759831 0 
