Finite rod, albedo problem, isotropic scattering, exponential random flight, mu_t: 3
Analogmu_t c: 0.7 rod_length: 1 dx: 0.0196078 numsamples: 10000000 numCollisionOrders: 10 numMoments: 10
total albedo R: 0.282097
total albedo T: 0.177411
per-collision order albedos R: 
0 0.174583 0.0601634 0.0252748 0.0115505 0.0054345 0.0026109 0.001282 0.0006182 0.0002882 
per-collision order albedos T: 
0.0498317 0.0522433 0.0350577 0.0197566 0.0102816 0.0051832 0.0025752 0.0012687 0.0006212 0.0003018 
Left-moving collision density:
0.835043 0.804199 0.777204 0.747813 0.726373 0.696844 0.671828 0.649893 0.624403 0.601213 0.577677 0.558445 0.53905 0.516008 0.496332 0.476457 0.459653 0.442563 0.423499 0.407995 0.390237 0.37562 0.359111 0.341476 0.327884 0.308744 0.298783 0.282836 0.268479 0.253807 0.23971 0.230617 0.213777 0.200909 0.190475 0.176802 0.164516 0.153362 0.140842 0.127168 0.117667 0.105432 0.0934626 0.0822375 0.0711042 0.0605268 0.0501432 0.0383724 0.0278868 0.0163302 0.0054468 
Right-moving collision density:
2.9524 2.86043 2.76665 2.6778 2.59264 2.51211 2.42733 2.35694 2.27821 2.20859 2.12762 2.0651 1.99498 1.93327 1.87233 1.80657 1.74857 1.69348 1.64437 1.58673 1.52906 1.48578 1.43942 1.39429 1.34236 1.30353 1.26105 1.2144 1.18094 1.13553 1.10016 1.06019 1.02275 0.991965 0.963798 0.931189 0.896478 0.866923 0.833314 0.807825 0.784064 0.754096 0.724593 0.699215 0.675118 0.655727 0.62884 0.604681 0.582945 0.562826 0.539544 
Collision Density Moments:
1.80049 0.635536 0.348201 0.230495 0.169175 0.132381 0.108156 0.0911302 0.0785719 0.0689589 
Per-collision Density Moments:
0 0 0 0 0 0 0 0 0 0 
0.950168 0.266833 0.128089 0.0783154 0.054666 0.0413746 0.0330325 0.0273758 0.0233163 0.0202748 
0.438112 0.175177 0.0998826 0.0671358 0.0495986 0.0389276 0.031849 0.0268529 0.0231587 0.0203269 
0.211289 0.095914 0.0584699 0.0408751 0.0309568 0.0247031 0.0204468 0.0173848 0.0150873 0.0133059 
0.102793 0.0492018 0.0308756 0.021969 0.0168308 0.0135371 0.011268 0.00962061 0.00837574 0.00740505 
0.0501785 0.0245984 0.0156394 0.0112182 0.00864044 0.00697528 0.00582139 0.00497978 0.0043415 0.00384236 
0.0245501 0.0121451 0.00776097 0.00558538 0.0043127 0.00348881 0.00291702 0.00249948 0.0021825 0.00193438 
0.011983 0.0059627 0.00382083 0.00275351 0.00212759 0.00172185 0.00144008 0.00123426 0.001078 0.000955671 
0.0058607 0.00292509 0.00187579 0.00135178 0.00104393 0.000844104 0.000705204 0.000603705 0.000526647 0.000466356 
0.0028432 0.00142338 0.000915109 0.000660608 0.000510793 0.000413373 0.000345543 0.000295897 0.000258147 0.000228569 
Per-collision Densities:
0 0 0 0 0 0 0 0 0 0 0 0 0 0 0 0 0 0 0 0 0 0 0 0 0 0 0 0 0 0 0 0 0 0 0 0 0 0 0 0 0 0 0 0 0 0 0 0 0 0 0 
2.91364 2.75027 2.59091 2.44201 2.30321 2.17457 2.047 1.9328 1.82267 1.71675 1.61431 1.52705 1.43452 1.35637 1.278 1.20488 1.13485 1.06984 1.01243 0.952711 0.893015 0.847192 0.799134 0.75379 0.707186 0.671344 0.632614 0.593212 0.563361 0.52837 0.499657 0.469174 0.443139 0.416889 0.397438 0.372657 0.352349 0.331321 0.310315 0.293383 0.278404 0.259641 0.245881 0.231055 0.21903 0.205974 0.1933 0.181917 0.172492 0.162598 0.153974 
0.541498 0.564111 0.585837 0.601825 0.615886 0.623225 0.629396 0.638953 0.632757 0.633823 0.6273 0.62449 0.620073 0.610577 0.603876 0.588841 0.57985 0.569211 0.558113 0.544853 0.529456 0.518277 0.506976 0.49163 0.477967 0.460117 0.449009 0.432358 0.421438 0.402727 0.392062 0.378685 0.363492 0.351385 0.33892 0.327966 0.311758 0.302124 0.288543 0.277389 0.267362 0.255933 0.241816 0.231846 0.218989 0.211012 0.201159 0.18872 0.178276 0.170814 0.161007 
0.185436 0.19559 0.204862 0.214011 0.222319 0.227307 0.233432 0.238405 0.245529 0.252613 0.2522 0.256515 0.258667 0.258891 0.262069 0.261242 0.262675 0.260768 0.262395 0.259304 0.258789 0.25731 0.251812 0.251058 0.247161 0.24403 0.241092 0.235518 0.232024 0.22874 0.220575 0.217811 0.211196 0.207759 0.203327 0.197554 0.191617 0.185584 0.180469 0.173701 0.168351 0.162833 0.155545 0.150792 0.145013 0.140576 0.132875 0.12647 0.121003 0.114367 0.10658 
0.0786012 0.0826914 0.0859605 0.0880617 0.095013 0.0979812 0.100016 0.104443 0.108212 0.108936 0.112843 0.113633 0.115581 0.117162 0.117718 0.118585 0.119947 0.122206 0.122303 0.121773 0.122308 0.122635 0.12418 0.122553 0.122349 0.120804 0.120788 0.119508 0.117774 0.115107 0.114082 0.114322 0.109854 0.109206 0.107488 0.104667 0.10176 0.100807 0.0969663 0.0949824 0.0928608 0.0905046 0.0853587 0.0821712 0.0805494 0.0781575 0.0748476 0.0710073 0.0683808 0.0648261 0.0599607 
0.0357867 0.0377247 0.0392853 0.0410397 0.0425697 0.0442272 0.0470322 0.0482154 0.0489192 0.0508521 0.0520863 0.0524841 0.0539274 0.0548352 0.0555135 0.0566406 0.0574974 0.0590223 0.0581196 0.0592467 0.0598179 0.0590784 0.0592059 0.0597261 0.0589764 0.0586908 0.0596904 0.0586704 0.0583032 0.0585327 0.0576147 0.0566814 0.0548556 0.054009 0.0542997 0.0536061 0.0524943 0.0504594 0.0492303 0.0487203 0.0481542 0.0454869 0.0452931 0.0435744 0.0415752 0.040698 0.0389538 0.0376023 0.0352257 0.0335427 0.0313089 
0.0169677 0.0178806 0.0188904 0.0201858 0.0203847 0.0213792 0.0219504 0.022746 0.0231234 0.0240669 0.0242301 0.0253521 0.026928 0.0268617 0.0262497 0.027285 0.0274992 0.028356 0.027999 0.0293352 0.0287079 0.0291516 0.0292689 0.0286875 0.0289068 0.0294321 0.028968 0.030243 0.0287283 0.0283764 0.0284937 0.0273972 0.0273819 0.0273513 0.0269382 0.0258927 0.025602 0.0257142 0.0243984 0.0241281 0.0234753 0.0230265 0.0221136 0.0212925 0.0208386 0.0200124 0.0198237 0.0188598 0.0178704 0.0169473 0.0163557 
0.008007 0.0082977 0.0094962 0.0095472 0.0099501 0.010608 0.0104142 0.0111894 0.0111486 0.0114954 0.0113781 0.0121074 0.0125358 0.0127857 0.0127806 0.013209 0.0131427 0.0136527 0.0137292 0.0144024 0.0139893 0.0141321 0.01428 0.014076 0.0143361 0.0144483 0.0141423 0.014484 0.0141066 0.0139638 0.0140658 0.0137649 0.0139179 0.0136374 0.0131529 0.0128826 0.0129948 0.0123165 0.0121482 0.0116178 0.0116892 0.0107916 0.0110058 0.0106437 0.0105264 0.0100419 0.009231 0.0092871 0.0092463 0.0082263 0.008109 
0.003774 0.0040188 0.0044625 0.0045135 0.0050643 0.0050694 0.0048909 0.0053295 0.0052785 0.0056712 0.0057477 0.006069 0.0062679 0.0062526 0.0063495 0.0064464 0.0066147 0.0066147 0.0065841 0.0068544 0.0068085 0.0067524 0.0069615 0.0071298 0.0068238 0.0068799 0.0070839 0.0070023 0.0069513 0.0069768 0.0068034 0.0065484 0.0066504 0.0064923 0.0065331 0.0067881 0.0064668 0.005865 0.0061302 0.0057273 0.0057936 0.0059109 0.00561 0.0050847 0.004947 0.0050643 0.0042636 0.0047787 0.0042738 0.0039117 0.0040086 
0.0018819 0.0019686 0.0022338 0.0022848 0.0023256 0.0023766 0.0025449 0.0023154 0.0025347 0.002856 0.0027183 0.0030192 0.0028866 0.002754 0.0031365 0.0030753 0.0030549 0.0033303 0.0032028 0.0032742 0.0032895 0.0034119 0.0034425 0.0035088 0.0033609 0.0034731 0.0032589 0.0032844 0.0034629 0.0034068 0.0031824 0.0032283 0.0032997 0.00306 0.003111 0.003009 0.0030447 0.0032436 0.0030804 0.0026622 0.00306 0.0026265 0.0028713 0.0023664 0.0024837 0.0024939 0.0023562 0.0021879 0.00204 0.00204 0.0018819 
