Finite rod, albedo problem, isotropic scattering, exponential random flight, mu_t: 1
Analogmu_t c: 0.7 rod_length: 5.7665 dx: 0.19802 numsamples: 10000000 numCollisionOrders: 2 numMoments: 2
total albedo R: 0.29143
total albedo T: 0.0389674
per-collision order albedos R: 
0 0.174814 
per-collision order albedos T: 
0.0031342 0.006307 
Left-moving collision density:
0.277116 0.248449 0.222533 0.19916 0.178206 0.159975 0.143429 0.12834 0.115052 0.102736 0.0920969 0.0821019 0.0731861 0.0653627 0.0583755 0.0516469 0.0453813 0.040597 0.0355116 0.0309191 0.0269488 0.0229669 0.0193996 0.0159373 0.0130229 0.00990053 0.00704122 0.00440461 0.00164428 2.424e-05 
Right-moving collision density:
0.948397 0.851173 0.762704 0.684148 0.613587 0.551197 0.494131 0.443553 0.396995 0.355744 0.320346 0.286715 0.256747 0.23117 0.206634 0.185342 0.166349 0.148762 0.133551 0.119736 0.106598 0.095901 0.0854677 0.0764131 0.0680725 0.0605212 0.053837 0.0475836 0.0418776 0.00469095 
Collision Density Moments:
2.23157 3.42881 
Per-collision Density Moments:
0 0 
0.996866 0.978643 
Per-collision Densities:
0.948397 0.851173 0.762704 0.684148 0.613587 0.551197 0.494131 0.443553 0.396995 0.355744 0.320346 0.286715 0.256747 0.23117 0.206634 0.185342 0.166349 0.148762 0.133551 0.119736 0.106598 0.095901 0.0854677 0.0764131 0.0680725 0.0605212 0.053837 0.0475836 0.0418776 0.00469095 
0.907774 0.7453 0.609794 0.500697 0.410425 0.337071 0.276188 0.227081 0.185909 0.15259 0.12564 0.102729 0.0839653 0.0691335 0.0566459 0.0465034 0.0381517 0.0312166 0.025756 0.0211873 0.0172261 0.0142935 0.0115877 0.00957682 0.00786689 0.00644128 0.00520958 0.00427331 0.00357136 0.000368145 
