Finite rod, albedo problem, anisotropic scattering, exponential random flight, mu_t: 1 g: 0.7
Analogmu_t c: 0.282147 rod_length: 2.6 dx: 0.0257426 numsamples: 10000000 numCollisionOrders: 2 numMoments: 2
total albedo R: 0.0272715
total albedo T: 0.138874
per-collision order albedos R: 
0 0.0209951 
per-collision order albedos T: 
0.0743245 0.0462601 
Left-moving collision density:
0.0274837 0.0266407 0.0259609 0.0255064 0.025386 0.0246634 0.0244226 0.0232766 0.0236262 0.0221268 0.0219714 0.0216101 0.0214431 0.0206662 0.0202388 0.0201378 0.0191201 0.0191783 0.0188132 0.0180945 0.0182965 0.0171312 0.0170068 0.0162649 0.0165213 0.0161794 0.0164203 0.0151733 0.0153365 0.0146605 0.0146372 0.0141866 0.013938 0.0137088 0.0132388 0.0131572 0.0123298 0.0119102 0.0120151 0.0120112 0.0113625 0.0112498 0.0109158 0.0107138 0.0106905 0.0101466 0.0100883 0.0095445 0.00939688 0.00926092 0.00902396 0.00873262 0.00824315 0.00807223 0.00795958 0.00766046 0.00783915 0.0076255 0.00695735 0.00696123 0.00659219 0.00674758 0.00630085 0.00618042 0.00610662 0.00577254 0.00545788 0.00515488 0.00515877 0.00490238 0.00480915 0.00463435 0.00449838 0.00428085 0.00409438 0.00394288 0.00372535 0.00372923 0.00340292 0.00315819 0.00330192 0.00313488 0.00288627 0.00278527 0.00256385 0.0023735 0.00222977 0.00195785 0.00184908 0.00184908 0.00165485 0.00151888 0.00114596 0.00114208 0.000940077 0.000866269 0.000738077 0.000505 0.000396231 0.000283577 0.000112654 0 
Right-moving collision density:
0.990872 0.973263 0.954683 0.933224 0.915969 0.899405 0.879625 0.864082 0.845156 0.830504 0.817276 0.799687 0.781961 0.768082 0.749875 0.739382 0.721595 0.710764 0.694997 0.685526 0.672155 0.656527 0.646062 0.630372 0.618563 0.607973 0.598231 0.582595 0.572468 0.561743 0.549436 0.541329 0.532503 0.518223 0.509506 0.50169 0.489897 0.479039 0.470066 0.460638 0.453521 0.442217 0.43592 0.427991 0.419142 0.409167 0.402372 0.393069 0.38756 0.378517 0.375098 0.364742 0.357649 0.350497 0.344406 0.338408 0.33022 0.325566 0.319024 0.311084 0.307168 0.301753 0.29278 0.287745 0.283526 0.277051 0.273803 0.268878 0.26246 0.25856 0.252613 0.247819 0.242167 0.236655 0.233714 0.227615 0.224197 0.220425 0.216447 0.211871 0.206933 0.20247 0.200862 0.194646 0.191651 0.188555 0.185716 0.178883 0.17689 0.174404 0.170037 0.167979 0.164964 0.161348 0.157245 0.156134 0.150556 0.148155 0.146097 0.142861 0.139648 0 
Collision Density Moments:
1.16136 1.03885 
Per-collision Density Moments:
0 0 
0.925675 0.732491 
Per-collision Densities:
5.44744e+08 5.46702e+08 5.44744e+08 5.46702e+08 5.44744e+08 5.46702e+08 5.44744e+08 5.46702e+08 5.44744e+08 5.46702e+08 5.44744e+08 5.46702e+08 5.44744e+08 5.46702e+08 5.44744e+08 5.46702e+08 5.44744e+08 5.46702e+08 5.44744e+08 5.46702e+08 7.16585e+13 0 5.44744e+08 5.46702e+08 7.16585e+13 0 5.44744e+08 5.46702e+08 7.16585e+13 0 7.16585e+13 0 7.16585e+13 0 7.16585e+13 0 7.16585e+13 0 5.44744e+08 5.46702e+08 0 0 0 0 0 0 0 0 0 0 0 0 0 0 0 0 0 0 0 0 0 0 0 0 0 0 0 0 0 0 0 0 0 0 0 0 0 0 0 0 0 0 0 0 0 0 0 0 0 0 0 0 0 0 0 0 0 0 0 0 0 0 
0.987893 0.96429 0.940007 0.913223 0.891119 0.869587 0.844298 0.824374 0.801482 0.783216 0.766641 0.744914 0.723463 0.706425 0.68485 0.672171 0.651671 0.637104 0.619278 0.607791 0.591681 0.574352 0.562096 0.545517 0.531427 0.518114 0.508022 0.490316 0.479195 0.467296 0.454861 0.444987 0.436281 0.420809 0.412212 0.403604 0.390555 0.379842 0.369637 0.360788 0.352276 0.342153 0.334916 0.325686 0.318795 0.308971 0.300957 0.29304 0.287454 0.277964 0.273698 0.266166 0.258564 0.250927 0.24475 0.240477 0.232642 0.228058 0.222099 0.215934 0.210527 0.206596 0.198853 0.193194 0.190544 0.184873 0.180965 0.17748 0.171766 0.167357 0.163371 0.160186 0.15521 0.150288 0.147814 0.142966 0.139446 0.136354 0.132714 0.130333 0.125776 0.121608 0.121247 0.115948 0.114122 0.111143 0.108727 0.104213 0.101796 0.0994462 0.096824 0.0950099 0.0929511 0.0901075 0.0869416 0.0867707 0.0825287 0.0807689 0.0795919 0.0772378 0.0744292 0 
