Finite rod, albedo problem, anisotropic scattering, exponential random flight, mu_t: 1 g: 0.5
Analogmu_t c: 0.8 rod_length: 1.2 dx: 0.0118812 numsamples: 10000000 numCollisionOrders: 2 numMoments: 2
total albedo R: 0.156157
total albedo T: 0.632263
per-collision order albedos R: 
0 0.0909523 
per-collision order albedos T: 
0.301212 0.21697 
Left-moving collision density:
0.154985 0.154219 0.153369 0.150776 0.149261 0.148537 0.143967 0.14496 0.144514 0.140811 0.141467 0.137065 0.135113 0.133977 0.132739 0.131452 0.129709 0.129432 0.12689 0.125585 0.122109 0.121234 0.120443 0.119424 0.114509 0.11567 0.113751 0.113027 0.109619 0.108929 0.108179 0.106976 0.105579 0.101303 0.101581 0.0990305 0.0988453 0.0968001 0.0963035 0.0930547 0.0927685 0.0913124 0.0890315 0.0857069 0.0865823 0.0840488 0.0819194 0.0822561 0.0795207 0.0782245 0.0762045 0.0756238 0.0734102 0.0719288 0.0693786 0.0701277 0.0670808 0.0656163 0.0654648 0.0635795 0.061004 0.0592618 0.0566526 0.055752 0.0547168 0.0532691 0.0521749 0.0512491 0.0482864 0.0477646 0.0450376 0.0455089 0.0419739 0.0421928 0.0390028 0.0383884 0.0367135 0.0353584 0.0324294 0.0313268 0.029896 0.0294583 0.0284904 0.0265041 0.0248713 0.0228597 0.0212773 0.0209659 0.0182137 0.0173888 0.0154025 0.0139464 0.0131973 0.0115982 0.009797 0.00808842 0.00648925 0.00531933 0.00387167 0.00239033 0.000900583 0 
Right-moving collision density:
0.999176 0.995103 0.986846 0.986055 0.981139 0.978606 0.969911 0.968565 0.965291 0.960241 0.950301 0.955393 0.951925 0.94063 0.934654 0.937129 0.928948 0.928619 0.921583 0.919521 0.914639 0.91474 0.909412 0.903916 0.899725 0.888548 0.88715 0.886427 0.883674 0.877252 0.878145 0.871361 0.862254 0.860251 0.857204 0.850681 0.852794 0.843493 0.842837 0.840522 0.833334 0.836701 0.826887 0.82076 0.822022 0.817502 0.813715 0.810567 0.804347 0.804911 0.801637 0.795274 0.791184 0.789054 0.781538 0.774418 0.780208 0.773862 0.772271 0.768677 0.764368 0.758392 0.756423 0.753064 0.739977 0.746297 0.742645 0.739421 0.733454 0.73262 0.725845 0.727183 0.717731 0.720307 0.711023 0.706891 0.709727 0.706352 0.701167 0.696967 0.692321 0.696244 0.688525 0.685546 0.683871 0.678207 0.677761 0.674714 0.667644 0.663797 0.666112 0.661298 0.657981 0.656971 0.651088 0.648395 0.644843 0.643353 0.640079 0.637807 0.632992 0 
Collision Density Moments:
1.05775 0.571658 
Per-collision Density Moments:
0 0 
0.698788 0.337202 
Per-collision Densities:
1.18384e+09 1.18452e+09 1.18384e+09 1.18452e+09 1.18384e+09 1.18452e+09 1.18384e+09 1.18452e+09 1.18384e+09 1.18452e+09 1.18384e+09 1.18452e+09 1.18384e+09 1.18452e+09 1.18384e+09 1.18452e+09 1.18384e+09 1.18452e+09 1.18384e+09 1.18452e+09 1.5526e+14 0 1.18384e+09 1.18452e+09 1.5526e+14 0 1.18384e+09 1.18452e+09 1.5526e+14 0 1.5526e+14 0 1.5526e+14 0 1.5526e+14 0 1.5526e+14 0 1.18384e+09 1.18452e+09 0 0 0 0 0 0 0 0 0 0 0 0 0 0 0 0 0 0 0 0 0 0 0 0 0 0 0 0 0 0 0 0 0 0 0 0 0 0 0 0 0 0 0 0 0 0 0 0 0 0 0 0 0 0 0 0 0 0 0 0 0 0 
0.995422 0.983757 0.968573 0.960796 0.949097 0.93962 0.923805 0.915414 0.907266 0.893345 0.87785 0.877076 0.866353 0.84989 0.83697 0.833923 0.82076 0.81528 0.802622 0.794045 0.785982 0.778584 0.769696 0.757955 0.749142 0.735011 0.72869 0.721552 0.713876 0.705645 0.700704 0.687642 0.675934 0.670143 0.664656 0.652325 0.65097 0.63853 0.631907 0.62535 0.616664 0.613987 0.602583 0.594764 0.591313 0.582383 0.573798 0.569278 0.56135 0.558884 0.55082 0.543203 0.535275 0.529307 0.5201 0.51329 0.513989 0.505884 0.501154 0.493503 0.48735 0.481534 0.476425 0.468539 0.456705 0.457505 0.453288 0.446151 0.440621 0.439459 0.429317 0.429494 0.420825 0.417829 0.409143 0.405321 0.405465 0.40092 0.392772 0.387402 0.384078 0.379802 0.375468 0.368675 0.366184 0.359661 0.358399 0.352642 0.345336 0.343274 0.341607 0.338022 0.333048 0.332458 0.326853 0.323402 0.318394 0.314918 0.308892 0.306518 0.303278 0 
