Finite rod, albedo problem, isotropic scattering, exponential random flight, mu_t: 3
Analogmu_t c: 0.7 rod_length: 0.3 dx: 0.00588235 numsamples: 10000000 numCollisionOrders: 10 numMoments: 10
total albedo R: 0.189088
total albedo T: 0.576909
per-collision order albedos R: 
0 0.145995 0.0328072 0.0078452 0.0018475 0.000454 0.0001052 2.57e-05 6.6e-06 1.1e-06 
per-collision order albedos T: 
0.406395 0.128144 0.0321832 0.0077232 0.0018706 0.0004505 0.0001081 2.69e-05 5.3e-06 1.7e-06 
Left-moving collision density:
0.56474 0.549593 0.538951 0.527119 0.516086 0.507756 0.48875 0.474691 0.464627 0.450755 0.442187 0.428672 0.420716 0.409275 0.397358 0.388144 0.373133 0.365007 0.352546 0.34442 0.3332 0.320858 0.31059 0.295052 0.286093 0.276913 0.262565 0.252858 0.239224 0.232696 0.223431 0.206278 0.199869 0.187765 0.17884 0.166617 0.153969 0.14314 0.134691 0.124576 0.112353 0.101932 0.092395 0.083164 0.069887 0.057562 0.047685 0.037366 0.02703 0.016354 0.005491 
Right-moving collision density:
2.98899 2.95079 2.9233 2.8942 2.86968 2.84177 2.80262 2.77148 2.74594 2.7039 2.69397 2.65042 2.642 2.60675 2.59294 2.55129 2.52328 2.49111 2.47277 2.44953 2.43297 2.38762 2.36577 2.33481 2.32762 2.29485 2.26608 2.2499 2.22015 2.2015 2.18362 2.15653 2.13688 2.10786 2.08136 2.06156 2.03454 2.01452 2.00053 1.9714 1.94422 1.9327 1.90616 1.8837 1.85961 1.84392 1.8353 1.80846 1.78073 1.75919 1.74155 
Collision Density Moments:
0.779278 0.103199 0.0193186 0.00417224 0.000973845 0.000238605 6.04269e-05 1.56736e-05 4.13964e-06 1.1089e-06 
Per-collision Density Moments:
0 0 0 0 0 0 0 0 0 0 
0.593605 0.0758785 0.0139769 0.00299273 0.000694984 0.000169726 4.28879e-05 1.11068e-05 2.93006e-06 7.84192e-07 
0.141208 0.0206654 0.00403019 0.000888606 0.000209893 5.18121e-05 1.31872e-05 3.43261e-06 9.08953e-07 2.43964e-07 
0.0338033 0.00505481 0.000996116 0.000220965 5.23955e-05 1.29679e-05 3.30671e-06 8.61889e-07 2.28456e-07 6.13644e-08 
0.0081016 0.00121489 0.000239483 5.31021e-05 1.25867e-05 3.11451e-06 7.94116e-07 2.06988e-07 5.4868e-08 1.47386e-08 
0.0019464 0.000291494 5.73029e-05 1.26688e-05 2.99415e-06 7.38822e-07 1.87883e-07 4.88512e-08 1.29198e-08 3.46326e-09 
0.0004672 7.1559e-05 1.43032e-05 3.20422e-06 7.65779e-07 1.90838e-07 4.89724e-08 1.28418e-08 3.42371e-09 9.24801e-10 
0.0001119 1.65938e-05 3.26356e-06 7.22375e-07 1.70872e-07 4.21912e-08 1.0736e-08 2.7935e-09 7.39488e-10 1.98456e-10 
2.57e-05 3.89414e-06 7.62999e-07 1.66409e-07 3.85783e-08 9.30835e-09 2.31096e-09 5.86253e-10 1.51276e-10 3.95798e-11 
6.4e-06 1.02697e-06 2.09753e-07 4.67818e-08 1.09658e-08 2.66008e-09 6.6243e-10 1.68513e-10 4.36411e-11 1.14765e-11 
Per-collision Densities:
0 0 0 0 0 0 0 0 0 0 0 0 0 0 0 0 0 0 0 0 0 0 0 0 0 0 0 0 0 0 0 0 0 0 0 0 0 0 0 0 0 0 0 0 0 0 0 0 0 0 0 
2.97806 2.91825 2.86851 2.82055 2.77634 2.72952 2.67325 2.62392 2.57973 2.52139 2.49441 2.43822 2.4157 2.36538 2.33684 2.28383 2.23861 2.19217 2.16289 2.13103 2.09822 2.04639 2.0172 1.97239 1.95818 1.91309 1.87537 1.84992 1.81426 1.79024 1.75639 1.72261 1.69668 1.66352 1.63042 1.60145 1.57026 1.54797 1.52769 1.49586 1.46543 1.44626 1.41996 1.39104 1.36253 1.34611 1.33054 1.30228 1.27493 1.24794 1.22908 
0.445995 0.450381 0.457674 0.462451 0.470135 0.478533 0.476544 0.480505 0.487492 0.488274 0.491487 0.492541 0.494853 0.498253 0.500191 0.500939 0.502214 0.508317 0.504033 0.503574 0.51017 0.505172 0.501007 0.498763 0.499052 0.499426 0.497862 0.494292 0.489736 0.485724 0.493204 0.484704 0.484585 0.477734 0.473178 0.474334 0.464593 0.461516 0.458456 0.451299 0.445808 0.442374 0.434197 0.432429 0.428162 0.417401 0.413015 0.40715 0.399432 0.398055 0.388161 
0.097733 0.100232 0.104669 0.105196 0.106556 0.108409 0.109446 0.107746 0.108579 0.109701 0.11458 0.11424 0.117079 0.116212 0.1173 0.117623 0.116739 0.117827 0.120955 0.120989 0.120156 0.119663 0.120496 0.119884 0.117266 0.12138 0.117912 0.118796 0.117521 0.119493 0.120037 0.117878 0.117521 0.115923 0.119935 0.115821 0.117504 0.112336 0.11441 0.112914 0.110109 0.11033 0.10965 0.109735 0.105026 0.105774 0.105485 0.103224 0.100793 0.099144 0.098634 
0.024446 0.023443 0.02448 0.025143 0.02482 0.025143 0.024276 0.026299 0.026588 0.02686 0.026775 0.025908 0.026333 0.027931 0.027778 0.028577 0.029461 0.028764 0.028067 0.029104 0.02822 0.028254 0.028577 0.02958 0.029784 0.028645 0.028543 0.030651 0.028968 0.029631 0.028407 0.028118 0.028645 0.029444 0.027948 0.027404 0.027557 0.026724 0.026231 0.027659 0.026537 0.027013 0.025704 0.025398 0.025568 0.024854 0.025925 0.025466 0.024786 0.023137 0.023698 
0.005831 0.006103 0.005134 0.006222 0.005814 0.006103 0.006154 0.005559 0.006171 0.006681 0.006953 0.006392 0.007038 0.00612 0.006409 0.006273 0.00731 0.006868 0.006817 0.006885 0.00714 0.006936 0.007174 0.007497 0.007242 0.007106 0.006613 0.007021 0.006885 0.006885 0.006613 0.007021 0.007242 0.00697 0.006443 0.007004 0.006273 0.006664 0.006681 0.006375 0.006579 0.006205 0.006783 0.006494 0.00612 0.005576 0.006239 0.005644 0.006069 0.005287 0.00527 
0.001241 0.001394 0.00136 0.001309 0.001564 0.001343 0.001428 0.001564 0.001428 0.001258 0.001513 0.001394 0.001343 0.001666 0.001343 0.001717 0.001513 0.001666 0.001972 0.001836 0.0017 0.001513 0.001411 0.001326 0.001564 0.001666 0.001887 0.001564 0.001496 0.001802 0.001921 0.001751 0.001598 0.001462 0.001785 0.001615 0.001853 0.001836 0.001394 0.001411 0.001428 0.001785 0.0017 0.00136 0.001598 0.001326 0.001377 0.001734 0.001326 0.001649 0.001734 
0.000306 0.000442 0.000357 0.000306 0.000493 0.000374 0.000204 0.000459 0.000476 0.000391 0.000357 0.000289 0.000289 0.00034 0.000323 0.00034 0.000493 0.000306 0.000425 0.000425 0.000442 0.000493 0.000391 0.000408 0.000442 0.00034 0.00034 0.000391 0.000289 0.000323 0.00034 0.000612 0.000289 0.000476 0.000391 0.000374 0.000391 0.000476 0.000204 0.000323 0.000527 0.000425 0.000357 0.000357 0.00034 0.000323 0.000323 0.000255 0.000323 0.000272 0.000391 
0.000102 0.000102 1.7e-05 8.5e-05 5.1e-05 8.5e-05 6.8e-05 0.000102 8.5e-05 6.8e-05 5.1e-05 8.5e-05 6.8e-05 6.8e-05 0.000102 0.000102 5.1e-05 0.000204 0.000119 5.1e-05 5.1e-05 3.4e-05 8.5e-05 1.7e-05 0.00017 0.000102 6.8e-05 0.000119 0.00017 6.8e-05 8.5e-05 0.000102 0.000119 5.1e-05 8.5e-05 0.000119 5.1e-05 0.000102 0.000119 0.000102 8.5e-05 0.00017 0.00017 0 8.5e-05 0.000102 6.8e-05 5.1e-05 6.8e-05 3.4e-05 5.1e-05 
1.7e-05 1.7e-05 3.4e-05 5.1e-05 0 1.7e-05 0 1.7e-05 1.7e-05 1.7e-05 1.7e-05 0 1.7e-05 1.7e-05 1.7e-05 3.4e-05 1.7e-05 0 1.7e-05 3.4e-05 3.4e-05 1.7e-05 1.7e-05 0 1.7e-05 0 3.4e-05 0 1.7e-05 1.7e-05 3.4e-05 1.7e-05 6.8e-05 3.4e-05 1.7e-05 3.4e-05 3.4e-05 3.4e-05 3.4e-05 3.4e-05 5.1e-05 1.7e-05 1.7e-05 3.4e-05 5.1e-05 0 1.7e-05 0 0 3.4e-05 1.7e-05 
