Finite rod, albedo problem, isotropic scattering, exponential random flight, mu_t: 3
Analogmu_t c: 0.3 rod_length: 3 dx: 0.0588235 numsamples: 10000000 numCollisionOrders: 10 numMoments: 10
total albedo R: 0.0888198
total albedo T: 0.0005388
per-collision order albedos R: 
0 0.0748649 0.0112747 0.0021042 0.0004422 0.0001032 2.26e-05 6.3e-06 1e-06 5e-07 
per-collision order albedos T: 
0.0001248 0.0001668 0.0001253 6.85e-05 3.24e-05 1.33e-05 5.3e-06 1.5e-06 7e-07 1e-07 
Left-moving collision density:
0.24898 0.213982 0.184496 0.159474 0.13743 0.118305 0.102015 0.0883915 0.0759747 0.0656489 0.0569772 0.0486047 0.0421243 0.0369053 0.0314925 0.0273241 0.0235365 0.0200192 0.0172091 0.0148155 0.0127755 0.0111282 0.0096764 0.0083606 0.007123 0.0061965 0.0053771 0.0044404 0.0039151 0.0034153 0.002958 0.0025279 0.0021335 0.0019771 0.0016711 0.0013634 0.0010489 0.0009758 0.0008789 0.000714 0.0006885 0.0005763 0.0004607 0.0003876 0.0003281 0.0002244 0.0002159 0.0001632 0.0001139 6.63e-05 2.04e-05 
Right-moving collision density:
2.79218 2.40643 2.07675 1.7928 1.54308 1.33239 1.14781 0.990607 0.854966 0.740596 0.636873 0.551681 0.475177 0.409674 0.352367 0.305636 0.262305 0.227246 0.193523 0.168433 0.145442 0.124748 0.108863 0.0934796 0.0801516 0.0694059 0.060129 0.0516817 0.0450245 0.0381871 0.0331721 0.0287861 0.0247503 0.0211446 0.0183311 0.0158423 0.0138057 0.0118388 0.0102646 0.0087363 0.0076194 0.0066674 0.0057783 0.0049623 0.0041888 0.0035904 0.003128 0.0026843 0.0023647 0.0020417 0.0017697 
Collision Density Moments:
1.30087 0.515887 0.404455 0.464019 0.682016 1.1875 2.32791 4.96606 11.2654 26.7484 
Per-collision Density Moments:
0 0 0 0 0 0 0 0 0 0 
0.999875 0.332887 0.220893 0.217733 0.28067 0.438493 0.788238 1.57097 3.37984 7.70045 
0.22491 0.124291 0.11428 0.142009 0.21698 0.38445 0.758798 1.62165 3.67762 8.72353 
0.0560211 0.0405801 0.0453279 0.0651415 0.110944 0.213021 0.44605 0.995561 2.33104 5.66132 
0.0146404 0.0126567 0.0161158 0.0255548 0.0468299 0.0949182 0.206852 0.475547 1.13828 2.81071 
0.0039372 0.00384332 0.0053546 0.00907617 0.0174648 0.0366799 0.082031 0.192184 0.466426 1.16345 
0.0010724 0.00115286 0.00172667 0.00308989 0.00619173 0.0134039 0.0306651 0.0730869 0.179725 0.452898 
0.0002967 0.00034228 0.00054024 0.0010083 0.00209035 0.00465201 0.0108864 0.026436 0.0660305 0.168609 
8.12e-05 9.57478e-05 0.000154637 0.000294645 0.000621951 0.00140556 0.00333182 0.0081774 0.0206031 0.0529784 
2.22e-05 2.67075e-05 4.22599e-05 7.67864e-05 0.000153 0.000326457 0.000734901 0.00172711 0.00420305 0.0105225 
Per-collision Densities:
0 0 0 0 0 0 0 0 0 0 0 0 0 0 0 0 0 0 0 0 0 0 0 0 0 0 0 0 0 0 0 0 0 0 0 0 0 0 0 0 0 0 0 0 0 0 0 0 0 0 0 
2.75313 2.30505 1.9332 1.62109 1.35547 1.13742 0.951468 0.79783 0.670046 0.562921 0.471376 0.396149 0.331872 0.277289 0.231671 0.195151 0.163452 0.136226 0.113808 0.096475 0.0808282 0.06715 0.0571149 0.0475711 0.0396389 0.0334118 0.0279463 0.0232594 0.0197812 0.0163149 0.0140063 0.0116603 0.0097597 0.0080121 0.0067847 0.0057239 0.0049402 0.0040069 0.0034068 0.0027489 0.0023936 0.0020009 0.0016677 0.0014314 0.0012053 0.0009894 0.0008109 0.0006834 0.000612 0.0004964 0.0004335 
0.242483 0.263745 0.272107 0.271396 0.263395 0.250031 0.235312 0.218982 0.20026 0.183784 0.165442 0.149843 0.134733 0.120746 0.106502 0.0950368 0.0830348 0.0746402 0.0641274 0.0564536 0.0495907 0.0431783 0.0381242 0.032861 0.0285906 0.0249237 0.0218858 0.0187408 0.0163081 0.0140335 0.0119357 0.01054 0.0089828 0.0079254 0.006613 0.0058072 0.0049028 0.0042228 0.0036312 0.0031331 0.0026588 0.0023358 0.0020944 0.0017136 0.0014399 0.0011985 0.0010489 0.0009078 0.0008109 0.000646 0.0006307 
0.0367132 0.0415378 0.0447151 0.0477564 0.048569 0.049742 0.0492014 0.048297 0.0468911 0.0455685 0.0431783 0.0408068 0.0377774 0.0357884 0.0333931 0.0309706 0.0281945 0.0257652 0.0229823 0.0210001 0.0190349 0.0175661 0.0158083 0.0142341 0.0125103 0.0111877 0.0102799 0.0089709 0.0080818 0.0070159 0.0063274 0.0055624 0.0048926 0.0043384 0.003876 0.003366 0.002924 0.0026044 0.0023001 0.0020281 0.0017544 0.0016405 0.0012954 0.0011696 0.0009809 0.0008551 0.0007718 0.0006766 0.0005542 0.000527 0.0003757 
0.0068697 0.0078506 0.008687 0.0094707 0.0101932 0.0104431 0.0106454 0.0105842 0.0105213 0.010574 0.0105213 0.010132 0.0095625 0.0094435 0.0092208 0.0086785 0.008075 0.0077656 0.007089 0.0065926 0.0061863 0.0056746 0.00527 0.0049708 0.0045152 0.0042279 0.0036499 0.0033898 0.0032334 0.0027897 0.0025109 0.0022474 0.0021403 0.001853 0.0017578 0.001445 0.0013107 0.0012308 0.001156 0.000952 0.0008959 0.000731 0.0007327 0.0005984 0.0005321 0.0004454 0.000425 0.0003383 0.0002856 0.0002584 0.0002125 
0.0015096 0.001717 0.0019499 0.0019669 0.0021913 0.0023256 0.0024174 0.0025228 0.0024531 0.0026044 0.0024922 0.0025109 0.0025279 0.002465 0.0022083 0.0023137 0.0022814 0.0020893 0.0019465 0.001989 0.0018496 0.0016864 0.0015793 0.0015368 0.0014399 0.001275 0.0012529 0.0012206 0.0010404 0.0010285 0.0008823 0.0008687 0.0007837 0.0006341 0.0006681 0.000561 0.00051 0.0004964 0.0004284 0.000374 0.0003706 0.0003247 0.0002771 0.0002703 0.000221 0.0002108 0.0001972 0.0001411 0.0001292 0.0001139 7.82e-05 
0.0003519 0.0004029 0.0004335 0.0004352 0.0005236 0.0005457 0.0005933 0.0006018 0.0005763 0.0005644 0.0006103 0.0006188 0.0006205 0.0006494 0.0006426 0.0006035 0.0005797 0.0005627 0.0005576 0.0005406 0.0005491 0.0004335 0.0004437 0.000459 0.000425 0.0003995 0.000357 0.000391 0.0003349 0.0002958 0.0003298 0.0003094 0.0002278 0.0002516 0.0002193 0.0002091 0.0001768 0.0001717 0.0001479 0.0001309 0.0001632 0.0001445 0.000119 0.0001003 9.01e-05 6.97e-05 6.12e-05 6.97e-05 6.29e-05 4.08e-05 3.23e-05 
7.14e-05 8.67e-05 0.0001139 0.0001054 0.0001309 0.0001496 0.0001394 0.0001377 0.0001445 0.0001683 0.0001649 0.000153 0.0001547 0.0001479 0.0001683 0.000153 0.0001734 0.0001513 0.0001632 0.0001411 0.0001309 0.0001275 0.0001428 0.0001445 0.0001275 0.0001275 9.01e-05 0.000102 0.0001088 8.5e-05 9.52e-05 9.69e-05 6.29e-05 7.31e-05 6.46e-05 6.63e-05 6.29e-05 5.27e-05 5.61e-05 5.78e-05 5.44e-05 4.25e-05 4.08e-05 5.27e-05 3.4e-05 3.06e-05 2.04e-05 1.87e-05 1.7e-05 2.04e-05 1.87e-05 
2.04e-05 2.55e-05 2.89e-05 3.91e-05 3.23e-05 2.38e-05 3.91e-05 3.57e-05 3.74e-05 5.1e-05 4.93e-05 5.27e-05 4.42e-05 3.4e-05 3.57e-05 3.06e-05 3.57e-05 4.59e-05 4.59e-05 3.91e-05 3.91e-05 4.25e-05 3.74e-05 4.42e-05 2.21e-05 3.74e-05 2.38e-05 3.06e-05 3.57e-05 2.55e-05 2.21e-05 1.87e-05 2.21e-05 2.55e-05 1.53e-05 1.36e-05 1.53e-05 2.04e-05 1.36e-05 2.04e-05 1.02e-05 2.04e-05 1.02e-05 1.36e-05 1.19e-05 8.5e-06 6.8e-06 1.19e-05 5.1e-06 1.7e-06 8.5e-06 
8.5e-06 6.8e-06 8.5e-06 1.02e-05 3.4e-06 1.02e-05 8.5e-06 5.1e-06 8.5e-06 5.1e-06 8.5e-06 1.87e-05 3.4e-06 1.36e-05 1.19e-05 1.87e-05 1.19e-05 1.02e-05 1.02e-05 1.19e-05 6.8e-06 1.02e-05 8.5e-06 1.19e-05 5.1e-06 8.5e-06 1.53e-05 1.53e-05 1.19e-05 8.5e-06 1.36e-05 6.8e-06 6.8e-06 5.1e-06 1.7e-06 1.02e-05 1.19e-05 5.1e-06 0 0 5.1e-06 3.4e-06 1.7e-06 0 0 3.4e-06 1.7e-06 0 1.7e-06 3.4e-06 0 
