Finite rod, albedo problem, isotropic scattering, exponential random flight, mu_t: 3
Analogmu_t c: 0.3 rod_length: 0.3 dx: 0.00588235 numsamples: 10000000 numCollisionOrders: 10 numMoments: 10
total albedo R: 0.0691588
total albedo T: 0.468165
per-collision order albedos R: 
0 0.062452 0.0060241 0.0006118 6.39e-05 5.4e-06 1.4e-06 2e-07 0 0 
per-collision order albedos T: 
0.406542 0.0549705 0.0059539 0.0006249 6.67e-05 5.8e-06 9e-07 0 0 0 
Left-moving collision density:
0.205853 0.201654 0.197982 0.193137 0.186643 0.179758 0.176783 0.173638 0.167501 0.165444 0.159919 0.152796 0.153102 0.143922 0.142936 0.136901 0.134742 0.128758 0.124831 0.11985 0.116365 0.113356 0.110041 0.10302 0.10336 0.098311 0.093755 0.089879 0.082637 0.0816 0.076908 0.074103 0.070975 0.065382 0.061727 0.060282 0.05508 0.050473 0.047464 0.043197 0.039763 0.03502 0.030821 0.028951 0.024684 0.0204 0.016558 0.012393 0.009027 0.005865 0.001819 
Right-moving collision density:
2.97481 2.93583 2.89211 2.85955 2.80138 2.77238 2.71927 2.68418 2.64678 2.59998 2.57312 2.52147 2.493 2.46124 2.42354 2.38411 2.34449 2.31365 2.28223 2.25003 2.22282 2.17503 2.14834 2.10497 2.09794 2.0484 2.02895 1.9974 1.95974 1.93676 1.9091 1.87578 1.858 1.82461 1.80078 1.76295 1.74272 1.71234 1.70049 1.66865 1.63623 1.6191 1.59545 1.56777 1.54436 1.5274 1.50975 1.48272 1.45467 1.43341 1.42249 
Collision Density Moments:
0.66101 0.085748 0.0159026 0.00341768 0.000795453 0.000194551 4.92127e-05 1.27548e-05 3.36686e-06 9.01537e-07 
Per-collision Density Moments:
0 0 0 0 0 0 0 0 0 0 
0.593458 0.0758369 0.0139677 0.00299083 0.0006946 0.000169652 4.28752e-05 1.11051e-05 2.93005e-06 7.84305e-07 
0.0606184 0.00887447 0.00173038 0.000381413 9.00636e-05 2.22255e-05 5.65522e-06 1.47164e-06 3.89586e-07 1.04539e-07 
0.0062134 0.00092839 0.000183137 4.06738e-05 9.65512e-06 2.39191e-06 6.10435e-07 1.59233e-07 4.22383e-08 1.13536e-08 
0.0006455 9.73674e-05 1.93247e-05 4.30879e-06 1.02593e-06 2.54816e-07 6.51769e-08 1.70343e-08 4.52593e-09 1.21822e-09 
6.45e-05 9.34408e-06 1.81945e-06 4.01092e-07 9.46148e-08 2.32873e-08 5.90111e-09 1.52759e-09 4.01963e-10 1.07157e-10 
8.6e-06 1.27395e-06 2.38628e-07 5.04622e-08 1.15278e-08 2.77751e-09 6.95237e-10 1.78982e-10 4.70636e-11 1.25793e-11 
1.3e-06 2.32593e-07 4.48998e-08 9.03791e-09 1.86872e-09 3.93883e-10 8.42475e-11 1.82307e-11 3.98276e-12 8.77068e-13 
1e-07 1.9144e-08 3.66491e-09 7.01609e-10 1.34316e-10 2.57134e-11 4.92256e-12 9.42373e-13 1.80407e-13 3.45371e-14 
0 0 0 0 0 0 0 0 0 0 
Per-collision Densities:
0 0 0 0 0 0 0 0 0 0 0 0 0 0 0 0 0 0 0 0 0 0 0 0 0 0 0 0 0 0 0 0 0 0 0 0 0 0 0 0 0 0 0 0 0 0 0 0 0 0 0 
2.97056 2.92344 2.87135 2.83118 2.76527 2.72942 2.66808 2.62959 2.58485 2.53018 2.49686 2.44013 2.40813 2.36978 2.32835 2.28342 2.23739 2.20062 2.16614 2.13005 2.09875 2.04379 2.01628 1.972 1.95877 1.90827 1.88156 1.84826 1.81128 1.78692 1.75231 1.71635 1.69629 1.66377 1.63487 1.59497 1.57238 1.541 1.52619 1.49467 1.4603 1.44216 1.41739 1.38793 1.36393 1.34633 1.3322 1.29681 1.27027 1.24928 1.23774 
0.190009 0.192865 0.19686 0.199274 0.201331 0.201093 0.204595 0.205921 0.206958 0.212313 0.212313 0.210647 0.214234 0.212585 0.214744 0.21437 0.217124 0.217685 0.216376 0.214523 0.216444 0.220099 0.216495 0.211582 0.218144 0.214115 0.217549 0.213469 0.209321 0.207808 0.209015 0.208454 0.20978 0.201552 0.20298 0.205037 0.201926 0.198339 0.198237 0.193273 0.192661 0.18887 0.187459 0.18615 0.182376 0.179741 0.174709 0.176239 0.172091 0.170034 0.165359 
0.017816 0.018853 0.019822 0.02006 0.019278 0.01921 0.021114 0.02006 0.020315 0.02023 0.021522 0.02142 0.021403 0.02023 0.020927 0.020876 0.022389 0.021777 0.022321 0.022236 0.021267 0.021845 0.022916 0.022185 0.021437 0.021794 0.021165 0.022729 0.019601 0.021318 0.022219 0.022559 0.020332 0.022202 0.022066 0.020825 0.020655 0.021199 0.021199 0.021522 0.020655 0.020553 0.019193 0.020451 0.020366 0.019176 0.017374 0.019567 0.019159 0.017935 0.018955 
0.002074 0.002057 0.001887 0.001887 0.001836 0.002125 0.002074 0.002006 0.001938 0.002465 0.001938 0.001887 0.002159 0.002312 0.002125 0.00204 0.002006 0.002159 0.001989 0.002771 0.002414 0.002346 0.002363 0.002074 0.002618 0.002227 0.002227 0.002499 0.001989 0.002074 0.002261 0.002312 0.00221 0.002261 0.002295 0.002193 0.002618 0.001989 0.002057 0.002125 0.002142 0.002193 0.002023 0.001921 0.00221 0.002329 0.001853 0.002312 0.001853 0.001904 0.002108 
0.000204 0.000238 0.00017 0.000272 0.000221 0.000272 0.000187 0.000238 0.000221 0.000187 0.00034 0.000187 0.000136 0.000221 0.000289 0.000289 0.000289 0.000136 0.00017 0.000272 0.000272 0.000204 0.000306 0.000153 0.000238 0.000272 0.000153 0.000272 0.000136 0.000187 0.000187 0.000153 0.000272 0.00017 0.000272 0.000136 0.00017 0.000255 0.000255 0.000221 0.000204 0.000306 0.00017 0.000255 0.000136 0.000221 0.000153 0.000187 0.000289 8.5e-05 0.000136 
0 3.4e-05 0 1.7e-05 8.5e-05 1.7e-05 0 0 0 3.4e-05 6.8e-05 0 3.4e-05 3.4e-05 3.4e-05 1.7e-05 3.4e-05 3.4e-05 6.8e-05 3.4e-05 1.7e-05 0.000102 0 0 6.8e-05 3.4e-05 5.1e-05 5.1e-05 5.1e-05 3.4e-05 1.7e-05 3.4e-05 5.1e-05 3.4e-05 1.7e-05 1.7e-05 5.1e-05 1.7e-05 1.7e-05 1.7e-05 1.7e-05 3.4e-05 3.4e-05 1.7e-05 3.4e-05 0 1.7e-05 0 3.4e-05 3.4e-05 1.7e-05 
0 0 0 0 0 0 0 0 0 1.7e-05 0 0 0 0 0 0 0 0 0 0 1.7e-05 0 1.7e-05 0 1.7e-05 0 0 0 0 1.7e-05 0 1.7e-05 1.7e-05 0 0 5.1e-05 0 1.7e-05 0 1.7e-05 1.7e-05 0 0 0 0 0 0 0 0 0 0 
0 0 0 0 0 0 0 0 0 0 0 0 0 0 0 0 0 0 0 0 0 0 0 0 0 0 0 0 0 0 0 0 1.7e-05 0 0 0 0 0 0 0 0 0 0 0 0 0 0 0 0 0 0 
0 0 0 0 0 0 0 0 0 0 0 0 0 0 0 0 0 0 0 0 0 0 0 0 0 0 0 0 0 0 0 0 0 0 0 0 0 0 0 0 0 0 0 0 0 0 0 0 0 0 0 
