Finite rod, albedo problem, isotropic scattering, exponential random flight, mu_t: 1
Analogmu_t c: 0.313497 rod_length: 2.6 dx: 0.0257426 numsamples: 10000000 numCollisionOrders: 2 numMoments: 2
total albedo R: 0.0923683
total albedo T: 0.114946
per-collision order albedos R: 
0 0.0778135 
per-collision order albedos T: 
0.0742658 0.0302002 
Left-moving collision density:
0.0912341 0.091001 0.0869765 0.0863667 0.0834804 0.0831541 0.0801085 0.0776962 0.0759442 0.07521 0.0742078 0.0724558 0.0706145 0.0682488 0.0677982 0.0657665 0.0642982 0.0632882 0.0620606 0.0595628 0.0585178 0.0564202 0.0560045 0.0548391 0.0537475 0.0526987 0.0516654 0.0508574 0.0488335 0.0483168 0.0459045 0.0450421 0.0442497 0.0436942 0.0429328 0.0403068 0.0399494 0.0391997 0.038749 0.0373195 0.0367252 0.0354821 0.034204 0.0336369 0.033567 0.0324754 0.031174 0.0303427 0.0295503 0.0289676 0.0283266 0.0278061 0.0267378 0.0257433 0.0251607 0.024745 0.0235175 0.0229153 0.0221384 0.0222083 0.0209342 0.0207788 0.0201883 0.0191007 0.0190812 0.0183393 0.0175779 0.0169408 0.0160978 0.0157871 0.0153403 0.0147149 0.0141206 0.0129785 0.0129319 0.0125395 0.0119335 0.0112382 0.0106438 0.010201 0.0101233 0.00946292 0.00834415 0.00803727 0.00813438 0.00739631 0.00693792 0.00620762 0.00604835 0.00546565 0.00491792 0.00443623 0.0039895 0.00346508 0.00320481 0.00256385 0.00203165 0.00158492 0.00112654 0.000637077 0.000244731 0 
Right-moving collision density:
0.992434 0.968862 0.948782 0.928291 0.909381 0.888614 0.868779 0.850739 0.832333 0.816158 0.801015 0.781453 0.765417 0.749913 0.732708 0.718965 0.702319 0.690762 0.673254 0.659406 0.647488 0.631246 0.620427 0.604908 0.592136 0.578446 0.569143 0.555931 0.545792 0.532643 0.519288 0.510644 0.502809 0.488246 0.479769 0.470777 0.458804 0.448693 0.436526 0.429514 0.421182 0.411995 0.40576 0.395943 0.387824 0.377585 0.368864 0.362268 0.355811 0.346826 0.341361 0.331665 0.323623 0.319665 0.3115 0.305273 0.298754 0.292912 0.284692 0.281075 0.273741 0.269569 0.261271 0.257193 0.253619 0.247978 0.240462 0.237047 0.232207 0.227518 0.223979 0.217251 0.212885 0.207691 0.204595 0.19822 0.195388 0.192059 0.187114 0.184224 0.180064 0.174365 0.172085 0.168037 0.165753 0.161126 0.159001 0.153034 0.150863 0.145782 0.145013 0.140946 0.13931 0.135721 0.131968 0.130197 0.126161 0.124327 0.121822 0.118613 0.116068 0 
Collision Density Moments:
1.1546 0.988721 
Per-collision Density Moments:
0 0 
0.925734 0.732674 
Per-collision Densities:
5.45003e+08 5.46702e+08 5.45003e+08 5.46702e+08 5.45003e+08 5.46702e+08 5.45003e+08 5.46702e+08 5.45003e+08 5.46702e+08 5.45003e+08 5.46702e+08 5.45003e+08 5.46702e+08 5.45003e+08 5.46702e+08 5.45003e+08 5.46702e+08 5.45003e+08 5.46702e+08 7.16585e+13 0 5.45003e+08 5.46702e+08 7.16585e+13 0 5.45003e+08 5.46702e+08 7.16585e+13 0 7.16585e+13 0 7.16585e+13 0 7.16585e+13 0 7.16585e+13 0 5.45003e+08 5.46702e+08 0 0 0 0 0 0 0 0 0 0 0 0 0 0 0 0 0 0 0 0 0 0 0 0 0 0 0 0 0 0 0 0 0 0 0 0 0 0 0 0 0 0 0 0 0 0 0 0 0 0 0 0 0 0 0 0 0 0 0 0 0 0 
0.990208 0.962165 0.938383 0.91412 0.891612 0.86834 0.843377 0.822575 0.801684 0.782424 0.764644 0.743104 0.723956 0.707521 0.68701 0.671825 0.653307 0.639085 0.621045 0.606016 0.591305 0.574243 0.562007 0.545524 0.531497 0.517353 0.507311 0.492581 0.481366 0.467525 0.454263 0.444552 0.436316 0.420696 0.411738 0.402644 0.390905 0.380273 0.367846 0.360916 0.352719 0.342491 0.336311 0.326887 0.319152 0.30953 0.300409 0.293502 0.288052 0.278663 0.272894 0.264639 0.257022 0.251696 0.245376 0.239646 0.233345 0.228004 0.22072 0.21621 0.210131 0.205788 0.198504 0.194068 0.190404 0.185891 0.179924 0.177069 0.172221 0.166829 0.164949 0.158947 0.15526 0.150257 0.14826 0.143004 0.13985 0.13724 0.132469 0.130379 0.126607 0.122125 0.120252 0.116721 0.114775 0.110805 0.10896 0.103945 0.102628 0.0987702 0.0975116 0.094435 0.0927724 0.0906514 0.0868328 0.0862268 0.0829598 0.0813633 0.0789665 0.0770319 0.074907 0 
