Finite rod, albedo problem, isotropic scattering, exponential random flight, mu_t: 1
Analogmu_t c: 0.9 rod_length: 3 dx: 0.029703 numsamples: 10000000 numCollisionOrders: 10 numMoments: 10
total albedo R: 0.460137
total albedo T: 0.294648
per-collision order albedos R: 
0 0.224537 0.0996038 0.0536471 0.0316084 0.0191422 0.0118129 0.0073887 0.004628 0.0029126 
per-collision order albedos T: 
0.0498106 0.0672349 0.0578808 0.0420705 0.0280458 0.0182415 0.0116354 0.0072856 0.0046489 0.0028814 
Left-moving collision density:
0.455736 0.451329 0.448049 0.438906 0.431728 0.428412 0.422244 0.418113 0.412359 0.406811 0.401128 0.395822 0.38948 0.380898 0.378548 0.375461 0.371609 0.363617 0.356557 0.352551 0.3481 0.342454 0.338414 0.332085 0.327998 0.324728 0.318106 0.311538 0.308228 0.30194 0.297597 0.292806 0.287086 0.285167 0.276373 0.273686 0.270024 0.265192 0.260795 0.254867 0.252019 0.246134 0.24038 0.237794 0.232216 0.228836 0.223129 0.220651 0.213807 0.210659 0.206457 0.200852 0.199199 0.193338 0.188193 0.184679 0.181063 0.175861 0.172498 0.166701 0.164354 0.159863 0.15517 0.150904 0.147352 0.141733 0.137976 0.134899 0.12961 0.125095 0.122678 0.117325 0.114143 0.108851 0.10575 0.101333 0.0974953 0.0931489 0.0895971 0.0846313 0.0813151 0.0774199 0.0731442 0.069791 0.064842 0.0609131 0.0571189 0.0529139 0.0483554 0.0450999 0.0412484 0.0373195 0.0331819 0.0297984 0.0254655 0.0222604 0.0177154 0.0137697 0.0098071 0.00594217 0.00190217 0 
Right-moving collision density:
0.995665 0.985824 0.973583 0.96593 0.954093 0.943003 0.936613 0.92823 0.915794 0.909394 0.895897 0.887605 0.880488 0.872004 0.861032 0.852245 0.84367 0.83091 0.824524 0.817396 0.810101 0.797708 0.791628 0.782292 0.771596 0.767459 0.757705 0.750874 0.742145 0.733661 0.728624 0.719248 0.711457 0.702903 0.69385 0.68575 0.683275 0.67264 0.66424 0.655029 0.648689 0.643155 0.635505 0.628836 0.623221 0.613481 0.608815 0.600432 0.592557 0.59087 0.580302 0.572455 0.569381 0.559685 0.554901 0.54948 0.542279 0.535691 0.528045 0.525129 0.515497 0.511242 0.501458 0.495583 0.490005 0.484709 0.477838 0.471246 0.467334 0.461099 0.456836 0.448218 0.443787 0.436414 0.434953 0.426176 0.421672 0.417147 0.410414 0.405185 0.398307 0.39387 0.38848 0.382113 0.377306 0.372875 0.368283 0.359641 0.356621 0.350739 0.344302 0.342309 0.334845 0.331044 0.327429 0.320941 0.317204 0.310844 0.3067 0.303003 0.296142 0 
Collision Density Moments:
2.44993 2.81363 4.82004 9.79885 21.8889 51.872 127.97 324.995 843.564 2227.01 
Per-collision Density Moments:
0 0 0 0 0 0 0 0 0 0 
0.950189 0.800657 1.15315 2.11557 4.43144 10.0655 24.1168 59.9822 153.315 400.074 
0.563328 0.675993 1.15657 2.3326 5.17084 12.1774 29.8954 75.633 195.725 515.48 
0.349412 0.475989 0.870538 1.82543 4.14644 9.92368 24.6352 62.8234 163.532 432.605 
0.218675 0.314078 0.591288 1.26216 2.90093 6.99999 17.4811 44.7795 116.967 310.271 
0.13719 0.201751 0.384732 0.827675 1.91189 4.62899 11.5871 29.7316 77.7574 206.455 
0.0860948 0.127998 0.245554 0.530256 1.22805 2.979 7.46795 19.1846 50.2219 133.451 
0.0540257 0.0806886 0.155148 0.335435 0.77734 1.88624 4.72911 12.1488 31.8015 84.4955 
0.0339354 0.0507883 0.0977416 0.211431 0.490161 1.18976 2.98365 7.66637 20.0713 53.3358 
0.0212738 0.0318847 0.0614755 0.133152 0.308926 0.750134 1.88135 4.83357 12.6516 33.6077 
Per-collision Densities:
4.72742e+08 4.73808e+08 4.72742e+08 4.73808e+08 4.72742e+08 4.73808e+08 4.72742e+08 4.73808e+08 4.72742e+08 4.73808e+08 4.72742e+08 4.73808e+08 4.72742e+08 4.73808e+08 4.72742e+08 4.73808e+08 4.72742e+08 4.73808e+08 4.72742e+08 4.73808e+08 6.2104e+13 0 4.72742e+08 4.73808e+08 6.2104e+13 0 4.72742e+08 4.73808e+08 6.2104e+13 0 6.2104e+13 0 6.2104e+13 0 6.2104e+13 0 6.2104e+13 0 4.72742e+08 4.73808e+08 0 0 0 0 0 0 0 0 0 0 0 0 0 0 0 0 0 0 0 0 0 0 0 0 0 0 0 0 0 0 0 0 0 0 0 0 0 0 0 0 0 0 0 0 0 0 0 0 0 0 0 0 0 0 0 0 0 0 0 0 0 0 
0.985895 0.957224 0.927076 0.90326 0.874024 0.847097 0.825315 0.801863 0.776505 0.755611 0.731402 0.709879 0.691618 0.671573 0.650578 0.629008 0.613343 0.593574 0.575522 0.560691 0.545848 0.52585 0.512868 0.496853 0.481353 0.469317 0.455332 0.442734 0.42955 0.417073 0.405599 0.393812 0.38108 0.37033 0.358978 0.346915 0.339145 0.328523 0.319514 0.307663 0.30001 0.289705 0.2841 0.274326 0.267849 0.257537 0.251318 0.242747 0.236502 0.230933 0.222624 0.216096 0.210521 0.203515 0.197879 0.192486 0.187177 0.18243 0.176962 0.171794 0.165165 0.161496 0.155594 0.150837 0.147096 0.141484 0.139387 0.134067 0.131068 0.126078 0.123769 0.11888 0.116386 0.112177 0.109063 0.106151 0.103071 0.100798 0.0967008 0.0944788 0.0917248 0.0882673 0.0862372 0.0837189 0.0812208 0.0788271 0.0772818 0.0741744 0.072252 0.0697977 0.0667745 0.0655355 0.0630139 0.0624315 0.0611286 0.0583275 0.0572199 0.0551426 0.0538599 0.0519645 0.0511666 0 
0.2279 0.234828 0.240488 0.243164 0.248601 0.252177 0.256708 0.260668 0.260964 0.266549 0.266229 0.269219 0.269384 0.26997 0.271387 0.273774 0.272754 0.270364 0.2717 0.270532 0.269273 0.26999 0.268546 0.267701 0.264984 0.264691 0.262058 0.259496 0.259072 0.255803 0.254355 0.251153 0.249786 0.246881 0.244003 0.241636 0.24039 0.235869 0.232643 0.230775 0.227327 0.226146 0.22216 0.218352 0.216288 0.213107 0.211652 0.208538 0.203495 0.202202 0.198051 0.195486 0.191853 0.188806 0.185995 0.183544 0.180622 0.175349 0.17238 0.171434 0.168141 0.165297 0.162055 0.159597 0.155617 0.152951 0.150019 0.146608 0.144215 0.141871 0.140154 0.13603 0.132923 0.130627 0.130408 0.126105 0.124318 0.121769 0.117655 0.115298 0.1128 0.11081 0.107541 0.105939 0.102976 0.10028 0.0993234 0.0954416 0.0936236 0.0916912 0.0884592 0.0876141 0.0846279 0.0830254 0.0798607 0.0778407 0.0772919 0.0739219 0.0725079 0.0710939 0.0677912 0 
0.100923 0.10306 0.107754 0.108693 0.111252 0.115019 0.116594 0.119523 0.12222 0.12257 0.12558 0.126378 0.127624 0.129314 0.131233 0.133074 0.135347 0.135077 0.136751 0.138791 0.139175 0.139484 0.14144 0.1417 0.142673 0.143349 0.142955 0.143508 0.14377 0.144167 0.145369 0.143871 0.143073 0.144669 0.142726 0.143837 0.144211 0.143908 0.143171 0.142309 0.14305 0.141733 0.140663 0.140868 0.139858 0.139292 0.137963 0.137134 0.134811 0.136141 0.134444 0.13235 0.133704 0.130465 0.129344 0.130085 0.128112 0.127913 0.125886 0.124988 0.123028 0.122375 0.119463 0.118224 0.117113 0.115743 0.11448 0.113046 0.111356 0.110161 0.108343 0.107599 0.105454 0.103592 0.103252 0.101417 0.0995086 0.0965055 0.0961082 0.0940748 0.0918662 0.0912434 0.0893951 0.0874593 0.0858433 0.0842239 0.081911 0.0800964 0.0786386 0.0770832 0.0761607 0.0744437 0.0726863 0.0700199 0.0699627 0.0678821 0.0652662 0.0638926 0.061812 0.0595967 0.058277 0 
0.0541158 0.0563243 0.0577417 0.0592567 0.0598863 0.0620948 0.0632058 0.0648151 0.0664883 0.06733 0.0684275 0.0701075 0.0709357 0.0713632 0.0727335 0.0752854 0.0752147 0.0765008 0.0769586 0.0776892 0.0798742 0.0799819 0.07979 0.0809077 0.0811232 0.0829816 0.0831196 0.0834698 0.0839613 0.0833553 0.084776 0.0858197 0.0862102 0.0864594 0.0857254 0.0863853 0.0874963 0.0867859 0.0867859 0.0868095 0.0868061 0.0873583 0.0861665 0.08821 0.0865806 0.0866008 0.0866647 0.0872236 0.0863247 0.0867691 0.085887 0.0856918 0.0857052 0.0848871 0.0845134 0.0836617 0.0827594 0.0825911 0.0820086 0.0818167 0.0810626 0.0813555 0.0810054 0.0793692 0.0789046 0.0783659 0.0765546 0.0764065 0.0756423 0.0754066 0.0750363 0.0724338 0.0720938 0.0709121 0.0710838 0.0693904 0.0688551 0.0678619 0.0673603 0.0667475 0.0650608 0.0639465 0.0638623 0.0619601 0.0609771 0.0599704 0.058947 0.0579774 0.0567755 0.055284 0.0539441 0.0532506 0.0524358 0.050941 0.049527 0.0488234 0.0474734 0.0467832 0.045046 0.0441639 0.0425479 0 
0.0315894 0.0329125 0.0341885 0.0344006 0.0349527 0.0363499 0.0373229 0.0375989 0.0390769 0.0402687 0.0397738 0.0412518 0.042558 0.0425345 0.043393 0.0446891 0.045184 0.0449248 0.0457092 0.0465576 0.047635 0.0472276 0.0481804 0.0481905 0.0497627 0.0500152 0.0502408 0.0505067 0.0504461 0.0511363 0.0515403 0.0519275 0.0521699 0.052722 0.0521598 0.0528701 0.0536344 0.0539811 0.0538835 0.0532573 0.0543885 0.0537724 0.0528028 0.0545164 0.0541427 0.0540148 0.0534728 0.0537488 0.053594 0.0541697 0.0540013 0.0536478 0.0542101 0.0537455 0.0537017 0.0537017 0.0538296 0.052786 0.0530486 0.0526244 0.0532506 0.0518803 0.0514662 0.050766 0.0509545 0.0505842 0.0496718 0.0502576 0.0495237 0.0490086 0.0482376 0.0482713 0.0482612 0.0467428 0.0461705 0.0455779 0.0451436 0.0457395 0.0443222 0.0437027 0.0429587 0.0423863 0.0411844 0.0413359 0.0405549 0.0404505 0.0390331 0.0380972 0.0375114 0.0370838 0.0366361 0.0359796 0.0347676 0.0343333 0.0332256 0.0322964 0.031347 0.0309195 0.0301283 0.030034 0.0282834 0 
0.019254 0.0199105 0.0205737 0.0211393 0.0216443 0.0223109 0.0223277 0.0231963 0.023395 0.0239909 0.0250749 0.0250951 0.0255429 0.0258459 0.0265697 0.027031 0.027913 0.0275191 0.0277918 0.0286638 0.0289096 0.0291082 0.029933 0.0296671 0.0295627 0.0311349 0.0310373 0.0308656 0.0318588 0.0310811 0.0315726 0.0318419 0.0324749 0.032559 0.032522 0.0327509 0.0335084 0.0330809 0.0336734 0.0331213 0.0329967 0.0340639 0.0333637 0.033596 0.034202 0.0336128 0.0336902 0.034505 0.0340404 0.0339697 0.034037 0.0336835 0.0347642 0.0337441 0.0346666 0.0333973 0.0338518 0.0334041 0.0340572 0.0332458 0.0333502 0.0326836 0.0322055 0.0322426 0.032421 0.0325792 0.0316231 0.0316938 0.0311686 0.0310137 0.0309127 0.030401 0.0306165 0.0299196 0.0298354 0.0291587 0.0288187 0.0286806 0.029391 0.0278289 0.0277279 0.027637 0.026903 0.0263206 0.0256742 0.0259267 0.0251928 0.0242265 0.0243982 0.0237384 0.0235532 0.0232468 0.0222065 0.0223008 0.0215635 0.0215568 0.0208733 0.0196007 0.0194728 0.0195098 0.0184056 0 
0.0114433 0.0123557 0.0127698 0.0132243 0.0134162 0.0136754 0.0140626 0.0146652 0.014783 0.0148908 0.0152981 0.0153116 0.0160725 0.0158637 0.016197 0.0171296 0.0169848 0.0174158 0.0171363 0.0177996 0.0178703 0.0182642 0.0185503 0.0184359 0.0188264 0.0187927 0.0191664 0.019429 0.0193718 0.0200081 0.019493 0.0200552 0.0199004 0.0202909 0.0201865 0.0202404 0.0205131 0.0205838 0.0207488 0.0212807 0.0207387 0.0209811 0.0209137 0.0212639 0.0211528 0.0216409 0.0215635 0.0210955 0.0214692 0.0217386 0.0211662 0.0213851 0.0213682 0.021678 0.0210955 0.0212975 0.0214255 0.0212369 0.0209137 0.0207151 0.020668 0.0211326 0.0203751 0.0208767 0.0204895 0.0205434 0.0200822 0.0200721 0.0199711 0.0196479 0.0199542 0.0190722 0.0194088 0.018786 0.0186446 0.0184561 0.0183618 0.0183921 0.0177289 0.0175908 0.0179544 0.0171565 0.0172979 0.0167054 0.0164058 0.0161768 0.016702 0.0157526 0.0154934 0.0152241 0.0146046 0.0145575 0.0142747 0.0138639 0.0137192 0.0137023 0.0130391 0.0124297 0.0125476 0.0119449 0.011716 0 
0.00745717 0.0077265 0.00764233 0.00825507 0.00811367 0.0085446 0.0088274 0.00891157 0.00927853 0.00924487 0.0094839 0.00964213 0.0100293 0.0100495 0.0105006 0.0104973 0.0105579 0.0107969 0.010908 0.0107531 0.0110292 0.0113558 0.0113726 0.0117564 0.0117934 0.0120964 0.0119012 0.0120257 0.01212 0.0124701 0.0124701 0.0121806 0.0123691 0.0126553 0.0129482 0.0132849 0.0126418 0.0132916 0.0131738 0.0128943 0.0131839 0.0135205 0.0132849 0.0132344 0.0132344 0.0136788 0.0134128 0.013736 0.0135475 0.0130492 0.0135744 0.012992 0.0135576 0.0134835 0.0133017 0.0134094 0.0132041 0.0135205 0.0132849 0.0132041 0.0131839 0.0131603 0.0131064 0.0130526 0.0127496 0.0126048 0.0128203 0.0123119 0.012891 0.0122816 0.012359 0.011881 0.0121974 0.0119449 0.0117934 0.0115679 0.011477 0.0115039 0.0115005 0.0113187 0.0111504 0.0110359 0.0108407 0.0105309 0.0106858 0.0102347 0.00998553 0.0100226 0.0095445 0.00959163 0.00966907 0.00905297 0.00873313 0.00878363 0.00887453 0.00837963 0.0083931 0.00805643 0.00781067 0.0076255 0.00731913 0 
0.0047874 0.00490523 0.0049995 0.00503653 0.00535973 0.005252 0.005757 0.0055449 0.00594217 0.0059085 0.00585463 0.00609703 0.00629903 0.0060903 0.0062418 0.0063731 0.00697237 0.0068175 0.0066963 0.00693197 0.0068478 0.0071003 0.007272 0.00725517 0.0070599 0.00723497 0.0074437 0.00765917 0.00760193 0.00760193 0.007878 0.0078174 0.00808337 0.0080598 0.00782413 0.00808673 0.00800257 0.0082618 0.0081406 0.00777363 0.0081002 0.00830893 0.00844023 0.00824497 0.00822813 0.00846717 0.00843013 0.0081911 0.00845033 0.008282 0.00842003 0.00822813 0.0086658 0.0085143 0.00840657 0.008383 0.0085749 0.0081406 0.00811703 0.00794533 0.0083325 0.0080497 0.0078477 0.0081103 0.0082113 0.00816753 0.00798573 0.00798573 0.0078376 0.00739657 0.00793523 0.00778373 0.00775343 0.00766253 0.00763897 0.00709357 0.0073932 0.00720467 0.00744033 0.00699257 0.0069993 0.00689157 0.0068781 0.00683097 0.0067468 0.0065044 0.00609703 0.0060196 0.0063327 0.006161 0.00596237 0.00577047 0.00563243 0.00570987 0.00569977 0.00529913 0.0051611 0.00517457 0.00493217 0.00476383 0.00441707 0 
