Finite rod, albedo problem, anisotropic scattering, exponential random flight, mu_t: 1 g: 0.8
Analogmu_t c: 0.8 rod_length: 1.2 dx: 0.0118812 numsamples: 10000000 numCollisionOrders: 2 numMoments: 2
total albedo R: 0.070163
total albedo T: 0.717139
per-collision order albedos R: 
0 0.0364172 
per-collision order albedos T: 
0.301027 0.260337 
Left-moving collision density:
0.0692271 0.0692187 0.067771 0.0686716 0.067569 0.0674175 0.0641182 0.0659362 0.0646821 0.0645474 0.0634785 0.0615006 0.060196 0.0600866 0.0591103 0.0602128 0.0588157 0.0578393 0.0579993 0.0570734 0.0543128 0.0541613 0.054338 0.0542707 0.0528567 0.0527978 0.0517036 0.0517288 0.0500203 0.0483453 0.0489429 0.0487409 0.0467798 0.0459466 0.0462159 0.0449282 0.0446336 0.0440528 0.0431691 0.0423527 0.0414437 0.0411743 0.040501 0.0389944 0.0384053 0.0382117 0.0367472 0.0375552 0.036057 0.0353332 0.0342138 0.0340202 0.0331701 0.0337256 0.0312174 0.0312932 0.030098 0.0291638 0.0287429 0.0292143 0.0281033 0.0265293 0.0260412 0.0254015 0.0252668 0.0247029 0.0236593 0.0237518 0.0219507 0.0215298 0.0203515 0.0202337 0.0192153 0.018685 0.0182473 0.0170774 0.0165388 0.0164967 0.0149817 0.0147208 0.0132394 0.0131384 0.0127513 0.0121789 0.0113793 0.00998217 0.0100916 0.00962867 0.00834933 0.00796217 0.0074235 0.00654817 0.00594217 0.005353 0.0041915 0.0036865 0.00320675 0.00238192 0.00175067 0.00123725 0.00037875 0 
Right-moving collision density:
0.99873 0.994901 0.990894 0.991382 0.987671 0.984599 0.976973 0.974692 0.976923 0.974137 0.961268 0.966595 0.964887 0.956335 0.952337 0.954282 0.948188 0.948676 0.940335 0.940554 0.936624 0.937347 0.933981 0.9275 0.925059 0.915834 0.91628 0.913562 0.912283 0.908823 0.91038 0.904514 0.895214 0.893463 0.891342 0.884676 0.891485 0.886014 0.882605 0.877311 0.873271 0.874424 0.868457 0.864366 0.865562 0.859535 0.857187 0.856278 0.850159 0.854502 0.851068 0.845547 0.843182 0.843173 0.835119 0.82687 0.834858 0.829858 0.829463 0.827687 0.819396 0.81773 0.812915 0.812537 0.803203 0.808438 0.804608 0.799853 0.798599 0.796503 0.791512 0.793338 0.784871 0.788633 0.779257 0.777203 0.778239 0.77605 0.772583 0.771531 0.765395 0.769494 0.763164 0.757912 0.759739 0.753721 0.753889 0.752602 0.743192 0.742931 0.744084 0.740675 0.739674 0.736526 0.730541 0.730398 0.726106 0.725769 0.722874 0.723808 0.716191 0 
Collision Density Moments:
1.06365 0.595693 
Per-collision Density Moments:
0 0 
0.698973 0.337304 
Per-collision Densities:
1.18387e+09 1.18452e+09 1.18387e+09 1.18452e+09 1.18387e+09 1.18452e+09 1.18387e+09 1.18452e+09 1.18387e+09 1.18452e+09 1.18387e+09 1.18452e+09 1.18387e+09 1.18452e+09 1.18387e+09 1.18452e+09 1.18387e+09 1.18452e+09 1.18387e+09 1.18452e+09 1.5526e+14 0 1.18387e+09 1.18452e+09 1.5526e+14 0 1.18387e+09 1.18452e+09 1.5526e+14 0 1.5526e+14 0 1.5526e+14 0 1.5526e+14 0 1.5526e+14 0 1.18387e+09 1.18452e+09 0 0 0 0 0 0 0 0 0 0 0 0 0 0 0 0 0 0 0 0 0 0 0 0 0 0 0 0 0 0 0 0 0 0 0 0 0 0 0 0 0 0 0 0 0 0 0 0 0 0 0 0 0 0 0 0 0 0 0 0 0 0 
0.994488 0.9822 0.969827 0.962109 0.950646 0.939561 0.92383 0.913057 0.909345 0.896215 0.877589 0.876158 0.866403 0.849477 0.838561 0.833965 0.821172 0.816484 0.802538 0.794138 0.785401 0.778575 0.769704 0.757079 0.748275 0.734034 0.730129 0.720963 0.712883 0.704601 0.700948 0.688458 0.676784 0.670691 0.664664 0.651543 0.652014 0.641098 0.631831 0.624155 0.617876 0.611942 0.601539 0.595033 0.591709 0.581499 0.573217 0.569446 0.560037 0.559313 0.550829 0.54285 0.536924 0.530587 0.520453 0.514208 0.515361 0.505985 0.501995 0.494858 0.485776 0.48198 0.476291 0.469919 0.457833 0.458043 0.453044 0.446285 0.442372 0.438971 0.429301 0.430151 0.421515 0.417551 0.409791 0.405608 0.40421 0.401744 0.393345 0.389995 0.384381 0.380896 0.376907 0.368288 0.367446 0.35903 0.358129 0.352212 0.344368 0.3442 0.34074 0.337492 0.334108 0.331474 0.326297 0.322678 0.318125 0.314565 0.308378 0.307183 0.302377 0 
