Finite rod, albedo problem, isotropic scattering, exponential random flight, mu_t: 3
Analogmu_t c: 0.9 rod_length: 1 dx: 0.0196078 numsamples: 10000000 numCollisionOrders: 10 numMoments: 10
total albedo R: 0.460137
total albedo T: 0.294648
per-collision order albedos R: 
0 0.224537 0.0996038 0.0536471 0.0316084 0.0191422 0.0118129 0.0073887 0.004628 0.0029126 
per-collision order albedos T: 
0.0498106 0.0672349 0.0578808 0.0420705 0.0280458 0.0182415 0.0116354 0.0072856 0.0046489 0.0028814 
Left-moving collision density:
1.3606 1.33096 1.29197 1.26156 1.2297 1.19571 1.15863 1.13261 1.1062 1.06734 1.03841 1.00912 0.982653 0.948758 0.918892 0.890485 0.862645 0.831076 0.80659 0.779938 0.751337 0.723154 0.699256 0.669033 0.644788 0.617161 0.595048 0.567018 0.541732 0.517028 0.494052 0.465865 0.442603 0.416792 0.392695 0.367139 0.343271 0.319255 0.295494 0.270677 0.247294 0.223507 0.199017 0.175736 0.150639 0.12825 0.104473 0.0821865 0.0593946 0.035088 0.0116433 
Right-moving collision density:
2.9717 2.91059 2.84775 2.79782 2.74152 2.67802 2.63219 2.57494 2.51626 2.46803 2.41727 2.36497 2.31625 2.26535 2.22413 2.17536 2.13151 2.07631 2.0425 1.98738 1.9494 1.90232 1.86651 1.82363 1.78028 1.74385 1.70299 1.66518 1.62799 1.58962 1.55135 1.51184 1.47 1.43718 1.40336 1.37177 1.33283 1.30071 1.27143 1.23524 1.20224 1.17076 1.13708 1.10848 1.07265 1.04175 1.01441 0.986488 0.956352 0.925981 0.898528 
Collision Density Moments:
2.44993 0.937877 0.53556 0.36292 0.270234 0.213465 0.175542 0.148603 0.128572 0.113144 
Per-collision Density Moments:
0 0 0 0 0 0 0 0 0 0 
0.950189 0.266886 0.128128 0.0783543 0.0547091 0.0414216 0.0330821 0.0274267 0.0233676 0.0203259 
0.563328 0.225331 0.128507 0.0863927 0.0638375 0.050113 0.0410088 0.034583 0.0298315 0.0261891 
0.349412 0.158663 0.0967264 0.0676087 0.0511907 0.0408382 0.0337931 0.0287259 0.0249249 0.0219786 
0.218675 0.104693 0.0656986 0.0467466 0.0358139 0.0288066 0.0239796 0.0204753 0.0178277 0.0157634 
0.13719 0.0672504 0.042748 0.0306546 0.0236035 0.0190493 0.0158946 0.0135947 0.0118515 0.010489 
0.0860948 0.042666 0.0272838 0.0196391 0.0151611 0.0122593 0.0102441 0.00877212 0.00765461 0.00678002 
0.0540257 0.0268962 0.0172387 0.0124235 0.00959679 0.00776232 0.00648711 0.00555502 0.00484706 0.00429282 
0.0339354 0.0169294 0.0108602 0.00783078 0.00605138 0.00489613 0.0040928 0.00350543 0.00305918 0.00270974 
0.0212738 0.0106282 0.00683061 0.00493157 0.0038139 0.00308697 0.00258073 0.00221014 0.00192831 0.00170745 
Per-collision Densities:
0 0 0 0 0 0 0 0 0 0 0 0 0 0 0 0 0 0 0 0 0 0 0 0 0 0 0 0 0 0 0 0 0 0 0 0 0 0 0 0 0 0 0 0 0 0 0 0 0 0 0 
2.91472 2.74825 2.58616 2.44474 2.30505 2.16849 2.05279 1.92932 1.81795 1.71369 1.61839 1.52416 1.43678 1.35573 1.28194 1.20746 1.13923 1.07008 1.0133 0.951425 0.897574 0.845626 0.799955 0.750985 0.708451 0.670936 0.630442 0.593166 0.562744 0.531966 0.500397 0.469297 0.441716 0.417899 0.393506 0.371627 0.349467 0.329113 0.312814 0.293515 0.277573 0.260431 0.246539 0.232642 0.218764 0.204291 0.192387 0.185028 0.17315 0.163353 0.154652 
0.694033 0.724909 0.750975 0.77518 0.790464 0.802495 0.807855 0.817076 0.816408 0.815169 0.808131 0.804158 0.79664 0.783365 0.774894 0.759528 0.748139 0.73107 0.716417 0.697481 0.684252 0.665586 0.647562 0.633915 0.613805 0.593936 0.575535 0.560521 0.540585 0.518971 0.505298 0.4878 0.467935 0.451671 0.434423 0.419873 0.401508 0.389722 0.374376 0.356215 0.341292 0.326487 0.311503 0.29812 0.282795 0.269974 0.257943 0.243525 0.232473 0.21954 0.208187 
0.305857 0.324431 0.339206 0.353899 0.36644 0.376808 0.385601 0.395066 0.405297 0.412962 0.416741 0.42456 0.42868 0.428573 0.433056 0.433658 0.431603 0.429925 0.432745 0.428706 0.42715 0.422198 0.421566 0.413335 0.406368 0.403267 0.39806 0.389895 0.384688 0.380123 0.369913 0.361075 0.350722 0.343531 0.335809 0.326548 0.318403 0.307999 0.300604 0.288068 0.277828 0.269933 0.259289 0.24835 0.237619 0.229515 0.220004 0.209896 0.199257 0.188333 0.176868 
0.165515 0.175496 0.183064 0.191214 0.200598 0.206968 0.213394 0.221483 0.227149 0.231463 0.239062 0.241271 0.245407 0.249752 0.250089 0.255546 0.258453 0.258157 0.261472 0.260549 0.260998 0.260595 0.261217 0.260508 0.259427 0.257785 0.257239 0.252817 0.249242 0.246049 0.244555 0.242138 0.236844 0.23181 0.22772 0.224099 0.215684 0.211905 0.207968 0.202195 0.196528 0.191638 0.183523 0.178087 0.17136 0.163904 0.1581 0.150384 0.144289 0.137583 0.130142 
0.0966195 0.103 0.10659 0.112348 0.118825 0.121222 0.127184 0.132019 0.135328 0.13721 0.142978 0.143677 0.149262 0.150368 0.152561 0.154408 0.157595 0.157631 0.159824 0.161792 0.162374 0.160308 0.162726 0.160252 0.161879 0.16167 0.161787 0.161415 0.160176 0.158697 0.158533 0.155076 0.152169 0.150073 0.148859 0.145901 0.14382 0.139097 0.136058 0.13414 0.129846 0.124848 0.122731 0.11882 0.113475 0.110027 0.106019 0.101118 0.0953292 0.091698 0.0873171 
0.0587673 0.0622812 0.0660552 0.0681258 0.071094 0.074868 0.0769692 0.0802434 0.0829821 0.0845376 0.0868224 0.0888828 0.0911064 0.0924528 0.0943398 0.0950691 0.0968745 0.0980424 0.0993888 0.100144 0.0997152 0.101424 0.102031 0.101225 0.102439 0.101913 0.102541 0.102581 0.101235 0.101235 0.0989451 0.096645 0.0974967 0.0960177 0.094044 0.0926568 0.0913971 0.0891378 0.0869193 0.0867918 0.0834207 0.0810186 0.0781269 0.0765051 0.0726954 0.0709053 0.0680748 0.0656421 0.0636837 0.0585021 0.0568242 
0.0356745 0.0389436 0.0405807 0.0430644 0.0445536 0.0457674 0.0477717 0.0498882 0.0513009 0.0524382 0.0540651 0.0551361 0.0567222 0.0574515 0.0584817 0.0597363 0.0600678 0.0605982 0.0616131 0.0625872 0.0626841 0.0631023 0.063597 0.0644079 0.0648924 0.0637296 0.0645558 0.0636276 0.0641019 0.0629595 0.0623169 0.0620517 0.0618528 0.0608634 0.0599046 0.0589509 0.0579768 0.0558348 0.055284 0.0536622 0.053193 0.0517497 0.0494853 0.0491997 0.0468639 0.0446352 0.0430287 0.0413508 0.0400401 0.0374901 0.0354756 
0.0227256 0.0239292 0.0249492 0.0265149 0.0275604 0.0287028 0.0302175 0.0314262 0.0318138 0.0325941 0.0333336 0.0344811 0.0355419 0.0361896 0.0365415 0.0374289 0.0371739 0.0388008 0.0390201 0.0395454 0.0398004 0.0398769 0.0398514 0.0407745 0.0402594 0.0398463 0.0404073 0.0401319 0.0398157 0.040035 0.0397749 0.0388926 0.0389181 0.0377298 0.0380664 0.0366129 0.0361284 0.0354858 0.0346137 0.0342261 0.0339405 0.0325227 0.0315078 0.0304878 0.0294678 0.0287997 0.0264843 0.0265353 0.0250563 0.023766 0.0223992 
0.014535 0.0150756 0.0159477 0.0168351 0.0178041 0.0180336 0.0184977 0.0188037 0.0205173 0.0203184 0.0210273 0.0216648 0.0213231 0.0225165 0.0229959 0.0233121 0.024327 0.0235518 0.0246789 0.0238374 0.0243729 0.0250869 0.0246891 0.0254082 0.0248676 0.0252654 0.0256071 0.0251022 0.0253317 0.0243729 0.0242199 0.0241383 0.0242607 0.0242301 0.023562 0.0232764 0.0231183 0.0229194 0.0213639 0.0220524 0.0208794 0.0206703 0.0203286 0.0187935 0.0185691 0.0181101 0.0171309 0.0170595 0.0156825 0.0151062 0.0137853 
