Finite rod, albedo problem, isotropic scattering, exponential random flight, mu_t: 1
Analogmu_t c: 0.7 rod_length: 8.64976 dx: 0.19802 numsamples: 10000000 numCollisionOrders: 2 numMoments: 2
total albedo R: 0.291958
total albedo T: 0.0080377
per-collision order albedos R: 
0 0.174908 
per-collision order albedos T: 
0.0001813 0.0005328 
Left-moving collision density:
0.277537 0.248957 0.222976 0.2001 0.178833 0.160709 0.144454 0.129478 0.116093 0.104182 0.0935487 0.0839204 0.075193 0.0675281 0.0606909 0.0544037 0.0482639 0.0438759 0.0391537 0.0351874 0.0316226 0.0281229 0.0253136 0.0222917 0.0201445 0.0179608 0.0159848 0.0143683 0.0127174 0.0114832 0.0100586 0.00898345 0.00793406 0.00688669 0.00600092 0.00520908 0.00448491 0.00372084 0.00309464 0.00244622 0.00183618 0.001212 0.000661045 0.000118675 
Right-moving collision density:
0.948122 0.851363 0.762479 0.684655 0.613209 0.55135 0.494168 0.443859 0.397053 0.356301 0.320748 0.28729 0.257091 0.231807 0.207404 0.186385 0.16725 0.149657 0.134601 0.120985 0.107844 0.0973494 0.0871362 0.0782715 0.0700506 0.0628089 0.0565191 0.050445 0.0452616 0.0404934 0.0364438 0.0325089 0.0293647 0.0262368 0.0233674 0.0210878 0.0188951 0.0167907 0.0150692 0.0132866 0.0119301 0.0105979 0.00919656 0.00572014 
Collision Density Moments:
2.33271 4.05008 
Per-collision Density Moments:
0 0 
0.999819 0.99804 
Per-collision Densities:
0.948122 0.851363 0.762479 0.684655 0.613209 0.55135 0.494168 0.443859 0.397053 0.356301 0.320748 0.28729 0.257091 0.231807 0.207404 0.186385 0.16725 0.149657 0.134601 0.120985 0.107844 0.0973494 0.0871362 0.0782715 0.0700506 0.0628089 0.0565191 0.050445 0.0452616 0.0404934 0.0364438 0.0325089 0.0293647 0.0262368 0.0233674 0.0210878 0.0188951 0.0167907 0.0150692 0.0132866 0.0119301 0.0105979 0.00919656 0.00572014 
0.907558 0.745389 0.609683 0.501036 0.410127 0.337214 0.276337 0.227166 0.185934 0.152596 0.125634 0.10272 0.0839472 0.0690885 0.0565565 0.0465756 0.0380533 0.0312267 0.0257202 0.0212494 0.0172149 0.0142637 0.0116519 0.00955359 0.00782296 0.0064337 0.00521867 0.00426978 0.00356884 0.00292648 0.00244622 0.00195435 0.00157813 0.00131401 0.00107212 0.00088678 0.00074033 0.00056762 0.000485305 0.0003838 0.00031916 0.000257045 0.000208565 0.000134835 
