Finite rod, albedo problem, isotropic scattering, exponential random flight, mu_t: 3
Analogmu_t c: 0.7 rod_length: 3 dx: 0.0588235 numsamples: 10000000 numCollisionOrders: 10 numMoments: 10
total albedo R: 0.291958
total albedo T: 0.006653
per-collision order albedos R: 
0 0.1749 0.0612072 0.0267673 0.0131032 0.0069126 0.0037596 0.0021356 0.0012544 0.0007328 
per-collision order albedos T: 
0.0001253 0.0003966 0.0006896 0.0008586 0.0009135 0.0008592 0.0007364 0.0005805 0.0004442 0.0003167 
Left-moving collision density:
0.837325 0.760432 0.689425 0.625449 0.567191 0.513594 0.467587 0.425017 0.385177 0.349766 0.317521 0.287825 0.261615 0.238012 0.215541 0.195837 0.178814 0.161121 0.145168 0.133761 0.120406 0.109743 0.100125 0.0895764 0.0817496 0.0741574 0.0662082 0.0606441 0.0548301 0.049317 0.0449854 0.0408323 0.0368611 0.0334985 0.029818 0.0271626 0.0244443 0.0217158 0.0191862 0.0173162 0.0154972 0.0134997 0.0117742 0.010115 0.0085782 0.007089 0.0057919 0.0043214 0.0030872 0.0018241 0.0005644 
Right-moving collision density:
2.8605 2.59881 2.35777 2.14078 1.94025 1.76225 1.60036 1.45461 1.32046 1.19565 1.0856 0.987817 0.896743 0.812986 0.737604 0.671456 0.608367 0.554032 0.503384 0.453732 0.414744 0.376327 0.339716 0.309167 0.281746 0.255398 0.231919 0.209756 0.190757 0.1735 0.156347 0.142984 0.128709 0.116866 0.106711 0.0963645 0.0881603 0.0796178 0.0718114 0.0654347 0.0599012 0.0535925 0.0487662 0.0442255 0.0395947 0.0360043 0.0326349 0.0287844 0.026197 0.0235195 0.0207349 
Collision Density Moments:
2.3373 1.36229 1.4892 2.23498 4.04106 8.22197 18.1028 42.1222 102.028 254.706 
Per-collision Density Moments:
0 0 0 0 0 0 0 0 0 0 
0.999875 0.332843 0.220732 0.2173 0.279536 0.435556 0.780696 1.55168 3.33056 7.57443 
0.524528 0.290008 0.266828 0.331604 0.506282 0.895613 1.7637 3.75889 8.49819 20.0915 
0.305178 0.221118 0.247067 0.355063 0.604488 1.16 2.42753 5.41542 12.6749 30.775 
0.185937 0.160826 0.204749 0.324568 0.594646 1.20522 2.62694 6.04143 14.4684 35.7489 
0.116154 0.113927 0.159129 0.270428 0.521985 1.10022 2.47021 5.81125 14.164 35.4838 
0.0735625 0.0791953 0.118343 0.21137 0.423252 0.916751 2.10065 5.01859 12.3773 31.2932 
0.0469816 0.0543317 0.0854086 0.15828 0.325641 0.719654 1.67426 4.04697 10.0731 25.656 
0.0301562 0.0368167 0.0600719 0.114309 0.239704 0.537193 1.26286 3.07676 7.70498 19.7179 
0.0194581 0.0248045 0.0416687 0.0809309 0.172209 0.390017 0.923921 2.26367 5.69237 14.6123 
Per-collision Densities:
0 0 0 0 0 0 0 0 0 0 0 0 0 0 0 0 0 0 0 0 0 0 0 0 0 0 0 0 0 0 0 0 0 0 0 0 0 0 0 0 0 0 0 0 0 0 0 0 0 0 0 
2.75096 2.30777 1.93317 1.6197 1.35498 1.13686 0.953409 0.799821 0.671279 0.561484 0.471197 0.394912 0.332449 0.276282 0.231963 0.194252 0.16285 0.137091 0.114859 0.0955451 0.0809132 0.0680697 0.0566678 0.0475439 0.0400095 0.0335376 0.0279004 0.0233172 0.0197285 0.0162962 0.0138329 0.011424 0.0097614 0.0081141 0.0070159 0.005712 0.0047005 0.0039967 0.0033456 0.0028288 0.0023902 0.0019193 0.0015946 0.001394 0.0011237 0.0009248 0.000765 0.0006205 0.0006341 0.0005049 0.000442 
0.565767 0.615745 0.635052 0.632199 0.613997 0.58336 0.548369 0.510087 0.468824 0.425541 0.386454 0.349297 0.312445 0.280505 0.248725 0.220097 0.194869 0.172802 0.151694 0.132024 0.115843 0.101748 0.0881722 0.0771545 0.0674339 0.0586653 0.0508827 0.0438821 0.0383163 0.0327301 0.028288 0.0245684 0.0206907 0.0181067 0.0156825 0.0133161 0.0117572 0.010047 0.0085323 0.0073185 0.0065229 0.0054111 0.004624 0.0041157 0.0034068 0.0028407 0.0024089 0.002057 0.0018632 0.0014501 0.0012903 
0.198924 0.225745 0.244863 0.260037 0.267112 0.270269 0.2691 0.264115 0.255581 0.246243 0.232618 0.221352 0.208746 0.193256 0.179933 0.16735 0.153209 0.139368 0.12708 0.116219 0.105167 0.0957644 0.0853689 0.0767992 0.0692818 0.0616624 0.0551395 0.0493306 0.0436713 0.0390405 0.0343417 0.0304198 0.0267682 0.0237677 0.0207842 0.018564 0.0161925 0.0140352 0.0123335 0.0108018 0.0096883 0.0084116 0.0072947 0.0063648 0.0054825 0.0048433 0.0042313 0.0034374 0.0030005 0.002686 0.0022355 
0.0872117 0.100137 0.110886 0.119789 0.126189 0.131053 0.13398 0.136534 0.136323 0.133991 0.132743 0.128855 0.123852 0.120518 0.114325 0.109434 0.103136 0.0968881 0.0915535 0.0847399 0.0791486 0.073185 0.0676889 0.0621724 0.0572526 0.0520659 0.047821 0.0437886 0.0393737 0.0358156 0.0321079 0.0295647 0.0266645 0.023613 0.0212653 0.0192168 0.0173808 0.0155839 0.0138108 0.012308 0.0110313 0.0096832 0.0084949 0.0075514 0.0067303 0.0060809 0.0051714 0.0043027 0.003927 0.0032266 0.0027625 
0.0428757 0.049062 0.0552534 0.0598247 0.0642719 0.0680748 0.0710362 0.0724421 0.0738599 0.0741489 0.0749598 0.0740146 0.073066 0.0719287 0.069989 0.0676158 0.0654653 0.0628626 0.0601392 0.0571642 0.0543337 0.0512635 0.0482205 0.0448409 0.0422807 0.0398463 0.0364922 0.0338317 0.031314 0.0291907 0.0267801 0.0248013 0.0223465 0.0208012 0.0190077 0.0170357 0.0155159 0.0143327 0.0128707 0.0118116 0.0104414 0.0095523 0.0084609 0.0077316 0.0068612 0.0059636 0.0054281 0.0047515 0.0040409 0.0033966 0.0030124 
0.0227035 0.0261137 0.0293046 0.0319226 0.0341598 0.0363715 0.0386512 0.0401404 0.0412522 0.0424303 0.0426598 0.042551 0.0427533 0.0427533 0.0420036 0.0416976 0.0411349 0.0398412 0.0379321 0.0370005 0.0361981 0.0338487 0.0327131 0.0310896 0.0296922 0.0277984 0.0261103 0.024616 0.0231999 0.0216818 0.0203456 0.0189975 0.0174488 0.0161653 0.0151096 0.0141729 0.0129489 0.0118575 0.0107032 0.0101065 0.0091494 0.008347 0.00765 0.0069258 0.0059993 0.0054094 0.0049164 0.0042738 0.0037485 0.0032589 0.002703 
0.0121618 0.0143038 0.0162027 0.0175644 0.0192015 0.0204204 0.022117 0.0228361 0.0235637 0.0246007 0.0248489 0.0251685 0.0253249 0.0251583 0.0254677 0.0254643 0.0252518 0.0246721 0.0239547 0.0236623 0.0229585 0.0223329 0.0214829 0.020791 0.0198271 0.0192032 0.0181254 0.0172193 0.0162809 0.01564 0.0143956 0.0139009 0.0130152 0.0124015 0.011373 0.0105366 0.0102561 0.0092242 0.0085527 0.0078489 0.007378 0.0065705 0.0063512 0.005559 0.0051306 0.0044217 0.0039763 0.0035785 0.0031977 0.0028441 0.0023681 
0.0069547 0.0082892 0.0089386 0.0101252 0.0113033 0.0117249 0.0123913 0.0132175 0.013838 0.0144109 0.0146234 0.0151045 0.0152524 0.0156536 0.0154105 0.0156621 0.0151164 0.0156859 0.0152439 0.0149277 0.0148206 0.014263 0.0138822 0.0133042 0.0132294 0.0127704 0.012155 0.01173 0.0114104 0.0106675 0.010421 0.0099552 0.0092089 0.0087414 0.0082416 0.0078251 0.0074732 0.0067252 0.0064073 0.0058973 0.0054655 0.0050473 0.0047124 0.0043894 0.0039015 0.0035819 0.0031994 0.0027387 0.0025041 0.0023579 0.0017544 
0.0040052 0.0047838 0.0052649 0.0059449 0.0064396 0.0070091 0.0073559 0.0079271 0.0082807 0.0085102 0.0088043 0.0091919 0.0093381 0.0093211 0.0095217 0.0096662 0.0097104 0.0095863 0.009503 0.0095455 0.0093534 0.0092412 0.009078 0.0088179 0.0087482 0.0084932 0.0081005 0.0076262 0.0075684 0.007276 0.0069836 0.0069173 0.0064056 0.0060928 0.0059211 0.0056576 0.0054145 0.0049827 0.0044778 0.004335 0.0040018 0.0038845 0.0034918 0.0031263 0.0029104 0.0026826 0.0024701 0.002142 0.0018904 0.0016541 0.0013328 
