Finite rod, albedo problem, isotropic scattering, exponential random flight, mu_t: 1
Analogmu_t c: 0.477819 rod_length: 2.6 dx: 0.0257426 numsamples: 10000000 numCollisionOrders: 2 numMoments: 2
total albedo R: 0.157348
total albedo T: 0.148766
per-collision order albedos R: 
0 0.11881 
per-collision order albedos T: 
0.0741757 0.0460126 
Left-moving collision density:
0.155047 0.153637 0.149076 0.147646 0.143941 0.143051 0.138063 0.135348 0.133596 0.129723 0.128872 0.125388 0.122618 0.120722 0.118582 0.115602 0.113077 0.111768 0.108657 0.105265 0.104469 0.101808 0.100468 0.0972047 0.0962103 0.0942563 0.0919294 0.0908301 0.087905 0.0864599 0.0837368 0.0823888 0.0806446 0.0793122 0.0765891 0.0753499 0.0743088 0.0718032 0.0717372 0.0691034 0.068109 0.0657976 0.064943 0.063292 0.0620373 0.0603164 0.0588636 0.0568513 0.0564668 0.0542059 0.0536155 0.0526754 0.0505622 0.0485266 0.0478429 0.0466232 0.045753 0.0432474 0.0424938 0.0418878 0.0407069 0.0397435 0.0393278 0.0373545 0.0361658 0.0350004 0.0335825 0.0322151 0.0312168 0.030098 0.0295775 0.028447 0.0273166 0.0262212 0.0249858 0.0244148 0.022725 0.0221656 0.0210546 0.0199087 0.0192017 0.0188987 0.017034 0.016327 0.015317 0.0145867 0.0135534 0.0125201 0.0119568 0.0104574 0.00945904 0.00842185 0.00787023 0.00686023 0.00613381 0.00514712 0.00400115 0.00321258 0.00231135 0.00134019 0.000419538 0 
Right-moving collision density:
0.996722 0.972917 0.955957 0.936779 0.919053 0.903426 0.885529 0.871094 0.853089 0.838215 0.82477 0.806804 0.790189 0.778022 0.76119 0.749245 0.733361 0.721804 0.709203 0.691159 0.68358 0.670947 0.6588 0.645277 0.633666 0.619899 0.611738 0.597046 0.586616 0.577704 0.564182 0.552233 0.546732 0.535137 0.5256 0.514346 0.507568 0.494857 0.484765 0.478787 0.47007 0.462805 0.456147 0.444081 0.436829 0.425501 0.418828 0.410262 0.40386 0.397396 0.390268 0.380347 0.374333 0.365764 0.360799 0.354693 0.347017 0.340782 0.334162 0.328545 0.321798 0.316557 0.307397 0.304387 0.301341 0.295068 0.288534 0.283624 0.278605 0.272665 0.267903 0.261613 0.257418 0.253413 0.246933 0.242128 0.238554 0.236239 0.230218 0.225673 0.222635 0.217919 0.213211 0.207998 0.20468 0.200543 0.196764 0.193819 0.189892 0.18497 0.182872 0.179038 0.176078 0.173677 0.169043 0.16557 0.162365 0.158842 0.155917 0.152856 0.150572 0 
Collision Density Moments:
1.32799 1.18912 
Per-collision Density Moments:
0 0 
0.925824 0.732639 
Per-collision Densities:
5.461e+08 5.46702e+08 5.461e+08 5.46702e+08 5.461e+08 5.46702e+08 5.461e+08 5.46702e+08 5.461e+08 5.46702e+08 5.461e+08 5.46702e+08 5.461e+08 5.46702e+08 5.461e+08 5.46702e+08 5.461e+08 5.46702e+08 5.461e+08 5.46702e+08 7.16585e+13 0 5.461e+08 5.46702e+08 7.16585e+13 0 5.461e+08 5.46702e+08 7.16585e+13 0 7.16585e+13 0 7.16585e+13 0 7.16585e+13 0 7.16585e+13 0 5.461e+08 5.46702e+08 0 0 0 0 0 0 0 0 0 0 0 0 0 0 0 0 0 0 0 0 0 0 0 0 0 0 0 0 0 0 0 0 0 0 0 0 0 0 0 0 0 0 0 0 0 0 0 0 0 0 0 0 0 0 0 0 0 0 0 0 0 0 
0.992915 0.962355 0.939222 0.913607 0.889798 0.869618 0.845176 0.825539 0.803878 0.78397 0.766233 0.743663 0.722492 0.707587 0.687014 0.671712 0.652833 0.636875 0.622078 0.602387 0.590912 0.575541 0.561673 0.545621 0.532732 0.517846 0.506884 0.491116 0.479101 0.468986 0.454873 0.441518 0.434692 0.421372 0.411307 0.400325 0.39146 0.379438 0.368646 0.362404 0.352859 0.344103 0.337826 0.326024 0.319475 0.30784 0.300953 0.292115 0.287376 0.280174 0.272389 0.26495 0.257927 0.251059 0.24562 0.239211 0.233652 0.226745 0.22133 0.215697 0.209804 0.20482 0.198279 0.194398 0.190867 0.186827 0.181279 0.176948 0.171949 0.167477 0.164358 0.158018 0.155039 0.151112 0.147685 0.142884 0.139275 0.137655 0.132151 0.129117 0.127299 0.122595 0.12005 0.116344 0.113563 0.111158 0.108307 0.105009 0.103331 0.0994073 0.0977408 0.094905 0.0926908 0.0910865 0.0871941 0.0859588 0.0832279 0.0810952 0.0792772 0.0774903 0.0743166 0 
