Finite rod, albedo problem, isotropic scattering, exponential random flight, mu_t: 1
Analogmu_t c: 0.999 rod_length: 2.6 dx: 0.0257426 numsamples: 10000000 numCollisionOrders: 2 numMoments: 2
total albedo R: 0.56377
total albedo T: 0.433626
per-collision order albedos R: 
0 0.248442 
per-collision order albedos T: 
0.0742444 0.0964732 
Left-moving collision density:
0.559163 0.555636 0.548943 0.54094 0.53845 0.536796 0.527391 0.519117 0.515753 0.508753 0.504483 0.497184 0.493603 0.491081 0.483541 0.474172 0.469102 0.465004 0.459876 0.452791 0.449314 0.442085 0.44017 0.431993 0.425311 0.419166 0.414593 0.409543 0.403647 0.400741 0.393671 0.386539 0.380821 0.37443 0.371218 0.366346 0.358709 0.353974 0.352234 0.343097 0.335767 0.332457 0.325387 0.320547 0.315159 0.310528 0.303738 0.29875 0.291641 0.284933 0.281736 0.277738 0.270459 0.263404 0.259213 0.254586 0.247481 0.24294 0.236608 0.22988 0.227126 0.221116 0.214466 0.207602 0.202952 0.197785 0.192459 0.187106 0.181462 0.176272 0.17144 0.165228 0.15883 0.153846 0.148365 0.141419 0.137209 0.131001 0.126048 0.119646 0.114367 0.109282 0.104038 0.097364 0.0915837 0.0857451 0.0808544 0.0755441 0.0690607 0.0640495 0.0587587 0.0522325 0.0476293 0.0424122 0.036562 0.0308322 0.0255258 0.0195979 0.0138215 0.00816158 0.0026765 0 
Right-moving collision density:
0.997414 0.996878 0.986879 0.982916 0.970831 0.969771 0.961155 0.960048 0.953506 0.947197 0.940372 0.938379 0.927794 0.924519 0.919174 0.912539 0.90651 0.901274 0.893838 0.892622 0.884181 0.878354 0.873821 0.86928 0.86261 0.857987 0.851954 0.845362 0.837912 0.831156 0.8298 0.822136 0.815672 0.807701 0.803342 0.801594 0.794396 0.791584 0.785423 0.778986 0.771912 0.764279 0.764512 0.754241 0.749886 0.744584 0.737506 0.734204 0.727313 0.721497 0.71705 0.711665 0.705015 0.70087 0.695618 0.687433 0.680449 0.675764 0.672512 0.665229 0.658357 0.650906 0.650747 0.645448 0.637959 0.630885 0.627435 0.620847 0.614865 0.609543 0.604842 0.598126 0.592928 0.584654 0.580874 0.576994 0.5691 0.564769 0.561513 0.5524 0.548279 0.541469 0.537569 0.530705 0.525919 0.521222 0.514793 0.511526 0.502891 0.496423 0.492697 0.484913 0.477734 0.478519 0.466795 0.462957 0.459072 0.452224 0.449524 0.440111 0.43503 0 
Collision Density Moments:
2.59449 2.73622 
Per-collision Density Moments:
0 0 
0.925756 0.732393 
Per-collision Densities:
5.45687e+08 5.46702e+08 5.45687e+08 5.46702e+08 5.45687e+08 5.46702e+08 5.45687e+08 5.46702e+08 5.45687e+08 5.46702e+08 5.45687e+08 5.46702e+08 5.45687e+08 5.46702e+08 5.45687e+08 5.46702e+08 5.45687e+08 5.46702e+08 5.45687e+08 5.46702e+08 7.16585e+13 0 5.45687e+08 5.46702e+08 7.16585e+13 0 5.45687e+08 5.46702e+08 7.16585e+13 0 7.16585e+13 0 7.16585e+13 0 7.16585e+13 0 7.16585e+13 0 5.45687e+08 5.46702e+08 0 0 0 0 0 0 0 0 0 0 0 0 0 0 0 0 0 0 0 0 0 0 0 0 0 0 0 0 0 0 0 0 0 0 0 0 0 0 0 0 0 0 0 0 0 0 0 0 0 0 0 0 0 0 0 0 0 0 0 0 0 0 
0.98759 0.967386 0.938453 0.916676 0.88765 0.868472 0.843921 0.826565 0.804329 0.783434 0.763844 0.744487 0.72424 0.707571 0.688816 0.670345 0.652518 0.636789 0.618431 0.608692 0.589619 0.573171 0.56062 0.546169 0.532868 0.520123 0.507028 0.492732 0.480546 0.466806 0.456264 0.444703 0.431119 0.418754 0.41074 0.401708 0.390913 0.379181 0.370942 0.362901 0.351294 0.342887 0.336955 0.325954 0.319063 0.30979 0.301905 0.294392 0.287438 0.279789 0.272995 0.266663 0.259512 0.251513 0.245434 0.238943 0.232572 0.22784 0.222678 0.216097 0.210329 0.202614 0.200559 0.194829 0.190925 0.185401 0.181008 0.175589 0.170915 0.16738 0.163282 0.157797 0.154215 0.151352 0.147316 0.141897 0.139555 0.136296 0.132469 0.130158 0.125543 0.12308 0.120194 0.115831 0.114095 0.11023 0.108086 0.105627 0.101866 0.0998502 0.0971737 0.0946875 0.0917041 0.090834 0.086557 0.0854421 0.082956 0.0809826 0.079452 0.0773699 0.0757694 0 
