Finite rod, albedo problem, anisotropic scattering, exponential random flight, mu_t: 1 g: -0.9
Analogmu_t c: 0.8 rod_length: 1.2 dx: 0.0118812 numsamples: 10000000 numCollisionOrders: 2 numMoments: 2
total albedo R: 0.394718
total albedo T: 0.398613
per-collision order albedos R: 
0 0.345774 
per-collision order albedos T: 
0.30125 0.0144346 
Left-moving collision density:
0.391779 0.389885 0.384347 0.378405 0.374845 0.372092 0.366529 0.362598 0.358289 0.351598 0.34845 0.345757 0.338114 0.332913 0.329925 0.325683 0.323326 0.317106 0.312553 0.308496 0.303093 0.29795 0.296822 0.293009 0.285872 0.282505 0.281142 0.275772 0.275023 0.267633 0.263105 0.258745 0.25574 0.253763 0.247273 0.244142 0.23985 0.237342 0.233201 0.228176 0.223437 0.220281 0.215105 0.213093 0.206705 0.206899 0.198743 0.196554 0.19445 0.190351 0.186295 0.182936 0.178164 0.174141 0.170808 0.165236 0.16155 0.158183 0.156634 0.150642 0.148327 0.144388 0.138875 0.136678 0.132781 0.130559 0.126065 0.120249 0.1187 0.11259 0.110763 0.106547 0.103643 0.0978774 0.0948727 0.0906054 0.0862288 0.0848316 0.0819026 0.0771724 0.0737637 0.0702371 0.0657342 0.0636973 0.0597668 0.0554406 0.0518214 0.0484295 0.046157 0.0410481 0.0374458 0.0348955 0.0315288 0.0272448 0.0231122 0.0197792 0.0163115 0.0121453 0.00892167 0.00519308 0.00184325 0 
Right-moving collision density:
0.999143 0.990339 0.980601 0.972453 0.966006 0.955393 0.952674 0.942389 0.940529 0.928493 0.916171 0.916289 0.907283 0.896813 0.886351 0.886881 0.877766 0.871495 0.86658 0.856337 0.852457 0.844242 0.838771 0.826416 0.824034 0.812503 0.805021 0.79758 0.79487 0.791133 0.782952 0.776715 0.768762 0.761607 0.755177 0.746045 0.746903 0.730836 0.729792 0.723404 0.715131 0.713784 0.708035 0.699635 0.69685 0.687962 0.678577 0.674074 0.667652 0.663907 0.6624 0.654455 0.646215 0.64119 0.630568 0.62471 0.627883 0.620292 0.613432 0.608104 0.600243 0.596506 0.589015 0.585505 0.575885 0.573655 0.569724 0.562553 0.558648 0.554524 0.546663 0.541343 0.536504 0.533751 0.524796 0.518282 0.521177 0.513375 0.506473 0.501255 0.496146 0.492501 0.489185 0.481938 0.4764 0.470307 0.463893 0.462151 0.452177 0.45248 0.445578 0.443718 0.438012 0.435058 0.426203 0.422786 0.419403 0.415657 0.40634 0.402073 0.40044 0 
Collision Density Moments:
1.0334 0.501284 
Per-collision Density Moments:
0 0 
0.69875 0.337165 
Per-collision Densities:
1.18358e+09 1.18452e+09 1.18358e+09 1.18452e+09 1.18358e+09 1.18452e+09 1.18358e+09 1.18452e+09 1.18358e+09 1.18452e+09 1.18358e+09 1.18452e+09 1.18358e+09 1.18452e+09 1.18358e+09 1.18452e+09 1.18358e+09 1.18452e+09 1.18358e+09 1.18452e+09 1.5526e+14 0 1.18358e+09 1.18452e+09 1.5526e+14 0 1.18358e+09 1.18452e+09 1.5526e+14 0 1.5526e+14 0 1.5526e+14 0 1.5526e+14 0 1.5526e+14 0 1.18358e+09 1.18452e+09 0 0 0 0 0 0 0 0 0 0 0 0 0 0 0 0 0 0 0 0 0 0 0 0 0 0 0 0 0 0 0 0 0 0 0 0 0 0 0 0 0 0 0 0 0 0 0 0 0 0 0 0 0 0 0 0 0 0 0 0 0 0 
0.997114 0.984632 0.970501 0.95897 0.949072 0.934435 0.927685 0.914631 0.909017 0.893749 0.87865 0.875451 0.863744 0.851809 0.836145 0.833528 0.822881 0.813412 0.806435 0.792749 0.788036 0.776345 0.769393 0.753906 0.749125 0.735861 0.728303 0.718943 0.713136 0.705485 0.697043 0.687936 0.679831 0.670497 0.662796 0.652216 0.653781 0.636654 0.631822 0.62386 0.615856 0.611681 0.605402 0.595361 0.592062 0.582492 0.571896 0.56693 0.560525 0.555971 0.552706 0.543102 0.535654 0.529518 0.519014 0.513316 0.514805 0.506776 0.499066 0.494488 0.485995 0.482384 0.47619 0.470559 0.461679 0.458607 0.454382 0.448162 0.443584 0.439493 0.432137 0.426304 0.42197 0.419756 0.410927 0.404143 0.405776 0.400617 0.393471 0.388471 0.384608 0.380467 0.37827 0.369778 0.366807 0.362009 0.355798 0.354123 0.344275 0.343703 0.339469 0.338485 0.332256 0.331053 0.321954 0.320986 0.318941 0.31549 0.30571 0.304254 0.302251 0 
