Finite rod, albedo problem, anisotropic scattering, exponential random flight, mu_t: 1 g: 0.9
Analogmu_t c: 0.8 rod_length: 1.2 dx: 0.0118812 numsamples: 10000000 numCollisionOrders: 2 numMoments: 2
total albedo R: 0.0365682
total albedo T: 0.75038
per-collision order albedos R: 
0 0.0182214 
per-collision order albedos T: 
0.301046 0.274824 
Left-moving collision density:
0.0354258 0.0360991 0.0356698 0.0349797 0.0357288 0.0344831 0.0343148 0.0344073 0.0338182 0.0332458 0.0334058 0.0323116 0.0321769 0.0303926 0.0306703 0.0311753 0.0304599 0.0298708 0.0304599 0.0302832 0.0282211 0.028078 0.0283053 0.0281538 0.027674 0.0274804 0.0267061 0.0271606 0.0256203 0.0253594 0.0250059 0.0248713 0.0240043 0.0240128 0.0246272 0.023028 0.0230953 0.0232468 0.0224893 0.0226829 0.0210838 0.0212437 0.021008 0.0206461 0.0207134 0.0202 0.0185251 0.0194088 0.0187608 0.0183736 0.0184746 0.0175403 0.0175067 0.0176582 0.0163873 0.01616 0.0154446 0.0151584 0.0152089 0.015352 0.0144683 0.0136603 0.0135845 0.013332 0.013332 0.0128018 0.0122463 0.0122715 0.0112026 0.0111942 0.0112783 0.0102347 0.0102178 0.00990642 0.00973808 0.00877858 0.00850925 0.00847558 0.00765075 0.0078275 0.00698583 0.00687642 0.00672492 0.00648925 0.00583275 0.0055045 0.00559708 0.00504158 0.00428408 0.00402317 0.00357708 0.00356867 0.003131 0.00274383 0.00220517 0.00186008 0.0015655 0.00125408 0.00100158 0.00063125 0.00017675 0 
Right-moving collision density:
0.998141 0.995271 0.991509 0.992864 0.990364 0.988083 0.980121 0.977613 0.981114 0.978656 0.967109 0.969996 0.97029 0.962134 0.957741 0.960544 0.955208 0.957758 0.948525 0.949366 0.944518 0.946353 0.94265 0.936607 0.935218 0.926498 0.926692 0.92335 0.924175 0.919916 0.922854 0.917198 0.906845 0.903916 0.905271 0.897797 0.904691 0.899994 0.897638 0.893177 0.889802 0.890475 0.883363 0.8812 0.883043 0.878414 0.873995 0.874172 0.87041 0.872421 0.870544 0.866025 0.863946 0.86334 0.854729 0.84808 0.854199 0.852937 0.850142 0.849292 0.841742 0.840362 0.834908 0.834597 0.825549 0.831146 0.828453 0.82602 0.82347 0.821475 0.819017 0.819068 0.811611 0.814649 0.804372 0.803649 0.804431 0.802395 0.800349 0.797993 0.792951 0.797993 0.791007 0.786655 0.789298 0.78355 0.783474 0.781875 0.774502 0.773349 0.773727 0.771152 0.770563 0.767137 0.76048 0.761001 0.758847 0.757315 0.755589 0.755682 0.749555 0 
Collision Density Moments:
1.06542 0.604728 
Per-collision Density Moments:
0 0 
0.698954 0.337258 
Per-collision Densities:
1.18173e+09 1.18452e+09 1.18173e+09 1.18452e+09 1.18173e+09 1.18452e+09 1.18173e+09 1.18452e+09 1.18173e+09 1.18452e+09 1.18173e+09 1.18452e+09 1.18173e+09 1.18452e+09 1.18173e+09 1.18452e+09 1.18173e+09 1.18452e+09 1.18173e+09 1.18452e+09 1.5526e+14 0 1.18173e+09 1.18452e+09 1.5526e+14 0 1.18173e+09 1.18452e+09 1.5526e+14 0 1.5526e+14 0 1.5526e+14 0 1.5526e+14 0 1.5526e+14 0 1.18173e+09 1.18452e+09 0 0 0 0 0 0 0 0 0 0 0 0 0 0 0 0 0 0 0 0 0 0 0 0 0 0 0 0 0 0 0 0 0 0 0 0 0 0 0 0 0 0 0 0 0 0 0 0 0 0 0 0 0 0 0 0 0 0 0 0 0 0 
0.993705 0.982006 0.969558 0.962252 0.951285 0.940377 0.924377 0.91304 0.909446 0.896257 0.878868 0.874963 0.866908 0.850226 0.837711 0.833671 0.821256 0.818167 0.803211 0.794676 0.784652 0.778449 0.769502 0.75633 0.748696 0.733597 0.73002 0.719995 0.713052 0.703617 0.700755 0.688576 0.675698 0.669268 0.66511 0.651374 0.65182 0.640803 0.632024 0.62503 0.618364 0.612733 0.601463 0.595361 0.591574 0.583199 0.573587 0.568049 0.561122 0.559279 0.550652 0.544617 0.537404 0.530427 0.519611 0.514351 0.515369 0.506582 0.501827 0.494555 0.486222 0.481534 0.476173 0.469398 0.457193 0.458245 0.453137 0.447354 0.442001 0.439283 0.430294 0.429974 0.421751 0.417374 0.408966 0.405582 0.404758 0.400827 0.393824 0.389742 0.383581 0.380467 0.377336 0.368414 0.367489 0.360149 0.357776 0.352397 0.343871 0.343754 0.340572 0.337424 0.333788 0.331516 0.325372 0.321752 0.317746 0.313664 0.308126 0.307124 0.302184 0 
