Finite rod, albedo problem, isotropic scattering, exponential random flight, mu_t: 0.8
Analogmu_t c: 0.7 rod_length: 2.2 dx: 0.0217822 numsamples: 10000000 numCollisionOrders: 10 numMoments: 10
total albedo R: 0.252672
total albedo T: 0.352989
per-collision order albedos R: 
0 0.169702 0.0529898 0.0188996 0.0069549 0.0025943 0.0009506 0.0003673 0.0001358 4.9e-05 
per-collision order albedos T: 
0.172147 0.10578 0.0460467 0.0179851 0.0068802 0.0025857 0.0009688 0.0003783 0.0001391 4.94e-05 
Left-moving collision density:
0.20278 0.197767 0.195623 0.194324 0.19016 0.188374 0.186441 0.183563 0.180179 0.179537 0.177338 0.173279 0.170832 0.169147 0.165608 0.165085 0.161784 0.158813 0.157248 0.155136 0.153961 0.150573 0.148158 0.146395 0.143337 0.141731 0.140574 0.138572 0.134697 0.133247 0.130529 0.127903 0.126204 0.124983 0.121912 0.1203 0.118202 0.115333 0.114254 0.112431 0.110209 0.10846 0.105113 0.104911 0.10207 0.099765 0.0970564 0.0952614 0.0943065 0.0929062 0.0892014 0.0873971 0.0863137 0.0840733 0.0831322 0.080497 0.0783163 0.0784265 0.074437 0.0741202 0.0726282 0.0688682 0.0679409 0.0663203 0.0645665 0.062418 0.0604898 0.0589702 0.0571568 0.0557474 0.053452 0.0522032 0.0492926 0.0478694 0.0464003 0.0443115 0.0422731 0.0409188 0.0393946 0.03737 0.03507 0.0345695 0.0308417 0.0303046 0.0280229 0.0264436 0.0250526 0.0226975 0.0216186 0.0197685 0.0178678 0.0161784 0.0145302 0.0129464 0.0111789 0.00983832 0.00768977 0.00591768 0.00420527 0.00248368 0.000812591 0 
Right-moving collision density:
0.798042 0.790302 0.780615 0.773297 0.767462 0.757803 0.749425 0.744159 0.736487 0.729638 0.722692 0.714593 0.707358 0.702974 0.696739 0.688283 0.679523 0.671701 0.665044 0.660467 0.653406 0.646781 0.639812 0.636245 0.627876 0.623138 0.617188 0.609664 0.60437 0.597002 0.591929 0.585841 0.580736 0.575475 0.569897 0.563598 0.55786 0.552172 0.548109 0.543513 0.536406 0.528671 0.525838 0.51981 0.513181 0.508145 0.504417 0.499183 0.493936 0.488064 0.483317 0.476109 0.473998 0.46942 0.463824 0.45989 0.453788 0.450249 0.445612 0.441365 0.434874 0.434387 0.429819 0.423649 0.4173 0.413958 0.409266 0.402205 0.400988 0.397743 0.394042 0.390512 0.383515 0.380908 0.378644 0.374379 0.367819 0.366065 0.361722 0.359289 0.353629 0.34991 0.346086 0.342753 0.336344 0.336913 0.332079 0.328562 0.323939 0.321359 0.318595 0.315189 0.308743 0.306714 0.301205 0.300374 0.29739 0.293322 0.290554 0.288176 0.281189 0 
Collision Density Moments:
1.31302 1.15787 1.50434 2.29994 3.84162 6.77976 12.4196 23.3693 44.8676 87.5025 
Per-collision Density Moments:
0 0 0 0 0 0 0 0 0 0 
0.827853 0.655898 0.807435 1.19792 1.96486 3.42717 6.22825 11.6533 22.2813 43.3184 
0.30375 0.306046 0.419076 0.657315 1.11362 1.98237 3.65185 6.89788 13.2798 25.951 
0.113463 0.121582 0.1717 0.274166 0.469791 0.842732 1.56096 2.96038 5.71687 11.1986 
0.0425122 0.0464126 0.0661705 0.106232 0.18261 0.328178 0.608496 1.15461 2.23005 4.36807 
0.0158949 0.017421 0.0248769 0.0399708 0.068749 0.12362 0.229343 0.435436 0.841555 1.64949 
0.0059819 0.00658646 0.00944932 0.0152411 0.0262988 0.0474174 0.0881707 0.167722 0.324661 0.637166 
0.0022488 0.00247284 0.00354893 0.0057238 0.00987048 0.0177812 0.0330337 0.0627886 0.121464 0.23827 
0.0008296 0.000921637 0.0013271 0.00214674 0.00371386 0.00671134 0.0125034 0.0238225 0.0461749 0.0907227 
0.0003033 0.000334848 0.000478435 0.000767805 0.00131898 0.00237022 0.00439764 0.00835549 0.0161683 0.0317414 
Per-collision Densities:
0 0 0 0 0 0 0 0 0 0 0 0 0 0 0 0 0 0 0 0 0 0 0 0 0 0 0 0 0 0 0 0 0 0 0 0 0 0 0 0 0 0 0 0 0 0 0 0 0 0 0 0 0 0 0 0 0 0 0 0 0 0 0 0 0 0 0 0 0 0 0 0 0 0 0 0 0 0 0 0 0 0 0 0 0 0 0 0 0 0 0 0 0 0 0 0 0 0 0 0 0 0 
0.795164 0.781061 0.765507 0.75307 0.741262 0.727172 0.713299 0.702611 0.6905 0.678647 0.667178 0.655026 0.643719 0.634652 0.624267 0.611775 0.598494 0.588151 0.577812 0.569709 0.559246 0.550638 0.539179 0.532261 0.522551 0.513952 0.503816 0.495254 0.488239 0.477946 0.470573 0.461221 0.454436 0.445869 0.438684 0.43223 0.422249 0.416946 0.410684 0.403729 0.395778 0.38717 0.382267 0.374862 0.367668 0.362356 0.356792 0.349869 0.343386 0.336849 0.331482 0.323485 0.32034 0.315056 0.307954 0.304171 0.297748 0.29267 0.287997 0.282786 0.276786 0.275514 0.270304 0.264253 0.258927 0.255337 0.250177 0.244186 0.241716 0.238521 0.233641 0.230519 0.225023 0.222967 0.218757 0.215098 0.20969 0.206678 0.202872 0.199989 0.196376 0.193098 0.190096 0.186956 0.182677 0.181267 0.177843 0.17389 0.169579 0.168399 0.165626 0.162449 0.158079 0.156564 0.15285 0.151137 0.149944 0.145509 0.144265 0.141469 0.137507 0 
0.138609 0.139155 0.141795 0.14415 0.145256 0.145872 0.149104 0.150807 0.151137 0.153658 0.154925 0.155246 0.155581 0.157565 0.15756 0.1602 0.160393 0.160232 0.160057 0.161917 0.162133 0.161384 0.162082 0.162876 0.161329 0.163873 0.165328 0.163767 0.160342 0.162279 0.162468 0.16272 0.161715 0.163129 0.161614 0.1607 0.161334 0.159029 0.159461 0.159263 0.158983 0.157496 0.156766 0.156536 0.155494 0.153722 0.153268 0.152997 0.152152 0.152005 0.149315 0.148608 0.148401 0.146537 0.146918 0.145008 0.143324 0.144742 0.141542 0.141579 0.140445 0.138728 0.13832 0.137181 0.134927 0.133981 0.132999 0.130299 0.129973 0.129422 0.12861 0.127237 0.124446 0.122541 0.122619 0.121154 0.119051 0.119313 0.118106 0.117197 0.113547 0.11334 0.110701 0.110471 0.106188 0.106959 0.105141 0.104351 0.103534 0.101372 0.1001 0.0993886 0.0965101 0.0952981 0.0938198 0.0924793 0.0899175 0.0899221 0.0877415 0.0871584 0.0849548 0 
0.0427046 0.0433565 0.044339 0.0447338 0.046079 0.0464921 0.0470614 0.0474746 0.0478235 0.0486269 0.0497976 0.0493018 0.0506423 0.0511795 0.0510142 0.0522629 0.0522262 0.0520609 0.053406 0.0539156 0.0546502 0.0540855 0.055123 0.0554215 0.0547099 0.0551414 0.055775 0.0565784 0.0575195 0.0567804 0.0566335 0.0568263 0.0573359 0.0577858 0.0578133 0.0566197 0.0587085 0.0574185 0.058176 0.0589151 0.0572945 0.0583275 0.0577582 0.0588279 0.0578317 0.0573726 0.0574185 0.0575562 0.0582357 0.0577353 0.0576389 0.0571293 0.057648 0.0572624 0.0570696 0.0568033 0.0569089 0.0570329 0.0558117 0.0562616 0.055729 0.0547833 0.055123 0.0554169 0.0543334 0.0531535 0.0540304 0.0534565 0.0535208 0.0529791 0.0526531 0.0527587 0.0516018 0.0512437 0.0519278 0.0507341 0.049692 0.0496461 0.0495451 0.0488243 0.0484892 0.0476536 0.0466161 0.0461845 0.0466161 0.045675 0.0455556 0.0453169 0.0446604 0.043912 0.043407 0.0421124 0.0422364 0.0409463 0.0403403 0.0409739 0.0402669 0.0391191 0.0380908 0.0382101 0.0369981 0 
0.0152235 0.0153979 0.0155632 0.0159764 0.0157514 0.0166099 0.0166237 0.0167201 0.0169542 0.0179367 0.0176383 0.017597 0.0178586 0.0180606 0.0191211 0.018584 0.0189559 0.018988 0.0191992 0.0190064 0.0197685 0.0194379 0.0199842 0.020223 0.0201908 0.0201679 0.0207601 0.0207234 0.0203745 0.0210815 0.0205443 0.0207371 0.0212375 0.0209988 0.0210677 0.0216599 0.0212146 0.0213982 0.0215084 0.0215497 0.0218344 0.0209805 0.021435 0.0212513 0.0212789 0.0213982 0.0210218 0.0211365 0.0217793 0.0217563 0.0213569 0.0213982 0.0211641 0.021614 0.0218481 0.0216094 0.0213156 0.0215405 0.0211457 0.0218573 0.0210539 0.0216829 0.0214946 0.0209116 0.0208473 0.0210355 0.020021 0.0210906 0.0205168 0.020122 0.0203699 0.0203148 0.0199383 0.01992 0.019998 0.0197593 0.0195848 0.0196445 0.0188549 0.0190064 0.0189559 0.0191579 0.0183728 0.0186299 0.0182856 0.0180698 0.0177301 0.017147 0.0173904 0.0173399 0.0168349 0.0172343 0.0165365 0.0163299 0.0160315 0.0159305 0.0151775 0.0155494 0.0150903 0.0150582 0.0135615 0 
0.00564223 0.00567436 0.00572486 0.00596359 0.00581668 0.00628495 0.00600032 0.00635382 0.0063125 0.00642268 0.00663845 0.00663845 0.00658795 0.00657877 0.00633086 0.00679455 0.0070195 0.00709295 0.00708377 0.00697359 0.00738218 0.00758877 0.00742809 0.00749695 0.00790555 0.00724445 0.007575 0.00744645 0.00788259 0.00752909 0.00751991 0.00773109 0.00765305 0.0082315 0.00788259 0.00792391 0.00785505 0.00795605 0.00791473 0.00771732 0.00790555 0.00830036 0.00808 0.00829118 0.00812591 0.00827282 0.00827282 0.00821314 0.00784127 0.00801573 0.00786423 0.00812591 0.00802491 0.00809836 0.00819477 0.00790095 0.00770355 0.00785045 0.00827282 0.00820855 0.00874109 0.00783209 0.00778618 0.00755664 0.00796064 0.00800655 0.0077265 0.00757959 0.0079285 0.00796064 0.00771732 0.00749236 0.00731791 0.00734086 0.00748777 0.00739136 0.00774027 0.00738677 0.00733168 0.00734086 0.00694145 0.00703786 0.00681291 0.00665223 0.00665223 0.00698736 0.00678536 0.00649614 0.00638595 0.00623445 0.00665682 0.00625741 0.00624823 0.00645941 0.00572945 0.005959 0.00598195 0.00555959 0.00583505 0.00547236 0.00558714 0 
0.00219445 0.00215773 0.00204755 0.00236432 0.00219905 0.00236891 0.00243318 0.00238727 0.00234595 0.002525 0.00241941 0.00253877 0.00239186 0.00258009 0.00256173 0.00226332 0.00254795 0.00255255 0.00292441 0.00243318 0.00261223 0.00257091 0.00274077 0.00281423 0.00268568 0.00288768 0.00287391 0.00290605 0.00291064 0.00284636 0.00291982 0.00279586 0.00293818 0.00269486 0.00293818 0.00301623 0.00290605 0.00303918 0.00290605 0.00298868 0.00306673 0.00314477 0.00292441 0.00319527 0.00308968 0.00304836 0.002929 0.00284177 0.00314477 0.00291523 0.0029795 0.00302541 0.00302541 0.00306214 0.00319986 0.00299327 0.00325955 0.00304836 0.00329627 0.00290145 0.00310805 0.00290605 0.00290605 0.00290145 0.00290605 0.00290605 0.00301164 0.00283259 0.00270405 0.00271782 0.002929 0.00265355 0.00289227 0.00305295 0.00277291 0.00283259 0.00261223 0.00270405 0.002828 0.00252959 0.00263059 0.00262141 0.00276373 0.00263977 0.00260305 0.00274077 0.0025755 0.00262141 0.00246991 0.00252959 0.00245614 0.00246532 0.00230005 0.00249286 0.00224955 0.00235973 0.00238727 0.0021715 0.00233677 0.00202459 0.00215773 0 
0.000835545 0.000849318 0.000844727 0.000867682 0.000844727 0.000835545 0.000840136 0.000931955 0.000968682 0.0008585 0.0009595 0.000945727 0.000835545 0.00103295 0.000968682 0.000876864 0.001111 0.000844727 0.00123955 0.0010605 0.000950318 0.00106968 0.000936545 0.00105132 0.00114314 0.00102377 0.00106968 0.00104673 0.00107886 0.00109723 0.00107427 0.00116609 0.000991636 0.000996227 0.00112936 0.00106968 0.00116609 0.00118445 0.000991636 0.00108345 0.00108345 0.00102377 0.00100541 0.00105591 0.0010605 0.00114773 0.00113855 0.00110182 0.00103295 0.00101918 0.00118905 0.00104673 0.00104214 0.00115691 0.00113855 0.00123495 0.00121659 0.0011615 0.00130382 0.00122118 0.00104214 0.00115691 0.00115232 0.001111 0.00117986 0.00123036 0.00110182 0.00118445 0.00117068 0.00108345 0.00104214 0.00112936 0.00100082 0.00106509 0.000853909 0.00109264 0.00114773 0.00102377 0.0009595 0.00103755 0.00105591 0.000996227 0.00100082 0.000987045 0.000909 0.00107886 0.000936545 0.000904409 0.000964091 0.000913591 0.000821773 0.000899818 0.000881455 0.00101459 0.000840136 0.000886045 0.000835545 0.000840136 0.000913591 0.000771273 0.000771273 0 
0.000307591 0.000247909 0.000275455 0.000316773 0.000247909 0.000335136 0.000321364 0.000270864 0.000367273 0.000330545 0.000289227 0.000385636 0.000321364 0.000280045 0.000344318 0.000399409 0.000358091 0.000371864 0.000371864 0.000344318 0.000362682 0.000348909 0.000303 0.000321364 0.000445318 0.000385636 0.000381045 0.000312182 0.000463682 0.000449909 0.000459091 0.000376455 0.000330545 0.000449909 0.0004545 0.000472864 0.000417773 0.000325955 0.000422364 0.000422364 0.000422364 0.000445318 0.000445318 0.000422364 0.000436136 0.000440727 0.000431545 0.000482045 0.000417773 0.000417773 0.000408591 0.0004545 0.0004545 0.000436136 0.000385636 0.000394818 0.000362682 0.000426955 0.000367273 0.000371864 0.000376455 0.000385636 0.000404 0.000413182 0.000509591 0.000436136 0.000426955 0.000339727 0.000358091 0.000385636 0.000399409 0.000339727 0.000367273 0.000413182 0.000408591 0.000385636 0.000358091 0.000381045 0.000436136 0.000509591 0.000436136 0.000371864 0.000358091 0.000344318 0.000289227 0.000381045 0.000362682 0.000339727 0.000344318 0.000289227 0.000344318 0.000399409 0.000335136 0.000325955 0.000376455 0.000325955 0.000376455 0.000344318 0.000316773 0.000261682 0.000312182 0 
7.80455e-05 0.000123955 7.80455e-05 0.000110182 0.000101 0.000137727 0.000114773 0.000123955 0.0001515 0.000105591 0.000110182 0.000119364 0.0001515 0.000114773 0.000156091 0.000123955 0.000114773 0.0001515 0.000119364 0.000101 0.0001515 0.000133136 0.000114773 8.26364e-05 0.000156091 0.000137727 0.000110182 0.000128545 0.000142318 0.000197409 0.0001515 9.18182e-05 0.000211182 0.000165273 0.000146909 0.0001515 0.000105591 0.000114773 0.000188227 0.000188227 0.000169864 0.000156091 0.000197409 0.000179045 0.000160682 0.000105591 9.64091e-05 0.000160682 0.000174455 0.0001515 0.000183636 0.000123955 0.000119364 0.000197409 0.000133136 0.000160682 0.000211182 0.000101 0.000197409 0.000183636 0.000133136 0.0001515 0.000179045 0.000128545 0.000174455 0.000174455 0.000188227 0.000137727 0.000169864 0.000192818 9.18182e-05 0.000174455 0.000123955 0.000146909 0.000146909 0.000160682 0.000137727 0.000133136 9.64091e-05 0.000137727 0.000179045 0.0001515 0.000105591 0.000105591 9.18182e-05 0.000101 0.000128545 0.000142318 0.000165273 8.72273e-05 0.000142318 8.26364e-05 0.000101 0.000160682 0.000101 0.000101 0.000114773 0.000133136 8.72273e-05 0.000146909 9.64091e-05 0 
