Finite rod, albedo problem, isotropic scattering, exponential random flight, mu_t: 1
Analogmu_t c: 0.655444 rod_length: 2.6 dx: 0.0257426 numsamples: 10000000 numCollisionOrders: 2 numMoments: 2
total albedo R: 0.248592
total albedo T: 0.203302
per-collision order albedos R: 
0 0.162852 
per-collision order albedos T: 
0.0741967 0.0632514 
Left-moving collision density:
0.246689 0.243682 0.239455 0.234421 0.231589 0.228109 0.223284 0.21889 0.214866 0.212201 0.208472 0.204898 0.201363 0.198123 0.194149 0.190463 0.187848 0.185335 0.182231 0.17729 0.174652 0.170158 0.167874 0.165368 0.162591 0.158473 0.155874 0.154538 0.150296 0.149468 0.143878 0.141843 0.140266 0.136851 0.132574 0.129754 0.128208 0.12672 0.124549 0.121118 0.118469 0.116134 0.113528 0.112168 0.10929 0.10645 0.104088 0.10196 0.100091 0.0960393 0.0966065 0.0937513 0.0909427 0.0876058 0.086895 0.0854266 0.0820664 0.0791413 0.0772262 0.0757422 0.07474 0.0728482 0.0703038 0.067534 0.0658753 0.0633814 0.0611672 0.0594812 0.0575312 0.0553402 0.0539728 0.053192 0.0507952 0.048212 0.0464794 0.0450343 0.0427036 0.0410138 0.0389238 0.0380537 0.0357618 0.0342235 0.0319277 0.0301796 0.0286257 0.0271884 0.0254598 0.0233232 0.0214198 0.01919 0.017943 0.0164319 0.0145207 0.0129202 0.0111411 0.00952119 0.007676 0.00606 0.00402835 0.00264542 0.000854615 0 
Right-moving collision density:
0.992857 0.975505 0.963113 0.946817 0.932801 0.920122 0.904882 0.893524 0.877096 0.866335 0.853252 0.837931 0.826572 0.81448 0.801707 0.78975 0.778259 0.768528 0.752726 0.74113 0.732918 0.723269 0.711141 0.69859 0.687243 0.679081 0.668189 0.657164 0.645969 0.63771 0.627968 0.61638 0.611159 0.59818 0.590695 0.58061 0.571124 0.562955 0.552404 0.548294 0.539021 0.529574 0.526093 0.513651 0.506799 0.494313 0.488992 0.480799 0.476324 0.467715 0.461962 0.451847 0.447951 0.440931 0.432466 0.424732 0.419445 0.412181 0.408949 0.401009 0.393535 0.386838 0.378435 0.375056 0.370445 0.365768 0.357855 0.352401 0.347358 0.341135 0.337997 0.329357 0.326556 0.320865 0.314662 0.308998 0.304744 0.303827 0.295658 0.293316 0.287419 0.282245 0.279459 0.272067 0.268718 0.264422 0.260463 0.255351 0.249808 0.245515 0.243375 0.238236 0.23669 0.231278 0.227673 0.223261 0.218677 0.214753 0.213052 0.207303 0.204614 0 
Collision Density Moments:
1.59017 1.49989 
Per-collision Density Moments:
0 0 
0.925803 0.732815 
Per-collision Densities:
5.46532e+08 5.46702e+08 5.46532e+08 5.46702e+08 5.46532e+08 5.46702e+08 5.46532e+08 5.46702e+08 5.46532e+08 5.46702e+08 5.46532e+08 5.46702e+08 5.46532e+08 5.46702e+08 5.46532e+08 5.46702e+08 5.46532e+08 5.46702e+08 5.46532e+08 5.46702e+08 7.16585e+13 0 5.46532e+08 5.46702e+08 7.16585e+13 0 5.46532e+08 5.46702e+08 7.16585e+13 0 7.16585e+13 0 7.16585e+13 0 7.16585e+13 0 7.16585e+13 0 5.46532e+08 5.46702e+08 0 0 0 0 0 0 0 0 0 0 0 0 0 0 0 0 0 0 0 0 0 0 0 0 0 0 0 0 0 0 0 0 0 0 0 0 0 0 0 0 0 0 0 0 0 0 0 0 0 0 0 0 0 0 0 0 0 0 0 0 0 0 
0.98745 0.960553 0.938139 0.912554 0.889627 0.86867 0.845071 0.825388 0.801738 0.78435 0.764341 0.743477 0.724384 0.707796 0.688564 0.671246 0.654461 0.639415 0.618858 0.603805 0.591561 0.576543 0.561207 0.546398 0.531885 0.52015 0.506095 0.491361 0.480609 0.46871 0.457025 0.443281 0.435563 0.419803 0.411781 0.401021 0.390163 0.380529 0.368895 0.362874 0.35209 0.343109 0.337344 0.326354 0.318531 0.30732 0.301159 0.292512 0.287935 0.279789 0.272809 0.264616 0.25889 0.252092 0.245749 0.237863 0.233384 0.227786 0.223692 0.216319 0.209839 0.20355 0.198516 0.195447 0.188998 0.18659 0.181812 0.175798 0.171886 0.1659 0.165046 0.158275 0.155649 0.150525 0.147347 0.142853 0.139256 0.137655 0.132368 0.130589 0.1259 0.122334 0.12066 0.117432 0.114394 0.110797 0.10828 0.105129 0.102309 0.0995588 0.0970688 0.0945982 0.0925238 0.0908922 0.0873417 0.0858888 0.0833638 0.0809049 0.0803028 0.076694 0.0749459 0 
