Finite rod, albedo problem, isotropic scattering, exponential random flight, mu_t: 3
Analogmu_t c: 0.3 rod_length: 1 dx: 0.0196078 numsamples: 10000000 numCollisionOrders: 10 numMoments: 10
total albedo R: 0.0882998
total albedo T: 0.0805592
per-collision order albedos R: 
0 0.0747785 0.0110297 0.0019997 0.000395 7.65e-05 1.62e-05 3.4e-06 6e-07 2e-07 
per-collision order albedos T: 
0.0497334 0.02237 0.0064506 0.0015697 0.0003466 6.97e-05 1.53e-05 2.8e-06 1.1e-06 0 
Left-moving collision density:
0.260452 0.245167 0.234258 0.221044 0.213001 0.201787 0.192097 0.18235 0.172808 0.16319 0.156718 0.149756 0.141836 0.133472 0.127627 0.120487 0.114107 0.108237 0.101939 0.098481 0.0916929 0.0873018 0.0840888 0.0774282 0.0735522 0.0693345 0.0669222 0.0623679 0.0588081 0.054927 0.0516732 0.0483531 0.0450891 0.0417996 0.0390048 0.0364854 0.0329103 0.0312885 0.0289068 0.0258876 0.0237966 0.021828 0.0181254 0.015861 0.0142494 0.0118626 0.0096237 0.0078336 0.0053397 0.0032028 0.0010557 
Right-moving collision density:
2.93451 2.78962 2.65395 2.5225 2.40397 2.29234 2.17626 2.07321 1.97903 1.88474 1.7884 1.70384 1.62009 1.53725 1.47131 1.39895 1.33143 1.26564 1.21099 1.14595 1.08969 1.03963 0.990221 0.942511 0.896458 0.853735 0.813715 0.772324 0.740663 0.703234 0.671828 0.636577 0.60361 0.57784 0.549367 0.521041 0.4965 0.475034 0.450009 0.425677 0.410157 0.388788 0.369204 0.351686 0.333474 0.317531 0.303649 0.289037 0.273702 0.260258 0.248161 
Collision Density Moments:
1.18743 0.364716 0.184941 0.116976 0.083451 0.06409 0.0516909 0.0431539 0.0369548 0.0322669 
Per-collision Density Moments:
0 0 0 0 0 0 0 0 0 0 
0.950267 0.266888 0.128145 0.0783696 0.0547185 0.0414251 0.0330809 0.0274222 0.0233608 0.0203174 
0.187948 0.0751971 0.0428932 0.0288385 0.0213091 0.0167264 0.0136856 0.011539 0.00995141 0.00873422 
0.0389056 0.0176785 0.0107872 0.00754708 0.00571947 0.00456643 0.00378123 0.00321602 0.0027917 0.00246252 
0.0081289 0.00388771 0.00243991 0.00173679 0.00133123 0.00107119 0.000891969 0.000761767 0.000663314 0.000586488 
0.00171 0.000832613 0.000526879 0.000376534 0.000289223 0.000233045 0.000194262 0.00016607 0.000144752 0.000128123 
0.0003656 0.000181587 0.000116802 8.45903e-05 6.56746e-05 5.33726e-05 4.47949e-05 3.85049e-05 3.37132e-05 2.99527e-05 
7.97e-05 3.93797e-05 2.52157e-05 1.82165e-05 1.41318e-05 1.14887e-05 9.65347e-06 8.31282e-06 7.29523e-06 6.49944e-06 
1.66e-05 7.89447e-06 5.00387e-06 3.61285e-06 2.80875e-06 2.28925e-06 1.92743e-06 1.66125e-06 1.45705e-06 1.29515e-06 
3.8e-06 1.95411e-06 1.1996e-06 8.14522e-07 5.89462e-07 4.45963e-07 3.4878e-07 2.79967e-07 2.29527e-07 1.91511e-07 
Per-collision Densities:
0 0 0 0 0 0 0 0 0 0 0 0 0 0 0 0 0 0 0 0 0 0 0 0 0 0 0 0 0 0 0 0 0 0 0 0 0 0 0 0 0 0 0 0 0 0 0 0 0 0 0 
2.92023 2.74983 2.59098 2.43833 2.30208 2.17453 2.04403 1.92906 1.82629 1.72052 1.61651 1.52654 1.43699 1.35095 1.27995 1.20632 1.1341 1.06978 1.014 0.950446 0.894611 0.846921 0.798257 0.750751 0.709634 0.6691 0.630957 0.592783 0.562606 0.530578 0.501712 0.47149 0.443307 0.418771 0.394444 0.370719 0.351257 0.331821 0.311574 0.292607 0.278088 0.261406 0.246422 0.231096 0.217183 0.204724 0.194723 0.184095 0.172824 0.163654 0.154025 
0.232585 0.241215 0.250665 0.256678 0.264675 0.26799 0.271432 0.27211 0.270244 0.270509 0.271116 0.26827 0.265715 0.260212 0.25987 0.251639 0.251165 0.244091 0.239226 0.234217 0.227032 0.221325 0.216653 0.210854 0.203235 0.196778 0.193066 0.186604 0.181509 0.174027 0.169284 0.162007 0.154831 0.151633 0.14561 0.140204 0.133339 0.13033 0.124644 0.117708 0.115469 0.1099 0.103239 0.100118 0.0947274 0.0907188 0.0864603 0.0817632 0.0773211 0.0720171 0.0693192 
0.0343383 0.0354246 0.0380613 0.0395454 0.0406827 0.0419781 0.0429318 0.0440589 0.0448545 0.0461091 0.0467313 0.0474249 0.0477309 0.0477666 0.0471393 0.0493935 0.0479961 0.0477819 0.0470679 0.0477615 0.0478482 0.0466191 0.0470934 0.0461091 0.0450585 0.0449412 0.0448596 0.0433041 0.0430185 0.042126 0.0409224 0.0402135 0.0391782 0.0387549 0.0373014 0.0357459 0.0345219 0.033864 0.0328338 0.0320586 0.0312477 0.0303348 0.0290037 0.0279735 0.0274278 0.0259947 0.0243474 0.023817 0.0218994 0.0210732 0.0199155 
0.0062016 0.0066402 0.0067881 0.00714 0.0076449 0.0077418 0.0077265 0.0083181 0.0083283 0.0087873 0.0086292 0.0090627 0.0092718 0.0094605 0.009486 0.0094095 0.0097206 0.0096849 0.0100113 0.009588 0.0093075 0.0095472 0.0095982 0.0094146 0.0094299 0.0098583 0.0093228 0.0093993 0.0097359 0.0089862 0.0090831 0.0087465 0.0091341 0.0082161 0.0085629 0.0085731 0.0079509 0.0081192 0.0075837 0.0070788 0.00714 0.0070176 0.0067167 0.0065229 0.0067422 0.0061812 0.0060843 0.0056763 0.0054723 0.0051816 0.0045492 
0.001275 0.0013209 0.0013464 0.0014688 0.0014586 0.0015351 0.0017595 0.0015963 0.0016779 0.0015963 0.0017136 0.001785 0.0017799 0.0018105 0.0020043 0.0020757 0.001989 0.0020706 0.0020247 0.0018972 0.0019686 0.0019533 0.0021726 0.0022542 0.0020502 0.0019023 0.0019686 0.0021012 0.0020757 0.0019329 0.0019788 0.0018717 0.001785 0.0018768 0.0019074 0.0017697 0.0018411 0.0016881 0.0018105 0.001581 0.0015555 0.0015147 0.0014739 0.0014688 0.0012342 0.0014025 0.0012852 0.0012087 0.0011322 0.0012087 0.0010506 
0.0002499 0.0002856 0.0002907 0.0002958 0.000357 0.0002958 0.0003468 0.0003009 0.0003978 0.0002958 0.0003264 0.0003825 0.000357 0.0003927 0.0003825 0.0004743 0.0004233 0.0003621 0.0004794 0.0004029 0.0004743 0.0004794 0.0003927 0.0004641 0.0004182 0.000408 0.000408 0.0003774 0.0003978 0.0003774 0.0004386 0.000459 0.000357 0.0003009 0.0004386 0.0003978 0.0004029 0.0003876 0.0003825 0.0004335 0.0003621 0.0003264 0.0003774 0.0002652 0.0003111 0.0003213 0.0003213 0.0002346 0.0002907 0.0002499 0.0002907 
6.12e-05 6.12e-05 5.61e-05 7.14e-05 6.63e-05 4.59e-05 0.0001122 7.14e-05 4.59e-05 6.12e-05 8.16e-05 0.000102 5.1e-05 0.0001173 8.67e-05 0.000102 0.0001173 7.65e-05 0.000102 9.69e-05 0.0001071 7.14e-05 0.0001122 6.63e-05 0.0001581 5.61e-05 4.08e-05 0.0001122 9.18e-05 0.0001071 7.65e-05 9.69e-05 8.16e-05 7.14e-05 8.16e-05 8.16e-05 8.16e-05 8.67e-05 7.14e-05 8.67e-05 7.14e-05 0.000102 8.16e-05 9.18e-05 6.63e-05 3.57e-05 3.57e-05 5.1e-05 7.65e-05 6.63e-05 6.12e-05 
2.04e-05 5.1e-06 2.55e-05 1.53e-05 0 1.02e-05 1.53e-05 3.57e-05 5.1e-06 5.61e-05 1.02e-05 1.53e-05 2.04e-05 1.53e-05 2.04e-05 1.53e-05 1.02e-05 1.53e-05 2.04e-05 1.53e-05 3.06e-05 1.53e-05 3.06e-05 2.04e-05 1.53e-05 1.02e-05 1.02e-05 1.02e-05 2.55e-05 2.04e-05 5.1e-06 4.08e-05 2.04e-05 1.02e-05 1.53e-05 2.55e-05 1.53e-05 1.53e-05 1.02e-05 5.1e-06 2.04e-05 1.02e-05 5.1e-06 5.1e-06 2.04e-05 1.53e-05 1.53e-05 2.55e-05 1.53e-05 1.02e-05 5.1e-06 
0 0 0 0 5.1e-06 0 5.1e-06 5.1e-06 0 0 0 1.53e-05 5.1e-06 0 0 0 2.04e-05 5.1e-06 0 5.1e-06 0 5.1e-06 0 5.1e-06 1.02e-05 1.02e-05 5.1e-06 0 1.02e-05 5.1e-06 0 5.1e-06 5.1e-06 5.1e-06 1.02e-05 1.02e-05 0 5.1e-06 5.1e-06 5.1e-06 0 5.1e-06 5.1e-06 5.1e-06 5.1e-06 0 0 0 5.1e-06 0 0 
