Finite rod, albedo problem, anisotropic scattering, exponential random flight, mu_t: 1 g: 0.7
Analogmu_t c: 0.53091 rod_length: 2.6 dx: 0.0257426 numsamples: 10000000 numCollisionOrders: 2 numMoments: 2
total albedo R: 0.0686954
total albedo T: 0.242316
per-collision order albedos R: 
0 0.039636 
per-collision order albedos T: 
0.0741898 0.0870869 
Left-moving collision density:
0.0680235 0.067367 0.0661123 0.0646905 0.064034 0.0631289 0.0618819 0.0615129 0.060398 0.0591277 0.0570028 0.0576283 0.056525 0.0554529 0.0548585 0.0543225 0.052116 0.0517314 0.0515605 0.0498202 0.048748 0.0481148 0.0471631 0.0465571 0.0450421 0.0451276 0.0436708 0.0433795 0.0430804 0.0421131 0.0412002 0.0396891 0.0395493 0.0389938 0.0386131 0.0377546 0.0365892 0.0356413 0.0350664 0.034911 0.0334232 0.0331552 0.032219 0.0327823 0.0311624 0.0310303 0.0304903 0.0290686 0.0286723 0.0283538 0.0272855 0.0267223 0.0264154 0.0256851 0.0251762 0.0239525 0.0238399 0.0236806 0.0222783 0.0217344 0.0210041 0.0207205 0.0198077 0.0195668 0.0189841 0.0181489 0.0178148 0.0171312 0.0168981 0.0160396 0.0154491 0.0149791 0.0146333 0.0139263 0.0131922 0.0131999 0.012357 0.0118364 0.0112343 0.0108458 0.0103564 0.0101311 0.00936969 0.00881031 0.00836358 0.00778477 0.00680973 0.00659996 0.00648342 0.00583469 0.00522481 0.00496842 0.00403612 0.00374865 0.00332912 0.00274642 0.00229192 0.00179858 0.00133631 0.000765269 0.000256385 0 
Right-moving collision density:
0.995674 0.980481 0.968062 0.952473 0.93695 0.928761 0.912908 0.898224 0.887872 0.878075 0.868382 0.850774 0.837038 0.825904 0.815105 0.805584 0.792104 0.783119 0.773206 0.761113 0.752489 0.73974 0.729698 0.720581 0.707983 0.699747 0.689966 0.679509 0.669642 0.663446 0.652569 0.639505 0.636801 0.625509 0.615579 0.607534 0.599726 0.590159 0.582657 0.57589 0.569123 0.559136 0.555411 0.543225 0.538365 0.527884 0.523063 0.51249 0.507381 0.501822 0.493898 0.484349 0.478783 0.471262 0.467277 0.460832 0.453774 0.445507 0.439595 0.432536 0.429192 0.423687 0.415852 0.410713 0.404183 0.400247 0.392401 0.38974 0.385222 0.378948 0.372302 0.368432 0.362998 0.358573 0.352991 0.346523 0.340898 0.338556 0.333902 0.328588 0.32231 0.32092 0.314825 0.31002 0.305987 0.299504 0.298498 0.294015 0.290682 0.283748 0.281161 0.278857 0.274145 0.270008 0.266714 0.261617 0.258945 0.254435 0.251354 0.246234 0.245205 0 
Collision Density Moments:
1.46871 1.45858 
Per-collision Density Moments:
0 0 
0.92581 0.732695 
Per-collision Densities:
5.45002e+08 5.46702e+08 5.45002e+08 5.46702e+08 5.45002e+08 5.46702e+08 5.45002e+08 5.46702e+08 5.45002e+08 5.46702e+08 5.45002e+08 5.46702e+08 5.45002e+08 5.46702e+08 5.45002e+08 5.46702e+08 5.45002e+08 5.46702e+08 5.45002e+08 5.46702e+08 7.16585e+13 0 5.45002e+08 5.46702e+08 7.16585e+13 0 5.45002e+08 5.46702e+08 7.16585e+13 0 7.16585e+13 0 7.16585e+13 0 7.16585e+13 0 7.16585e+13 0 5.45002e+08 5.46702e+08 0 0 0 0 0 0 0 0 0 0 0 0 0 0 0 0 0 0 0 0 0 0 0 0 0 0 0 0 0 0 0 0 0 0 0 0 0 0 0 0 0 0 0 0 0 0 0 0 0 0 0 0 0 0 0 0 0 0 0 0 0 0 
0.989874 0.963307 0.939584 0.914034 0.888656 0.871273 0.845358 0.822381 0.803517 0.785057 0.768404 0.74296 0.721995 0.704766 0.686683 0.672159 0.652612 0.637388 0.622137 0.605732 0.591778 0.574441 0.560527 0.546989 0.531734 0.518383 0.505664 0.490545 0.478507 0.4685 0.455611 0.441502 0.435054 0.421881 0.409415 0.401759 0.39005 0.37856 0.370452 0.361976 0.352389 0.342848 0.337616 0.326727 0.319883 0.308776 0.303054 0.292663 0.286821 0.281048 0.273395 0.265071 0.257938 0.25107 0.245259 0.239937 0.233423 0.227196 0.222433 0.21539 0.20947 0.205955 0.199922 0.194025 0.189717 0.186026 0.18093 0.177053 0.172504 0.166658 0.163939 0.159149 0.154654 0.151026 0.148093 0.142379 0.139516 0.137197 0.132131 0.12961 0.126083 0.122051 0.120124 0.116659 0.113563 0.110152 0.108089 0.10572 0.102779 0.0991548 0.0972086 0.0952624 0.0928423 0.0904067 0.0872679 0.0857723 0.0839932 0.0810292 0.0794948 0.0771096 0.0753072 0 
