Finite rod, albedo problem, isotropic scattering, exponential random flight, mu_t: 1
Analogmu_t c: 0.3 rod_length: 1 dx: 0.00990099 numsamples: 10000000 numCollisionOrders: 10 numMoments: 10
total albedo R: 0.0721957
total albedo T: 0.430413
per-collision order albedos R: 
0 0.0647382 0.006639 0.0007242 8.43e-05 8.5e-06 1.3e-06 2e-07 0 0 
per-collision order albedos T: 
0.367859 0.0551897 0.0065325 0.0007398 8.11e-05 9e-06 1.7e-06 1e-07 0 0 
Left-moving collision density:
0.071912 0.0713666 0.0708212 0.0701546 0.0692052 0.0680538 0.0669024 0.0666095 0.0645794 0.0636603 0.0628422 0.0620746 0.0627008 0.0610949 0.059186 0.0602162 0.0588426 0.0571963 0.0566307 0.0560449 0.0540148 0.0548329 0.0542774 0.0527523 0.0521362 0.0516211 0.0509646 0.0500051 0.0487426 0.0488133 0.0476316 0.0472781 0.0454197 0.0447834 0.0436926 0.0437734 0.0427634 0.043026 0.0418039 0.0408343 0.0410262 0.0388547 0.0390567 0.0395011 0.0373801 0.0364307 0.0364408 0.0357035 0.0351076 0.0341481 0.0320271 0.0321382 0.0315625 0.030098 0.0303303 0.0302091 0.0284921 0.0287547 0.0274922 0.0267044 0.0265125 0.0255328 0.0250076 0.0253207 0.0236441 0.0241693 0.0220887 0.0217958 0.0221392 0.0204121 0.0198162 0.0186042 0.0191092 0.0181699 0.0163822 0.0157964 0.0157661 0.0153116 0.0149076 0.014342 0.0127967 0.0127563 0.0116958 0.0107868 0.0103222 0.0101505 0.0093728 0.0084739 0.0079588 0.0070195 0.0067064 0.0058782 0.0053833 0.0049591 0.0039491 0.0034643 0.0029391 0.0020806 0.0018584 0.0008585 0.0002424 
Right-moving collision density:
0.998759 0.986952 0.977912 0.972458 0.965065 0.956743 0.951733 0.938987 0.931422 0.923463 0.91908 0.905586 0.89786 0.895203 0.88681 0.881791 0.870428 0.860873 0.859914 0.854137 0.83731 0.837058 0.825816 0.826624 0.818534 0.811313 0.804071 0.790598 0.791103 0.783346 0.772913 0.769337 0.765509 0.756278 0.751783 0.747854 0.742158 0.730523 0.723715 0.719241 0.714413 0.703697 0.700667 0.699102 0.692466 0.684588 0.678851 0.676326 0.668418 0.661964 0.650167 0.654732 0.646299 0.638037 0.636623 0.628826 0.621776 0.623301 0.613989 0.607252 0.610121 0.600516 0.593395 0.588214 0.581204 0.578245 0.572428 0.574326 0.565166 0.561318 0.557783 0.551329 0.543067 0.539118 0.541744 0.533745 0.529331 0.520877 0.519887 0.51206 0.512403 0.508959 0.500768 0.501233 0.496344 0.489456 0.485638 0.479124 0.479891 0.476356 0.467085 0.46768 0.462651 0.456055 0.455328 0.452601 0.450763 0.443036 0.436966 0.434118 0.42829 
Collision Density Moments:
0.710451 0.302276 0.185232 0.131973 0.102007 0.0829364 0.0697852 0.060189 0.0528881 0.0471519 
Per-collision Density Moments:
0 0 0 0 0 0 0 0 0 0 
0.632141 0.264189 0.160549 0.113878 0.0877888 0.0712573 0.0598905 0.0516139 0.0453268 0.040393 
0.0696046 0.033761 0.0218475 0.016003 0.012568 0.0103211 0.00874275 0.00757614 0.00668022 0.00597142 
0.0077213 0.00383328 0.00251058 0.00185136 0.00145942 0.00120091 0.00101824 0.000882657 0.000778234 0.000695452 
0.0008764 0.000439042 0.000288951 0.00021373 0.000168912 0.000139316 0.000118377 0.00010281 9.07981e-05 8.12561e-05 
9.43e-05 4.68338e-05 3.12142e-05 2.34667e-05 1.88309e-05 1.57447e-05 1.35429e-05 1.1893e-05 1.061e-05 9.5831e-06 
1.2e-05 6.02855e-06 3.91074e-06 2.89482e-06 2.31511e-06 1.94253e-06 1.6821e-06 1.48896e-06 1.33961e-06 1.22058e-06 
1.5e-06 8.1578e-07 4.96978e-07 3.22705e-07 2.18059e-07 1.51589e-07 1.07776e-07 7.81021e-08 5.75599e-08 4.30693e-08 
2e-07 1.12851e-07 6.36974e-08 3.59645e-08 2.03126e-08 1.14761e-08 6.48572e-09 3.66657e-09 2.07347e-09 1.17293e-09 
0 0 0 0 0 0 0 0 0 0 
Per-collision Densities:
1.42142e+09 1.41591e+09 1.42143e+09 1.41591e+09 1.42143e+09 1.41591e+09 1.42143e+09 1.41591e+09 1.42143e+09 1.41591e+09 1.42143e+09 1.41591e+09 1.42142e+09 1.41591e+09 1.42142e+09 1.41591e+09 1.42143e+09 1.41591e+09 1.42143e+09 1.86312e+14 0 1.41591e+09 1.42142e+09 1.86312e+14 0 1.41591e+09 1.42143e+09 1.86312e+14 0 1.86312e+14 0 1.86312e+14 0 1.86312e+14 0 1.86312e+14 0 1.41591e+09 1.42142e+09 0 0 0 0 0 0 0 0 0 0 0 0 0 0 0 0 0 0 0 0 0 0 0 0 0 0 0 0 0 0 0 0 0 0 0 0 0 0 0 0 0 0 0 0 0 0 0 0 0 0 0 0 0 0 0 0 0 0 0 0 0 0 
0.9979 0.984619 0.974226 0.966913 0.957884 0.94839 0.942148 0.927453 0.918676 0.909444 0.904031 0.888941 0.879801 0.87668 0.867135 0.861146 0.84735 0.837179 0.833906 0.828079 0.810575 0.80905 0.796749 0.796122 0.788123 0.779397 0.771286 0.757288 0.756187 0.747147 0.736411 0.7312 0.726958 0.7171 0.712333 0.706606 0.70096 0.687103 0.681104 0.674932 0.670428 0.659015 0.655843 0.652672 0.645319 0.637623 0.6302 0.627493 0.619271 0.611636 0.60098 0.605141 0.595799 0.586881 0.583921 0.576165 0.568377 0.569478 0.560348 0.553631 0.554359 0.544754 0.538037 0.530987 0.525119 0.521392 0.516484 0.515969 0.507505 0.502556 0.49899 0.492557 0.483901 0.480013 0.481023 0.474478 0.469256 0.460297 0.460075 0.452217 0.451773 0.447652 0.441643 0.440592 0.434108 0.427028 0.424069 0.417605 0.417554 0.413656 0.406485 0.404434 0.401606 0.394405 0.392809 0.390809 0.387012 0.382022 0.375134 0.371912 0.365206 
0.0651248 0.0665994 0.0667408 0.0677811 0.0680336 0.067872 0.0687406 0.0696496 0.0691951 0.0694577 0.0696698 0.0700233 0.0720837 0.0714171 0.0705081 0.0720029 0.073528 0.0720231 0.0739118 0.0730836 0.0720938 0.0740431 0.0745784 0.0746087 0.0736997 0.074538 0.0745683 0.0747501 0.0741946 0.0760429 0.0751036 0.076356 0.0751036 0.0747703 0.0734876 0.0759823 0.0749016 0.0772751 0.0748814 0.0759419 0.0752753 0.0744976 0.0746996 0.0766994 0.0750228 0.0745582 0.076356 0.0753662 0.0745582 0.075144 0.072518 0.0734674 0.072821 0.0722554 0.0737199 0.0733058 0.0730735 0.0731947 0.0721645 0.0709222 0.0728715 0.0718211 0.0710131 0.0732856 0.0708313 0.07171 0.0689527 0.0708111 0.0707505 0.0699829 0.0692254 0.0687406 0.0687204 0.0679023 0.0682659 0.0664176 0.0673872 0.0667004 0.0662459 0.0653571 0.0648925 0.0654177 0.0630846 0.062923 0.0635997 0.0642865 0.0629432 0.0619029 0.0621554 0.0615696 0.0586204 0.0615595 0.0583376 0.0581457 0.0586608 0.057772 0.0591759 0.0555702 0.0564792 0.056156 0.0558328 
0.0067165 0.0062923 0.0069084 0.006969 0.007474 0.0076457 0.0069488 0.0074639 0.0072013 0.0071609 0.0072114 0.0078174 0.0078073 0.0072821 0.0075144 0.0078679 0.0073932 0.007878 0.0077972 0.0081507 0.007777 0.0079487 0.0077366 0.0077568 0.0078275 0.0079588 0.00808 0.0076356 0.0084335 0.0078881 0.0080396 0.0082012 0.0080295 0.0082012 0.0083931 0.0079285 0.0080497 0.0078982 0.0084436 0.0080901 0.0086052 0.0082113 0.0081608 0.0080093 0.0085042 0.0078275 0.0078073 0.00808 0.008484 0.0082113 0.0076861 0.0074134 0.0081507 0.0081002 0.0083224 0.0085547 0.007777 0.0082921 0.0078073 0.0085042 0.0083729 0.0083022 0.008181 0.0082517 0.0078275 0.0081709 0.0081103 0.0083123 0.0079992 0.0082113 0.0082416 0.0078679 0.0083729 0.0083426 0.0078174 0.0078275 0.0075346 0.0081709 0.0075851 0.0079285 0.0075447 0.0075548 0.006868 0.0075245 0.007878 0.007171 0.007272 0.00707 0.0072922 0.007171 0.0076962 0.0067367 0.0071306 0.0073932 0.0068377 0.0065953 0.0066963 0.0066458 0.0064034 0.0060903 0.0065246 
0.0008585 0.0006969 0.0007979 0.0008282 0.000808 0.0007979 0.0006565 0.0008585 0.0007979 0.0009595 0.0008989 0.0008181 0.0007979 0.0007474 0.0007575 0.0008484 0.0009393 0.0008282 0.0007878 0.0007474 0.0007878 0.0007575 0.0009393 0.000808 0.0009191 0.0009393 0.0009393 0.0007777 0.0009494 0.0009292 0.0008686 0.0007676 0.0007575 0.0008686 0.0011514 0.0009999 0.0009292 0.0011514 0.0009494 0.0009595 0.0009898 0.0007878 0.0009292 0.0011312 0.0008989 0.0008989 0.0008282 0.0009696 0.0011211 0.0009696 0.000909 0.0007777 0.000909 0.0007878 0.000909 0.0008787 0.0009797 0.0009898 0.0009999 0.000808 0.0009595 0.0010504 0.0010504 0.0009494 0.0009797 0.0010807 0.0007878 0.000909 0.0008686 0.0008383 0.00101 0.0007272 0.0010706 0.0009292 0.0008484 0.0007373 0.0008383 0.0008888 0.0008282 0.0008686 0.0008181 0.0010201 0.0007474 0.0008787 0.00101 0.0009999 0.0006161 0.000909 0.0007777 0.0008989 0.0009191 0.0007272 0.0007878 0.0009494 0.0008484 0.0007979 0.0006969 0.0007979 0.0006969 0.0007272 0.0008181 
7.07e-05 0.0001111 5.05e-05 0.000101 7.07e-05 9.09e-05 0.0001313 0.0001616 9.09e-05 0.000101 0.0001111 6.06e-05 7.07e-05 0.0001616 7.07e-05 0.0001313 4.04e-05 0.0001313 0.0001212 0.0001212 9.09e-05 7.07e-05 9.09e-05 7.07e-05 8.08e-05 9.09e-05 0.0001515 0.0001111 8.08e-05 0.0001313 0.000101 6.06e-05 6.06e-05 9.09e-05 9.09e-05 0.000101 6.06e-05 9.09e-05 0.0001212 0.0001414 0.0001313 4.04e-05 9.09e-05 5.05e-05 8.08e-05 0.000101 8.08e-05 9.09e-05 5.05e-05 0.0001414 8.08e-05 5.05e-05 0.0001818 8.08e-05 7.07e-05 0.000101 6.06e-05 9.09e-05 0.0001313 7.07e-05 7.07e-05 0.0001212 0.000101 5.05e-05 8.08e-05 4.04e-05 0.0001717 0.0001111 0.0001717 0.0001414 0.000101 4.04e-05 9.09e-05 8.08e-05 0.0001515 7.07e-05 7.07e-05 0.0001111 6.06e-05 3.03e-05 0.0001414 7.07e-05 0.000101 0.000101 5.05e-05 9.09e-05 0.000101 8.08e-05 6.06e-05 7.07e-05 7.07e-05 8.08e-05 0.0001616 0.0001212 0.0001111 9.09e-05 0.0001111 8.08e-05 0.0001111 7.07e-05 0.0001111 
0 0 1.01e-05 2.02e-05 0 0 1.01e-05 1.01e-05 4.04e-05 0 0 0 0 1.01e-05 1.01e-05 1.01e-05 1.01e-05 3.03e-05 2.02e-05 0 0 2.02e-05 0 1.01e-05 1.01e-05 1.01e-05 1.01e-05 4.04e-05 0 2.02e-05 2.02e-05 2.02e-05 2.02e-05 3.03e-05 2.02e-05 1.01e-05 2.02e-05 3.03e-05 2.02e-05 1.01e-05 0 0 0 3.03e-05 2.02e-05 1.01e-05 2.02e-05 3.03e-05 4.04e-05 1.01e-05 2.02e-05 2.02e-05 0 2.02e-05 1.01e-05 2.02e-05 0 0 2.02e-05 2.02e-05 0 0 0 0 1.01e-05 2.02e-05 1.01e-05 0 1.01e-05 0 2.02e-05 0 1.01e-05 1.01e-05 2.02e-05 1.01e-05 1.01e-05 2.02e-05 0 0 3.03e-05 0 2.02e-05 0 1.01e-05 3.03e-05 1.01e-05 3.03e-05 1.01e-05 1.01e-05 0 2.02e-05 1.01e-05 0 1.01e-05 0 1.01e-05 0 0 2.02e-05 4.04e-05 
0 0 0 0 0 0 0 0 0 0 0 0 0 0 0 0 1.01e-05 0 0 0 0 0 0 0 1.01e-05 0 0 0 0 0 0 1.01e-05 0 0 0 0 0 0 0 0 1.01e-05 0 0 1.01e-05 0 0 0 0 0 0 0 0 0 1.01e-05 0 0 0 1.01e-05 0 0 0 0 2.02e-05 1.01e-05 0 0 0 1.01e-05 0 0 1.01e-05 0 1.01e-05 1.01e-05 0 0 0 0 0 0 0 0 0 0 1.01e-05 0 0 0 0 0 0 0 0 0 0 0 0 0 0 0 0 
0 0 0 0 0 0 0 0 0 0 0 0 0 0 0 0 0 0 0 0 0 0 0 0 0 0 0 0 0 0 0 0 0 0 0 0 0 0 0 0 0 0 0 0 0 0 0 0 0 0 0 0 0 0 0 1.01e-05 0 0 1.01e-05 0 0 0 0 0 0 0 0 0 0 0 0 0 0 0 0 0 0 0 0 0 0 0 0 0 0 0 0 0 0 0 0 0 0 0 0 0 0 0 0 0 0 
0 0 0 0 0 0 0 0 0 0 0 0 0 0 0 0 0 0 0 0 0 0 0 0 0 0 0 0 0 0 0 0 0 0 0 0 0 0 0 0 0 0 0 0 0 0 0 0 0 0 0 0 0 0 0 0 0 0 0 0 0 0 0 0 0 0 0 0 0 0 0 0 0 0 0 0 0 0 0 0 0 0 0 0 0 0 0 0 0 0 0 0 0 0 0 0 0 0 0 0 0 
