Finite rod, albedo problem, isotropic scattering, exponential random flight, mu_t: 1
Analogmu_t c: 0.228539 rod_length: 2.6 dx: 0.0257426 numsamples: 10000000 numCollisionOrders: 2 numMoments: 2
total albedo R: 0.0639108
total albedo T: 0.101448
per-collision order albedos R: 
0 0.0566359 
per-collision order albedos T: 
0.0742791 0.0219566 
Left-moving collision density:
0.0631056 0.0630939 0.0600328 0.059726 0.0577798 0.0568552 0.0546837 0.0532464 0.052757 0.0513857 0.050566 0.0496415 0.0488218 0.0467902 0.046293 0.0446692 0.0435582 0.042789 0.0423501 0.0404311 0.0397552 0.038683 0.0377701 0.0369466 0.036527 0.0353383 0.0346352 0.0339088 0.0319548 0.0325803 0.0309604 0.0304165 0.029628 0.0292045 0.0288277 0.0271457 0.0268815 0.0264931 0.0254947 0.0246013 0.0242672 0.0234592 0.0226939 0.0224764 0.0219209 0.0218782 0.0204719 0.0201573 0.0194503 0.0191589 0.0185723 0.0185568 0.0178265 0.016731 0.0168787 0.0160473 0.0158415 0.015216 0.0145945 0.014645 0.0138253 0.0137515 0.0128736 0.012357 0.0123375 0.0119102 0.0114013 0.0108886 0.0101233 0.0102437 0.00991742 0.00970377 0.0090395 0.00870542 0.00846458 0.0080295 0.00757888 0.00705835 0.00689131 0.00686023 0.00660773 0.00607554 0.00537242 0.00520538 0.00493346 0.00457996 0.00457219 0.00395065 0.00395065 0.00343012 0.003232 0.00291735 0.00261823 0.00217538 0.00206273 0.0017675 0.00124696 0.00101 0.000761385 0.000446731 0.000147615 0 
Right-moving collision density:
0.989369 0.967743 0.943635 0.9245 0.905294 0.882394 0.862812 0.845323 0.822676 0.807495 0.789894 0.771426 0.754058 0.738609 0.717978 0.705419 0.68753 0.675138 0.657044 0.644077 0.632143 0.613925 0.601999 0.586962 0.573812 0.560212 0.550306 0.536271 0.52487 0.511359 0.500245 0.49046 0.481005 0.467545 0.460098 0.449734 0.43935 0.427366 0.416703 0.409163 0.39902 0.390734 0.3834 0.374869 0.36461 0.355819 0.347281 0.341333 0.335604 0.324649 0.320407 0.310629 0.304593 0.297573 0.29135 0.284622 0.278624 0.272642 0.266147 0.259896 0.254578 0.249641 0.241724 0.237331 0.234262 0.22713 0.221427 0.217698 0.211964 0.207703 0.204156 0.198624 0.194072 0.187868 0.186792 0.180005 0.178374 0.174563 0.169606 0.165531 0.163049 0.157447 0.156321 0.150113 0.148719 0.144706 0.142022 0.137892 0.134602 0.130997 0.12886 0.124933 0.124378 0.120847 0.117296 0.115696 0.112619 0.110296 0.108047 0.105852 0.102002 0 
Collision Density Moments:
1.08185 0.906052 
Per-collision Density Moments:
0 0 
0.925721 0.73259 
Per-collision Densities:
5.45962e+08 5.46702e+08 5.45962e+08 5.46702e+08 5.45962e+08 5.46702e+08 5.45962e+08 5.46702e+08 5.45962e+08 5.46702e+08 5.45962e+08 5.46702e+08 5.45962e+08 5.46702e+08 5.45962e+08 5.46702e+08 5.45962e+08 5.46702e+08 5.45962e+08 5.46702e+08 7.16585e+13 0 5.45962e+08 5.46702e+08 7.16585e+13 0 5.45962e+08 5.46702e+08 7.16585e+13 0 7.16585e+13 0 7.16585e+13 0 7.16585e+13 0 7.16585e+13 0 5.45962e+08 5.46702e+08 0 0 0 0 0 0 0 0 0 0 0 0 0 0 0 0 0 0 0 0 0 0 0 0 0 0 0 0 0 0 0 0 0 0 0 0 0 0 0 0 0 0 0 0 0 0 0 0 0 0 0 0 0 0 0 0 0 0 0 0 0 0 
0.987862 0.962821 0.936173 0.914349 0.892883 0.868212 0.845028 0.825461 0.801785 0.783445 0.764255 0.744067 0.72499 0.708398 0.686458 0.672209 0.65267 0.639314 0.62056 0.606291 0.592454 0.573688 0.561012 0.545171 0.531093 0.517695 0.507342 0.491753 0.479738 0.466348 0.455273 0.444579 0.434467 0.420358 0.413203 0.401992 0.391934 0.380292 0.368976 0.361324 0.35108 0.342464 0.335627 0.3271 0.31749 0.308819 0.300083 0.294287 0.288456 0.278084 0.273776 0.265463 0.258894 0.250834 0.245313 0.239692 0.23371 0.228042 0.221365 0.216047 0.210278 0.205558 0.198966 0.194406 0.19061 0.184745 0.179978 0.176734 0.17137 0.167046 0.164762 0.159355 0.154491 0.148956 0.148148 0.142476 0.140149 0.137519 0.132578 0.129474 0.127058 0.121635 0.12141 0.115754 0.114192 0.111166 0.108637 0.104259 0.102134 0.0990538 0.0971193 0.0944195 0.0930443 0.0909932 0.0871242 0.0859976 0.0836707 0.0810875 0.0796929 0.0777661 0.0743321 0 
