Finite rod, albedo problem, anisotropic scattering, exponential random flight, mu_t: 1 g: -0.3
Analogmu_t c: 0.8 rod_length: 1.2 dx: 0.0118812 numsamples: 10000000 numCollisionOrders: 2 numMoments: 2
total albedo R: 0.315089
total albedo T: 0.47613
per-collision order albedos R: 
0 0.236495 
per-collision order albedos T: 
0.301158 0.101214 
Left-moving collision density:
0.313883 0.312191 0.306468 0.302975 0.299263 0.295265 0.291983 0.290931 0.285594 0.282169 0.281992 0.274324 0.270613 0.268921 0.265681 0.263442 0.259174 0.256725 0.253872 0.249032 0.246339 0.240186 0.240027 0.23613 0.23145 0.229034 0.226955 0.222251 0.221173 0.215534 0.215812 0.210088 0.208868 0.202934 0.199829 0.197245 0.1944 0.192009 0.190048 0.186244 0.181825 0.179814 0.174124 0.172862 0.169259 0.166717 0.16192 0.159656 0.1582 0.154294 0.150229 0.148723 0.144615 0.140643 0.138294 0.135391 0.132579 0.12997 0.127874 0.123498 0.120409 0.11812 0.113667 0.111336 0.107111 0.10568 0.101867 0.0987864 0.0950242 0.0920952 0.0895954 0.0878868 0.0843687 0.0814902 0.077871 0.0746727 0.0712218 0.0694375 0.0663149 0.0617699 0.0590513 0.0568798 0.0547841 0.0511313 0.0485389 0.0458372 0.0422685 0.0398277 0.0373868 0.03333 0.0308387 0.0278676 0.0254604 0.0236593 0.0193247 0.0158991 0.0131132 0.009999 0.00746558 0.00425042 0.00142242 0 
Right-moving collision density:
0.998537 0.989893 0.983976 0.975971 0.973749 0.964264 0.955098 0.94956 0.9502 0.938963 0.929326 0.931346 0.921608 0.912198 0.901728 0.904657 0.895096 0.892545 0.884482 0.877959 0.873263 0.870376 0.867607 0.852592 0.849023 0.838611 0.835085 0.830885 0.824025 0.819531 0.815684 0.809843 0.800728 0.797521 0.794525 0.782077 0.78344 0.769713 0.76845 0.763274 0.756877 0.755455 0.748856 0.743065 0.738891 0.731467 0.725828 0.721005 0.714828 0.712235 0.708953 0.701453 0.699627 0.692473 0.680142 0.676666 0.677037 0.672357 0.671246 0.663646 0.657199 0.649455 0.6472 0.641729 0.631587 0.631326 0.628759 0.623793 0.616992 0.614358 0.605714 0.60393 0.59787 0.595042 0.585733 0.581019 0.579614 0.579774 0.570793 0.568142 0.559826 0.560693 0.556384 0.550442 0.545307 0.535872 0.534046 0.529627 0.525074 0.523794 0.520807 0.517238 0.511952 0.507643 0.502071 0.499176 0.496045 0.491466 0.484977 0.481223 0.479119 0 
Collision Density Moments:
1.04377 0.525945 
Per-collision Density Moments:
0 0 
0.698842 0.3373 
Per-collision Densities:
1.18243e+09 1.18452e+09 1.18243e+09 1.18452e+09 1.18243e+09 1.18452e+09 1.18243e+09 1.18452e+09 1.18243e+09 1.18452e+09 1.18243e+09 1.18452e+09 1.18243e+09 1.18452e+09 1.18243e+09 1.18452e+09 1.18243e+09 1.18452e+09 1.18243e+09 1.18452e+09 1.5526e+14 0 1.18243e+09 1.18452e+09 1.5526e+14 0 1.18243e+09 1.18452e+09 1.5526e+14 0 1.5526e+14 0 1.5526e+14 0 1.5526e+14 0 1.5526e+14 0 1.18243e+09 1.18452e+09 0 0 0 0 0 0 0 0 0 0 0 0 0 0 0 0 0 0 0 0 0 0 0 0 0 0 0 0 0 0 0 0 0 0 0 0 0 0 0 0 0 0 0 0 0 0 0 0 0 0 0 0 0 0 0 0 0 0 0 0 0 0 
0.995911 0.982208 0.970728 0.958372 0.951218 0.937583 0.923123 0.912283 0.909328 0.893614 0.879011 0.877126 0.863592 0.850807 0.834597 0.833317 0.821004 0.815541 0.802487 0.793246 0.78599 0.777793 0.772212 0.755926 0.746786 0.736113 0.730062 0.722024 0.711596 0.704753 0.698971 0.687903 0.677836 0.671212 0.665531 0.652468 0.65246 0.637175 0.631848 0.62402 0.616723 0.612329 0.603568 0.597878 0.59053 0.581726 0.572072 0.567687 0.560382 0.556173 0.55183 0.542168 0.538439 0.529796 0.517659 0.51489 0.513038 0.5058 0.50277 0.495312 0.486955 0.481366 0.476905 0.469717 0.46008 0.457816 0.454003 0.447009 0.444265 0.441715 0.431615 0.427668 0.421869 0.41952 0.410001 0.404791 0.405532 0.400819 0.393673 0.387924 0.383379 0.380223 0.3779 0.370864 0.366007 0.359215 0.356017 0.352717 0.345521 0.343333 0.339663 0.339469 0.333426 0.331558 0.324681 0.322417 0.319682 0.313908 0.306586 0.307032 0.303783 0 
