Infinite flatland isotropic point source isotropic scattering exponential random flight, mu_t = 1
Analogmu_t c: 0.7 maxr: 25 dr: 0.2 du: 0.0666667 numsamples: 7824607 numCollisionOrders: 50 numMoments: 5
CollisionDensity:
1.14166 1.23527 1.23251 1.18871 1.12817 1.05412 0.974599 0.895643 0.819706 0.745053 0.675599 0.60998 0.549097 0.493631 0.441337 0.39618 0.354176 0.315436 0.280554 0.248832 0.221737 0.19592 0.174064 0.154049 0.136749 0.120405 0.106495 0.0939472 0.0834924 0.0730458 0.0640876 0.0567089 0.0502735 0.0443402 0.0387368 0.034272 0.029889 0.0264633 0.0232957 0.0201499 0.0177958 0.0155714 0.0138358 0.0120907 0.0108165 0.00935958 0.00824323 0.00719844 0.00632428 0.0054859 0.00493699 0.00411394 0.00360977 0.00319505 0.00280397 0.00238351 0.00212918 0.00188124 0.0016103 0.00146653 0.0012678 0.00110357 0.000924647 0.000789177 0.000728471 0.000637093 0.000546353 0.000495233 0.000388518 0.000359762 0.000343787 0.000292666 0.000247297 0.000233878 0.0002064 0.000166143 0.000127802 0.000122051 0.0001163 0.000105437 9.58515e-05 9.01004e-05 6.6457e-05 4.66477e-05 3.06725e-05 4.28137e-05 2.93944e-05 2.49214e-05 2.74774e-05 2.42824e-05 1.91703e-05 3.00335e-05 1.72533e-05 1.34192e-05 1.27802e-05 6.3901e-06 1.34192e-05 1.08632e-05 8.30713e-06 7.66812e-06 5.75109e-06 2.55604e-06 5.75109e-06 4.47307e-06 2.55604e-06 1.27802e-06 2.55604e-06 2.55604e-06 1.27802e-06 1.91703e-06 6.3901e-07 6.3901e-07 1.27802e-06 1.91703e-06 0 1.27802e-06 0 6.3901e-07 6.3901e-07 1.27802e-06 6.3901e-07 6.3901e-07 1.27802e-06 6.3901e-07 6.3901e-07 3.19505e-06 
Density Moments:
3.33462 6.47414 22.2346 108.33 681.683 
Per-collision Density Moments:
0 0 0 0 0 
1 0.999874 1.9999 5.99638 23.9318 
0.70027 1.10038 2.80333 9.90547 44.7615 
0.490054 0.980535 2.94214 11.7682 58.8201 
0.342915 0.807917 2.74221 12.11 65.7489 
0.240022 0.639722 2.39664 11.4967 67.1067 
0.168154 0.494874 2.01353 10.3657 64.3451 
0.117817 0.376724 1.64637 9.02244 59.1676 
0.0825073 0.283492 1.31972 7.65129 52.8016 
0.0577968 0.211297 1.03908 6.32571 45.602 
0.040492 0.156451 0.808031 5.13959 38.5311 
0.0283155 0.115094 0.62297 4.1419 32.3883 
0.0198244 0.0843847 0.476734 3.29933 26.7873 
0.0139233 0.0616971 0.36173 2.58931 21.6796 
0.00974426 0.0448156 0.272052 2.01122 17.3509 
0.00683204 0.0325825 0.20501 1.57288 14.1283 
0.00478938 0.0236518 0.153692 1.21524 11.2325 
0.003364 0.0171689 0.114844 0.932263 8.81984 
0.00234235 0.0123185 0.0847237 0.705331 6.82166 
0.00164519 0.00890356 0.0628228 0.535048 5.2802 
0.00115162 0.00640401 0.0463141 0.403823 4.07987 
0.000804513 0.00460398 0.0340321 0.302053 3.10167 
0.000558239 0.0032529 0.0246219 0.22492 2.39016 
0.000393758 0.00233138 0.0179496 0.166164 1.77819 
0.000271707 0.00164804 0.0130379 0.124134 1.36335 
0.000190297 0.0011839 0.00953583 0.0920646 1.01967 
0.000132403 0.000834257 0.00678247 0.0657865 0.731789 
9.1634e-05 0.000571858 0.00466276 0.0459323 0.526446 
6.24952e-05 0.000389351 0.00314383 0.0308648 0.3588 
4.51141e-05 0.000290798 0.00242962 0.0243004 0.279445 
3.14393e-05 0.00020569 0.00173123 0.0172949 0.197148 
2.10873e-05 0.000138509 0.00115921 0.011503 0.131626 
1.63586e-05 0.000112347 0.00095669 0.00958487 0.11003 
1.17578e-05 8.21787e-05 0.000714395 0.00718208 0.0799471 
8.30713e-06 5.82708e-05 0.000505349 0.0050135 0.05454 
6.13449e-06 4.57534e-05 0.000412808 0.00420033 0.0465246 
4.08966e-06 3.08469e-05 0.000281941 0.00290395 0.0326511 
2.68384e-06 2.20155e-05 0.000213757 0.00234991 0.0284233 
1.91703e-06 1.66518e-05 0.000172317 0.00200072 0.0252843 
1.27802e-06 8.92416e-06 7.70543e-05 0.000739057 0.00745751 
1.02242e-06 7.90209e-06 7.66619e-05 0.00083091 0.00958692 
7.66812e-07 6.20578e-06 6.67056e-05 0.000770094 0.00911613 
5.11208e-07 4.45419e-06 4.72503e-05 0.000527187 0.00599634 
2.55604e-07 2.64123e-06 2.82513e-05 0.000311741 0.003532 
1.27802e-07 1.11196e-06 9.67471e-06 8.41759e-05 0.000732383 
1.27802e-07 1.39542e-06 1.52361e-05 0.000166357 0.00181639 
1.27802e-07 1.40495e-06 1.54449e-05 0.000169789 0.00186653 
1.27802e-07 1.17358e-06 1.07768e-05 9.89608e-05 0.000908738 
1.27802e-07 1.08293e-06 9.17618e-06 7.77543e-05 0.00065885 
1.27802e-07 1.09391e-06 9.36316e-06 8.01429e-05 0.000685974 
Per-collision Densities:
0 0 0 0 0 0 0 0 0 0 0 0 0 0 0 0 0 0 0 0 0 0 0 0 0 0 0 0 0 0 0 6.3901e-07 0 0 0 0 0 0 0 0 0 0 0 0 0 6.3901e-07 0 6.3901e-07 0 0 6.3901e-07 0 0 0 0 0 0 6.3901e-07 0 0 0 0 0 0 6.3901e-07 0 0 0 0 0 0 0 0 0 0 0 0 0 0 0 0 0 0 0 0 0 0 0 0 0 0 0 0 0 0 0 0 0 0 0 0 0 0 0 0 0 0 0 0 0 0 0 0 0 0 0 0 0 0 0 0 0 0 0 0 0 
0.907271 0.742161 0.607414 0.497015 0.407598 0.333928 0.272505 0.222663 0.18277 0.149775 0.122744 0.100163 0.0822527 0.0673369 0.0548417 0.0451396 0.0370306 0.0304578 0.0248607 0.0202918 0.0168251 0.0135144 0.0111731 0.00921963 0.00741379 0.00611213 0.00497213 0.00409222 0.00339761 0.00273816 0.00226721 0.00181351 0.0015464 0.00120901 0.000967461 0.000775758 0.000669043 0.000549548 0.000481813 0.000384045 0.00031631 0.000254326 0.000189786 0.00016103 0.000123968 0.000109271 0.000101603 7.41251e-05 6.454e-05 4.60087e-05 3.25895e-05 3.70626e-05 2.30044e-05 3.25895e-05 2.55604e-05 1.02242e-05 1.40582e-05 7.66812e-06 7.66812e-06 7.02911e-06 3.83406e-06 3.83406e-06 3.83406e-06 3.19505e-06 1.27802e-06 6.3901e-07 6.3901e-07 0 0 0 1.91703e-06 6.3901e-07 0 6.3901e-07 0 0 0 0 6.3901e-07 0 0 0 0 0 0 0 0 0 0 0 0 0 0 0 0 0 0 0 0 0 0 0 0 0 0 0 0 0 0 0 0 0 0 0 0 0 0 0 0 0 0 0 0 0 0 0 
0.156888 0.286085 0.322136 0.322235 0.306328 0.281704 0.252965 0.224016 0.197269 0.171267 0.148079 0.128148 0.10913 0.0928794 0.0792078 0.0676941 0.0572879 0.0484708 0.0404257 0.0341647 0.0286462 0.0240338 0.0200368 0.0168743 0.0142538 0.0119527 0.00983436 0.00829243 0.00697224 0.00574022 0.0047996 0.00401554 0.00336694 0.002811 0.00229532 0.00188124 0.00160967 0.00125246 0.00104989 0.000889502 0.00076809 0.000615366 0.000506735 0.000415995 0.00036807 0.000305447 0.000244741 0.000199371 0.000179562 0.000145055 0.0001163 9.58515e-05 6.96521e-05 6.13449e-05 5.30378e-05 3.89796e-05 2.87554e-05 2.10873e-05 2.36434e-05 2.55604e-05 1.53362e-05 1.59752e-05 1.02242e-05 8.94614e-06 7.02911e-06 5.11208e-06 1.91703e-06 4.47307e-06 1.27802e-06 3.19505e-06 1.27802e-06 6.3901e-07 1.27802e-06 6.3901e-07 6.3901e-07 6.3901e-07 6.3901e-07 0 1.27802e-06 0 0 0 0 0 6.3901e-07 0 0 0 0 0 0 0 6.3901e-07 0 0 0 0 0 0 0 0 0 0 0 0 0 0 0 0 0 0 0 0 0 0 0 0 0 0 0 0 0 0 0 0 0 
0.0428418 0.107518 0.147994 0.169252 0.179324 0.179215 0.173329 0.163951 0.152007 0.138898 0.12609 0.11308 0.100696 0.0892939 0.0781656 0.0686635 0.0599717 0.0519151 0.0452361 0.0386262 0.0333729 0.0284545 0.0246057 0.0208202 0.0177415 0.0152979 0.0130556 0.0109149 0.00941964 0.00789305 0.00675114 0.00561114 0.00483219 0.00408263 0.00334777 0.00288705 0.00247169 0.00203269 0.00172149 0.00140518 0.00123904 0.001032 0.000880555 0.000704828 0.000600669 0.000497789 0.000438361 0.000339314 0.000304808 0.000240268 0.000217263 0.000154001 0.000151445 0.000118856 8.69053e-05 8.43493e-05 7.09301e-05 6.19839e-05 3.83406e-05 3.89796e-05 3.57845e-05 2.74774e-05 2.10873e-05 1.59752e-05 1.59752e-05 1.08632e-05 1.15022e-05 4.47307e-06 5.11208e-06 5.11208e-06 5.11208e-06 3.19505e-06 3.19505e-06 2.55604e-06 3.19505e-06 1.27802e-06 2.55604e-06 0 1.27802e-06 0 6.3901e-07 6.3901e-07 6.3901e-07 6.3901e-07 0 0 6.3901e-07 0 6.3901e-07 0 0 6.3901e-07 6.3901e-07 6.3901e-07 0 0 6.3901e-07 0 0 0 0 0 0 0 0 0 0 0 0 0 0 0 0 0 0 0 0 0 0 0 0 0 0 0 0 0 
0.0166743 0.0467142 0.0704892 0.0877961 0.0997277 0.105417 0.10773 0.107357 0.103778 0.0989193 0.0927344 0.085711 0.0791324 0.0725161 0.0653617 0.0589646 0.0527892 0.046488 0.0413292 0.0365686 0.0320112 0.0281899 0.0246453 0.0214688 0.0188029 0.0160117 0.0139029 0.0118996 0.0104715 0.0089078 0.00743807 0.00653004 0.0056137 0.00481558 0.00415484 0.00368006 0.00303849 0.00256115 0.0021541 0.00184929 0.00156493 0.0013662 0.0011483 0.000979602 0.000837742 0.000696521 0.000598113 0.000465838 0.000401937 0.000334841 0.000306725 0.000246658 0.000215985 0.000162947 0.000162947 0.000114383 0.000106715 9.64905e-05 6.2623e-05 6.19839e-05 6.07059e-05 3.19505e-05 3.32285e-05 3.77016e-05 2.49214e-05 2.42824e-05 1.02242e-05 8.30713e-06 8.30713e-06 7.66812e-06 8.94614e-06 7.02911e-06 2.55604e-06 7.02911e-06 5.11208e-06 2.55604e-06 3.19505e-06 1.91703e-06 3.19505e-06 6.3901e-07 1.91703e-06 1.27802e-06 6.3901e-07 1.27802e-06 1.27802e-06 6.3901e-07 6.3901e-07 6.3901e-07 0 0 6.3901e-07 0 6.3901e-07 0 6.3901e-07 0 0 6.3901e-07 0 0 0 0 0 0 0 0 0 0 0 0 0 0 0 0 0 0 0 0 0 0 0 0 0 0 0 0 
0.00801382 0.0228887 0.0361986 0.0471187 0.0554501 0.0612778 0.064924 0.0670391 0.0672238 0.0659631 0.0638345 0.0611034 0.0575741 0.0538487 0.0498447 0.0459793 0.0420596 0.0381163 0.034472 0.0309217 0.0277547 0.0246389 0.0218688 0.0195045 0.0171376 0.0150825 0.013246 0.011667 0.0102222 0.00889118 0.00761827 0.00672174 0.00581052 0.00508588 0.00447371 0.00380658 0.00327429 0.00281867 0.00239245 0.00207678 0.00178092 0.00150934 0.00133234 0.00112721 0.00096171 0.000844132 0.000695243 0.000590445 0.000501623 0.00043261 0.000391713 0.000298418 0.000250492 0.000208317 0.000191703 0.000159113 0.000128441 0.000119495 9.71295e-05 8.17932e-05 7.60422e-05 6.5179e-05 5.62329e-05 4.08966e-05 3.45065e-05 3.32285e-05 2.74774e-05 2.17263e-05 1.02242e-05 1.27802e-05 1.40582e-05 1.15022e-05 7.66812e-06 7.02911e-06 5.75109e-06 8.30713e-06 4.47307e-06 2.55604e-06 2.55604e-06 1.27802e-06 2.55604e-06 3.19505e-06 2.55604e-06 1.27802e-06 3.83406e-06 1.91703e-06 6.3901e-07 0 1.27802e-06 6.3901e-07 0 0 6.3901e-07 0 6.3901e-07 0 0 0 6.3901e-07 6.3901e-07 0 0 0 0 0 0 0 0 0 0 0 0 6.3901e-07 0 0 6.3901e-07 0 0 0 0 0 0 0 0 0 0 
0.00419382 0.0123239 0.0195959 0.026333 0.0315326 0.0360504 0.0394263 0.0414225 0.0427184 0.0429466 0.0424296 0.0416404 0.039832 0.0381962 0.0360114 0.033771 0.0314853 0.0292321 0.0267253 0.0243258 0.0222823 0.0203275 0.0183703 0.0164494 0.0147797 0.0130211 0.0116926 0.0104542 0.00932507 0.00802532 0.00712496 0.00638946 0.00560987 0.00492293 0.00427881 0.00368709 0.00320527 0.0028666 0.00248894 0.00208956 0.00181607 0.00158794 0.00138282 0.00116875 0.00104542 0.000892697 0.000758505 0.000660736 0.000568719 0.000477979 0.000429415 0.00035465 0.000300335 0.000256243 0.0002064 0.000189147 0.000159113 0.00014825 0.000107354 9.96855e-05 8.37103e-05 8.69053e-05 5.94279e-05 5.23988e-05 4.66477e-05 3.83406e-05 2.68384e-05 3.19505e-05 2.30044e-05 1.66143e-05 1.66143e-05 1.27802e-05 1.02242e-05 8.30713e-06 1.08632e-05 5.75109e-06 6.3901e-06 5.11208e-06 4.47307e-06 5.11208e-06 3.83406e-06 4.47307e-06 1.91703e-06 1.91703e-06 1.91703e-06 1.27802e-06 1.27802e-06 1.27802e-06 1.27802e-06 1.91703e-06 0 6.3901e-07 0 6.3901e-07 0 6.3901e-07 6.3901e-07 0 0 0 0 6.3901e-07 6.3901e-07 0 0 0 0 6.3901e-07 0 0 0 0 0 6.3901e-07 0 0 0 0 0 0 0 0 0 0 0 0 
0.00227679 0.00700674 0.0112255 0.0152161 0.0186029 0.0217314 0.0237788 0.0255029 0.026793 0.0274972 0.0279413 0.0276525 0.027101 0.0262224 0.0252984 0.0242057 0.0226363 0.0215857 0.0197396 0.0184156 0.0172597 0.0155171 0.014478 0.0131246 0.0120428 0.0108549 0.0096893 0.00867392 0.00797484 0.00691089 0.00622332 0.00551721 0.00495552 0.00442003 0.00398359 0.0034334 0.00304424 0.00265828 0.00238415 0.00199691 0.00172277 0.00156302 0.00136173 0.00121284 0.00110037 0.000882472 0.000819849 0.000676711 0.000581499 0.000508652 0.000465838 0.000362319 0.000320144 0.000284359 0.000244741 0.000198093 0.00018084 0.000137387 0.000121412 0.000113744 8.17932e-05 7.34861e-05 6.96521e-05 5.36768e-05 6.7096e-05 4.92037e-05 4.08966e-05 2.87554e-05 2.30044e-05 2.10873e-05 2.10873e-05 1.53362e-05 1.85313e-05 1.27802e-05 1.02242e-05 1.27802e-05 7.66812e-06 5.11208e-06 5.75109e-06 7.02911e-06 5.75109e-06 3.19505e-06 1.91703e-06 1.91703e-06 6.3901e-07 3.83406e-06 1.91703e-06 1.27802e-06 1.27802e-06 6.3901e-07 6.3901e-07 6.3901e-07 1.27802e-06 0 6.3901e-07 6.3901e-07 1.27802e-06 0 0 6.3901e-07 0 0 6.3901e-07 0 0 0 0 0 0 0 0 0 0 0 0 0 0 0 0 0 0 0 0 0 0 0 
0.00134448 0.00409861 0.00668788 0.00907713 0.0110734 0.0129764 0.0148193 0.0159567 0.017013 0.017468 0.018015 0.0180974 0.0179293 0.0177485 0.0172117 0.0168456 0.0160883 0.0152845 0.0144218 0.0135323 0.0127195 0.0117693 0.0108644 0.0101034 0.00942028 0.00850841 0.00785151 0.0071109 0.00637029 0.00574789 0.00528972 0.00469736 0.00423152 0.00378166 0.00331518 0.00299632 0.00264742 0.00242568 0.00213301 0.00182885 0.00165631 0.00141796 0.00125246 0.00109462 0.00100261 0.000853717 0.000784065 0.000685018 0.000605781 0.000474784 0.000454975 0.00036104 0.000324617 0.000286915 0.000240907 0.00019362 0.00016806 0.000168699 0.000145694 0.000116939 9.39344e-05 9.01004e-05 6.5179e-05 6.3901e-05 7.15691e-05 6.00669e-05 4.21746e-05 3.51455e-05 3.00335e-05 2.23653e-05 1.85313e-05 2.42824e-05 1.72533e-05 1.91703e-05 1.34192e-05 1.66143e-05 6.3901e-06 9.58515e-06 8.94614e-06 4.47307e-06 5.11208e-06 3.83406e-06 5.11208e-06 3.83406e-06 1.27802e-06 3.19505e-06 1.27802e-06 6.3901e-07 1.27802e-06 0 0 3.19505e-06 6.3901e-07 0 0 0 6.3901e-07 6.3901e-07 6.3901e-07 0 0 0 6.3901e-07 0 0 0 0 0 0 0 0 0 0 0 0 0 0 6.3901e-07 0 0 0 0 0 0 0 0 
0.000776397 0.00243463 0.00408775 0.0054744 0.0068898 0.00790136 0.00928353 0.0100222 0.0107641 0.0112261 0.0115782 0.0118051 0.0119303 0.0119629 0.0117463 0.0113846 0.0111603 0.0107028 0.0103028 0.00972701 0.00920685 0.00859212 0.00817357 0.00756651 0.00698629 0.00656646 0.0060035 0.00550251 0.00504818 0.00465135 0.00411714 0.00376185 0.00346791 0.00320336 0.00280397 0.00255476 0.00221161 0.00200905 0.00182757 0.00163267 0.00140518 0.00123137 0.0010991 0.000987909 0.000900365 0.000801318 0.000686296 0.000621756 0.000553382 0.000481174 0.000408966 0.000355928 0.000316949 0.000276691 0.00023899 0.000217902 0.000180201 0.000150806 0.000151445 0.000128441 0.000106076 8.75443e-05 7.47641e-05 6.19839e-05 5.68719e-05 4.72867e-05 3.96186e-05 3.83406e-05 2.81164e-05 2.42824e-05 3.19505e-05 2.36434e-05 1.72533e-05 1.46972e-05 1.40582e-05 7.66812e-06 8.94614e-06 1.02242e-05 7.02911e-06 7.02911e-06 2.55604e-06 3.19505e-06 6.3901e-06 2.55604e-06 1.91703e-06 1.27802e-06 1.91703e-06 3.19505e-06 1.91703e-06 2.55604e-06 6.3901e-07 1.27802e-06 6.3901e-07 0 6.3901e-07 6.3901e-07 1.27802e-06 0 6.3901e-07 0 0 0 0 0 0 0 0 0 6.3901e-07 0 0 0 0 0 0 0 0 0 0 0 0 0 0 0 0 6.3901e-07 
0.000500984 0.00146908 0.00246913 0.00332988 0.00419957 0.00509035 0.00572105 0.00637284 0.00685913 0.00725212 0.00760549 0.0076662 0.00795503 0.00791733 0.00788538 0.0077333 0.00761444 0.00739654 0.00726298 0.00683932 0.00664698 0.00625718 0.00592745 0.00555747 0.0052041 0.00479641 0.00453889 0.00425836 0.003843 0.00357782 0.00321102 0.00301996 0.00272026 0.00250045 0.00218797 0.00207423 0.00176494 0.00167676 0.00150806 0.00131572 0.00123904 0.00105309 0.000994938 0.000896531 0.000789177 0.000709301 0.000607698 0.00054188 0.000500984 0.000449863 0.000366792 0.000328451 0.000277969 0.000244741 0.00023899 0.000189147 0.00016806 0.000143138 0.000139304 0.000117578 0.000104159 8.81833e-05 8.43493e-05 5.94279e-05 4.53697e-05 5.11208e-05 4.21746e-05 3.57845e-05 2.74774e-05 2.68384e-05 2.49214e-05 2.36434e-05 1.59752e-05 1.72533e-05 1.27802e-05 1.02242e-05 1.27802e-05 7.02911e-06 6.3901e-06 6.3901e-06 4.47307e-06 3.83406e-06 5.11208e-06 1.27802e-06 1.27802e-06 3.83406e-06 1.27802e-06 0 3.83406e-06 6.3901e-07 6.3901e-07 2.55604e-06 1.27802e-06 0 6.3901e-07 0 6.3901e-07 0 6.3901e-07 0 0 0 0 0 6.3901e-07 0 0 0 0 0 0 0 0 0 0 0 0 0 0 0 0 6.3901e-07 0 0 0 6.3901e-07 
0.000334202 0.000936788 0.00150998 0.00202694 0.00266211 0.00315735 0.00359443 0.0040264 0.00440917 0.00480024 0.00488842 0.00501495 0.00528269 0.00522135 0.00527119 0.00515873 0.00515553 0.0049453 0.0050993 0.0047651 0.00473826 0.00449607 0.00420596 0.00397592 0.00383342 0.00353692 0.00335544 0.00314137 0.00286851 0.00273496 0.00244421 0.00230491 0.00201352 0.00194003 0.00177389 0.0015873 0.00145503 0.00138026 0.00119048 0.0010812 0.00101411 0.000899087 0.000816015 0.000723998 0.000638371 0.000568719 0.000517598 0.000492677 0.000414078 0.00039363 0.000339314 0.000278608 0.000247297 0.000231961 0.000210873 0.000172533 0.000161669 0.00015464 0.000120134 0.000115022 0.000100325 7.85982e-05 7.79592e-05 6.2623e-05 4.79257e-05 4.79257e-05 4.53697e-05 3.89796e-05 3.06725e-05 2.49214e-05 3.25895e-05 2.23653e-05 1.59752e-05 1.98093e-05 1.98093e-05 1.40582e-05 7.02911e-06 1.02242e-05 5.11208e-06 6.3901e-06 6.3901e-06 7.66812e-06 3.19505e-06 5.11208e-06 1.27802e-06 3.83406e-06 0 2.55604e-06 1.91703e-06 1.27802e-06 0 3.19505e-06 6.3901e-07 6.3901e-07 0 6.3901e-07 6.3901e-07 0 0 6.3901e-07 0 6.3901e-07 0 0 0 0 0 0 0 0 0 0 0 0 0 0 0 0 0 0 0 0 0 0 0 6.3901e-07 
0.000184035 0.000585972 0.000958515 0.00130486 0.00171958 0.00197198 0.00227871 0.00254198 0.00278864 0.00312092 0.00325767 0.00331454 0.00349347 0.00353756 0.00350625 0.00341806 0.00356184 0.00345704 0.00343723 0.00337333 0.00320208 0.00311901 0.00292475 0.00280525 0.00270237 0.00254262 0.00250172 0.00223717 0.00216241 0.00202183 0.00188061 0.0017004 0.00164417 0.00141924 0.00133936 0.00123393 0.00113424 0.0010729 0.000947651 0.000875443 0.000802596 0.00072272 0.000695882 0.000597474 0.000499067 0.000501623 0.000438361 0.000409605 0.000376377 0.000313115 0.000279247 0.000248575 0.000226209 0.000194898 0.000185952 0.00014825 0.000145055 0.00014825 0.00010991 9.32954e-05 7.98762e-05 8.05152e-05 6.3262e-05 5.36768e-05 5.55938e-05 4.08966e-05 3.70626e-05 4.66477e-05 3.32285e-05 2.81164e-05 2.61994e-05 1.78923e-05 1.72533e-05 2.30044e-05 1.08632e-05 9.58515e-06 8.30713e-06 1.02242e-05 9.58515e-06 8.94614e-06 6.3901e-06 1.02242e-05 4.47307e-06 5.11208e-06 1.91703e-06 4.47307e-06 1.27802e-06 1.91703e-06 1.27802e-06 1.91703e-06 1.27802e-06 6.3901e-07 6.3901e-07 1.27802e-06 0 0 0 0 6.3901e-07 0 0 0 0 6.3901e-07 0 0 0 6.3901e-07 0 0 0 0 0 0 0 0 0 0 0 0 0 0 0 0 0 6.3901e-07 
0.000132275 0.000369348 0.000604503 0.0008518 0.00108504 0.00130166 0.00146653 0.00165248 0.00182246 0.00207167 0.00219755 0.00217519 0.0022966 0.00228574 0.00236498 0.00231322 0.0024161 0.00238415 0.00233878 0.0023343 0.00219053 0.00218605 0.00209979 0.00194642 0.00194706 0.00178859 0.00172277 0.00170104 0.00156366 0.00151126 0.00131828 0.00128824 0.0012531 0.00108312 0.00101155 0.000978324 0.000883111 0.000844771 0.000731027 0.000674794 0.000607698 0.000569997 0.00050993 0.000484369 0.00045178 0.000407049 0.00036104 0.000344426 0.000288193 0.000272857 0.000243463 0.000208317 0.000183396 0.000171255 0.000155279 0.000121412 0.000127802 9.64905e-05 9.01004e-05 8.37103e-05 8.24323e-05 7.28471e-05 6.454e-05 4.40917e-05 4.79257e-05 4.08966e-05 4.28137e-05 3.64236e-05 3.25895e-05 2.93944e-05 1.66143e-05 1.66143e-05 1.59752e-05 1.27802e-05 1.15022e-05 1.02242e-05 8.94614e-06 8.30713e-06 6.3901e-06 8.30713e-06 5.75109e-06 6.3901e-06 6.3901e-06 6.3901e-07 2.55604e-06 1.91703e-06 6.3901e-07 6.3901e-07 1.91703e-06 1.91703e-06 1.27802e-06 2.55604e-06 0 0 6.3901e-07 6.3901e-07 1.27802e-06 1.27802e-06 6.3901e-07 0 6.3901e-07 0 0 6.3901e-07 6.3901e-07 0 0 6.3901e-07 0 0 0 0 0 0 0 0 0 0 0 0 0 0 0 0 0 6.3901e-07 
7.85982e-05 0.000216624 0.000420468 0.000572553 0.000686296 0.000846049 0.000947651 0.0010959 0.00122945 0.00130294 0.00142371 0.00149337 0.00148314 0.00154704 0.00150551 0.00161414 0.00161094 0.00162181 0.0015496 0.0015758 0.00152723 0.00148506 0.00146589 0.00141285 0.00139112 0.00129847 0.00126524 0.00116108 0.00109462 0.00107609 0.00100708 0.000953403 0.000883111 0.000852439 0.000778314 0.00068374 0.000657541 0.000598752 0.000608337 0.000533573 0.000468394 0.000434527 0.000417273 0.000363597 0.000349538 0.000295862 0.000308642 0.000269662 0.000224931 0.000210873 0.000217902 0.000157196 0.000157835 0.000143138 0.000119495 0.000118856 9.77685e-05 9.32954e-05 8.11542e-05 7.34861e-05 7.60422e-05 5.36768e-05 4.98428e-05 4.40917e-05 4.21746e-05 3.45065e-05 3.00335e-05 3.06725e-05 2.87554e-05 2.17263e-05 1.85313e-05 1.85313e-05 1.53362e-05 1.21412e-05 1.21412e-05 1.21412e-05 5.11208e-06 7.02911e-06 3.19505e-06 4.47307e-06 7.66812e-06 7.66812e-06 1.27802e-06 1.91703e-06 1.91703e-06 2.55604e-06 2.55604e-06 1.91703e-06 1.91703e-06 6.3901e-07 6.3901e-07 1.27802e-06 1.27802e-06 1.27802e-06 1.91703e-06 6.3901e-07 0 1.91703e-06 6.3901e-07 6.3901e-07 0 0 0 6.3901e-07 0 6.3901e-07 0 0 0 0 0 0 0 0 0 0 0 0 0 0 0 0 0 6.3901e-07 0 0 
4.72867e-05 0.000153362 0.000254326 0.000394269 0.000437083 0.000513125 0.000624313 0.000738695 0.00079365 0.000913784 0.000927842 0.000976407 0.000977685 0.00102242 0.00102625 0.0010614 0.00110421 0.0010729 0.00109782 0.00107929 0.00106076 0.00104159 0.00100708 0.000962988 0.000960432 0.000923369 0.000856912 0.000840937 0.000825601 0.00074828 0.000775119 0.000666487 0.00063901 0.000605781 0.000546353 0.000531656 0.000504818 0.000438361 0.000465199 0.00040641 0.000375099 0.00032909 0.000318866 0.000284998 0.000274135 0.00024538 0.000223014 0.000203844 0.000189786 0.000162947 0.000165504 0.000137387 0.000123968 0.000104798 9.71295e-05 9.26564e-05 9.77685e-05 7.15691e-05 6.19839e-05 6.19839e-05 6.07059e-05 4.72867e-05 4.08966e-05 4.08966e-05 3.57845e-05 3.00335e-05 3.32285e-05 3.25895e-05 2.04483e-05 1.98093e-05 2.23653e-05 1.53362e-05 1.46972e-05 1.27802e-05 1.34192e-05 4.47307e-06 6.3901e-06 6.3901e-06 5.75109e-06 6.3901e-06 3.83406e-06 6.3901e-06 5.11208e-06 1.91703e-06 1.91703e-06 3.19505e-06 1.91703e-06 1.91703e-06 2.55604e-06 6.3901e-07 2.55604e-06 1.91703e-06 1.27802e-06 1.27802e-06 6.3901e-07 0 1.27802e-06 1.91703e-06 0 6.3901e-07 6.3901e-07 0 0 6.3901e-07 0 0 6.3901e-07 6.3901e-07 0 6.3901e-07 0 0 0 0 0 0 0 0 6.3901e-07 0 0 0 0 0 6.3901e-07 0 
2.81164e-05 0.000106076 0.000167421 0.000257521 0.00027733 0.00036807 0.00040641 0.000488203 0.000496511 0.000542519 0.000624313 0.000637093 0.000671599 0.000686935 0.000676072 0.000734222 0.000699077 0.000750197 0.00074189 0.000721442 0.000742529 0.00072911 0.000693965 0.000694604 0.000663292 0.0006454 0.000587889 0.000581499 0.000578943 0.000566163 0.000549548 0.000499067 0.00045817 0.000440917 0.000439639 0.0004128 0.000368709 0.000339953 0.00032909 0.000300335 0.000276052 0.00024538 0.000243463 0.000211512 0.000226848 0.000188508 0.000169977 0.000150167 0.000138665 0.000134831 0.000127802 0.000112466 9.13784e-05 0.000104159 7.73202e-05 7.34861e-05 6.90131e-05 6.00669e-05 5.94279e-05 4.53697e-05 3.96186e-05 4.79257e-05 3.51455e-05 2.93944e-05 2.42824e-05 3.25895e-05 2.17263e-05 2.30044e-05 1.85313e-05 2.10873e-05 1.78923e-05 1.21412e-05 1.27802e-05 1.40582e-05 1.46972e-05 7.02911e-06 5.11208e-06 6.3901e-06 5.75109e-06 5.75109e-06 7.02911e-06 4.47307e-06 3.19505e-06 3.83406e-06 2.55604e-06 0 2.55604e-06 3.19505e-06 1.27802e-06 1.27802e-06 0 1.27802e-06 2.55604e-06 1.91703e-06 1.27802e-06 6.3901e-07 0 0 1.27802e-06 1.27802e-06 6.3901e-07 0 0 6.3901e-07 1.27802e-06 0 0 0 0 0 0 0 6.3901e-07 0 0 0 0 0 0 0 0 0 6.3901e-07 0 0 0 
2.10873e-05 6.7735e-05 0.000102242 0.000145694 0.000196815 0.000224292 0.000281803 0.000271579 0.00034826 0.000366792 0.000426858 0.000431332 0.000451141 0.000442834 0.000447307 0.00049715 0.000506735 0.000515681 0.000481813 0.000491398 0.000523349 0.000521432 0.000467116 0.000493316 0.000439 0.000433249 0.000433888 0.000403854 0.000416634 0.000416634 0.000355289 0.000364236 0.000359123 0.000325256 0.000302252 0.000309281 0.000286915 0.000249214 0.000240268 0.000226209 0.000209595 0.000192981 0.000189147 0.000170616 0.000169977 0.000134831 0.000114383 0.000122051 0.00010991 0.000106715 7.98762e-05 9.58515e-05 8.81833e-05 7.66812e-05 5.87889e-05 6.00669e-05 5.17598e-05 4.60087e-05 3.96186e-05 4.08966e-05 3.96186e-05 3.51455e-05 3.38675e-05 2.36434e-05 2.49214e-05 2.61994e-05 2.10873e-05 1.66143e-05 1.40582e-05 1.08632e-05 1.59752e-05 1.08632e-05 1.40582e-05 7.66812e-06 1.40582e-05 7.02911e-06 4.47307e-06 5.75109e-06 7.66812e-06 6.3901e-06 6.3901e-06 6.3901e-06 1.91703e-06 2.55604e-06 1.27802e-06 3.19505e-06 1.91703e-06 1.91703e-06 6.3901e-07 1.27802e-06 1.27802e-06 6.3901e-07 1.27802e-06 6.3901e-07 0 6.3901e-07 0 6.3901e-07 0 6.3901e-07 6.3901e-07 6.3901e-07 0 6.3901e-07 0 0 6.3901e-07 0 0 0 0 6.3901e-07 0 0 0 0 0 0 0 6.3901e-07 0 0 0 0 0 0 
1.78923e-05 4.53697e-05 7.09301e-05 9.96855e-05 0.000125246 0.00014186 0.000167421 0.000191703 0.000199371 0.000253687 0.000274135 0.000283081 0.000297779 0.000308642 0.000321422 0.000330368 0.000327812 0.000345065 0.000336119 0.000351455 0.00033548 0.00033548 0.000338675 0.000337397 0.000313754 0.000315671 0.000295862 0.000284359 0.000270301 0.000265828 0.000252409 0.000254326 0.000256882 0.000247297 0.000221097 0.0002064 0.000172533 0.000198093 0.000173811 0.000175089 0.000150167 0.000153362 0.000152723 0.000131636 0.000134192 9.96855e-05 9.64905e-05 0.000100964 8.81833e-05 7.41251e-05 6.5179e-05 6.96521e-05 5.81499e-05 4.72867e-05 5.30378e-05 5.23988e-05 4.08966e-05 3.51455e-05 3.25895e-05 3.96186e-05 2.74774e-05 2.30044e-05 1.59752e-05 2.49214e-05 2.17263e-05 2.17263e-05 1.53362e-05 1.66143e-05 6.3901e-06 7.66812e-06 1.27802e-05 1.46972e-05 1.08632e-05 7.02911e-06 1.02242e-05 4.47307e-06 5.75109e-06 5.11208e-06 6.3901e-06 4.47307e-06 7.66812e-06 1.27802e-06 4.47307e-06 3.19505e-06 6.3901e-07 3.83406e-06 6.3901e-07 1.27802e-06 1.91703e-06 0 1.91703e-06 0 6.3901e-07 6.3901e-07 1.27802e-06 0 1.91703e-06 0 6.3901e-07 0 0 6.3901e-07 0 0 0 0 0 0 6.3901e-07 0 0 0 0 6.3901e-07 0 0 0 0 0 0 0 0 0 0 0 0 
1.02242e-05 3.51455e-05 3.77016e-05 7.02911e-05 8.88224e-05 0.000105437 0.000114383 0.000104159 0.000134831 0.000158474 0.000186591 0.000197454 0.000199371 0.00021279 0.000198732 0.00022557 0.000216624 0.000228765 0.000233239 0.000234517 0.000223014 0.000221097 0.000226848 0.000223653 0.000224292 0.000229404 0.000190425 0.000227487 0.000203205 0.000177006 0.000200649 0.000185952 0.000192342 0.000194259 0.00015464 0.000143138 0.000134192 0.000134831 0.000143138 0.000127163 0.000105437 0.0001163 8.81833e-05 0.000100325 9.07394e-05 8.37103e-05 7.15691e-05 6.96521e-05 5.55938e-05 6.2623e-05 5.36768e-05 5.17598e-05 3.89796e-05 4.21746e-05 3.32285e-05 3.89796e-05 3.57845e-05 2.68384e-05 2.55604e-05 3.25895e-05 2.61994e-05 1.85313e-05 1.72533e-05 2.04483e-05 1.91703e-05 1.34192e-05 1.53362e-05 1.34192e-05 1.40582e-05 1.15022e-05 6.3901e-06 9.58515e-06 6.3901e-06 7.66812e-06 3.19505e-06 2.55604e-06 3.83406e-06 5.11208e-06 4.47307e-06 4.47307e-06 4.47307e-06 5.11208e-06 1.27802e-06 2.55604e-06 1.27802e-06 1.27802e-06 2.55604e-06 0 6.3901e-07 1.91703e-06 1.91703e-06 1.91703e-06 0 0 1.27802e-06 0 1.27802e-06 6.3901e-07 0 6.3901e-07 0 0 0 0 0 0 0 0 0 0 0 0 0 0 0 6.3901e-07 0 0 0 0 0 0 0 0 0 0 
5.11208e-06 1.53362e-05 2.61994e-05 4.85647e-05 5.30378e-05 6.96521e-05 8.37103e-05 7.66812e-05 9.39344e-05 0.000112466 0.000107354 0.000124607 0.000119495 0.00015464 0.000159113 0.000150167 0.000147611 0.000139304 0.000151445 0.00016103 0.000146972 0.000150167 0.000158474 0.000159113 0.00014825 0.000142499 0.000158474 0.000148889 0.000139304 0.000127802 0.000152084 0.000120134 0.000138026 0.000117578 0.000114383 0.000112466 0.000101603 0.000106715 0.000104159 9.20174e-05 7.73202e-05 7.92372e-05 7.02911e-05 8.43493e-05 6.3901e-05 5.87889e-05 5.68719e-05 4.98428e-05 4.53697e-05 4.34527e-05 3.70626e-05 3.32285e-05 3.70626e-05 3.51455e-05 3.25895e-05 3.00335e-05 2.04483e-05 2.36434e-05 2.61994e-05 1.98093e-05 1.46972e-05 2.17263e-05 1.15022e-05 1.21412e-05 1.02242e-05 8.30713e-06 1.34192e-05 8.94614e-06 8.30713e-06 1.08632e-05 8.30713e-06 6.3901e-06 5.75109e-06 5.11208e-06 4.47307e-06 5.11208e-06 5.11208e-06 3.83406e-06 2.55604e-06 3.83406e-06 3.83406e-06 4.47307e-06 2.55604e-06 0 0 0 1.91703e-06 6.3901e-07 1.27802e-06 1.27802e-06 6.3901e-07 2.55604e-06 6.3901e-07 1.27802e-06 0 6.3901e-07 0 0 0 0 6.3901e-07 0 1.27802e-06 0 0 0 0 0 0 0 0 0 0 6.3901e-07 0 0 0 0 0 0 0 0 0 0 0 0 
4.47307e-06 1.21412e-05 2.10873e-05 2.49214e-05 4.02576e-05 3.77016e-05 4.40917e-05 5.23988e-05 6.07059e-05 5.62329e-05 8.49883e-05 8.11542e-05 9.77685e-05 0.00010352 8.94614e-05 9.20174e-05 9.58515e-05 9.96855e-05 8.69053e-05 0.000113105 0.000111188 0.000104798 0.000108632 0.000108632 0.000106715 0.000112466 0.000105437 0.00010991 9.20174e-05 0.000104159 9.45734e-05 9.58515e-05 8.30713e-05 9.01004e-05 7.85982e-05 8.43493e-05 6.19839e-05 8.43493e-05 7.02911e-05 5.68719e-05 6.00669e-05 6.6457e-05 5.68719e-05 4.85647e-05 5.43158e-05 5.11208e-05 4.28137e-05 3.45065e-05 3.00335e-05 3.38675e-05 3.64236e-05 3.25895e-05 2.55604e-05 3.13115e-05 1.91703e-05 1.98093e-05 1.66143e-05 1.66143e-05 1.72533e-05 1.46972e-05 1.66143e-05 1.46972e-05 9.58515e-06 7.66812e-06 5.11208e-06 3.83406e-06 7.02911e-06 8.30713e-06 1.02242e-05 8.30713e-06 5.11208e-06 3.19505e-06 4.47307e-06 5.75109e-06 3.83406e-06 5.75109e-06 4.47307e-06 3.83406e-06 5.11208e-06 1.91703e-06 1.91703e-06 1.27802e-06 2.55604e-06 6.3901e-07 1.27802e-06 0 6.3901e-07 6.3901e-07 0 1.27802e-06 0 6.3901e-07 6.3901e-07 0 1.27802e-06 6.3901e-07 6.3901e-07 6.3901e-07 0 0 1.27802e-06 0 0 0 0 0 0 0 0 0 0 0 0 0 0 0 0 0 0 6.3901e-07 0 0 0 0 0 0 
4.47307e-06 1.46972e-05 1.15022e-05 1.66143e-05 2.10873e-05 2.42824e-05 3.45065e-05 3.00335e-05 4.08966e-05 5.04818e-05 4.60087e-05 5.81499e-05 7.22081e-05 6.454e-05 6.3262e-05 6.7096e-05 6.96521e-05 6.2623e-05 7.54031e-05 6.5179e-05 6.2623e-05 7.15691e-05 7.73202e-05 7.92372e-05 7.54031e-05 6.13449e-05 6.7096e-05 7.79592e-05 6.96521e-05 6.3262e-05 7.15691e-05 5.81499e-05 5.81499e-05 5.49548e-05 6.2623e-05 6.454e-05 5.75109e-05 4.53697e-05 5.04818e-05 3.77016e-05 4.40917e-05 4.21746e-05 4.85647e-05 3.32285e-05 3.32285e-05 3.45065e-05 2.93944e-05 2.36434e-05 2.68384e-05 2.36434e-05 2.87554e-05 2.42824e-05 2.10873e-05 2.04483e-05 1.66143e-05 1.53362e-05 1.53362e-05 1.21412e-05 1.53362e-05 1.27802e-05 6.3901e-06 8.94614e-06 8.30713e-06 5.75109e-06 5.11208e-06 4.47307e-06 5.11208e-06 2.55604e-06 3.19505e-06 5.75109e-06 4.47307e-06 6.3901e-06 5.75109e-06 2.55604e-06 1.91703e-06 3.19505e-06 3.19505e-06 3.19505e-06 4.47307e-06 4.47307e-06 1.27802e-06 1.27802e-06 1.91703e-06 6.3901e-07 0 0 6.3901e-07 6.3901e-07 6.3901e-07 6.3901e-07 6.3901e-07 6.3901e-07 0 1.91703e-06 0 0 1.27802e-06 6.3901e-07 0 6.3901e-07 0 0 1.27802e-06 0 0 0 0 0 0 0 0 0 0 0 0 0 0 0 0 0 6.3901e-07 0 0 0 0 0 
1.91703e-06 5.11208e-06 1.40582e-05 1.21412e-05 1.34192e-05 1.98093e-05 2.49214e-05 2.55604e-05 2.87554e-05 3.38675e-05 3.13115e-05 4.28137e-05 4.08966e-05 3.77016e-05 4.85647e-05 5.17598e-05 3.77016e-05 4.98428e-05 5.04818e-05 4.60087e-05 4.98428e-05 4.85647e-05 4.60087e-05 5.30378e-05 4.72867e-05 5.30378e-05 5.23988e-05 5.30378e-05 4.21746e-05 4.53697e-05 4.72867e-05 4.72867e-05 4.28137e-05 4.15356e-05 3.00335e-05 4.53697e-05 3.70626e-05 3.70626e-05 3.25895e-05 3.06725e-05 3.25895e-05 1.98093e-05 2.87554e-05 2.93944e-05 2.55604e-05 3.06725e-05 2.36434e-05 2.10873e-05 1.91703e-05 1.66143e-05 1.46972e-05 1.72533e-05 1.66143e-05 1.66143e-05 1.21412e-05 8.94614e-06 1.21412e-05 1.27802e-05 7.02911e-06 1.21412e-05 8.30713e-06 6.3901e-06 5.75109e-06 8.30713e-06 7.02911e-06 3.83406e-06 2.55604e-06 4.47307e-06 1.91703e-06 3.83406e-06 1.27802e-06 3.83406e-06 5.75109e-06 4.47307e-06 1.27802e-06 2.55604e-06 2.55604e-06 3.19505e-06 2.55604e-06 2.55604e-06 6.3901e-07 6.3901e-07 1.27802e-06 6.3901e-07 0 0 6.3901e-07 0 0 6.3901e-07 6.3901e-07 1.27802e-06 6.3901e-07 6.3901e-07 0 0 0 0 0 0 6.3901e-07 0 6.3901e-07 0 0 0 0 0 0 0 0 0 0 0 0 0 0 0 0 0 0 0 6.3901e-07 0 0 0 
1.91703e-06 3.83406e-06 4.47307e-06 1.02242e-05 1.34192e-05 1.66143e-05 1.53362e-05 1.40582e-05 1.72533e-05 1.78923e-05 2.49214e-05 2.30044e-05 2.81164e-05 2.87554e-05 3.38675e-05 2.87554e-05 2.81164e-05 3.70626e-05 3.70626e-05 2.61994e-05 3.32285e-05 3.70626e-05 3.96186e-05 2.74774e-05 3.13115e-05 3.38675e-05 3.32285e-05 3.25895e-05 3.25895e-05 3.70626e-05 3.19505e-05 2.68384e-05 3.32285e-05 2.55604e-05 2.23653e-05 2.36434e-05 2.55604e-05 2.49214e-05 2.30044e-05 1.66143e-05 2.17263e-05 2.17263e-05 1.46972e-05 2.55604e-05 2.10873e-05 2.30044e-05 1.21412e-05 1.91703e-05 1.46972e-05 1.27802e-05 1.40582e-05 1.34192e-05 8.94614e-06 7.66812e-06 1.72533e-05 7.02911e-06 7.66812e-06 3.83406e-06 8.94614e-06 7.66812e-06 7.66812e-06 8.30713e-06 2.55604e-06 2.55604e-06 3.19505e-06 1.27802e-06 5.11208e-06 2.55604e-06 1.91703e-06 4.47307e-06 3.83406e-06 3.83406e-06 1.91703e-06 2.55604e-06 1.91703e-06 3.19505e-06 1.27802e-06 0 0 1.91703e-06 1.27802e-06 6.3901e-07 1.27802e-06 1.27802e-06 6.3901e-07 6.3901e-07 0 0 0 1.91703e-06 1.27802e-06 1.27802e-06 0 0 1.27802e-06 0 0 6.3901e-07 0 0 0 0 0 0 0 0 0 0 0 6.3901e-07 0 0 0 0 0 0 0 0 0 0 0 0 0 0 0 0 
1.27802e-06 2.55604e-06 3.83406e-06 4.47307e-06 8.94614e-06 8.30713e-06 1.02242e-05 3.83406e-06 1.72533e-05 1.72533e-05 1.53362e-05 1.34192e-05 1.53362e-05 1.59752e-05 1.21412e-05 2.04483e-05 2.87554e-05 2.61994e-05 2.36434e-05 2.81164e-05 2.30044e-05 2.68384e-05 1.08632e-05 2.42824e-05 2.81164e-05 2.36434e-05 2.87554e-05 2.10873e-05 2.87554e-05 2.55604e-05 1.46972e-05 1.85313e-05 2.10873e-05 2.49214e-05 1.98093e-05 1.85313e-05 1.34192e-05 1.66143e-05 1.34192e-05 1.08632e-05 1.08632e-05 1.46972e-05 8.30713e-06 2.10873e-05 1.78923e-05 1.15022e-05 1.27802e-05 1.02242e-05 1.40582e-05 7.02911e-06 1.08632e-05 1.21412e-05 7.66812e-06 8.94614e-06 6.3901e-06 4.47307e-06 7.02911e-06 7.02911e-06 7.02911e-06 6.3901e-06 5.75109e-06 3.19505e-06 3.83406e-06 3.83406e-06 1.27802e-06 1.27802e-06 1.27802e-06 1.91703e-06 3.19505e-06 2.55604e-06 1.91703e-06 3.19505e-06 2.55604e-06 6.3901e-07 4.47307e-06 2.55604e-06 0 0 1.27802e-06 0 1.91703e-06 1.27802e-06 6.3901e-07 6.3901e-07 0 6.3901e-07 6.3901e-07 0 0 6.3901e-07 1.27802e-06 6.3901e-07 6.3901e-07 6.3901e-07 0 0 0 0 0 0 0 0 0 6.3901e-07 0 0 0 0 0 0 0 0 0 0 0 0 0 0 0 0 0 0 0 0 0 0 
1.91703e-06 1.91703e-06 2.55604e-06 5.11208e-06 3.83406e-06 4.47307e-06 7.02911e-06 4.47307e-06 1.08632e-05 7.66812e-06 1.27802e-05 1.53362e-05 1.40582e-05 9.58515e-06 1.02242e-05 9.58515e-06 1.59752e-05 1.66143e-05 1.08632e-05 2.10873e-05 1.15022e-05 1.27802e-05 1.59752e-05 1.59752e-05 1.72533e-05 2.04483e-05 1.72533e-05 1.59752e-05 1.78923e-05 1.15022e-05 2.10873e-05 1.08632e-05 1.46972e-05 1.72533e-05 8.30713e-06 1.78923e-05 1.40582e-05 8.94614e-06 1.15022e-05 8.30713e-06 1.15022e-05 7.02911e-06 6.3901e-06 1.15022e-05 1.08632e-05 7.02911e-06 1.15022e-05 6.3901e-06 8.30713e-06 8.94614e-06 6.3901e-06 1.08632e-05 6.3901e-06 5.75109e-06 6.3901e-06 4.47307e-06 3.19505e-06 7.02911e-06 3.19505e-06 7.66812e-06 3.83406e-06 3.19505e-06 1.91703e-06 1.27802e-06 6.3901e-07 1.91703e-06 1.27802e-06 1.27802e-06 2.55604e-06 1.27802e-06 2.55604e-06 1.27802e-06 6.3901e-07 0 0 1.91703e-06 0 1.27802e-06 6.3901e-07 6.3901e-07 6.3901e-07 1.27802e-06 6.3901e-07 6.3901e-07 0 6.3901e-07 6.3901e-07 6.3901e-07 0 0 6.3901e-07 0 0 0 0 0 0 0 1.27802e-06 0 0 0 6.3901e-07 0 0 0 0 0 0 0 0 0 0 0 0 0 0 0 0 0 0 0 0 0 0 0 
0 1.27802e-06 6.3901e-07 3.19505e-06 4.47307e-06 6.3901e-06 5.11208e-06 7.66812e-06 4.47307e-06 7.02911e-06 3.83406e-06 1.02242e-05 8.30713e-06 1.15022e-05 1.08632e-05 7.02911e-06 1.02242e-05 1.53362e-05 7.02911e-06 8.30713e-06 8.94614e-06 1.02242e-05 8.94614e-06 1.27802e-05 1.21412e-05 1.40582e-05 8.30713e-06 1.15022e-05 1.21412e-05 1.08632e-05 8.94614e-06 1.46972e-05 7.66812e-06 7.02911e-06 5.75109e-06 1.21412e-05 1.02242e-05 5.11208e-06 5.75109e-06 9.58515e-06 8.94614e-06 8.30713e-06 7.66812e-06 4.47307e-06 8.30713e-06 7.66812e-06 4.47307e-06 3.83406e-06 3.83406e-06 2.55604e-06 7.66812e-06 4.47307e-06 5.11208e-06 5.75109e-06 2.55604e-06 1.91703e-06 2.55604e-06 2.55604e-06 1.27802e-06 4.47307e-06 5.11208e-06 4.47307e-06 1.27802e-06 1.27802e-06 1.91703e-06 6.3901e-07 1.27802e-06 1.27802e-06 0 6.3901e-07 1.27802e-06 6.3901e-07 6.3901e-07 6.3901e-07 6.3901e-07 1.27802e-06 6.3901e-07 0 1.27802e-06 6.3901e-07 1.27802e-06 0 0 0 0 6.3901e-07 0 0 0 0 6.3901e-07 0 0 0 0 0 0 0 0 6.3901e-07 0 0 0 0 0 0 6.3901e-07 0 0 6.3901e-07 0 0 0 0 0 0 0 0 0 0 0 0 0 0 0 0 
0 6.3901e-07 1.27802e-06 1.91703e-06 4.47307e-06 2.55604e-06 1.91703e-06 4.47307e-06 5.75109e-06 6.3901e-07 3.83406e-06 6.3901e-06 5.75109e-06 5.75109e-06 8.30713e-06 7.02911e-06 7.02911e-06 7.02911e-06 6.3901e-06 5.75109e-06 4.47307e-06 9.58515e-06 8.30713e-06 7.66812e-06 5.11208e-06 8.94614e-06 8.30713e-06 1.21412e-05 1.02242e-05 3.83406e-06 1.02242e-05 5.75109e-06 3.83406e-06 7.02911e-06 3.83406e-06 5.75109e-06 8.94614e-06 5.11208e-06 6.3901e-06 8.30713e-06 3.83406e-06 5.11208e-06 2.55604e-06 3.83406e-06 7.02911e-06 3.19505e-06 3.19505e-06 2.55604e-06 3.19505e-06 4.47307e-06 5.75109e-06 1.91703e-06 5.11208e-06 3.19505e-06 1.27802e-06 3.83406e-06 2.55604e-06 1.27802e-06 1.91703e-06 1.27802e-06 1.27802e-06 1.27802e-06 1.27802e-06 0 1.27802e-06 0 0 0 6.3901e-07 6.3901e-07 0 6.3901e-07 6.3901e-07 1.27802e-06 0 6.3901e-07 1.27802e-06 0 6.3901e-07 6.3901e-07 0 0 0 0 0 0 0 0 0 0 0 6.3901e-07 0 0 0 0 0 0 0 6.3901e-07 0 0 0 0 0 0 6.3901e-07 0 0 0 6.3901e-07 0 0 0 0 0 0 0 0 0 0 0 0 0 0 0 
0 6.3901e-07 0 2.55604e-06 1.27802e-06 1.91703e-06 3.19505e-06 4.47307e-06 2.55604e-06 1.27802e-06 3.83406e-06 3.83406e-06 3.19505e-06 5.11208e-06 3.83406e-06 2.55604e-06 4.47307e-06 4.47307e-06 4.47307e-06 3.19505e-06 5.11208e-06 8.30713e-06 5.75109e-06 5.75109e-06 5.11208e-06 5.75109e-06 5.75109e-06 4.47307e-06 8.94614e-06 3.19505e-06 3.83406e-06 4.47307e-06 5.75109e-06 5.11208e-06 6.3901e-06 4.47307e-06 5.11208e-06 7.66812e-06 2.55604e-06 3.19505e-06 6.3901e-07 1.27802e-06 3.19505e-06 1.27802e-06 1.91703e-06 2.55604e-06 5.11208e-06 1.91703e-06 4.47307e-06 3.19505e-06 1.27802e-06 3.19505e-06 1.27802e-06 2.55604e-06 3.19505e-06 2.55604e-06 1.27802e-06 3.19505e-06 1.27802e-06 0 6.3901e-07 1.27802e-06 6.3901e-07 1.91703e-06 1.27802e-06 1.27802e-06 1.27802e-06 0 6.3901e-07 1.27802e-06 0 1.27802e-06 0 6.3901e-07 1.27802e-06 6.3901e-07 6.3901e-07 0 6.3901e-07 0 0 0 0 0 0 0 0 0 0 0 0 0 0 0 0 0 0 6.3901e-07 0 0 0 0 0 0 0 6.3901e-07 0 0 0 0 0 0 0 0 0 0 0 0 0 0 0 0 0 0 0 0 
0 0 0 1.91703e-06 3.19505e-06 1.27802e-06 2.55604e-06 1.27802e-06 1.91703e-06 6.3901e-07 1.91703e-06 1.91703e-06 1.27802e-06 1.91703e-06 1.91703e-06 3.83406e-06 3.19505e-06 4.47307e-06 1.91703e-06 3.19505e-06 3.83406e-06 4.47307e-06 5.75109e-06 4.47307e-06 5.11208e-06 2.55604e-06 3.19505e-06 3.83406e-06 1.91703e-06 2.55604e-06 1.27802e-06 4.47307e-06 1.91703e-06 1.27802e-06 3.83406e-06 7.66812e-06 7.02911e-06 4.47307e-06 1.27802e-06 1.27802e-06 6.3901e-07 2.55604e-06 3.19505e-06 1.91703e-06 1.91703e-06 6.3901e-07 6.3901e-07 2.55604e-06 3.19505e-06 2.55604e-06 3.19505e-06 1.27802e-06 1.91703e-06 1.91703e-06 1.91703e-06 5.11208e-06 6.3901e-07 6.3901e-07 6.3901e-07 0 6.3901e-07 0 6.3901e-07 0 0 6.3901e-07 6.3901e-07 0 0 1.91703e-06 6.3901e-07 0 6.3901e-07 0 0 6.3901e-07 6.3901e-07 6.3901e-07 0 6.3901e-07 0 0 0 0 0 0 0 0 0 6.3901e-07 0 0 0 0 0 0 0 6.3901e-07 0 0 0 0 0 0 0 0 0 0 0 0 0 0 0 0 0 0 0 0 0 0 0 0 0 0 0 0 
0 0 0 2.55604e-06 6.3901e-07 1.91703e-06 6.3901e-07 6.3901e-07 1.91703e-06 6.3901e-07 1.27802e-06 3.83406e-06 0 0 6.3901e-07 1.91703e-06 6.3901e-07 1.91703e-06 1.91703e-06 1.91703e-06 1.91703e-06 1.27802e-06 3.19505e-06 3.19505e-06 3.19505e-06 2.55604e-06 3.83406e-06 4.47307e-06 3.83406e-06 6.3901e-07 1.91703e-06 1.27802e-06 1.91703e-06 1.91703e-06 0 5.11208e-06 5.75109e-06 5.11208e-06 1.27802e-06 1.27802e-06 1.27802e-06 1.27802e-06 6.3901e-07 0 0 2.55604e-06 1.91703e-06 0 6.3901e-07 6.3901e-07 3.83406e-06 2.55604e-06 1.27802e-06 1.91703e-06 0 6.3901e-07 1.27802e-06 6.3901e-07 1.27802e-06 0 1.27802e-06 6.3901e-07 0 0 0 0 0 0 0 1.91703e-06 0 0 6.3901e-07 0 0 6.3901e-07 0 0 0 0 0 0 0 0 0 0 6.3901e-07 0 0 0 0 0 0 0 0 0 0 0 0 0 6.3901e-07 0 0 0 0 0 0 0 0 0 0 0 0 0 0 0 0 0 0 0 0 0 0 0 0 0 
0 0 0 6.3901e-07 6.3901e-07 0 1.27802e-06 0 0 1.27802e-06 2.55604e-06 1.91703e-06 6.3901e-07 0 6.3901e-07 0 1.27802e-06 6.3901e-07 1.91703e-06 1.91703e-06 2.55604e-06 6.3901e-07 1.27802e-06 2.55604e-06 1.91703e-06 1.27802e-06 2.55604e-06 2.55604e-06 2.55604e-06 3.83406e-06 1.91703e-06 1.27802e-06 1.27802e-06 1.91703e-06 1.91703e-06 1.91703e-06 3.83406e-06 1.91703e-06 6.3901e-07 1.91703e-06 1.27802e-06 1.27802e-06 1.91703e-06 2.55604e-06 6.3901e-07 1.91703e-06 6.3901e-07 1.27802e-06 6.3901e-07 6.3901e-07 1.91703e-06 6.3901e-07 6.3901e-07 6.3901e-07 6.3901e-07 1.27802e-06 6.3901e-07 0 6.3901e-07 6.3901e-07 6.3901e-07 0 0 0 0 0 6.3901e-07 0 0 1.27802e-06 0 6.3901e-07 6.3901e-07 6.3901e-07 0 0 0 0 6.3901e-07 0 0 0 0 0 0 0 0 0 0 0 0 0 0 0 0 0 0 0 6.3901e-07 0 0 0 0 0 0 0 0 0 0 0 0 0 0 0 0 0 0 0 0 0 0 0 0 0 0 0 
0 0 0 0 0 0 1.27802e-06 0 0 1.27802e-06 6.3901e-07 2.55604e-06 0 6.3901e-07 1.27802e-06 1.91703e-06 6.3901e-07 0 1.27802e-06 1.91703e-06 0 2.55604e-06 6.3901e-07 1.27802e-06 1.91703e-06 6.3901e-07 1.27802e-06 1.91703e-06 6.3901e-07 2.55604e-06 6.3901e-07 0 1.27802e-06 1.27802e-06 1.27802e-06 1.91703e-06 1.91703e-06 6.3901e-07 0 1.27802e-06 6.3901e-07 1.91703e-06 0 0 1.91703e-06 2.55604e-06 6.3901e-07 6.3901e-07 6.3901e-07 6.3901e-07 1.27802e-06 0 1.27802e-06 1.91703e-06 6.3901e-07 6.3901e-07 1.27802e-06 0 6.3901e-07 0 0 0 0 1.27802e-06 0 0 0 0 0 0 0 0 0 1.91703e-06 6.3901e-07 0 0 0 6.3901e-07 0 0 0 0 0 0 0 0 0 0 0 0 0 0 0 0 0 0 0 0 0 0 0 0 0 0 0 0 0 0 0 0 0 0 0 0 0 0 0 0 0 0 0 0 0 0 0 
0 0 0 0 0 6.3901e-07 0 1.27802e-06 6.3901e-07 0 0 6.3901e-07 6.3901e-07 6.3901e-07 0 6.3901e-07 1.27802e-06 0 6.3901e-07 2.55604e-06 1.91703e-06 6.3901e-07 0 6.3901e-07 6.3901e-07 1.27802e-06 6.3901e-07 6.3901e-07 6.3901e-07 0 6.3901e-07 1.27802e-06 6.3901e-07 1.27802e-06 1.91703e-06 1.91703e-06 0 6.3901e-07 0 6.3901e-07 1.27802e-06 1.27802e-06 6.3901e-07 6.3901e-07 1.27802e-06 0 0 6.3901e-07 6.3901e-07 0 6.3901e-07 0 1.91703e-06 6.3901e-07 0 6.3901e-07 1.27802e-06 6.3901e-07 6.3901e-07 0 1.27802e-06 0 0 0 0 0 0 0 0 0 0 6.3901e-07 0 6.3901e-07 0 6.3901e-07 0 0 0 0 0 0 0 0 0 0 0 0 0 0 0 0 0 0 0 0 0 0 0 0 0 0 0 0 0 0 0 0 0 0 0 0 0 0 0 0 0 0 0 0 0 0 0 0 0 0 
0 0 0 0 0 6.3901e-07 0 1.27802e-06 0 0 0 0 0 1.27802e-06 0 0 0 0 6.3901e-07 6.3901e-07 6.3901e-07 0 0 1.27802e-06 1.27802e-06 1.27802e-06 1.27802e-06 0 6.3901e-07 1.27802e-06 0 1.27802e-06 1.91703e-06 0 0 6.3901e-07 0 0 1.27802e-06 6.3901e-07 0 1.27802e-06 0 6.3901e-07 0 6.3901e-07 0 6.3901e-07 0 1.91703e-06 0 0 1.27802e-06 6.3901e-07 0 0 1.27802e-06 1.27802e-06 1.27802e-06 0 0 0 0 0 6.3901e-07 0 0 0 0 0 6.3901e-07 0 0 0 0 0 0 0 0 6.3901e-07 0 0 0 0 0 0 0 0 0 0 0 0 0 0 0 0 0 0 0 0 0 0 0 0 0 0 0 0 0 0 0 0 0 0 0 0 0 0 0 0 0 0 0 0 0 0 
0 0 0 0 6.3901e-07 0 0 6.3901e-07 0 0 0 0 6.3901e-07 0 6.3901e-07 0 0 0 0 0 6.3901e-07 6.3901e-07 0 0 6.3901e-07 1.27802e-06 6.3901e-07 6.3901e-07 0 6.3901e-07 6.3901e-07 6.3901e-07 6.3901e-07 6.3901e-07 0 0 0 0 6.3901e-07 0 6.3901e-07 0 0 6.3901e-07 6.3901e-07 0 1.27802e-06 6.3901e-07 0 0 0 6.3901e-07 6.3901e-07 6.3901e-07 0 1.91703e-06 0 0 6.3901e-07 0 0 0 0 0 0 0 6.3901e-07 0 0 0 0 0 0 0 0 0 0 0 0 0 6.3901e-07 0 0 0 0 0 0 0 0 0 0 0 0 0 0 0 0 0 0 0 0 0 0 0 0 0 0 0 0 0 0 0 0 0 0 0 0 0 0 0 0 0 0 0 0 0 
0 0 0 0 0 0 0 0 0 0 0 0 6.3901e-07 6.3901e-07 0 0 0 0 0 6.3901e-07 0 0 0 0 6.3901e-07 6.3901e-07 0 0 0 0 0 1.27802e-06 1.27802e-06 0 0 0 0 6.3901e-07 0 0 0 6.3901e-07 0 6.3901e-07 1.27802e-06 6.3901e-07 0 0 0 0 0 0 0 0 0 1.27802e-06 6.3901e-07 0 0 6.3901e-07 0 0 0 0 0 0 0 0 6.3901e-07 0 0 0 0 0 0 0 0 0 0 0 0 0 0 6.3901e-07 0 0 0 0 0 0 0 0 0 0 0 0 0 0 0 0 0 0 0 0 0 0 0 0 0 0 0 0 0 0 0 0 0 0 0 0 0 0 0 0 0 0 
0 0 0 0 0 0 0 0 0 0 0 0 6.3901e-07 0 0 0 6.3901e-07 0 0 6.3901e-07 0 0 0 0 0 0 0 0 0 0 6.3901e-07 0 0 0 0 6.3901e-07 0 0 0 0 6.3901e-07 6.3901e-07 6.3901e-07 1.27802e-06 0 0 0 0 0 0 0 0 0 0 0 0 6.3901e-07 6.3901e-07 0 0 0 0 6.3901e-07 0 0 6.3901e-07 0 0 0 0 0 0 0 0 0 0 0 0 0 0 0 0 0 0 6.3901e-07 0 0 0 0 0 0 0 0 0 0 0 0 0 0 0 0 0 0 0 0 0 0 0 0 0 0 0 0 0 0 0 0 0 0 0 0 0 0 0 0 0 
0 0 0 0 0 0 0 0 0 0 0 0 6.3901e-07 6.3901e-07 0 0 6.3901e-07 0 0 6.3901e-07 0 0 0 0 0 0 0 0 0 0 0 0 0 0 0 0 6.3901e-07 0 0 0 0 0 0 6.3901e-07 0 6.3901e-07 0 6.3901e-07 0 0 0 0 0 0 6.3901e-07 0 0 0 0 6.3901e-07 0 0 0 0 0 0 0 0 0 0 0 0 0 0 0 0 0 0 0 0 0 0 0 0 0 0 0 0 0 0 0 0 0 0 0 0 0 0 0 0 0 0 0 0 0 0 0 0 0 0 0 0 0 0 0 0 0 0 0 0 0 0 0 0 0 0 
0 0 0 0 0 0 0 0 6.3901e-07 0 0 0 0 0 0 6.3901e-07 0 0 0 0 0 0 0 0 0 0 0 6.3901e-07 0 0 0 0 0 0 0 0 6.3901e-07 0 0 0 0 0 0 0 0 1.27802e-06 0 0 0 0 0 0 0 0 0 0 0 0 0 0 0 0 0 6.3901e-07 0 0 6.3901e-07 0 0 0 0 0 0 0 0 0 0 0 0 0 0 0 0 0 0 0 0 0 0 0 0 0 0 0 0 0 0 0 0 0 0 0 0 0 0 0 0 0 0 0 0 0 0 0 0 0 0 0 0 0 0 0 0 0 0 0 
0 0 0 0 0 0 0 0 6.3901e-07 6.3901e-07 0 0 0 0 0 0 0 0 0 0 0 0 0 0 0 0 0 0 0 0 0 0 0 0 0 0 0 0 0 0 0 0 0 0 0 0 6.3901e-07 0 0 0 0 6.3901e-07 0 0 0 0 0 0 0 0 0 6.3901e-07 0 0 0 6.3901e-07 0 0 0 0 0 0 0 0 0 0 0 0 0 0 0 0 0 0 0 0 0 0 0 0 0 0 0 0 0 0 0 0 0 0 0 0 0 0 0 0 0 0 0 0 0 0 0 0 0 0 0 0 0 0 0 0 0 0 0 0 
0 0 0 0 0 0 0 0 0 6.3901e-07 0 0 0 0 0 0 0 0 0 0 0 0 0 0 0 0 0 0 0 0 0 0 0 0 0 0 0 0 0 0 0 0 0 0 0 0 0 0 0 0 6.3901e-07 6.3901e-07 0 0 0 0 0 0 0 0 0 0 0 6.3901e-07 0 0 0 0 0 0 0 0 0 0 0 0 0 0 0 0 0 0 0 0 0 0 0 0 0 0 0 0 0 0 0 0 0 0 0 0 0 0 0 0 0 0 0 0 0 0 0 0 0 0 0 0 0 0 0 0 0 0 0 0 0 0 
0 0 0 0 0 0 0 0 0 0 0 0 0 0 0 0 0 0 0 0 0 0 0 0 0 0 0 0 0 0 0 0 0 0 0 0 0 0 0 0 0 6.3901e-07 0 0 0 0 0 0 0 0 0 0 0 0 0 0 0 0 0 0 0 6.3901e-07 0 0 0 0 0 0 0 0 0 0 0 0 0 0 0 0 0 0 0 0 0 0 0 0 0 0 0 0 0 0 0 0 0 0 0 0 0 0 0 0 0 0 0 0 0 0 0 0 0 0 0 0 0 0 0 0 0 0 0 0 0 0 0 0 
0 0 0 0 0 0 0 0 0 0 0 0 0 0 0 0 0 0 0 0 0 0 0 0 0 0 0 0 0 0 0 0 0 0 0 0 0 0 0 0 0 0 0 6.3901e-07 0 0 0 0 0 0 0 0 0 0 0 0 0 0 0 0 0 0 0 0 0 0 0 0 0 0 0 0 0 0 0 0 0 0 0 0 0 0 0 0 0 0 0 0 0 0 0 0 0 0 0 0 0 0 0 0 0 0 0 0 0 0 0 0 0 0 0 0 0 0 0 0 0 0 0 0 0 0 0 0 0 0 
0 0 0 0 0 0 0 0 0 0 0 0 0 0 0 0 0 0 0 0 0 0 0 0 0 0 0 0 0 0 0 0 0 0 0 0 0 0 0 0 0 0 0 0 0 0 0 0 0 0 0 0 0 0 6.3901e-07 0 0 0 0 0 0 0 0 0 0 0 0 0 0 0 0 0 0 0 0 0 0 0 0 0 0 0 0 0 0 0 0 0 0 0 0 0 0 0 0 0 0 0 0 0 0 0 0 0 0 0 0 0 0 0 0 0 0 0 0 0 0 0 0 0 0 0 0 0 0 0 
0 0 0 0 0 0 0 0 0 0 0 0 0 0 0 0 0 0 0 0 0 0 0 0 0 0 0 0 0 0 0 0 0 0 0 0 0 0 0 0 0 0 0 0 0 0 0 0 0 0 0 0 0 0 6.3901e-07 0 0 0 0 0 0 0 0 0 0 0 0 0 0 0 0 0 0 0 0 0 0 0 0 0 0 0 0 0 0 0 0 0 0 0 0 0 0 0 0 0 0 0 0 0 0 0 0 0 0 0 0 0 0 0 0 0 0 0 0 0 0 0 0 0 0 0 0 0 0 0 
0 0 0 0 0 0 0 0 0 0 0 0 0 0 0 0 0 0 0 0 0 0 0 0 0 0 0 0 0 0 0 0 0 0 0 0 0 0 0 0 0 0 0 0 0 6.3901e-07 0 0 0 0 0 0 0 0 0 0 0 0 0 0 0 0 0 0 0 0 0 0 0 0 0 0 0 0 0 0 0 0 0 0 0 0 0 0 0 0 0 0 0 0 0 0 0 0 0 0 0 0 0 0 0 0 0 0 0 0 0 0 0 0 0 0 0 0 0 0 0 0 0 0 0 0 0 0 0 0 
0 0 0 0 0 0 0 0 0 0 0 0 0 0 0 0 0 0 0 0 0 0 0 0 0 0 0 0 0 0 0 0 0 0 0 0 0 0 0 0 0 0 6.3901e-07 0 0 0 0 0 0 0 0 0 0 0 0 0 0 0 0 0 0 0 0 0 0 0 0 0 0 0 0 0 0 0 0 0 0 0 0 0 0 0 0 0 0 0 0 0 0 0 0 0 0 0 0 0 0 0 0 0 0 0 0 0 0 0 0 0 0 0 0 0 0 0 0 0 0 0 0 0 0 0 0 0 0 0 
0 0 0 0 0 0 0 0 0 0 0 0 0 0 0 0 0 0 0 0 0 0 0 0 0 0 0 0 0 0 0 0 0 0 0 0 0 0 0 0 0 0 6.3901e-07 0 0 0 0 0 0 0 0 0 0 0 0 0 0 0 0 0 0 0 0 0 0 0 0 0 0 0 0 0 0 0 0 0 0 0 0 0 0 0 0 0 0 0 0 0 0 0 0 0 0 0 0 0 0 0 0 0 0 0 0 0 0 0 0 0 0 0 0 0 0 0 0 0 0 0 0 0 0 0 0 0 0 0 
Angular Collision Densities:
0.265202 0.11553 0.0923816 0.0768633 0.0711026 0.0674986 0.0642588 0.0616996 0.0608657 0.0595909 0.0579614 0.0588528 0.0591499 0.0592554 0.0613737 0.0617667 0.062869 0.0638371 0.0677574 0.0713518 0.0764032 0.0789049 0.0867743 0.0930718 0.103491 0.117859 0.139866 0.172312 0.245543 14.4514 
0.499367 0.219787 0.171066 0.150563 0.139521 0.127013 0.124099 0.119527 0.116709 0.115348 0.116277 0.114686 0.115674 0.117619 0.11922 0.123332 0.127262 0.132649 0.137978 0.145828 0.152873 0.163973 0.178907 0.195872 0.221877 0.252779 0.300446 0.382821 0.549095 13.097 
0.596119 0.255837 0.205688 0.177469 0.163638 0.153602 0.146451 0.143116 0.141122 0.138362 0.139061 0.138975 0.14139 0.143538 0.145646 0.152845 0.157158 0.163455 0.172811 0.178744 0.192451 0.209608 0.22388 0.246089 0.279762 0.321122 0.385553 0.495907 0.725327 11.7529 
0.628958 0.271269 0.219337 0.190457 0.173664 0.163772 0.155337 0.152538 0.150084 0.148915 0.149289 0.152088 0.151896 0.154407 0.15942 0.162794 0.170002 0.176472 0.186354 0.196841 0.210001 0.226545 0.246578 0.272439 0.311172 0.356865 0.434773 0.558872 0.817901 10.4815 
0.631565 0.273848 0.217822 0.191425 0.176434 0.164654 0.158816 0.152433 0.153065 0.150468 0.150899 0.151139 0.155433 0.156104 0.161586 0.166647 0.172906 0.180114 0.191828 0.205419 0.21625 0.233168 0.256681 0.284947 0.327841 0.37592 0.45354 0.591662 0.865577 9.35442 
0.619996 0.266553 0.21465 0.184457 0.172676 0.162717 0.1562 0.150516 0.147985 0.148397 0.147985 0.149087 0.151014 0.155423 0.158653 0.162583 0.16866 0.177095 0.189498 0.199754 0.214707 0.230599 0.25623 0.284324 0.323911 0.376476 0.459617 0.593263 0.877664 8.31108 
0.583112 0.253172 0.203617 0.177546 0.163379 0.153573 0.147563 0.143125 0.142454 0.141506 0.140662 0.145905 0.14555 0.150084 0.153966 0.159535 0.166245 0.173146 0.184265 0.194358 0.207748 0.226085 0.249875 0.277682 0.31584 0.372038 0.44823 0.585058 0.87197 7.34169 
0.552986 0.23982 0.19131 0.168938 0.153372 0.14371 0.140978 0.138764 0.134297 0.132342 0.133531 0.138237 0.137882 0.141908 0.144343 0.151627 0.155577 0.163983 0.174191 0.183757 0.197665 0.215014 0.238095 0.268221 0.301098 0.354066 0.435194 0.563003 0.840157 6.50058 
0.512192 0.223094 0.177105 0.157158 0.141831 0.13516 0.133272 0.125268 0.125815 0.124588 0.126035 0.12823 0.129812 0.133157 0.13724 0.141515 0.147046 0.155663 0.163772 0.172782 0.188041 0.203291 0.225586 0.250671 0.286519 0.335662 0.408366 0.539605 0.806763 5.76035 
0.472068 0.207125 0.162641 0.145311 0.132045 0.126486 0.121003 0.118932 0.117763 0.116603 0.115798 0.118875 0.119057 0.124473 0.125882 0.131901 0.138352 0.142857 0.150813 0.165056 0.175255 0.191348 0.209905 0.236303 0.268815 0.314709 0.384307 0.504313 0.760543 5.07725 
0.434293 0.188607 0.151656 0.132438 0.122383 0.117102 0.110613 0.108724 0.106203 0.107699 0.107047 0.110057 0.112165 0.112808 0.118309 0.12108 0.127962 0.13261 0.139953 0.150477 0.163676 0.175159 0.193898 0.217123 0.252271 0.293746 0.358159 0.472308 0.709914 4.48554 
0.397707 0.169331 0.136847 0.120064 0.113364 0.105389 0.10096 0.0991487 0.0985736 0.098957 0.0979123 0.0996376 0.100826 0.103663 0.108427 0.110804 0.116067 0.121223 0.130924 0.140633 0.149969 0.164395 0.181188 0.198067 0.231127 0.270244 0.333266 0.437341 0.655164 3.95847 
0.358542 0.156554 0.125067 0.108418 0.100491 0.0956885 0.093206 0.0894678 0.0902729 0.0891802 0.0888926 0.0904263 0.0918161 0.0955543 0.0988995 0.102724 0.105868 0.111092 0.11877 0.126783 0.135754 0.149825 0.164567 0.185223 0.212771 0.249636 0.30314 0.405787 0.603874 3.48817 
0.32369 0.142014 0.113862 0.100069 0.0911164 0.0867935 0.0842822 0.0821159 0.0831895 0.0806878 0.0818763 0.0821159 0.0853845 0.0848669 0.0886818 0.0926788 0.0982573 0.102475 0.107785 0.117015 0.124099 0.135659 0.150544 0.168967 0.196879 0.230206 0.278659 0.370801 0.552957 3.06673 
0.296612 0.127109 0.0992542 0.0886722 0.0822981 0.0780614 0.0746395 0.0742465 0.0715148 0.0739302 0.0736523 0.0736043 0.0759815 0.0767387 0.0810807 0.0839084 0.086573 0.0926213 0.0979602 0.103318 0.111935 0.124463 0.137489 0.153161 0.17651 0.208908 0.25807 0.335231 0.502108 2.7004 
0.260946 0.113795 0.0902921 0.0816559 0.0749463 0.0703646 0.0664442 0.0668756 0.0644218 0.0664634 0.0663292 0.0676999 0.0677766 0.0711505 0.0739782 0.0764032 0.0782244 0.0827198 0.0881833 0.0953914 0.102369 0.112309 0.124099 0.140585 0.160484 0.189997 0.233293 0.308555 0.460365 2.38658 
0.236025 0.102647 0.0825569 0.0723774 0.0657829 0.064163 0.0621213 0.0598784 0.0599263 0.0590157 0.0601276 0.0599072 0.0620734 0.063377 0.0651407 0.0673548 0.070863 0.0749175 0.0792116 0.0854516 0.0925829 0.100194 0.113392 0.125374 0.145215 0.171785 0.211477 0.279052 0.419647 2.10101 
0.211429 0.0916436 0.0731442 0.0667605 0.0609424 0.0573959 0.0543669 0.0542711 0.0529004 0.0534851 0.0546641 0.0542328 0.0541177 0.0571466 0.0574725 0.0607986 0.0644218 0.0686009 0.0720132 0.0771892 0.0827294 0.0911452 0.101746 0.114197 0.130511 0.156899 0.189527 0.249521 0.379351 1.83891 
0.189019 0.0819626 0.0662717 0.0568591 0.0529675 0.0512134 0.048683 0.0480024 0.0485392 0.0471397 0.0484242 0.0478874 0.0492964 0.0509451 0.0532359 0.0544436 0.0573479 0.0592745 0.0635687 0.0692239 0.0761732 0.0816654 0.0915094 0.102666 0.117543 0.140997 0.172456 0.224657 0.343474 1.61286 
0.167194 0.0731251 0.0582393 0.05291 0.0468905 0.0444655 0.0445901 0.0421459 0.0419158 0.0421171 0.0430661 0.0429223 0.0427593 0.0447147 0.0471493 0.0497757 0.0507342 0.0545874 0.0585269 0.0607315 0.0669618 0.0744095 0.0808699 0.0934072 0.107756 0.126073 0.153822 0.204892 0.305153 1.41057 
0.14948 0.0658979 0.0518748 0.0458745 0.0430277 0.041197 0.0393854 0.0376313 0.0376984 0.0390211 0.037152 0.0380914 0.0394812 0.0397304 0.0421363 0.0435261 0.0464784 0.0486638 0.0509642 0.0559868 0.0604343 0.0664442 0.073403 0.0832662 0.0945479 0.114092 0.138687 0.182079 0.276052 1.24375 
0.134729 0.0583927 0.0450023 0.0411299 0.0370466 0.0362127 0.0352733 0.0340848 0.0334138 0.0331358 0.0334234 0.0344586 0.0350145 0.0367878 0.0378805 0.0392895 0.0409477 0.0429127 0.0457211 0.0504658 0.0524116 0.0583064 0.063885 0.0729813 0.0847327 0.10097 0.122105 0.16313 0.246386 1.08857 
0.118607 0.0506192 0.0404206 0.0365482 0.0337685 0.0326853 0.0309696 0.03096 0.0304616 0.0295989 0.030452 0.0312284 0.0304616 0.0323211 0.0324265 0.0339793 0.0368645 0.0384364 0.0409861 0.0454719 0.0479066 0.0527471 0.0576547 0.0663196 0.0765949 0.0898416 0.110037 0.14579 0.219557 0.957249 
0.105532 0.0459704 0.0362031 0.0324745 0.0297523 0.0277682 0.0286883 0.0264933 0.0261004 0.026455 0.0268576 0.0273177 0.027634 0.0271931 0.029829 0.0305574 0.0327524 0.0343532 0.0359635 0.0394237 0.0424239 0.0471014 0.0522582 0.0574246 0.0678724 0.0801989 0.0986216 0.129208 0.19616 0.842141 
0.09265 0.040919 0.0318131 0.0289663 0.0267713 0.024931 0.0241162 0.0253431 0.0239916 0.023982 0.0241546 0.0244805 0.0240204 0.025276 0.0263304 0.0280174 0.0282954 0.0301645 0.0323499 0.034842 0.0385515 0.0420405 0.0474177 0.0530825 0.0598784 0.0710739 0.089669 0.118204 0.172197 0.737711 
0.0821064 0.0362989 0.0294168 0.0255348 0.0234357 0.0225059 0.0198317 0.0208764 0.0210777 0.0217391 0.0222759 0.0216337 0.0230235 0.0220938 0.0227456 0.0244134 0.0258607 0.028027 0.0284966 0.0301069 0.0340944 0.0372862 0.0408711 0.0458553 0.05291 0.0628402 0.0794417 0.101545 0.155021 0.644716 
0.0741794 0.0321007 0.0256882 0.0227743 0.0210586 0.0193716 0.0198892 0.0180968 0.0179817 0.0184706 0.0183747 0.0187485 0.0196783 0.0202822 0.0214516 0.021672 0.0223621 0.0236274 0.0256211 0.0271835 0.0300686 0.0319569 0.0353213 0.0400659 0.0485679 0.0577313 0.0704125 0.0920845 0.13654 0.56607 
0.0650448 0.0289951 0.0233398 0.0188732 0.0178475 0.0178763 0.0165152 0.0168986 0.0164769 0.0169274 0.0164098 0.0164194 0.0175408 0.0178475 0.0191895 0.0197646 0.0203301 0.0205314 0.0222567 0.0247776 0.0269534 0.0291101 0.0328866 0.036414 0.0418296 0.0512901 0.0599167 0.0810712 0.122709 0.493165 
0.0566674 0.0251706 0.0199659 0.0168315 0.0161797 0.0155279 0.0155567 0.0145982 0.0142244 0.0142915 0.0142435 0.0156621 0.0148378 0.0160359 0.0161414 0.0187485 0.0181734 0.0191415 0.0205314 0.0214132 0.0236561 0.0261004 0.0282666 0.0320048 0.0378038 0.0446955 0.0563702 0.0729621 0.111044 0.435539 
0.0512134 0.0222567 0.0178859 0.0155759 0.0145694 0.0134192 0.0134 0.0128058 0.0128249 0.0123457 0.0130166 0.0137643 0.0132371 0.0141956 0.0138314 0.0149145 0.015988 0.0169849 0.0180201 0.0189594 0.0205793 0.0233973 0.0258607 0.0294743 0.0332125 0.0398934 0.047734 0.0628881 0.0947108 0.378728 
0.0442738 0.0193428 0.0154992 0.013448 0.0122115 0.0123073 0.0120102 0.0114542 0.01109 0.0112434 0.0115213 0.0117322 0.0119527 0.0120198 0.0127387 0.0132371 0.0136972 0.0147228 0.0159113 0.0168411 0.0178667 0.0208477 0.0217199 0.0258224 0.028372 0.0340944 0.0415708 0.0561881 0.0853461 0.332231 
0.0393949 0.0166302 0.0138697 0.012269 0.011368 0.0104191 0.0104574 0.0104574 0.00973851 0.00952764 0.0101027 0.0107449 0.0102561 0.0106491 0.0109367 0.0116939 0.0127291 0.0133042 0.0138026 0.0147036 0.0161222 0.0182501 0.020148 0.0225059 0.0261195 0.0311901 0.0375067 0.0491335 0.075598 0.291005 
0.0347462 0.0152883 0.0124319 0.010975 0.00955639 0.00976726 0.00901962 0.00865539 0.00882792 0.00919215 0.00925925 0.00892377 0.00877999 0.00943178 0.0102369 0.0107258 0.0111667 0.011253 0.0125182 0.0131125 0.014186 0.01548 0.0176463 0.0205793 0.0225538 0.0274423 0.0345736 0.0450694 0.0670481 0.255655 
0.0310079 0.0123169 0.0109846 0.0091634 0.00882792 0.00874165 0.00820488 0.00776397 0.00798443 0.00814737 0.00808986 0.0084541 0.00839659 0.00868414 0.00941261 0.00971934 0.00962349 0.0101986 0.0107162 0.0115405 0.012384 0.0135438 0.0152883 0.018298 0.0195154 0.0249597 0.0307396 0.0383118 0.0600605 0.224024 
0.026963 0.0108504 0.00945095 0.00808986 0.00779272 0.00716969 0.00704508 0.0070355 0.00676711 0.00699716 0.00684379 0.00705467 0.00700674 0.00752434 0.00775438 0.00844451 0.00899087 0.00873207 0.00953722 0.0107162 0.0114255 0.0122882 0.0134 0.0154992 0.0178859 0.0206943 0.0258991 0.0346503 0.053696 0.194847 
0.0231481 0.0102561 0.00880875 0.00742849 0.00669043 0.00656582 0.00639329 0.00602906 0.00656582 0.00588528 0.00562648 0.0062591 0.00644122 0.00671919 0.00713135 0.00724637 0.00746683 0.00846368 0.00851161 0.00891419 0.00995897 0.0114063 0.0123457 0.0135822 0.0161414 0.0184035 0.0226689 0.0309792 0.046996 0.171047 
0.020541 0.00901004 0.00727513 0.00623034 0.00623993 0.00538685 0.00534851 0.00547312 0.00502262 0.00508971 0.00565524 0.00586611 0.00544436 0.00615366 0.00607698 0.00652748 0.00666168 0.00706425 0.00712176 0.00794609 0.00872248 0.00956598 0.0103807 0.0123648 0.0143969 0.0159976 0.0206943 0.0261195 0.0402864 0.149672 
0.0187294 0.00785023 0.00639329 0.0054827 0.0046488 0.00516639 0.00460087 0.00485008 0.00485008 0.00479257 0.00487884 0.00499386 0.00490759 0.00502262 0.00507054 0.00500345 0.00596196 0.00636454 0.00661375 0.00697799 0.00761061 0.00873207 0.00901962 0.0103903 0.0119431 0.0153362 0.0179051 0.0243846 0.0367494 0.131719 
0.0163523 0.00744766 0.00499386 0.00525266 0.00494594 0.00416954 0.00421746 0.00431332 0.00431332 0.00396825 0.00388198 0.00393949 0.00421746 0.00478299 0.00456253 0.00493635 0.00508971 0.00533893 0.00586611 0.00639329 0.00687255 0.00777355 0.00761061 0.009681 0.0107545 0.0127962 0.0162181 0.0211065 0.0328483 0.114792 
0.0134959 0.00648914 0.0052239 0.0045817 0.00411203 0.00367111 0.00370945 0.00357526 0.00358484 0.00329729 0.00364236 0.00376696 0.00346982 0.00389157 0.00378613 0.00400659 0.00447626 0.00459128 0.00496511 0.00538685 0.00623993 0.00669043 0.00711218 0.008387 0.00953722 0.0108216 0.0140518 0.0185089 0.0280366 0.0991392 
0.0129399 0.00563607 0.00457211 0.00350816 0.0036136 0.00332605 0.00334522 0.0035465 0.00343148 0.0031631 0.00352733 0.00338356 0.00322061 0.00334522 0.00366153 0.00396825 0.00382447 0.00409286 0.00426539 0.00454336 0.00546353 0.00557855 0.00653707 0.00747641 0.00839659 0.00918257 0.0118664 0.0165727 0.0236945 0.0872536 
0.0113009 0.00435166 0.00378613 0.00305766 0.00293305 0.00259757 0.00292347 0.00289471 0.00306725 0.00285637 0.00248255 0.00296181 0.00298098 0.00311517 0.00301932 0.00346024 0.00352733 0.0036136 0.00396825 0.00424622 0.00437083 0.0050993 0.00547312 0.00667126 0.00738056 0.00878958 0.0106874 0.0142531 0.0212503 0.0764511 
0.00977685 0.00439 0.00369028 0.00311517 0.0027126 0.00251131 0.00268384 0.00241546 0.00252089 0.00249214 0.0027126 0.00258799 0.00249214 0.00268384 0.00291388 0.00292347 0.00314393 0.00343148 0.00350816 0.00414078 0.0040641 0.00429415 0.00479257 0.00577026 0.00691089 0.00811862 0.00899087 0.0127291 0.0187965 0.0662238 
0.00911547 0.00343148 0.00278928 0.00240587 0.00244421 0.00241546 0.00247297 0.00227168 0.00191703 0.00225251 0.0019362 0.00230044 0.00229085 0.00236753 0.00250172 0.00263592 0.00281803 0.00258799 0.00296181 0.00313434 0.00351775 0.00411203 0.00414078 0.00514722 0.00609615 0.00630703 0.00886626 0.0110613 0.0166686 0.0583927 
0.00728471 0.00325895 0.00267426 0.00244421 0.00224292 0.00203205 0.00205122 0.00191703 0.00194578 0.00210873 0.00176367 0.00211832 0.00190744 0.00207998 0.00248255 0.0026455 0.00230044 0.00254965 0.00275094 0.00299057 0.00328771 0.00333563 0.00392991 0.00442834 0.00497469 0.00593321 0.0074189 0.00986312 0.0149049 0.0526225 
0.00622076 0.0029043 0.00239629 0.00214707 0.00220458 0.00164865 0.00161989 0.00179242 0.00143777 0.00191703 0.00183076 0.00182118 0.00158155 0.00189786 0.00180201 0.00197454 0.00234836 0.00215666 0.00231002 0.00255923 0.0029043 0.0034219 0.00339314 0.00378613 0.00418871 0.0057415 0.00626869 0.00868414 0.0131604 0.0442738 
0.00570316 0.00234836 0.0021279 0.00170616 0.00162947 0.00173491 0.00145694 0.00154321 0.00147611 0.00139943 0.00137068 0.00170616 0.00188827 0.00172533 0.00168699 0.00168699 0.00197454 0.00208956 0.00196495 0.00231002 0.00274135 0.0029714 0.00295222 0.00348899 0.00409286 0.00461046 0.00595238 0.00737098 0.0107258 0.0392128 
0.00520473 0.00243463 0.00181159 0.00164865 0.00150487 0.00142819 0.00139943 0.00119814 0.00129399 0.0014857 0.00126524 0.00125565 0.00152404 0.00126524 0.00149528 0.00156238 0.00168699 0.00134192 0.00188827 0.00221417 0.00198413 0.00227168 0.00258799 0.00286596 0.00358484 0.00412161 0.00468714 0.00697799 0.0098056 0.0341806 
0.00469672 0.00185952 0.0014857 0.00146653 0.00120773 0.0011598 0.00125565 0.00109271 0.00107354 0.00119814 0.00120773 0.00127482 0.00132275 0.00124607 0.00125565 0.00139943 0.00142819 0.00138026 0.00139943 0.00170616 0.0018691 0.0021279 0.00230044 0.0029043 0.00300015 0.00355609 0.00457211 0.00590445 0.00901004 0.0295031 
0.00393949 0.00164865 0.00138985 0.00115022 0.00113105 0.000929759 0.000747641 0.00107354 0.00100644 0.000958515 0.000958515 0.0010352 0.00113105 0.00108312 0.00110229 0.00126524 0.00127482 0.00139943 0.00140902 0.00134192 0.00143777 0.00181159 0.00180201 0.00225251 0.00277969 0.00298098 0.00437083 0.00526225 0.00802277 0.0255923 
0.00341231 0.00144736 0.00125565 0.00101603 0.00106395 0.000843493 0.000843493 0.000901004 0.000958515 0.000910589 0.000881833 0.000881833 0.000929759 0.00100644 0.00111188 0.00107354 0.00120773 0.00129399 0.00112146 0.00146653 0.00147611 0.00160072 0.00162947 0.00220458 0.00248255 0.00266467 0.00371904 0.00445709 0.00707384 0.0231194 
0.00288513 0.00134192 0.00100644 0.000853078 0.000843493 0.000603864 0.000680545 0.000872248 0.000824323 0.000814737 0.00063262 0.000709301 0.000853078 0.000690131 0.000661375 0.000996855 0.000728471 0.000843493 0.00111188 0.00109271 0.00136109 0.00136109 0.00139943 0.00178284 0.00195537 0.00229085 0.0033548 0.00407369 0.00557855 0.0195058 
0.002195 0.00135151 0.000977685 0.000795567 0.000680545 0.000805152 0.000690131 0.000709301 0.00067096 0.000738056 0.000546353 0.000584694 0.000690131 0.000805152 0.000718886 0.000680545 0.000728471 0.000843493 0.000958515 0.000958515 0.00117897 0.000948929 0.00131316 0.00159113 0.00175408 0.00191703 0.00267426 0.00337397 0.00531017 0.0169561 
0.00229085 0.000929759 0.000680545 0.000824323 0.000728471 0.000603864 0.000603864 0.000527183 0.000546353 0.000690131 0.000536768 0.000623034 0.000661375 0.000795567 0.000555938 0.000642205 0.000718886 0.000728471 0.000833908 0.000958515 0.000824323 0.00105437 0.00106395 0.000996855 0.00157196 0.00194578 0.00230044 0.00310559 0.0048405 0.014742 
0.00180201 0.000853078 0.000939344 0.000594279 0.000594279 0.000488842 0.000594279 0.000498428 0.000536768 0.000460087 0.000527183 0.000460087 0.000440917 0.000527183 0.000536768 0.000575109 0.000527183 0.000728471 0.000747641 0.000709301 0.000785982 0.00113105 0.00105437 0.00129399 0.00152404 0.00144736 0.00181159 0.00281803 0.0040641 0.0129879 
0.0014186 0.000661375 0.00065179 0.000517598 0.000460087 0.000498428 0.000469672 0.000402576 0.00029714 0.000440917 0.000498428 0.000383406 0.000431332 0.000431332 0.000402576 0.000536768 0.000527183 0.000498428 0.000776397 0.000728471 0.000805152 0.000853078 0.000996855 0.00105437 0.00110229 0.0014857 0.00181159 0.0021279 0.00345065 0.0110325 
0.00135151 0.00065179 0.000536768 0.000498428 0.000402576 0.000392991 0.000364236 0.000450502 0.000392991 0.000508013 0.000373821 0.00035465 0.000421746 0.000412161 0.000508013 0.000565524 0.000364236 0.000527183 0.000479257 0.000517598 0.000642205 0.00063262 0.000891419 0.00100644 0.00113105 0.00132275 0.00149528 0.00208956 0.00299057 0.00966183 
0.00127482 0.000555938 0.000440917 0.000412161 0.000412161 0.000431332 0.00033548 0.000364236 0.000383406 0.000306725 0.00031631 0.000306725 0.000249214 0.000383406 0.000258799 0.000306725 0.000508013 0.000508013 0.000536768 0.000546353 0.000594279 0.000402576 0.000699716 0.000901004 0.000977685 0.00116939 0.00133234 0.00170616 0.00254006 0.00905796 
0.00101603 0.000642205 0.000460087 0.000268384 0.000392991 0.000201288 0.000325895 0.000249214 0.000277969 0.000277969 0.00029714 0.000364236 0.000383406 0.000373821 0.000373821 0.00033548 0.000412161 0.000412161 0.000383406 0.000508013 0.000383406 0.000536768 0.00063262 0.000642205 0.000738056 0.000891419 0.00121731 0.00154321 0.00233878 0.00727513 
0.00107354 0.000373821 0.000402576 0.000364236 0.000325895 0.00029714 0.000345065 0.000220458 0.000345065 0.00029714 0.000239629 0.000345065 0.000258799 0.000287554 0.000239629 0.00029714 0.000373821 0.000306725 0.000364236 0.000421746 0.000479257 0.000546353 0.000508013 0.000546353 0.000603864 0.000805152 0.000948929 0.00135151 0.00224292 0.00678628 
0.000872248 0.00035465 0.00035465 0.000277969 0.000210873 0.000239629 0.000201288 0.000258799 0.000268384 0.000306725 0.000220458 0.00033548 0.000258799 0.00029714 0.000220458 0.000249214 0.000277969 0.000268384 0.00033548 0.000402576 0.00029714 0.000479257 0.000517598 0.000469672 0.000565524 0.000795567 0.00100644 0.00119814 0.00160072 0.00587569 
0.000795567 0.00029714 0.000345065 0.000249214 0.000172533 0.000210873 0.000239629 0.000172533 0.000201288 0.000182118 0.000182118 0.000162947 0.000325895 0.000220458 0.000258799 0.000287554 0.000210873 0.000345065 0.00031631 0.00031631 0.000460087 0.000402576 0.000421746 0.000402576 0.000536768 0.000814737 0.000824323 0.00104478 0.00140902 0.00474465 
0.000613449 0.000287554 0.000220458 0.000220458 0.000143777 0.000153362 0.000172533 0.000143777 0.000153362 0.000249214 0.000182118 0.000210873 0.000143777 0.000162947 0.000134192 0.000210873 0.000258799 0.000201288 0.000191703 0.000220458 0.00031631 0.000287554 0.00035465 0.00031631 0.00031631 0.000508013 0.000738056 0.0009681 0.00137068 0.00441875 
0.000508013 0.000287554 0.000153362 0.000191703 0.000172533 0.000162947 0.000162947 0.000162947 0.000162947 0.000105437 0.000134192 0.000172533 0.000143777 0.000115022 8.62663e-05 0.000182118 0.000172533 0.000239629 0.000230044 0.000201288 0.000230044 0.000325895 0.00031631 0.00031631 0.000421746 0.000421746 0.000642205 0.000680545 0.00124607 0.00348899 
0.000613449 0.000182118 0.000153362 0.000162947 0.000182118 0.000153362 9.58515e-05 0.000172533 0.000115022 0.000162947 0.000153362 9.58515e-05 0.000143777 0.000162947 0.000143777 0.000201288 0.000162947 0.000191703 0.000124607 0.000249214 0.000210873 0.000201288 0.000287554 0.00035465 0.00029714 0.000460087 0.000613449 0.000642205 0.000996855 0.00323978 
0.000431332 0.000210873 0.000143777 0.000124607 0.000172533 0.000153362 0.000105437 8.62663e-05 0.000134192 0.000124607 0.000115022 0.000124607 6.7096e-05 8.62663e-05 0.000134192 7.66812e-05 0.000124607 0.000143777 0.000182118 0.000287554 0.000258799 0.000182118 0.000143777 0.000277969 0.000268384 0.000392991 0.000392991 0.000584694 0.000843493 0.00318227 
0.00031631 0.000172533 0.000105437 0.000143777 0.000115022 5.75109e-05 0.000182118 0.000162947 7.66812e-05 8.62663e-05 6.7096e-05 0.000115022 7.66812e-05 0.000172533 0.000115022 0.000115022 0.000153362 0.000162947 0.000124607 0.000182118 0.000153362 0.000191703 0.000182118 0.000239629 0.000306725 0.00035465 0.000412161 0.000469672 0.000766812 0.00241546 
0.000306725 0.000220458 8.62663e-05 7.66812e-05 3.83406e-05 0.000124607 8.62663e-05 9.58515e-05 7.66812e-05 0.000115022 3.83406e-05 4.79257e-05 8.62663e-05 0.000124607 0.000124607 0.000124607 9.58515e-05 0.000153362 8.62663e-05 0.000172533 9.58515e-05 0.000210873 0.000191703 0.000162947 0.000220458 0.000268384 0.000402576 0.000488842 0.000690131 0.00241546 
0.000345065 0.000105437 7.66812e-05 0.000115022 5.75109e-05 2.87554e-05 7.66812e-05 7.66812e-05 9.58515e-05 6.7096e-05 0.000143777 4.79257e-05 5.75109e-05 8.62663e-05 0.000115022 6.7096e-05 0.000115022 8.62663e-05 6.7096e-05 0.000134192 6.7096e-05 0.000153362 0.000134192 0.000172533 0.000182118 0.000182118 0.000239629 0.000402576 0.000412161 0.00191703 
0.000277969 0.000153362 0.000115022 9.58515e-05 5.75109e-05 6.7096e-05 0.000105437 6.7096e-05 4.79257e-05 6.7096e-05 6.7096e-05 8.62663e-05 5.75109e-05 5.75109e-05 6.7096e-05 6.7096e-05 7.66812e-05 0.000115022 4.79257e-05 7.66812e-05 0.000134192 0.000201288 0.000105437 0.000134192 0.000182118 0.000182118 0.000230044 0.00031631 0.000536768 0.00160072 
0.000182118 7.66812e-05 0.000105437 7.66812e-05 9.58515e-05 0.000124607 7.66812e-05 4.79257e-05 6.7096e-05 2.87554e-05 3.83406e-05 4.79257e-05 9.58515e-05 7.66812e-05 9.58515e-05 6.7096e-05 4.79257e-05 0.000115022 7.66812e-05 6.7096e-05 7.66812e-05 5.75109e-05 0.000105437 0.000153362 0.000230044 0.000210873 0.000201288 0.000421746 0.000565524 0.00152404 
0.000153362 7.66812e-05 3.83406e-05 4.79257e-05 9.58515e-05 4.79257e-05 5.75109e-05 8.62663e-05 5.75109e-05 3.83406e-05 3.83406e-05 2.87554e-05 4.79257e-05 3.83406e-05 4.79257e-05 7.66812e-05 5.75109e-05 7.66812e-05 4.79257e-05 6.7096e-05 7.66812e-05 7.66812e-05 7.66812e-05 0.000134192 0.000220458 0.000182118 0.000201288 0.00033548 0.000469672 0.00138985 
0.000115022 9.58515e-05 5.75109e-05 9.58515e-06 2.87554e-05 3.83406e-05 4.79257e-05 5.75109e-05 4.79257e-05 4.79257e-05 5.75109e-05 5.75109e-05 1.91703e-05 6.7096e-05 6.7096e-05 7.66812e-05 0.000105437 6.7096e-05 6.7096e-05 5.75109e-05 5.75109e-05 8.62663e-05 0.000124607 8.62663e-05 0.000143777 0.000162947 0.000220458 0.000306725 0.000383406 0.000948929 
0.000105437 0.000143777 4.79257e-05 4.79257e-05 1.91703e-05 3.83406e-05 3.83406e-05 5.75109e-05 4.79257e-05 4.79257e-05 3.83406e-05 6.7096e-05 5.75109e-05 5.75109e-05 5.75109e-05 4.79257e-05 0.000115022 6.7096e-05 6.7096e-05 8.62663e-05 5.75109e-05 8.62663e-05 0.000143777 0.000115022 0.000134192 0.000134192 0.000105437 0.000191703 0.000287554 0.000996855 
0.000210873 5.75109e-05 4.79257e-05 3.83406e-05 6.7096e-05 2.87554e-05 1.91703e-05 1.91703e-05 1.91703e-05 5.75109e-05 3.83406e-05 2.87554e-05 4.79257e-05 2.87554e-05 3.83406e-05 4.79257e-05 4.79257e-05 3.83406e-05 5.75109e-05 6.7096e-05 6.7096e-05 3.83406e-05 5.75109e-05 0.000134192 6.7096e-05 7.66812e-05 0.000172533 0.000201288 0.00031631 0.000958515 
9.58515e-05 8.62663e-05 3.83406e-05 4.79257e-05 1.91703e-05 2.87554e-05 2.87554e-05 2.87554e-05 2.87554e-05 0 1.91703e-05 1.91703e-05 1.91703e-05 9.58515e-06 2.87554e-05 3.83406e-05 6.7096e-05 6.7096e-05 7.66812e-05 2.87554e-05 6.7096e-05 9.58515e-06 7.66812e-05 0.000115022 5.75109e-05 9.58515e-05 0.000134192 0.000124607 0.00029714 0.000738056 
0.000124607 4.79257e-05 2.87554e-05 2.87554e-05 3.83406e-05 0 1.91703e-05 2.87554e-05 2.87554e-05 1.91703e-05 1.91703e-05 4.79257e-05 0 9.58515e-06 5.75109e-05 0 2.87554e-05 9.58515e-06 0 4.79257e-05 3.83406e-05 7.66812e-05 5.75109e-05 3.83406e-05 2.87554e-05 5.75109e-05 6.7096e-05 0.000162947 0.000210873 0.000594279 
3.83406e-05 3.83406e-05 4.79257e-05 4.79257e-05 9.58515e-06 9.58515e-06 1.91703e-05 1.91703e-05 1.91703e-05 9.58515e-06 4.79257e-05 9.58515e-06 2.87554e-05 1.91703e-05 1.91703e-05 1.91703e-05 3.83406e-05 2.87554e-05 9.58515e-06 9.58515e-06 9.58515e-05 2.87554e-05 5.75109e-05 1.91703e-05 2.87554e-05 0.000105437 0.000153362 0.000153362 0.000143777 0.000555938 
0.000115022 1.91703e-05 7.66812e-05 1.91703e-05 1.91703e-05 1.91703e-05 7.66812e-05 1.91703e-05 2.87554e-05 1.91703e-05 2.87554e-05 1.91703e-05 5.75109e-05 9.58515e-06 1.91703e-05 1.91703e-05 3.83406e-05 2.87554e-05 9.58515e-06 1.91703e-05 1.91703e-05 9.58515e-06 1.91703e-05 6.7096e-05 7.66812e-05 4.79257e-05 7.66812e-05 4.79257e-05 0.000115022 0.000603864 
0.000115022 1.91703e-05 0 9.58515e-06 1.91703e-05 1.91703e-05 1.91703e-05 2.87554e-05 9.58515e-06 0 9.58515e-06 1.91703e-05 1.91703e-05 9.58515e-06 9.58515e-06 1.91703e-05 3.83406e-05 0 1.91703e-05 4.79257e-05 4.79257e-05 3.83406e-05 6.7096e-05 1.91703e-05 3.83406e-05 1.91703e-05 0.000115022 9.58515e-05 0.000220458 0.000488842 
4.79257e-05 9.58515e-06 4.79257e-05 9.58515e-06 1.91703e-05 0 2.87554e-05 2.87554e-05 4.79257e-05 1.91703e-05 0 4.79257e-05 1.91703e-05 9.58515e-06 4.79257e-05 9.58515e-06 2.87554e-05 1.91703e-05 9.58515e-06 2.87554e-05 4.79257e-05 3.83406e-05 9.58515e-06 4.79257e-05 3.83406e-05 9.58515e-05 0.000134192 9.58515e-05 5.75109e-05 0.000392991 
2.87554e-05 1.91703e-05 2.87554e-05 9.58515e-06 9.58515e-06 9.58515e-06 1.91703e-05 2.87554e-05 9.58515e-06 1.91703e-05 3.83406e-05 1.91703e-05 3.83406e-05 0 3.83406e-05 1.91703e-05 3.83406e-05 2.87554e-05 3.83406e-05 3.83406e-05 5.75109e-05 9.58515e-06 2.87554e-05 2.87554e-05 2.87554e-05 3.83406e-05 5.75109e-05 9.58515e-05 0.000124607 0.000402576 
6.7096e-05 9.58515e-06 1.91703e-05 9.58515e-06 1.91703e-05 1.91703e-05 1.91703e-05 2.87554e-05 0 0 0 1.91703e-05 0 1.91703e-05 1.91703e-05 5.75109e-05 1.91703e-05 2.87554e-05 9.58515e-06 2.87554e-05 2.87554e-05 6.7096e-05 9.58515e-06 1.91703e-05 2.87554e-05 3.83406e-05 4.79257e-05 5.75109e-05 0.000124607 0.000182118 
2.87554e-05 9.58515e-06 9.58515e-06 9.58515e-06 9.58515e-06 1.91703e-05 9.58515e-06 1.91703e-05 0 9.58515e-06 9.58515e-06 0 0 0 9.58515e-06 9.58515e-06 0 9.58515e-06 0 9.58515e-06 0 9.58515e-06 3.83406e-05 2.87554e-05 4.79257e-05 9.58515e-06 1.91703e-05 6.7096e-05 0.000105437 0.000201288 
0 0 0 1.91703e-05 0 9.58515e-06 0 9.58515e-06 0 0 0 0 0 0 0 9.58515e-06 0 0 0 9.58515e-06 0 9.58515e-06 9.58515e-06 2.87554e-05 1.91703e-05 3.83406e-05 1.91703e-05 4.79257e-05 6.7096e-05 0.000162947 
2.87554e-05 9.58515e-06 1.91703e-05 9.58515e-06 0 9.58515e-06 2.87554e-05 0 1.91703e-05 9.58515e-06 0 3.83406e-05 1.91703e-05 9.58515e-06 0 0 0 0 1.91703e-05 9.58515e-06 1.91703e-05 1.91703e-05 1.91703e-05 1.91703e-05 9.58515e-06 4.79257e-05 5.75109e-05 1.91703e-05 3.83406e-05 0.000162947 
0 0 0 9.58515e-06 0 9.58515e-06 0 9.58515e-06 9.58515e-06 1.91703e-05 0 0 0 9.58515e-06 0 9.58515e-06 0 9.58515e-06 0 0 1.91703e-05 1.91703e-05 0 2.87554e-05 9.58515e-06 3.83406e-05 2.87554e-05 9.58515e-06 2.87554e-05 0.000172533 
9.58515e-06 0 2.87554e-05 0 9.58515e-06 0 0 9.58515e-06 0 0 0 1.91703e-05 9.58515e-06 0 0 3.83406e-05 0 9.58515e-06 9.58515e-06 9.58515e-06 0 0 1.91703e-05 0 9.58515e-06 9.58515e-06 9.58515e-06 1.91703e-05 6.7096e-05 8.62663e-05 
0 1.91703e-05 0 0 9.58515e-06 0 0 9.58515e-06 9.58515e-06 0 0 9.58515e-06 9.58515e-06 0 0 1.91703e-05 9.58515e-06 1.91703e-05 9.58515e-06 0 0 1.91703e-05 1.91703e-05 0 9.58515e-06 1.91703e-05 9.58515e-06 1.91703e-05 3.83406e-05 0.000153362 
0 0 9.58515e-06 0 1.91703e-05 9.58515e-06 0 0 1.91703e-05 0 0 9.58515e-06 0 0 0 0 9.58515e-06 1.91703e-05 0 9.58515e-06 0 0 0 0 0 0 9.58515e-06 5.75109e-05 4.79257e-05 0.000143777 
1.91703e-05 9.58515e-06 0 9.58515e-06 0 0 9.58515e-06 0 9.58515e-06 9.58515e-06 0 0 9.58515e-06 9.58515e-06 0 0 0 0 9.58515e-06 9.58515e-06 1.91703e-05 9.58515e-06 0 0 9.58515e-06 0 9.58515e-06 0 2.87554e-05 0.000105437 
9.58515e-06 0 9.58515e-06 2.87554e-05 9.58515e-06 0 0 0 0 9.58515e-06 0 2.87554e-05 9.58515e-06 0 0 9.58515e-06 1.91703e-05 0 0 4.79257e-05 9.58515e-06 9.58515e-06 9.58515e-06 0 1.91703e-05 2.87554e-05 2.87554e-05 2.87554e-05 1.91703e-05 0.000115022 
9.58515e-06 9.58515e-06 9.58515e-06 0 0 0 9.58515e-06 9.58515e-06 9.58515e-06 9.58515e-06 0 0 0 0 9.58515e-06 9.58515e-06 9.58515e-06 9.58515e-06 0 0 0 9.58515e-06 9.58515e-06 0 1.91703e-05 2.87554e-05 9.58515e-06 0 1.91703e-05 5.75109e-05 
9.58515e-06 0 9.58515e-06 0 0 9.58515e-06 0 0 9.58515e-06 0 0 0 0 0 0 0 0 0 9.58515e-06 1.91703e-05 0 0 0 0 1.91703e-05 9.58515e-06 9.58515e-06 1.91703e-05 0 7.66812e-05 
9.58515e-06 0 9.58515e-06 9.58515e-06 9.58515e-06 9.58515e-06 0 0 9.58515e-06 0 0 0 0 0 0 1.91703e-05 0 9.58515e-06 9.58515e-06 0 0 0 0 9.58515e-06 0 9.58515e-06 2.87554e-05 0 9.58515e-06 3.83406e-05 
9.58515e-06 9.58515e-06 0 9.58515e-06 9.58515e-06 0 0 0 0 0 0 0 0 0 0 0 0 0 0 0 9.58515e-06 0 0 0 0 0 0 0 0 4.79257e-05 
9.58515e-06 0 0 0 0 0 9.58515e-06 0 0 0 9.58515e-06 9.58515e-06 9.58515e-06 0 0 0 0 9.58515e-06 0 9.58515e-06 0 9.58515e-06 0 0 0 9.58515e-06 9.58515e-06 1.91703e-05 9.58515e-06 7.66812e-05 
1.91703e-05 0 0 0 0 0 0 0 0 0 9.58515e-06 0 0 9.58515e-06 9.58515e-06 0 9.58515e-06 9.58515e-06 0 9.58515e-06 0 0 0 0 0 0 9.58515e-06 0 1.91703e-05 5.75109e-05 
9.58515e-06 9.58515e-06 0 0 0 0 0 0 9.58515e-06 0 0 0 9.58515e-06 9.58515e-06 0 0 0 0 0 0 0 0 0 0 0 0 9.58515e-06 9.58515e-06 0 5.75109e-05 
0 0 0 0 0 0 0 0 0 0 0 0 0 9.58515e-06 9.58515e-06 0 0 0 9.58515e-06 0 9.58515e-06 0 0 1.91703e-05 0 0 0 1.91703e-05 2.87554e-05 9.58515e-06 
9.58515e-06 0 0 0 0 0 0 9.58515e-06 0 0 0 0 0 0 0 0 0 0 0 9.58515e-06 0 0 0 0 0 0 0 0 1.91703e-05 3.83406e-05 
0 9.58515e-06 0 0 0 0 0 0 0 0 0 0 0 0 0 0 0 0 0 9.58515e-06 0 0 0 0 0 0 0 0 0 1.91703e-05 
0 0 0 0 0 0 0 9.58515e-06 0 0 0 0 0 0 0 0 0 0 9.58515e-06 0 9.58515e-06 0 9.58515e-06 0 0 0 0 9.58515e-06 1.91703e-05 1.91703e-05 
0 0 9.58515e-06 0 0 0 0 0 0 0 0 9.58515e-06 0 0 0 0 9.58515e-06 0 0 0 0 0 0 9.58515e-06 0 9.58515e-06 0 0 9.58515e-06 9.58515e-06 
9.58515e-06 0 0 0 0 0 0 0 0 0 0 0 0 0 0 0 0 0 0 0 0 0 0 9.58515e-06 0 0 0 0 0 1.91703e-05 
0 0 9.58515e-06 9.58515e-06 0 0 0 0 0 0 0 0 0 0 0 0 0 0 0 0 0 0 0 0 0 0 0 0 0 0 
0 0 0 0 0 0 0 0 0 0 0 0 0 0 0 0 0 9.58515e-06 0 9.58515e-06 0 0 0 0 9.58515e-06 0 0 0 9.58515e-06 0 
0 0 9.58515e-06 0 0 0 0 0 0 0 0 0 0 0 0 0 0 0 0 0 0 0 0 0 0 0 0 0 0 2.87554e-05 
0 0 0 0 0 0 0 0 0 9.58515e-06 0 0 0 0 0 0 0 0 0 0 0 0 0 0 0 0 9.58515e-06 0 0 0 
0 9.58515e-06 0 0 0 0 0 0 0 0 0 0 0 0 0 0 0 0 0 0 0 0 0 0 0 0 0 9.58515e-06 9.58515e-06 0 
0 0 0 0 0 0 0 0 0 0 0 0 0 0 0 0 0 0 0 0 0 0 0 0 9.58515e-06 0 0 0 0 0 
0 0 0 0 0 0 0 0 0 0 0 0 0 9.58515e-06 0 0 0 0 0 0 0 0 0 0 0 0 0 0 0 0 
0 0 0 9.58515e-06 0 0 0 0 0 0 0 0 0 0 0 0 0 0 0 0 0 0 0 0 0 9.58515e-06 0 0 0 0 
0 0 0 0 0 0 0 9.58515e-06 0 0 0 0 0 0 0 0 0 0 0 0 9.58515e-06 0 0 0 0 0 0 0 9.58515e-06 0 
0 0 0 0 0 0 0 0 0 0 0 0 0 0 0 0 0 0 0 0 0 0 0 0 0 0 0 0 0 0 
0 0 0 0 0 0 0 0 0 0 0 0 0 0 0 0 0 0 0 0 0 0 9.58515e-06 0 0 0 0 9.58515e-06 0 0 
0 0 0 0 0 0 0 0 0 0 0 0 0 0 0 0 0 0 0 0 0 0 0 0 0 0 0 0 0 0 
0 0 0 0 0 0 0 0 0 0 0 0 0 0 0 0 0 0 0 0 0 0 0 0 0 0 0 0 9.58515e-06 0 
0 0 0 0 0 0 0 0 0 0 0 0 0 0 0 0 0 0 0 0 0 0 0 0 0 0 0 9.58515e-06 0 0 
0 0 0 0 0 0 0 0 0 0 9.58515e-06 0 0 0 0 0 0 0 0 0 0 0 0 0 0 0 0 9.58515e-06 0 0 
0 0 0 0 0 0 0 0 0 0 0 0 0 0 0 0 9.58515e-06 0 0 0 0 0 0 0 0 0 0 0 0 0 
0 0 0 0 0 0 0 0 0 0 0 0 0 0 0 0 0 0 0 0 0 0 0 0 0 0 0 0 0 9.58515e-06 
0 0 9.58515e-06 0 0 0 0 0 0 0 0 0 0 0 0 0 0 0 0 0 0 0 0 0 0 0 0 0 0 9.58515e-06 
0 0 0 0 0 0 0 0 0 0 0 9.58515e-06 0 0 0 0 0 0 0 0 0 0 0 0 0 0 0 0 0 0 
0 0 0 0 0 0 0 0 0 0 0 0 0 0 0 0 0 0 0 0 0 0 0 0 0 9.58515e-06 0 0 0 0 
0 0 0 0 0 0 0 0 0 9.58515e-06 0 9.58515e-06 0 0 9.58515e-06 0 0 0 0 0 0 9.58515e-06 0 0 0 0 0 0 9.58515e-06 0 
