Infinite flatland isotropic point source isotropic scattering exponential random flight, mu_t = 1
Analogmu_t c: 0.5 maxr: 25 dr: 0.2 du: 0.0666667 numsamples: 10000000 numCollisionOrders: 50 numMoments: 5
CollisionDensity:
1.05106 1.02599 0.955218 0.867868 0.778029 0.691473 0.611169 0.538605 0.472255 0.411653 0.358393 0.311186 0.269643 0.232864 0.202417 0.174178 0.150084 0.128863 0.110837 0.0954315 0.081484 0.070274 0.0601655 0.051469 0.044342 0.037703 0.0319595 0.027788 0.0237185 0.0203595 0.0171115 0.0147285 0.0124055 0.0107235 0.009115 0.0077455 0.0066375 0.005631 0.0048335 0.0040685 0.003402 0.0028725 0.002546 0.002117 0.0017985 0.0015075 0.001332 0.001135 0.0009275 0.0008115 0.000683 0.00054 0.000469 0.000399 0.000338 0.0002955 0.0002305 0.00023 0.0001905 0.0001445 0.000123 0.0001135 9.2e-05 7.65e-05 6.6e-05 5.45e-05 4.55e-05 3.05e-05 3.1e-05 3.15e-05 2.15e-05 1.3e-05 2.15e-05 1.45e-05 1.55e-05 9e-06 8.5e-06 7.5e-06 8.5e-06 7e-06 3e-06 3e-06 1.5e-06 1.5e-06 0 1.5e-06 5e-07 2e-06 1.5e-06 5e-07 1e-06 1.5e-06 2.5e-06 1e-06 1e-06 0 0 5e-07 0 0 0 5e-07 5e-07 0 0 0 0 0 5e-07 0 0 0 0 0 0 0 0 0 0 0 0 0 0 0 0 0 
Density Moments:
2.00045 2.94591 7.99627 31.2934 159.366 
Per-collision Density Moments:
0 0 0 0 0 
1 1.00039 2.00155 6.00337 23.9733 
0.500162 0.78544 1.99943 7.06218 31.9308 
0.250159 0.500164 1.49963 5.995 29.9543 
0.125062 0.294593 0.999526 4.4108 23.9249 
0.0625108 0.166444 0.622606 2.97751 17.2815 
0.0312647 0.091916 0.373986 1.92475 11.9295 
0.0156189 0.049919 0.218227 1.19414 7.79261 
0.0078168 0.0267876 0.124442 0.718739 4.9253 
0.0039278 0.014315 0.0702222 0.425644 3.04228 
0.0019609 0.00755675 0.0390452 0.248587 1.86472 
0.0009755 0.00396154 0.0214462 0.142524 1.11278 
0.0004913 0.00209563 0.0118487 0.0822017 0.671587 
0.0002486 0.00111212 0.00657477 0.047589 0.40633 
0.000125 0.000579545 0.00354472 0.0265427 0.23597 
6.23e-05 0.000298513 0.00189185 0.0147925 0.137921 
3.23e-05 0.000160565 0.00106597 0.0085913 0.0811154 
1.62e-05 8.46379e-05 0.00059412 0.00500227 0.0476306 
8.3e-06 4.0394e-05 0.000267363 0.00217576 0.0203919 
4.2e-06 2.13856e-05 0.000141134 0.00111465 0.0100824 
2.2e-06 1.09111e-05 7.16017e-05 0.000598579 0.00606253 
1.1e-06 6.44405e-06 4.80055e-05 0.000427933 0.00430419 
5e-07 3.7466e-06 3.34691e-05 0.00033826 0.00370209 
3e-07 3.06394e-06 3.43954e-05 0.000419137 0.00543679 
2e-07 1.61573e-06 1.32938e-05 0.000111288 0.000946508 
1e-07 9.24122e-07 8.54001e-06 7.89201e-05 0.000729317 
1e-07 9.17845e-07 8.4244e-06 7.7323e-05 0.000709705 
1e-07 8.13839e-07 6.62334e-06 5.39033e-05 0.000438686 
1e-07 8.43785e-07 7.11974e-06 6.00753e-05 0.000506907 
0 0 0 0 0 
0 0 0 0 0 
0 0 0 0 0 
0 0 0 0 0 
0 0 0 0 0 
0 0 0 0 0 
0 0 0 0 0 
0 0 0 0 0 
0 0 0 0 0 
0 0 0 0 0 
0 0 0 0 0 
0 0 0 0 0 
0 0 0 0 0 
0 0 0 0 0 
0 0 0 0 0 
0 0 0 0 0 
0 0 0 0 0 
0 0 0 0 0 
0 0 0 0 0 
0 0 0 0 0 
0 0 0 0 0 
Per-collision Densities:
0 0 0 0 0 0 0 0 0 0 0 0 0 0 0 0 0 0 0 0 0 0 0 0 0 0 0 0 0 0 0 0 0 0 0 0 0 0 0 0 0 0 0 0 0 0 0 0 0 0 0 0 0 0 0 0 0 0 0 0 0 0 0 0 0 0 0 0 0 0 0 0 0 0 0 0 0 0 0 0 0 0 0 0 0 0 0 0 0 0 0 0 0 0 0 0 0 0 0 0 0 0 0 0 0 0 0 0 0 0 0 0 0 0 0 0 0 0 0 0 0 0 0 0 0 0 
0.907015 0.740649 0.60773 0.497467 0.407209 0.333329 0.272601 0.223151 0.183584 0.149925 0.122656 0.100214 0.08227 0.0674135 0.0555325 0.0452735 0.0371725 0.0303225 0.024669 0.0201245 0.0166215 0.01349 0.011198 0.009129 0.0074155 0.006141 0.004984 0.0041115 0.0033885 0.0027895 0.0022285 0.0018875 0.001506 0.0012465 0.001011 0.000826 0.0006845 0.0005425 0.0004735 0.000365 0.0003035 0.000235 0.0002175 0.0001625 0.0001375 0.000112 8e-05 7.25e-05 6.4e-05 5.1e-05 4.7e-05 3.15e-05 2.15e-05 2.85e-05 1.5e-05 1.4e-05 1.1e-05 8.5e-06 1e-05 9e-06 5.5e-06 3e-06 1.5e-06 1e-06 2.5e-06 1e-06 4.5e-06 5e-07 1e-06 5e-07 5e-07 0 0 0 0 0 0 0 0 0 0 5e-07 0 0 0 0 0 0 0 0 0 0 0 0 0 0 0 0 0 0 0 0 0 0 0 0 0 0 0 0 0 0 0 0 0 0 0 0 0 0 0 0 0 0 0 0 
0.112621 0.203447 0.230151 0.230935 0.218563 0.20092 0.180558 0.160762 0.140783 0.122472 0.106195 0.0912525 0.078083 0.066327 0.056939 0.048183 0.0404435 0.0342095 0.02886 0.0244825 0.020333 0.0171845 0.0144295 0.01204 0.010175 0.0083965 0.0069215 0.0059315 0.0049345 0.0041155 0.003379 0.002883 0.002352 0.0019595 0.001655 0.0013825 0.0011455 0.000914 0.000776 0.000631 0.0005455 0.000434 0.0003615 0.0002915 0.0002405 0.000212 0.0001785 0.0001505 0.000122 9.15e-05 8.45e-05 6.25e-05 5.4e-05 4.05e-05 3.45e-05 3.15e-05 2.25e-05 2.4e-05 1.7e-05 1.55e-05 1.45e-05 7.5e-06 1e-05 5e-06 6e-06 4.5e-06 3.5e-06 2.5e-06 3.5e-06 5e-06 1.5e-06 2e-06 5e-07 0 1.5e-06 5e-07 0 5e-07 0 0 0 0 0 0 0 0 0 0 0 0 0 0 0 0 0 0 0 0 0 0 0 0 0 0 0 0 0 0 0 0 0 0 0 0 0 0 0 0 0 0 0 0 0 0 0 0 
0.0219235 0.054911 0.075481 0.0865795 0.0913605 0.091106 0.088771 0.0840575 0.078288 0.0710155 0.0644025 0.057915 0.051254 0.044922 0.0400225 0.0348155 0.0302445 0.0265865 0.0229405 0.019877 0.017078 0.0145525 0.012407 0.0106355 0.0091415 0.0077835 0.0066085 0.0056295 0.004789 0.0040655 0.003401 0.0028975 0.002424 0.002101 0.001721 0.001444 0.0012485 0.0010575 0.0008615 0.000729 0.0005915 0.00049 0.000459 0.000368 0.0002955 0.000254 0.0002165 0.0001765 0.000157 0.000129 9.85e-05 8.3e-05 7.65e-05 6.15e-05 4.4e-05 3.95e-05 2.85e-05 2.85e-05 2.9e-05 2.3e-05 1.35e-05 1.55e-05 1.2e-05 9e-06 9.5e-06 5.5e-06 6e-06 2.5e-06 5e-06 5.5e-06 2.5e-06 0 2.5e-06 1e-06 1e-06 1e-06 5e-07 1.5e-06 2e-06 1.5e-06 0 0 0 0 0 0 0 5e-07 0 0 0 0 0 0 0 0 0 0 0 0 0 0 0 0 0 0 0 0 0 0 0 0 0 0 0 0 0 0 0 0 0 0 0 0 0 0 
0.006016 0.0170265 0.0259835 0.0320725 0.036305 0.0383145 0.039119 0.039311 0.0377945 0.0361445 0.0338405 0.031332 0.0288875 0.026434 0.0236505 0.0213955 0.019299 0.016976 0.0150515 0.0134075 0.011617 0.010327 0.0089315 0.0077725 0.006954 0.0058545 0.005052 0.0044275 0.0037845 0.003318 0.0027815 0.002417 0.0020055 0.001792 0.0015065 0.001257 0.0010915 0.0009455 0.000792 0.000687 0.0005655 0.00046 0.0003885 0.000358 0.000293 0.0002415 0.000212 0.0001795 0.000148 0.000124 0.000103 8.95e-05 7.1e-05 5.5e-05 5.5e-05 4.45e-05 3.9e-05 4.05e-05 2.3e-05 2.35e-05 1.95e-05 2.3e-05 1.4e-05 1.4e-05 9e-06 9.5e-06 8.5e-06 2.5e-06 3e-06 2e-06 2.5e-06 2e-06 4e-06 2e-06 1e-06 5e-07 1e-06 0 1.5e-06 5e-07 5e-07 0 5e-07 0 0 5e-07 0 0 0 5e-07 0 0 0 5e-07 0 0 0 0 0 0 0 0 0 0 0 0 0 0 0 0 0 0 0 0 0 0 0 0 0 0 0 0 0 0 0 0 
0.002119 0.0059595 0.009522 0.012261 0.0143485 0.016021 0.0170065 0.017411 0.017389 0.017297 0.016721 0.015932 0.014892 0.0140505 0.013037 0.0119385 0.0109595 0.0098185 0.0089165 0.007986 0.0070605 0.006518 0.005722 0.005108 0.004568 0.003993 0.0034065 0.0030405 0.0026915 0.0023235 0.002047 0.00173 0.001537 0.001328 0.0011295 0.000937 0.000828 0.0006985 0.00064 0.000538 0.0004865 0.0003905 0.0003335 0.000279 0.000254 0.000193 0.0001915 0.000151 0.000114 0.000123 9.3e-05 8.15e-05 7.05e-05 5.4e-05 4.25e-05 3.95e-05 3.6e-05 3.55e-05 2.75e-05 2.25e-05 1.6e-05 1.9e-05 1.3e-05 1.2e-05 7e-06 4e-06 4.5e-06 3.5e-06 4e-06 3e-06 2e-06 3.5e-06 2.5e-06 3e-06 2e-06 1e-06 5e-07 5e-07 1e-06 5e-07 0 1e-06 0 0 0 0 0 0 5e-07 0 5e-07 0 0 0 0 0 0 0 0 0 0 0 5e-07 0 0 0 0 0 0 0 0 0 0 0 0 0 0 0 0 0 0 0 0 0 0 0 
0.0007955 0.002363 0.0037325 0.004961 0.005786 0.0066915 0.0073755 0.007682 0.0078345 0.0080485 0.007859 0.00772 0.0074035 0.0070975 0.00674 0.0062905 0.005938 0.005311 0.004982 0.0045335 0.0040775 0.003753 0.0033655 0.0030815 0.0027145 0.002448 0.0021405 0.001961 0.0016985 0.001553 0.0013545 0.001164 0.0010045 0.000888 0.00081 0.0007175 0.0006175 0.000526 0.0004575 0.000407 0.0003055 0.0003055 0.0002565 0.000228 0.0001915 0.000162 0.0001325 0.0001365 0.0001155 9.05e-05 7.8e-05 5.95e-05 5.2e-05 5.25e-05 4.15e-05 4.1e-05 2.65e-05 2.8e-05 2.65e-05 1.25e-05 1.8e-05 1.15e-05 1e-05 5.5e-06 8e-06 8.5e-06 3.5e-06 4e-06 3.5e-06 3e-06 6e-06 2.5e-06 1.5e-06 2e-06 2e-06 1e-06 5e-07 1.5e-06 0 5e-07 5e-07 0 1e-06 1e-06 0 0 0 0 0 0 5e-07 0 5e-07 0 0 0 0 0 0 0 0 0 0 0 0 0 0 0 5e-07 0 0 0 0 0 0 0 0 0 0 0 0 0 0 0 0 0 
0.0003235 0.0009445 0.001502 0.0020745 0.0024885 0.0028245 0.003175 0.0034525 0.003593 0.003612 0.003618 0.0036425 0.00358 0.003447 0.003352 0.003208 0.002992 0.0027705 0.002623 0.0023725 0.002265 0.002131 0.001943 0.0017455 0.001583 0.001404 0.001284 0.001213 0.0010775 0.00097 0.00082 0.0007135 0.0006495 0.000562 0.0005145 0.0004635 0.0004175 0.0003535 0.000321 0.0002755 0.0002175 0.0002165 0.0001865 0.000168 0.0001535 0.000125 0.000117 9.15e-05 6.1e-05 6.6e-05 5.7e-05 3.95e-05 4.15e-05 3.8e-05 3.4e-05 3.35e-05 2.2e-05 1.95e-05 1.85e-05 8e-06 1.3e-05 7e-06 7e-06 8.5e-06 6e-06 5.5e-06 5.5e-06 4e-06 3.5e-06 4e-06 1.5e-06 5e-07 2e-06 2.5e-06 1.5e-06 1.5e-06 0 5e-07 0 1e-06 5e-07 5e-07 0 5e-07 0 5e-07 0 0 1e-06 0 0 5e-07 0 0 0 0 0 0 0 0 0 0 0 0 0 0 0 0 0 0 0 0 0 0 0 0 0 0 0 0 0 0 0 0 0 0 
0.000142 0.0003855 0.000617 0.000865 0.0010885 0.0012615 0.001431 0.001515 0.00162 0.001672 0.001657 0.001692 0.001749 0.0016445 0.0016335 0.001601 0.001517 0.001423 0.0013845 0.001297 0.001181 0.0011085 0.0010575 0.0009285 0.000825 0.000808 0.0007055 0.0006835 0.0006305 0.000538 0.000484 0.000479 0.0004025 0.0003555 0.0003275 0.0002915 0.0002435 0.0002545 0.000211 0.0001695 0.000154 0.000135 0.000143 9.15e-05 9.1e-05 7.45e-05 6.5e-05 5.65e-05 5.75e-05 4.5e-05 4.45e-05 3.4e-05 2.4e-05 2.45e-05 2.75e-05 1.65e-05 1.05e-05 1.7e-05 1.2e-05 1.25e-05 4e-06 9.5e-06 1e-05 5.5e-06 8.5e-06 5.5e-06 4.5e-06 2.5e-06 2e-06 3.5e-06 1.5e-06 0 2e-06 1e-06 1.5e-06 5e-07 1e-06 0 2e-06 1e-06 0 5e-07 0 0 0 0 0 5e-07 0 0 0 0 0 0 5e-07 0 0 0 0 0 0 0 0 0 0 0 0 0 0 0 0 0 0 0 0 0 0 0 0 0 0 0 0 0 0 0 
5.35e-05 0.000174 0.0002815 0.00037 0.000476 0.0005435 0.0006155 0.0006975 0.0007535 0.0007865 0.000789 0.0007815 0.000814 0.0007875 0.0008175 0.0007535 0.000781 0.0007395 0.0006805 0.00067 0.000622 0.0005945 0.0005525 0.000502 0.0004515 0.0004205 0.0004075 0.000369 0.000329 0.0003145 0.0003025 0.0002405 0.000232 0.0002105 0.0001995 0.0001775 0.000155 0.000144 0.0001295 0.000117 9.75e-05 8.65e-05 8.25e-05 6.9e-05 6e-05 4.65e-05 5.05e-05 4.35e-05 3.6e-05 3.15e-05 2.9e-05 1.7e-05 2.1e-05 1.6e-05 1.45e-05 1.35e-05 1.7e-05 1.05e-05 9e-06 7e-06 5.5e-06 6.5e-06 4e-06 2.5e-06 2.5e-06 3e-06 1e-06 3e-06 2e-06 2.5e-06 5e-07 1e-06 1.5e-06 5e-07 2e-06 2e-06 2e-06 1e-06 0 5e-07 5e-07 5e-07 0 0 0 0 0 0 0 0 0 0 0 0 0 0 0 0 0 0 0 0 0 0 0 0 0 0 0 0 0 0 0 0 0 0 0 0 0 0 0 0 0 0 0 0 
3e-05 6.65e-05 0.0001225 0.0001565 0.0002225 0.0002605 0.000289 0.0003075 0.000348 0.000341 0.0003475 0.0003775 0.0003805 0.0003715 0.000358 0.0003725 0.0003845 0.000369 0.0003635 0.000351 0.000313 0.0003095 0.0002855 0.0002605 0.000248 0.000222 0.000197 0.000184 0.0001945 0.0001795 0.0001445 0.0001295 0.000141 0.0001165 0.000109 0.0001085 8.95e-05 8.15e-05 8.25e-05 7e-05 5.8e-05 4.85e-05 5.25e-05 4.55e-05 3.3e-05 3.2e-05 3.55e-05 3.55e-05 2.25e-05 2.35e-05 1.9e-05 1.3e-05 1.45e-05 8e-06 8e-06 9.5e-06 8.5e-06 5.5e-06 5e-06 6e-06 6.5e-06 4e-06 2.5e-06 5e-06 2.5e-06 1e-06 5e-07 2e-06 1.5e-06 5e-07 1e-06 1.5e-06 5e-07 1e-06 5e-07 5e-07 1e-06 5e-07 1e-06 0 1e-06 0 0 0 0 0 0 5e-07 0 0 0 0 0 0 0 0 0 0 0 0 0 5e-07 0 0 0 0 0 0 0 0 0 0 0 0 0 0 0 0 0 0 0 0 0 0 0 0 
1.15e-05 3.05e-05 5.4e-05 6.75e-05 0.0001025 0.0001045 0.0001295 0.0001375 0.000148 0.0001785 0.000156 0.0001735 0.0001805 0.0001815 0.0001715 0.000179 0.0001905 0.0001655 0.0001885 0.000163 0.000158 0.000148 0.000136 0.000128 0.000139 0.000115 0.000119 0.000121 9.3e-05 8.2e-05 7.95e-05 9.05e-05 6.2e-05 6.9e-05 6.2e-05 6.2e-05 6.35e-05 4.8e-05 3.9e-05 3.6e-05 2.95e-05 2.75e-05 2.85e-05 2.85e-05 1.95e-05 2.45e-05 2.4e-05 1.9e-05 9e-06 1.45e-05 1.05e-05 8e-06 9e-06 7e-06 8e-06 5.5e-06 2.5e-06 3.5e-06 4.5e-06 3.5e-06 3e-06 3e-06 2.5e-06 3.5e-06 1e-06 2.5e-06 2e-06 1.5e-06 5e-07 0 1e-06 0 1e-06 0 1e-06 5e-07 2e-06 0 5e-07 5e-07 0 0 0 0 0 5e-07 0 5e-07 0 0 0 0 0 0 0 0 0 0 0 0 0 0 0 0 0 0 0 0 0 0 0 0 0 0 0 0 0 0 0 0 0 0 0 0 0 0 
5e-06 1.5e-05 2.1e-05 2.85e-05 4.2e-05 4.85e-05 5.25e-05 6.05e-05 6.4e-05 9.15e-05 8.35e-05 8.25e-05 7.55e-05 9.85e-05 8.45e-05 8.7e-05 8.55e-05 9e-05 9.3e-05 8.6e-05 8e-05 8.25e-05 7.2e-05 6.75e-05 5.05e-05 5.2e-05 6.25e-05 6.1e-05 4.7e-05 5.6e-05 4e-05 4.25e-05 4.2e-05 4.25e-05 3.1e-05 3.8e-05 2.55e-05 3.15e-05 2.45e-05 1.85e-05 2e-05 2e-05 1.95e-05 1.25e-05 1.1e-05 1.35e-05 1.25e-05 8.5e-06 1e-05 8.5e-06 7.5e-06 9e-06 3.5e-06 5e-06 3.5e-06 3.5e-06 3.5e-06 2.5e-06 2.5e-06 5e-07 1.5e-06 5e-07 3.5e-06 2.5e-06 0 1.5e-06 5e-07 5e-07 5e-07 1e-06 5e-07 0 5e-07 1e-06 1e-06 0 0 1e-06 0 1e-06 0 0 0 0 0 0 5e-07 0 0 0 0 0 0 0 5e-07 0 0 0 0 0 0 0 0 0 0 0 0 0 0 0 0 0 0 0 0 0 0 0 0 0 0 0 0 0 0 0 
1.5e-06 8e-06 1.25e-05 1.6e-05 1.85e-05 2.3e-05 2.3e-05 3.15e-05 2.65e-05 3.4e-05 3.95e-05 3.25e-05 3.75e-05 4.4e-05 5e-05 4e-05 4e-05 4.15e-05 4.55e-05 4.45e-05 3.75e-05 3.25e-05 3.65e-05 3.8e-05 3.65e-05 3.15e-05 3.4e-05 2.7e-05 3.45e-05 2.6e-05 2.55e-05 3e-05 2.15e-05 2.1e-05 1.4e-05 1.5e-05 1.35e-05 1.75e-05 1.1e-05 1.2e-05 1.1e-05 1e-05 9e-06 7e-06 1.05e-05 8.5e-06 4e-06 6e-06 5.5e-06 6e-06 4.5e-06 6e-06 3.5e-06 3.5e-06 5.5e-06 1e-06 1e-06 3e-06 1.5e-06 5e-07 5e-07 5e-07 1e-06 5e-07 1.5e-06 1e-06 5e-07 5e-07 1e-06 5e-07 5e-07 0 1e-06 0 0 0 0 5e-07 5e-07 0 0 0 0 0 0 0 0 0 0 0 0 5e-07 0 0 0 0 0 5e-07 0 0 0 0 0 0 0 0 0 0 0 0 0 0 0 0 0 0 0 0 0 0 0 0 0 0 0 0 
0 3.5e-06 5.5e-06 6.5e-06 7.5e-06 1.35e-05 1.25e-05 1.75e-05 1.3e-05 1.7e-05 1.85e-05 1.8e-05 1.6e-05 2.4e-05 1.45e-05 2.05e-05 1.75e-05 1.9e-05 1.9e-05 2.1e-05 1.8e-05 2.45e-05 1.6e-05 1.75e-05 2e-05 1.6e-05 1.7e-05 1.25e-05 1.15e-05 1.9e-05 1.3e-05 1.15e-05 1.2e-05 1.45e-05 1.3e-05 1.2e-05 6.5e-06 6.5e-06 9e-06 8.5e-06 6e-06 5.5e-06 2.5e-06 3.5e-06 4.5e-06 1.5e-06 4.5e-06 4.5e-06 3.5e-06 3.5e-06 3.5e-06 1e-06 2.5e-06 5e-07 2e-06 1e-06 1e-06 1.5e-06 2.5e-06 0 5e-07 1e-06 1e-06 0 1e-06 1e-06 5e-07 5e-07 0 0 0 0 0 0 0 0 0 0 0 0 0 0 0 0 0 0 0 0 0 0 0 5e-07 5e-07 5e-07 0 0 0 0 0 0 0 0 0 0 0 0 0 0 0 0 0 0 0 0 0 0 0 0 0 0 0 0 0 0 0 0 
5e-07 1e-06 1e-06 3e-06 6e-06 6e-06 4.5e-06 6.5e-06 8e-06 1e-05 4e-06 9.5e-06 9e-06 9.5e-06 8e-06 9.5e-06 8.5e-06 1.2e-05 1.55e-05 7e-06 1.45e-05 1e-05 5.5e-06 7.5e-06 9e-06 6.5e-06 8.5e-06 9.5e-06 4.5e-06 5e-06 7.5e-06 6.5e-06 6.5e-06 9e-06 7.5e-06 4e-06 3.5e-06 4.5e-06 2.5e-06 2.5e-06 5e-06 2.5e-06 3e-06 5e-07 2e-06 2.5e-06 2e-06 1.5e-06 5e-07 1e-06 2e-06 2.5e-06 1.5e-06 3e-06 1e-06 0 1e-06 1e-06 5e-07 0 5e-07 1e-06 0 5e-07 1e-06 5e-07 0 5e-07 0 0 0 0 0 0 0 0 0 0 0 0 0 0 0 0 0 0 0 0 0 0 0 0 1e-06 0 0 0 0 0 0 0 0 0 0 0 0 0 0 0 0 0 0 0 0 0 0 0 0 0 0 0 0 0 0 0 0 0 
1e-06 2e-06 5e-07 2.5e-06 2e-06 3e-06 1.5e-06 3e-06 6e-06 3e-06 4e-06 2.5e-06 6.5e-06 4e-06 1e-06 7e-06 7e-06 4.5e-06 2e-06 4.5e-06 6e-06 3.5e-06 4.5e-06 2e-06 7e-06 5e-06 3.5e-06 2e-06 4e-06 2.5e-06 2.5e-06 2.5e-06 4e-06 5.5e-06 1.5e-06 4e-06 3e-06 3e-06 5e-07 1.5e-06 2.5e-06 4.5e-06 1e-06 1.5e-06 1.5e-06 1e-06 4e-06 0 1e-06 1e-06 5e-07 1e-06 1.5e-06 5e-07 5e-07 1e-06 0 0 5e-07 0 5e-07 5e-07 0 0 0 0 0 0 0 0 0 0 5e-07 0 5e-07 0 0 0 0 0 0 0 0 0 0 0 0 0 0 0 0 0 5e-07 0 0 0 0 0 0 0 0 0 0 0 0 0 0 0 0 0 0 0 0 0 0 0 0 0 0 0 0 0 0 0 0 0 
0 1e-06 5e-07 5e-07 1e-06 2e-06 2e-06 1e-06 2e-06 1.5e-06 5e-07 2.5e-06 2.5e-06 3e-06 3e-06 3e-06 1.5e-06 3e-06 1.5e-06 2.5e-06 1e-06 1.5e-06 1e-06 2e-06 2e-06 2e-06 3e-06 2e-06 2e-06 1e-06 5e-07 1.5e-06 2.5e-06 1e-06 1.5e-06 3e-06 5e-07 1.5e-06 1e-06 5e-07 1.5e-06 1e-06 5e-07 1e-06 0 1e-06 1.5e-06 1e-06 5e-07 5e-07 5e-07 1e-06 1e-06 0 5e-07 5e-07 0 1e-06 1e-06 0 0 5e-07 0 0 0 0 0 0 0 0 0 0 5e-07 5e-07 0 0 0 0 0 0 0 0 0 0 0 0 0 0 0 0 0 0 0 0 0 0 0 0 0 0 0 0 0 0 0 0 0 0 0 0 0 0 0 0 0 0 0 0 0 0 0 0 0 0 0 0 
0 5e-07 0 0 5e-07 0 1.5e-06 1e-06 1e-06 2e-06 2e-06 1.5e-06 5e-07 3e-06 1.5e-06 0 1.5e-06 1.5e-06 0 1.5e-06 0 0 1e-06 1.5e-06 0 1e-06 3.5e-06 5e-07 2.5e-06 1e-06 0 5e-07 1e-06 5e-07 0 2e-06 0 1e-06 0 0 1e-06 0 0 0 0 0 0 5e-07 0 1.5e-06 5e-07 0 0 1e-06 5e-07 0 0 0 0 5e-07 0 0 0 0 0 0 0 0 0 0 0 0 5e-07 0 0 0 0 0 0 0 0 0 0 0 0 0 0 0 0 0 0 0 0 0 0 0 0 0 0 0 0 0 0 0 0 0 0 0 0 0 0 0 0 0 0 0 0 0 0 0 0 0 0 0 0 0 
0 0 0 5e-07 1e-06 0 0 0 0 1e-06 0 2.5e-06 0 5e-07 5e-07 0 5e-07 0 0 0 5e-07 5e-07 0 2e-06 5e-07 2.5e-06 5e-07 1.5e-06 1e-06 0 5e-07 5e-07 0 0 0 5e-07 0 0 1.5e-06 0 0 0 5e-07 0 0 0 0 5e-07 0 0 0 5e-07 0 0 0 0 0 0 0 0 5e-07 0 0 5e-07 0 0 0 0 0 0 0 0 0 0 0 0 0 0 0 0 0 0 0 0 0 0 0 0 0 0 0 0 0 0 0 0 0 0 0 0 0 0 0 0 0 0 0 0 0 0 0 0 0 0 0 0 0 0 0 0 0 0 0 0 0 0 
0 0 0 0 0 5e-07 0 0 0 0 0 1.5e-06 1e-06 5e-07 0 0 0 0 0 0 0 2e-06 5e-07 0 5e-07 5e-07 5e-07 0 5e-07 0 0 1e-06 0 5e-07 0 0 0 0 0 0 0 0 0 1e-06 0 0 0 0 0 0 0 0 0 0 0 0 0 0 0 0 0 0 0 0 0 0 0 0 0 5e-07 0 0 0 0 0 0 0 0 0 0 0 0 0 0 0 0 0 0 0 0 0 0 0 0 0 0 0 0 0 0 0 0 0 0 0 0 0 0 0 0 0 0 0 0 0 0 0 0 0 0 0 0 0 0 0 0 
0 0 0 0 0 0 0 0 0 0 5e-07 5e-07 0 0 0 0 0 0 5e-07 0 0 5e-07 5e-07 0 5e-07 0 5e-07 0 0 0 0 0 0 5e-07 0 0 0 0 0 0 0 0 0 5e-07 0 5e-07 0 0 0 0 0 0 0 0 0 0 0 0 0 0 0 0 0 5e-07 0 0 0 0 0 0 0 0 0 0 0 0 0 0 0 0 0 0 0 0 0 0 0 0 0 0 0 0 0 0 0 0 0 0 0 0 0 0 0 0 0 0 0 0 0 0 0 0 0 0 0 0 0 0 0 0 0 0 0 0 0 0 
0 0 0 0 0 0 0 0 0 0 0 0 0 0 0 0 0 5e-07 0 0 0 0 0 0 5e-07 0 0 0 0 0 0 0 0 0 0 0 5e-07 0 0 0 0 0 0 0 0 5e-07 0 0 0 0 0 0 0 0 0 0 0 0 0 0 0 0 0 5e-07 0 0 0 0 0 0 0 0 0 0 0 0 0 0 0 0 0 0 0 0 0 0 0 0 0 0 0 0 0 0 0 0 0 0 0 0 0 0 0 0 0 0 0 0 0 0 0 0 0 0 0 0 0 0 0 0 0 0 0 0 0 0 
0 0 0 0 0 0 0 0 0 0 0 0 0 0 0 0 0 0 0 0 0 0 0 0 0 0 0 0 0 0 0 0 0 0 5e-07 0 0 0 0 0 0 0 0 0 0 5e-07 0 0 0 0 0 0 0 0 0 0 0 0 0 0 0 0 0 0 0 0 0 0 0 0 0 0 5e-07 0 0 0 0 0 0 0 0 0 0 0 0 0 0 0 0 0 0 0 0 0 0 0 0 0 0 0 0 0 0 0 0 0 0 0 0 0 0 0 0 0 0 0 0 0 0 0 0 0 0 0 0 0 
0 0 0 0 0 0 0 0 0 0 0 0 0 0 0 0 0 0 0 0 0 0 0 0 0 0 0 0 0 0 0 0 0 0 5e-07 0 0 0 0 0 0 0 0 0 0 5e-07 0 0 0 0 0 0 0 0 0 0 0 0 0 0 0 0 0 0 0 0 0 0 0 0 0 0 0 0 0 0 0 0 0 0 0 0 0 0 0 0 0 0 0 0 0 0 0 0 0 0 0 0 0 0 0 0 0 0 0 0 0 0 0 0 0 0 0 0 0 0 0 0 0 0 0 0 0 0 0 0 
0 0 0 0 0 0 0 0 0 0 0 0 0 0 0 0 0 0 0 0 0 0 0 0 0 0 0 0 0 0 0 0 0 0 0 0 0 0 0 0 0 0 0 0 0 0 5e-07 0 0 0 0 0 0 0 0 0 0 0 0 0 0 0 0 0 0 0 0 0 0 0 0 0 0 0 0 0 0 0 0 0 0 0 0 0 0 0 0 0 0 0 0 0 0 0 0 0 0 0 0 0 0 0 0 0 0 0 0 0 0 0 0 0 0 0 0 0 0 0 0 0 0 0 0 0 0 0 
0 0 0 0 0 0 0 0 0 0 0 0 0 0 0 0 0 0 0 0 0 0 0 0 0 0 0 0 0 0 0 0 0 0 0 0 0 0 0 0 0 0 0 0 0 5e-07 0 0 0 0 0 0 0 0 0 0 0 0 0 0 0 0 0 0 0 0 0 0 0 0 0 0 0 0 0 0 0 0 0 0 0 0 0 0 0 0 0 0 0 0 0 0 0 0 0 0 0 0 0 0 0 0 0 0 0 0 0 0 0 0 0 0 0 0 0 0 0 0 0 0 0 0 0 0 0 0 
0 0 0 0 0 0 0 0 0 0 0 0 0 0 0 0 0 0 0 0 0 0 0 0 0 0 0 0 0 0 0 0 0 0 0 0 0 0 0 0 5e-07 0 0 0 0 0 0 0 0 0 0 0 0 0 0 0 0 0 0 0 0 0 0 0 0 0 0 0 0 0 0 0 0 0 0 0 0 0 0 0 0 0 0 0 0 0 0 0 0 0 0 0 0 0 0 0 0 0 0 0 0 0 0 0 0 0 0 0 0 0 0 0 0 0 0 0 0 0 0 0 0 0 0 0 0 0 
0 0 0 0 0 0 0 0 0 0 0 0 0 0 0 0 0 0 0 0 0 0 0 0 0 0 0 0 0 0 0 0 0 0 0 0 0 0 0 0 0 0 5e-07 0 0 0 0 0 0 0 0 0 0 0 0 0 0 0 0 0 0 0 0 0 0 0 0 0 0 0 0 0 0 0 0 0 0 0 0 0 0 0 0 0 0 0 0 0 0 0 0 0 0 0 0 0 0 0 0 0 0 0 0 0 0 0 0 0 0 0 0 0 0 0 0 0 0 0 0 0 0 0 0 0 0 0 
0 0 0 0 0 0 0 0 0 0 0 0 0 0 0 0 0 0 0 0 0 0 0 0 0 0 0 0 0 0 0 0 0 0 0 0 0 0 0 0 0 0 0 0 0 0 0 0 0 0 0 0 0 0 0 0 0 0 0 0 0 0 0 0 0 0 0 0 0 0 0 0 0 0 0 0 0 0 0 0 0 0 0 0 0 0 0 0 0 0 0 0 0 0 0 0 0 0 0 0 0 0 0 0 0 0 0 0 0 0 0 0 0 0 0 0 0 0 0 0 0 0 0 0 0 0 
0 0 0 0 0 0 0 0 0 0 0 0 0 0 0 0 0 0 0 0 0 0 0 0 0 0 0 0 0 0 0 0 0 0 0 0 0 0 0 0 0 0 0 0 0 0 0 0 0 0 0 0 0 0 0 0 0 0 0 0 0 0 0 0 0 0 0 0 0 0 0 0 0 0 0 0 0 0 0 0 0 0 0 0 0 0 0 0 0 0 0 0 0 0 0 0 0 0 0 0 0 0 0 0 0 0 0 0 0 0 0 0 0 0 0 0 0 0 0 0 0 0 0 0 0 0 
0 0 0 0 0 0 0 0 0 0 0 0 0 0 0 0 0 0 0 0 0 0 0 0 0 0 0 0 0 0 0 0 0 0 0 0 0 0 0 0 0 0 0 0 0 0 0 0 0 0 0 0 0 0 0 0 0 0 0 0 0 0 0 0 0 0 0 0 0 0 0 0 0 0 0 0 0 0 0 0 0 0 0 0 0 0 0 0 0 0 0 0 0 0 0 0 0 0 0 0 0 0 0 0 0 0 0 0 0 0 0 0 0 0 0 0 0 0 0 0 0 0 0 0 0 0 
0 0 0 0 0 0 0 0 0 0 0 0 0 0 0 0 0 0 0 0 0 0 0 0 0 0 0 0 0 0 0 0 0 0 0 0 0 0 0 0 0 0 0 0 0 0 0 0 0 0 0 0 0 0 0 0 0 0 0 0 0 0 0 0 0 0 0 0 0 0 0 0 0 0 0 0 0 0 0 0 0 0 0 0 0 0 0 0 0 0 0 0 0 0 0 0 0 0 0 0 0 0 0 0 0 0 0 0 0 0 0 0 0 0 0 0 0 0 0 0 0 0 0 0 0 0 
0 0 0 0 0 0 0 0 0 0 0 0 0 0 0 0 0 0 0 0 0 0 0 0 0 0 0 0 0 0 0 0 0 0 0 0 0 0 0 0 0 0 0 0 0 0 0 0 0 0 0 0 0 0 0 0 0 0 0 0 0 0 0 0 0 0 0 0 0 0 0 0 0 0 0 0 0 0 0 0 0 0 0 0 0 0 0 0 0 0 0 0 0 0 0 0 0 0 0 0 0 0 0 0 0 0 0 0 0 0 0 0 0 0 0 0 0 0 0 0 0 0 0 0 0 0 
0 0 0 0 0 0 0 0 0 0 0 0 0 0 0 0 0 0 0 0 0 0 0 0 0 0 0 0 0 0 0 0 0 0 0 0 0 0 0 0 0 0 0 0 0 0 0 0 0 0 0 0 0 0 0 0 0 0 0 0 0 0 0 0 0 0 0 0 0 0 0 0 0 0 0 0 0 0 0 0 0 0 0 0 0 0 0 0 0 0 0 0 0 0 0 0 0 0 0 0 0 0 0 0 0 0 0 0 0 0 0 0 0 0 0 0 0 0 0 0 0 0 0 0 0 0 
0 0 0 0 0 0 0 0 0 0 0 0 0 0 0 0 0 0 0 0 0 0 0 0 0 0 0 0 0 0 0 0 0 0 0 0 0 0 0 0 0 0 0 0 0 0 0 0 0 0 0 0 0 0 0 0 0 0 0 0 0 0 0 0 0 0 0 0 0 0 0 0 0 0 0 0 0 0 0 0 0 0 0 0 0 0 0 0 0 0 0 0 0 0 0 0 0 0 0 0 0 0 0 0 0 0 0 0 0 0 0 0 0 0 0 0 0 0 0 0 0 0 0 0 0 0 
0 0 0 0 0 0 0 0 0 0 0 0 0 0 0 0 0 0 0 0 0 0 0 0 0 0 0 0 0 0 0 0 0 0 0 0 0 0 0 0 0 0 0 0 0 0 0 0 0 0 0 0 0 0 0 0 0 0 0 0 0 0 0 0 0 0 0 0 0 0 0 0 0 0 0 0 0 0 0 0 0 0 0 0 0 0 0 0 0 0 0 0 0 0 0 0 0 0 0 0 0 0 0 0 0 0 0 0 0 0 0 0 0 0 0 0 0 0 0 0 0 0 0 0 0 0 
0 0 0 0 0 0 0 0 0 0 0 0 0 0 0 0 0 0 0 0 0 0 0 0 0 0 0 0 0 0 0 0 0 0 0 0 0 0 0 0 0 0 0 0 0 0 0 0 0 0 0 0 0 0 0 0 0 0 0 0 0 0 0 0 0 0 0 0 0 0 0 0 0 0 0 0 0 0 0 0 0 0 0 0 0 0 0 0 0 0 0 0 0 0 0 0 0 0 0 0 0 0 0 0 0 0 0 0 0 0 0 0 0 0 0 0 0 0 0 0 0 0 0 0 0 0 
0 0 0 0 0 0 0 0 0 0 0 0 0 0 0 0 0 0 0 0 0 0 0 0 0 0 0 0 0 0 0 0 0 0 0 0 0 0 0 0 0 0 0 0 0 0 0 0 0 0 0 0 0 0 0 0 0 0 0 0 0 0 0 0 0 0 0 0 0 0 0 0 0 0 0 0 0 0 0 0 0 0 0 0 0 0 0 0 0 0 0 0 0 0 0 0 0 0 0 0 0 0 0 0 0 0 0 0 0 0 0 0 0 0 0 0 0 0 0 0 0 0 0 0 0 0 
0 0 0 0 0 0 0 0 0 0 0 0 0 0 0 0 0 0 0 0 0 0 0 0 0 0 0 0 0 0 0 0 0 0 0 0 0 0 0 0 0 0 0 0 0 0 0 0 0 0 0 0 0 0 0 0 0 0 0 0 0 0 0 0 0 0 0 0 0 0 0 0 0 0 0 0 0 0 0 0 0 0 0 0 0 0 0 0 0 0 0 0 0 0 0 0 0 0 0 0 0 0 0 0 0 0 0 0 0 0 0 0 0 0 0 0 0 0 0 0 0 0 0 0 0 0 
0 0 0 0 0 0 0 0 0 0 0 0 0 0 0 0 0 0 0 0 0 0 0 0 0 0 0 0 0 0 0 0 0 0 0 0 0 0 0 0 0 0 0 0 0 0 0 0 0 0 0 0 0 0 0 0 0 0 0 0 0 0 0 0 0 0 0 0 0 0 0 0 0 0 0 0 0 0 0 0 0 0 0 0 0 0 0 0 0 0 0 0 0 0 0 0 0 0 0 0 0 0 0 0 0 0 0 0 0 0 0 0 0 0 0 0 0 0 0 0 0 0 0 0 0 0 
0 0 0 0 0 0 0 0 0 0 0 0 0 0 0 0 0 0 0 0 0 0 0 0 0 0 0 0 0 0 0 0 0 0 0 0 0 0 0 0 0 0 0 0 0 0 0 0 0 0 0 0 0 0 0 0 0 0 0 0 0 0 0 0 0 0 0 0 0 0 0 0 0 0 0 0 0 0 0 0 0 0 0 0 0 0 0 0 0 0 0 0 0 0 0 0 0 0 0 0 0 0 0 0 0 0 0 0 0 0 0 0 0 0 0 0 0 0 0 0 0 0 0 0 0 0 
0 0 0 0 0 0 0 0 0 0 0 0 0 0 0 0 0 0 0 0 0 0 0 0 0 0 0 0 0 0 0 0 0 0 0 0 0 0 0 0 0 0 0 0 0 0 0 0 0 0 0 0 0 0 0 0 0 0 0 0 0 0 0 0 0 0 0 0 0 0 0 0 0 0 0 0 0 0 0 0 0 0 0 0 0 0 0 0 0 0 0 0 0 0 0 0 0 0 0 0 0 0 0 0 0 0 0 0 0 0 0 0 0 0 0 0 0 0 0 0 0 0 0 0 0 0 
0 0 0 0 0 0 0 0 0 0 0 0 0 0 0 0 0 0 0 0 0 0 0 0 0 0 0 0 0 0 0 0 0 0 0 0 0 0 0 0 0 0 0 0 0 0 0 0 0 0 0 0 0 0 0 0 0 0 0 0 0 0 0 0 0 0 0 0 0 0 0 0 0 0 0 0 0 0 0 0 0 0 0 0 0 0 0 0 0 0 0 0 0 0 0 0 0 0 0 0 0 0 0 0 0 0 0 0 0 0 0 0 0 0 0 0 0 0 0 0 0 0 0 0 0 0 
0 0 0 0 0 0 0 0 0 0 0 0 0 0 0 0 0 0 0 0 0 0 0 0 0 0 0 0 0 0 0 0 0 0 0 0 0 0 0 0 0 0 0 0 0 0 0 0 0 0 0 0 0 0 0 0 0 0 0 0 0 0 0 0 0 0 0 0 0 0 0 0 0 0 0 0 0 0 0 0 0 0 0 0 0 0 0 0 0 0 0 0 0 0 0 0 0 0 0 0 0 0 0 0 0 0 0 0 0 0 0 0 0 0 0 0 0 0 0 0 0 0 0 0 0 0 
0 0 0 0 0 0 0 0 0 0 0 0 0 0 0 0 0 0 0 0 0 0 0 0 0 0 0 0 0 0 0 0 0 0 0 0 0 0 0 0 0 0 0 0 0 0 0 0 0 0 0 0 0 0 0 0 0 0 0 0 0 0 0 0 0 0 0 0 0 0 0 0 0 0 0 0 0 0 0 0 0 0 0 0 0 0 0 0 0 0 0 0 0 0 0 0 0 0 0 0 0 0 0 0 0 0 0 0 0 0 0 0 0 0 0 0 0 0 0 0 0 0 0 0 0 0 
0 0 0 0 0 0 0 0 0 0 0 0 0 0 0 0 0 0 0 0 0 0 0 0 0 0 0 0 0 0 0 0 0 0 0 0 0 0 0 0 0 0 0 0 0 0 0 0 0 0 0 0 0 0 0 0 0 0 0 0 0 0 0 0 0 0 0 0 0 0 0 0 0 0 0 0 0 0 0 0 0 0 0 0 0 0 0 0 0 0 0 0 0 0 0 0 0 0 0 0 0 0 0 0 0 0 0 0 0 0 0 0 0 0 0 0 0 0 0 0 0 0 0 0 0 0 
0 0 0 0 0 0 0 0 0 0 0 0 0 0 0 0 0 0 0 0 0 0 0 0 0 0 0 0 0 0 0 0 0 0 0 0 0 0 0 0 0 0 0 0 0 0 0 0 0 0 0 0 0 0 0 0 0 0 0 0 0 0 0 0 0 0 0 0 0 0 0 0 0 0 0 0 0 0 0 0 0 0 0 0 0 0 0 0 0 0 0 0 0 0 0 0 0 0 0 0 0 0 0 0 0 0 0 0 0 0 0 0 0 0 0 0 0 0 0 0 0 0 0 0 0 0 
0 0 0 0 0 0 0 0 0 0 0 0 0 0 0 0 0 0 0 0 0 0 0 0 0 0 0 0 0 0 0 0 0 0 0 0 0 0 0 0 0 0 0 0 0 0 0 0 0 0 0 0 0 0 0 0 0 0 0 0 0 0 0 0 0 0 0 0 0 0 0 0 0 0 0 0 0 0 0 0 0 0 0 0 0 0 0 0 0 0 0 0 0 0 0 0 0 0 0 0 0 0 0 0 0 0 0 0 0 0 0 0 0 0 0 0 0 0 0 0 0 0 0 0 0 0 
0 0 0 0 0 0 0 0 0 0 0 0 0 0 0 0 0 0 0 0 0 0 0 0 0 0 0 0 0 0 0 0 0 0 0 0 0 0 0 0 0 0 0 0 0 0 0 0 0 0 0 0 0 0 0 0 0 0 0 0 0 0 0 0 0 0 0 0 0 0 0 0 0 0 0 0 0 0 0 0 0 0 0 0 0 0 0 0 0 0 0 0 0 0 0 0 0 0 0 0 0 0 0 0 0 0 0 0 0 0 0 0 0 0 0 0 0 0 0 0 0 0 0 0 0 0 
Angular Collision Densities:
0.155715 0.0657 0.0512625 0.045405 0.0419625 0.0393975 0.03687 0.0360825 0.034725 0.03432 0.0351225 0.034155 0.0343275 0.0352275 0.035085 0.036975 0.03876 0.03948 0.0411525 0.042645 0.0443325 0.04734 0.053445 0.0574125 0.064485 0.07311 0.0867 0.109552 0.156735 14.1584 
0.267187 0.11514 0.0897525 0.0805875 0.0729825 0.0701625 0.0644625 0.063915 0.0629625 0.0616275 0.06162 0.06129 0.063015 0.0631875 0.0641475 0.067965 0.07092 0.072555 0.0767025 0.08049 0.085095 0.0927975 0.100687 0.111615 0.126562 0.14697 0.176055 0.226815 0.332212 12.3603 
0.295657 0.127845 0.100215 0.0897225 0.0819525 0.0772575 0.074595 0.0716625 0.0720075 0.0715125 0.0711975 0.0726225 0.07272 0.0742575 0.075495 0.0770175 0.08187 0.0855225 0.0903525 0.09462 0.102472 0.10929 0.122692 0.132487 0.153727 0.1794 0.216892 0.282847 0.420397 10.75 
0.29307 0.128587 0.102615 0.08868 0.08214 0.0779925 0.076035 0.0725325 0.070695 0.0715125 0.072315 0.0724275 0.07398 0.0759975 0.0786975 0.0800025 0.08418 0.0877575 0.09285 0.100282 0.106252 0.115425 0.126892 0.14286 0.163282 0.19053 0.234367 0.301755 0.461632 9.29266 
0.28233 0.120172 0.0979875 0.08589 0.0785475 0.07374 0.0713625 0.0705675 0.0698925 0.0698175 0.067785 0.0708675 0.0717525 0.0720225 0.074415 0.07818 0.08079 0.08562 0.08997 0.0979725 0.102795 0.112957 0.126217 0.142732 0.161955 0.189195 0.234667 0.31053 0.470055 8.00965 
0.260677 0.111735 0.0917175 0.07896 0.075 0.0706125 0.0665025 0.06513 0.0649875 0.0641925 0.0649875 0.065505 0.0668325 0.0669825 0.0713775 0.07308 0.0795375 0.08217 0.0855225 0.09303 0.0985125 0.109425 0.119055 0.135615 0.154567 0.185497 0.228135 0.29979 0.460275 6.88268 
0.238267 0.103957 0.082605 0.0725625 0.066975 0.0637125 0.06117 0.0598425 0.0605775 0.0590625 0.0609525 0.06144 0.0622725 0.0638625 0.065865 0.06873 0.070755 0.0762 0.080295 0.0854175 0.0936825 0.100312 0.111255 0.12774 0.145995 0.17229 0.215182 0.287745 0.439102 5.9097 
0.217065 0.093705 0.0742875 0.065625 0.06111 0.05688 0.054825 0.0544725 0.0552975 0.05511 0.05451 0.056535 0.05559 0.0584025 0.060135 0.061845 0.064995 0.070515 0.072855 0.0778125 0.0852075 0.094215 0.10323 0.114832 0.134385 0.159112 0.200662 0.266617 0.41388 5.08535 
0.191025 0.083955 0.0663675 0.05907 0.0534675 0.0507975 0.050355 0.04848 0.0496425 0.0483375 0.048825 0.04899 0.0501 0.05136 0.05409 0.05574 0.0592275 0.063435 0.066165 0.07125 0.077415 0.084555 0.0946275 0.107872 0.123045 0.14715 0.184957 0.24756 0.380197 4.36576 
0.169747 0.0753 0.0594225 0.0525225 0.0486225 0.045225 0.04485 0.04344 0.0426975 0.0437475 0.0436725 0.043875 0.0453 0.046275 0.04974 0.0497925 0.05226 0.05586 0.059325 0.0653325 0.0695625 0.075315 0.0855975 0.0954675 0.110317 0.134355 0.16683 0.222337 0.348225 3.72978 
0.149565 0.0652725 0.0519975 0.04569 0.04287 0.0409275 0.040065 0.039135 0.0382425 0.03825 0.038025 0.03927 0.04005 0.040755 0.0426375 0.0441675 0.04623 0.04884 0.0528375 0.0563025 0.06219 0.0690675 0.0742275 0.085905 0.102442 0.119475 0.148627 0.203917 0.312712 3.19621 
0.131475 0.05748 0.04629 0.0405975 0.0384225 0.0359025 0.0342975 0.033675 0.033255 0.033795 0.03348 0.03423 0.0362175 0.037335 0.037155 0.03933 0.041175 0.043725 0.0471 0.0502875 0.055095 0.060525 0.068625 0.077685 0.0883125 0.109507 0.13401 0.181057 0.28422 2.72353 
0.11526 0.050235 0.04023 0.0349125 0.0334425 0.031875 0.0300075 0.02916 0.0295725 0.0287925 0.029535 0.029655 0.0307575 0.0321075 0.0330075 0.0351975 0.036885 0.038295 0.0420375 0.044475 0.0487425 0.053745 0.0606225 0.0692175 0.07851 0.0963075 0.119812 0.162682 0.252292 2.32726 
0.099405 0.0434475 0.0351375 0.03126 0.0283875 0.0270375 0.0258675 0.025845 0.0249 0.0252825 0.026055 0.0269925 0.0266625 0.027735 0.0295575 0.02964 0.0314175 0.0342525 0.0362775 0.03888 0.0428925 0.047535 0.052245 0.0609975 0.0694875 0.08319 0.105412 0.14562 0.22644 1.98509 
0.087075 0.0376125 0.0290025 0.0263175 0.0252 0.0236025 0.023325 0.022545 0.022635 0.0224025 0.022245 0.02355 0.0232725 0.02493 0.0257925 0.0266625 0.0285825 0.0304725 0.03258 0.0345525 0.0376725 0.0415725 0.047445 0.0521025 0.0605475 0.07467 0.093615 0.125925 0.20082 1.70953 
0.07629 0.032835 0.0270825 0.0234 0.021435 0.020565 0.0201375 0.0195225 0.0199275 0.0203475 0.01899 0.0202875 0.0203475 0.021045 0.0215775 0.02346 0.0257475 0.025725 0.02805 0.02895 0.032745 0.0356625 0.0411975 0.0474075 0.0547425 0.06447 0.0819675 0.11067 0.176287 1.45179 
0.06546 0.0285975 0.022425 0.0206025 0.0185925 0.0177825 0.01728 0.0174225 0.0171075 0.016815 0.0167625 0.017295 0.0176625 0.0182625 0.01863 0.020625 0.021855 0.0229125 0.0240975 0.02619 0.02871 0.0322125 0.0352575 0.040785 0.047325 0.057495 0.07125 0.0988125 0.155055 1.23798 
0.0556425 0.0251025 0.0196875 0.018015 0.0158175 0.0152625 0.01467 0.0151125 0.0149475 0.014625 0.0147375 0.014655 0.01515 0.0158475 0.01635 0.01701 0.0187875 0.0196275 0.02106 0.02202 0.02523 0.02811 0.03099 0.0351525 0.041925 0.050475 0.0620775 0.087285 0.137085 1.05049 
0.04773 0.020925 0.0172125 0.015435 0.01395 0.0135525 0.0130575 0.0129675 0.0124875 0.0132675 0.0131625 0.0131625 0.0138675 0.0134175 0.0145875 0.0149775 0.0162675 0.017325 0.0189075 0.020445 0.0210675 0.0244275 0.026925 0.030585 0.0354 0.04365 0.0555 0.0752775 0.119062 0.893947 
0.0420225 0.0180525 0.01482 0.0127275 0.012225 0.011415 0.011835 0.0107625 0.0111675 0.0105225 0.011385 0.0108225 0.01176 0.01119 0.01278 0.013455 0.0135375 0.0143775 0.0165 0.0169425 0.01923 0.020715 0.0232275 0.02658 0.0319575 0.03831 0.04794 0.0666075 0.104767 0.763837 
0.036285 0.014835 0.0128175 0.0110925 0.0102675 0.00942 0.0096225 0.00921 0.009375 0.009795 0.009165 0.009735 0.0100875 0.0102975 0.010845 0.01152 0.0119625 0.0122625 0.0138675 0.01452 0.016455 0.01797 0.0209025 0.022515 0.02778 0.032835 0.0415425 0.0567675 0.0900675 0.648442 
0.03231 0.0135975 0.010995 0.0098925 0.0089925 0.0083925 0.008235 0.008265 0.0082575 0.008055 0.0081375 0.008625 0.009075 0.0090075 0.009195 0.0095625 0.0105975 0.0116475 0.0119175 0.0130425 0.0143325 0.0166575 0.017505 0.02061 0.0238425 0.0280725 0.0365025 0.050265 0.0799875 0.548535 
0.0259725 0.0111 0.0093525 0.0082725 0.0075225 0.00744 0.00678 0.007125 0.0068475 0.0069075 0.007125 0.007035 0.007275 0.0080025 0.0078825 0.0083625 0.0091275 0.00966 0.0101025 0.0105675 0.012345 0.013635 0.0151575 0.0173175 0.0201525 0.02484 0.030675 0.0435 0.0684825 0.473917 
0.0228 0.01035 0.00798 0.007425 0.0063675 0.0060225 0.0065175 0.006015 0.0063375 0.00585 0.0056475 0.00573 0.006285 0.0069825 0.0067275 0.00699 0.0079575 0.0086475 0.00855 0.0096525 0.0105975 0.01206 0.0132075 0.0148575 0.017955 0.021165 0.027315 0.0379725 0.05976 0.39831 
0.0196125 0.0086775 0.0071025 0.0065475 0.0051375 0.005295 0.0053175 0.005145 0.00537 0.005475 0.0053625 0.0057375 0.005535 0.00609 0.00564 0.0060825 0.006585 0.0071175 0.00756 0.0081075 0.0085425 0.01002 0.011715 0.01341 0.0154875 0.01794 0.0236025 0.0330975 0.0522825 0.341535 
0.0175875 0.00759 0.00525 0.0054525 0.00471 0.0044625 0.004455 0.0046875 0.0045 0.004035 0.00453 0.00459 0.005085 0.0048975 0.0047325 0.005415 0.0056625 0.006 0.0068025 0.00696 0.007935 0.008655 0.00957 0.0112725 0.0131175 0.0159825 0.0207825 0.0276375 0.0447975 0.28839 
0.0144675 0.0065925 0.0052575 0.0044775 0.0042825 0.003945 0.00399 0.003825 0.00369 0.0038325 0.0039525 0.003945 0.00393 0.00438 0.00417 0.0044775 0.0047625 0.0050625 0.0053475 0.0060825 0.0068325 0.00714 0.007905 0.00915 0.0115875 0.01395 0.0172575 0.024465 0.03819 0.242445 
0.012495 0.0054825 0.004755 0.0037725 0.003525 0.0033975 0.0035925 0.00345 0.002895 0.0034575 0.0030525 0.0033075 0.0034875 0.00369 0.00393 0.00378 0.00399 0.004575 0.0047025 0.0054525 0.0058875 0.0063375 0.0074475 0.0086625 0.0099975 0.0118575 0.015315 0.0207525 0.0333 0.210472 
0.01089 0.004965 0.0041775 0.0031875 0.0031875 0.003075 0.00315 0.00303 0.0029475 0.0029475 0.0028575 0.00294 0.00327 0.003315 0.003405 0.0035025 0.00342 0.00405 0.004155 0.00459 0.00495 0.0053775 0.0058725 0.0072675 0.0084225 0.01011 0.01317 0.0178575 0.02895 0.176737 
0.0092325 0.00435 0.0031725 0.0029925 0.0026775 0.002685 0.002265 0.0024225 0.0023025 0.0023175 0.0026625 0.0024525 0.00249 0.0026475 0.0026325 0.00306 0.0032175 0.0031875 0.0037875 0.003795 0.00399 0.004605 0.0051 0.006255 0.0069675 0.00927 0.01107 0.015645 0.0252375 0.152902 
0.0077775 0.0033 0.002655 0.00198 0.0021825 0.0020475 0.0022125 0.0018075 0.00183 0.0020475 0.0021 0.0022875 0.0020925 0.00225 0.0021375 0.002325 0.002655 0.0028125 0.0028425 0.0032925 0.0037425 0.00384 0.0048225 0.005295 0.0063225 0.0075375 0.0096 0.0131025 0.022275 0.1275 
0.006585 0.0033 0.0023025 0.002025 0.00192 0.0018 0.001665 0.0017625 0.00162 0.001665 0.001785 0.0018825 0.0019275 0.00192 0.0020475 0.00207 0.002265 0.00285 0.002835 0.00297 0.003315 0.0035175 0.0036375 0.0046275 0.00561 0.00669 0.0084225 0.01116 0.0178725 0.108877 
0.0056925 0.002535 0.0018825 0.001785 0.00159 0.0015975 0.0015375 0.0013875 0.001575 0.001485 0.0015675 0.0018375 0.0014775 0.00138 0.001785 0.0017925 0.00192 0.002055 0.002415 0.0023175 0.0023475 0.0030975 0.0032325 0.003825 0.0044775 0.0056025 0.0070575 0.01014 0.0157875 0.0909 
0.004785 0.00198 0.001695 0.001395 0.0013425 0.00135 0.00138 0.001305 0.0013275 0.001365 0.0012 0.0013575 0.0013725 0.0014325 0.00147 0.0016725 0.0017025 0.001815 0.0019875 0.002235 0.00222 0.0026925 0.0027675 0.00333 0.0039525 0.0049875 0.006045 0.008145 0.013635 0.0789075 
0.0040725 0.0018075 0.00138 0.001215 0.00117 0.0011625 0.0013725 0.00105 0.0011175 0.000975 0.000975 0.001245 0.0011325 0.0012075 0.0012525 0.00123 0.00135 0.001515 0.0015975 0.0017025 0.0021075 0.0021525 0.002295 0.0030375 0.0034125 0.004185 0.00507 0.00744 0.0114975 0.0669975 
0.003525 0.0015975 0.0012975 0.0012675 0.00102 0.001035 0.00099 0.000975 0.0008775 0.00084 0.000945 0.00087 0.0008925 0.0010125 0.00114 0.0011625 0.0012825 0.0013725 0.0015825 0.0015675 0.0017475 0.001695 0.0019875 0.00246 0.00291 0.00333 0.0042225 0.0063975 0.010185 0.055995 
0.00297 0.0013125 0.001035 0.000885 0.0008775 0.00072 0.0008175 0.000855 0.00093 0.0007575 0.000855 0.0007125 0.000885 0.0009375 0.0009675 0.0010875 0.0009975 0.001005 0.0011775 0.001395 0.00153 0.0016125 0.001635 0.0020925 0.0024525 0.003 0.0036375 0.005415 0.0088425 0.048165 
0.002445 0.0009675 0.000765 0.00072 0.0007425 0.00075 0.000855 0.0006825 0.0007275 0.000705 0.0007275 0.0007725 0.000585 0.0009 0.00075 0.00078 0.0009975 0.001155 0.000915 0.001245 0.001245 0.00147 0.001485 0.0017775 0.00231 0.0026175 0.003315 0.00477 0.007815 0.0394725 
0.00219 0.0010875 0.00075 0.0005925 0.0006075 0.00072 0.00066 0.0005475 0.00063 0.000585 0.000495 0.0006525 0.00075 0.0006975 0.0006825 0.00066 0.0007725 0.000885 0.0007725 0.00093 0.00108 0.0011925 0.0013575 0.0015 0.0017175 0.0021975 0.002655 0.0040575 0.0065475 0.03453 
0.0017175 0.0008475 0.0006675 0.000555 0.0006375 0.0004125 0.0005175 0.0004875 0.000405 0.0004875 0.000555 0.00036 0.000555 0.0005175 0.0005475 0.0005925 0.0006825 0.00072 0.000825 0.000945 0.0008775 0.0009375 0.00102 0.0012975 0.0015675 0.0020625 0.0024975 0.00336 0.0054975 0.028875 
0.0018675 0.0006675 0.00051 0.0004875 0.0003975 0.00042 0.0004875 0.00033 0.000315 0.0004425 0.0003375 0.00036 0.000435 0.00048 0.000555 0.0005325 0.000525 0.000705 0.0006075 0.00054 0.00075 0.0008325 0.0008325 0.0012 0.001215 0.0015375 0.0019875 0.0028875 0.0048 0.023985 
0.0014175 0.00069 0.0004275 0.0002925 0.0003975 0.0003375 0.000285 0.00036 0.0003075 0.0002775 0.000405 0.00039 0.0003675 0.00045 0.0004425 0.0004275 0.000495 0.000555 0.0005475 0.0005025 0.0005475 0.000825 0.00084 0.00099 0.00099 0.00129 0.0018375 0.00234 0.0038775 0.020175 
0.0012 0.0003825 0.0005625 0.000525 0.000345 0.00027 0.00039 0.00036 0.00021 0.000315 0.0002475 0.0003825 0.0003075 0.000315 0.0003675 0.0003525 0.00042 0.0004125 0.0004725 0.00042 0.0004575 0.0006375 0.00078 0.00087 0.0010125 0.001425 0.0015 0.0020625 0.0034275 0.01776 
0.0010875 0.000315 0.0002475 0.00033 0.000285 0.0003225 0.0002325 0.0002325 0.0001725 0.0003 0.0002925 0.0002175 0.0002475 0.0003525 0.00027 0.00036 0.00033 0.0003225 0.000315 0.00045 0.000405 0.000525 0.0006675 0.0007275 0.000705 0.00102 0.0013575 0.00192 0.0030525 0.0146925 
0.00075 0.000345 0.0003075 0.0002625 0.000225 0.0002475 0.0002325 0.0002325 0.0002175 0.00015 0.000195 0.0002175 0.0001725 0.0002475 0.000285 0.00018 0.000315 0.000255 0.0002625 0.0003225 0.000495 0.000405 0.000585 0.0006375 0.0007425 0.0008325 0.00123 0.001455 0.0024975 0.012675 
0.00066 0.000345 0.00024 0.0002775 0.0002175 0.00018 0.00018 0.0002025 0.0001725 0.0002025 0.0001425 0.0002025 0.00021 0.00018 0.0002325 0.0001575 0.0003225 0.0001725 0.0003225 0.0003675 0.0002625 0.0003975 0.000405 0.0003975 0.000555 0.0007425 0.0009825 0.001155 0.00204 0.0106875 
0.0005775 0.0003 0.0002325 0.0001725 0.0001425 0.00018 0.0001725 0.000225 0.00015 0.0001425 0.000135 0.00015 0.000195 0.0001875 0.0002175 0.0001575 0.0002475 0.00033 0.0002325 0.0002625 0.000345 0.000285 0.00048 0.000435 0.00048 0.0007125 0.0007875 0.0011625 0.0015975 0.009285 
0.000585 0.00024 0.000105 0.000165 0.0001575 0.000135 0.000105 9.75e-05 0.00015 0.0001275 0.0001875 9.75e-05 0.0001575 0.00015 0.00021 0.00024 0.00021 0.0001425 0.00021 0.0002025 0.00027 0.00027 0.000285 0.00039 0.0003975 0.000585 0.000645 0.00102 0.0017175 0.00777 
0.000405 0.00021 0.0001275 0.0001725 0.0001125 0.0001125 0.0001575 7.5e-05 0.000135 0.00012 0.000135 9.75e-05 0.00015 0.00012 0.0001575 0.00015 0.0001125 0.0001425 0.0001725 0.000195 0.0001725 0.0002025 0.0003225 0.000225 0.000405 0.0004425 0.000495 0.00072 0.0013275 0.00654 
0.0004425 0.0002175 9.75e-05 7.5e-05 0.0001125 9e-05 9.75e-05 0.00015 7.5e-05 0.000105 4.5e-05 9e-05 0.00012 9e-05 0.0001275 0.0001875 0.0001575 0.000105 0.0001275 0.0001575 0.00015 0.00024 0.0002475 0.000255 0.0003 0.0003825 0.0005475 0.000675 0.00102 0.005685 
0.0003075 0.0001725 0.00015 0.000105 7.5e-05 8.25e-05 6.75e-05 0.0001125 9e-05 6e-05 8.25e-05 9.75e-05 7.5e-05 8.25e-05 0.0001275 0.0001275 0.000135 0.000135 0.0001125 0.0001875 0.0001725 0.000195 0.0001725 0.000225 0.0002325 0.00027 0.00039 0.0004575 0.001005 0.00474 
0.00021 9e-05 7.5e-05 0.0001275 5.25e-05 6e-05 6.75e-05 6e-05 6e-05 3.75e-05 4.5e-05 8.25e-05 6e-05 8.25e-05 9e-05 6.75e-05 6e-05 8.25e-05 0.0001125 0.00012 0.0001125 7.5e-05 0.000105 0.0002025 0.0002475 0.0003075 0.0002925 0.000465 0.0008475 0.0038025 
0.0001575 9e-05 4.5e-05 0.0001125 4.5e-05 6e-05 3e-05 3.75e-05 4.5e-05 3e-05 6e-05 6.75e-05 9.75e-05 0.000105 3e-05 6.75e-05 6e-05 0.000135 9e-05 0.000105 0.000105 8.25e-05 6.75e-05 0.000135 0.0001725 0.0002775 0.000315 0.0003675 0.0007125 0.00333 
0.0002175 3e-05 6.75e-05 6.75e-05 5.25e-05 9e-05 4.5e-05 6.75e-05 3e-05 5.25e-05 6e-05 4.5e-05 6.75e-05 5.25e-05 5.25e-05 6e-05 7.5e-05 4.5e-05 6.75e-05 6e-05 9e-05 0.000105 0.000135 0.0001125 0.00015 0.0002325 0.000195 0.00027 0.000465 0.002925 
0.000195 5.25e-05 9.75e-05 8.25e-05 7.5e-05 6.75e-05 6e-05 2.25e-05 7.5e-05 3.75e-05 4.5e-05 3e-05 5.25e-05 5.25e-05 4.5e-05 4.5e-05 3.75e-05 6e-05 7.5e-05 6e-05 8.25e-05 4.5e-05 0.0001275 9e-05 0.00015 0.00012 0.0001575 0.0002775 0.0004725 0.00228 
0.00012 3.75e-05 6e-05 6.75e-05 4.5e-05 5.25e-05 6e-05 3.75e-05 3.75e-05 3.75e-05 3e-05 3.75e-05 3e-05 4.5e-05 3.75e-05 6.75e-05 6e-05 3.75e-05 3e-05 7.5e-05 6e-05 6.75e-05 0.0001275 6e-05 7.5e-05 0.0001725 0.00018 0.0002175 0.0003375 0.00213 
9e-05 5.25e-05 3e-05 6e-05 2.25e-05 3e-05 4.5e-05 2.25e-05 5.25e-05 7.5e-06 1.5e-05 7.5e-05 1.5e-05 4.5e-05 3e-05 3.75e-05 3e-05 2.25e-05 2.25e-05 6.75e-05 5.25e-05 6.75e-05 7.5e-05 6.75e-05 0.000105 0.000135 0.0001275 0.0002025 0.000315 0.0015375 
0.00018 3.75e-05 4.5e-05 1.5e-05 3e-05 0 4.5e-05 3e-05 4.5e-05 1.5e-05 6.75e-05 4.5e-05 3.75e-05 6e-05 5.25e-05 5.25e-05 3e-05 6e-05 3e-05 5.25e-05 4.5e-05 5.25e-05 6e-05 8.25e-05 6e-05 0.0001125 0.0001575 0.0002175 0.000255 0.0014775 
0.0001275 6e-05 4.5e-05 3.75e-05 7.5e-06 2.25e-05 2.25e-05 1.5e-05 4.5e-05 0 7.5e-06 4.5e-05 1.5e-05 1.5e-05 3.75e-05 3.75e-05 3e-05 3e-05 2.25e-05 2.25e-05 2.25e-05 6.75e-05 3.75e-05 6.75e-05 6e-05 9e-05 0.000195 0.0001275 0.0002175 0.0013275 
3.75e-05 3e-05 2.25e-05 1.5e-05 7.5e-06 4.5e-05 3.75e-05 2.25e-05 7.5e-06 3e-05 2.25e-05 3e-05 3e-05 0 2.25e-05 3e-05 7.5e-06 1.5e-05 3.75e-05 2.25e-05 5.25e-05 2.25e-05 7.5e-06 1.5e-05 6e-05 0.000105 9e-05 0.0001275 0.00021 0.001005 
1.5e-05 3.75e-05 2.25e-05 2.25e-05 4.5e-05 3e-05 7.5e-06 1.5e-05 7.5e-06 1.5e-05 2.25e-05 1.5e-05 2.25e-05 7.5e-06 1.5e-05 1.5e-05 0 2.25e-05 0 4.5e-05 3e-05 1.5e-05 5.25e-05 7.5e-05 7.5e-05 7.5e-05 7.5e-05 0.000105 0.000135 0.000825 
3.75e-05 2.25e-05 2.25e-05 3.75e-05 1.5e-05 0 7.5e-06 0 7.5e-06 1.5e-05 1.5e-05 2.25e-05 7.5e-06 2.25e-05 7.5e-06 2.25e-05 3.75e-05 1.5e-05 3.75e-05 3e-05 2.25e-05 3.75e-05 1.5e-05 6e-05 2.25e-05 5.25e-05 4.5e-05 6.75e-05 0.000255 0.0007425 
2.25e-05 3.75e-05 1.5e-05 1.5e-05 2.25e-05 0 0 1.5e-05 1.5e-05 1.5e-05 7.5e-06 7.5e-06 3.75e-05 1.5e-05 3.75e-05 1.5e-05 4.5e-05 7.5e-06 2.25e-05 7.5e-06 7.5e-06 1.5e-05 2.25e-05 2.25e-05 2.25e-05 3e-05 3e-05 7.5e-05 0.0001425 0.0006525 
2.25e-05 2.25e-05 1.5e-05 0 7.5e-06 7.5e-06 1.5e-05 1.5e-05 2.25e-05 0 1.5e-05 7.5e-06 7.5e-06 7.5e-06 0 2.25e-05 0 7.5e-06 3e-05 3e-05 3e-05 3.75e-05 1.5e-05 2.25e-05 1.5e-05 2.25e-05 3.75e-05 8.25e-05 0.0001275 0.0005025 
3e-05 3e-05 2.25e-05 0 0 0 1.5e-05 0 0 7.5e-06 7.5e-06 0 1.5e-05 7.5e-06 7.5e-06 0 0 2.25e-05 7.5e-06 1.5e-05 0 0 7.5e-06 2.25e-05 2.25e-05 3.75e-05 8.25e-05 3e-05 0.0001425 0.0004575 
4.5e-05 7.5e-06 1.5e-05 7.5e-06 1.5e-05 0 0 0 7.5e-06 0 0 7.5e-06 7.5e-06 7.5e-06 7.5e-06 7.5e-06 7.5e-06 0 3e-05 0 2.25e-05 1.5e-05 7.5e-06 7.5e-06 3.75e-05 3e-05 3e-05 4.5e-05 0.000105 0.000345 
1.5e-05 0 7.5e-06 0 7.5e-06 0 0 7.5e-06 0 0 0 0 7.5e-06 7.5e-06 0 0 0 0 2.25e-05 0 7.5e-06 7.5e-06 3e-05 0 0 0 3.75e-05 4.5e-05 7.5e-05 0.000405 
1.5e-05 7.5e-06 0 1.5e-05 7.5e-06 0 7.5e-06 7.5e-06 7.5e-06 0 0 1.5e-05 0 7.5e-06 0 0 7.5e-06 7.5e-06 0 0 0 1.5e-05 0 1.5e-05 1.5e-05 7.5e-06 3e-05 7.5e-06 6.75e-05 0.000195 
2.25e-05 0 7.5e-06 7.5e-06 0 1.5e-05 7.5e-06 2.25e-05 0 0 0 7.5e-06 7.5e-06 0 7.5e-06 0 1.5e-05 7.5e-06 0 1.5e-05 7.5e-06 1.5e-05 2.25e-05 0 4.5e-05 0 3.75e-05 1.5e-05 3e-05 0.00015 
1.5e-05 0 0 0 0 0 0 7.5e-06 7.5e-06 7.5e-06 7.5e-06 0 0 1.5e-05 0 7.5e-06 7.5e-06 1.5e-05 0 7.5e-06 0 0 0 7.5e-06 3e-05 0 3.75e-05 3e-05 9e-05 0.00018 
0 0 0 0 7.5e-06 0 0 0 7.5e-06 0 7.5e-06 0 0 7.5e-06 0 0 7.5e-06 0 7.5e-06 0 0 7.5e-06 0 1.5e-05 1.5e-05 0 3e-05 3.75e-05 2.25e-05 0.00015 
7.5e-06 0 0 0 0 0 0 7.5e-06 0 0 0 7.5e-06 0 7.5e-06 0 0 0 7.5e-06 7.5e-06 0 0 0 7.5e-06 7.5e-06 0 0 7.5e-06 2.25e-05 2.25e-05 8.25e-05 
7.5e-06 7.5e-06 0 0 0 0 0 0 0 7.5e-06 7.5e-06 0 0 0 7.5e-06 0 7.5e-06 7.5e-06 0 7.5e-06 0 7.5e-06 0 0 7.5e-06 7.5e-06 3.75e-05 1.5e-05 2.25e-05 0.000165 
0 0 0 0 0 0 0 0 0 0 0 7.5e-06 0 0 0 0 0 7.5e-06 0 7.5e-06 0 0 7.5e-06 7.5e-06 0 0 0 4.5e-05 1.5e-05 0.00012 
0 0 0 0 0 7.5e-06 0 0 0 0 0 0 0 0 0 0 0 0 0 0 0 0 0 0 7.5e-06 7.5e-06 7.5e-06 2.25e-05 6e-05 0.00012 
0 0 0 0 0 0 0 7.5e-06 0 0 0 7.5e-06 0 0 0 0 0 0 0 7.5e-06 0 0 0 7.5e-06 0 0 7.5e-06 7.5e-06 1.5e-05 7.5e-05 
0 0 0 0 0 0 0 0 0 0 0 0 0 0 0 0 0 7.5e-06 0 7.5e-06 7.5e-06 0 0 0 7.5e-06 7.5e-06 1.5e-05 7.5e-06 3e-05 3.75e-05 
0 0 0 0 0 0 0 0 0 0 0 7.5e-06 0 0 0 0 0 0 0 0 0 7.5e-06 0 7.5e-06 0 7.5e-06 7.5e-06 7.5e-06 1.5e-05 5.25e-05 
0 0 7.5e-06 0 0 0 0 0 0 0 0 0 0 0 0 0 0 0 1.5e-05 0 0 0 0 0 2.25e-05 7.5e-06 0 1.5e-05 1.5e-05 4.5e-05 
0 0 0 0 0 0 0 0 7.5e-06 0 7.5e-06 0 0 0 7.5e-06 0 7.5e-06 0 0 0 0 0 0 0 0 0 7.5e-06 0 1.5e-05 5.25e-05 
0 0 0 0 0 0 0 0 0 0 0 0 0 0 0 0 0 0 0 0 0 0 7.5e-06 7.5e-06 0 0 0 0 0 3e-05 
0 0 0 0 0 0 0 0 0 0 7.5e-06 0 0 0 0 0 0 0 0 0 0 0 0 0 0 0 1.5e-05 7.5e-06 0 1.5e-05 
0 0 0 0 0 0 0 0 0 0 0 0 0 0 0 0 0 0 0 0 0 0 0 0 0 0 0 7.5e-06 0 1.5e-05 
0 0 0 0 0 0 0 0 0 0 0 0 0 0 0 0 0 0 7.5e-06 0 0 0 0 0 7.5e-06 0 0 0 0 7.5e-06 
0 0 0 0 0 0 0 0 0 0 0 0 0 0 0 0 0 0 0 0 0 0 0 0 0 0 0 0 0 0 
0 0 0 0 0 0 0 0 0 0 0 0 0 0 0 0 0 0 0 7.5e-06 0 0 0 0 0 0 0 0 7.5e-06 7.5e-06 
0 0 0 0 0 0 0 0 0 0 0 0 0 0 0 0 0 0 0 7.5e-06 0 0 0 0 0 0 0 0 0 0 
0 0 0 7.5e-06 0 7.5e-06 0 0 0 0 0 0 0 0 0 0 0 0 0 0 0 0 0 0 0 0 0 0 0 1.5e-05 
0 0 0 0 0 0 0 0 0 0 7.5e-06 0 0 7.5e-06 0 0 0 0 0 0 0 0 0 0 0 0 0 7.5e-06 0 0 
0 0 0 0 0 0 0 0 0 0 0 0 0 0 0 0 0 0 0 0 0 0 0 7.5e-06 0 0 0 0 0 0 
0 0 0 0 0 0 0 0 0 0 0 0 0 0 0 0 0 0 0 0 0 0 0 0 0 0 0 0 0 1.5e-05 
0 0 0 0 0 0 0 0 0 0 0 0 0 0 0 7.5e-06 0 0 0 0 0 0 0 0 0 0 7.5e-06 0 7.5e-06 0 
7.5e-06 0 0 0 0 0 0 0 0 7.5e-06 7.5e-06 0 0 0 0 0 0 0 0 7.5e-06 0 0 0 0 0 0 0 0 7.5e-06 0 
0 0 0 0 0 0 7.5e-06 0 0 0 0 0 0 0 0 0 0 0 0 0 0 0 0 0 0 0 0 0 0 7.5e-06 
0 0 0 0 0 0 0 0 0 0 0 0 0 0 0 0 0 0 0 0 0 0 0 0 0 0 0 0 7.5e-06 7.5e-06 
0 0 0 0 0 0 0 0 0 0 0 0 0 0 0 0 0 0 0 0 0 0 0 0 0 0 0 0 0 0 
0 0 0 0 0 0 0 0 0 0 0 0 0 0 0 0 0 0 0 0 0 0 0 0 0 0 0 0 0 0 
0 0 0 0 0 0 0 0 0 0 0 0 0 0 0 0 0 0 0 0 0 0 0 0 0 0 0 0 0 7.5e-06 
0 0 0 0 0 0 0 0 0 0 0 0 0 0 0 0 0 0 0 0 0 0 0 0 0 0 0 0 0 0 
0 0 0 0 0 0 0 0 0 0 0 0 0 0 0 0 0 0 0 0 0 0 0 0 0 0 0 0 0 0 
0 0 0 0 0 0 0 0 0 0 0 0 0 0 0 0 0 0 0 0 0 0 0 0 0 0 0 0 0 0 
0 0 0 0 0 0 0 0 0 0 0 0 0 0 0 0 0 0 0 0 0 0 0 0 0 0 0 0 7.5e-06 0 
0 0 0 0 0 0 0 0 0 0 0 0 0 0 0 0 0 0 0 0 0 0 0 0 0 0 0 7.5e-06 0 0 
0 0 0 0 0 0 0 0 0 0 0 0 0 0 0 0 0 0 0 0 0 0 0 0 0 0 0 0 0 0 
0 0 0 0 0 0 0 0 0 0 0 0 0 0 0 0 0 0 0 0 0 0 0 0 0 0 0 0 0 0 
0 0 0 0 0 0 0 0 0 0 0 0 0 0 0 0 0 0 0 0 0 0 0 0 0 0 0 0 0 0 
0 0 0 0 0 0 0 0 0 0 0 0 0 0 0 0 0 0 0 0 0 0 0 0 0 0 0 0 0 0 
0 0 0 0 0 0 0 0 0 0 0 0 0 0 0 0 0 0 0 0 0 0 0 0 0 0 0 0 0 0 
0 0 0 0 0 0 0 0 0 0 0 0 0 0 0 0 0 0 0 0 0 0 7.5e-06 0 0 0 0 0 0 0 
0 0 0 0 0 0 0 0 0 0 0 0 0 0 0 0 0 0 0 0 0 0 0 0 0 0 0 0 0 0 
0 0 0 0 0 0 0 0 0 0 0 0 0 0 0 0 0 0 0 0 0 0 0 0 0 0 0 0 0 0 
0 0 0 0 0 0 0 0 0 0 0 0 0 0 0 0 0 0 0 0 0 0 0 0 0 0 0 0 0 0 
0 0 0 0 0 0 0 0 0 0 0 0 0 0 0 0 0 0 0 0 0 0 0 0 0 0 0 0 0 0 
0 0 0 0 0 0 0 0 0 0 0 0 0 0 0 0 0 0 0 0 0 0 0 0 0 0 0 0 0 0 
0 0 0 0 0 0 0 0 0 0 0 0 0 0 0 0 0 0 0 0 0 0 0 0 0 0 0 0 0 0 
0 0 0 0 0 0 0 0 0 0 0 0 0 0 0 0 0 0 0 0 0 0 0 0 0 0 0 0 0 0 
0 0 0 0 0 0 0 0 0 0 0 0 0 0 0 0 0 0 0 0 0 0 0 0 0 0 0 0 0 0 
0 0 0 0 0 0 0 0 0 0 0 0 0 0 0 0 0 0 0 0 0 0 0 0 0 0 0 0 0 0 
0 0 0 0 0 0 0 0 0 0 0 0 0 0 0 0 0 0 0 0 0 0 0 0 0 0 0 0 0 0 
0 0 0 0 0 0 0 0 0 0 0 0 0 0 0 0 0 0 0 0 0 0 0 0 0 0 0 0 0 0 
0 0 0 0 0 0 0 0 0 0 0 0 0 0 0 0 0 0 0 0 0 0 0 0 0 0 0 0 0 0 
0 0 0 0 0 0 0 0 0 0 0 0 0 0 0 0 0 0 0 0 0 0 0 0 0 0 0 0 0 0 
0 0 0 0 0 0 0 0 0 0 0 0 0 0 0 0 0 0 0 0 0 0 0 0 0 0 0 0 0 0 
0 0 0 0 0 0 0 0 0 0 0 0 0 0 0 0 0 0 0 0 0 0 0 0 0 0 0 0 0 0 
0 0 0 0 0 0 0 0 0 0 0 0 0 0 0 0 0 0 0 0 0 0 0 0 0 0 0 0 0 0 
0 0 0 0 0 0 0 0 0 0 0 0 0 0 0 0 0 0 0 0 0 0 0 0 0 0 0 0 0 0 
