Infintie flatland isotropic point source isotropic scattering exponential random flight, mu_t = 3
Analogmu_t c: 0.999 mu_t: 3 maxr: 8.33333 dr: 0.0666667 du: 0.0666667 numsamples: 316544 numCollisionOrders: 50 numMoments: 5
CollisionDensity:
5.42986 9.33562 12.7329 15.6982 18.5007 21.0626 23.4454 25.583 27.6827 29.559 31.5127 33.2178 34.7933 36.4468 37.8222 39.1067 40.478 41.7327 42.9908 44.0418 45.1759 46.1171 47.0995 48.0272 48.8833 49.6555 50.4863 51.2811 52.0082 52.601 53.3663 53.9515 54.5623 55.053 55.6083 56.1611 56.6495 57.0191 57.656 57.9172 58.2808 58.6376 58.905 59.2211 59.5704 59.8144 60.1411 60.3519 60.6547 60.7461 61.0535 61.2596 61.3531 61.5828 61.6924 61.7197 61.8633 62.0152 62.2005 62.2101 62.294 62.4725 62.3961 62.5531 62.3743 62.481 62.5014 62.5147 62.5559 62.5003 62.434 62.2795 62.1892 62.1966 62.1826 62.0855 62.0485 61.9472 61.7661 61.6684 61.6402 61.6702 61.4661 61.3723 61.1285 60.9748 60.8951 60.778 60.6698 60.5909 60.3627 60.1241 60.0544 59.9123 59.8226 59.5517 59.3604 59.1338 59.0996 58.7917 58.6085 58.533 58.2798 58.0599 57.8808 57.7756 57.45 57.2141 56.9631 56.7519 56.6338 56.3481 56.0678 55.9619 55.7828 55.505 55.3313 55.0477 54.8558 54.8036 54.4952 54.3249 54.1355 53.809 8392.21 
Density Moments:
1001.96 11754.7 223438 5.88228e+06 1.9765e+08 
Per-collision Density Moments:
0 0 0 0 0 
1 0.333816 0.223167 0.223923 0.299418 
0.999002 0.523696 0.445404 0.526369 0.797533 
0.998007 0.665773 0.665725 0.887912 1.48381 
0.997008 0.783712 0.88771 1.3099 2.38124 
0.996114 0.885694 1.10734 1.77336 3.45425 
0.9951 0.976898 1.32511 2.27155 4.68525 
0.994055 1.06069 1.54498 2.81774 6.13882 
0.993056 1.13804 1.76557 3.41066 7.84425 
0.99214 1.21098 1.98623 4.03154 9.69272 
0.991199 1.27868 2.20481 4.68381 11.7431 
0.990273 1.34282 2.42318 5.36842 13.9966 
0.989332 1.40388 2.63987 6.07463 16.4087 
0.988381 1.46263 2.85821 6.81622 19.0395 
0.987395 1.51777 3.07517 7.58715 21.8791 
0.986368 1.57157 3.29409 8.39179 24.9364 
0.985361 1.62199 3.50682 9.2001 28.1083 
0.98435 1.6703 3.71608 10.0177 31.4067 
0.983351 1.71823 3.93139 10.8864 35.0188 
0.982375 1.76574 4.1484 11.7776 38.7844 
0.981402 1.81129 4.36217 12.6789 42.7043 
0.980404 1.85506 4.57523 13.603 46.8155 
0.979431 1.89768 4.78922 14.561 51.2103 
0.97843 1.93941 5.00242 15.5287 55.7119 
0.97751 1.98013 5.2135 16.5018 60.3146 
0.976493 2.01903 5.42125 17.4851 65.075 
0.975469 2.05654 5.62712 18.4807 69.9756 
0.974477 2.09453 5.83809 19.5208 75.2234 
0.973441 2.13087 6.0459 20.5677 80.6113 
0.972509 2.16649 6.2527 21.6311 86.2088 
0.97147 2.20215 6.46219 22.7206 91.9899 
0.9705 2.23772 6.67291 23.8287 97.9349 
0.969603 2.27167 6.88044 24.9379 103.936 
0.968602 2.30507 7.09082 26.0907 110.334 
0.967622 2.3374 7.29486 27.22 116.681 
0.96675 2.37044 7.50679 28.4127 123.487 
0.965768 2.40308 7.71931 29.6189 130.433 
0.964823 2.43445 7.92836 30.8331 137.57 
0.963809 2.46462 8.1321 32.025 144.599 
0.962871 2.49547 8.3418 33.2586 151.923 
0.962002 2.52476 8.54383 34.4832 159.474 
0.961004 2.55311 8.74453 35.7227 167.274 
0.959996 2.58181 8.94874 36.986 175.146 
0.959042 2.60978 9.15028 38.2496 183.158 
0.958148 2.63803 9.3547 39.537 191.356 
0.957222 2.66566 9.55772 40.8284 199.641 
0.956234 2.69303 9.76212 42.1452 208.213 
0.955242 2.71956 9.96479 43.4746 216.961 
0.954234 2.74506 10.1649 44.8117 225.926 
0.953261 2.77163 10.3705 46.1864 235.239 
Per-collision Densities:
1.31167 1.3572 1.45852 1.54443 1.68427 1.8959 2.21358 2.82771 6.76967 5.97467 2.51813 1.97669 1.69512 1.54476 1.43771 1.34692 1.28612 1.22845 1.2004 1.17315 1.16714 1.15709 1.13937 1.14927 1.1524 1.15463 1.1651 1.19675 1.22978 1.2648 1.30972 1.36877 1.44255 1.52917 1.67882 1.88064 2.19728 2.81814 6.7519 5.93989 2.52079 1.96001 1.68886 1.54111 1.40293 1.33834 1.28224 1.22613 1.1978 1.18211 1.14539 1.1415 1.14302 1.13596 1.14903 1.14539 1.16121 1.20016 1.2221 1.2658 1.29101 1.34995 1.45236 1.5387 1.67906 1.86529 2.18178 2.79122 6.66983 929.957 394.412 309.026 266.5 240.161 222.187 209.432 200.02 192.736 187.279 183.325 180.622 178.544 177.711 177.632 178.104 179.699 181.941 185.285 189.541 195.055 201.898 210.965 222.885 238.123 259.305 289.83 338.924 435.466 1035.64 0 0 0 0 0 0 0 0 0 0 0 0 0 0 0 0 0 0 0 0 0 0 0 0 0 0 
2.73194 2.21936 1.8151 1.48529 1.21348 1.00033 0.824672 0.672892 0.554141 0.447521 0.371749 0.29593 0.249349 0.203905 0.163011 0.132399 0.111169 0.0925938 0.0748237 0.0620293 0.0517464 0.0421268 0.032839 0.0296167 0.0199498 0.0179122 0.0148794 0.0122732 0.00985645 0.00829269 0.0071554 0.00578119 0.005023 0.00398049 0.00284321 0.00217979 0.00184808 0.00156376 0.00151638 0.00113728 0.00127944 0.000568641 0.00118467 0.000568641 0.000331707 0.000236934 0.000331707 0.000331707 4.73868e-05 0.000236934 4.73868e-05 0.00014216 0.00014216 4.73868e-05 9.47736e-05 9.47736e-05 0 0 0 4.73868e-05 4.73868e-05 0 0 0 0 0 0 0 0 0 0 0 0 0 0 0 0 0 0 0 0 0 0 0 0 0 0 0 0 0 0 0 0 0 0 0 0 0 0 0 0 0 0 0 0 0 0 0 0 0 0 0 0 0 0 0 0 0 0 0 0 0 0 0 0 
0.670476 1.22684 1.37763 1.37597 1.30588 1.21618 1.07175 0.949062 0.847276 0.746437 0.637684 0.544379 0.469935 0.393358 0.341659 0.281667 0.247027 0.213999 0.178032 0.142255 0.121831 0.104393 0.0851067 0.0713645 0.0602286 0.0531206 0.039331 0.0342606 0.0294746 0.024499 0.0189547 0.0179122 0.0144056 0.012984 0.0103777 0.00905087 0.00663415 0.00435958 0.00478606 0.00426481 0.00312753 0.00289059 0.00279582 0.00246411 0.00175331 0.00123206 0.000852962 0.000852962 0.000616028 0.000568641 0.000663415 0.000521255 0.000426481 0.000284321 0.000189547 0.000189547 0.000189547 0 0 9.47736e-05 9.47736e-05 9.47736e-05 4.73868e-05 4.73868e-05 4.73868e-05 9.47736e-05 0 0 0 0 0 0 0 4.73868e-05 0 0 0 0 0 0 0 0 0 0 0 0 0 0 0 0 0 0 0 0 0 0 0 0 0 0 0 0 0 0 0 0 0 0 0 0 0 0 0 0 0 0 0 0 0 0 0 0 0 0 0 
0.263613 0.658961 0.900064 1.02578 1.09885 1.09923 1.05417 0.9919 0.93641 0.846849 0.770225 0.690852 0.618824 0.544048 0.492586 0.420226 0.360566 0.318392 0.274701 0.23338 0.201678 0.180591 0.151022 0.125101 0.110743 0.0921199 0.0791359 0.0695164 0.0536418 0.0491875 0.038715 0.0361087 0.0285742 0.0245937 0.0204237 0.0167275 0.0154955 0.0132683 0.00990384 0.00834007 0.00734495 0.00587596 0.00511777 0.00469129 0.00402788 0.00241673 0.00260627 0.00270105 0.00104251 0.00170592 0.00113728 0.00127944 0.000995122 0.000900349 0.000663415 0.000616028 0.000426481 0.000331707 0.000189547 0.000189547 0.000189547 9.47736e-05 9.47736e-05 0.00014216 0.00014216 0 9.47736e-05 0.000236934 4.73868e-05 4.73868e-05 4.73868e-05 4.73868e-05 0 4.73868e-05 0 0 0 0 4.73868e-05 0 0 0 0 0 0 0 4.73868e-05 0 0 0 0 0 0 0 0 0 0 0 0 0 0 0 0 0 0 0 0 0 0 0 0 0 0 0 0 0 0 0 0 0 0 0 0 0 0 
0.141023 0.409137 0.61617 0.766908 0.867036 0.91357 0.940343 0.934467 0.905324 0.857179 0.817659 0.750275 0.684502 0.629912 0.577076 0.520875 0.45842 0.407811 0.356965 0.318439 0.272142 0.2575 0.211345 0.189974 0.161778 0.143013 0.123253 0.10245 0.0858648 0.07743 0.0665784 0.0609394 0.0478133 0.0428376 0.0334077 0.0288112 0.0276265 0.0217031 0.0193812 0.0159693 0.0137896 0.0120836 0.0108516 0.00862439 0.00677631 0.00630244 0.00544948 0.00426481 0.00407526 0.00341185 0.00236934 0.00194286 0.00165854 0.00189547 0.00151638 0.00132683 0.000947736 0.000900349 0.000710802 0.000568641 0.000426481 0.000284321 0.000284321 0.000284321 0.000379094 9.47736e-05 0.000189547 9.47736e-05 0.000189547 4.73868e-05 9.47736e-05 0 4.73868e-05 9.47736e-05 0 0 4.73868e-05 4.73868e-05 4.73868e-05 4.73868e-05 0 0 0 0 0 4.73868e-05 0 0 0 0 0 0 0 0 0 0 0 0 0 0 0 0 0 0 0 0 0 0 0 0 0 0 0 0 0 0 0 0 0 0 0 0 0 0 0 
0.095437 0.282046 0.45496 0.585179 0.692937 0.762074 0.813441 0.840547 0.835903 0.808324 0.800647 0.751886 0.706016 0.67365 0.62688 0.577787 0.518127 0.475905 0.436811 0.379094 0.346492 0.30664 0.274701 0.24608 0.216937 0.189121 0.158177 0.145951 0.127518 0.11079 0.0944418 0.0814579 0.0743972 0.0609394 0.0554899 0.0454439 0.0437854 0.036393 0.0280056 0.0272948 0.0224139 0.0190969 0.015922 0.0145477 0.0131261 0.0110411 0.00848223 0.00767666 0.00606551 0.00540209 0.00445436 0.0043122 0.00246411 0.00284321 0.00241673 0.00189547 0.00203763 0.0018007 0.00118467 0.000995122 0.000852962 0.000663415 0.000710802 0.000616028 0.000379094 0.000379094 0.000331707 0.000189547 0.000331707 0.000379094 0.000189547 4.73868e-05 4.73868e-05 0.000189547 0.00014216 0.00014216 4.73868e-05 0 9.47736e-05 0 0 0 4.73868e-05 0 0 0 4.73868e-05 0 0 0 0 0 0 0 0 0 0 0 0 0 0 0 0 0 0 0 0 0 0 0 0 0 0 0 0 0 0 0 0 0 0 0 0 0 0 
0.0711749 0.2176 0.348056 0.464959 0.572337 0.633135 0.696159 0.735016 0.763733 0.765249 0.74601 0.73023 0.71028 0.677963 0.638347 0.597689 0.558785 0.516279 0.471404 0.440318 0.396485 0.366063 0.322988 0.292661 0.262381 0.236934 0.211582 0.185377 0.159883 0.149079 0.124011 0.113302 0.0983276 0.083685 0.0767666 0.0635931 0.0607025 0.0521728 0.0442119 0.0380516 0.0332655 0.0268683 0.0241673 0.0218453 0.0174857 0.0147373 0.0145004 0.0131735 0.00957213 0.00985645 0.00663415 0.0057338 0.0057338 0.00355401 0.00407526 0.00345923 0.00331707 0.00236934 0.00184808 0.0018007 0.00156376 0.00113728 0.00118467 0.000805575 0.000616028 0.000521255 0.000331707 0.000473868 0.000473868 0.000521255 0.000236934 0.000284321 0.000284321 9.47736e-05 0.000284321 4.73868e-05 4.73868e-05 4.73868e-05 9.47736e-05 9.47736e-05 9.47736e-05 9.47736e-05 0 4.73868e-05 0 4.73868e-05 0 4.73868e-05 0 0 4.73868e-05 0 0 0 0 0 0 0 0 0 0 0 0 0 0 0 0 0 0 0 0 0 0 0 0 0 0 0 0 0 0 0 0 0 0 
0.0595178 0.177795 0.284084 0.376014 0.462827 0.553904 0.610673 0.646782 0.67275 0.689478 0.704689 0.698623 0.683175 0.66114 0.639816 0.608967 0.578593 0.538409 0.510593 0.471451 0.437806 0.398949 0.365779 0.336351 0.307967 0.270199 0.246316 0.222765 0.196939 0.175852 0.163769 0.139365 0.124153 0.114013 0.098138 0.0852962 0.0762927 0.0678105 0.0611289 0.0508934 0.0447805 0.0400418 0.0333129 0.0319387 0.0279108 0.0229352 0.0207554 0.016538 0.0137896 0.0122732 0.012131 0.0102829 0.00720279 0.00677631 0.00559164 0.00582857 0.00417004 0.00355401 0.00341185 0.00236934 0.00236934 0.0021324 0.00170592 0.00118467 0.0014216 0.000805575 0.00118467 0.000805575 0.000805575 0.000758188 0.000379094 0.000284321 0.000284321 0.000284321 0.000236934 0.000189547 0.000189547 0.000189547 0.000284321 0 9.47736e-05 0 9.47736e-05 9.47736e-05 9.47736e-05 0 9.47736e-05 4.73868e-05 4.73868e-05 0 4.73868e-05 0 0 0 0 0 4.73868e-05 0 0 0 0 0 0 0 0 0 0 0 0 0 0 0 0 0 0 0 0 0 0 0 0 0 0 0 0 
0.0498983 0.147136 0.237266 0.317918 0.401556 0.469461 0.538029 0.576413 0.608778 0.620625 0.652042 0.662325 0.653321 0.644365 0.624842 0.604655 0.565419 0.550777 0.519786 0.493723 0.464627 0.430935 0.397386 0.36393 0.343649 0.310383 0.2865 0.248117 0.232953 0.207175 0.188457 0.169787 0.154007 0.1351 0.123348 0.111406 0.0966216 0.0819317 0.0767666 0.0666258 0.0573854 0.0511303 0.0462969 0.0417478 0.0334551 0.0317018 0.0292376 0.0218927 0.0218453 0.0173436 0.0149268 0.0136948 0.0113728 0.00990384 0.00810314 0.00767666 0.00658676 0.00568641 0.00597073 0.0036014 0.00374356 0.00379094 0.00298537 0.00317491 0.0018007 0.00189547 0.00127944 0.0014216 0.00146899 0.000852962 0.000758188 0.000616028 0.000568641 0.000521255 0.000379094 0.000189547 0.000426481 0.000379094 0.000379094 0.000284321 0.000189547 0.000284321 9.47736e-05 0.000189547 9.47736e-05 4.73868e-05 0 9.47736e-05 4.73868e-05 9.47736e-05 0 0 4.73868e-05 0 4.73868e-05 4.73868e-05 4.73868e-05 0 0 0 0 0 0 0 0 0 0 0 0 0 0 0 0 0 0 0 0 0 0 0 0 0 0 0 0 
0.040184 0.125148 0.209118 0.280435 0.345923 0.40999 0.473583 0.508555 0.551582 0.574944 0.609441 0.607641 0.613374 0.610152 0.599158 0.599774 0.56921 0.549829 0.523577 0.496329 0.480597 0.450838 0.422169 0.387245 0.366726 0.337346 0.311473 0.285079 0.264845 0.232811 0.219638 0.195992 0.179596 0.161826 0.139744 0.134626 0.116619 0.103398 0.0929255 0.0862913 0.0768614 0.064446 0.0571011 0.0498983 0.0442119 0.0427903 0.0344502 0.0314648 0.0275317 0.0239303 0.0211819 0.0181491 0.015069 0.0149742 0.0117519 0.00938258 0.00905087 0.00800837 0.00786621 0.00507039 0.00620767 0.0043122 0.00483345 0.00379094 0.00298537 0.00274843 0.0018007 0.00246411 0.0014216 0.0014216 0.00113728 0.00123206 0.000995122 0.000568641 0.000616028 0.000568641 0.000473868 0.000426481 0.000616028 0.000331707 0.000189547 0.000379094 0.000236934 0.000236934 9.47736e-05 0.000189547 4.73868e-05 0.00014216 9.47736e-05 0.00014216 0.00014216 4.73868e-05 4.73868e-05 4.73868e-05 4.73868e-05 0 0 4.73868e-05 0 9.47736e-05 0 0 0 0 0 0 0 0 0 0 0 0 0 0 0 0 0 0 0 0 0 0 0 0 0 
0.038099 0.111122 0.181823 0.250866 0.310715 0.360661 0.420273 0.46439 0.49088 0.521681 0.563097 0.568878 0.579635 0.584942 0.573333 0.571011 0.562718 0.543432 0.520733 0.502584 0.481781 0.456572 0.443635 0.412928 0.38914 0.356491 0.338531 0.308061 0.281904 0.269157 0.238829 0.215089 0.195565 0.186088 0.168081 0.152301 0.13619 0.125717 0.110648 0.0996544 0.0886133 0.0819791 0.0719331 0.0634509 0.0549687 0.0509882 0.0454913 0.039568 0.0342606 0.0314174 0.0256836 0.02303 0.0200446 0.0188126 0.0160167 0.0155902 0.0119415 0.0101408 0.0110885 0.00767666 0.00720279 0.00691847 0.00578119 0.00582857 0.00421742 0.00450174 0.00317491 0.00274843 0.00175331 0.0018007 0.00161115 0.00156376 0.00151638 0.000900349 0.000852962 0.0010899 0.0010899 0.000805575 0.000805575 0.000473868 0.000663415 0.000473868 0.000189547 0.000331707 9.47736e-05 0.00014216 0.000284321 0.00014216 0.000189547 4.73868e-05 0.000189547 0.00014216 0.00014216 0.00014216 0 9.47736e-05 4.73868e-05 0 4.73868e-05 0 0 4.73868e-05 0 0 0 0 0 0 0 0 0 0 0 0 0 0 0 0 0 0 0 0 0 0 0 
0.0312753 0.0987067 0.158746 0.220206 0.283657 0.330475 0.379473 0.418757 0.45823 0.487326 0.512725 0.529737 0.538077 0.559922 0.547412 0.551819 0.54727 0.528931 0.514763 0.504574 0.490548 0.461737 0.442592 0.421979 0.392315 0.376204 0.354974 0.329006 0.305882 0.279914 0.268399 0.23646 0.224803 0.206938 0.186277 0.16936 0.157845 0.138227 0.131972 0.114297 0.105815 0.0947262 0.0854857 0.0740655 0.0676209 0.0599443 0.055869 0.0493296 0.0444014 0.039331 0.0340237 0.030138 0.026584 0.0237882 0.0184335 0.0193812 0.0160167 0.0140739 0.0137896 0.0119889 0.00886133 0.00852962 0.00677631 0.0068237 0.00587596 0.00511777 0.00507039 0.00412265 0.00341185 0.00341185 0.0021324 0.00165854 0.00208502 0.00151638 0.00123206 0.00127944 0.0010899 0.0014216 0.000995122 0.000758188 0.000900349 0.000616028 0.000710802 0.000284321 0.000284321 0.000331707 0.000284321 0.000189547 0.000236934 0.00014216 0.000331707 0.00014216 0.00014216 4.73868e-05 0.00014216 0.000236934 4.73868e-05 4.73868e-05 0 4.73868e-05 0 0 0 0 4.73868e-05 0 0 0 4.73868e-05 0 0 0 4.73868e-05 0 0 0 0 0 0 0 0 0 0 0 0 
0.0306119 0.0853436 0.143677 0.198077 0.249254 0.301759 0.346066 0.388619 0.422358 0.441408 0.480881 0.496187 0.514147 0.526894 0.516563 0.527983 0.532248 0.516753 0.512725 0.494528 0.479933 0.468797 0.446336 0.431788 0.40511 0.379094 0.363551 0.345355 0.322183 0.30247 0.285031 0.263707 0.241199 0.223713 0.207175 0.188315 0.177653 0.155286 0.145193 0.132399 0.120362 0.107663 0.0951526 0.0852488 0.0761506 0.0730704 0.0660098 0.0597073 0.0534049 0.0470077 0.0426007 0.0381937 0.0344028 0.0284795 0.0262997 0.0224613 0.0199498 0.0191916 0.0181965 0.0139791 0.0126997 0.0110885 0.00871917 0.00834007 0.00734495 0.00672892 0.00568641 0.00535471 0.00473868 0.0039331 0.00350662 0.00265366 0.00279582 0.00208502 0.00208502 0.00118467 0.00161115 0.00113728 0.00118467 0.000995122 0.00132683 0.000805575 0.000900349 0.000805575 0.000568641 0.000379094 0.000426481 0.000236934 0.000426481 0.000426481 0.000426481 0.000189547 0.000236934 0.000284321 0.00014216 0 9.47736e-05 4.73868e-05 0 0 9.47736e-05 9.47736e-05 4.73868e-05 4.73868e-05 0 4.73868e-05 0 0 4.73868e-05 4.73868e-05 0 0 0 0 0 0 0 0 0 0 0 0 0 0 4.73868e-05 
0.0251624 0.076577 0.133204 0.18187 0.229399 0.280482 0.310526 0.357628 0.384165 0.411649 0.445483 0.468371 0.478038 0.497087 0.497561 0.505522 0.515758 0.505806 0.490548 0.487989 0.479886 0.463016 0.445625 0.431125 0.409753 0.394258 0.373882 0.362888 0.337868 0.317112 0.294414 0.281572 0.256362 0.239445 0.221249 0.203574 0.189263 0.178364 0.167181 0.146093 0.13292 0.1224 0.10861 0.0976641 0.0912669 0.0828321 0.0733073 0.0675735 0.0632613 0.0561059 0.0503248 0.045823 0.0401366 0.0374356 0.0317965 0.0280056 0.0252572 0.0243568 0.0219875 0.0173909 0.0160641 0.0138843 0.0101882 0.0107094 0.00938258 0.00876655 0.00748711 0.00492822 0.00639721 0.00578119 0.00402788 0.00388572 0.00383833 0.00341185 0.00255889 0.0021324 0.0021324 0.00156376 0.00161115 0.00137422 0.00151638 0.0010899 0.0014216 0.000710802 0.00137422 0.000758188 0.000284321 0.000663415 0.000568641 0.000379094 0.000284321 0.000236934 0.000236934 0.000331707 0.000236934 0.00014216 0.000284321 4.73868e-05 9.47736e-05 4.73868e-05 9.47736e-05 4.73868e-05 0.000189547 4.73868e-05 0.00014216 4.73868e-05 0 4.73868e-05 0 0 0 0 0 0 0 0 0 0 0 0 0 0 0 0 4.73868e-05 
0.0262997 0.0721701 0.124675 0.169455 0.204095 0.258874 0.287448 0.324931 0.365257 0.393784 0.419183 0.432783 0.457898 0.470598 0.469082 0.48979 0.484577 0.485951 0.479602 0.480549 0.474057 0.463869 0.444156 0.419183 0.413876 0.397338 0.377862 0.362888 0.350852 0.321851 0.307919 0.287496 0.26911 0.256552 0.239493 0.221296 0.208075 0.18514 0.184429 0.162158 0.148273 0.134768 0.121547 0.113681 0.105436 0.093352 0.08686 0.0762453 0.0684265 0.0658676 0.0584279 0.0526941 0.0465812 0.043738 0.0395206 0.0348767 0.0319861 0.0253993 0.0281004 0.0243094 0.0181017 0.0169171 0.0139317 0.0143582 0.0120362 0.00938258 0.00947736 0.00857701 0.00762927 0.00616028 0.00568641 0.0046439 0.00549687 0.00426481 0.00326969 0.00289059 0.00260627 0.00232195 0.00217979 0.0021324 0.00137422 0.00175331 0.00113728 0.00146899 0.00104251 0.000995122 0.000568641 0.000616028 0.000663415 0.000663415 0.000426481 0.000521255 0.000236934 0.000331707 0.000284321 0.000284321 0.000189547 0.000189547 0.00014216 9.47736e-05 0.00014216 0.000426481 9.47736e-05 0 9.47736e-05 4.73868e-05 0 9.47736e-05 0 0 0 4.73868e-05 4.73868e-05 0 4.73868e-05 0 0 0 4.73868e-05 0 4.73868e-05 0 0 4.73868e-05 0 
0.0235986 0.0691373 0.113728 0.154813 0.196797 0.235465 0.273185 0.302659 0.337252 0.364025 0.387245 0.411317 0.432452 0.446715 0.454107 0.459794 0.473441 0.470029 0.467707 0.463964 0.460078 0.456335 0.438043 0.430225 0.411696 0.396959 0.381227 0.368432 0.348103 0.340332 0.312184 0.2983 0.287259 0.263944 0.255462 0.228546 0.219638 0.203526 0.186893 0.18007 0.160073 0.150737 0.136758 0.122874 0.116335 0.107426 0.0976641 0.0849645 0.0816948 0.0736864 0.0656307 0.0601338 0.0547791 0.052315 0.0469129 0.0400418 0.0355875 0.0329812 0.0313227 0.0276265 0.0226035 0.0198077 0.0174857 0.0178174 0.0145004 0.012984 0.012747 0.010899 0.0101882 0.00781882 0.00767666 0.00630244 0.00549687 0.00587596 0.00507039 0.00383833 0.00364878 0.00265366 0.00270105 0.00265366 0.00217979 0.0018007 0.00165854 0.00161115 0.00137422 0.00132683 0.00146899 0.000379094 0.000616028 0.000663415 0.000758188 0.000805575 0.000426481 0.000521255 0.000379094 0.000331707 0.000284321 9.47736e-05 0.000284321 0.000236934 0.000236934 9.47736e-05 0.00014216 9.47736e-05 0.000236934 4.73868e-05 0 4.73868e-05 4.73868e-05 4.73868e-05 0 0 4.73868e-05 4.73868e-05 4.73868e-05 0 0 4.73868e-05 0 0 0 0 4.73868e-05 4.73868e-05 4.73868e-05 
0.0235038 0.0628823 0.106999 0.145335 0.178648 0.219448 0.253898 0.286264 0.324505 0.345639 0.364689 0.390088 0.411317 0.424917 0.432357 0.439986 0.447047 0.456998 0.4615 0.449795 0.445957 0.438659 0.431551 0.423401 0.409801 0.395064 0.387292 0.370991 0.353837 0.334788 0.330049 0.319008 0.293324 0.275412 0.256931 0.250107 0.229115 0.209639 0.202057 0.186704 0.17372 0.159077 0.152775 0.133678 0.126475 0.117519 0.105199 0.100128 0.0940154 0.0794676 0.0736864 0.0691847 0.0620767 0.0584753 0.0528363 0.045207 0.0435484 0.0368195 0.0352558 0.0315596 0.0269157 0.0245464 0.0225561 0.0188599 0.0190969 0.0152585 0.0142634 0.0137896 0.0116098 0.0115624 0.00924042 0.00834007 0.0071554 0.00625505 0.00582857 0.00511777 0.00516516 0.00398049 0.00341185 0.00312753 0.00265366 0.0021324 0.00175331 0.0021324 0.00199024 0.00208502 0.00146899 0.00113728 0.00127944 0.000995122 0.000900349 0.000284321 0.000568641 0.000663415 0.000379094 0.000521255 0.000663415 0.000473868 0.000284321 0.000189547 0.000236934 0.000236934 4.73868e-05 9.47736e-05 9.47736e-05 0.00014216 0.00014216 4.73868e-05 4.73868e-05 4.73868e-05 0 4.73868e-05 0 4.73868e-05 9.47736e-05 0 0 0 0 0 4.73868e-05 4.73868e-05 0 0 0.00014216 
0.0201868 0.0578593 0.0978063 0.140265 0.168792 0.207933 0.241862 0.270152 0.301427 0.323652 0.352084 0.370612 0.383833 0.400987 0.408427 0.42795 0.427808 0.436243 0.443019 0.444772 0.438091 0.434252 0.423875 0.422121 0.414397 0.392078 0.376583 0.372081 0.367011 0.34019 0.331376 0.326495 0.298821 0.286311 0.271716 0.250155 0.239066 0.219732 0.209307 0.19784 0.187415 0.173862 0.15993 0.144624 0.134815 0.126286 0.117709 0.106383 0.101076 0.091646 0.0848223 0.075108 0.0693269 0.0640195 0.0603708 0.053784 0.0453965 0.0409422 0.038715 0.0382411 0.0314174 0.0276739 0.0271526 0.0224139 0.0235038 0.019239 0.0163958 0.0164432 0.0145004 0.0117045 0.0112307 0.00952474 0.00976168 0.00905087 0.00696586 0.00634983 0.00568641 0.00597073 0.00435958 0.00407526 0.00317491 0.00345923 0.00175331 0.00260627 0.00232195 0.0021324 0.00137422 0.0018007 0.00151638 0.00123206 0.00118467 0.00104251 0.000663415 0.000568641 0.000568641 0.000758188 0.000473868 0.000379094 0.000331707 0.000521255 0.000426481 0.000284321 9.47736e-05 0.000284321 0.00014216 0.000189547 0.000189547 9.47736e-05 4.73868e-05 4.73868e-05 9.47736e-05 4.73868e-05 0 4.73868e-05 0 0 9.47736e-05 0 9.47736e-05 0 0 0 0 0 0.00014216 
0.0181965 0.0588544 0.0913617 0.127423 0.164859 0.191916 0.223903 0.252951 0.284937 0.310099 0.334693 0.347156 0.368859 0.386439 0.392979 0.399044 0.416625 0.419942 0.428898 0.426718 0.437617 0.426765 0.418188 0.41544 0.406342 0.389709 0.380421 0.369238 0.364594 0.340711 0.334598 0.323083 0.310431 0.287685 0.281667 0.26385 0.248686 0.233522 0.214709 0.210871 0.190163 0.182866 0.168886 0.156424 0.148321 0.134342 0.125006 0.118799 0.111738 0.100839 0.090414 0.0823108 0.0772404 0.0694216 0.0670523 0.0588544 0.0563903 0.0501826 0.0453018 0.0413213 0.0375777 0.0321282 0.0300906 0.0262997 0.0246411 0.0226035 0.0218927 0.0196181 0.0163484 0.0136948 0.0119889 0.0126997 0.0113254 0.00777143 0.00928781 0.00777143 0.00881394 0.00601812 0.00535471 0.00492822 0.00454913 0.00379094 0.00345923 0.00312753 0.00303275 0.00241673 0.00222718 0.00194286 0.00165854 0.00203763 0.0018007 0.00127944 0.000852962 0.000663415 0.000616028 0.000568641 0.000568641 0.000663415 0.000758188 0.000426481 0.000473868 0.000236934 0.000236934 0.000426481 9.47736e-05 0.00014216 0.000236934 0.000236934 9.47736e-05 4.73868e-05 0.00014216 0.000189547 4.73868e-05 4.73868e-05 0 4.73868e-05 4.73868e-05 4.73868e-05 4.73868e-05 4.73868e-05 4.73868e-05 0 4.73868e-05 0 0.00014216 
0.0163958 0.0526941 0.0864335 0.120694 0.152491 0.181918 0.210587 0.238829 0.267593 0.289912 0.313795 0.338579 0.345071 0.376393 0.375825 0.389519 0.395443 0.412549 0.418378 0.420321 0.414445 0.413592 0.413497 0.398096 0.410133 0.395111 0.376772 0.365163 0.358765 0.347108 0.331281 0.325879 0.313653 0.294367 0.285458 0.271005 0.259158 0.245748 0.225988 0.212151 0.19874 0.195091 0.180686 0.170166 0.151353 0.143345 0.139791 0.123869 0.118467 0.113017 0.103019 0.0899875 0.0840641 0.0721701 0.073876 0.0639248 0.0635931 0.0601338 0.0503248 0.0460599 0.0399944 0.0380516 0.0354927 0.0311805 0.0303275 0.0258732 0.0235038 0.0207554 0.018623 0.018623 0.0154007 0.0145951 0.0124627 0.0103303 0.0108042 0.00928781 0.00890871 0.00725018 0.00672892 0.00568641 0.0057338 0.00511777 0.00435958 0.00345923 0.0032223 0.00284321 0.00317491 0.00232195 0.00232195 0.0018007 0.00151638 0.00189547 0.00165854 0.00132683 0.000995122 0.000947736 0.000710802 0.000663415 0.000805575 0.000521255 0.000473868 0.000426481 0.000189547 0.000284321 0.000331707 0.000331707 0.000189547 0.000189547 0.000284321 0.000189547 9.47736e-05 4.73868e-05 0.00014216 9.47736e-05 9.47736e-05 0 4.73868e-05 9.47736e-05 0 0 9.47736e-05 4.73868e-05 4.73868e-05 0 0.000189547 
0.0170119 0.0498035 0.0797993 0.111169 0.141781 0.173293 0.199261 0.225751 0.248354 0.281809 0.297162 0.322277 0.342275 0.350236 0.36611 0.375066 0.386297 0.398002 0.388287 0.404683 0.412028 0.403593 0.407716 0.398949 0.387908 0.385112 0.373645 0.370896 0.362509 0.348293 0.336778 0.328343 0.319576 0.302422 0.281051 0.274985 0.261243 0.247312 0.24281 0.222434 0.207696 0.206322 0.185093 0.177937 0.165427 0.154434 0.147657 0.135005 0.123585 0.118704 0.108089 0.102119 0.0925464 0.086007 0.0781408 0.0737338 0.0651094 0.0604655 0.0572906 0.0489505 0.0449701 0.0398523 0.0413687 0.0367248 0.032839 0.0299484 0.026584 0.0249728 0.0241199 0.0217505 0.0181017 0.0162063 0.0143582 0.0123206 0.011515 0.0116098 0.00995122 0.00909826 0.00829269 0.00819791 0.00601812 0.00511777 0.00417004 0.00435958 0.00421742 0.00355401 0.00274843 0.00298537 0.00331707 0.00284321 0.0021324 0.00175331 0.00161115 0.00184808 0.0014216 0.000947736 0.000852962 0.00118467 0.000616028 0.000710802 0.000568641 0.000663415 0.00014216 0.000331707 0.000331707 0.000284321 0.000426481 0.000426481 0.000331707 0.000379094 0.000189547 0.000284321 9.47736e-05 0.00014216 0.000189547 9.47736e-05 0.00014216 0 9.47736e-05 4.73868e-05 4.73868e-05 4.73868e-05 0 9.47736e-05 0.00014216 
0.0169171 0.0456809 0.0754871 0.106431 0.135811 0.163532 0.190353 0.218169 0.238735 0.263897 0.284131 0.306119 0.323367 0.331423 0.354453 0.361372 0.369048 0.387482 0.380942 0.394448 0.394637 0.3953 0.403498 0.384828 0.38407 0.384733 0.373882 0.365163 0.360519 0.343412 0.33891 0.328769 0.317728 0.305692 0.283373 0.283041 0.262049 0.257974 0.247217 0.227741 0.216036 0.210303 0.194807 0.184808 0.176279 0.163295 0.159741 0.145667 0.131783 0.124059 0.116003 0.107142 0.0972377 0.0915513 0.0864809 0.0789938 0.0739234 0.0661519 0.0631666 0.0564377 0.0544474 0.0435484 0.0437854 0.0419373 0.0370565 0.032223 0.030991 0.0283847 0.0261101 0.0225087 0.0213714 0.019476 0.0174383 0.0163484 0.0135052 0.0122258 0.0112781 0.0104251 0.00976168 0.00857701 0.00743972 0.00568641 0.00544948 0.00549687 0.00473868 0.00435958 0.0039331 0.00379094 0.00298537 0.00284321 0.00241673 0.00246411 0.00217979 0.00203763 0.0014216 0.00146899 0.00118467 0.00127944 0.00104251 0.0010899 0.000852962 0.000663415 0.000521255 0.000616028 0.000379094 0.000331707 0.000331707 0.000521255 0.000426481 0.000379094 0.000284321 0.000189547 0.000284321 0.000189547 0.00014216 0.00014216 9.47736e-05 0.00014216 0.000189547 4.73868e-05 0 0.00014216 4.73868e-05 0 0.000236934 
0.0154955 0.0422216 0.0739708 0.0986119 0.129413 0.156613 0.180544 0.206322 0.232622 0.248733 0.268778 0.296167 0.312089 0.326021 0.340521 0.346682 0.357581 0.367153 0.368243 0.38606 0.382838 0.388429 0.388572 0.38388 0.379663 0.378952 0.370233 0.361751 0.355448 0.341611 0.334598 0.330002 0.31389 0.304365 0.298489 0.284179 0.266266 0.25551 0.24788 0.237455 0.225798 0.21978 0.203574 0.194096 0.177511 0.169029 0.1632 0.152254 0.139933 0.134389 0.124627 0.118183 0.10444 0.102735 0.0895136 0.0824056 0.0793729 0.0757241 0.0674314 0.060276 0.0556795 0.0541157 0.0478133 0.0458704 0.043122 0.0377199 0.033076 0.0314174 0.0299958 0.0248781 0.0228878 0.0204237 0.0197129 0.0181017 0.0161589 0.0160641 0.0139791 0.0111359 0.0109937 0.0105673 0.00848223 0.00701324 0.00649199 0.0068237 0.00634983 0.00507039 0.0046439 0.00388572 0.00412265 0.00336446 0.00312753 0.00303275 0.00246411 0.00199024 0.00236934 0.0014216 0.00161115 0.00161115 0.00123206 0.00156376 0.00127944 0.000710802 0.000900349 0.000758188 0.000758188 0.000426481 0.000568641 0.000331707 0.000426481 0.000236934 0.000189547 0.000236934 0.000521255 0.00014216 0.000189547 9.47736e-05 4.73868e-05 0.00014216 0 0.00014216 4.73868e-05 0.000189547 9.47736e-05 4.73868e-05 0.000473868 
0.0136948 0.0415108 0.0719331 0.0919303 0.122874 0.144482 0.173388 0.199167 0.221107 0.240014 0.260011 0.279866 0.30337 0.314838 0.329149 0.338531 0.350662 0.346729 0.361087 0.369427 0.374071 0.373218 0.378099 0.37374 0.374261 0.373692 0.368859 0.35559 0.34545 0.34436 0.336588 0.32332 0.317965 0.305976 0.293893 0.288112 0.271763 0.263802 0.251387 0.24788 0.231105 0.222007 0.206085 0.19874 0.183292 0.178316 0.170592 0.162442 0.147942 0.142397 0.131783 0.120078 0.117093 0.107142 0.098754 0.088945 0.0832112 0.0813157 0.0733547 0.0686161 0.0631666 0.0584279 0.0530732 0.05023 0.0446857 0.0417004 0.0387624 0.0354453 0.0325073 0.029522 0.0245464 0.0246885 0.0212293 0.0203289 0.0176753 0.0172488 0.0150216 0.0134578 0.0119415 0.0112307 0.0109463 0.00867178 0.00758188 0.0082453 0.00582857 0.00725018 0.00511777 0.00483345 0.0043122 0.00483345 0.00336446 0.00374356 0.00293798 0.00232195 0.00246411 0.00194286 0.00203763 0.00170592 0.00170592 0.00146899 0.00118467 0.00151638 0.000995122 0.000568641 0.000616028 0.000805575 0.000521255 0.000379094 0.000473868 0.000663415 0.000473868 0.000236934 0.000284321 0.000236934 0.000236934 0.000236934 0.000236934 9.47736e-05 0.000189547 0.00014216 4.73868e-05 9.47736e-05 0.00014216 9.47736e-05 0.000758188 
0.0143108 0.0392836 0.0658676 0.0935889 0.119746 0.138322 0.160025 0.188694 0.204806 0.230774 0.251766 0.270389 0.290007 0.304034 0.317065 0.321898 0.334503 0.345213 0.359002 0.359618 0.356728 0.362604 0.375445 0.375019 0.362461 0.365163 0.355827 0.352131 0.348814 0.337678 0.337915 0.318913 0.31171 0.31171 0.294888 0.282946 0.278445 0.264181 0.254088 0.248212 0.239303 0.22703 0.222386 0.204663 0.194997 0.183671 0.17571 0.166328 0.159457 0.142445 0.137564 0.131546 0.123111 0.109653 0.105815 0.0981854 0.0926885 0.0855331 0.0796098 0.0738286 0.0649673 0.0627401 0.0571958 0.0528363 0.0510829 0.0465812 0.0434537 0.0379568 0.035777 0.0341659 0.0287164 0.0281951 0.0250202 0.0226035 0.0190969 0.0189073 0.015922 0.0150216 0.0137896 0.012131 0.010899 0.0109937 0.00905087 0.00871917 0.00762927 0.00706063 0.00701324 0.00649199 0.00530732 0.00488084 0.00402788 0.00417004 0.00326969 0.00255889 0.00270105 0.00175331 0.00303275 0.00208502 0.00189547 0.00132683 0.0014216 0.00137422 0.00156376 0.000900349 0.0010899 0.000663415 0.00104251 0.000616028 0.000568641 0.000616028 0.000521255 0.000284321 0.000473868 0.000189547 0.000331707 0.000426481 0.000379094 0.00014216 9.47736e-05 0.00014216 9.47736e-05 0.00014216 0.00014216 0.000189547 0.000900349 
0.0129366 0.0381937 0.0637826 0.088092 0.116287 0.131688 0.152443 0.183671 0.204948 0.218121 0.242905 0.258637 0.271953 0.294746 0.30138 0.30773 0.324505 0.335593 0.350662 0.345544 0.351278 0.362272 0.359618 0.358149 0.35668 0.357202 0.355733 0.343649 0.346492 0.344218 0.334172 0.321045 0.314933 0.307493 0.29413 0.292282 0.275222 0.272379 0.261433 0.251103 0.240204 0.231484 0.223903 0.21035 0.200493 0.190827 0.184192 0.170829 0.157798 0.150737 0.144293 0.136379 0.122874 0.117756 0.109369 0.100365 0.0980906 0.0931624 0.0875234 0.0776669 0.0749659 0.0716488 0.0596126 0.056485 0.0551582 0.0500404 0.0467234 0.0445436 0.0409896 0.036393 0.0323652 0.0284795 0.0287638 0.0246885 0.0201868 0.020945 0.0184808 0.0179596 0.0156376 0.0154007 0.0141213 0.0111833 0.0108042 0.00971429 0.00819791 0.00701324 0.00729756 0.00601812 0.00620767 0.00511777 0.00540209 0.00440697 0.00388572 0.00383833 0.00293798 0.00355401 0.0021324 0.00279582 0.0025115 0.00189547 0.00175331 0.00255889 0.0010899 0.00123206 0.000947736 0.0010899 0.000995122 0.00104251 0.000710802 0.000616028 0.000568641 0.000521255 0.000379094 0.000331707 0.000616028 0.000236934 0.000331707 0.000284321 0.000189547 0.000189547 0.00014216 9.47736e-05 4.73868e-05 0.000284321 0.00104251 
0.0109937 0.0371986 0.0605129 0.0865756 0.10899 0.129319 0.147752 0.172488 0.194902 0.21542 0.236507 0.248117 0.263802 0.283326 0.290907 0.303228 0.316449 0.320524 0.340237 0.340237 0.340237 0.354074 0.347819 0.347392 0.348388 0.352652 0.350852 0.345592 0.330286 0.334408 0.32839 0.320761 0.319482 0.304176 0.30228 0.295504 0.279392 0.273374 0.263802 0.251008 0.239777 0.241436 0.223097 0.217268 0.207554 0.193859 0.186372 0.174478 0.165901 0.159551 0.147231 0.142587 0.134768 0.125101 0.118846 0.109558 0.101313 0.0932572 0.0871443 0.084538 0.0744446 0.0734021 0.0670523 0.0633561 0.0588544 0.0533101 0.0513199 0.0478133 0.0421742 0.0413687 0.0349241 0.0353505 0.0308962 0.0290007 0.0247359 0.0235038 0.0204237 0.0186704 0.0162537 0.0162537 0.0167275 0.012984 0.010899 0.0109937 0.00990384 0.00886133 0.00838746 0.00796098 0.00568641 0.00611289 0.00535471 0.00478606 0.00554425 0.00402788 0.0039331 0.00421742 0.00308014 0.00312753 0.00265366 0.00241673 0.00175331 0.00270105 0.00184808 0.00165854 0.00123206 0.00113728 0.00127944 0.000947736 0.0010899 0.000710802 0.000663415 0.000616028 0.000473868 0.000568641 0.000379094 0.000379094 0.000236934 0.000236934 0.000189547 0.00014216 0.00014216 0.000236934 0.000284321 0.000189547 0.00118467 
0.0108042 0.0354453 0.0577645 0.0822161 0.10482 0.12747 0.143724 0.169597 0.185804 0.200209 0.224424 0.238403 0.254467 0.266266 0.279914 0.296594 0.305834 0.318013 0.332229 0.335783 0.332276 0.335309 0.342464 0.341469 0.343033 0.344786 0.34199 0.344597 0.332323 0.327869 0.326684 0.321756 0.316686 0.307777 0.301333 0.291571 0.278539 0.27418 0.263091 0.25622 0.246743 0.241388 0.227457 0.217695 0.206275 0.206132 0.195518 0.178174 0.168223 0.161778 0.158651 0.146283 0.136806 0.13183 0.121168 0.11188 0.110316 0.100555 0.0961478 0.0870969 0.0814105 0.0823108 0.0724544 0.0673366 0.0633561 0.056485 0.0525993 0.0525045 0.0475763 0.0435958 0.0397575 0.0358244 0.0324126 0.0297589 0.0281477 0.0261575 0.022177 0.0214188 0.0190495 0.0176279 0.0165854 0.0147847 0.0132683 0.0131261 0.0108516 0.00928781 0.00947736 0.00852962 0.00834007 0.00701324 0.00706063 0.00630244 0.00544948 0.00454913 0.00521255 0.00350662 0.00364878 0.00402788 0.00336446 0.00279582 0.00232195 0.00227457 0.00227457 0.00189547 0.00161115 0.00151638 0.00156376 0.00113728 0.00104251 0.000947736 0.000758188 0.000805575 0.000710802 0.000521255 0.000521255 0.000426481 0.000426481 0.000379094 0.000284321 0.00014216 0.000236934 0.000331707 0.00014216 0.000236934 0.00165854 
0.0113728 0.0328864 0.0567694 0.0787094 0.100792 0.120694 0.142208 0.159693 0.184524 0.19457 0.210871 0.227362 0.249728 0.267783 0.270389 0.284036 0.294367 0.310952 0.316449 0.321567 0.319861 0.325547 0.338389 0.338105 0.341374 0.335072 0.329433 0.334408 0.326542 0.331234 0.330428 0.325263 0.316402 0.308061 0.298489 0.285458 0.284984 0.271621 0.269252 0.255273 0.248733 0.234375 0.234565 0.220822 0.216084 0.203195 0.199119 0.183055 0.175236 0.170213 0.164148 0.147752 0.146141 0.138512 0.12657 0.116998 0.112212 0.106478 0.0980432 0.0900349 0.0878077 0.0834007 0.0821687 0.0713171 0.0679053 0.064446 0.056485 0.0535471 0.0502774 0.0452544 0.041653 0.0382411 0.0365826 0.0333129 0.0293324 0.0282425 0.0255415 0.0244516 0.0224613 0.0200446 0.0176753 0.0160641 0.0154007 0.0147847 0.0135052 0.0115624 0.0110885 0.00990384 0.0082453 0.0089561 0.00710802 0.00687108 0.00601812 0.00563903 0.00530732 0.00459652 0.00426481 0.0039331 0.00350662 0.00279582 0.00279582 0.00236934 0.00236934 0.0025115 0.00227457 0.00175331 0.00165854 0.00127944 0.000663415 0.000995122 0.00118467 0.000805575 0.000852962 0.000805575 0.000616028 0.000473868 0.000616028 0.000379094 0.000331707 0.000521255 0.000426481 0.000379094 0.000426481 0.000189547 0.00203763 
0.0118467 0.0319861 0.0556321 0.076814 0.0947262 0.116382 0.137469 0.154054 0.176231 0.190779 0.201346 0.227599 0.235986 0.253661 0.260864 0.269536 0.289581 0.296689 0.310241 0.316781 0.322041 0.313843 0.335498 0.331992 0.331423 0.332939 0.3264 0.326305 0.330618 0.326684 0.320477 0.319908 0.311995 0.300243 0.296926 0.293466 0.279582 0.279013 0.273043 0.254041 0.250629 0.242099 0.231769 0.223476 0.216558 0.206275 0.194854 0.191774 0.181349 0.174052 0.16737 0.156187 0.151353 0.143724 0.129461 0.126854 0.116808 0.106146 0.10373 0.0965269 0.0914091 0.0896084 0.0848697 0.0770983 0.0726913 0.0671471 0.0624084 0.0564377 0.0543052 0.0472446 0.044354 0.0426007 0.039331 0.036014 0.031607 0.0302328 0.028669 0.0267735 0.0237882 0.0220822 0.0219401 0.0187652 0.0170592 0.0162063 0.0136474 0.0136 0.0110885 0.0103303 0.0102355 0.00810314 0.00829269 0.00815053 0.00639721 0.00658676 0.0057338 0.00549687 0.00483345 0.00554425 0.00426481 0.00341185 0.00364878 0.00289059 0.00265366 0.00184808 0.00312753 0.00199024 0.00156376 0.0014216 0.00137422 0.000947736 0.00194286 0.00118467 0.000663415 0.000663415 0.000568641 0.000568641 0.000521255 0.000663415 0.000568641 0.000616028 0.000473868 0.000284321 0.000521255 0.000284321 0.00265366 
0.0109937 0.0308014 0.0516042 0.0705115 0.0944418 0.111501 0.129271 0.143203 0.168128 0.184761 0.199783 0.217031 0.234233 0.249397 0.259443 0.26982 0.278492 0.283847 0.300859 0.302517 0.310478 0.315596 0.320856 0.32332 0.325642 0.3264 0.32441 0.319245 0.324647 0.32441 0.318866 0.318913 0.302659 0.302896 0.294319 0.294319 0.282046 0.27328 0.270721 0.265034 0.251292 0.241909 0.238308 0.226082 0.213051 0.210113 0.202815 0.196418 0.184192 0.179596 0.174004 0.155334 0.153249 0.142066 0.137564 0.13074 0.124343 0.113965 0.107473 0.106336 0.0983276 0.0889924 0.0876655 0.0817422 0.0763875 0.0695638 0.0654885 0.0606077 0.0582383 0.0538314 0.05023 0.0448279 0.0395206 0.0383833 0.0375777 0.0319387 0.0308962 0.0286216 0.0270105 0.0223666 0.0239303 0.0214662 0.0208502 0.0162537 0.0149742 0.0137896 0.0141686 0.0119415 0.0102829 0.00919303 0.00867178 0.0082453 0.00876655 0.0071554 0.0071554 0.00549687 0.00658676 0.00469129 0.00473868 0.00407526 0.00454913 0.00303275 0.00374356 0.00260627 0.00274843 0.00232195 0.00165854 0.00184808 0.00151638 0.000995122 0.00170592 0.00156376 0.0010899 0.00113728 0.000521255 0.000900349 0.000758188 0.000947736 0.000710802 0.000521255 0.000805575 0.000379094 0.000379094 0.000379094 0.00303275 
0.00980906 0.0271052 0.0494718 0.0678105 0.0871917 0.108658 0.121974 0.145951 0.162394 0.175331 0.195044 0.212103 0.22305 0.238877 0.251719 0.258779 0.266408 0.283183 0.286358 0.300337 0.309151 0.306829 0.317065 0.318107 0.320714 0.317918 0.320003 0.322372 0.31389 0.322846 0.309957 0.314364 0.301854 0.295409 0.298015 0.290291 0.281999 0.27508 0.270673 0.261385 0.252098 0.248686 0.241246 0.226224 0.220585 0.213857 0.20618 0.198551 0.187225 0.182818 0.17282 0.162015 0.160309 0.148937 0.140407 0.134247 0.127707 0.118704 0.114392 0.106999 0.10046 0.0957687 0.0928307 0.0877129 0.0810788 0.0737812 0.0684265 0.0657728 0.0608446 0.0574328 0.0488558 0.0498035 0.044591 0.0415108 0.038715 0.0353979 0.0321282 0.030754 0.0291903 0.0268683 0.0255415 0.021561 0.0228404 0.0179596 0.0164906 0.0172962 0.0151164 0.0135052 0.0125101 0.0118467 0.00938258 0.00980906 0.00848223 0.00919303 0.00701324 0.00653938 0.00507039 0.00521255 0.005023 0.00549687 0.00459652 0.00407526 0.00364878 0.00317491 0.00260627 0.00255889 0.00232195 0.00227457 0.00203763 0.00156376 0.00175331 0.00161115 0.00161115 0.00127944 0.000947736 0.00113728 0.00118467 0.000663415 0.000995122 0.000426481 0.000379094 0.000616028 0.000473868 0.000758188 0.00350662 
0.00928781 0.0276265 0.0471498 0.0647777 0.0815526 0.103967 0.122163 0.142492 0.155097 0.177937 0.183292 0.205137 0.220017 0.228262 0.240251 0.253282 0.263234 0.274464 0.287543 0.284937 0.302565 0.303939 0.307872 0.313227 0.313985 0.310241 0.315549 0.310194 0.311331 0.30664 0.310999 0.306071 0.307493 0.2992 0.29503 0.284652 0.284747 0.280861 0.264703 0.260438 0.257405 0.248212 0.235939 0.231484 0.225514 0.215373 0.207744 0.196892 0.189879 0.188173 0.179454 0.167133 0.159883 0.154718 0.144814 0.138559 0.133915 0.126902 0.114297 0.11098 0.10553 0.101597 0.0993227 0.0870969 0.0852962 0.0769561 0.0769087 0.0655359 0.0612711 0.0587122 0.0557742 0.0521255 0.0500404 0.0478133 0.0430746 0.0381464 0.0361087 0.0323652 0.0305171 0.0290481 0.0264892 0.0241199 0.0231721 0.0209923 0.0181491 0.0175805 0.017154 0.0151164 0.0141213 0.0117993 0.0117519 0.010662 0.00976168 0.00834007 0.00834007 0.00810314 0.00725018 0.00563903 0.00492822 0.00540209 0.00445436 0.00450174 0.00374356 0.00417004 0.0032223 0.0032223 0.00279582 0.00289059 0.0018007 0.00165854 0.00236934 0.0021324 0.0018007 0.00132683 0.000710802 0.000852962 0.000710802 0.00146899 0.000852962 0.000616028 0.000710802 0.000616028 0.000616028 0.000331707 0.00488084 
0.00871917 0.0272948 0.0444488 0.0611289 0.0844432 0.102308 0.120836 0.134768 0.155429 0.166375 0.186751 0.196987 0.208976 0.22485 0.232716 0.247122 0.254325 0.265129 0.278919 0.281572 0.28977 0.299911 0.298774 0.299579 0.310241 0.311805 0.314269 0.300859 0.308677 0.303939 0.307114 0.30247 0.291192 0.296452 0.285505 0.289581 0.280909 0.271526 0.272758 0.259206 0.258921 0.251292 0.239398 0.238261 0.226556 0.21343 0.208644 0.202389 0.197508 0.191822 0.186372 0.171872 0.161542 0.153296 0.1496 0.137659 0.140075 0.131119 0.121974 0.115197 0.112923 0.103967 0.0990858 0.0954844 0.0869073 0.0811735 0.076814 0.0709854 0.0674314 0.0625979 0.0569115 0.0560586 0.0513673 0.0486662 0.0454439 0.0427429 0.0408474 0.0360613 0.0356822 0.0283847 0.0284795 0.0258258 0.0244042 0.0228878 0.0216558 0.0186704 0.01777 0.0168223 0.0162063 0.0134105 0.012131 0.0130314 0.00919303 0.00995122 0.00957213 0.0075345 0.0071554 0.00758188 0.00687108 0.00592335 0.00525993 0.00459652 0.00478606 0.00412265 0.00374356 0.00383833 0.00232195 0.00293798 0.00260627 0.00284321 0.00222718 0.00156376 0.00175331 0.00184808 0.00118467 0.00137422 0.00161115 0.00146899 0.000616028 0.0010899 0.000805575 0.000947736 0.000568641 0.000473868 0.00525993 
0.0089561 0.0250202 0.0433589 0.0631666 0.0779039 0.0996544 0.118135 0.133394 0.147183 0.162015 0.174289 0.187841 0.201962 0.218643 0.229494 0.242194 0.251434 0.253709 0.269252 0.283657 0.285505 0.296357 0.290434 0.2992 0.295693 0.306119 0.305455 0.306213 0.308346 0.301759 0.298347 0.298158 0.292519 0.287827 0.281999 0.287638 0.281004 0.274464 0.26911 0.261433 0.252572 0.245748 0.241199 0.234043 0.229257 0.220728 0.215278 0.204284 0.196323 0.186562 0.189405 0.176895 0.171398 0.15884 0.153296 0.150263 0.141686 0.132636 0.126949 0.119652 0.117472 0.110696 0.101218 0.0925464 0.0889924 0.0840641 0.0793255 0.0727861 0.0732126 0.0662941 0.061508 0.0559638 0.0561533 0.0534997 0.0479554 0.0470551 0.0406579 0.0390467 0.037246 0.0329338 0.0314174 0.0282899 0.0249254 0.0257784 0.0240725 0.0209923 0.0189073 0.0176279 0.0167275 0.0136474 0.0154007 0.0130314 0.011515 0.0109463 0.0096669 0.00976168 0.00748711 0.00777143 0.00710802 0.00672892 0.00658676 0.0064446 0.00426481 0.00445436 0.00407526 0.0036014 0.0036014 0.00326969 0.0036014 0.00232195 0.00336446 0.00217979 0.00194286 0.00113728 0.00104251 0.00156376 0.00127944 0.00137422 0.000805575 0.00146899 0.00113728 0.000616028 0.000710802 0.000663415 0.00653938 
0.00952474 0.0261575 0.042269 0.0637826 0.0776195 0.0942997 0.111027 0.127328 0.140549 0.153344 0.165475 0.184524 0.204142 0.214567 0.223618 0.228452 0.245653 0.252951 0.26276 0.274938 0.278066 0.28361 0.289628 0.288443 0.298015 0.297115 0.298584 0.300243 0.299532 0.297684 0.299911 0.293703 0.296689 0.284842 0.285458 0.285268 0.276549 0.270247 0.269015 0.257737 0.252666 0.252951 0.239682 0.237976 0.227978 0.221723 0.217316 0.205422 0.201346 0.187889 0.186277 0.176137 0.171208 0.168744 0.158604 0.152965 0.145762 0.137469 0.131735 0.127565 0.117898 0.109985 0.107331 0.100507 0.0885659 0.0869073 0.0832112 0.078046 0.0759136 0.0690899 0.064446 0.0624084 0.0599443 0.0549213 0.0505143 0.0475289 0.0447331 0.0412739 0.0384307 0.0349241 0.0318439 0.0319861 0.0293798 0.0279108 0.025968 0.0217505 0.0206606 0.019476 0.0184335 0.0165854 0.0145951 0.0137896 0.0126997 0.0132209 0.0102355 0.010046 0.0096669 0.00924042 0.00800837 0.00696586 0.00544948 0.00725018 0.00653938 0.005023 0.00478606 0.00492822 0.00350662 0.00417004 0.00293798 0.00355401 0.00284321 0.0025115 0.00255889 0.00194286 0.00203763 0.00146899 0.00146899 0.00123206 0.00104251 0.000947736 0.000947736 0.00123206 0.000805575 0.00123206 0.00706063 
0.00942997 0.0253519 0.0419373 0.0580014 0.0765296 0.0934467 0.11079 0.123869 0.135289 0.150311 0.163674 0.178601 0.19566 0.208454 0.216795 0.232669 0.234896 0.249539 0.254277 0.259822 0.268257 0.277876 0.284984 0.283278 0.282852 0.287827 0.289391 0.292898 0.295267 0.29593 0.289865 0.295504 0.292613 0.294035 0.286169 0.277781 0.279961 0.271147 0.264845 0.262712 0.257263 0.250344 0.242762 0.235086 0.232859 0.224519 0.214425 0.206464 0.205611 0.19168 0.186372 0.181254 0.170545 0.16865 0.161731 0.154576 0.152301 0.141639 0.135668 0.133346 0.118609 0.114534 0.108326 0.101171 0.0941101 0.0919303 0.0869547 0.0858648 0.0750133 0.073023 0.0689478 0.0634983 0.0631666 0.0574802 0.0561059 0.0512725 0.045823 0.0435484 0.0400418 0.0398997 0.0330286 0.035161 0.0303275 0.025968 0.0295693 0.0223192 0.0248307 0.020092 0.0202342 0.0176279 0.0169645 0.0163958 0.0146899 0.0128892 0.0126049 0.011515 0.0106146 0.0101882 0.00919303 0.0075345 0.0068237 0.00653938 0.00672892 0.00611289 0.00511777 0.00507039 0.0043122 0.00350662 0.00398049 0.00364878 0.00341185 0.00341185 0.00227457 0.00236934 0.00232195 0.00175331 0.00194286 0.00113728 0.00175331 0.0010899 0.00127944 0.000852962 0.00113728 0.00118467 0.00805575 
0.00886133 0.025731 0.0411791 0.058191 0.0743499 0.090414 0.102971 0.118467 0.132636 0.146709 0.162158 0.177606 0.188599 0.202626 0.210919 0.225466 0.234138 0.240346 0.246269 0.259916 0.257026 0.262807 0.282141 0.275317 0.284084 0.287306 0.290149 0.286027 0.291618 0.290528 0.282662 0.29195 0.287543 0.283989 0.282141 0.275649 0.275317 0.276028 0.266124 0.264181 0.253235 0.248638 0.246601 0.237123 0.227172 0.228783 0.218737 0.208644 0.205137 0.198314 0.186941 0.184098 0.176611 0.169882 0.164859 0.155476 0.149932 0.142729 0.139744 0.133252 0.125433 0.117661 0.10899 0.10553 0.0983749 0.0971429 0.0918356 0.0863387 0.0830216 0.0761979 0.0748237 0.0674314 0.0609868 0.0612237 0.0576223 0.0530732 0.0500878 0.0473868 0.0424586 0.0397575 0.0388572 0.032839 0.0335972 0.0298537 0.0306119 0.0273422 0.0264418 0.0233617 0.0206132 0.0184808 0.0181491 0.0168223 0.0150216 0.0151638 0.0146425 0.0133631 0.0111833 0.0111833 0.0093352 0.00961952 0.0071554 0.00739234 0.00653938 0.00691847 0.00592335 0.0057338 0.00507039 0.00341185 0.0046439 0.00336446 0.00364878 0.00284321 0.00255889 0.00227457 0.00241673 0.00265366 0.00222718 0.00151638 0.00161115 0.00132683 0.00151638 0.00146899 0.00137422 0.000900349 0.00995122 
0.00800837 0.0244516 0.0386676 0.0546843 0.0731178 0.0881394 0.102308 0.121358 0.130882 0.143203 0.160309 0.169834 0.181349 0.196086 0.208834 0.212861 0.224992 0.230537 0.248259 0.250723 0.258827 0.26058 0.275033 0.271716 0.279914 0.278587 0.274227 0.281999 0.289533 0.285695 0.282615 0.288491 0.281051 0.286169 0.280577 0.279961 0.268114 0.268778 0.265319 0.261622 0.256505 0.25115 0.243947 0.242336 0.2303 0.224424 0.218169 0.211772 0.206606 0.198645 0.194617 0.186514 0.174526 0.171351 0.163153 0.156803 0.154765 0.144482 0.140644 0.133631 0.125954 0.122874 0.11515 0.111027 0.104204 0.10264 0.0951526 0.0884237 0.0853436 0.0824056 0.0751554 0.071554 0.0661993 0.0628823 0.056485 0.0565798 0.0518885 0.0492822 0.0469603 0.0415582 0.0394258 0.0390467 0.0347819 0.0325547 0.0314174 0.0284321 0.0267735 0.0248781 0.0240725 0.0222244 0.0196181 0.0176753 0.016538 0.0157324 0.0157324 0.0146425 0.0123679 0.0120836 0.011515 0.00905087 0.00890871 0.00938258 0.0068237 0.00672892 0.00687108 0.00554425 0.00592335 0.00440697 0.00412265 0.00417004 0.00426481 0.00326969 0.00241673 0.00236934 0.00279582 0.00289059 0.00203763 0.00232195 0.00137422 0.00165854 0.00170592 0.00175331 0.00146899 0.0010899 0.0108042 
0.00829269 0.0222244 0.0371986 0.0563429 0.0718384 0.0862913 0.0983749 0.114723 0.125101 0.143298 0.156519 0.164574 0.182866 0.187178 0.198266 0.209118 0.221296 0.231342 0.23973 0.244279 0.254183 0.255225 0.266835 0.267356 0.275033 0.266693 0.280103 0.278018 0.274606 0.282567 0.286311 0.284652 0.277544 0.279819 0.273753 0.274606 0.269868 0.274322 0.261859 0.257547 0.253804 0.243521 0.24698 0.244895 0.225703 0.228689 0.212719 0.215847 0.210303 0.200114 0.195091 0.18187 0.180733 0.174383 0.173436 0.162252 0.156282 0.147847 0.144245 0.137753 0.124769 0.12657 0.118988 0.113397 0.107189 0.104583 0.096053 0.0948683 0.0902244 0.0850119 0.0783777 0.0739234 0.0705589 0.0648251 0.0622662 0.0581436 0.0544948 0.0537366 0.0480502 0.0457282 0.0445436 0.0397575 0.0360613 0.0359192 0.0329338 0.0311805 0.0302802 0.0272 0.0249728 0.0216084 0.0220349 0.0182913 0.0165854 0.0173436 0.0172488 0.0145951 0.0118467 0.0129366 0.0114676 0.0117993 0.0096669 0.00928781 0.00876655 0.00658676 0.00720279 0.00620767 0.00677631 0.00511777 0.00440697 0.00507039 0.00383833 0.00402788 0.00345923 0.00293798 0.00270105 0.00293798 0.00265366 0.00236934 0.00184808 0.00161115 0.00170592 0.00217979 0.00156376 0.00137422 0.0121784 
0.00800837 0.0206606 0.0378146 0.0533101 0.0685687 0.0817422 0.0994175 0.109843 0.122637 0.138322 0.154623 0.167086 0.17244 0.184808 0.189642 0.207365 0.215278 0.224092 0.230205 0.240677 0.249539 0.253282 0.257879 0.262665 0.270152 0.271147 0.269299 0.282473 0.276454 0.276928 0.277829 0.276218 0.279156 0.276218 0.275696 0.265082 0.270057 0.266835 0.265935 0.25205 0.251576 0.246743 0.24589 0.232195 0.236034 0.223381 0.21561 0.220254 0.210729 0.204569 0.197129 0.191016 0.184998 0.177037 0.171445 0.162015 0.156424 0.153438 0.147041 0.135289 0.132351 0.130077 0.120315 0.116335 0.108942 0.10482 0.102261 0.0922147 0.093352 0.0872391 0.0834955 0.0762453 0.0742077 0.0698955 0.0637352 0.0589965 0.0572432 0.0514147 0.0509408 0.0494244 0.046676 0.0456335 0.0399471 0.0374356 0.0358718 0.0312279 0.0293798 0.0277213 0.0244516 0.0252572 0.0228404 0.0229352 0.0200446 0.0183387 0.0182913 0.0160641 0.0137422 0.0130314 0.0128418 0.0112781 0.0111359 0.00938258 0.00919303 0.00815053 0.00748711 0.00729756 0.00668154 0.00630244 0.0057338 0.00511777 0.00435958 0.00412265 0.00336446 0.0036014 0.00331707 0.00336446 0.00232195 0.00194286 0.00217979 0.00217979 0.00241673 0.0014216 0.00184808 0.00151638 0.0148321 
0.00852962 0.0216084 0.0385254 0.0512251 0.0662467 0.0819317 0.0950579 0.106478 0.121737 0.133204 0.147183 0.160783 0.170829 0.181444 0.186893 0.200162 0.215183 0.216463 0.222528 0.233617 0.240488 0.246506 0.255794 0.256126 0.271195 0.259064 0.271242 0.274133 0.275554 0.267641 0.275128 0.271479 0.281762 0.276407 0.273801 0.269441 0.269868 0.265082 0.259253 0.252761 0.255983 0.249112 0.236318 0.237834 0.228783 0.220585 0.2167 0.214141 0.213714 0.210018 0.201631 0.196797 0.185282 0.175236 0.172535 0.160546 0.159314 0.15595 0.145714 0.143487 0.132067 0.133536 0.128939 0.117614 0.115766 0.102592 0.10662 0.0962425 0.0921673 0.0893715 0.0843485 0.0827847 0.0764349 0.0729756 0.0660098 0.0659624 0.0573854 0.0567694 0.0518885 0.0503721 0.0459652 0.0453491 0.0408 0.0408948 0.0373882 0.0329812 0.0345923 0.0296641 0.0262997 0.0253519 0.0245937 0.0233617 0.020945 0.0195707 0.0183861 0.0183387 0.0155429 0.0145004 0.0132683 0.0119415 0.0119415 0.00985645 0.0102829 0.0089561 0.00838746 0.00672892 0.00687108 0.00611289 0.00701324 0.00601812 0.00540209 0.00507039 0.00402788 0.00426481 0.00350662 0.00293798 0.00312753 0.0025115 0.00270105 0.00217979 0.00227457 0.00217979 0.00199024 0.00208502 0.0170119 
0.00758188 0.0215136 0.0366774 0.0514147 0.06383 0.0792307 0.0912669 0.105151 0.119367 0.127755 0.14434 0.153344 0.16936 0.174999 0.183434 0.193054 0.203384 0.216321 0.22196 0.231769 0.236176 0.25006 0.24788 0.250581 0.258495 0.264276 0.267214 0.262997 0.272948 0.268351 0.273564 0.271479 0.272379 0.273185 0.270436 0.260438 0.266029 0.262049 0.258921 0.251955 0.253188 0.245653 0.242241 0.240962 0.232669 0.221723 0.217647 0.212008 0.214804 0.204853 0.204474 0.192438 0.186988 0.180212 0.176563 0.167512 0.163958 0.157893 0.15178 0.142587 0.138606 0.131404 0.126096 0.11714 0.116335 0.112259 0.104488 0.0996544 0.0961952 0.0911248 0.0850593 0.0837798 0.0766718 0.0760084 0.0726913 0.0670997 0.0620767 0.0580962 0.0531206 0.0504195 0.0510829 0.0485714 0.0441645 0.0415108 0.0402314 0.0379094 0.0337394 0.0304697 0.0285268 0.0272 0.0273896 0.0244042 0.0216558 0.0207554 0.0208028 0.0205185 0.0183387 0.0149742 0.0146425 0.012984 0.0120836 0.0110885 0.0107568 0.00829269 0.00905087 0.00900349 0.00777143 0.00710802 0.00758188 0.00663415 0.00554425 0.00492822 0.00417004 0.00469129 0.00369617 0.00312753 0.00426481 0.00312753 0.00199024 0.00241673 0.00289059 0.00199024 0.00241673 0.00265366 0.0191443 
0.00592335 0.0215136 0.0374829 0.0480976 0.0654885 0.0740655 0.0896558 0.101976 0.113017 0.127992 0.141829 0.147752 0.1641 0.170213 0.182155 0.189405 0.200778 0.210113 0.217031 0.22267 0.234422 0.238735 0.251387 0.256031 0.255889 0.251292 0.260959 0.259727 0.269062 0.263707 0.274891 0.26456 0.270578 0.267072 0.271811 0.259016 0.257879 0.259964 0.256742 0.255083 0.247928 0.247075 0.242004 0.237597 0.232053 0.231769 0.222054 0.212767 0.211535 0.19874 0.201394 0.193149 0.186941 0.18187 0.177795 0.171114 0.163011 0.158319 0.153486 0.146899 0.140786 0.139222 0.130977 0.122447 0.117851 0.109227 0.110222 0.10245 0.0959108 0.0956265 0.0920725 0.085154 0.0801784 0.0785199 0.0718384 0.0682843 0.0643986 0.0594704 0.0566272 0.0574802 0.0534997 0.0483819 0.0453965 0.0430272 0.0417004 0.0403261 0.0346397 0.0318439 0.0294746 0.0283847 0.0284321 0.0244516 0.0244516 0.0233143 0.0229352 0.0209923 0.0201394 0.0163011 0.0155429 0.0148321 0.0124153 0.0114676 0.0125575 0.0105199 0.0089561 0.00905087 0.00800837 0.00867178 0.00758188 0.00634983 0.00668154 0.00601812 0.00549687 0.00459652 0.00521255 0.00402788 0.00336446 0.00284321 0.00312753 0.00274843 0.00265366 0.00260627 0.00265366 0.00208502 0.021561 
0.00677631 0.0211819 0.0340711 0.0469129 0.0610816 0.0777143 0.0845854 0.100886 0.108374 0.122732 0.138464 0.144814 0.158224 0.169171 0.182913 0.184098 0.198788 0.20817 0.213383 0.216747 0.222955 0.237692 0.239161 0.252145 0.25442 0.252572 0.252429 0.260769 0.256078 0.266172 0.264703 0.263423 0.270721 0.271195 0.26167 0.264466 0.254277 0.256978 0.253377 0.248686 0.244468 0.248401 0.243805 0.240535 0.2312 0.228641 0.215183 0.214046 0.209686 0.203574 0.201726 0.193622 0.192485 0.183813 0.174383 0.172298 0.168365 0.157608 0.156898 0.148321 0.14851 0.139507 0.131783 0.124817 0.119036 0.116666 0.114297 0.107805 0.101929 0.0988488 0.0905561 0.0839694 0.0837798 0.0778091 0.0744446 0.0686161 0.068853 0.0636878 0.0591861 0.0582857 0.0539262 0.0502774 0.0479554 0.046439 0.0424586 0.0385728 0.0367721 0.0371512 0.0338815 0.0304697 0.0289533 0.0262049 0.0281951 0.0234565 0.0224613 0.0212293 0.0205185 0.0188599 0.0173436 0.0169171 0.0136 0.0117519 0.0133631 0.0117519 0.00928781 0.00919303 0.00971429 0.00938258 0.0089561 0.00725018 0.0064446 0.00597073 0.00535471 0.0046439 0.00469129 0.00483345 0.00469129 0.00435958 0.00303275 0.00326969 0.00246411 0.00208502 0.00265366 0.0025115 0.024499 
0.00668154 0.0198077 0.0309436 0.0440697 0.0613659 0.0744446 0.0872864 0.0958635 0.112401 0.120599 0.131356 0.14017 0.152965 0.166801 0.176374 0.187794 0.189594 0.198408 0.208597 0.216321 0.227741 0.22613 0.238924 0.243805 0.244895 0.253804 0.254751 0.255841 0.257689 0.256078 0.260343 0.266645 0.260106 0.259111 0.265413 0.256836 0.259774 0.257831 0.247833 0.245132 0.246838 0.244705 0.235844 0.233996 0.227883 0.231674 0.22286 0.216321 0.209686 0.202057 0.202389 0.195707 0.187746 0.186609 0.182818 0.174004 0.168413 0.161447 0.157419 0.157087 0.149884 0.14107 0.1351 0.127186 0.120789 0.11733 0.108942 0.110838 0.105246 0.0994648 0.0952948 0.0897032 0.0852014 0.0825004 0.0776669 0.0725018 0.0693269 0.065062 0.0636878 0.0566272 0.056485 0.055869 0.0516516 0.0469603 0.0423164 0.0404209 0.0388572 0.038715 0.0359666 0.036393 0.0299484 0.0279108 0.0255889 0.0239303 0.025115 0.0241673 0.019476 0.0199498 0.0183861 0.0175805 0.0153533 0.0143582 0.0119415 0.0135052 0.0112781 0.0107094 0.0103777 0.00848223 0.00961952 0.00800837 0.00734495 0.00597073 0.0057338 0.00625505 0.00511777 0.0046439 0.00478606 0.00440697 0.00364878 0.00355401 0.00303275 0.00303275 0.0021324 0.00217979 0.0277213 
0.00672892 0.0194286 0.0326021 0.0468181 0.0577645 0.0706063 0.0827847 0.0979485 0.106146 0.113918 0.127565 0.141118 0.152301 0.159741 0.171777 0.179785 0.188647 0.194617 0.203242 0.209544 0.223808 0.231958 0.233996 0.244705 0.243047 0.242336 0.249634 0.246648 0.252477 0.251813 0.261433 0.255415 0.264323 0.263944 0.256552 0.251292 0.251861 0.249491 0.251955 0.248117 0.241767 0.241815 0.237503 0.236128 0.232337 0.225751 0.224329 0.215041 0.212103 0.203005 0.201015 0.198645 0.185377 0.183813 0.181728 0.179122 0.171682 0.164622 0.163674 0.15505 0.150406 0.143013 0.136616 0.128039 0.128513 0.12131 0.119746 0.112354 0.104535 0.10136 0.0951526 0.0925464 0.0897506 0.0823582 0.0809366 0.0747289 0.0690425 0.0660572 0.0636878 0.0601338 0.0597547 0.0560112 0.0534997 0.0494244 0.0460599 0.0450648 0.0399471 0.0407052 0.0380516 0.0334551 0.0326021 0.0300906 0.0280056 0.0274843 0.0252572 0.0241199 0.0222718 0.0200446 0.0195707 0.0180544 0.0154007 0.0159693 0.0143582 0.0137422 0.0116098 0.012131 0.0120836 0.0108042 0.00867178 0.00909826 0.00777143 0.0075345 0.00587596 0.00668154 0.00507039 0.00469129 0.00521255 0.0039331 0.0039331 0.00355401 0.00364878 0.00379094 0.00293798 0.00265366 0.0301854 
0.00525993 0.0168697 0.0318913 0.0435011 0.0591387 0.0705115 0.0842537 0.0937784 0.0999861 0.115861 0.128134 0.137043 0.147562 0.157277 0.166754 0.179169 0.189689 0.1913 0.202484 0.20727 0.211629 0.231484 0.230347 0.229162 0.239682 0.23627 0.242336 0.244042 0.250866 0.252335 0.25096 0.258258 0.258305 0.2584 0.253424 0.251529 0.253756 0.246222 0.25115 0.24499 0.239588 0.241909 0.23646 0.239398 0.22722 0.221581 0.220728 0.2185 0.215089 0.203953 0.199072 0.198788 0.192106 0.190684 0.182913 0.170355 0.170877 0.166896 0.165096 0.154718 0.149221 0.147657 0.139128 0.134578 0.130551 0.125054 0.113112 0.115197 0.105767 0.106431 0.102545 0.0930676 0.086623 0.0837324 0.0821213 0.0814579 0.0718857 0.070322 0.0707011 0.0624084 0.0602286 0.0548265 0.0523624 0.0522676 0.0510829 0.0446383 0.0436906 0.0415108 0.0417951 0.0355875 0.0353031 0.0327443 0.0298537 0.0282899 0.0272 0.0250676 0.0218453 0.0219875 0.0199498 0.0191916 0.0161115 0.0158746 0.0158272 0.0147373 0.0132209 0.012984 0.0118941 0.0102355 0.0103303 0.00942997 0.00848223 0.00838746 0.00725018 0.00616028 0.00568641 0.00668154 0.00497561 0.005023 0.00445436 0.00303275 0.00383833 0.00369617 0.00341185 0.00312753 0.0339763 
0.00597073 0.0178174 0.0311805 0.0444014 0.0567694 0.0661046 0.0778091 0.0914565 0.101029 0.116382 0.127565 0.135431 0.148321 0.154434 0.166991 0.175426 0.183719 0.187841 0.199356 0.204758 0.212719 0.218027 0.219685 0.22902 0.228404 0.230774 0.238308 0.24679 0.24172 0.245132 0.254799 0.254514 0.257073 0.253661 0.247596 0.258163 0.245795 0.251292 0.245037 0.23973 0.241293 0.24063 0.238592 0.227551 0.229352 0.222907 0.219401 0.216747 0.212956 0.211155 0.196655 0.194428 0.189974 0.191158 0.182723 0.172725 0.17789 0.164811 0.169882 0.157182 0.152206 0.147894 0.140881 0.13908 0.129176 0.123964 0.124959 0.111169 0.108705 0.104867 0.104535 0.0963847 0.0928781 0.0879499 0.0852488 0.0829742 0.0770035 0.071791 0.0707485 0.0663415 0.0620767 0.0565798 0.0562481 0.0534523 0.0513199 0.0467234 0.0451122 0.0422216 0.0413213 0.0405631 0.0374829 0.0334551 0.0291429 0.0305171 0.0275791 0.0266314 0.0239303 0.0222244 0.0211345 0.0198551 0.0179596 0.0170592 0.0152112 0.0147847 0.0135052 0.0141213 0.012131 0.0121784 0.0122258 0.0089561 0.00914565 0.00852962 0.00829269 0.00710802 0.00672892 0.00597073 0.00544948 0.00549687 0.00530732 0.00435958 0.00440697 0.00421742 0.00369617 0.00289059 0.0384307 
0.00587596 0.0191443 0.0324126 0.0427903 0.0537366 0.0668627 0.0742551 0.0867652 0.0990858 0.110648 0.12567 0.131119 0.143771 0.150406 0.167275 0.170924 0.183245 0.182297 0.19239 0.206701 0.208123 0.210729 0.220112 0.225419 0.229068 0.235986 0.23447 0.233569 0.244563 0.241057 0.249302 0.245179 0.249302 0.250439 0.247406 0.246269 0.253093 0.241009 0.24172 0.239398 0.236886 0.239019 0.232716 0.236792 0.227693 0.225135 0.217979 0.218121 0.212767 0.208786 0.203479 0.196608 0.189168 0.188078 0.186135 0.182486 0.172914 0.171208 0.161447 0.159788 0.150263 0.148842 0.14524 0.143203 0.131024 0.131167 0.120978 0.115671 0.112307 0.108184 0.101597 0.101645 0.093115 0.0902244 0.0863861 0.0818844 0.080368 0.076577 0.071554 0.070085 0.0664836 0.0621715 0.0571958 0.0576697 0.0511303 0.0478133 0.0471025 0.0441645 0.0425059 0.0388098 0.035777 0.03663 0.0333129 0.0305645 0.0290481 0.0273896 0.0245937 0.0252098 0.0238355 0.0199024 0.0193812 0.0191443 0.0162063 0.0156376 0.0152585 0.0154481 0.0136474 0.0129366 0.0105673 0.0100934 0.0100934 0.00942997 0.00805575 0.00762927 0.0071554 0.00672892 0.00663415 0.00525993 0.00649199 0.00454913 0.00459652 0.0036014 0.00341185 0.00421742 0.0423164 
Angular Collision Densities:
4.04162 1.73862 1.34484 1.15079 1.04417 0.933283 0.911959 0.882105 0.86007 0.83377 0.853673 0.78046 0.79823 0.806049 0.801784 0.803206 0.853673 0.811025 0.892767 0.845854 0.944655 0.941812 0.96669 1.07189 1.13799 1.28939 1.45501 1.72654 2.33854 47.5875 
10.699 4.43967 3.65707 3.0401 2.80198 2.63352 2.37337 2.24827 2.25253 2.12814 2.1516 2.09829 2.11961 2.10611 2.07199 2.12814 2.19211 2.16723 2.20988 2.36342 2.39896 2.49634 2.59158 2.75862 3.02659 3.33366 3.80563 4.63514 6.28917 50.8166 
16.185 6.9822 5.46606 4.62234 4.26481 3.8497 3.67556 3.58813 3.38128 3.2839 3.23699 3.22846 3.15312 3.25334 3.2114 3.19292 3.3166 3.41753 3.40616 3.53908 3.68906 3.84615 4.04873 4.32167 4.70053 5.29476 5.95794 7.13929 9.69249 54.0486 
21.275 8.8573 7.08882 6.13066 5.54141 5.10285 4.83132 4.65646 4.52425 4.29111 4.29609 4.24135 4.22572 4.23282 4.18378 4.3757 4.26268 4.32878 4.38849 4.64225 4.73252 4.91235 5.30329 5.68783 6.12995 6.87274 7.7648 9.37121 12.5911 56.6303 
25.8334 11.0857 8.45925 7.43214 6.61614 6.27211 5.89326 5.70774 5.55563 5.33314 5.30045 5.21586 5.13057 5.13625 5.10995 5.11422 5.3431 5.38432 5.55776 5.70489 5.91316 6.11645 6.30694 6.91681 7.38807 8.24743 9.33496 11.3835 15.0981 59.6192 
30.3072 12.8257 10.0557 8.72509 7.86857 7.30988 6.85568 6.54009 6.38371 6.28562 6.00698 6.01551 5.92453 5.83426 6.00485 6.03897 6.13138 6.1925 6.40503 6.52161 6.74195 7.10588 7.49398 8.08395 8.69808 9.75362 10.9115 13.0418 17.448 62.4269 
34.1526 14.4996 11.4318 9.7458 8.87933 8.08253 7.72073 7.46057 7.26155 6.90686 6.82654 6.70002 6.72632 6.85497 6.78318 6.80166 6.95733 7.08811 7.30633 7.47408 7.60913 8.00789 8.57014 9.09826 9.73798 10.9208 12.5855 14.9169 19.6124 64.9623 
37.5389 16.1921 12.6423 10.8746 9.85242 9.05561 8.63837 8.20834 7.94605 7.85436 7.73921 7.40087 7.45702 7.36959 7.49825 7.65249 7.63259 7.70864 8.03135 8.10598 8.42513 8.85303 9.32998 10.1133 10.9314 11.9663 13.5955 16.256 21.7029 67.1722 
41.1448 17.4843 13.6382 11.9365 10.6926 10.0678 9.31292 8.93904 8.73007 8.32491 8.29008 8.19981 8.1927 8.08324 8.09461 8.26947 8.35832 8.56587 8.77485 9.07196 9.42949 9.64842 10.1325 10.9648 11.7943 13.147 14.9354 17.7459 23.4152 69.8555 
44.558 18.795 14.8835 12.8804 11.5683 10.6791 10.2569 9.83181 9.4231 9.04424 9.02576 8.84948 8.86014 8.78267 8.85446 8.82389 8.90492 9.15015 9.40106 9.59795 9.996 10.3585 11.038 11.7929 12.5698 14.0291 15.9092 18.9315 24.9228 71.6666 
47.6699 20.1612 15.8637 13.6986 12.3694 11.5619 10.8411 10.3706 10.1758 9.78703 9.58161 9.41741 9.41244 9.41101 9.52119 9.60648 9.6072 9.8837 10.0827 10.4502 10.6236 11.0572 11.9507 12.6395 13.5308 14.8515 16.9548 20.2593 26.9671 74.3833 
50.2828 21.3027 16.7088 14.5267 13.297 12.299 11.7318 10.9662 10.6215 10.3763 10.2881 9.97041 10.1659 9.92635 10.151 10.0969 10.1133 10.3592 10.6563 10.9506 11.3238 11.7659 12.4746 13.2543 14.3554 15.8111 17.9762 21.1783 28.4164 76.9194 
53.2056 22.6582 17.6734 15.3846 13.8087 12.7944 12.1177 11.7012 11.0885 10.8475 10.8248 10.6307 10.5277 10.4722 10.5327 10.5106 10.8106 10.9293 11.2456 11.4048 11.9514 12.4923 13.0411 13.8948 15.1657 16.664 18.7858 22.4663 29.7122 78.5564 
56.2585 23.7102 18.6379 16.0279 14.538 13.4647 12.7326 12.1689 11.9123 11.5214 11.2328 11.1731 11.0686 10.9826 11.2065 11.1695 11.2029 11.4574 11.9393 12.1256 12.7411 13.223 13.6097 14.8579 15.7201 17.0934 19.7709 23.2418 30.8957 81.0179 
58.6084 24.8589 19.5527 16.868 15.1436 14.0661 13.1562 12.6942 12.3338 11.9749 11.5946 11.682 11.4972 11.4759 11.4432 11.6522 11.9294 11.9756 12.1753 12.5549 12.9245 13.5479 14.2438 15.0256 16.2923 18.0856 20.6488 24.3961 31.6804 83.2505 
60.497 25.6713 20.2415 17.4729 15.7492 14.624 13.7661 13.2899 12.6395 12.3694 12.149 12.1376 11.8889 11.9436 11.9408 11.9393 12.1547 12.5712 12.729 13.2785 13.614 14.1279 15.0811 15.8246 16.9228 18.6799 20.963 25.0899 32.7999 84.4447 
62.9642 26.6579 21.0149 18.0295 16.3861 15.1721 14.2331 13.7903 13.1832 12.9138 12.6182 12.5712 12.5094 12.3708 12.358 12.5066 12.7184 12.8385 13.0915 13.469 13.9857 14.7413 15.3043 16.2752 17.613 19.4411 21.9986 25.9912 33.9166 86.5067 
65.0241 27.4924 21.6908 18.8753 16.8417 15.5459 14.7434 14.1236 13.7675 13.4626 13.1278 12.7248 12.9394 12.7141 12.8548 12.9259 13.0802 13.346 13.609 13.9793 14.624 15.059 15.8175 16.8531 18.2377 19.9508 22.5943 26.7148 35.1634 88.1067 
67.153 28.8578 22.3384 19.4298 17.3471 16.2006 15.1827 14.5409 14.3546 13.7881 13.5919 13.3154 13.2628 13.2046 13.3304 13.2664 13.609 13.7633 14.0888 14.4264 14.661 15.531 16.5965 17.3635 18.7339 20.626 23.0797 27.4021 35.8934 89.9221 
68.6883 29.1621 23.0413 19.7745 17.8909 16.7621 15.6753 14.9887 14.5885 14.2075 13.9516 13.5756 13.4917 13.5699 13.5884 13.7192 13.8208 14.1691 14.5089 14.9084 15.3199 15.9788 16.7465 17.9612 19.2848 21.1527 23.4913 28.1968 36.7982 91.6145 
71.1171 30.0371 23.8972 20.2358 18.2939 16.9839 16.0371 15.4869 14.8351 14.4613 14.1322 14.2196 14.1322 13.9886 13.9815 13.9097 14.1364 14.6361 14.8572 15.2666 15.6092 16.4124 17.1623 18.3906 19.7589 21.4157 24.5184 28.705 37.5673 93.4526 
72.3049 30.5602 24.2398 20.7888 18.994 17.2419 16.3754 15.6604 15.2133 15.0519 14.5004 14.3141 14.3198 14.3056 14.3582 14.4996 14.5736 14.8806 15.1024 15.5154 15.9781 16.8382 17.6961 18.6614 20.2607 22.1173 24.8034 29.3959 38.4657 94.7399 
74.4735 31.6655 24.7409 21.4563 19.3047 17.6805 16.9548 16.1231 15.6924 15.1259 14.9929 14.7122 14.5217 14.7463 14.7243 14.5743 14.7278 15.0789 15.4009 15.8829 16.3527 17.0273 17.9449 18.9429 20.4739 22.73 25.4595 30.1771 38.9882 95.8168 
76.1652 32.1389 25.2271 21.8849 19.6594 18.3095 17.1303 16.4977 15.9127 15.5495 15.2986 14.8081 15.0271 15.059 14.9034 14.9752 15.5395 15.4578 15.8928 16.1764 16.797 17.2725 18.1631 19.461 20.9175 22.9525 25.8248 30.4628 39.6514 97.2924 
77.6842 32.6478 25.64 22.3163 20.1271 18.5626 17.5163 16.9235 16.2923 15.6789 15.6092 15.3434 15.0207 15.0605 15.2545 15.1052 15.3092 15.5204 16.0229 16.6299 17.0066 17.8177 18.8526 19.7269 21.4506 23.406 26.1753 31.3257 40.4041 98.8185 
78.7383 33.2733 26.257 22.7904 20.3808 18.9286 17.8831 17.1012 16.4551 16.2098 15.8743 15.6312 15.6419 15.5445 15.4301 15.536 15.7947 16.0073 16.3157 16.6299 17.2433 17.8873 18.8675 20.196 21.7505 23.7777 26.4155 31.4146 41.09 99.7667 
80.0505 34.0865 26.5826 23.0065 21.0234 19.4141 18.3088 17.6599 16.7998 16.2859 16.0293 15.9177 15.6988 15.8054 15.7236 15.9866 15.9276 16.4323 16.5823 16.7891 17.5028 18.2761 19.3438 20.577 21.9204 24.0749 27.1455 32.0792 41.5869 100.677 
81.3285 34.8158 27.2656 23.3115 21.2196 19.7738 18.4716 17.6229 17.1431 16.6178 16.3996 16.0989 15.9262 16.0726 16.0606 16.1018 16.2518 16.5802 17.0337 17.3549 17.8063 18.6784 19.5343 20.6794 22.0924 24.6861 27.4967 32.5348 42.2458 102.011 
82.974 35.061 27.7525 23.8851 21.5259 20.1313 18.7751 17.8582 17.3407 16.9348 16.5659 16.2702 16.2063 16.239 16.2759 16.2589 16.6086 16.9121 17.114 17.5341 18.2257 18.9841 19.9323 21.1037 22.6113 24.7913 27.9054 32.7175 42.4526 103.175 
84.5399 35.3325 27.9779 24.2504 21.7818 20.0631 18.8334 18.1724 17.512 17.2966 17.0223 16.4942 16.3776 16.384 16.4053 16.3555 16.7124 16.7458 17.1872 17.8688 18.4297 18.864 20.1832 21.3198 22.8395 25.1496 28.2999 33.3544 43.0177 104.245 
85.1078 36.4066 28.6105 24.6193 22.0739 20.6559 19.2585 18.5292 17.9932 17.2753 17.0251 16.8567 16.6534 16.5958 16.819 16.7778 16.9775 17.0863 17.8162 17.9804 18.6728 19.3494 20.1939 21.4975 23.2532 25.301 28.2906 33.6387 43.9041 105.275 
86.3525 36.5921 28.904 24.797 22.4528 20.6964 19.6771 18.7566 18.1674 17.7011 17.1509 16.7422 16.8602 16.8126 16.8382 17.0265 17.3727 17.4196 17.8148 18.483 18.935 19.4937 20.6559 21.5814 23.4081 25.6244 28.9709 33.8299 43.7889 106.366 
87.0576 37.0548 29.2815 25.1183 22.8821 21.0682 19.7987 18.9862 18.4119 17.7963 17.5184 17.2298 17.1275 17.0777 17.0891 17.281 17.3201 17.4822 18.0664 18.4553 19.2293 19.7027 20.6708 22.1031 23.5922 25.9514 29.2879 34.3623 44.4159 107.015 
88.0001 37.3597 29.6518 25.2818 22.9895 21.2096 20.0389 19.2684 18.6152 17.7892 17.6961 17.3379 17.3421 17.1381 17.2227 17.264 17.721 17.9179 17.9548 18.8867 19.3267 20.1569 20.8791 22.1216 23.7991 25.9777 29.6468 34.6025 44.9006 107.699 
89.4011 38.1032 29.6788 25.4673 23.2681 21.6439 20.4498 19.23 18.7374 18.3095 17.9243 17.7466 17.463 17.3947 17.5113 17.5668 17.8504 17.876 18.3657 18.7772 19.2549 20.051 21.1897 22.2346 24.1573 26.321 29.4833 34.9551 45.4444 108.268 
90.1652 38.3278 30.0904 25.8199 23.1835 21.8358 20.3908 19.67 18.9144 18.0373 18.1439 18.0416 17.5945 17.362 17.5113 17.6094 17.9612 18.3145 18.704 18.9386 19.5421 20.437 21.5302 22.8196 24.4423 26.6607 29.7534 35.157 45.6285 109.83 
91.1098 38.6776 30.1863 26.5605 23.7493 21.9545 20.5564 19.8619 18.9713 18.5498 18.0345 17.9612 17.6307 18.0089 17.7075 17.8959 17.9705 18.3671 18.7772 19.1405 19.8072 20.6289 21.4875 22.6184 24.6492 27.083 29.966 35.3915 46.136 110.303 
91.697 39.136 30.7045 26.3551 23.632 21.897 20.9296 19.8655 19.2691 18.719 18.1738 18.0316 17.8248 17.7565 17.888 17.9492 18.3373 18.5022 18.9279 19.358 19.9714 20.7739 21.764 23.0193 24.7323 26.9181 30.3534 36.0213 46.291 110.488 
92.953 39.7011 30.8993 26.5954 24.1978 22.3178 21.1776 19.97 19.3722 18.923 18.4261 18.4318 17.9854 17.9456 18.0067 18.3245 18.4595 18.8142 19.171 19.5229 20.2685 20.8812 22.1742 23.1814 24.9776 27.1512 30.5097 35.9637 46.5497 111.988 
93.2614 39.3514 31.2184 26.8925 24.1019 22.4258 21.3802 20.2564 19.5492 19.213 18.6209 18.414 18.4816 18.323 18.2463 18.2662 18.6728 18.7573 19.0132 19.3608 20.3083 21.135 22.2986 23.1579 25.0024 27.2735 30.782 36.4627 46.5397 111.992 
93.8813 40.2136 31.2099 27.1811 24.3869 22.5544 21.3091 20.3965 19.6331 19.2585 18.6571 18.4865 18.2619 18.3891 18.2164 18.4218 18.5569 19.0061 19.0857 19.6778 20.5322 21.2914 22.2268 23.6128 24.9605 27.523 30.9369 36.4044 46.8866 113.054 
94.9496 40.3138 31.5077 27.1668 24.6023 22.7748 21.4172 20.7888 19.7965 19.3516 19.1014 18.6258 18.3749 18.1276 18.3309 18.5711 18.7829 18.9642 19.4127 19.6721 20.1605 21.0902 22.3426 23.7024 25.3415 27.8094 31.3392 36.6305 47.1169 113.398 
95.3569 40.1745 31.7067 27.2201 24.5056 22.8899 21.5735 20.8549 20.0389 19.3772 18.935 18.6301 18.6898 18.4517 18.5661 18.6216 18.6024 18.9549 19.5805 20.0901 20.5955 21.7121 22.2516 23.6789 25.6443 27.9011 31.2077 36.7719 47.3486 113.643 
95.6732 40.7638 31.8539 27.4291 24.7857 23.1856 21.8515 20.732 19.9771 19.6103 19.0218 18.8633 18.7602 18.4972 18.7403 18.6763 18.8199 19.2023 19.5442 19.8726 20.4654 21.356 22.6909 23.9334 25.4197 27.8911 31.5084 36.9077 48.0239 114.259 
96.6385 40.628 31.8659 27.5137 25.055 23.3441 21.8643 20.8037 20.0908 19.407 19.053 19.0921 18.8213 18.8597 18.6848 18.6692 19.0594 19.385 19.6288 20.1989 20.6843 21.8365 22.8395 23.932 25.8817 28.4065 31.534 37.1408 47.8775 114.76 
97.2092 40.8739 31.9242 27.749 25.2868 23.3051 21.796 21.0092 20.1228 19.751 19.4753 19.1362 18.6685 18.805 18.7055 18.7602 19.1526 19.385 19.7681 20.5187 20.8933 21.6411 22.912 24.1068 26.0246 28.1662 31.7735 37.4166 47.8149 115.065 
97.146 40.9017 32.4779 28.1214 25.2221 23.4735 21.9332 21.1947 20.5891 19.8356 19.52 19.0694 19.041 19.0267 18.9848 19.1298 19.1931 19.5186 19.9835 20.4682 21.0952 21.941 22.74 24.2348 25.8121 28.4889 31.6683 37.3533 48.2912 115.662 
98.0693 41.5101 32.6628 27.8613 25.5192 23.3719 22.0754 21.0781 20.4292 20.0411 19.3423 19.3018 18.8341 18.8618 18.8171 19.1824 19.154 19.6785 19.9024 20.5976 20.9665 22.1138 23.0598 24.2568 25.9236 28.5629 31.9157 37.8985 48.358 115.932 
99.0196 41.68 32.694 28.2586 25.6941 23.6413 22.3327 21.4968 20.1569 19.8996 19.3864 19.3267 19.1454 18.9329 18.9962 19.1852 19.3793 19.589 20.0162 20.6708 21.3703 22.0377 23.0591 24.372 26.1241 28.7484 32.1119 37.863 48.5876 116.045 
98.6188 41.9657 32.4637 28.1563 25.6784 23.8666 22.1344 21.3461 20.4171 20.0254 19.5094 19.5812 18.9869 19.235 19.0687 19.3004 19.3544 19.729 20.0993 20.6658 21.3049 22.1472 23.1757 24.4395 25.9613 28.5529 32.2597 37.8218 48.616 116.709 
98.9919 41.9273 33.0004 28.1748 25.5618 23.6832 22.403 21.3489 20.7874 20.1925 19.869 19.5364 19.4888 19.1632 19.1191 19.547 19.2727 19.879 20.2557 20.6147 21.4257 22.3362 23.2745 24.5504 26.257 28.5337 32.4538 37.9284 48.8235 117.402 
99.2059 42.0759 33.144 28.4761 25.854 24.0187 22.6781 21.6261 20.658 20.1853 19.7269 19.2919 19.38 19.3089 19.1867 19.4205 19.869 20.0937 20.5955 20.7327 21.3937 22.332 23.1025 24.4473 26.3793 28.8571 32.419 38.0627 49.0809 117.292 
99.67 42.5792 33.0537 28.9318 25.7602 23.8424 22.7535 21.4676 20.8457 20.26 19.8164 19.4219 19.4362 19.4539 19.4241 19.3423 19.5222 19.7823 20.3446 20.8933 21.3461 22.3092 23.2958 24.9292 26.2847 28.6851 32.5234 37.863 49.2315 117.228 
100.05 42.4903 33.2883 28.6268 26.1682 24.0656 22.5637 21.4996 20.835 20.1335 19.97 19.751 19.5279 19.4056 19.5136 19.5755 19.7169 19.8186 20.3439 21.0092 21.516 22.3405 23.2205 25.0458 26.6721 29.0881 32.6443 37.7038 49.1839 117.974 
100.425 42.9587 33.2541 28.4001 26.1461 23.9149 22.8125 21.7413 21.1073 20.3168 19.9017 19.4859 19.4845 19.245 19.589 19.729 19.6906 20.0858 20.599 20.9232 21.7527 22.5658 23.3242 24.6343 26.574 28.9659 32.6023 38.4067 49.2259 117.523 
100.707 42.4107 33.8235 28.5074 26.2527 24.2753 22.671 21.6226 21.0156 20.3254 20.0503 19.8498 19.5357 19.3445 19.2016 19.5669 20.0453 20.2145 20.2266 20.904 21.6183 22.2751 23.6 24.952 26.5797 29.0249 32.4126 38.2099 49.2514 117.321 
100.655 43.1236 33.3601 29.0604 26.1205 24.3798 22.8907 21.7065 21.1414 20.2813 20.0567 19.7894 19.4973 19.5499 19.4497 19.7013 19.6473 20.0631 20.5656 21.0205 21.5174 22.3725 23.175 24.8546 26.8136 29.3327 32.6052 38.0641 49.4057 117.749 
101.195 43.027 33.6294 28.7356 26.2115 24.2568 22.9091 21.774 21.0952 20.4704 19.9813 19.8321 19.6103 19.6743 19.7127 19.4703 20.0823 20.1733 20.5578 20.8933 21.5792 22.4976 23.5944 24.883 26.6195 29.1912 32.6123 38.2625 49.228 118.469 
101.391 42.7298 33.5548 29.0732 26.2748 24.3222 23.1899 21.9759 21.2373 20.5941 20.3104 19.9216 19.6053 19.7148 19.5819 19.6807 19.8641 20.3275 20.5535 21.2771 21.8152 22.6262 23.6747 24.8191 26.746 29.1969 32.881 38.3733 49.4739 118.221 
101.28 43.2921 33.8441 28.9915 26.2833 24.153 22.8835 22.1379 21.2295 20.6381 20.2365 19.7333 19.8207 19.6252 19.5343 19.7745 19.916 19.9806 20.6559 20.9758 21.8508 22.595 23.7408 25.0629 26.8121 29.1983 32.8248 38.3549 49.6701 118.056 
101.266 43.1158 33.7922 29.1287 26.3651 24.5426 23.1465 21.9517 21.0255 20.4441 20.2259 19.6928 19.7738 19.7823 19.9316 19.7048 19.9486 19.9941 20.5528 21.3788 21.7839 22.4841 23.8403 25.0842 26.7944 29.1912 32.79 38.4245 49.6111 118.643 
102.11 43.2039 33.9635 29.1834 26.3608 24.6101 22.9056 22.0036 21.1641 20.641 20.4526 19.9394 19.9586 19.6714 19.8541 19.8335 20.0602 20.3957 20.8158 21.1037 21.7598 22.4613 23.6164 25.0394 26.9188 29.2914 32.8518 38.5581 49.496 118.864 
101.926 43.3468 33.8242 29.1379 26.338 24.2341 23.0136 21.9417 21.1798 20.5699 20.1079 19.8989 19.8754 19.9174 19.7788 19.7901 19.857 20.159 20.604 21.2004 21.7257 22.6333 23.5993 25.0998 26.7908 29.3575 32.9194 38.5041 49.8059 118.804 
101.819 43.3198 33.9657 29.2339 26.5733 24.2327 23.0861 21.823 21.2487 20.8101 20.3766 19.8897 19.9437 19.7802 19.8122 19.8669 20.1327 20.4853 20.6658 21.2871 21.823 22.5822 23.723 25.124 26.9344 29.4741 32.999 38.7294 49.7113 118.844 
101.673 43.1037 33.8505 29.3554 26.3075 24.4466 23.1856 21.7257 20.9765 20.7391 20.0588 19.8889 19.5243 19.6736 19.7233 19.8548 20.1505 20.3261 20.7625 21.2245 22.0142 22.6369 23.5126 25.0586 27.0197 29.3618 33.1248 38.4075 49.5919 118.336 
101.623 42.9402 33.9401 29.3334 26.574 24.6307 22.9973 22.0981 21.275 20.7675 20.4178 19.9195 19.697 19.6729 19.9309 19.8925 19.884 20.405 20.7298 21.2878 21.8614 22.6696 23.9071 25.028 27.051 29.2488 32.7303 38.4586 49.9025 118.341 
102.215 43.4613 34.282 29.3191 26.488 24.431 23.0413 21.9943 21.1989 20.8393 20.2323 19.847 20.0652 19.8498 19.6451 19.8129 20.014 20.2259 20.626 21.1577 21.8962 22.7009 23.6562 25.2036 27.0609 29.3028 32.9684 38.2248 49.5052 118.256 
102.089 43.4307 33.9017 29.5708 26.5022 24.4722 22.9589 21.9424 21.383 20.5976 20.3481 20.1363 19.8875 19.692 19.7191 19.7503 20.0297 20.2451 20.5457 21.1989 21.7953 22.708 23.8183 25.0813 26.9358 29.3874 32.8454 38.3556 49.5734 118.818 
102.103 43.3667 34.0609 29.4066 26.552 24.281 22.9546 21.9446 21.2444 20.963 20.5287 20.024 19.7617 19.6928 19.7105 19.6807 20.0275 20.3716 20.7618 21.2992 22.1017 22.8274 23.7664 25.2157 26.7745 29.4379 33.2406 38.4707 49.2834 118.485 
102.104 43.28 34.1505 29.3199 26.3914 24.5667 23.106 21.8827 21.4747 20.6829 20.1839 20.051 19.8122 19.6935 19.5954 20.0411 19.9486 20.4085 20.7632 21.0276 21.5714 22.5722 23.8147 25.1972 26.8655 29.2879 32.8113 38.5055 49.6225 118.773 
102.038 42.9715 34.0382 29.521 26.4304 24.4096 22.789 22.0576 21.1428 20.6964 20.1263 20.0993 19.6729 19.6999 19.7233 20.0716 19.8747 20.2706 20.7583 21.1158 22.1777 22.7321 24.0287 25.1816 26.9465 29.371 32.9322 38.3705 49.4761 117.786 
102.22 43.0696 33.7282 29.2076 26.3373 24.3627 22.9745 22.241 21.2608 20.6474 20.3638 19.8506 19.7112 19.8264 19.7361 19.6387 19.9181 20.2955 20.4334 21.2032 21.9901 22.6476 23.5055 25.1098 26.6828 28.9197 32.94 38.1708 49.469 117.732 
101.648 43.1393 33.8363 28.9637 26.2997 24.4544 22.9319 22.2111 21.2139 20.6943 20.2138 20.1697 19.7752 19.8157 19.6821 19.5648 19.9309 20.25 20.523 20.9537 21.7861 22.5132 23.3577 25.0003 26.6842 29.2303 32.5597 38.217 49.3296 117.888 
101.805 43.2864 33.8541 29.2004 26.1177 24.3101 22.8935 22.0725 21.0994 20.6829 20.2102 19.8463 19.8136 19.7311 19.8925 19.6892 20.0112 20.1441 20.1825 21.2217 21.705 22.6497 23.8047 24.9641 26.8939 28.8422 32.5739 38.4359 49.3545 117.66 
101.705 43.1009 33.886 29.3433 26.6344 24.3869 22.7577 21.9055 21.3518 20.427 20.105 19.9707 19.81 19.7624 19.6188 19.8989 19.9558 20.1711 20.6111 21.1677 21.7704 22.7549 23.6661 25.1979 26.6444 29.2317 32.6251 38.1786 48.9117 117.188 
101.802 43.0255 33.5271 28.8991 26.3253 24.5653 23.116 22.0263 21.1783 20.3822 20.2799 19.6842 19.9515 19.7418 19.498 19.5435 19.901 20.3232 20.5933 21.0241 21.7555 22.3618 23.6718 24.7906 27.0716 28.9829 32.554 38.3897 49.2116 117.105 
101.607 43.3212 34.0424 29.2083 26.4987 24.6229 22.8757 21.8173 21.1883 20.486 20.3282 19.9877 19.6665 19.2563 19.6551 19.5726 19.9188 20.191 20.6069 20.8969 21.7491 22.4791 23.5922 24.9314 26.6344 29.1002 32.5291 38.1985 49.1064 116.66 
101.043 43.039 33.7759 29.2424 26.1376 24.3378 22.9617 22.0675 21.0092 20.7192 20.2102 19.7944 19.6771 19.702 19.6068 19.9408 19.9479 20.1463 20.5734 20.8642 21.4911 22.5573 23.7429 25.0565 26.6387 28.7811 32.5114 38.2155 48.7446 116.672 
101.384 43.1265 33.6927 28.9573 26.2257 24.1424 23.0918 21.7114 21.1371 20.4263 19.9039 19.7539 19.7219 19.503 19.4283 19.4923 19.5442 20.1669 20.545 20.7412 21.5671 22.5388 23.4252 24.6876 26.746 28.7526 32.237 38.0947 48.9714 116.775 
101.292 42.437 33.6479 28.941 26.2982 24.1353 22.7933 21.7399 21.1542 20.2472 20.1455 19.9088 19.5406 19.6849 19.4952 19.6025 19.7319 20.0546 20.3104 20.7618 21.5927 22.4464 23.4977 24.706 26.2997 28.7832 32.3337 37.804 48.7582 116.883 
101.368 42.4732 33.9408 29.2047 26.2456 24.1182 22.8082 21.9105 21.2096 20.5663 20.0347 19.9088 19.5193 19.3821 19.6892 19.5755 19.5542 20.073 20.26 20.9281 21.4172 22.2168 23.556 24.8048 26.1938 28.7839 32.3592 37.8957 48.6714 115.934 
101.089 43.125 33.5314 29.0938 26.3459 24.4061 23.003 21.7384 21.12 20.3744 20.4014 19.6153 19.5542 19.5755 19.6025 19.6721 19.7937 20.0133 20.2188 20.8954 21.4598 22.3767 23.1508 24.8205 26.5364 28.6055 32.2803 37.8815 48.6267 116.146 
100.944 42.717 33.5754 28.8721 26.0153 24.3251 22.9006 21.732 20.9395 20.3424 20.0709 19.9309 19.5328 19.4084 19.4603 19.4689 19.5691 19.7148 20.5137 20.7007 21.4172 22.3327 23.4465 24.6662 26.4567 28.3944 32.0252 37.5808 48.928 116.009 
100.557 42.8173 33.5655 28.7285 26.0658 24.3741 22.5253 21.8117 20.9765 20.5443 19.9963 19.5271 19.4525 19.5677 19.4227 19.4795 19.5712 20.0503 20.4462 20.7632 21.5145 22.4521 23.2525 24.6726 26.2577 28.8891 32.1602 37.5389 48.3068 115.298 
100.207 42.8123 33.5641 28.7775 26.1504 24.1246 22.6852 21.6581 20.8528 20.3694 20.0659 19.6373 19.407 19.2826 19.2535 19.4163 19.4952 19.653 20.3858 20.8727 21.1691 21.8778 23.5069 24.4459 26.3046 28.4129 31.8759 37.2922 48.1469 115.225 
99.9231 42.3083 33.2691 28.9069 25.6862 23.9576 22.762 21.5743 20.9466 20.1512 19.7518 19.6124 19.1689 19.2897 19.2798 19.2307 19.5854 19.7624 20.1342 20.8826 21.2736 22.0277 22.9333 24.5767 26.3643 28.3674 32.0479 37.4635 48.4091 114.976 
99.8897 42.2394 33.3075 28.8159 26.2506 23.8339 22.4805 21.3873 20.6857 20.3758 20.0204 19.7894 19.3956 19.1675 19.3231 19.3765 19.5151 19.5719 20.1427 20.6069 21.3184 22.2424 23.1984 24.4125 26.2727 28.3901 31.7679 37.1913 47.6628 114.794 
99.7198 42.6104 33.0978 28.7114 25.7111 23.9199 22.5466 21.693 20.6872 20.1491 19.8541 19.7112 19.2123 19.326 19.0374 19.1582 19.449 19.6437 20.1526 20.6531 21.1933 21.9595 23.0883 24.3265 26.2044 28.4427 31.8304 37.3036 47.8377 114.44 
99.2819 42.3055 33.2115 28.6332 25.8483 23.9362 22.3739 21.6425 20.6069 20.4277 19.638 19.5087 19.1789 19.3359 19.2684 19.3971 19.5151 19.5321 20.0325 20.6282 21.0547 22.2907 22.8103 24.5376 25.9997 28.2636 31.5795 37.1429 48.1369 113.928 
99.5769 42.1029 33.1177 28.6574 25.8256 24.0478 22.7414 21.2935 20.7156 20.2223 19.9522 19.5008 19.2293 19.0914 19.1099 19.2976 19.4568 19.4859 20.1029 20.7611 21.0611 21.8323 23.0037 24.0386 26.0814 28.528 31.7984 36.8842 47.4353 113.911 
98.9038 42.0553 33.1582 28.2999 25.8106 23.4302 22.3938 21.4136 20.5791 20.1121 19.7496 19.5335 19.085 19.0381 19.0601 19.2087 19.3473 19.3516 19.9586 20.5855 21.1172 21.8287 22.8118 24.2717 25.731 28.2636 31.6285 37.1607 47.6273 113.924 
98.6742 42.0077 32.7687 28.3809 25.6137 23.7244 22.2197 21.4029 20.6196 19.884 19.5314 19.3423 19.0587 18.6763 19.0559 19.0616 19.2528 19.5257 19.8897 20.2109 21.0013 21.8891 22.7805 24.0621 25.7566 28.2679 31.3591 37.0591 48.0843 112.7 
98.301 42.0077 32.8198 28.4619 25.7495 23.8318 22.2737 21.5181 20.6857 20.0546 19.3267 19.245 19.139 19.0502 19.0196 18.9713 19.0481 19.6387 19.8818 20.4498 21.0994 21.7185 22.5644 24.0244 25.6301 27.975 31.3243 36.9695 47.3117 112.724 
98.3472 41.8939 33.1184 28.1314 25.4033 23.4678 22.2531 21.2679 20.5088 20.0446 19.4809 19.4028 19.0488 19.0239 18.9699 19.0274 19.3331 19.4028 20.0183 20.3218 21.012 21.4207 22.8587 23.9412 25.7666 28.0951 31.2077 36.5523 46.8084 112.555 
98.5171 41.857 32.6976 28.2508 25.4744 23.5716 22.1706 21.1719 20.4825 20.0233 19.4326 19.1156 19.2243 18.9805 18.8661 19.0502 19.2741 19.3111 19.9145 19.9856 21.0092 21.6205 22.5338 24.0855 25.6464 28.0077 31.3172 36.5707 47.188 111.989 
97.9193 41.5975 32.5128 27.9772 25.1538 23.6114 22.0235 21.2693 20.3119 19.6992 19.2762 19.0673 18.9884 18.8455 18.7851 19.1867 19.176 19.1995 19.6068 20.2941 20.9139 21.5849 22.5943 23.8332 25.5043 27.4327 31.1772 36.6205 46.7907 112.323 
98.048 41.2805 32.4893 27.9708 25.2249 23.4607 22.086 21.162 20.2195 19.5613 19.4006 19.041 18.9173 18.6976 18.6273 18.9777 18.9343 19.1973 19.7105 20.0162 20.8101 21.6162 22.4727 23.8744 25.2697 27.3488 31.0947 36.2196 46.9691 111.708 
97.308 41.2038 32.5604 27.8577 25.1922 23.3115 21.8586 20.9864 20.2856 19.6075 19.2471 18.9358 18.741 18.7829 18.5768 18.8391 18.9507 19.385 19.4241 20.2259 20.8265 21.5032 22.2822 23.6334 25.2676 27.6367 30.8858 36.0817 46.495 111.115 
97.5732 41.0929 31.9377 27.9814 25.2555 23.283 22.096 20.867 20.1342 19.756 19.1355 18.8789 18.7275 18.778 18.6294 18.7616 18.9976 19.1376 19.5854 20.142 20.5926 21.3113 22.3931 24.013 25.6678 27.2429 31.0265 36.2438 46.2476 111.005 
96.8972 40.8597 32.087 27.7781 25.2576 23.4152 21.8991 20.6722 19.96 19.6686 19.149 18.8739 18.6905 18.822 18.4986 18.5754 18.633 19.3239 19.5613 19.9501 20.4235 21.2949 22.4229 23.6605 25.4254 27.4035 30.5495 35.7306 45.6967 110.696 
96.2461 40.9926 32.2249 28.0027 25.1638 23.0826 21.7669 20.7618 20.1242 19.4888 19.2577 18.7382 18.7531 18.7325 18.6173 18.6891 18.8718 19.0026 19.3281 19.7176 20.3716 21.3276 22.1237 23.5083 25.2001 27.2401 30.6775 35.8187 45.7579 109.54 
96.3499 41.1334 31.8055 27.4405 25.1517 22.993 21.8586 21.0511 20.1008 19.3175 19.0495 18.7374 18.7545 18.5221 18.7254 18.692 18.8462 19.0921 19.3445 19.8427 20.3552 21.2018 22.1784 23.2119 24.9889 27.3708 30.5574 36.0526 46.0621 109.207 
95.8665 40.8967 32.0934 27.6665 24.9193 22.9425 21.6354 20.6381 19.9778 19.5279 18.8199 18.5512 18.4581 18.4126 18.365 18.4233 18.9194 19.0843 19.3921 19.8228 20.3609 21.1179 21.8131 23.3641 24.9321 27.299 30.4266 35.4896 45.7017 109.279 
95.6647 40.3728 31.8382 27.3623 24.8582 22.7684 21.656 20.8037 19.943 19.6011 18.9308 18.6358 18.4816 18.1873 18.3486 18.4169 18.6152 18.8043 19.2108 19.6259 20.1889 21.0149 22.1187 23.0236 25.124 26.9749 30.4195 35.6296 45.6384 108.64 
95.4344 40.4013 31.6847 27.3317 24.6513 22.9219 21.442 20.454 19.81 19.3452 18.8832 18.65 18.4844 18.3671 18.2122 18.2847 18.505 18.6322 19.1049 19.621 20.3758 21.0291 22.1201 23.0733 24.647 27.2166 30.3086 35.641 45.4991 108.08 
95.2872 40.478 31.5731 27.1604 24.6634 22.6376 21.5679 20.5216 19.8449 19.304 18.8569 18.7218 18.3572 18.4709 18.2427 18.6131 18.4972 18.7005 19.1135 19.7006 20.1327 20.7284 22.0747 23.0833 24.7849 26.9458 30.0022 35.324 45.2759 107.97 
94.5224 40.3337 31.4032 27.0851 24.6179 22.4549 21.2729 20.5415 19.6139 19.2322 18.773 18.4062 18.1503 18.2676 18.3088 18.0821 18.4332 18.7254 18.9052 19.5243 20.0418 20.7604 21.7093 22.7705 24.6918 27.0041 30.1124 35.2152 45.2866 107.504 
94.1308 39.8063 31.3328 27.1263 24.4487 22.789 21.189 20.3147 19.5151 19.2364 18.4261 18.3302 18.1489 18.1013 18.1183 18.1688 18.2832 18.7943 18.8974 19.4681 20.0467 20.8435 21.6205 23.0939 24.1822 26.6444 30.0001 34.6075 45.1274 107.419 
93.609 39.9016 31.2134 26.7226 24.3208 22.7506 21.1087 20.2159 19.5364 18.9073 18.4297 18.2392 18.2356 18.1397 18.0337 17.9094 18.2022 18.4638 19.0594 19.4028 19.9778 20.6438 21.7498 23.0129 24.3364 26.5186 29.693 34.5578 44.9973 106.557 
93.3681 39.6848 31.0869 26.8918 24.3556 22.2161 20.9182 20.1271 19.5108 19.0594 18.5057 18.2541 18.0679 17.9413 18.0757 18.0174 18.0913 18.4382 18.8753 19.4127 19.7766 20.6531 21.2615 22.6959 24.2 26.4013 29.6618 34.599 44.6483 106.483 
93.5287 39.5071 31.1708 26.6849 24.212 22.386 21.1001 20.1335 19.4717 18.8618 18.5356 18.1667 17.9271 17.9712 17.8845 18.1411 18.1063 18.4432 18.7588 19.0211 19.8619 20.2642 21.6304 22.6355 24.2732 26.3373 29.521 34.658 44.5367 105.777 
92.6473 39.6165 31.0898 26.6501 23.9782 22.4279 20.9957 19.9785 19.3544 18.7346 18.4744 18.2129 17.8795 17.7281 17.8404 17.9577 18.1446 18.4574 18.601 18.9635 19.6814 20.1064 21.4328 22.4855 24.2781 26.2442 29.1386 34.4042 44.2666 105.451 
92.4007 39.0187 30.9355 26.2641 24.0827 21.9851 20.9345 20.0915 19.4888 18.7922 18.1439 17.8831 17.6776 17.8653 17.694 17.7508 18.0494 18.2975 18.574 19.0722 19.6522 20.3588 21.1222 22.5182 24.1132 26.036 29.1805 34.3324 43.929 104.772 
92.4924 39.0756 30.8659 26.5541 23.9654 22.2588 20.7312 20.1256 19.1554 18.65 18.0401 18.0551 17.7295 17.6336 17.6215 17.7885 17.9904 18.1027 18.687 18.9869 19.5037 20.0794 21.2174 22.2872 23.9107 26.0253 29.1756 34.2351 43.8792 104.605 
91.9372 39.0657 30.3228 26.5946 23.6804 21.8941 20.9146 19.9323 19.0722 18.8306 18.0899 18.0309 17.6265 17.7608 17.6698 17.8902 17.92 18.0202 18.3287 18.7709 19.4212 20.3972 21.0191 22.1671 23.8737 25.8419 29.1116 33.9479 43.7328 104.877 
91.7524 38.7664 30.568 26.5086 23.6278 22.15 20.609 19.8299 19.1063 18.4709 17.9641 17.8866 17.5639 17.5355 17.5248 17.694 17.8845 17.9236 18.2889 18.623 19.1831 20.0091 20.9857 22.187 23.868 25.9585 28.7697 33.7439 43.7378 103.854 
91.8768 38.7892 30.3562 26.1312 23.7465 21.8529 20.5649 19.692 19.1135 18.5526 18.0565 17.957 17.4367 17.6414 17.6002 17.5959 17.7125 18.1212 17.9691 18.7012 19.2037 20.0396 21.0746 22.246 23.6732 25.6727 28.7071 33.5015 43.2018 103.181 
90.9528 38.4302 30.0577 25.9727 23.5894 21.7797 20.464 19.5129 18.8035 18.2626 18.0337 17.6869 17.5788 17.4374 17.3279 17.4843 17.6464 17.947 18.3067 18.7637 19.0331 20.0126 20.6538 21.897 23.7386 25.6983 28.8123 33.6451 43.2637 102.922 
90.6933 38.4224 30.1266 26.1675 23.433 21.7249 20.4633 19.5726 18.6237 18.2328 17.8852 17.743 17.6393 17.4658 17.362 17.5312 17.6243 17.9748 18.1901 18.3941 19.2293 19.8356 20.8435 21.8451 23.492 25.8 28.4747 33.2108 42.786 102.051 
90.2405 38.288 30.1394 25.8995 23.465 21.7384 20.5351 19.4674 18.8924 18.2434 17.9058 17.4829 17.5668 17.4154 17.3763 17.4353 17.3805 18.0188 18.0942 18.3842 19.4845 19.761 20.8236 21.9929 23.5801 25.6137 28.6872 33.2598 42.9957 101.886 
89.8169 38.3854 30.1799 25.9236 23.3406 21.6077 20.5024 19.5371 18.677 18.0693 17.7324 17.5767 17.2241 17.3436 17.136 17.291 17.4687 17.9513 18.1432 18.3174 18.9286 19.6586 20.4192 21.6986 23.384 25.5618 28.4996 33.2883 42.474 101.291 
89.8062 38.0684 29.806 25.5881 23.2226 21.4456 20.1804 19.1952 18.6962 18.1155 17.8404 17.5881 17.254 17.1701 17.1509 17.2192 17.5142 17.5803 18.0366 18.441 19.0097 19.675 20.3581 21.8778 23.1664 25.264 28.4385 33.2037 42.4157 101.545 
89.62 37.772 29.6504 25.4268 23.1714 21.5657 20.2038 19.2919 18.4268 18.006 17.5973 17.507 17.3564 17.0905 17.2391 17.286 17.3194 17.4765 17.9513 18.4467 18.972 19.6458 20.5315 21.6382 22.9376 25.1823 28.2096 32.9592 42.2721 101.279 
89.0983 37.8118 29.4002 25.333 23.1167 21.044 20.0752 19.2336 18.392 17.9669 17.7317 17.1808 17.1225 17.1452 17.0393 17.2355 17.1808 17.4182 18.0025 18.3316 18.9869 19.3651 20.2493 21.7854 23.0804 25.1858 27.9793 32.7267 41.8684 100.047 
13949.4 5916.19 4635.39 3997.5 3602.41 3332.8 3141.47 3000.31 2891.04 2809.19 2749.88 2709.34 2678.16 2665.67 2664.47 2671.56 2695.48 2729.12 2779.27 2843.11 2925.82 3028.47 3164.47 3343.27 3571.85 3889.57 4347.45 5083.87 6531.99 15534.7 
