Infintie flatland isotropic point source isotropic scattering exponential random flight, mu_t = 3
Analogmu_t c: 0.5 mu_t: 3 maxr: 8.33333 dr: 0.0666667 du: 0.0666667 numsamples: 10000000 numCollisionOrders: 50 numMoments: 5
CollisionDensity:
3.15273 3.08261 2.86514 2.60264 2.33501 2.07286 1.83538 1.61579 1.41292 1.23197 1.07308 0.930174 0.808749 0.699886 0.604095 0.521764 0.45 0.386682 0.332608 0.286425 0.245092 0.210324 0.180841 0.154638 0.132181 0.11346 0.0964845 0.0829935 0.0708825 0.0609135 0.0518355 0.043917 0.037431 0.0323355 0.027102 0.023631 0.0199275 0.0167595 0.014184 0.0120195 0.0100815 0.008955 0.007341 0.0063975 0.0054705 0.0045195 0.0038355 0.003477 0.002877 0.002358 0.0020625 0.001737 0.0013995 0.001299 0.0010245 0.000768 0.0007905 0.0006315 0.000528 0.000432 0.000363 0.000327 0.000297 0.0002445 0.000195 0.0001845 0.000147 9.6e-05 0.000105 7.65e-05 8.4e-05 4.5e-05 3.9e-05 2.7e-05 3.3e-05 2.7e-05 3.3e-05 1.35e-05 1.65e-05 1.8e-05 2.25e-05 1.05e-05 7.5e-06 9e-06 1.65e-05 1.05e-05 4.5e-06 6e-06 9e-06 3e-06 3e-06 6e-06 1.5e-06 4.5e-06 0 1.5e-06 1.5e-06 9e-06 0 1.5e-06 1.5e-06 1.5e-06 1.5e-06 0 1.5e-06 0 0 0 0 0 3e-06 0 0 0 0 0 1.5e-06 0 0 1.5e-06 0 0 0 0 1.5e-06 
Density Moments:
1.99973 0.981325 0.888047 1.15926 1.97186 
Per-collision Density Moments:
0 0 0 0 0 
1 0.33327 0.222232 0.222356 0.296638 
0.499892 0.261645 0.222 0.261301 0.39361 
0.249912 0.166499 0.16644 0.221857 0.369519 
0.124941 0.0980651 0.110882 0.163077 0.294949 
0.0624904 0.0555032 0.0692774 0.110608 0.214459 
0.0312231 0.0306196 0.0415411 0.07126 0.147116 
0.0156308 0.0166715 0.024303 0.0443837 0.0968328 
0.007825 0.00897729 0.0139497 0.0269998 0.0622923 
0.0039139 0.00477796 0.00781515 0.0158104 0.0380525 
0.0019661 0.00253525 0.00436542 0.00930413 0.0236842 
0.000971 0.00132167 0.00239777 0.00537757 0.0143657 
0.0004806 0.000684944 0.00129584 0.00301951 0.00834677 
0.0002449 0.000364756 0.000714068 0.00170848 0.00484354 
0.0001188 0.00018443 0.000379862 0.000959743 0.00289935 
5.86e-05 9.52338e-05 0.000203871 0.000538832 0.00175245 
3.07e-05 5.25751e-05 0.0001186 0.000332697 0.00118455 
1.62e-05 2.8627e-05 6.64327e-05 0.000202638 0.000861608 
8.9e-06 1.57453e-05 3.36769e-05 8.12566e-05 0.000213969 
4.2e-06 7.72562e-06 1.70024e-05 4.24792e-05 0.000116095 
1.5e-06 3.28166e-06 8.06522e-06 2.19642e-05 6.47433e-05 
7e-07 1.53988e-06 3.75955e-06 1.00281e-05 2.87698e-05 
4e-07 9.96108e-07 2.76911e-06 8.52815e-06 2.85077e-05 
1e-07 2.58906e-07 6.70321e-07 1.7355e-06 4.49331e-06 
0 0 0 0 0 
0 0 0 0 0 
0 0 0 0 0 
0 0 0 0 0 
0 0 0 0 0 
0 0 0 0 0 
0 0 0 0 0 
0 0 0 0 0 
0 0 0 0 0 
0 0 0 0 0 
0 0 0 0 0 
0 0 0 0 0 
0 0 0 0 0 
0 0 0 0 0 
0 0 0 0 0 
0 0 0 0 0 
0 0 0 0 0 
0 0 0 0 0 
0 0 0 0 0 
0 0 0 0 0 
0 0 0 0 0 
0 0 0 0 0 
0 0 0 0 0 
0 0 0 0 0 
0 0 0 0 0 
0 0 0 0 0 
Per-collision Densities:
0 0 0 0 0 0 0 0 0 0 0 0 0 0 0 0 0 0 0 0 0 0 0 0 0 0 0 0 0 0 0 0 0 0 0 0 0 0 0 0 0 0 0 0 0 0 0 0 0 0 0 0 0 0 0 0 0 0 0 0 0 0 0 0 0 0 0 0 0 0 0 0 0 0 0 0 0 0 0 0 0 0 0 0 0 0 0 0 0 0 0 0 0 0 0 0 1.5e-06 0 0 0 0 0 0 0 0 0 0 0 0 0 0 0 0 0 0 0 0 0 0 0 0 0 0 0 0 
2.72208 2.2259 1.82217 1.49196 1.22257 0.997594 0.819198 0.670981 0.548881 0.449451 0.368034 0.300624 0.24648 0.201837 0.164653 0.135994 0.111381 0.0909165 0.0737985 0.0609465 0.0500175 0.040587 0.0333585 0.027111 0.022152 0.018375 0.014886 0.0124635 0.009912 0.008139 0.0066705 0.0055905 0.004635 0.003702 0.002997 0.0025125 0.0020925 0.001752 0.001356 0.001188 0.0008535 0.0007725 0.000612 0.000552 0.000372 0.000318 0.0002895 0.0002625 0.0001905 0.0001515 0.0001605 9.6e-05 8.55e-05 7.5e-05 4.5e-05 4.35e-05 3.6e-05 2.55e-05 1.95e-05 2.85e-05 1.35e-05 1.2e-05 7.5e-06 4.5e-06 3e-06 6e-06 6e-06 4.5e-06 1.5e-06 3e-06 4.5e-06 1.5e-06 0 0 0 0 1.5e-06 0 0 0 1.5e-06 0 0 0 0 0 0 0 0 0 0 0 0 0 0 0 0 0 0 0 0 0 0 0 0 0 0 0 0 0 0 0 0 0 0 0 0 0 0 0 0 0 0 0 0 
0.336516 0.61108 0.691539 0.691833 0.655345 0.602917 0.542872 0.481365 0.421801 0.366258 0.317517 0.271986 0.234657 0.200304 0.169696 0.143461 0.122019 0.103036 0.086871 0.0731415 0.061362 0.051477 0.0435465 0.036084 0.030303 0.025413 0.0211425 0.0177225 0.0147915 0.012393 0.01002 0.00828 0.0070005 0.006006 0.004926 0.004149 0.0033195 0.002796 0.002376 0.0019065 0.0015345 0.0013155 0.0010785 0.000918 0.0007485 0.000618 0.000495 0.00042 0.0003675 0.0002625 0.000252 0.000192 0.000177 0.0001425 0.0001275 8.1e-05 7.5e-05 6.15e-05 6.3e-05 2.7e-05 3e-05 3.6e-05 2.4e-05 1.8e-05 1.2e-05 1.35e-05 9e-06 1.05e-05 6e-06 4.5e-06 7.5e-06 3e-06 3e-06 3e-06 6e-06 0 4.5e-06 1.5e-06 0 1.5e-06 0 0 0 1.5e-06 0 0 0 0 0 0 0 0 0 0 0 0 0 0 0 0 0 0 0 0 0 0 0 0 0 0 0 0 0 0 0 0 0 0 0 0 0 0 0 0 0 
0.0660135 0.164713 0.22629 0.260005 0.274684 0.274533 0.266098 0.251791 0.232057 0.212986 0.192555 0.17224 0.153486 0.136015 0.119281 0.105195 0.0910875 0.079089 0.0686805 0.0591465 0.050595 0.0437265 0.0373305 0.0321855 0.0272415 0.0232725 0.01989 0.0167445 0.0143595 0.0122415 0.010278 0.0088185 0.0073395 0.006237 0.005247 0.004473 0.003621 0.003093 0.0025785 0.002196 0.0018255 0.0015345 0.0013125 0.0011145 0.0009015 0.0007245 0.000636 0.000537 0.000459 0.0003615 0.0002985 0.000276 0.0002265 0.0002145 0.000114 8.55e-05 0.0001335 9.6e-05 6.75e-05 4.65e-05 6.15e-05 4.2e-05 2.4e-05 3e-05 2.7e-05 1.95e-05 1.65e-05 1.35e-05 1.2e-05 6e-06 7.5e-06 3e-06 3e-06 4.5e-06 3e-06 1.5e-06 7.5e-06 1.5e-06 1.5e-06 0 4.5e-06 0 0 1.5e-06 3e-06 0 0 1.5e-06 0 0 0 0 0 0 0 0 0 0 0 0 0 0 0 0 0 0 0 0 0 0 0 0 0 0 0 0 0 0 0 0 0 0 0 0 0 
0.0181455 0.0512085 0.077409 0.0964635 0.108748 0.115008 0.11754 0.117804 0.113751 0.107892 0.101334 0.094089 0.0866955 0.078591 0.07146 0.0638745 0.0573645 0.050706 0.045588 0.0396705 0.034986 0.030576 0.0269625 0.0236745 0.0204105 0.017514 0.0153795 0.01308 0.0114345 0.010113 0.008595 0.007128 0.0059655 0.005355 0.0044475 0.003861 0.003378 0.002778 0.00231 0.0019155 0.0016785 0.0014295 0.001173 0.001071 0.000858 0.000732 0.000645 0.0005475 0.0004695 0.000381 0.0003165 0.000231 0.0001815 0.000207 0.0001755 0.0001155 0.0001155 7.65e-05 6.9e-05 7.35e-05 5.7e-05 3.6e-05 5.1e-05 3.75e-05 2.4e-05 2.55e-05 2.7e-05 1.65e-05 1.8e-05 1.05e-05 6e-06 9e-06 3e-06 4.5e-06 6e-06 4.5e-06 3e-06 4.5e-06 4.5e-06 3e-06 3e-06 0 3e-06 0 0 1.5e-06 0 0 3e-06 0 0 0 0 0 0 0 0 0 0 0 0 0 0 0 1.5e-06 0 0 0 0 0 0 0 0 0 0 0 0 0 0 0 0 0 0 0 0 
0.006102 0.0178485 0.0285105 0.03708 0.043233 0.0474885 0.0511995 0.0523335 0.0527115 0.0514365 0.049908 0.047499 0.044829 0.0420225 0.0389955 0.035712 0.032673 0.0294645 0.027096 0.024306 0.021465 0.019275 0.0171915 0.015156 0.013536 0.0118935 0.0103425 0.0091635 0.00801 0.006873 0.006114 0.0054135 0.0046245 0.0040035 0.003363 0.003 0.002613 0.0020835 0.0017715 0.0015495 0.001356 0.001278 0.000981 0.0008325 0.000753 0.00063 0.0005625 0.0005055 0.000405 0.000351 0.0002805 0.000219 0.0001845 0.0001785 0.0001635 0.0001125 0.0001185 8.85e-05 6e-05 6.15e-05 5.1e-05 4.2e-05 4.8e-05 3.6e-05 2.7e-05 2.4e-05 1.95e-05 1.35e-05 1.8e-05 9e-06 1.05e-05 9e-06 1.5e-06 4.5e-06 4.5e-06 3e-06 1.5e-06 0 1.5e-06 1.5e-06 4.5e-06 3e-06 0 1.5e-06 4.5e-06 1.5e-06 1.5e-06 1.5e-06 0 0 0 0 0 0 0 0 0 0 0 0 0 0 0 0 0 0 0 0 0 0 0 0 0 0 0 0 0 0 0 0 0 0 0 0 0 
0.0023205 0.0069 0.0113865 0.0146565 0.0174825 0.020019 0.021891 0.02322 0.023838 0.0238965 0.0233595 0.023073 0.0221865 0.021081 0.020355 0.0188655 0.017379 0.016176 0.0147735 0.0137895 0.0123645 0.0113205 0.0101085 0.0092145 0.008226 0.007281 0.006477 0.005715 0.0051705 0.0046005 0.00417 0.003393 0.0030195 0.002763 0.002334 0.002166 0.001875 0.0015555 0.001416 0.001197 0.000993 0.0008895 0.0007485 0.000633 0.0006375 0.000528 0.0003915 0.000414 0.0003075 0.0002535 0.0002265 0.000216 0.0001515 0.000126 0.0001275 8.55e-05 8.4e-05 7.5e-05 8.25e-05 5.4e-05 5.1e-05 3.75e-05 3.3e-05 2.25e-05 1.8e-05 2.7e-05 1.05e-05 1.65e-05 1.2e-05 1.35e-05 1.8e-05 9e-06 6e-06 4.5e-06 4.5e-06 3e-06 1.5e-06 1.5e-06 0 1.5e-06 4.5e-06 3e-06 0 0 3e-06 1.5e-06 0 0 1.5e-06 0 1.5e-06 0 0 0 0 0 0 0 0 0 0 0 0 0 0 0 0 0 0 0 0 0 0 0 0 0 0 0 0 0 0 0 0 0 0 
0.000903 0.0028905 0.00453 0.006123 0.007371 0.0086145 0.0092655 0.010053 0.010896 0.0107985 0.010965 0.0110685 0.010638 0.010422 0.010272 0.009555 0.0090675 0.008586 0.0077925 0.007449 0.0068655 0.0062025 0.005784 0.0051855 0.004725 0.004359 0.003663 0.00348 0.0031605 0.002865 0.0025035 0.002316 0.0020535 0.0018165 0.001542 0.0013695 0.0011865 0.0010455 0.000897 0.0007755 0.0007485 0.0006315 0.0005175 0.0004305 0.000426 0.000363 0.000309 0.0002745 0.0002385 0.0002055 0.0001995 0.000156 0.000135 0.0001155 9.15e-05 8.4e-05 8.25e-05 4.95e-05 4.8e-05 4.35e-05 3.6e-05 3.3e-05 2.85e-05 2.1e-05 2.25e-05 2.7e-05 1.95e-05 7.5e-06 9e-06 9e-06 9e-06 3e-06 7.5e-06 1.5e-06 3e-06 4.5e-06 1.5e-06 0 1.5e-06 1.5e-06 1.5e-06 1.5e-06 0 1.5e-06 0 3e-06 0 0 0 0 0 1.5e-06 0 0 0 1.5e-06 0 0 0 0 0 0 0 0 0 0 0 0 0 0 0 0 0 0 0 0 0 0 0 0 0 0 0 0 0 
0.000357 0.001185 0.0019545 0.0025605 0.00312 0.003678 0.0040785 0.004545 0.004884 0.005046 0.005046 0.0050955 0.005145 0.0051165 0.0049215 0.004602 0.004554 0.0043275 0.0039975 0.0040425 0.003708 0.003516 0.0030555 0.0028455 0.0025845 0.0024795 0.0021615 0.002049 0.0017925 0.001635 0.0015465 0.001302 0.001242 0.001044 0.000948 0.0009135 0.0007635 0.0006855 0.0006285 0.000507 0.000417 0.000426 0.000372 0.0003435 0.000312 0.0002175 0.000192 0.000174 0.0001755 0.0001365 0.0001335 0.0001335 0.0001005 7.5e-05 7.35e-05 6e-05 4.35e-05 5.25e-05 3.15e-05 3.45e-05 1.95e-05 2.4e-05 2.4e-05 2.4e-05 2.55e-05 1.05e-05 1.35e-05 4.5e-06 9e-06 7.5e-06 6e-06 3e-06 4.5e-06 3e-06 0 4.5e-06 3e-06 0 1.5e-06 4.5e-06 1.5e-06 1.5e-06 0 0 1.5e-06 1.5e-06 0 1.5e-06 0 1.5e-06 0 1.5e-06 0 3e-06 0 0 0 1.5e-06 0 0 0 0 0 0 0 0 0 0 0 0 0 0 0 0 0 0 0 0 0 0 0 0 0 0 0 
0.0001695 0.000492 0.000771 0.0010965 0.001413 0.0016485 0.0017205 0.0020415 0.002169 0.002316 0.0023295 0.0024 0.0024285 0.0024135 0.002313 0.0023295 0.002292 0.002229 0.002001 0.0020325 0.001878 0.0017685 0.001683 0.001542 0.0014295 0.001356 0.001212 0.0012255 0.0010575 0.000945 0.000951 0.000774 0.00069 0.0006345 0.0005805 0.000504 0.000429 0.000426 0.000357 0.0003435 0.000279 0.000258 0.000219 0.0002025 0.0001785 0.0001395 0.000114 0.00012 7.95e-05 0.0001035 6.75e-05 9.15e-05 5.4e-05 6.45e-05 3.45e-05 4.5e-05 3.6e-05 3.3e-05 1.95e-05 2.4e-05 6e-06 3.3e-05 1.8e-05 1.2e-05 6e-06 3e-06 1.65e-05 3e-06 1.2e-05 6e-06 4.5e-06 0 7.5e-06 1.5e-06 0 1.5e-06 1.5e-06 0 4.5e-06 0 1.5e-06 1.5e-06 0 1.5e-06 0 0 1.5e-06 1.5e-06 3e-06 1.5e-06 0 0 0 1.5e-06 0 0 0 1.5e-06 0 1.5e-06 0 0 0 0 0 0 0 0 0 0 0 0 0 0 0 0 0 0 0 0 0 0 0 0 0 
6.75e-05 0.0002205 0.0003375 0.000492 0.0005685 0.000735 0.000825 0.0009075 0.001074 0.00099 0.0010665 0.001131 0.001215 0.001149 0.0011325 0.0011295 0.001155 0.001086 0.0010365 0.0009915 0.0009345 0.0009375 0.0008745 0.000828 0.0008145 0.0007125 0.000633 0.000651 0.00054 0.000555 0.0004815 0.0004185 0.0003765 0.0003285 0.0003285 0.000306 0.000288 0.000246 0.0002055 0.000192 0.00018 0.0001725 0.0001335 0.0001245 0.00012 8.7e-05 8.1e-05 9.3e-05 6.9e-05 5.4e-05 4.8e-05 4.5e-05 3.45e-05 3.6e-05 2.1e-05 1.5e-05 2.25e-05 2.7e-05 3.3e-05 1.65e-05 1.05e-05 1.05e-05 1.95e-05 1.35e-05 1.5e-05 7.5e-06 3e-06 1.5e-06 4.5e-06 3e-06 3e-06 1.5e-06 0 0 1.5e-06 1.5e-06 1.5e-06 1.5e-06 0 3e-06 0 0 1.5e-06 0 1.5e-06 1.5e-06 1.5e-06 0 1.5e-06 0 1.5e-06 0 1.5e-06 0 0 0 0 1.5e-06 0 0 1.5e-06 1.5e-06 0 0 0 0 0 0 0 0 0 0 0 0 0 0 0 0 0 0 0 0 0 0 0 
3.75e-05 9.6e-05 0.000135 0.0001845 0.000252 0.000342 0.000399 0.000405 0.0004425 0.000519 0.0005205 0.0004845 0.000519 0.000516 0.0005685 0.0005805 0.0005115 0.0005295 0.000492 0.000471 0.0004485 0.0004815 0.0004875 0.0004005 0.0003345 0.0003975 0.000363 0.0003435 0.0003105 0.0002685 0.0002565 0.000213 0.00021 0.0001995 0.0001815 0.000177 0.0001785 0.0001275 0.0001215 0.000102 9.75e-05 0.000108 7.35e-05 7.05e-05 6e-05 6.9e-05 4.05e-05 4.05e-05 4.5e-05 4.05e-05 3.9e-05 3.45e-05 2.7e-05 2.7e-05 2.4e-05 1.5e-05 1.5e-05 2.1e-05 1.35e-05 6e-06 1.05e-05 1.2e-05 1.05e-05 1.2e-05 9e-06 6e-06 3e-06 1.5e-06 1.5e-06 3e-06 6e-06 0 0 0 1.5e-06 1.5e-06 1.5e-06 0 0 1.5e-06 0 0 0 1.5e-06 1.5e-06 0 0 0 0 0 0 1.5e-06 0 0 0 0 1.5e-06 1.5e-06 0 0 0 0 1.5e-06 0 0 0 0 0 0 0 0 0 0 0 0 0 0 0 0 0 0 0 0 0 0 
1.2e-05 3.6e-05 6.45e-05 9.45e-05 0.0001125 0.0001545 0.0001605 0.0001905 0.0002055 0.000219 0.0002355 0.0002535 0.000261 0.000234 0.000249 0.0002445 0.000261 0.0002805 0.0002385 0.0002235 0.000267 0.0002205 0.0002175 0.000198 0.0002085 0.000201 0.0001305 0.0001965 0.000177 0.0001335 0.00012 0.000111 0.0001185 0.0001215 9.3e-05 7.65e-05 9.3e-05 7.65e-05 6.6e-05 7.65e-05 5.25e-05 6.6e-05 5.85e-05 3.3e-05 3.15e-05 3.9e-05 3.45e-05 3.3e-05 2.1e-05 2.1e-05 1.65e-05 1.35e-05 2.1e-05 1.95e-05 1.35e-05 1.35e-05 1.05e-05 9e-06 9e-06 6e-06 7.5e-06 1.5e-06 7.5e-06 9e-06 4.5e-06 4.5e-06 1.5e-06 3e-06 0 0 1.5e-06 1.5e-06 0 0 1.5e-06 1.5e-06 1.5e-06 1.5e-06 0 0 0 0 1.5e-06 0 0 0 0 0 0 0 0 1.5e-06 0 0 0 0 0 3e-06 0 0 0 0 0 0 0 0 0 0 0 0 0 0 0 0 0 0 0 0 0 0 0 0 0 0 0 
6e-06 1.2e-05 2.25e-05 5.25e-05 5.7e-05 5.85e-05 7.05e-05 0.0001005 0.000108 8.7e-05 0.00012 0.0001365 0.000114 0.0001035 0.0001065 0.000126 0.0001335 0.0001215 0.000117 0.000111 0.000102 0.000123 0.000126 0.000114 0.000114 0.0001155 0.0001005 8.55e-05 8.25e-05 6.9e-05 5.55e-05 6.15e-05 8.1e-05 5.85e-05 5.4e-05 6.15e-05 5.1e-05 4.35e-05 3.75e-05 3.75e-05 3.3e-05 3.3e-05 2.4e-05 2.55e-05 1.5e-05 1.8e-05 1.65e-05 2.7e-05 1.95e-05 2.1e-05 1.2e-05 1.5e-05 9e-06 6e-06 9e-06 1.5e-06 4.5e-06 9e-06 6e-06 4.5e-06 3e-06 3e-06 1.5e-06 1.5e-06 1.5e-06 4.5e-06 1.5e-06 0 1.5e-06 1.5e-06 0 0 1.5e-06 0 0 0 1.5e-06 0 1.5e-06 0 0 0 0 0 1.5e-06 0 0 0 0 0 0 0 0 0 0 0 0 0 0 0 0 0 0 0 0 0 0 0 0 0 1.5e-06 0 0 0 0 0 0 0 0 0 0 0 0 0 0 
1.5e-06 1.35e-05 1.65e-05 2.1e-05 3.15e-05 3.75e-05 3.45e-05 2.85e-05 5.4e-05 3.6e-05 4.95e-05 4.65e-05 5.7e-05 4.8e-05 5.1e-05 4.5e-05 5.55e-05 6.9e-05 7.2e-05 5.1e-05 4.35e-05 6.15e-05 6.6e-05 4.65e-05 4.65e-05 4.65e-05 5.1e-05 3.9e-05 3.45e-05 3.75e-05 2.1e-05 5.7e-05 3.45e-05 3.45e-05 2.25e-05 2.4e-05 2.1e-05 3.15e-05 2.85e-05 1.35e-05 1.65e-05 1.8e-05 1.35e-05 1.95e-05 2.1e-05 1.2e-05 9e-06 7.5e-06 1.2e-05 6e-06 7.5e-06 1.5e-05 1.5e-06 1.5e-06 3e-06 4.5e-06 4.5e-06 6e-06 3e-06 3e-06 3e-06 1.5e-06 0 1.5e-06 0 4.5e-06 0 0 0 0 0 1.5e-06 1.5e-06 0 0 0 0 1.5e-06 0 0 0 0 1.5e-06 0 0 0 0 0 0 0 0 0 0 0 0 0 0 0 0 0 0 0 0 0 0 0 0 0 0 0 1.5e-06 0 0 0 0 0 0 0 0 0 0 0 0 0 0 
0 4.5e-06 4.5e-06 9e-06 1.35e-05 2.1e-05 1.95e-05 1.35e-05 2.25e-05 1.8e-05 2.25e-05 2.25e-05 2.25e-05 1.35e-05 2.25e-05 3.3e-05 3e-05 2.4e-05 3e-05 3e-05 2.85e-05 3e-05 2.1e-05 2.1e-05 3.3e-05 1.65e-05 2.55e-05 1.5e-05 2.1e-05 1.35e-05 2.25e-05 2.55e-05 1.8e-05 1.5e-05 1.05e-05 1.35e-05 1.05e-05 1.35e-05 1.5e-05 1.35e-05 7.5e-06 1.2e-05 7.5e-06 1.65e-05 1.5e-05 9e-06 7.5e-06 6e-06 7.5e-06 4.5e-06 0 0 6e-06 1.5e-06 0 1.5e-06 3e-06 0 1.5e-06 1.5e-06 1.5e-06 3e-06 0 1.5e-06 0 1.5e-06 0 0 0 0 0 0 0 0 1.5e-06 0 1.5e-06 0 0 0 0 0 0 0 0 0 0 0 0 0 0 0 0 0 0 0 0 0 0 0 0 0 0 0 0 0 0 0 0 0 0 0 0 0 0 0 1.5e-06 0 0 0 0 0 0 0 0 
0 4.5e-06 3e-06 1.5e-06 4.5e-06 9e-06 1.05e-05 6e-06 1.05e-05 9e-06 1.05e-05 1.65e-05 1.2e-05 9e-06 7.5e-06 9e-06 1.65e-05 2.7e-05 1.2e-05 9e-06 1.2e-05 1.2e-05 1.2e-05 1.05e-05 9e-06 1.2e-05 1.05e-05 7.5e-06 1.2e-05 1.2e-05 1.5e-05 4.5e-06 9e-06 4.5e-06 1.95e-05 9e-06 3e-06 0 1.35e-05 4.5e-06 3e-06 6e-06 9e-06 1.05e-05 9e-06 9e-06 6e-06 0 7.5e-06 0 1.5e-06 1.5e-06 1.5e-06 4.5e-06 1.5e-06 1.5e-06 4.5e-06 1.5e-06 0 0 1.5e-06 0 0 0 0 0 0 0 0 0 0 0 0 0 0 0 0 0 0 0 0 0 0 0 0 0 0 0 0 0 0 0 0 0 0 0 0 0 0 0 0 0 0 0 0 0 0 0 0 0 0 0 0 0 0 0 0 0 0 1.5e-06 0 0 0 0 0 
0 1.5e-06 1.5e-06 3e-06 1.5e-06 4.5e-06 0 4.5e-06 6e-06 6e-06 6e-06 6e-06 1.5e-06 4.5e-06 1.5e-06 3e-06 1.05e-05 7.5e-06 9e-06 9e-06 9e-06 4.5e-06 6e-06 3e-06 1.2e-05 4.5e-06 1.05e-05 7.5e-06 6e-06 9e-06 7.5e-06 3e-06 4.5e-06 6e-06 3e-06 7.5e-06 3e-06 4.5e-06 3e-06 1.5e-06 3e-06 1.5e-06 4.5e-06 0 7.5e-06 1.5e-06 4.5e-06 7.5e-06 1.5e-06 1.5e-06 1.5e-06 0 0 0 0 1.5e-06 1.5e-06 0 0 1.5e-06 0 0 0 0 0 0 0 0 0 0 0 0 0 0 0 0 0 0 0 0 0 0 0 0 0 0 0 0 0 0 0 0 0 0 0 0 0 0 0 0 0 0 0 0 0 0 0 0 0 0 0 0 0 0 0 0 0 0 0 0 0 0 0 0 1.5e-06 
1.5e-06 0 0 1.5e-06 1.5e-06 0 0 3e-06 1.5e-06 3e-06 3e-06 1.5e-06 1.5e-06 3e-06 3e-06 3e-06 3e-06 4.5e-06 3e-06 3e-06 3e-06 3e-06 7.5e-06 6e-06 1.5e-06 4.5e-06 3e-06 3e-06 7.5e-06 1.05e-05 3e-06 3e-06 3e-06 3e-06 0 4.5e-06 1.5e-06 1.5e-06 1.5e-06 0 1.5e-06 1.5e-06 3e-06 0 3e-06 4.5e-06 0 3e-06 1.5e-06 1.5e-06 0 0 0 1.5e-06 0 1.5e-06 0 0 0 0 0 0 0 0 0 0 0 0 0 0 0 0 0 0 0 0 0 0 0 0 0 0 0 0 0 0 0 0 0 0 0 0 0 0 0 0 0 0 0 0 0 0 0 0 0 0 0 0 0 0 0 0 0 0 0 0 0 0 0 0 0 0 0 0 0 
0 0 0 1.5e-06 0 0 0 0 1.5e-06 0 0 0 0 3e-06 4.5e-06 1.5e-06 3e-06 1.5e-06 0 1.5e-06 3e-06 1.5e-06 1.5e-06 4.5e-06 0 6e-06 0 1.5e-06 1.5e-06 0 1.5e-06 4.5e-06 1.5e-06 3e-06 0 3e-06 0 0 0 0 0 1.5e-06 0 0 1.5e-06 0 0 4.5e-06 0 0 1.5e-06 1.5e-06 1.5e-06 0 0 0 0 0 0 0 0 0 0 0 0 0 0 0 0 0 0 0 0 0 0 0 0 0 0 0 0 0 0 0 0 0 0 0 0 0 0 0 0 0 0 0 0 0 0 0 0 0 0 0 0 0 0 0 0 0 0 0 0 0 0 0 0 0 0 0 0 0 0 0 0 
0 0 0 0 0 0 0 0 0 0 0 0 0 0 0 0 1.5e-06 0 0 0 0 0 1.5e-06 4.5e-06 0 0 3e-06 0 1.5e-06 0 1.5e-06 0 0 0 3e-06 0 0 0 0 0 0 0 0 0 0 0 1.5e-06 0 0 1.5e-06 0 0 1.5e-06 1.5e-06 0 0 0 0 0 0 0 0 0 0 0 0 0 0 0 0 0 0 0 0 0 0 0 0 0 0 0 0 0 0 0 0 0 0 0 0 0 0 0 0 0 0 0 0 0 0 0 0 0 0 0 0 0 0 0 0 0 0 0 0 0 0 0 0 0 0 0 0 0 0 0 
0 0 0 0 0 0 0 0 0 0 0 0 0 0 0 0 1.5e-06 0 0 0 0 0 0 1.5e-06 0 0 0 0 0 0 1.5e-06 0 3e-06 0 0 0 0 0 0 0 1.5e-06 0 0 0 0 0 0 0 0 0 0 0 0 1.5e-06 0 0 0 0 0 0 0 0 0 0 0 0 0 0 0 0 0 0 0 0 0 0 0 0 0 0 0 0 0 0 0 0 0 0 0 0 0 0 0 0 0 0 0 0 0 0 0 0 0 0 0 0 0 0 0 0 0 0 0 0 0 0 0 0 0 0 0 0 0 0 0 
0 0 0 0 0 0 0 0 0 0 0 0 0 0 0 0 0 0 0 0 0 0 0 1.5e-06 0 0 0 0 0 0 0 0 1.5e-06 0 1.5e-06 0 0 0 0 0 0 0 0 0 0 0 0 0 0 0 0 0 0 0 0 0 0 0 1.5e-06 0 0 0 0 0 0 0 0 0 0 0 0 0 0 0 0 0 0 0 0 0 0 0 0 0 0 0 0 0 0 0 0 0 0 0 0 0 0 0 0 0 0 0 0 0 0 0 0 0 0 0 0 0 0 0 0 0 0 0 0 0 0 0 0 0 0 
0 0 0 0 0 0 0 0 0 0 0 0 0 0 0 0 0 0 0 0 0 0 0 0 0 0 0 0 0 0 0 0 0 0 0 0 0 0 1.5e-06 0 0 0 0 0 0 0 0 0 0 0 0 0 0 0 0 0 0 0 0 0 0 0 0 0 0 0 0 0 0 0 0 0 0 0 0 0 0 0 0 0 0 0 0 0 0 0 0 0 0 0 0 0 0 0 0 0 0 0 0 0 0 0 0 0 0 0 0 0 0 0 0 0 0 0 0 0 0 0 0 0 0 0 0 0 0 
0 0 0 0 0 0 0 0 0 0 0 0 0 0 0 0 0 0 0 0 0 0 0 0 0 0 0 0 0 0 0 0 0 0 0 0 0 0 0 0 0 0 0 0 0 0 0 0 0 0 0 0 0 0 0 0 0 0 0 0 0 0 0 0 0 0 0 0 0 0 0 0 0 0 0 0 0 0 0 0 0 0 0 0 0 0 0 0 0 0 0 0 0 0 0 0 0 0 0 0 0 0 0 0 0 0 0 0 0 0 0 0 0 0 0 0 0 0 0 0 0 0 0 0 0 
0 0 0 0 0 0 0 0 0 0 0 0 0 0 0 0 0 0 0 0 0 0 0 0 0 0 0 0 0 0 0 0 0 0 0 0 0 0 0 0 0 0 0 0 0 0 0 0 0 0 0 0 0 0 0 0 0 0 0 0 0 0 0 0 0 0 0 0 0 0 0 0 0 0 0 0 0 0 0 0 0 0 0 0 0 0 0 0 0 0 0 0 0 0 0 0 0 0 0 0 0 0 0 0 0 0 0 0 0 0 0 0 0 0 0 0 0 0 0 0 0 0 0 0 0 
0 0 0 0 0 0 0 0 0 0 0 0 0 0 0 0 0 0 0 0 0 0 0 0 0 0 0 0 0 0 0 0 0 0 0 0 0 0 0 0 0 0 0 0 0 0 0 0 0 0 0 0 0 0 0 0 0 0 0 0 0 0 0 0 0 0 0 0 0 0 0 0 0 0 0 0 0 0 0 0 0 0 0 0 0 0 0 0 0 0 0 0 0 0 0 0 0 0 0 0 0 0 0 0 0 0 0 0 0 0 0 0 0 0 0 0 0 0 0 0 0 0 0 0 0 
0 0 0 0 0 0 0 0 0 0 0 0 0 0 0 0 0 0 0 0 0 0 0 0 0 0 0 0 0 0 0 0 0 0 0 0 0 0 0 0 0 0 0 0 0 0 0 0 0 0 0 0 0 0 0 0 0 0 0 0 0 0 0 0 0 0 0 0 0 0 0 0 0 0 0 0 0 0 0 0 0 0 0 0 0 0 0 0 0 0 0 0 0 0 0 0 0 0 0 0 0 0 0 0 0 0 0 0 0 0 0 0 0 0 0 0 0 0 0 0 0 0 0 0 0 
0 0 0 0 0 0 0 0 0 0 0 0 0 0 0 0 0 0 0 0 0 0 0 0 0 0 0 0 0 0 0 0 0 0 0 0 0 0 0 0 0 0 0 0 0 0 0 0 0 0 0 0 0 0 0 0 0 0 0 0 0 0 0 0 0 0 0 0 0 0 0 0 0 0 0 0 0 0 0 0 0 0 0 0 0 0 0 0 0 0 0 0 0 0 0 0 0 0 0 0 0 0 0 0 0 0 0 0 0 0 0 0 0 0 0 0 0 0 0 0 0 0 0 0 0 
0 0 0 0 0 0 0 0 0 0 0 0 0 0 0 0 0 0 0 0 0 0 0 0 0 0 0 0 0 0 0 0 0 0 0 0 0 0 0 0 0 0 0 0 0 0 0 0 0 0 0 0 0 0 0 0 0 0 0 0 0 0 0 0 0 0 0 0 0 0 0 0 0 0 0 0 0 0 0 0 0 0 0 0 0 0 0 0 0 0 0 0 0 0 0 0 0 0 0 0 0 0 0 0 0 0 0 0 0 0 0 0 0 0 0 0 0 0 0 0 0 0 0 0 0 
0 0 0 0 0 0 0 0 0 0 0 0 0 0 0 0 0 0 0 0 0 0 0 0 0 0 0 0 0 0 0 0 0 0 0 0 0 0 0 0 0 0 0 0 0 0 0 0 0 0 0 0 0 0 0 0 0 0 0 0 0 0 0 0 0 0 0 0 0 0 0 0 0 0 0 0 0 0 0 0 0 0 0 0 0 0 0 0 0 0 0 0 0 0 0 0 0 0 0 0 0 0 0 0 0 0 0 0 0 0 0 0 0 0 0 0 0 0 0 0 0 0 0 0 0 
0 0 0 0 0 0 0 0 0 0 0 0 0 0 0 0 0 0 0 0 0 0 0 0 0 0 0 0 0 0 0 0 0 0 0 0 0 0 0 0 0 0 0 0 0 0 0 0 0 0 0 0 0 0 0 0 0 0 0 0 0 0 0 0 0 0 0 0 0 0 0 0 0 0 0 0 0 0 0 0 0 0 0 0 0 0 0 0 0 0 0 0 0 0 0 0 0 0 0 0 0 0 0 0 0 0 0 0 0 0 0 0 0 0 0 0 0 0 0 0 0 0 0 0 0 
0 0 0 0 0 0 0 0 0 0 0 0 0 0 0 0 0 0 0 0 0 0 0 0 0 0 0 0 0 0 0 0 0 0 0 0 0 0 0 0 0 0 0 0 0 0 0 0 0 0 0 0 0 0 0 0 0 0 0 0 0 0 0 0 0 0 0 0 0 0 0 0 0 0 0 0 0 0 0 0 0 0 0 0 0 0 0 0 0 0 0 0 0 0 0 0 0 0 0 0 0 0 0 0 0 0 0 0 0 0 0 0 0 0 0 0 0 0 0 0 0 0 0 0 0 
0 0 0 0 0 0 0 0 0 0 0 0 0 0 0 0 0 0 0 0 0 0 0 0 0 0 0 0 0 0 0 0 0 0 0 0 0 0 0 0 0 0 0 0 0 0 0 0 0 0 0 0 0 0 0 0 0 0 0 0 0 0 0 0 0 0 0 0 0 0 0 0 0 0 0 0 0 0 0 0 0 0 0 0 0 0 0 0 0 0 0 0 0 0 0 0 0 0 0 0 0 0 0 0 0 0 0 0 0 0 0 0 0 0 0 0 0 0 0 0 0 0 0 0 0 
0 0 0 0 0 0 0 0 0 0 0 0 0 0 0 0 0 0 0 0 0 0 0 0 0 0 0 0 0 0 0 0 0 0 0 0 0 0 0 0 0 0 0 0 0 0 0 0 0 0 0 0 0 0 0 0 0 0 0 0 0 0 0 0 0 0 0 0 0 0 0 0 0 0 0 0 0 0 0 0 0 0 0 0 0 0 0 0 0 0 0 0 0 0 0 0 0 0 0 0 0 0 0 0 0 0 0 0 0 0 0 0 0 0 0 0 0 0 0 0 0 0 0 0 0 
0 0 0 0 0 0 0 0 0 0 0 0 0 0 0 0 0 0 0 0 0 0 0 0 0 0 0 0 0 0 0 0 0 0 0 0 0 0 0 0 0 0 0 0 0 0 0 0 0 0 0 0 0 0 0 0 0 0 0 0 0 0 0 0 0 0 0 0 0 0 0 0 0 0 0 0 0 0 0 0 0 0 0 0 0 0 0 0 0 0 0 0 0 0 0 0 0 0 0 0 0 0 0 0 0 0 0 0 0 0 0 0 0 0 0 0 0 0 0 0 0 0 0 0 0 
0 0 0 0 0 0 0 0 0 0 0 0 0 0 0 0 0 0 0 0 0 0 0 0 0 0 0 0 0 0 0 0 0 0 0 0 0 0 0 0 0 0 0 0 0 0 0 0 0 0 0 0 0 0 0 0 0 0 0 0 0 0 0 0 0 0 0 0 0 0 0 0 0 0 0 0 0 0 0 0 0 0 0 0 0 0 0 0 0 0 0 0 0 0 0 0 0 0 0 0 0 0 0 0 0 0 0 0 0 0 0 0 0 0 0 0 0 0 0 0 0 0 0 0 0 
0 0 0 0 0 0 0 0 0 0 0 0 0 0 0 0 0 0 0 0 0 0 0 0 0 0 0 0 0 0 0 0 0 0 0 0 0 0 0 0 0 0 0 0 0 0 0 0 0 0 0 0 0 0 0 0 0 0 0 0 0 0 0 0 0 0 0 0 0 0 0 0 0 0 0 0 0 0 0 0 0 0 0 0 0 0 0 0 0 0 0 0 0 0 0 0 0 0 0 0 0 0 0 0 0 0 0 0 0 0 0 0 0 0 0 0 0 0 0 0 0 0 0 0 0 
0 0 0 0 0 0 0 0 0 0 0 0 0 0 0 0 0 0 0 0 0 0 0 0 0 0 0 0 0 0 0 0 0 0 0 0 0 0 0 0 0 0 0 0 0 0 0 0 0 0 0 0 0 0 0 0 0 0 0 0 0 0 0 0 0 0 0 0 0 0 0 0 0 0 0 0 0 0 0 0 0 0 0 0 0 0 0 0 0 0 0 0 0 0 0 0 0 0 0 0 0 0 0 0 0 0 0 0 0 0 0 0 0 0 0 0 0 0 0 0 0 0 0 0 0 
0 0 0 0 0 0 0 0 0 0 0 0 0 0 0 0 0 0 0 0 0 0 0 0 0 0 0 0 0 0 0 0 0 0 0 0 0 0 0 0 0 0 0 0 0 0 0 0 0 0 0 0 0 0 0 0 0 0 0 0 0 0 0 0 0 0 0 0 0 0 0 0 0 0 0 0 0 0 0 0 0 0 0 0 0 0 0 0 0 0 0 0 0 0 0 0 0 0 0 0 0 0 0 0 0 0 0 0 0 0 0 0 0 0 0 0 0 0 0 0 0 0 0 0 0 
0 0 0 0 0 0 0 0 0 0 0 0 0 0 0 0 0 0 0 0 0 0 0 0 0 0 0 0 0 0 0 0 0 0 0 0 0 0 0 0 0 0 0 0 0 0 0 0 0 0 0 0 0 0 0 0 0 0 0 0 0 0 0 0 0 0 0 0 0 0 0 0 0 0 0 0 0 0 0 0 0 0 0 0 0 0 0 0 0 0 0 0 0 0 0 0 0 0 0 0 0 0 0 0 0 0 0 0 0 0 0 0 0 0 0 0 0 0 0 0 0 0 0 0 0 
0 0 0 0 0 0 0 0 0 0 0 0 0 0 0 0 0 0 0 0 0 0 0 0 0 0 0 0 0 0 0 0 0 0 0 0 0 0 0 0 0 0 0 0 0 0 0 0 0 0 0 0 0 0 0 0 0 0 0 0 0 0 0 0 0 0 0 0 0 0 0 0 0 0 0 0 0 0 0 0 0 0 0 0 0 0 0 0 0 0 0 0 0 0 0 0 0 0 0 0 0 0 0 0 0 0 0 0 0 0 0 0 0 0 0 0 0 0 0 0 0 0 0 0 0 
0 0 0 0 0 0 0 0 0 0 0 0 0 0 0 0 0 0 0 0 0 0 0 0 0 0 0 0 0 0 0 0 0 0 0 0 0 0 0 0 0 0 0 0 0 0 0 0 0 0 0 0 0 0 0 0 0 0 0 0 0 0 0 0 0 0 0 0 0 0 0 0 0 0 0 0 0 0 0 0 0 0 0 0 0 0 0 0 0 0 0 0 0 0 0 0 0 0 0 0 0 0 0 0 0 0 0 0 0 0 0 0 0 0 0 0 0 0 0 0 0 0 0 0 0 
0 0 0 0 0 0 0 0 0 0 0 0 0 0 0 0 0 0 0 0 0 0 0 0 0 0 0 0 0 0 0 0 0 0 0 0 0 0 0 0 0 0 0 0 0 0 0 0 0 0 0 0 0 0 0 0 0 0 0 0 0 0 0 0 0 0 0 0 0 0 0 0 0 0 0 0 0 0 0 0 0 0 0 0 0 0 0 0 0 0 0 0 0 0 0 0 0 0 0 0 0 0 0 0 0 0 0 0 0 0 0 0 0 0 0 0 0 0 0 0 0 0 0 0 0 
0 0 0 0 0 0 0 0 0 0 0 0 0 0 0 0 0 0 0 0 0 0 0 0 0 0 0 0 0 0 0 0 0 0 0 0 0 0 0 0 0 0 0 0 0 0 0 0 0 0 0 0 0 0 0 0 0 0 0 0 0 0 0 0 0 0 0 0 0 0 0 0 0 0 0 0 0 0 0 0 0 0 0 0 0 0 0 0 0 0 0 0 0 0 0 0 0 0 0 0 0 0 0 0 0 0 0 0 0 0 0 0 0 0 0 0 0 0 0 0 0 0 0 0 0 
0 0 0 0 0 0 0 0 0 0 0 0 0 0 0 0 0 0 0 0 0 0 0 0 0 0 0 0 0 0 0 0 0 0 0 0 0 0 0 0 0 0 0 0 0 0 0 0 0 0 0 0 0 0 0 0 0 0 0 0 0 0 0 0 0 0 0 0 0 0 0 0 0 0 0 0 0 0 0 0 0 0 0 0 0 0 0 0 0 0 0 0 0 0 0 0 0 0 0 0 0 0 0 0 0 0 0 0 0 0 0 0 0 0 0 0 0 0 0 0 0 0 0 0 0 
0 0 0 0 0 0 0 0 0 0 0 0 0 0 0 0 0 0 0 0 0 0 0 0 0 0 0 0 0 0 0 0 0 0 0 0 0 0 0 0 0 0 0 0 0 0 0 0 0 0 0 0 0 0 0 0 0 0 0 0 0 0 0 0 0 0 0 0 0 0 0 0 0 0 0 0 0 0 0 0 0 0 0 0 0 0 0 0 0 0 0 0 0 0 0 0 0 0 0 0 0 0 0 0 0 0 0 0 0 0 0 0 0 0 0 0 0 0 0 0 0 0 0 0 0 
0 0 0 0 0 0 0 0 0 0 0 0 0 0 0 0 0 0 0 0 0 0 0 0 0 0 0 0 0 0 0 0 0 0 0 0 0 0 0 0 0 0 0 0 0 0 0 0 0 0 0 0 0 0 0 0 0 0 0 0 0 0 0 0 0 0 0 0 0 0 0 0 0 0 0 0 0 0 0 0 0 0 0 0 0 0 0 0 0 0 0 0 0 0 0 0 0 0 0 0 0 0 0 0 0 0 0 0 0 0 0 0 0 0 0 0 0 0 0 0 0 0 0 0 0 
0 0 0 0 0 0 0 0 0 0 0 0 0 0 0 0 0 0 0 0 0 0 0 0 0 0 0 0 0 0 0 0 0 0 0 0 0 0 0 0 0 0 0 0 0 0 0 0 0 0 0 0 0 0 0 0 0 0 0 0 0 0 0 0 0 0 0 0 0 0 0 0 0 0 0 0 0 0 0 0 0 0 0 0 0 0 0 0 0 0 0 0 0 0 0 0 0 0 0 0 0 0 0 0 0 0 0 0 0 0 0 0 0 0 0 0 0 0 0 0 0 0 0 0 0 
0 0 0 0 0 0 0 0 0 0 0 0 0 0 0 0 0 0 0 0 0 0 0 0 0 0 0 0 0 0 0 0 0 0 0 0 0 0 0 0 0 0 0 0 0 0 0 0 0 0 0 0 0 0 0 0 0 0 0 0 0 0 0 0 0 0 0 0 0 0 0 0 0 0 0 0 0 0 0 0 0 0 0 0 0 0 0 0 0 0 0 0 0 0 0 0 0 0 0 0 0 0 0 0 0 0 0 0 0 0 0 0 0 0 0 0 0 0 0 0 0 0 0 0 0 
Angular Collision Densities:
0.461925 0.195705 0.153787 0.137092 0.124762 0.12285 0.110115 0.107707 0.106425 0.102397 0.102802 0.101092 0.102667 0.104715 0.10782 0.11052 0.112342 0.117922 0.121927 0.128115 0.132277 0.145192 0.153652 0.171585 0.190575 0.217935 0.260257 0.325597 0.473197 42.488 
0.791212 0.345375 0.276007 0.24003 0.217237 0.20502 0.196222 0.19413 0.187357 0.18522 0.185692 0.186322 0.185265 0.195367 0.19854 0.20592 0.210892 0.218182 0.234517 0.241357 0.256635 0.277807 0.306225 0.339457 0.375592 0.4347 0.52911 0.682785 1.00336 37.1336 
0.888345 0.382725 0.309667 0.271845 0.246307 0.235102 0.220162 0.21564 0.213615 0.215662 0.212647 0.217777 0.216045 0.222142 0.228712 0.231435 0.245407 0.251685 0.268177 0.287347 0.305482 0.333382 0.36243 0.4023 0.462285 0.534532 0.650677 0.84132 1.26704 32.2372 
0.89604 0.37818 0.302332 0.271417 0.249525 0.229297 0.222322 0.219352 0.217215 0.216562 0.214582 0.215865 0.219217 0.22824 0.230377 0.24192 0.258615 0.266467 0.282645 0.29673 0.32166 0.343597 0.384907 0.425137 0.482602 0.565402 0.70416 0.909855 1.38386 27.8615 
0.84303 0.363982 0.292747 0.25488 0.237465 0.224437 0.213232 0.21303 0.206797 0.210555 0.206122 0.208485 0.211005 0.219577 0.225 0.23292 0.244507 0.258097 0.2718 0.292657 0.316822 0.342292 0.379912 0.42381 0.49023 0.572692 0.697297 0.928575 1.39651 24.0467 
0.780907 0.340695 0.276097 0.237352 0.21672 0.206505 0.204255 0.194107 0.194827 0.193725 0.195457 0.195637 0.202927 0.206977 0.21033 0.218092 0.233325 0.24867 0.25533 0.277852 0.298867 0.329017 0.36018 0.408892 0.465075 0.555457 0.6795 0.8937 1.3702 20.6423 
0.715747 0.304357 0.24705 0.217777 0.20052 0.191497 0.18405 0.183217 0.17982 0.176917 0.17937 0.18333 0.18369 0.192802 0.197437 0.206505 0.212715 0.226777 0.237307 0.255735 0.280462 0.305347 0.33975 0.38016 0.440617 0.522607 0.651915 0.859432 1.31314 17.7607 
0.647212 0.2817 0.2223 0.200452 0.183487 0.169852 0.166927 0.16317 0.159367 0.164137 0.161797 0.169582 0.174915 0.173092 0.18189 0.18819 0.19485 0.208665 0.220252 0.237217 0.25668 0.28008 0.31176 0.3546 0.403717 0.480735 0.594315 0.79506 1.23669 15.2542 
0.568372 0.251482 0.200272 0.175612 0.162112 0.150862 0.151177 0.144697 0.14292 0.143437 0.146295 0.144247 0.152662 0.157545 0.161955 0.166995 0.173452 0.18837 0.199935 0.212692 0.23607 0.25605 0.284625 0.320827 0.37161 0.438457 0.552577 0.730957 1.14714 13.0603 
0.505957 0.224235 0.170775 0.15615 0.141862 0.135922 0.131512 0.128812 0.13122 0.128925 0.127665 0.132367 0.13572 0.141997 0.143955 0.148162 0.157252 0.164902 0.177615 0.190867 0.206887 0.229477 0.252607 0.289057 0.333517 0.398182 0.50364 0.669105 1.04323 11.1779 
0.446715 0.191497 0.155272 0.137227 0.126652 0.122512 0.115762 0.115807 0.11475 0.111712 0.11511 0.11637 0.11961 0.124447 0.127012 0.131152 0.14238 0.149895 0.159682 0.171787 0.18657 0.203917 0.224437 0.258952 0.299002 0.358695 0.44559 0.599197 0.94797 9.57654 
0.386527 0.17028 0.139342 0.123592 0.112387 0.103387 0.102757 0.10053 0.100867 0.101002 0.100665 0.10359 0.109057 0.10953 0.115312 0.11961 0.124627 0.130432 0.139387 0.15156 0.165892 0.177525 0.203895 0.230355 0.264915 0.3195 0.40338 0.54054 0.8469 8.15526 
0.345555 0.145327 0.12096 0.106357 0.0978975 0.09333 0.0887175 0.089325 0.0887625 0.0888075 0.0915525 0.0890775 0.0922725 0.0955125 0.099405 0.104197 0.112185 0.116325 0.124447 0.131805 0.146137 0.162405 0.18234 0.20331 0.23868 0.284782 0.3573 0.481567 0.76527 6.98762 
0.296077 0.130567 0.103342 0.091845 0.08469 0.082575 0.0802125 0.0804375 0.0801225 0.07704 0.0792 0.07776 0.08145 0.085365 0.0897525 0.09153 0.09756 0.104332 0.106065 0.115627 0.12744 0.139972 0.161662 0.18135 0.211005 0.24876 0.315382 0.428602 0.677542 5.97103 
0.261945 0.113962 0.0922275 0.08091 0.0718875 0.0702675 0.0696375 0.068445 0.0696375 0.06624 0.0671625 0.06786 0.0729 0.0732825 0.077535 0.077985 0.084375 0.08973 0.095175 0.104175 0.108922 0.124155 0.135945 0.158647 0.18351 0.22563 0.278415 0.378337 0.603697 5.08882 
0.223672 0.100462 0.0778275 0.071055 0.0646425 0.059985 0.0605475 0.0609975 0.0577575 0.05661 0.0597375 0.0634275 0.0634275 0.0646425 0.067545 0.0691875 0.07281 0.0763425 0.0862425 0.0883125 0.097065 0.110947 0.122782 0.139477 0.163372 0.1944 0.248445 0.33111 0.528075 4.34556 
0.194355 0.0857475 0.068805 0.061515 0.0564075 0.05472 0.0535725 0.0511425 0.0503775 0.0510975 0.050625 0.05553 0.05373 0.0577575 0.059175 0.06021 0.064755 0.0710325 0.0707625 0.0790875 0.0841725 0.094995 0.106155 0.121342 0.140175 0.16992 0.216922 0.29529 0.462375 3.70825 
0.167602 0.0748575 0.05931 0.05193 0.04752 0.0461025 0.0457425 0.044505 0.0455175 0.0438075 0.04473 0.046485 0.0460575 0.0479025 0.0516825 0.05229 0.0543825 0.057645 0.06543 0.0669375 0.0728325 0.08352 0.0968175 0.10449 0.123345 0.146002 0.191047 0.259402 0.40977 3.15256 
0.149512 0.064665 0.0510075 0.04437 0.0410625 0.04086 0.039555 0.0387675 0.0384075 0.037665 0.0388125 0.0396675 0.04185 0.04158 0.0447075 0.0463275 0.0487125 0.0527625 0.0545625 0.059715 0.062775 0.0726525 0.0807975 0.0910575 0.110025 0.128812 0.164542 0.226327 0.363915 2.67365 
0.129015 0.053775 0.0448875 0.040545 0.037125 0.03348 0.0322425 0.032535 0.031545 0.032985 0.0326475 0.033345 0.035145 0.0359325 0.0380475 0.0398025 0.04302 0.04383 0.0486225 0.0525825 0.0552375 0.0629775 0.0699525 0.078795 0.09396 0.114457 0.145305 0.196312 0.311175 2.29709 
0.10746 0.0488475 0.03627 0.0347625 0.0323325 0.0292725 0.028845 0.026235 0.0286425 0.0281025 0.02934 0.02925 0.030735 0.0321525 0.0323775 0.0340875 0.036135 0.03762 0.0402075 0.0442575 0.0505125 0.0545625 0.061515 0.069525 0.0821025 0.101475 0.124965 0.171472 0.269842 1.94348 
0.0945 0.0399375 0.0323775 0.0302625 0.02718 0.0266625 0.02358 0.02439 0.02394 0.0233325 0.0258525 0.026775 0.02655 0.028845 0.0269775 0.028215 0.0299475 0.0337275 0.035415 0.03771 0.0417375 0.0484425 0.0533475 0.0599625 0.0694125 0.0848475 0.108135 0.14859 0.238185 1.65602 
0.080505 0.0357975 0.0282825 0.02493 0.02412 0.02169 0.0218925 0.0217125 0.0217125 0.020475 0.021465 0.0219375 0.0222525 0.0237825 0.0234 0.026415 0.02835 0.0287775 0.0303975 0.03438 0.0370125 0.04149 0.0457425 0.0521325 0.06057 0.072135 0.094185 0.130095 0.206347 1.41064 
0.06732 0.0299925 0.0240075 0.0218925 0.0199575 0.0202275 0.019125 0.01782 0.019125 0.01935 0.0178425 0.017775 0.01899 0.0198225 0.02214 0.0233775 0.02331 0.02421 0.0267075 0.0281925 0.0321975 0.0349425 0.03834 0.04518 0.0537525 0.0648675 0.0821475 0.111532 0.178852 1.19657 
0.06021 0.0257625 0.020295 0.0184725 0.0170325 0.0164925 0.0156375 0.0154125 0.016335 0.0159975 0.015885 0.0161775 0.0156825 0.0183825 0.0170775 0.0178425 0.0199575 0.0207675 0.0226125 0.024795 0.027 0.03024 0.0349425 0.0383175 0.0463275 0.055575 0.071055 0.0965025 0.15534 1.01659 
0.0494775 0.0211725 0.019485 0.015975 0.0155925 0.0141525 0.0143325 0.0136125 0.012825 0.0131625 0.0138825 0.0137925 0.0146025 0.015435 0.0162225 0.0154125 0.016515 0.0184275 0.019665 0.02106 0.0233775 0.02592 0.029565 0.0346725 0.0390375 0.0472725 0.0616275 0.0853425 0.136305 0.863977 
0.043245 0.0184725 0.0148725 0.013545 0.0122175 0.01197 0.0112725 0.0116325 0.0117675 0.01152 0.0127125 0.0111375 0.011565 0.0133875 0.01296 0.01404 0.0145125 0.015255 0.01764 0.0182475 0.0195525 0.0220725 0.0257625 0.02898 0.03537 0.0412425 0.0513675 0.0725175 0.11475 0.73368 
0.03735 0.0163125 0.012825 0.0125775 0.010665 0.01008 0.009585 0.0098325 0.01008 0.009495 0.01107 0.010125 0.0111375 0.0106425 0.0116775 0.012825 0.0123975 0.013095 0.0160875 0.0164475 0.0177075 0.01944 0.020835 0.02619 0.0290475 0.03474 0.044505 0.06363 0.100147 0.624352 
0.0328275 0.01458 0.0112275 0.0098325 0.00954 0.008775 0.0078525 0.0083475 0.008415 0.0081225 0.0087525 0.0085725 0.0094725 0.0094275 0.0098775 0.0100575 0.0116325 0.0108225 0.012555 0.0130275 0.016065 0.0168525 0.018045 0.02169 0.025875 0.0308025 0.0399375 0.0529875 0.08658 0.530685 
0.02673 0.0131175 0.010665 0.0079875 0.0081225 0.0074025 0.0074025 0.0075825 0.0074475 0.0080775 0.0076275 0.0085275 0.007785 0.0077175 0.0084825 0.00873 0.0092025 0.009675 0.010305 0.01224 0.0128925 0.0141075 0.01611 0.01827 0.0213525 0.02646 0.0335475 0.04563 0.07416 0.456345 
0.0228375 0.0103275 0.0078075 0.0067275 0.00666 0.00684 0.0064575 0.00639 0.0052875 0.0062775 0.0062325 0.0061875 0.0069975 0.006615 0.0072225 0.0078525 0.0083025 0.0094275 0.0092025 0.009945 0.0110475 0.01314 0.0135225 0.0169875 0.018675 0.0230175 0.029475 0.0401625 0.0644625 0.383445 
0.0202275 0.00891 0.007425 0.00621 0.0060525 0.0056925 0.0059175 0.005355 0.00468 0.00504 0.0050625 0.0056025 0.0054675 0.00576 0.006615 0.0062325 0.00684 0.0071325 0.00801 0.007965 0.00936 0.0103275 0.01242 0.01359 0.01611 0.0189 0.024435 0.0328275 0.0551925 0.325395 
0.016605 0.0077625 0.0063225 0.0050625 0.00459 0.0039825 0.004995 0.00477 0.0045225 0.0043875 0.0042975 0.00468 0.0047025 0.005445 0.0051075 0.005355 0.0055125 0.0060525 0.0060525 0.0076725 0.007425 0.0085725 0.00999 0.0119025 0.0132525 0.0160875 0.02187 0.029655 0.04698 0.277852 
0.0150975 0.00675 0.005175 0.00459 0.0045225 0.0039825 0.004185 0.0039375 0.0038475 0.00315 0.00441 0.0037575 0.0042075 0.0039375 0.004635 0.0049725 0.00504 0.00594 0.0057375 0.00657 0.0071775 0.0083475 0.00846 0.0106425 0.012105 0.0143775 0.0179775 0.025245 0.0413775 0.234877 
0.0122175 0.0061425 0.00396 0.003555 0.0033525 0.003645 0.00342 0.003375 0.003195 0.0029475 0.0038925 0.0037125 0.0036675 0.0039825 0.0035325 0.00396 0.0042525 0.00432 0.0047475 0.0060975 0.006345 0.0061425 0.0070425 0.009 0.0101925 0.012015 0.015075 0.020115 0.0358425 0.196785 
0.010755 0.0049275 0.003825 0.003465 0.0030825 0.002745 0.00288 0.0027675 0.00288 0.0028575 0.00315 0.0032625 0.0030825 0.0032625 0.003375 0.0038475 0.0036 0.00387 0.00414 0.0051525 0.00567 0.00468 0.0064575 0.007785 0.0080325 0.0102825 0.0137475 0.0188775 0.030915 0.17109 
0.0093825 0.0037575 0.0031725 0.002565 0.002655 0.0019575 0.002205 0.0026325 0.00252 0.0027675 0.0024975 0.00261 0.0025875 0.002925 0.003015 0.0031275 0.002835 0.0035325 0.0036675 0.0039825 0.0042525 0.0048825 0.00594 0.0068175 0.007875 0.008865 0.0119025 0.01665 0.0263925 0.14094 
0.0076725 0.0034425 0.00324 0.00252 0.0022725 0.002295 0.0019125 0.002115 0.002385 0.00207 0.002025 0.00189 0.0022725 0.0021825 0.001935 0.002475 0.0026775 0.002835 0.002655 0.00315 0.003015 0.0039825 0.0045 0.005625 0.005805 0.00828 0.009315 0.0141075 0.02214 0.1206 
0.0057375 0.0031275 0.00198 0.0024075 0.002025 0.0020475 0.00189 0.001935 0.001665 0.0016875 0.0017775 0.0018225 0.0017325 0.00198 0.001845 0.0020025 0.0020925 0.002475 0.0024525 0.002925 0.00324 0.002745 0.0039825 0.0052425 0.004815 0.0063675 0.0078525 0.011745 0.01719 0.103972 
0.0048375 0.0027225 0.0017325 0.0017775 0.00117 0.0010575 0.001305 0.0016425 0.0013275 0.00171 0.0015075 0.00135 0.001665 0.0014175 0.001845 0.00135 0.0021375 0.0018225 0.00216 0.0029925 0.0023175 0.00261 0.003285 0.00405 0.005265 0.0051525 0.0065475 0.010395 0.015615 0.087525 
0.0047925 0.002025 0.0016875 0.00135 0.0014175 0.00108 0.001035 0.00135 0.00108 0.00108 0.001125 0.00117 0.00144 0.0012375 0.0016425 0.0015525 0.001755 0.0016425 0.0018675 0.001845 0.0023625 0.002475 0.0029925 0.0029475 0.00405 0.0045 0.0055125 0.0083475 0.012915 0.072945 
0.00405 0.001575 0.0011925 0.0011925 0.0012825 0.0011925 0.0007875 0.0013725 0.0012375 0.0011025 0.00117 0.00153 0.001215 0.00126 0.001215 0.0015525 0.0012375 0.0014175 0.0013725 0.0016425 0.0022725 0.0026325 0.0022725 0.0031725 0.0032625 0.0043875 0.0051975 0.00756 0.01233 0.06264 
0.0038025 0.0014625 0.001125 0.00135 0.000945 0.000855 0.0006975 0.00099 0.001035 0.0008775 0.001305 0.000855 0.00063 0.0008775 0.001215 0.00108 0.0009675 0.001575 0.0011925 0.001395 0.00198 0.001845 0.0020925 0.00225 0.002835 0.0033075 0.0043875 0.0059175 0.0103275 0.05094 
0.00261 0.001395 0.0011925 0.0007875 0.000765 0.0008775 0.000765 0.0006075 0.0008325 0.00099 0.0006975 0.00072 0.0005625 0.0007875 0.00081 0.00081 0.001035 0.0010125 0.0009675 0.0011025 0.001395 0.00126 0.0020925 0.002025 0.0026325 0.0030375 0.00378 0.0055125 0.0085725 0.0463275 
0.0029025 0.001035 0.00099 0.000765 0.0007875 0.00072 0.00072 0.0006075 0.000675 0.0006975 0.000855 0.0008325 0.00081 0.0008325 0.0007425 0.0007875 0.00099 0.0009225 0.0011025 0.00099 0.0013275 0.001215 0.00153 0.001575 0.002115 0.002115 0.00351 0.00477 0.0072 0.037935 
0.0022275 0.00099 0.000765 0.0006975 0.000675 0.00063 0.000585 0.00045 0.00072 0.000495 0.00054 0.0003825 0.000675 0.0006525 0.0007425 0.0006525 0.0007425 0.0008775 0.0008325 0.00063 0.00072 0.0014625 0.0011025 0.001395 0.0015075 0.00252 0.0027225 0.0040275 0.006525 0.0308475 
0.001485 0.000675 0.0006975 0.00054 0.000405 0.0004275 0.00045 0.00027 0.0005175 0.0003375 0.0002925 0.0005175 0.0006525 0.0005175 0.0004725 0.0004275 0.0008325 0.0005175 0.000765 0.000855 0.00063 0.0009225 0.00099 0.0013725 0.0016425 0.00207 0.0023175 0.00342 0.00477 0.0277425 
0.0015075 0.000945 0.000405 0.00054 0.00036 0.000495 0.00054 0.000585 0.00036 0.00036 0.0004275 0.0005625 0.00054 0.0005625 0.000495 0.00045 0.00072 0.0005625 0.00054 0.00072 0.0009225 0.00072 0.0011025 0.0011925 0.00153 0.001755 0.0020475 0.002745 0.004455 0.0240075 
0.0016875 0.0005625 0.0005625 0.0005175 0.0003825 0.000225 0.0002925 0.0001575 0.00027 0.0004725 0.00045 0.0002475 0.0003375 0.0002025 0.000405 0.000405 0.000405 0.0006525 0.00036 0.00054 0.00054 0.0008325 0.0010125 0.0011925 0.001215 0.00153 0.001485 0.00252 0.0038475 0.019845 
0.0011475 0.000675 0.0003825 0.000315 0.000495 0.0001575 0.00045 0.0002925 0.000315 0.000225 0.000315 0.0004725 0.0002475 0.000315 0.00027 0.0003375 0.0004275 0.000405 0.0005175 0.0005625 0.0004725 0.000675 0.00045 0.0006975 0.001035 0.001485 0.0015525 0.0021375 0.0029475 0.0155925 
0.000765 0.0003825 0.0002925 0.0002025 0.0002475 0.0002925 0.0001125 0.0002925 0.0003825 0.000315 0.0002475 0.00018 0.00018 0.000315 0.000225 0.0003375 0.000225 0.000405 0.00027 0.0003825 0.00045 0.0005175 0.00054 0.000765 0.0009 0.001035 0.0011475 0.001845 0.0028575 0.0148275 
0.00081 0.0005625 0.00027 0.0003825 0.0002475 0.0002025 0.00018 0.0002025 0.000135 0.000225 0.00018 9e-05 0.0001575 0.00027 0.0002925 0.000315 0.000315 0.000135 0.0001575 0.0003375 0.000495 0.00036 0.00054 0.000585 0.000585 0.000945 0.00099 0.0015525 0.0028125 0.0117225 
0.0006525 0.000225 0.0002025 9e-05 0.0002025 0.000135 0.0001575 0.0001575 0.0002475 0.0001575 0.000135 0.00027 0.000135 0.00018 0.00018 0.000135 0.0001125 0.00027 0.000225 0.00018 0.0002025 0.00027 0.000405 0.00036 0.0007875 0.000585 0.001035 0.001035 0.00198 0.0102825 
0.000495 0.0002025 0.0001125 0.0002475 0.000135 0.0001575 0.000135 0 0.00018 0.00018 0.000135 0.000135 0.0001575 0.000225 0.000135 0.0002025 0.00018 0.0002025 0.0002925 0.0002475 0.000315 0.00036 0.0002475 0.0005625 0.000495 0.0006525 0.000855 0.00117 0.001845 0.009225 
0.00045 0.0001575 0.0001575 0.000135 0.00018 0.000135 9e-05 0.0002025 0.000135 0.000135 0.0001125 4.5e-05 0.000135 0.000225 0.00018 0.0002925 0.0001125 0.000315 0.00018 0.0002475 0.000135 0.0002025 0.0002475 0.000315 0.00036 0.00063 0.000495 0.000945 0.001395 0.00702 
0.00045 0.00027 0.0002475 6.75e-05 9e-05 6.75e-05 6.75e-05 0.0001125 0.0001125 0.0001125 0.000135 9e-05 0.0001125 0.000135 0.0001575 0.0001125 2.25e-05 6.75e-05 0.000135 0.000135 0.00018 0.00018 0.0002925 0.00018 0.00027 0.00027 0.0003375 0.0006075 0.0012375 0.005265 
0.00018 9e-05 0.000135 9e-05 4.5e-05 0.0001125 6.75e-05 0.000225 6.75e-05 6.75e-05 9e-05 4.5e-05 9e-05 0.000135 0.000135 0.0001125 0.00027 0.000135 0.000135 0.00027 0.0001575 9e-05 9e-05 0.0002475 0.0002925 0.0003375 0.0004725 0.00072 0.001035 0.0059175 
0.0002475 9e-05 4.5e-05 6.75e-05 4.5e-05 9e-05 9e-05 4.5e-05 0.0001125 0.0001575 2.25e-05 0.000135 9e-05 0.00018 6.75e-05 0.00018 6.75e-05 0.00018 0.0001125 6.75e-05 0.000135 0.0001125 0.00018 0.0002025 0.0003825 0.000495 0.00036 0.00054 0.0009675 0.004005 
0.00036 0.0001575 6.75e-05 0.0001125 9e-05 0 2.25e-05 2.25e-05 6.75e-05 6.75e-05 9e-05 2.25e-05 6.75e-05 9e-05 6.75e-05 6.75e-05 0.0001575 9e-05 6.75e-05 0.0001125 2.25e-05 0.000135 0.00018 0.0001125 0.0002475 0.0004725 0.000135 0.00045 0.0008325 0.0035325 
0.000225 0.00018 2.25e-05 9e-05 4.5e-05 4.5e-05 9e-05 9e-05 4.5e-05 9e-05 2.25e-05 0.000135 2.25e-05 9e-05 6.75e-05 4.5e-05 0.0001575 9e-05 6.75e-05 0.0001125 0.000135 6.75e-05 4.5e-05 0.0001125 0.0001575 0.000225 0.0002925 0.0003375 0.0006525 0.0027225 
0.000225 9e-05 6.75e-05 2.25e-05 4.5e-05 4.5e-05 2.25e-05 4.5e-05 6.75e-05 4.5e-05 0 2.25e-05 6.75e-05 2.25e-05 4.5e-05 4.5e-05 4.5e-05 9e-05 9e-05 2.25e-05 2.25e-05 0.0001125 2.25e-05 0.000135 0.000135 0.000225 0.0002925 0.0005175 0.00036 0.0024975 
0.000225 4.5e-05 2.25e-05 6.75e-05 4.5e-05 4.5e-05 2.25e-05 2.25e-05 2.25e-05 2.25e-05 2.25e-05 0 4.5e-05 0.0001125 2.25e-05 6.75e-05 9e-05 6.75e-05 9e-05 6.75e-05 9e-05 2.25e-05 0.0001125 6.75e-05 0.0001575 2.25e-05 0.0002025 0.000225 0.0004725 0.0024075 
6.75e-05 0 6.75e-05 9e-05 6.75e-05 2.25e-05 4.5e-05 2.25e-05 6.75e-05 2.25e-05 2.25e-05 6.75e-05 2.25e-05 9e-05 4.5e-05 0 6.75e-05 4.5e-05 4.5e-05 6.75e-05 0 4.5e-05 0.0001575 0.00018 0.0001125 0.000135 0.0002925 0.0002475 0.0004725 0.0018675 
0.0001575 0.0001575 6.75e-05 2.25e-05 4.5e-05 2.25e-05 2.25e-05 6.75e-05 2.25e-05 2.25e-05 2.25e-05 4.5e-05 0 2.25e-05 9e-05 4.5e-05 6.75e-05 4.5e-05 4.5e-05 0.0001125 4.5e-05 9e-05 2.25e-05 2.25e-05 0.0001575 6.75e-05 0.000135 0.00027 0.000315 0.00144 
0.0001125 2.25e-05 4.5e-05 2.25e-05 2.25e-05 2.25e-05 4.5e-05 2.25e-05 2.25e-05 0 4.5e-05 0 4.5e-05 0 2.25e-05 2.25e-05 2.25e-05 4.5e-05 6.75e-05 4.5e-05 2.25e-05 0.0001125 6.75e-05 0 0.000135 0 0.000135 0.0001575 0.0003825 0.00126 
0.0001125 2.25e-05 2.25e-05 2.25e-05 4.5e-05 2.25e-05 0 4.5e-05 2.25e-05 0 4.5e-05 4.5e-05 2.25e-05 2.25e-05 0 6.75e-05 2.25e-05 9e-05 0 6.75e-05 2.25e-05 4.5e-05 4.5e-05 4.5e-05 0.000135 0.000135 2.25e-05 0.0001125 0.0002025 0.001305 
0 6.75e-05 6.75e-05 2.25e-05 2.25e-05 2.25e-05 0 0 0 4.5e-05 2.25e-05 0 0 0 2.25e-05 0 0 2.25e-05 2.25e-05 2.25e-05 4.5e-05 6.75e-05 0 0.0001125 2.25e-05 0.00018 0.0001125 2.25e-05 0.00018 0.0011025 
0 4.5e-05 0 2.25e-05 2.25e-05 0 0 2.25e-05 2.25e-05 0 0 0 2.25e-05 0 0 2.25e-05 0 0 2.25e-05 4.5e-05 2.25e-05 4.5e-05 4.5e-05 2.25e-05 2.25e-05 4.5e-05 4.5e-05 0.0001125 0.000135 0.0006975 
0.0001125 0 0 0 0 2.25e-05 0 0 0 0 2.25e-05 9e-05 0 2.25e-05 2.25e-05 2.25e-05 2.25e-05 0 2.25e-05 2.25e-05 2.25e-05 2.25e-05 0 6.75e-05 4.5e-05 2.25e-05 6.75e-05 0.0001125 0.000135 0.0006975 
4.5e-05 0 0 0 0 0 0 0 2.25e-05 0 0 2.25e-05 2.25e-05 2.25e-05 2.25e-05 4.5e-05 0 2.25e-05 4.5e-05 2.25e-05 0 4.5e-05 0 4.5e-05 0 6.75e-05 6.75e-05 2.25e-05 9e-05 0.0005175 
0.0001125 2.25e-05 0 0 0 0 0 2.25e-05 0 4.5e-05 0 0 0 0 4.5e-05 0 0 2.25e-05 4.5e-05 0 6.75e-05 0 2.25e-05 0 4.5e-05 0 4.5e-05 6.75e-05 0.0001125 0.000585 
4.5e-05 0 0 0 0 0 0 0 0 0 0 0 0 0 2.25e-05 0 2.25e-05 4.5e-05 0 9e-05 0 2.25e-05 0 2.25e-05 2.25e-05 2.25e-05 0 2.25e-05 0.000135 0.0002025 
0 0 2.25e-05 0 0 0 0 0 2.25e-05 0 0 2.25e-05 0 0 0 0 0 2.25e-05 0 0 4.5e-05 2.25e-05 2.25e-05 0 0 2.25e-05 4.5e-05 2.25e-05 0.000135 0.00018 
2.25e-05 0 2.25e-05 0 0 0 0 0 0 0 0 0 2.25e-05 0 0 0 0 0 0 0 0 0 0 0 2.25e-05 0 0 2.25e-05 6.75e-05 0.000225 
0 0 0 0 2.25e-05 0 0 0 0 0 2.25e-05 0 0 2.25e-05 0 0 2.25e-05 0 0 0 0 0 0 2.25e-05 0 0 2.25e-05 4.5e-05 0 0.000315 
4.5e-05 0 2.25e-05 0 0 0 0 0 2.25e-05 0 0 0 0 0 0 0 0 0 0 0 0 0 0 0 2.25e-05 2.25e-05 4.5e-05 2.25e-05 6.75e-05 0.000135 
0 0 0 4.5e-05 0 0 4.5e-05 0 0 0 0 0 0 2.25e-05 0 0 0 2.25e-05 0 0 0 2.25e-05 0 0 2.25e-05 0 2.25e-05 2.25e-05 4.5e-05 0.000225 
0 0 0 0 0 0 0 2.25e-05 0 0 0 2.25e-05 0 0 0 0 0 0 0 0 0 0 0 2.25e-05 2.25e-05 0 4.5e-05 0 0 6.75e-05 
0 0 0 0 0 0 0 0 0 0 0 0 0 0 2.25e-05 0 0 0 0 0 2.25e-05 0 0 0 2.25e-05 0 0 0 6.75e-05 0.0001125 
0 0 0 0 0 0 0 0 0 0 0 0 0 0 0 2.25e-05 0 2.25e-05 0 0 2.25e-05 0 0 0 2.25e-05 0 2.25e-05 0 6.75e-05 9e-05 
0 0 0 2.25e-05 0 0 0 0 0 0 0 0 0 2.25e-05 0 2.25e-05 2.25e-05 0 0 0 0 0 0 0 0 0 2.25e-05 6.75e-05 4.5e-05 0.0001125 
0 0 0 0 0 0 0 2.25e-05 0 0 0 0 0 0 0 0 0 2.25e-05 0 0 0 0 0 0 0 0 0 0 0 0.0001125 
0 0 0 0 0 0 0 0 2.25e-05 0 0 0 4.5e-05 0 0 0 0 0 0 0 0 0 0 0 0 0 0 0 0 4.5e-05 
0 0 0 2.25e-05 0 0 0 0 0 0 0 0 0 0 0 0 0 0 0 0 0 2.25e-05 0 0 0 0 0 2.25e-05 0 6.75e-05 
0 2.25e-05 0 0 0 0 0 0 0 0 0 0 0 0 0 0 0 0 0 2.25e-05 2.25e-05 2.25e-05 0 0 0 0 0 2.25e-05 4.5e-05 9e-05 
0 0 0 0 0 0 0 0 0 0 0 0 0 0 2.25e-05 0 0 0 0 0 0 0 0 0 0 0 0 2.25e-05 6.75e-05 4.5e-05 
2.25e-05 0 0 0 0 0 0 0 0 0 0 0 0 0 0 0 0 0 0 0 0 0 0 0 2.25e-05 0 0 0 0 2.25e-05 
0 0 0 0 0 0 0 0 0 0 0 0 0 0 2.25e-05 0 0 0 0 0 0 0 0 0 0 0 2.25e-05 2.25e-05 0 2.25e-05 
0 0 0 0 0 0 2.25e-05 0 0 0 0 0 0 0 0 0 0 0 0 0 0 0 0 0 0 0 0 0 4.5e-05 6.75e-05 
0 0 0 0 0 2.25e-05 0 0 0 0 0 0 0 0 0 0 0 0 0 0 0 0 0 0 0 0 0 2.25e-05 0 0 
0 0 0 0 0 0 0 0 0 0 0 0 0 0 0 0 0 0 0 0 0 0 0 0 0 0 2.25e-05 0 0 2.25e-05 
0 0 0 0 0 0 0 0 0 0 0 0 0 0 0 0 0 0 0 0 0 0 0 2.25e-05 0 0 2.25e-05 2.25e-05 0 2.25e-05 
0 0 0 0 0 0 0 0 0 0 0 0 0 0 0 0 0 0 0 0 0 0 0 0 0 0 0 0 0 2.25e-05 
0 0 0 0 0 0 0 0 0 0 0 0 0 0 0 0 0 0 0 0 0 0 0 0 0 0 0 0 0 6.75e-05 
0 0 0 0 0 0 0 0 0 0 0 0 0 0 0 0 0 0 0 0 0 0 0 0 0 0 0 0 0 0 
0 0 0 0 0 0 0 0 0 0 0 0 0 0 0 0 0 0 0 0 0 0 0 0 0 0 0 0 0 2.25e-05 
0 0 0 0 0 2.25e-05 0 0 0 0 0 0 0 0 0 0 0 0 0 0 0 0 0 0 0 0 0 0 0 0 
0 0 0 0 0 0 0 0 0 0 0 0 0 0 0 0 0 0 0 0 0 2.25e-05 0 0 4.5e-05 0 2.25e-05 0 2.25e-05 2.25e-05 
0 0 0 0 0 0 0 0 0 0 0 0 0 0 0 0 0 0 0 0 0 0 0 0 0 0 0 0 0 0 
0 0 0 0 0 0 0 0 0 0 0 0 0 0 0 0 0 0 0 0 0 0 0 0 0 0 0 0 2.25e-05 0 
0 0 0 0 0 0 0 0 0 0 0 0 0 0 0 0 0 0 0 0 0 0 0 0 0 0 0 0 0 2.25e-05 
0 0 0 0 0 0 0 0 0 0 0 0 0 0 0 0 0 0 0 0 0 0 0 0 0 0 0 0 2.25e-05 0 
0 0 0 0 0 0 0 0 0 0 0 0 0 0 0 0 0 0 0 0 0 0 0 0 0 0 0 0 0 2.25e-05 
0 0 0 0 0 0 0 0 0 0 0 0 0 0 0 0 0 0 0 0 0 0 0 0 0 0 0 0 0 0 
0 0 0 0 0 0 0 0 0 0 0 0 0 0 0 0 0 0 0 0 0 0 0 0 0 0 0 0 0 2.25e-05 
0 0 0 0 0 0 0 0 0 0 0 0 0 0 0 0 0 0 0 0 0 0 0 0 0 0 0 0 0 0 
0 0 0 0 0 0 0 0 0 0 0 0 0 0 0 0 0 0 0 0 0 0 0 0 0 0 0 0 0 0 
0 0 0 0 0 0 0 0 0 0 0 0 0 0 0 0 0 0 0 0 0 0 0 0 0 0 0 0 0 0 
0 0 0 0 0 0 0 0 0 0 0 0 0 0 0 0 0 0 0 0 0 0 0 0 0 0 0 0 0 0 
0 0 0 0 0 0 0 0 0 0 0 0 0 0 0 0 0 0 0 0 0 0 0 0 0 0 0 0 0 0 
0 0 0 0 0 0 0 0 0 0 0 0 0 0 0 0 0 0 0 0 2.25e-05 0 0 0 0 0 0 0 0 2.25e-05 
0 0 0 0 0 0 0 0 0 0 0 0 0 0 0 0 0 0 0 0 0 0 0 0 0 0 0 0 0 0 
0 0 0 0 0 0 0 0 0 0 0 0 0 0 0 0 0 0 0 0 0 0 0 0 0 0 0 0 0 0 
0 0 0 0 0 0 0 0 0 0 0 0 0 0 0 0 0 0 0 0 0 0 0 0 0 0 0 0 0 0 
0 0 0 0 0 0 0 0 0 0 0 0 0 0 0 0 0 0 0 0 0 0 0 0 0 0 0 0 0 0 
0 0 0 0 0 0 0 0 0 0 0 0 0 0 0 0 0 0 0 0 0 0 0 0 0 0 0 0 0 0 
0 0 0 0 0 0 0 0 0 0 0 0 0 0 0 0 0 0 0 0 0 0 0 0 0 0 0 0 0 2.25e-05 
0 0 0 0 0 0 0 0 0 0 0 0 0 0 0 0 0 0 0 0 0 0 0 0 0 0 0 0 0 0 
0 0 0 0 0 0 0 0 0 0 0 0 0 0 0 0 0 0 0 0 0 0 0 0 0 0 0 0 0 0 
0 0 0 0 0 0 0 0 0 0 0 0 0 0 0 0 0 0 0 0 0 0 2.25e-05 0 0 0 0 0 0 0 
0 0 0 0 0 0 0 0 0 0 0 0 0 0 0 0 0 0 0 0 0 0 0 0 0 0 0 0 0 0 
0 0 0 0 0 0 0 0 0 0 0 0 0 0 0 0 0 0 0 0 0 0 0 0 0 0 0 0 0 0 
0 0 0 0 0 0 0 0 0 0 0 0 0 0 0 0 0 0 0 0 0 0 0 0 0 0 0 0 0 0 
0 0 0 0 0 0 0 0 0 0 0 0 0 0 0 0 0 0 0 0 0 0 0 0 0 0 0 0 0 0 
0 0 0 0 0 0 0 0 0 0 0 0 0 0 0 0 0 0 0 0 0 0 0 0 0 0 0 2.25e-05 0 0 
