Infinite flatland isotropic point source isotropic scattering exponential random flight, mu_t = 3
Analogmu_t c: 0.99 maxr: 8.33333 dr: 0.0666667 du: 0.0666667 numsamples: 1010101 numCollisionOrders: 50 numMoments: 5
CollisionDensity:
4.70699 7.22133 9.20093 10.8165 12.2199 13.4255 14.4499 15.338 16.0936 16.7861 17.3593 17.8581 18.2446 18.5884 18.8929 19.1268 19.295 19.4734 19.5995 19.5698 19.6778 19.6941 19.6225 19.5846 19.5525 19.42 19.326 19.1898 19.0477 18.861 18.7464 18.5318 18.3341 18.1393 17.9529 17.7546 17.5241 17.3122 17.0955 16.8112 16.601 16.357 16.1362 15.8605 15.642 15.374 15.1442 14.8944 14.6682 14.4033 14.1429 13.9162 13.6878 13.4632 13.2193 12.9551 12.7055 12.4586 12.2506 12.0109 11.7955 11.5811 11.3817 11.145 10.8991 10.7062 10.4896 10.2619 10.074 9.90884 9.68137 9.48634 9.30308 9.10088 8.92997 8.72338 8.5705 8.36593 8.20629 8.03455 7.87013 7.66882 7.52274 7.38149 7.219 7.04205 6.91357 6.75399 6.58773 6.46657 6.3009 6.18393 6.05228 5.92123 5.77698 5.65905 5.51333 5.39018 5.26171 5.16042 5.02992 4.92652 4.80573 4.6839 4.58391 4.50169 4.38944 4.31002 4.19178 4.10368 4.00527 3.8967 3.81072 3.7602 3.62882 3.55412 3.46773 3.39015 3.31309 3.21782 3.131 3.08255 2.99679 2.93705 116.304 
Density Moments:
100.11 369.957 2225.05 18569.1 198337 
Per-collision Density Moments:
0 0 0 0 0 
1 0.333474 0.222183 0.221929 0.295561 
0.989953 0.518371 0.439919 0.518285 0.782629 
0.979988 0.653903 0.65421 0.872441 1.45409 
0.970102 0.762519 0.862972 1.26993 2.29579 
0.960526 0.85421 1.06744 1.70646 3.31245 
0.950988 0.934029 1.26787 2.17579 4.49463 
0.941504 1.00481 1.46488 2.6764 5.84568 
0.932298 1.06904 1.65977 3.20729 7.3706 
0.923119 1.12588 1.84639 3.74758 9.00286 
0.913863 1.17812 2.03092 4.31342 10.8028 
0.904872 1.22567 2.21031 4.89297 12.7341 
0.895755 1.26971 2.38722 5.49228 14.8152 
0.886904 1.3106 2.56061 6.10508 17.0254 
0.878084 1.34878 2.73224 6.73959 19.4094 
0.869354 1.38405 2.89833 7.37324 21.8531 
0.860592 1.41666 3.06176 8.02508 24.4748 
0.851898 1.44641 3.21864 8.67221 27.1453 
0.84341 1.47468 3.37371 9.33208 29.9516 
0.835111 1.50117 3.52606 10.0022 32.8871 
0.826648 1.52589 3.67567 10.6802 35.9285 
0.818288 1.54914 3.82276 11.3661 39.0901 
0.80997 1.57025 3.9642 12.0488 42.3291 
0.801882 1.59038 4.10394 12.7404 45.6778 
0.793795 1.60818 4.23573 13.4071 48.9547 
0.785935 1.62522 4.36659 14.0907 52.4235 
0.778146 1.64098 4.49284 14.7629 55.884 
0.770327 1.65551 4.61556 15.4333 59.4147 
0.762513 1.66961 4.73993 16.1305 63.1766 
0.754922 1.683 4.86256 16.8342 67.0484 
0.747323 1.69539 4.98065 17.521 70.8607 
0.739906 1.70715 5.09776 18.2173 74.8022 
0.732474 1.71754 5.21007 18.904 78.7657 
0.725115 1.72804 5.3219 19.5942 82.819 
0.717765 1.7372 5.43115 20.2915 87.0015 
0.710556 1.74492 5.53375 20.9631 91.0905 
0.703516 1.75298 5.63912 21.6567 95.3394 
0.69649 1.75979 5.73755 22.3262 99.5663 
0.689541 1.76612 5.83581 23.0103 103.964 
0.682629 1.77163 5.92842 23.6636 108.203 
0.675791 1.77635 6.01826 24.3161 112.533 
0.668941 1.78057 6.10643 24.9686 116.911 
0.662184 1.78433 6.19395 25.6311 121.456 
0.65546 1.78702 6.27573 26.2676 125.867 
0.648877 1.78985 6.35698 26.9035 130.333 
0.642586 1.79184 6.43325 27.521 134.756 
0.636185 1.79377 6.51015 28.1423 139.187 
0.629831 1.7953 6.58554 28.7641 143.697 
0.623431 1.79612 6.65771 29.373 148.159 
0.617338 1.79707 6.72879 29.978 152.644 
Per-collision Densities:
0.077621 0.0794921 0.0863676 0.0917879 0.100297 0.114627 0.136323 0.17471 0.422468 0.300133 0.125883 0.0991238 0.0884912 0.0801306 0.0760617 0.0692901 0.0680427 0.0652361 0.0627858 0.062474 0.0618651 0.0618354 0.0616572 0.0628304 0.0640926 0.0641669 0.0651618 0.0679982 0.0670478 0.0699287 0.0752004 0.0781556 0.0855212 0.0903029 0.0987971 0.111078 0.129626 0.170136 0.413736 0.297015 0.12572 0.0998366 0.0859518 0.0763587 0.0693792 0.0685476 0.0667359 0.0628601 0.0623106 0.0605583 0.0600089 0.059207 0.0613899 0.0604841 0.0613602 0.0652509 0.0633947 0.0646421 0.066632 0.0715919 0.0737897 0.0773388 0.0819572 0.0889515 0.0952628 0.1094 0.131022 0.167211 0.402881 11.6595 4.98476 3.93317 3.39541 3.07693 2.86596 2.71927 2.61464 2.5347 2.47165 2.43639 2.40656 2.40214 2.40304 2.42823 2.44603 2.47468 2.52956 2.60225 2.67898 2.77645 2.89489 3.05055 3.24129 3.49612 3.82307 4.33311 5.09888 6.63289 15.8928 0 0 0 0 0 0 0 0 0 0 0 0 0 0 0 0 0 0 0 0 0 0 0 0 0 0 
2.71777 2.2201 1.8233 1.49103 1.22861 0.998366 0.819081 0.669067 0.551529 0.446525 0.366513 0.306177 0.246703 0.203356 0.168889 0.133769 0.109786 0.0915948 0.0746658 0.0605583 0.0499554 0.040986 0.0322245 0.026834 0.0217701 0.0184437 0.0144045 0.0124592 0.0098901 0.00806355 0.0070686 0.00568755 0.00429165 0.00366795 0.00289575 0.00289575 0.00206415 0.0015147 0.0013365 0.00102465 0.00105435 0.0007128 0.00054945 0.00049005 0.00043065 0.0003564 0.00031185 0.00025245 0.0001782 0.00013365 0.00013365 2.97e-05 8.91e-05 5.94e-05 2.97e-05 7.425e-05 4.455e-05 7.425e-05 1.485e-05 2.97e-05 0 2.97e-05 0 2.97e-05 0 0 0 0 0 0 0 1.485e-05 0 0 0 0 0 0 0 0 0 0 0 0 0 0 0 0 0 0 0 0 0 0 0 0 0 0 0 0 0 0 0 0 0 0 0 0 0 0 0 0 0 0 0 0 0 0 0 0 0 0 0 0 0 
0.665443 1.20855 1.36268 1.36997 1.30226 1.19793 1.07366 0.952123 0.836456 0.723893 0.627576 0.541891 0.46681 0.394965 0.334689 0.288922 0.241936 0.206356 0.171592 0.144431 0.119171 0.104232 0.0835016 0.0691713 0.0604395 0.0488268 0.042278 0.0354024 0.02921 0.0243837 0.0202406 0.0167805 0.0144639 0.0122216 0.0095634 0.0084051 0.00678645 0.0055539 0.00485595 0.00343035 0.0030888 0.002376 0.00212355 0.0018711 0.00158895 0.001188 0.00102465 0.0009207 0.000594 0.00069795 0.00063855 0.00037125 0.00034155 0.00019305 8.91e-05 0.00016335 0.0001782 8.91e-05 0.00013365 0.0001782 8.91e-05 4.455e-05 1.485e-05 4.455e-05 1.485e-05 0 4.455e-05 7.425e-05 0 0 1.485e-05 1.485e-05 1.485e-05 0 0 0 0 1.485e-05 0 0 0 0 1.485e-05 0 0 0 0 0 0 0 0 0 0 0 0 0 0 0 0 0 0 0 0 0 0 0 0 0 0 0 0 0 0 0 0 0 0 0 0 0 0 0 0 0 0 
0.258999 0.644713 0.88757 1.0101 1.07296 1.07954 1.03761 0.983768 0.906385 0.834689 0.759681 0.683887 0.602405 0.534511 0.473166 0.408821 0.35888 0.311093 0.267864 0.23417 0.200995 0.172958 0.145976 0.127086 0.107826 0.0914463 0.0781853 0.0655479 0.0563706 0.0469706 0.0406742 0.0343184 0.0276953 0.0241016 0.0210425 0.016929 0.0147015 0.0128601 0.00990495 0.0087912 0.00711315 0.0059103 0.0050787 0.00429165 0.0041877 0.00316305 0.00262845 0.00194535 0.0016335 0.00138105 0.0014256 0.00084645 0.00072765 0.00081675 0.0005049 0.00051975 0.00040095 0.00043065 0.00013365 0.00037125 0.0001782 0.0001782 0.00013365 0.00013365 0.00010395 5.94e-05 4.455e-05 4.455e-05 2.97e-05 1.485e-05 5.94e-05 1.485e-05 4.455e-05 0 0 2.97e-05 1.485e-05 0 1.485e-05 1.485e-05 0 0 0 0 0 0 0 0 0 0 0 0 0 1.485e-05 0 0 0 0 0 0 0 0 0 0 0 0 0 0 0 0 0 0 0 0 0 0 0 0 0 0 0 0 0 0 0 
0.143139 0.394565 0.599881 0.737258 0.841342 0.898722 0.918443 0.908716 0.872645 0.838119 0.787585 0.731838 0.670953 0.619453 0.553563 0.502286 0.448574 0.396257 0.35297 0.307499 0.275052 0.237808 0.206786 0.185937 0.160142 0.135833 0.117701 0.0990941 0.0889664 0.0759875 0.0657558 0.0566082 0.0475349 0.0419216 0.0364865 0.0290763 0.0245025 0.0227502 0.018221 0.0155777 0.0126968 0.0106178 0.0095337 0.00830115 0.0075141 0.00589545 0.00515295 0.0045738 0.00322245 0.003267 0.0025542 0.0018414 0.00170775 0.00144045 0.00141075 0.00102465 0.0009207 0.00066825 0.00043065 0.0006237 0.0004455 0.000297 0.00037125 0.0003267 0.0002376 0.00016335 5.94e-05 8.91e-05 7.425e-05 7.425e-05 0.0001485 2.97e-05 5.94e-05 2.97e-05 1.485e-05 1.485e-05 4.455e-05 2.97e-05 4.455e-05 0 0 0 1.485e-05 0 0 0 0 0 1.485e-05 0 0 0 0 0 0 0 0 0 0 0 0 0 0 0 0 0 0 0 0 0 0 0 0 0 0 0 0 0 0 0 0 0 0 0 0 
0.0941936 0.274012 0.432907 0.562355 0.668057 0.736263 0.787421 0.806073 0.798232 0.789723 0.760543 0.735268 0.690436 0.646049 0.599732 0.553326 0.503801 0.458434 0.415132 0.368577 0.335402 0.296183 0.265548 0.23515 0.205554 0.183294 0.158895 0.139427 0.122676 0.107366 0.0935402 0.0794475 0.0699435 0.0615087 0.0531927 0.0461241 0.0392783 0.034155 0.0294179 0.0247698 0.020894 0.0182804 0.0162162 0.0128007 0.0121028 0.0105435 0.00865755 0.00714285 0.00616275 0.00544995 0.00444015 0.0037125 0.00319275 0.0024651 0.00194535 0.0021978 0.00155925 0.0013068 0.00114345 0.0008316 0.00081675 0.0008613 0.0006534 0.000594 0.0003267 0.0003267 0.00037125 0.0002376 0.0002376 0.0002079 0.0001188 0.0001485 5.94e-05 0.00013365 2.97e-05 4.455e-05 7.425e-05 5.94e-05 1.485e-05 0 2.97e-05 1.485e-05 0 0 0 0 0 1.485e-05 1.485e-05 0 2.97e-05 0 0 0 0 1.485e-05 0 0 0 0 0 0 0 0 0 0 0 0 0 0 0 0 0 0 0 0 0 0 0 0 0 0 0 0 0 
0.0714434 0.204826 0.33613 0.443436 0.534749 0.614434 0.669171 0.699212 0.723967 0.72468 0.717522 0.70239 0.673225 0.643035 0.61675 0.574101 0.538149 0.495648 0.45689 0.418473 0.377413 0.339471 0.31084 0.282046 0.25098 0.223478 0.19945 0.17817 0.156252 0.140139 0.121592 0.107247 0.0917433 0.08316 0.0730323 0.0628007 0.054648 0.0497475 0.0415058 0.036531 0.030992 0.0276062 0.0241758 0.0212355 0.0177606 0.0155034 0.0131126 0.0111227 0.0093555 0.0081675 0.00672705 0.0063261 0.00515295 0.00393525 0.00360855 0.0036828 0.0026136 0.00233145 0.0018414 0.0016335 0.0012474 0.0012771 0.00111375 0.0007425 0.0007128 0.00063855 0.00046035 0.0005049 0.00037125 0.0003564 0.00043065 0.000297 0.0002673 0.00016335 0.00013365 0.00010395 0.00013365 8.91e-05 0.0001188 5.94e-05 1.485e-05 5.94e-05 1.485e-05 0 1.485e-05 1.485e-05 1.485e-05 1.485e-05 0 2.97e-05 2.97e-05 1.485e-05 0 1.485e-05 0 0 0 0 0 0 0 0 0 0 0 0 0 0 0 0 0 0 0 0 0 0 0 0 0 0 0 0 0 0 0 
0.0565934 0.166379 0.271621 0.362652 0.44201 0.514671 0.571636 0.609236 0.639768 0.662295 0.663884 0.658538 0.652732 0.624992 0.604484 0.579907 0.55144 0.515087 0.483071 0.437555 0.411701 0.37964 0.346183 0.316498 0.283293 0.261776 0.235566 0.210707 0.18959 0.169156 0.150341 0.132952 0.1188 0.106029 0.0932432 0.082076 0.0708197 0.0643154 0.0554499 0.0498069 0.0430056 0.0363528 0.0337986 0.0285863 0.0251856 0.0224235 0.0183695 0.0159786 0.0141818 0.013068 0.0106029 0.0089991 0.00815265 0.00675675 0.00604395 0.0050193 0.0043956 0.00402435 0.00298485 0.00283635 0.0019602 0.0019008 0.0015741 0.0013959 0.00147015 0.00105435 0.0007128 0.00078705 0.0006534 0.00054945 0.00051975 0.0004158 0.0003861 0.00019305 0.000297 0.0002376 0.0001485 0.00016335 0.00025245 7.425e-05 0.00010395 7.425e-05 8.91e-05 4.455e-05 2.97e-05 4.455e-05 4.455e-05 1.485e-05 0 2.97e-05 2.97e-05 0 2.97e-05 1.485e-05 0 0 0 0 0 0 0 0 0 0 0 0 0 0 0 0 0 0 0 0 0 0 0 0 0 0 0 0 0 0 0 
0.0458271 0.138491 0.227279 0.30738 0.374725 0.43858 0.497861 0.534125 0.569126 0.592812 0.610305 0.615102 0.606415 0.603846 0.58858 0.567463 0.545931 0.521369 0.493154 0.456162 0.428512 0.403801 0.371547 0.341327 0.320285 0.292649 0.265533 0.240644 0.219602 0.195857 0.174963 0.158836 0.142709 0.127472 0.115696 0.100653 0.0905256 0.0807246 0.0729581 0.0636768 0.0552123 0.0476091 0.0432135 0.0376745 0.032076 0.0299673 0.0256163 0.0236709 0.0198545 0.016929 0.014553 0.0132017 0.0111969 0.0101574 0.0087318 0.00687555 0.0062667 0.0053163 0.0047817 0.00417285 0.00354915 0.00301455 0.00245025 0.0020493 0.0019305 0.001782 0.0013068 0.00120285 0.00099495 0.0011583 0.00069795 0.0006237 0.00057915 0.00054945 0.0006237 0.0004158 0.00028215 0.00025245 0.0002079 0.00019305 0.00016335 0.0001485 0.00010395 8.91e-05 0.00010395 0.00010395 5.94e-05 1.485e-05 2.97e-05 4.455e-05 1.485e-05 2.97e-05 2.97e-05 4.455e-05 0 1.485e-05 0 0 0 1.485e-05 0 0 0 0 0 0 0 0 1.485e-05 0 0 0 0 0 0 0 0 0 0 0 0 0 0 0 0 
0.0389516 0.116261 0.190941 0.264226 0.331497 0.382135 0.432165 0.480902 0.512266 0.539248 0.557989 0.564983 0.568413 0.5707 0.56283 0.548366 0.532922 0.513409 0.495099 0.467537 0.441728 0.415845 0.390644 0.363736 0.340407 0.309415 0.289011 0.26133 0.244208 0.222809 0.201915 0.181794 0.164419 0.150549 0.134719 0.119275 0.106846 0.0969557 0.0869319 0.0788535 0.0689783 0.0605286 0.0544401 0.0465399 0.0423968 0.0382982 0.033264 0.0288833 0.0252153 0.0225423 0.0194238 0.0176715 0.015741 0.0138699 0.0120731 0.0100386 0.0084645 0.00708345 0.0066528 0.0057618 0.0052569 0.0040986 0.0036828 0.00313335 0.00247995 0.00259875 0.0020493 0.0017226 0.00158895 0.0015147 0.00117315 0.0009801 0.0007722 0.00078705 0.0010098 0.00069795 0.00049005 0.0004158 0.0003564 0.00034155 0.0001782 0.00019305 0.0001782 0.0001188 0.00013365 0.00019305 0.00010395 5.94e-05 2.97e-05 2.97e-05 7.425e-05 7.425e-05 2.97e-05 1.485e-05 4.455e-05 1.485e-05 0 1.485e-05 1.485e-05 1.485e-05 0 0 0 0 0 0 0 0 1.485e-05 0 0 0 0 0 0 0 0 0 0 0 0 0 0 0 0 
0.0341105 0.0992871 0.165696 0.230338 0.287971 0.339768 0.384318 0.43166 0.461984 0.491431 0.511538 0.522735 0.534882 0.533486 0.533739 0.531645 0.509964 0.504365 0.486338 0.467686 0.443228 0.424042 0.397178 0.378482 0.348708 0.330413 0.305182 0.284496 0.263543 0.243882 0.221176 0.200638 0.186353 0.168414 0.152257 0.139813 0.12676 0.113454 0.102435 0.0918621 0.0835313 0.0740718 0.0642114 0.0584051 0.0525839 0.0475646 0.0413127 0.0362637 0.03218 0.0291209 0.0253935 0.0218889 0.0192605 0.017924 0.015444 0.0137363 0.011583 0.0099792 0.0090288 0.0073953 0.0068607 0.00580635 0.0050193 0.0041877 0.0038016 0.0040392 0.0033264 0.0021978 0.00209385 0.00188595 0.00149985 0.0013662 0.00135135 0.0011583 0.0011583 0.0009801 0.0007425 0.0005643 0.0005346 0.00054945 0.00037125 0.000297 0.0003267 0.00034155 0.0002079 0.00013365 0.00016335 0.0001188 7.425e-05 5.94e-05 0.0001782 8.91e-05 7.425e-05 0 5.94e-05 2.97e-05 0 1.485e-05 2.97e-05 2.97e-05 0 0 2.97e-05 1.485e-05 0 1.485e-05 0 0 1.485e-05 0 1.485e-05 0 0 0 0 0 0 0 0 0 0 0 0 0 0 
0.0304425 0.0912978 0.147223 0.203029 0.256608 0.303593 0.343911 0.382863 0.419839 0.444817 0.469913 0.485328 0.496569 0.505212 0.512949 0.502272 0.494891 0.4861 0.474502 0.456741 0.444 0.427739 0.404039 0.382194 0.361791 0.344342 0.319379 0.300282 0.281615 0.255806 0.24158 0.216617 0.201485 0.183175 0.170077 0.156341 0.14501 0.127101 0.114687 0.105554 0.0972527 0.0868725 0.0771903 0.0682506 0.0629492 0.0554351 0.0512919 0.0437184 0.0397238 0.0345263 0.0314523 0.0290763 0.0246213 0.0222305 0.0197208 0.0176121 0.0145233 0.0129047 0.0117167 0.00999405 0.0087021 0.00800415 0.00717255 0.00654885 0.00539055 0.0043659 0.00423225 0.0032967 0.00283635 0.00250965 0.0026136 0.0016929 0.0020493 0.00135135 0.00117315 0.0014256 0.00120285 0.0007722 0.00081675 0.00081675 0.0006237 0.00051975 0.0003861 0.00040095 0.000297 0.0003564 0.0001782 0.0001782 0.00025245 8.91e-05 5.94e-05 0.00019305 0.00013365 0.00010395 4.455e-05 4.455e-05 4.455e-05 0 4.455e-05 2.97e-05 1.485e-05 1.485e-05 1.485e-05 0 1.485e-05 4.455e-05 0 0 0 0 1.485e-05 1.485e-05 0 1.485e-05 0 0 0 0 0 0 0 0 0 0 0 
0.0260766 0.0817641 0.131333 0.181066 0.230591 0.270181 0.3128 0.355286 0.380487 0.41081 0.428779 0.450297 0.463632 0.471324 0.477383 0.47921 0.478215 0.470715 0.461093 0.445218 0.437733 0.426002 0.403638 0.382937 0.369468 0.350475 0.333056 0.308538 0.292694 0.269914 0.250995 0.233754 0.214998 0.201515 0.185714 0.170315 0.157529 0.141253 0.132417 0.119335 0.107069 0.0983961 0.089694 0.0799079 0.0744579 0.0652361 0.0589991 0.052866 0.0468221 0.043169 0.0366944 0.0336798 0.0300713 0.0273389 0.0257054 0.0207306 0.0189041 0.0159489 0.0149391 0.012177 0.0118652 0.0105435 0.00892485 0.00797445 0.00732105 0.00625185 0.0051678 0.00426195 0.00438075 0.0035937 0.00319275 0.0031185 0.00256905 0.0019008 0.0016632 0.00179685 0.0012474 0.0015147 0.0010098 0.0008613 0.0006534 0.00075735 0.00063855 0.00051975 0.0005643 0.0002673 0.00040095 0.00028215 0.0001485 0.0002376 0.00013365 0.0001782 0.00010395 8.91e-05 0.00010395 8.91e-05 0.00016335 5.94e-05 8.91e-05 5.94e-05 4.455e-05 5.94e-05 0 0 2.97e-05 2.97e-05 5.94e-05 0 1.485e-05 0 0 1.485e-05 0 1.485e-05 0 0 1.485e-05 0 0 0 0 0 0 0 0 
0.0227651 0.0733887 0.11975 0.163499 0.204811 0.249822 0.284957 0.321636 0.353653 0.373982 0.397861 0.421146 0.430071 0.447356 0.450029 0.452895 0.45098 0.450787 0.450014 0.433724 0.426358 0.418933 0.40144 0.383085 0.376358 0.352821 0.336887 0.316231 0.300059 0.280056 0.26433 0.245515 0.229299 0.213588 0.199421 0.18212 0.169097 0.157291 0.144609 0.132833 0.120775 0.111746 0.099792 0.0892188 0.0818384 0.0741906 0.0682358 0.0599792 0.0547371 0.0511286 0.0449213 0.0408078 0.035447 0.0320612 0.0288981 0.0261509 0.0236709 0.0206861 0.0181467 0.0161123 0.0149094 0.0132611 0.0114939 0.0101426 0.00901395 0.0072171 0.0068904 0.00559845 0.0050193 0.0044847 0.00429165 0.0036531 0.0034155 0.00322245 0.00274725 0.00197505 0.00194535 0.001485 0.00147015 0.00102465 0.0009504 0.00093555 0.000891 0.0006831 0.0007425 0.0005643 0.00049005 0.0003861 0.0003564 0.0003267 0.00025245 0.0001782 0.00016335 0.00016335 0.00019305 0.0001485 0.0001782 0.00010395 7.425e-05 0.00010395 0.00010395 0 1.485e-05 4.455e-05 2.97e-05 4.455e-05 1.485e-05 2.97e-05 1.485e-05 0 2.97e-05 0 1.485e-05 1.485e-05 1.485e-05 1.485e-05 1.485e-05 0 0 0 0 1.485e-05 0 0 0 
0.0216068 0.064152 0.108331 0.148797 0.189798 0.228749 0.260142 0.292961 0.323775 0.347609 0.374294 0.388328 0.408241 0.416914 0.422349 0.431734 0.431467 0.431541 0.430442 0.421384 0.41482 0.404024 0.395886 0.383843 0.370522 0.357633 0.34207 0.32177 0.304232 0.286204 0.274294 0.25447 0.238135 0.225408 0.209994 0.197683 0.182655 0.16632 0.155687 0.144788 0.133487 0.12125 0.110454 0.100416 0.0914463 0.0817641 0.0771309 0.0691565 0.0616721 0.0579299 0.0543807 0.0472082 0.0412088 0.038016 0.033561 0.0301752 0.0276359 0.0249777 0.0220374 0.0204782 0.0176715 0.0158153 0.0133353 0.0135432 0.0112266 0.0098604 0.00841995 0.007722 0.0073062 0.0059103 0.0050787 0.00438075 0.003861 0.0040095 0.00331155 0.0029106 0.00239085 0.0019899 0.0017523 0.0018117 0.001485 0.0012177 0.00123255 0.00084645 0.00099495 0.00066825 0.0006237 0.00066825 0.00037125 0.00046035 0.00034155 0.0004158 0.0002376 0.0002673 0.0003267 0.0001188 0.0001485 0.00013365 0.00010395 0.0001782 0.00010395 0.00010395 8.91e-05 7.425e-05 0 2.97e-05 2.97e-05 0 1.485e-05 0 2.97e-05 2.97e-05 4.455e-05 1.485e-05 5.94e-05 2.97e-05 0 0 0 1.485e-05 0 0 1.485e-05 0 0 
0.0194981 0.0596079 0.0996138 0.137303 0.172319 0.20934 0.241075 0.272527 0.296361 0.32177 0.344475 0.361464 0.382358 0.394297 0.402494 0.409697 0.406563 0.414775 0.409385 0.413855 0.404529 0.394238 0.387362 0.378616 0.368191 0.354217 0.338877 0.322794 0.310558 0.294446 0.279626 0.263855 0.248203 0.235759 0.216706 0.204603 0.187288 0.18065 0.167152 0.154202 0.146748 0.131972 0.12082 0.110365 0.0995693 0.0936738 0.0848381 0.0771161 0.0713543 0.0651024 0.0588357 0.0538907 0.047817 0.0427383 0.0389516 0.0346302 0.0324027 0.0300564 0.025542 0.0236858 0.0217404 0.0182358 0.0165578 0.0152064 0.014063 0.0122067 0.0102465 0.00951885 0.0087021 0.00767745 0.00631125 0.0060588 0.0046035 0.00467775 0.0041877 0.0039501 0.00310365 0.0025839 0.00262845 0.00212355 0.00185625 0.0018117 0.0013662 0.0013959 0.00111375 0.00087615 0.0008316 0.00084645 0.0006534 0.00069795 0.0004158 0.0005346 0.0004158 0.00019305 0.00019305 0.0001782 0.0002079 0.00019305 0.00025245 0.0002079 0.00016335 0.0001188 7.425e-05 7.425e-05 1.485e-05 2.97e-05 0.00010395 0 1.485e-05 2.97e-05 2.97e-05 5.94e-05 5.94e-05 1.485e-05 0 1.485e-05 2.97e-05 1.485e-05 1.485e-05 0 1.485e-05 1.485e-05 1.485e-05 0 1.485e-05 
0.0187259 0.0557915 0.0903029 0.127487 0.159816 0.194698 0.224918 0.251589 0.275542 0.299495 0.320077 0.338729 0.354974 0.367211 0.382952 0.388342 0.389337 0.393555 0.397624 0.394268 0.392842 0.389902 0.376581 0.370314 0.36433 0.34902 0.336976 0.324487 0.310469 0.295767 0.284259 0.269231 0.251915 0.241387 0.226878 0.213543 0.201574 0.187437 0.174413 0.162771 0.154247 0.140481 0.13218 0.119379 0.109712 0.102198 0.0924858 0.0871547 0.0772052 0.0723789 0.0664983 0.059801 0.054351 0.0487971 0.0446243 0.0405554 0.0359816 0.0336798 0.0300713 0.0280071 0.0249332 0.0219483 0.0211167 0.0173003 0.0160826 0.0139293 0.0122067 0.0127265 0.0101129 0.00868725 0.0082863 0.00717255 0.0063855 0.00594 0.0054351 0.00429165 0.00405405 0.00348975 0.00313335 0.00274725 0.002079 0.0022572 0.0018711 0.00167805 0.00108405 0.0012771 0.00126225 0.00114345 0.00087615 0.00078705 0.0006534 0.0005643 0.00054945 0.0004158 0.00040095 0.00028215 0.0002376 0.000297 0.0002376 0.00013365 0.0001188 0.0001188 0.00016335 0.00019305 0.00010395 0.0001188 8.91e-05 4.455e-05 2.97e-05 4.455e-05 0.00010395 2.97e-05 5.94e-05 5.94e-05 1.485e-05 1.485e-05 1.485e-05 1.485e-05 0 2.97e-05 1.485e-05 4.455e-05 1.485e-05 0 5.94e-05 
0.0170478 0.0494208 0.0850608 0.116736 0.150089 0.179522 0.2064 0.233501 0.260959 0.284051 0.302316 0.315162 0.337541 0.347683 0.361865 0.367686 0.371146 0.379744 0.380205 0.376522 0.379373 0.375779 0.366706 0.361731 0.354083 0.344401 0.337036 0.319245 0.312325 0.297861 0.285759 0.272616 0.258776 0.241936 0.23417 0.223433 0.206697 0.194387 0.186516 0.170909 0.160009 0.150312 0.139828 0.126581 0.118117 0.110692 0.100535 0.0958716 0.086828 0.0773834 0.0709533 0.0663944 0.060885 0.0551826 0.0503118 0.0451292 0.0405554 0.0377784 0.0343778 0.0307989 0.0280962 0.0265221 0.0230769 0.0214583 0.0184586 0.0165875 0.0151619 0.0134838 0.012177 0.0112118 0.0098901 0.0089397 0.00836055 0.00699435 0.00592515 0.00565785 0.00461835 0.00423225 0.0035343 0.00325215 0.0029106 0.00259875 0.00253935 0.00227205 0.00170775 0.0019008 0.00152955 0.0013662 0.00114345 0.00087615 0.0011286 0.00072765 0.0006831 0.0005643 0.00046035 0.0005049 0.00028215 0.00040095 0.0001782 0.00022275 0.0002079 0.00028215 0.00013365 0.0001485 0.00016335 0.00010395 8.91e-05 0.00010395 0.00010395 5.94e-05 8.91e-05 1.485e-05 8.91e-05 5.94e-05 1.485e-05 5.94e-05 1.485e-05 2.97e-05 0 0 1.485e-05 2.97e-05 1.485e-05 0 8.91e-05 
0.0160677 0.0474161 0.0782595 0.109222 0.138669 0.163647 0.190659 0.218993 0.244372 0.268726 0.283635 0.299881 0.317151 0.325497 0.343644 0.346703 0.358642 0.3579 0.365874 0.368028 0.365043 0.361182 0.362696 0.354841 0.345277 0.33558 0.331808 0.319127 0.310306 0.296154 0.287927 0.273567 0.263632 0.252257 0.237585 0.226032 0.210796 0.199391 0.188476 0.179967 0.169557 0.155331 0.145589 0.134541 0.124799 0.117063 0.109786 0.10144 0.0918473 0.0872586 0.0773091 0.0741312 0.0664389 0.0628898 0.0570537 0.0505643 0.0461241 0.0422334 0.0380457 0.0355361 0.0323879 0.0290318 0.0260321 0.0242798 0.0209831 0.0202406 0.0175379 0.0152213 0.013959 0.0138402 0.0116127 0.0108405 0.0087318 0.0087318 0.0075141 0.0066231 0.0059697 0.00515295 0.00438075 0.0039204 0.0035937 0.0033858 0.00304425 0.0024354 0.00203445 0.00182655 0.0015741 0.00155925 0.00170775 0.00141075 0.0010989 0.0010098 0.0009207 0.00090585 0.0006534 0.00054945 0.0004455 0.00043065 0.0005049 0.000297 0.0002673 0.0002673 0.0002376 0.00025245 0.00019305 0.0002079 0.0001782 0.0001485 5.94e-05 0.00010395 0.0001188 7.425e-05 7.425e-05 7.425e-05 4.455e-05 2.97e-05 2.97e-05 0 1.485e-05 2.97e-05 0 2.97e-05 4.455e-05 0 0.0001188 
0.014256 0.043169 0.0731808 0.10294 0.127279 0.156356 0.18163 0.204692 0.227784 0.251485 0.267255 0.283175 0.297193 0.311434 0.323195 0.3331 0.341595 0.344312 0.355316 0.348039 0.353994 0.349628 0.34746 0.345515 0.342218 0.332254 0.323715 0.315295 0.306489 0.296391 0.285788 0.275958 0.260632 0.25098 0.241327 0.229581 0.218755 0.2064 0.19801 0.181675 0.173314 0.164226 0.151411 0.143317 0.135046 0.121369 0.115236 0.109044 0.10046 0.0942827 0.0851796 0.0779031 0.0729729 0.0670626 0.0619988 0.0559548 0.0509504 0.0464805 0.0432729 0.0381051 0.0350312 0.0322097 0.0318087 0.0278438 0.0244283 0.0222008 0.0196614 0.0176864 0.0168993 0.015251 0.0132611 0.0120879 0.0104841 0.00925155 0.00901395 0.00809325 0.0070389 0.0066528 0.00539055 0.0049599 0.00497475 0.0039501 0.00366795 0.0030591 0.00247995 0.00247995 0.00227205 0.0019008 0.0016632 0.00185625 0.00149985 0.0013662 0.00117315 0.00117315 0.00084645 0.00063855 0.0006534 0.0004158 0.00054945 0.000297 0.0003861 0.00037125 0.00031185 0.00025245 0.0003564 0.00019305 0.0003267 0.0001188 0.0001485 7.425e-05 0.0001485 8.91e-05 7.425e-05 7.425e-05 1.485e-05 7.425e-05 7.425e-05 2.97e-05 0 4.455e-05 2.97e-05 4.455e-05 2.97e-05 0 0.0001782 
0.012771 0.041387 0.0694089 0.0938966 0.120226 0.145797 0.168711 0.194669 0.213617 0.231719 0.250995 0.269468 0.282358 0.296213 0.311033 0.320196 0.3237 0.333561 0.33665 0.338654 0.342278 0.336917 0.336056 0.330175 0.33068 0.327324 0.319156 0.311301 0.301336 0.295292 0.28411 0.271948 0.266127 0.251871 0.244238 0.234363 0.220612 0.208657 0.200698 0.188536 0.179923 0.168755 0.158613 0.148515 0.137511 0.13016 0.123983 0.114984 0.104499 0.0984852 0.0897237 0.0839768 0.0791802 0.0727947 0.0668547 0.0620879 0.0569498 0.0505494 0.0476091 0.04406 0.0404514 0.0383279 0.0341402 0.0306801 0.0264479 0.0250817 0.0227651 0.0191268 0.0194684 0.0171072 0.0161271 0.0138699 0.0126522 0.0119097 0.0097119 0.0087912 0.0081081 0.0073953 0.00666765 0.00553905 0.0057024 0.00494505 0.0042768 0.00399465 0.0034452 0.00259875 0.0026433 0.00268785 0.00242055 0.00185625 0.00155925 0.00147015 0.00155925 0.0013662 0.00102465 0.00090585 0.00075735 0.00057915 0.0004752 0.000594 0.00043065 0.0007128 0.0003564 0.00037125 0.00028215 0.00028215 0.0002673 0.0002376 0.00025245 0.0002079 0.00013365 0.00010395 0.0001782 0.0001485 0.00010395 4.455e-05 0 8.91e-05 1.485e-05 4.455e-05 0 4.455e-05 4.455e-05 5.94e-05 0.00016335 
0.0122513 0.0396941 0.0655925 0.0891594 0.112504 0.136783 0.158182 0.178928 0.200119 0.220983 0.238847 0.254678 0.266765 0.28065 0.294179 0.308093 0.312206 0.316958 0.3237 0.323255 0.328215 0.327324 0.326863 0.322423 0.322067 0.317211 0.311612 0.304663 0.30141 0.288981 0.283175 0.272735 0.262756 0.253089 0.246302 0.231734 0.225275 0.212682 0.201039 0.193213 0.184986 0.174948 0.163899 0.154366 0.146094 0.13714 0.129076 0.119899 0.110529 0.104113 0.0963171 0.0911048 0.0837689 0.0775022 0.0724086 0.065934 0.0604989 0.0541134 0.052569 0.0483813 0.0452331 0.0408375 0.037422 0.0332046 0.0292991 0.028616 0.0260915 0.0238194 0.0211464 0.0196466 0.0173448 0.0170181 0.0143451 0.0128156 0.01188 0.0103356 0.0095337 0.0080487 0.0076329 0.00657855 0.0064746 0.00559845 0.00491535 0.00461835 0.0042174 0.00340065 0.00346005 0.00295515 0.0024354 0.00227205 0.00212355 0.00188595 0.0018414 0.0014256 0.00141075 0.00126225 0.0011583 0.00093555 0.0007722 0.0007425 0.0007128 0.0006237 0.00051975 0.0004752 0.00040095 0.000297 0.0002673 0.00031185 0.00034155 0.00022275 0.00013365 0.0002376 0.00013365 0.00013365 8.91e-05 8.91e-05 4.455e-05 8.91e-05 5.94e-05 2.97e-05 2.97e-05 2.97e-05 5.94e-05 2.97e-05 0.0002673 
0.0122513 0.0371993 0.0602465 0.0834125 0.106311 0.129165 0.151529 0.170701 0.189842 0.207425 0.22327 0.242085 0.25398 0.271116 0.28068 0.284392 0.295173 0.303044 0.313216 0.316201 0.315949 0.315266 0.320047 0.313944 0.315147 0.308256 0.302851 0.300623 0.296614 0.286546 0.279121 0.272646 0.26035 0.252806 0.24152 0.23558 0.22618 0.215681 0.207841 0.19504 0.185521 0.177844 0.169305 0.158984 0.150297 0.141996 0.132061 0.124488 0.117003 0.108598 0.102777 0.0966884 0.0897237 0.0799376 0.0753638 0.0729284 0.0661419 0.0603653 0.0575735 0.052376 0.046733 0.0443421 0.0407484 0.0375111 0.0333234 0.0309771 0.0287348 0.0250223 0.0238788 0.021978 0.019409 0.0182804 0.0157262 0.0145382 0.0135135 0.0119988 0.010796 0.0100832 0.0090882 0.0083457 0.0074844 0.006831 0.00568755 0.0051381 0.0052569 0.00408375 0.00408375 0.0039204 0.0028809 0.00277695 0.00265815 0.0021681 0.002376 0.00188595 0.0016929 0.00135135 0.00120285 0.00117315 0.00081675 0.0007722 0.00087615 0.00072765 0.0005643 0.0005643 0.00054945 0.00034155 0.0003861 0.00031185 0.00046035 0.0002376 0.00025245 0.0002376 0.0001782 0.00013365 0.00013365 0.00013365 0.0001188 0.0001782 4.455e-05 0.00013365 7.425e-05 1.485e-05 4.455e-05 5.94e-05 0.00031185 
0.0114642 0.0345114 0.05594 0.0785714 0.0991238 0.122884 0.142308 0.161761 0.183457 0.196896 0.212073 0.22823 0.239991 0.254069 0.267552 0.275349 0.283516 0.293778 0.302376 0.299851 0.305687 0.310335 0.307053 0.306073 0.303237 0.302257 0.302301 0.293822 0.287199 0.285165 0.27226 0.27122 0.260751 0.24948 0.240466 0.234496 0.227309 0.217493 0.205984 0.197371 0.188729 0.180962 0.171473 0.163023 0.155762 0.14556 0.137853 0.128363 0.121473 0.113499 0.106504 0.10251 0.0935253 0.0868428 0.0823433 0.0752747 0.0708791 0.0651915 0.0595634 0.0558954 0.0509949 0.0471933 0.044357 0.0423671 0.0370953 0.0340362 0.0324473 0.0278735 0.0255866 0.0244283 0.0224829 0.0197505 0.0179685 0.0160677 0.0150431 0.0137066 0.0119543 0.0109445 0.0105881 0.0100535 0.00865755 0.00743985 0.0070389 0.00580635 0.00580635 0.0055836 0.00449955 0.0040392 0.00390555 0.003861 0.00313335 0.0026136 0.00247995 0.0025542 0.0019008 0.0017226 0.00135135 0.0013365 0.00102465 0.00105435 0.0011286 0.00084645 0.000594 0.00054945 0.00066825 0.00049005 0.00063855 0.0004752 0.0003267 0.00028215 0.00031185 0.000297 0.00022275 0.00022275 0.0001485 0.00016335 0.00019305 0.00010395 0.0001485 8.91e-05 0.00013365 4.455e-05 7.425e-05 4.455e-05 0.00040095 
0.0121325 0.0332492 0.0531482 0.0745916 0.0945351 0.117196 0.134006 0.15395 0.171265 0.186754 0.203445 0.215681 0.230427 0.24498 0.253683 0.263127 0.271235 0.284081 0.287258 0.289827 0.296168 0.29651 0.299896 0.294401 0.296317 0.293792 0.293941 0.287184 0.287362 0.276373 0.268161 0.265711 0.257558 0.24697 0.245753 0.232759 0.227606 0.217597 0.207276 0.200223 0.190154 0.180234 0.174532 0.16831 0.157425 0.15095 0.141224 0.133947 0.126671 0.117523 0.110647 0.103505 0.100698 0.0911048 0.084155 0.0797 0.0754232 0.0690228 0.0651024 0.0607662 0.0555242 0.0505643 0.0475646 0.0441194 0.0408672 0.0368874 0.0347639 0.0317048 0.028809 0.0261806 0.024458 0.0212504 0.0204485 0.0176864 0.0171518 0.0157707 0.0141224 0.0121473 0.0117315 0.0102614 0.0101426 0.00824175 0.00791505 0.00687555 0.00681615 0.0063261 0.0051084 0.00512325 0.00414315 0.00423225 0.00348975 0.00325215 0.0027027 0.0025245 0.00250965 0.0021978 0.0018117 0.00161865 0.00138105 0.00126225 0.00108405 0.0008019 0.000891 0.0007722 0.000594 0.00072765 0.000594 0.000594 0.0005346 0.00034155 0.0003267 0.00043065 0.00016335 0.000297 0.00019305 0.0002079 0.0002079 4.455e-05 0.0002079 0.00013365 0.00013365 0.00010395 7.425e-05 2.97e-05 0.00051975 
0.0099792 0.0311553 0.052079 0.0722156 0.0904365 0.108346 0.128957 0.14605 0.1624 0.178304 0.196644 0.207499 0.220463 0.231794 0.24302 0.251633 0.261835 0.270998 0.274502 0.281155 0.282477 0.286323 0.287912 0.288758 0.287882 0.286263 0.28659 0.28068 0.276849 0.27272 0.267493 0.264627 0.254484 0.246332 0.240139 0.234185 0.225364 0.218444 0.21136 0.201173 0.194193 0.182016 0.17774 0.16779 0.15992 0.150772 0.144906 0.139115 0.128542 0.12324 0.115518 0.108078 0.10196 0.0948321 0.088506 0.0855212 0.080487 0.072171 0.0674339 0.0638996 0.0584496 0.0561182 0.0502821 0.0461835 0.0445203 0.0407187 0.036635 0.0335907 0.0312296 0.0288387 0.0267003 0.0239531 0.0220968 0.0200921 0.0188447 0.0176715 0.015251 0.0142412 0.0126819 0.0118355 0.0103208 0.00969705 0.0081378 0.0082863 0.0081675 0.00690525 0.00660825 0.00583605 0.0051084 0.0049005 0.0041283 0.0038016 0.0032076 0.00301455 0.00295515 0.0021978 0.0021087 0.00185625 0.0014553 0.00161865 0.00161865 0.00102465 0.001188 0.0010692 0.00093555 0.00084645 0.000594 0.00063855 0.0005346 0.0003861 0.00051975 0.00034155 0.00040095 0.00025245 0.00022275 0.00025245 0.00016335 0.0002376 0.0002376 0.0002079 5.94e-05 4.455e-05 0.00010395 4.455e-05 0.00069795 
0.00978615 0.0290021 0.0486189 0.0681615 0.0880011 0.103282 0.121414 0.138268 0.154589 0.173879 0.184719 0.198901 0.210098 0.222052 0.231155 0.241016 0.251203 0.261315 0.266855 0.270938 0.272928 0.279165 0.279046 0.280858 0.279314 0.280561 0.273448 0.274799 0.273938 0.270122 0.264701 0.255168 0.250386 0.241788 0.239991 0.232774 0.221295 0.218533 0.211108 0.205494 0.192144 0.187244 0.178556 0.170018 0.162875 0.152732 0.147772 0.139739 0.133724 0.125586 0.119557 0.114508 0.103802 0.0997029 0.0936293 0.0873923 0.08267 0.0764924 0.0710573 0.0690822 0.0611523 0.0583011 0.054455 0.049896 0.0465993 0.0427235 0.0399762 0.0375111 0.0329967 0.0311999 0.0294921 0.0273537 0.0235224 0.022379 0.0210425 0.0181764 0.0171518 0.0157707 0.0146421 0.0126819 0.0124146 0.0105435 0.009801 0.0096525 0.00824175 0.0074547 0.007128 0.0066231 0.0052569 0.00556875 0.00423225 0.0042768 0.0040095 0.0035046 0.00322245 0.002673 0.00253935 0.00209385 0.00188595 0.00155925 0.00188595 0.0014553 0.00141075 0.001188 0.0009801 0.0009207 0.00096525 0.0007425 0.0006534 0.00060885 0.0006534 0.00046035 0.00046035 0.000297 0.00037125 0.0002673 0.00025245 0.00028215 0.00019305 0.0002079 0.00013365 8.91e-05 0.00013365 0.0001188 0.0008019 
0.00853875 0.0281556 0.0448025 0.0654737 0.0824918 0.0996138 0.116335 0.131541 0.147134 0.164687 0.17921 0.187511 0.20098 0.215325 0.223062 0.23163 0.24256 0.247356 0.258004 0.259816 0.264701 0.267152 0.268622 0.275245 0.273002 0.273478 0.269928 0.268963 0.265845 0.261212 0.258583 0.254588 0.246183 0.243614 0.235135 0.227903 0.223686 0.216973 0.212147 0.201158 0.193689 0.186635 0.179269 0.173092 0.165355 0.156935 0.149495 0.143822 0.137214 0.128542 0.12082 0.115236 0.109311 0.103638 0.0964062 0.0921443 0.0863082 0.077918 0.0757796 0.069795 0.067226 0.0620136 0.0575883 0.0512474 0.0498663 0.0461538 0.0426641 0.0388476 0.0361152 0.033858 0.0325364 0.0285863 0.0266112 0.024651 0.0230324 0.019112 0.0184734 0.0174785 0.0162905 0.0144639 0.0134096 0.0120137 0.0109296 0.0105287 0.0091476 0.00788535 0.0082863 0.00675675 0.0065637 0.00622215 0.00533115 0.00423225 0.00411345 0.00435105 0.00343035 0.0031185 0.00286605 0.0027027 0.0021681 0.00230175 0.0016038 0.0015741 0.0016632 0.001188 0.00158895 0.00123255 0.00111375 0.0009504 0.00078705 0.0006831 0.00051975 0.00066825 0.0006534 0.0004158 0.0003267 0.00025245 0.0003267 0.0003564 0.00016335 0.00022275 0.00028215 0.00019305 7.425e-05 0.0001188 0.00102465 
0.0091179 0.0266261 0.0446391 0.0613899 0.0794327 0.0957231 0.110959 0.124131 0.141907 0.153861 0.170033 0.182016 0.190332 0.202747 0.212518 0.223671 0.231838 0.236115 0.24795 0.252881 0.259266 0.261241 0.265147 0.260677 0.265444 0.263291 0.262697 0.259741 0.26185 0.256445 0.253534 0.250787 0.246168 0.237541 0.234912 0.226804 0.223047 0.21583 0.207766 0.201752 0.192411 0.188328 0.181556 0.170805 0.166379 0.158687 0.154945 0.146243 0.139887 0.131111 0.12621 0.115964 0.113365 0.108643 0.099495 0.09455 0.0873032 0.0830412 0.0789426 0.0734184 0.0668547 0.0657261 0.0595782 0.0554648 0.0523463 0.0480546 0.0461687 0.0424265 0.0380754 0.0367686 0.0332195 0.0315711 0.0287645 0.026537 0.0234779 0.0221414 0.0212058 0.0192308 0.0175527 0.0158895 0.0145382 0.013068 0.0129492 0.0108702 0.010499 0.00951885 0.0087615 0.00824175 0.0070389 0.00663795 0.00574695 0.0055539 0.00521235 0.00452925 0.00426195 0.003861 0.00334125 0.0025245 0.0027918 0.0021978 0.00197505 0.00191565 0.0018117 0.0016335 0.0013662 0.00152955 0.0012771 0.0009207 0.00090585 0.00090585 0.00078705 0.00063855 0.00075735 0.00060885 0.0005049 0.0004752 0.0003564 0.00034155 0.0004158 0.0002673 0.0002376 0.00019305 0.0001188 0.0001188 0.00132165 
0.0080784 0.0261509 0.0420849 0.0591327 0.0739827 0.0917285 0.10493 0.121117 0.134556 0.14648 0.161954 0.173032 0.185788 0.195129 0.204277 0.215251 0.22428 0.230962 0.239367 0.242144 0.248559 0.252138 0.2534 0.256177 0.259979 0.256445 0.254618 0.25493 0.252465 0.24749 0.248322 0.24556 0.240214 0.239664 0.229863 0.224473 0.223255 0.21185 0.206905 0.202613 0.19602 0.185477 0.182061 0.173715 0.165993 0.160321 0.154069 0.146154 0.143213 0.135625 0.127472 0.123819 0.115117 0.109207 0.103237 0.0971042 0.0891743 0.0873774 0.0816602 0.0769676 0.0693941 0.0674042 0.0637808 0.0571874 0.0546332 0.052866 0.0477725 0.0452628 0.0404217 0.0387437 0.036531 0.0330264 0.0317493 0.02921 0.0269082 0.0229136 0.0222305 0.0203891 0.0198248 0.0179388 0.0156668 0.0138848 0.0145233 0.0118206 0.0114345 0.0105881 0.00942975 0.00969705 0.00758835 0.00720225 0.00619245 0.00580635 0.00577665 0.0052272 0.0048708 0.00441045 0.00396495 0.0032967 0.0029403 0.0029106 0.00253935 0.002079 0.0021384 0.0017523 0.0014553 0.00155925 0.0016929 0.0011583 0.0013068 0.00096525 0.0009801 0.0009207 0.0007722 0.0007128 0.000594 0.0005346 0.0004158 0.0003861 0.00034155 0.00028215 0.00031185 0.000297 0.0001782 0.0001782 0.0017226 
0.00859815 0.0240125 0.0397683 0.0542471 0.0726462 0.087719 0.101841 0.114805 0.129834 0.140214 0.153668 0.166721 0.176953 0.187065 0.195248 0.206861 0.213231 0.222468 0.229447 0.234689 0.239902 0.242857 0.246703 0.248619 0.250995 0.252064 0.24948 0.247624 0.246852 0.246109 0.245886 0.242307 0.235981 0.232536 0.226878 0.222126 0.218072 0.211345 0.20493 0.198886 0.194446 0.18806 0.18261 0.174339 0.168399 0.162608 0.156474 0.149554 0.144936 0.13714 0.129002 0.124799 0.115221 0.113261 0.106148 0.100089 0.0939114 0.0888179 0.0839174 0.0772052 0.073463 0.0678645 0.0644193 0.0624294 0.0592961 0.0568013 0.0503712 0.0476091 0.0452628 0.040793 0.0381645 0.0358776 0.032373 0.0308286 0.0274577 0.0267152 0.0238343 0.0225275 0.0203148 0.0181764 0.017523 0.015444 0.0157262 0.0130977 0.0127562 0.0120434 0.0105881 0.0094446 0.00907335 0.0079299 0.0073359 0.00687555 0.0062073 0.0061479 0.00509355 0.00461835 0.00429165 0.00366795 0.0038907 0.00298485 0.0028809 0.0022275 0.00233145 0.0021087 0.0020493 0.00194535 0.00161865 0.00158895 0.0014553 0.00123255 0.00108405 0.0011286 0.00084645 0.00069795 0.00078705 0.0005346 0.00051975 0.0003861 0.0003267 0.00031185 0.0003861 0.00034155 0.00025245 0.00022275 0.0021384 
0.0074547 0.0237452 0.0378378 0.0545589 0.0665577 0.0810513 0.0964953 0.11191 0.125572 0.135684 0.14804 0.15989 0.170834 0.179195 0.189471 0.200445 0.205702 0.215162 0.218444 0.222008 0.230932 0.238194 0.240852 0.237927 0.241134 0.243451 0.242961 0.242694 0.242367 0.240956 0.23855 0.235699 0.231215 0.232462 0.224606 0.220136 0.215414 0.209118 0.204856 0.197178 0.194193 0.188001 0.180205 0.174933 0.170151 0.164776 0.157172 0.151945 0.143911 0.138506 0.133516 0.126938 0.121161 0.113781 0.10891 0.10349 0.0960201 0.0916245 0.0857885 0.0804722 0.0775616 0.0715325 0.0676121 0.0628601 0.0599643 0.0575735 0.0529254 0.0486486 0.0465845 0.0436293 0.0415206 0.0378675 0.0342738 0.0323433 0.0301455 0.0284675 0.0253341 0.0233591 0.0219632 0.0209831 0.0189338 0.016929 0.0169142 0.0153252 0.0141224 0.0134541 0.0118206 0.0108405 0.00945945 0.0090288 0.00818235 0.00791505 0.00729135 0.00651915 0.0054351 0.0052866 0.00491535 0.00402435 0.0037125 0.003861 0.0029106 0.0030591 0.0027027 0.00239085 0.0019008 0.00218295 0.00167805 0.0014553 0.00152955 0.0013662 0.0010989 0.0012474 0.0011286 0.00081675 0.00096525 0.00063855 0.00060885 0.00051975 0.00051975 0.0004455 0.0003861 0.00037125 0.00037125 0.0002673 0.00265815 
0.0078705 0.0222156 0.0382388 0.0514998 0.0634838 0.0799079 0.0928571 0.105242 0.116914 0.130739 0.142649 0.15098 0.164597 0.172884 0.185165 0.190169 0.196763 0.20937 0.213959 0.2173 0.223656 0.227101 0.229536 0.233323 0.23763 0.235967 0.237942 0.236516 0.235506 0.235046 0.230546 0.232254 0.229522 0.226195 0.22125 0.215622 0.214672 0.209177 0.203103 0.195025 0.190169 0.19008 0.179611 0.175364 0.169201 0.164048 0.156682 0.151901 0.146065 0.141283 0.133279 0.128274 0.123582 0.114984 0.109177 0.105034 0.100134 0.0937184 0.0898574 0.0854172 0.0787793 0.0749628 0.0713097 0.0659637 0.062177 0.0595188 0.0547223 0.0517226 0.0480249 0.0452777 0.0422483 0.0396198 0.036234 0.0340808 0.03267 0.0296555 0.0274131 0.0265221 0.0249926 0.0224681 0.0190971 0.0191268 0.0180725 0.0166617 0.0155777 0.0141075 0.0120582 0.0119394 0.010499 0.0103802 0.0087021 0.00791505 0.0077814 0.0072171 0.00660825 0.0062964 0.00518265 0.00479655 0.00411345 0.0039501 0.00351945 0.0031482 0.0029106 0.00283635 0.0025245 0.00242055 0.0022275 0.00200475 0.00164835 0.00135135 0.0013959 0.00144045 0.00114345 0.00108405 0.00087615 0.0008613 0.000594 0.0007128 0.00057915 0.00051975 0.00043065 0.00046035 0.0003267 0.00037125 0.0030294 
0.0071577 0.021087 0.0355509 0.0481883 0.061776 0.0754677 0.0895455 0.0995693 0.111702 0.123225 0.136175 0.146451 0.157039 0.168622 0.175809 0.18163 0.191654 0.200876 0.205717 0.212355 0.217062 0.217642 0.22275 0.226492 0.231615 0.232269 0.231868 0.229433 0.229952 0.22771 0.232106 0.226878 0.224829 0.221191 0.218057 0.213498 0.210543 0.204143 0.200861 0.199614 0.193496 0.186041 0.18019 0.174116 0.168993 0.163484 0.158034 0.152242 0.14706 0.13861 0.136189 0.129477 0.124592 0.118488 0.110781 0.107663 0.102628 0.095337 0.0913275 0.0866498 0.0820166 0.0777101 0.0719483 0.07079 0.0630086 0.0616721 0.0584199 0.0551529 0.0505643 0.0473567 0.0438372 0.041283 0.0385803 0.0359073 0.0352539 0.0315414 0.0295367 0.0268488 0.0256905 0.0231363 0.0219038 0.0213246 0.0193347 0.017924 0.0165281 0.0143303 0.0132611 0.0116721 0.0129789 0.0103653 0.0100386 0.0093852 0.0080784 0.00779625 0.00711315 0.00675675 0.0057618 0.005643 0.00467775 0.0046926 0.0038907 0.0035046 0.0027918 0.0034155 0.0026433 0.0024948 0.0023166 0.00227205 0.0021384 0.00191565 0.00179685 0.0016929 0.0012474 0.00105435 0.0010395 0.00075735 0.0008316 0.00072765 0.0006831 0.0006237 0.0006237 0.00040095 0.0005643 0.0004455 0.00351945 
0.00681615 0.0199139 0.0334125 0.0455153 0.0606474 0.0714582 0.0825957 0.0961686 0.108969 0.119439 0.13022 0.143109 0.151767 0.162489 0.172215 0.176225 0.183591 0.190778 0.199807 0.20294 0.208746 0.212058 0.216097 0.218562 0.22575 0.224116 0.224591 0.224591 0.22422 0.22131 0.227101 0.222423 0.220151 0.217508 0.215102 0.211672 0.207737 0.20594 0.20248 0.193585 0.190674 0.186828 0.178824 0.169587 0.168533 0.161345 0.16038 0.150935 0.149792 0.141684 0.133739 0.131408 0.124087 0.117167 0.114449 0.10943 0.101574 0.099792 0.095337 0.0894713 0.0838431 0.0820908 0.0747698 0.0727056 0.0678497 0.0625037 0.0603059 0.0571577 0.0534303 0.0478319 0.0459905 0.0430353 0.0412088 0.0379715 0.0355064 0.0339471 0.0316008 0.0285714 0.0271607 0.0248738 0.0237155 0.0223047 0.0199733 0.0197505 0.0177161 0.0162905 0.014553 0.013365 0.0124146 0.0118206 0.00972675 0.0108108 0.0084348 0.0088209 0.0079299 0.00705375 0.00702405 0.006237 0.0051381 0.00482625 0.0047817 0.0037422 0.0036828 0.0033264 0.0030591 0.0028512 0.00268785 0.00242055 0.0023166 0.0019305 0.00179685 0.00167805 0.0010989 0.00147015 0.00149985 0.00114345 0.0010098 0.00063855 0.0007128 0.0008613 0.0005346 0.00054945 0.00072765 0.0005346 0.0043065 
0.0063261 0.0194238 0.0325215 0.0452331 0.0563261 0.0693347 0.0812295 0.0904068 0.103178 0.11678 0.127339 0.136932 0.146673 0.15392 0.166439 0.170998 0.179032 0.187348 0.19011 0.196065 0.203193 0.206281 0.212296 0.210528 0.217686 0.214924 0.215785 0.221874 0.217924 0.220463 0.222097 0.214954 0.218607 0.212949 0.211434 0.20591 0.205361 0.202138 0.196243 0.19057 0.188357 0.185506 0.180903 0.172097 0.167256 0.163335 0.157321 0.151886 0.148411 0.141907 0.136442 0.13114 0.125839 0.120285 0.115355 0.109118 0.103074 0.101277 0.0966884 0.0919809 0.0870359 0.0825066 0.0782447 0.0734036 0.0697208 0.0662607 0.0622809 0.0588654 0.0541877 0.0520196 0.04752 0.0459162 0.0430799 0.0394713 0.0382685 0.0363083 0.0325661 0.0299525 0.0273983 0.0267597 0.0250817 0.024161 0.0206861 0.0202257 0.0192308 0.017226 0.0160529 0.0147906 0.0126968 0.0123552 0.0116127 0.0109445 0.0100832 0.00877635 0.0090882 0.0072171 0.00729135 0.0071874 0.00628155 0.00533115 0.00467775 0.00446985 0.004455 0.003861 0.0033858 0.00325215 0.0031185 0.00265815 0.0024057 0.00200475 0.0020196 0.00176715 0.00144045 0.00179685 0.00144045 0.00120285 0.00117315 0.00099495 0.0007425 0.00069795 0.0006534 0.00069795 0.0004455 0.0005346 0.005346 
0.0061479 0.0178794 0.0311256 0.0437333 0.0545886 0.0672557 0.0783338 0.0876447 0.102094 0.111761 0.124146 0.132611 0.14005 0.14706 0.154603 0.165429 0.174591 0.180131 0.186546 0.19161 0.197535 0.199525 0.202658 0.207425 0.21084 0.210365 0.210736 0.214568 0.214345 0.21289 0.212979 0.211004 0.211494 0.210499 0.205702 0.206667 0.201247 0.198351 0.19204 0.189887 0.187184 0.183383 0.17823 0.174903 0.165756 0.162177 0.158954 0.152123 0.145159 0.141624 0.139204 0.13313 0.124859 0.119825 0.118072 0.113291 0.107276 0.101559 0.0945945 0.0949064 0.0898722 0.0843629 0.0794921 0.07722 0.0728987 0.0683991 0.0630828 0.0610781 0.0547965 0.0541877 0.0499703 0.0474309 0.045842 0.0419513 0.0382091 0.0366944 0.0352242 0.033368 0.0295367 0.0273092 0.0265815 0.0243689 0.0228839 0.0215028 0.0207603 0.0186516 0.0177903 0.0151916 0.0147906 0.013766 0.0122958 0.0113603 0.0107514 0.0102614 0.0086724 0.0083457 0.00788535 0.00702405 0.00672705 0.0057024 0.00595485 0.00515295 0.00464805 0.00435105 0.00357885 0.00360855 0.00313335 0.0027621 0.00286605 0.00233145 0.0020493 0.00212355 0.0016335 0.00167805 0.0014553 0.00155925 0.00144045 0.0012177 0.00099495 0.000891 0.0007425 0.000594 0.0006237 0.0005643 0.006237 
0.0061182 0.017523 0.0305168 0.040392 0.0535194 0.0652212 0.0754677 0.087021 0.0955449 0.106133 0.117478 0.12866 0.135521 0.142961 0.148738 0.1594 0.167686 0.173552 0.180116 0.182893 0.190035 0.19651 0.198604 0.200668 0.205539 0.203876 0.208078 0.204885 0.210558 0.210514 0.209014 0.210321 0.205376 0.207974 0.203237 0.199584 0.20052 0.196733 0.189783 0.187645 0.183769 0.179878 0.172186 0.173522 0.167048 0.163721 0.158613 0.154351 0.147832 0.143317 0.136219 0.130903 0.127027 0.123493 0.11926 0.111538 0.105717 0.103831 0.0985149 0.0938966 0.0914612 0.0875705 0.0811404 0.0790614 0.0737897 0.0694832 0.0650876 0.060588 0.0575289 0.0566379 0.0534155 0.0494654 0.0474458 0.0429017 0.0410306 0.0386694 0.0350015 0.0324027 0.0322245 0.0303534 0.027324 0.0259875 0.0234333 0.0230027 0.0211761 0.0196911 0.0185477 0.0177606 0.0159935 0.0149688 0.0128601 0.0124443 0.0116721 0.0108108 0.0100089 0.00934065 0.0087615 0.0081378 0.0068904 0.0064449 0.0059994 0.0055836 0.005049 0.0042768 0.0042174 0.00414315 0.00334125 0.00289575 0.00280665 0.00265815 0.00250965 0.00203445 0.00218295 0.00173745 0.00209385 0.0015147 0.0013662 0.00129195 0.0011583 0.001188 0.00084645 0.00102465 0.00072765 0.0006237 0.0070092 
0.00577665 0.0168251 0.027918 0.0392783 0.0509801 0.063068 0.0723789 0.0844371 0.0934065 0.104292 0.113335 0.122067 0.130041 0.137585 0.147074 0.153623 0.161568 0.167657 0.170523 0.180205 0.183695 0.187971 0.194758 0.197104 0.20046 0.200089 0.200059 0.20297 0.204202 0.207172 0.207024 0.204098 0.201663 0.20049 0.199332 0.195872 0.193169 0.191817 0.190867 0.183338 0.18169 0.178363 0.173329 0.17079 0.16975 0.160261 0.158598 0.151812 0.145916 0.143154 0.136382 0.131809 0.129433 0.124859 0.118949 0.114241 0.106638 0.107469 0.0999108 0.0964062 0.0923373 0.0858924 0.0830115 0.0795515 0.0747401 0.0704781 0.0680724 0.0636323 0.0604098 0.0592515 0.0547223 0.0515444 0.0494951 0.0445649 0.0405702 0.0389219 0.0379418 0.0349421 0.0331304 0.0309771 0.0288981 0.027131 0.0262103 0.0239976 0.0214286 0.0204633 0.0195278 0.0184883 0.0169736 0.0162905 0.013766 0.0130383 0.012474 0.0116573 0.0112415 0.0101277 0.0095634 0.0084645 0.00821205 0.00696465 0.00666765 0.0059697 0.0056133 0.0048411 0.00485595 0.0041283 0.00384615 0.00310365 0.0028809 0.0031482 0.0025839 0.0024651 0.0026136 0.00209385 0.0019008 0.0018711 0.0016335 0.0016335 0.00129195 0.0012474 0.00102465 0.0011286 0.0009504 0.0009207 0.00764775 
0.00503415 0.0173745 0.0276656 0.0379121 0.0488714 0.0587169 0.0685625 0.0804573 0.0904811 0.0996732 0.109964 0.117241 0.12618 0.133635 0.139263 0.151901 0.155673 0.16387 0.167701 0.172839 0.177977 0.183605 0.188313 0.190823 0.193644 0.194297 0.195352 0.199718 0.199109 0.202079 0.198515 0.200401 0.199703 0.192605 0.196094 0.19357 0.192991 0.189144 0.188253 0.182937 0.178705 0.174191 0.172884 0.170983 0.165845 0.161969 0.155762 0.151826 0.148099 0.144045 0.13812 0.133115 0.127413 0.124963 0.119142 0.115102 0.108049 0.106074 0.100624 0.0968666 0.0927383 0.0899465 0.0855212 0.0806504 0.0766706 0.0717552 0.0692456 0.0657558 0.0622364 0.0594743 0.0550193 0.0512622 0.051188 0.0475646 0.0455153 0.0416691 0.0396198 0.036041 0.0337244 0.0317048 0.0293585 0.0283338 0.0264479 0.0251114 0.0233442 0.0221414 0.0205673 0.0187704 0.0179982 0.0172706 0.0151767 0.0142412 0.013662 0.012771 0.0116573 0.0100535 0.0100238 0.00892485 0.00844965 0.00735075 0.0072468 0.00690525 0.00562815 0.00565785 0.00485595 0.0046629 0.0039798 0.00372735 0.0035343 0.0035937 0.00319275 0.00268785 0.0027621 0.00212355 0.0023166 0.002079 0.0017523 0.001782 0.0013365 0.00141075 0.0012771 0.0013662 0.0009801 0.0007722 0.00892485 
0.00506385 0.0161271 0.0269379 0.0377487 0.0479061 0.0560291 0.0663201 0.0767151 0.0856548 0.0953816 0.103608 0.115221 0.121904 0.131556 0.13613 0.144654 0.150846 0.156371 0.163751 0.166261 0.173775 0.178779 0.185551 0.186754 0.187778 0.186991 0.193124 0.195649 0.195441 0.193436 0.19605 0.194119 0.1955 0.19253 0.192842 0.190422 0.184853 0.190006 0.182046 0.180561 0.177606 0.17272 0.170716 0.16727 0.165474 0.160128 0.155554 0.151128 0.148663 0.140496 0.137273 0.133427 0.130071 0.124606 0.117538 0.115488 0.11289 0.108242 0.100995 0.098411 0.0945648 0.0894416 0.0875408 0.0818087 0.0781853 0.0742055 0.0710424 0.067226 0.06188 0.0612563 0.058019 0.0538164 0.0512325 0.0472082 0.0459459 0.0420404 0.0412682 0.038016 0.0352391 0.0343926 0.0310068 0.0300564 0.0272943 0.0264033 0.0244728 0.0244431 0.0216959 0.0187853 0.0185774 0.017924 0.0160083 0.0161865 0.0139442 0.0136323 0.0116573 0.0117464 0.0098901 0.0102168 0.0087318 0.0080487 0.00782595 0.00711315 0.0063558 0.00568755 0.0054945 0.00473715 0.00488565 0.00473715 0.00351945 0.0037719 0.00360855 0.00286605 0.00297 0.0027027 0.0024354 0.00215325 0.00185625 0.0019305 0.001485 0.0016335 0.0013959 0.00117315 0.00117315 0.0007722 0.0104396 
0.00503415 0.015147 0.0241758 0.036932 0.0455895 0.0548559 0.0641372 0.0744282 0.0826848 0.0921443 0.101351 0.11087 0.116662 0.123804 0.131333 0.1421 0.145649 0.15349 0.159177 0.16142 0.168147 0.174532 0.180116 0.180695 0.182774 0.185387 0.189397 0.187377 0.189531 0.191669 0.190481 0.189293 0.192887 0.18806 0.186798 0.185833 0.18711 0.183769 0.181705 0.177146 0.17422 0.172899 0.1688 0.163528 0.164939 0.15793 0.15248 0.151232 0.147312 0.142352 0.137585 0.132521 0.12915 0.125542 0.119617 0.117077 0.114093 0.108806 0.103133 0.0969557 0.0941342 0.0898871 0.0888179 0.0816602 0.0794475 0.0756608 0.0727056 0.0680576 0.064746 0.0616127 0.0584199 0.0560439 0.0523314 0.0498366 0.0462132 0.044253 0.0429462 0.0395159 0.0377339 0.0343481 0.0327146 0.0315117 0.0293585 0.0278586 0.0251856 0.0240422 0.0226017 0.0217256 0.0198545 0.0186813 0.0183843 0.0160529 0.0150579 0.0136917 0.0126077 0.0114642 0.0109445 0.011093 0.00925155 0.00883575 0.00770715 0.0079299 0.00657855 0.0071577 0.00577665 0.0048708 0.00521235 0.0046926 0.0043065 0.0043065 0.0035046 0.0030888 0.0028512 0.00301455 0.0024354 0.00265815 0.00218295 0.0021384 0.001782 0.00147015 0.00203445 0.0013365 0.0011583 0.00096525 0.0118058 
0.00485595 0.0153995 0.0248738 0.0339026 0.0444461 0.0523017 0.0623106 0.0723492 0.0803979 0.0896495 0.098307 0.105702 0.11531 0.119201 0.126745 0.136175 0.143436 0.149287 0.152836 0.159044 0.160885 0.168622 0.171859 0.174725 0.177339 0.181675 0.184229 0.185001 0.182878 0.18711 0.186635 0.18411 0.185135 0.184556 0.183769 0.18163 0.184511 0.179878 0.179893 0.173953 0.174027 0.171027 0.16978 0.166513 0.158509 0.157722 0.152554 0.14997 0.148352 0.142515 0.135239 0.134081 0.127769 0.126032 0.121963 0.1158 0.111776 0.108821 0.103787 0.0997475 0.0954261 0.0911196 0.0878526 0.0837095 0.079299 0.077027 0.0729284 0.0689783 0.0669141 0.0633204 0.0587763 0.0565934 0.0545441 0.051678 0.0476388 0.0453074 0.0444015 0.0410306 0.0395753 0.0357143 0.0351054 0.032076 0.0307544 0.0283784 0.0263439 0.0262697 0.0231809 0.0231957 0.0208494 0.0188595 0.0187407 0.0173894 0.0159192 0.0145679 0.0132314 0.0125037 0.0115533 0.0112415 0.0102168 0.00996435 0.00883575 0.0070686 0.0070686 0.00687555 0.00631125 0.0056727 0.0057321 0.0051678 0.00455895 0.0046926 0.0041283 0.0035343 0.0033264 0.00310365 0.0027918 0.0024057 0.00247995 0.0024948 0.0020493 0.00170775 0.00188595 0.0016632 0.0013068 0.00132165 0.0134987 
0.0046332 0.0146124 0.022973 0.0335165 0.0424562 0.0513959 0.0611375 0.0709979 0.077918 0.0878526 0.0957825 0.101619 0.109786 0.115147 0.123121 0.13071 0.137541 0.143911 0.149109 0.155004 0.157588 0.163335 0.166112 0.170716 0.174101 0.176091 0.180398 0.180487 0.178601 0.180992 0.182432 0.184556 0.182046 0.182507 0.179626 0.17774 0.178987 0.178096 0.176477 0.174354 0.167879 0.168265 0.165147 0.162964 0.160053 0.156534 0.152435 0.147253 0.144713 0.142367 0.134378 0.130769 0.130799 0.125037 0.121666 0.114315 0.113053 0.110766 0.103935 0.102569 0.0955746 0.0922185 0.0877932 0.0858924 0.0817938 0.0773091 0.0742946 0.0717107 0.0652361 0.06485 0.0618206 0.0577368 0.0542471 0.0520196 0.0502227 0.046436 0.0446688 0.0423819 0.0409118 0.0380309 0.0355509 0.0332195 0.0316305 0.0299822 0.0282744 0.0256608 0.0246213 0.0238194 0.0217404 0.0201069 0.0199584 0.0180131 0.0170181 0.0152955 0.01436 0.0132017 0.012578 0.0118355 0.0116127 0.0101574 0.0089694 0.00886545 0.0075438 0.00743985 0.00672705 0.00613305 0.00565785 0.005346 0.004752 0.0047817 0.0041283 0.00393525 0.0032967 0.00357885 0.00286605 0.00307395 0.00280665 0.0027918 0.0024651 0.00194535 0.00182655 0.0016038 0.0014553 0.0013959 0.0153698 
0.0048411 0.0142263 0.0223344 0.0315266 0.0405257 0.0499554 0.0601871 0.0675675 0.0739085 0.0841253 0.0928125 0.0976388 0.107276 0.112919 0.120404 0.125052 0.133516 0.139397 0.1455 0.14994 0.153935 0.1594 0.160142 0.168087 0.168607 0.169795 0.175616 0.176403 0.177012 0.176849 0.177561 0.179834 0.176997 0.179611 0.176255 0.174799 0.178022 0.175067 0.172334 0.168726 0.167449 0.167018 0.165637 0.161167 0.157306 0.15447 0.149376 0.14755 0.143347 0.137155 0.134897 0.130739 0.130725 0.126968 0.12079 0.116483 0.112355 0.109742 0.104084 0.102569 0.0961092 0.0951291 0.089501 0.0867834 0.0826254 0.0782298 0.0753935 0.0712058 0.0686961 0.0657113 0.0618057 0.0599346 0.0566973 0.0538907 0.0500445 0.0491684 0.046035 0.0428126 0.0404217 0.0395753 0.036635 0.0352242 0.0329225 0.0296109 0.0288387 0.0274874 0.0254232 0.0251559 0.0230769 0.0208494 0.0199881 0.0187704 0.017523 0.0162756 0.0158004 0.0148055 0.0137808 0.0130235 0.0108851 0.0101129 0.0100089 0.0087021 0.00853875 0.0076923 0.00776655 0.00645975 0.00640035 0.0053757 0.0052866 0.0049599 0.0040689 0.0046629 0.00408375 0.003564 0.00328185 0.00301455 0.00280665 0.00297 0.0022572 0.0022275 0.00209385 0.00188595 0.0019305 0.00141075 0.0172112 
0.00423225 0.0125631 0.0221265 0.0317196 0.0401247 0.0488714 0.0565488 0.0648945 0.0746361 0.0812889 0.0888773 0.0951143 0.102747 0.109148 0.116469 0.125913 0.127101 0.136011 0.142605 0.144728 0.149228 0.154915 0.154589 0.162043 0.167137 0.16531 0.170493 0.171577 0.172364 0.174532 0.175779 0.174621 0.176433 0.174428 0.174398 0.173062 0.175082 0.170196 0.168696 0.166706 0.166439 0.163736 0.162177 0.158999 0.15447 0.153267 0.146243 0.147149 0.142308 0.135967 0.135878 0.132536 0.129032 0.125794 0.122602 0.1158 0.113528 0.109311 0.105717 0.100104 0.0963914 0.0941639 0.092961 0.0856697 0.0824472 0.0797594 0.0766557 0.072869 0.0688743 0.0669141 0.0624888 0.0611375 0.0580338 0.054648 0.0508613 0.0493911 0.0471191 0.0438966 0.0433323 0.0405851 0.0374517 0.0351945 0.0344372 0.0319572 0.0304871 0.0280517 0.0270419 0.025943 0.0222899 0.0215028 0.0201663 0.020196 0.018414 0.017627 0.0165578 0.0138699 0.0149243 0.0134987 0.0121325 0.0112266 0.0101871 0.00996435 0.0087021 0.00898425 0.0084645 0.0073656 0.00577665 0.0064449 0.0054054 0.0049005 0.00515295 0.00488565 0.0042768 0.0039501 0.00331155 0.0035343 0.0030591 0.00271755 0.00280665 0.00242055 0.0021087 0.0019602 0.00221265 0.0018117 0.0188595 
0.00396495 0.0133947 0.0216959 0.0302198 0.0384764 0.0473418 0.0556875 0.0622512 0.0701514 0.0782892 0.0877338 0.0943124 0.101841 0.107247 0.112667 0.119127 0.122706 0.128289 0.135581 0.141921 0.14599 0.149955 0.152569 0.156103 0.161806 0.165474 0.165711 0.166053 0.167092 0.16975 0.170537 0.173611 0.171057 0.171532 0.17226 0.171369 0.168191 0.170924 0.166186 0.163617 0.164627 0.16338 0.162578 0.154886 0.153638 0.148871 0.146109 0.146629 0.141461 0.138848 0.132922 0.129269 0.127799 0.125958 0.120018 0.116201 0.113424 0.107321 0.106192 0.0999108 0.0979952 0.0942084 0.091283 0.0878526 0.0845114 0.080294 0.0770864 0.0732848 0.0714285 0.0693644 0.0659637 0.0595634 0.059697 0.0567864 0.0526284 0.0508316 0.0471191 0.045248 0.0428571 0.0418325 0.0406296 0.0360855 0.03515 0.0317048 0.0314226 0.0294624 0.0278735 0.0263291 0.0231363 0.0230621 0.0212058 0.0214286 0.0190526 0.0187704 0.0167211 0.0152955 0.0144194 0.0137214 0.0130383 0.0117018 0.0108851 0.0107217 0.00928125 0.00891 0.00818235 0.00803385 0.00684585 0.00669735 0.0064746 0.00586575 0.00553905 0.00515295 0.0043065 0.00426195 0.0037719 0.0037422 0.0032373 0.00310365 0.00301455 0.0028809 0.0023463 0.0021681 0.00185625 0.00206415 0.0206564 
0.0040392 0.0126077 0.021384 0.0292397 0.0379121 0.0454707 0.0530145 0.0616869 0.0690228 0.0754826 0.0834422 0.0921888 0.0973566 0.104633 0.10839 0.115637 0.122008 0.126284 0.130457 0.13812 0.143273 0.144134 0.148515 0.153564 0.155093 0.158509 0.160855 0.162949 0.163543 0.166053 0.167864 0.167092 0.169691 0.166023 0.167627 0.168444 0.168028 0.167003 0.164583 0.160439 0.160677 0.161672 0.158019 0.154871 0.152836 0.14651 0.148559 0.142352 0.137897 0.138773 0.135684 0.129537 0.125156 0.123314 0.121146 0.115518 0.111449 0.109385 0.10692 0.0999999 0.0975051 0.0949064 0.0919215 0.0896049 0.0833531 0.0803237 0.0763587 0.0756014 0.0724383 0.0706415 0.0674933 0.0622661 0.0601871 0.057024 0.055049 0.0506534 0.0490347 0.0470745 0.0442382 0.0428868 0.0406445 0.0379863 0.0364122 0.0334422 0.0315266 0.0298782 0.0279626 0.0260915 0.0256163 0.024057 0.0216959 0.0222453 0.0206861 0.0192605 0.0178349 0.0166172 0.0141372 0.013959 0.013068 0.013068 0.0110039 0.011286 0.0102911 0.010098 0.0085239 0.00818235 0.00785565 0.0070983 0.00732105 0.00643005 0.00571725 0.00509355 0.0044847 0.00446985 0.00429165 0.00411345 0.0035046 0.003267 0.00351945 0.00256905 0.0022869 0.00250965 0.00250965 0.0021087 0.0222453 
0.004158 0.0129938 0.0198396 0.0280517 0.0365756 0.0435996 0.0523908 0.0604841 0.0668696 0.075438 0.0809177 0.0869765 0.0952628 0.100401 0.10591 0.112771 0.117063 0.122646 0.127591 0.13368 0.138714 0.140481 0.145396 0.15052 0.150831 0.151485 0.155361 0.161568 0.159177 0.162444 0.165147 0.163023 0.166394 0.165295 0.162726 0.16384 0.161895 0.163632 0.162697 0.159771 0.159474 0.156994 0.155034 0.154514 0.150638 0.146763 0.144268 0.140362 0.137363 0.133709 0.134482 0.127547 0.126685 0.122052 0.120374 0.11678 0.112088 0.109593 0.107648 0.102302 0.0967329 0.0952182 0.0919215 0.0894416 0.0858479 0.0825363 0.0803979 0.0760172 0.0718592 0.0698396 0.0663498 0.0634392 0.0603653 0.0589248 0.0558657 0.0527175 0.0510989 0.0476537 0.0466736 0.0435996 0.0401396 0.0378378 0.0366795 0.0344817 0.0325067 0.0295961 0.0295961 0.0282447 0.0259281 0.0253044 0.0231809 0.0228245 0.0209237 0.0196317 0.0182358 0.0177458 0.016632 0.0149391 0.0132908 0.013365 0.0118355 0.0116276 0.0103505 0.0108554 0.00862785 0.0096822 0.00850905 0.00776655 0.00687555 0.0062073 0.00643005 0.0057321 0.005049 0.0046926 0.0043065 0.0042768 0.00340065 0.00375705 0.0034749 0.0030888 0.0027621 0.0023166 0.0024948 0.0019899 0.0250817 
0.00393525 0.0118503 0.0196911 0.0275616 0.0353133 0.0430799 0.0509652 0.0564597 0.0643748 0.0735224 0.0782298 0.0857291 0.0911493 0.098604 0.103044 0.110439 0.115875 0.119676 0.123879 0.130056 0.136635 0.136783 0.139694 0.145708 0.147758 0.149688 0.149896 0.155138 0.157989 0.157469 0.15943 0.159831 0.158687 0.16479 0.162697 0.159341 0.158687 0.162726 0.15793 0.158316 0.158108 0.154826 0.150371 0.150015 0.149926 0.146169 0.14005 0.141743 0.13809 0.133323 0.131913 0.12572 0.124933 0.12379 0.116988 0.116573 0.112919 0.110024 0.105108 0.102821 0.0973269 0.0971784 0.0946242 0.0896049 0.0860112 0.081675 0.081972 0.0753786 0.0723492 0.0694832 0.0668102 0.0659043 0.0626225 0.0594446 0.0550638 0.0553014 0.0522126 0.0497327 0.0472379 0.0435996 0.0411345 0.0394713 0.039011 0.0353727 0.0339323 0.0307841 0.0315563 0.0285566 0.0261212 0.0268488 0.0232106 0.0236709 0.0205673 0.0209682 0.0179982 0.018117 0.0171221 0.014954 0.0154143 0.0135284 0.0130383 0.0121473 0.0114791 0.0102465 0.009207 0.00987525 0.0088209 0.0083754 0.00723195 0.0070092 0.00687555 0.00542025 0.0054054 0.0049896 0.0046629 0.0044253 0.00446985 0.00372735 0.0036828 0.0035937 0.00298485 0.0025839 0.0022275 0.00239085 0.0272943 
Angular Collision Densities:
2.7944 1.18592 0.943792 0.809696 0.71525 0.690302 0.662236 0.6188 0.596079 0.563558 0.587169 0.57269 0.561553 0.575586 0.551529 0.597638 0.599866 0.612563 0.625928 0.635729 0.678497 0.691639 0.726833 0.780516 0.8861 0.949583 1.09949 1.30621 1.81319 46.1725 
6.92017 2.93963 2.33464 1.98738 1.827 1.69 1.6009 1.56861 1.48597 1.44297 1.41758 1.4432 1.38684 1.4129 1.41936 1.42983 1.46035 1.50111 1.54254 1.63654 1.66506 1.73812 1.85016 2.00252 2.17204 2.40815 2.79707 3.40072 4.65948 47.1791 
10.052 4.31266 3.4103 2.92694 2.70062 2.4449 2.3832 2.22126 2.20277 2.13261 2.07915 2.0894 2.09697 2.04663 2.11234 2.15622 2.16847 2.22171 2.30123 2.3714 2.43154 2.55361 2.80375 2.93473 3.25505 3.60142 4.20262 5.04351 6.89968 47.8572 
12.7711 5.45203 4.24562 3.68317 3.35952 3.12073 3.00935 2.84608 2.77947 2.66855 2.62221 2.65986 2.66209 2.61709 2.61085 2.66788 2.69104 2.82157 2.85365 2.98797 3.13521 3.32655 3.53237 3.74666 4.09504 4.6205 5.29232 6.44304 8.77256 48.153 
15.0532 6.37466 5.07447 4.41602 3.99547 3.62236 3.50141 3.30249 3.24524 3.17129 3.1782 3.09734 3.06526 3.12496 3.16171 3.18822 3.24413 3.34303 3.38268 3.53638 3.72794 3.87919 4.11241 4.44453 4.8437 5.42775 6.21784 7.63787 10.2915 48.6366 
17.0043 7.20128 5.68948 4.94394 4.50913 4.17033 3.95047 3.79566 3.69364 3.56823 3.6012 3.5346 3.49784 3.53014 3.61791 3.62837 3.64954 3.81259 3.92374 4.05093 4.13045 4.39263 4.70916 5.11545 5.49702 6.18421 7.03489 8.58902 11.7503 48.6061 
18.6486 7.93591 6.30939 5.43399 4.93792 4.59088 4.31044 4.20129 4.05182 4.00193 3.89968 3.87941 3.89077 3.88944 3.90637 3.96205 4.00905 4.1955 4.28682 4.41335 4.55747 4.90317 5.09897 5.59838 6.1802 6.73418 7.81184 9.47846 12.803 48.8275 
20.1219 8.53066 6.69052 5.84362 5.36939 4.93458 4.74413 4.47772 4.41223 4.26522 4.29462 4.21799 4.22 4.19572 4.23715 4.29952 4.42337 4.51692 4.61493 4.81563 5.00564 5.22794 5.56407 5.98663 6.60053 7.33293 8.34667 10.285 13.8644 48.631 
21.3423 9.15102 7.27591 6.21851 5.6211 5.3431 5.01678 4.77264 4.68332 4.56593 4.52183 4.44854 4.46346 4.48351 4.48975 4.55078 4.60291 4.79625 4.86753 5.08783 5.29143 5.58367 5.92426 6.41988 6.97007 7.75103 8.95054 10.8876 14.6445 48.6787 
22.6263 9.7246 7.60869 6.56734 5.99665 5.55093 5.25111 5.06422 4.91899 4.77108 4.75816 4.70604 4.72898 4.69958 4.78779 4.80784 4.88959 5.01032 5.16045 5.38632 5.57966 5.86813 6.24413 6.71591 7.38283 8.19542 9.33478 11.3687 15.3174 48.7693 
23.64 10.0806 7.95529 6.82907 6.20982 5.7641 5.5389 5.15265 5.17983 5.0023 4.95596 4.91409 4.92567 4.95953 4.9602 5.03393 5.12726 5.25712 5.41171 5.6055 5.7944 6.15948 6.48024 7.01239 7.72252 8.53801 9.75845 11.7857 15.9741 48.6613 
24.3321 10.4118 8.27605 7.02264 6.45039 5.98485 5.6534 5.48143 5.28118 5.17983 5.11634 5.06823 5.0865 5.1208 5.14307 5.26804 5.31526 5.50215 5.62555 5.75853 6.0363 6.39716 6.74777 7.23915 7.92455 8.79684 10.2131 12.2361 16.4398 48.7633 
25.1603 10.7149 8.4567 7.34941 6.58093 6.16238 5.92671 5.66141 5.42374 5.33798 5.32217 5.24933 5.17159 5.21302 5.28764 5.4429 5.4429 5.52398 5.78504 5.98997 6.28601 6.56667 6.88119 7.42003 8.15577 9.05456 10.287 12.5368 16.7272 48.5508 
25.7557 10.923 8.63535 7.47749 6.71703 6.32655 5.96057 5.75586 5.64694 5.47252 5.41505 5.40815 5.3803 5.36872 5.44045 5.51284 5.55984 5.68191 5.91847 6.09399 6.32632 6.71391 7.15428 7.61538 8.29721 9.28533 10.6312 12.7865 17.1424 48.4234 
26.1972 11.1794 8.81734 7.68131 6.92886 6.51299 6.14545 5.87503 5.75497 5.65651 5.51395 5.49792 5.56207 5.52353 5.48678 5.58323 5.75096 5.81378 6.0265 6.25326 6.48314 6.86649 7.22534 7.78133 8.4665 9.48269 10.7141 12.9741 17.3239 48.3143 
26.7458 11.4228 8.94208 7.7468 7.11597 6.61389 6.21138 6.04165 5.82714 5.69861 5.60328 5.64716 5.56051 5.55516 5.60417 5.7768 5.78526 5.92782 6.08397 6.2497 6.60365 6.94735 7.33338 7.90763 8.63334 9.62391 10.8965 13.1365 17.6291 48.0307 
26.975 11.6545 9.18354 7.90005 7.13736 6.6629 6.25794 6.08308 5.94453 5.78749 5.66409 5.7053 5.59726 5.63558 5.70574 5.70908 5.79796 6.02271 6.1459 6.4181 6.73663 7.04803 7.47972 8.01521 8.63579 9.6796 11.1192 13.2982 17.7962 47.6289 
27.3762 11.6376 9.21829 7.98759 7.2465 6.76804 6.38067 6.20069 5.8953 5.88105 5.74004 5.70285 5.75809 5.7543 5.78192 5.83805 6.01781 6.14255 6.28979 6.47467 6.72928 7.15495 7.5265 8.05264 8.80798 9.77249 11.1981 13.457 17.8746 47.4362 
27.5375 11.7806 9.26083 8.0905 7.35832 6.79499 6.36686 6.15169 6.02717 5.92003 5.80531 5.73314 5.76878 5.77123 5.86078 5.86634 6.04811 6.18688 6.36865 6.57603 6.86716 7.18992 7.65124 8.15555 8.95388 9.79655 11.27 13.4808 18.0802 47.2733 
27.6987 11.883 9.33323 8.09941 7.35654 6.79989 6.45663 6.18109 6.05435 5.90198 5.82803 5.67478 5.75096 5.78883 5.88684 5.87949 6.01826 6.1107 6.33857 6.62637 6.86204 7.17478 7.59867 8.19052 8.80843 9.93153 11.2404 13.5263 17.8376 46.7093 
27.8727 11.9245 9.43034 8.14597 7.4746 6.88342 6.54217 6.2497 6.09956 6.03007 5.89374 5.80843 5.8258 5.8111 5.8532 5.96614 6.12072 6.1851 6.3858 6.64886 6.90725 7.25742 7.6548 8.13773 8.90421 9.92663 11.3168 13.4392 17.9733 46.4975 
27.766 11.9356 9.48581 8.16913 7.41357 6.91483 6.56177 6.2713 6.08063 6.01002 5.88661 5.87236 5.80041 5.89486 5.90488 6.00111 6.06949 6.2448 6.41364 6.69587 6.98344 7.25875 7.68443 8.21836 8.91401 9.98477 11.3124 13.5886 17.9563 46.117 
27.9277 12.0138 9.47601 8.23975 7.38038 6.91817 6.52947 6.20047 6.08731 5.96836 5.84585 5.79596 5.86256 5.84051 5.89842 5.98552 6.12785 6.28311 6.47334 6.63684 6.9302 7.24338 7.64634 8.19386 8.92069 9.88186 11.2874 13.4363 17.9062 45.4002 
28.0444 11.9361 9.4426 8.14151 7.4345 6.87473 6.53638 6.31674 6.09533 5.9305 5.84028 5.84273 5.83182 5.81801 5.95299 5.99353 6.09021 6.2321 6.37978 6.58494 6.8578 7.28281 7.67775 8.21257 8.89641 9.99167 11.2186 13.4762 17.8265 45.0102 
28.0177 11.9207 9.48091 8.10186 7.39218 6.91037 6.59518 6.24346 6.11694 5.99465 5.89887 5.88082 5.86389 5.87459 5.93361 6.0147 6.06526 6.17552 6.39114 6.63127 6.86694 7.19327 7.72163 8.1081 8.93584 9.90792 11.1464 13.4904 17.746 44.6678 
27.9427 11.9187 9.32298 8.13973 7.35387 6.8235 6.52724 6.22497 6.0588 6.01158 5.84407 5.82692 5.82892 5.7886 5.95589 5.90555 6.05613 6.19713 6.36196 6.63728 6.88698 7.1603 7.57951 8.11256 8.76699 9.75935 11.1754 13.3029 17.5569 44.2722 
27.7126 11.7986 9.3506 8.08761 7.43294 6.87607 6.49539 6.24435 6.06348 5.92805 5.81868 5.77012 5.75675 5.81623 5.84407 5.96279 5.96725 6.14768 6.35751 6.65555 6.74754 7.12421 7.6107 8.06466 8.83538 9.73039 11.0745 13.2708 17.5665 43.7797 
27.6818 11.8035 9.31229 8.15443 7.36412 6.7442 6.49739 6.22698 6.07328 5.88105 5.76655 5.79195 5.76054 5.77279 5.83872 5.88416 6.00267 6.13298 6.34347 6.51165 6.73596 7.10773 7.51158 8.09852 8.70017 9.58159 11.0047 13.1964 17.2827 43.0827 
27.4916 11.7305 9.27241 7.98091 7.30887 6.77539 6.43413 6.10669 5.94052 5.82179 5.7044 5.7425 5.73648 5.75051 5.76566 5.85008 5.98507 6.04432 6.25326 6.5072 6.70255 7.08679 7.41802 8.0689 8.65361 9.65488 10.9497 13.116 17.2667 42.5956 
27.2938 11.5654 9.19178 7.98269 7.13646 6.72215 6.39938 6.10803 5.95589 5.85565 5.7494 5.71287 5.65852 5.67478 5.74138 5.83984 5.93005 6.05947 6.22564 6.4867 6.70812 7.01841 7.41535 7.94727 8.61152 9.50407 10.7717 12.8393 16.935 41.8737 
27.0911 11.6104 9.10513 7.88869 7.21354 6.64731 6.30962 6.05034 5.91513 5.7915 5.74851 5.64449 5.57632 5.63936 5.7151 5.78148 5.8708 5.99955 6.11493 6.38936 6.5954 7.04135 7.41022 7.8359 8.54358 9.44282 10.849 12.8304 16.8052 41.7396 
26.9494 11.4387 9.07573 7.85996 7.07365 6.62614 6.26752 6.05969 5.86434 5.72312 5.6505 5.60907 5.63491 5.57855 5.66832 5.6427 5.80576 5.89107 6.13097 6.32699 6.53749 6.88275 7.33583 7.79825 8.51662 9.27531 10.6532 12.6932 16.5906 40.8165 
26.6171 11.3282 8.98262 7.73277 6.98878 6.59407 6.21784 5.95723 5.77724 5.67567 5.66342 5.49569 5.5144 5.6133 5.57432 5.66876 5.69238 5.86078 6.02717 6.28266 6.52546 6.79967 7.22779 7.6606 8.43532 9.28377 10.5552 12.5248 16.3463 40.3884 
26.3393 11.2088 8.83627 7.72831 6.92819 6.49049 6.16171 5.89062 5.72824 5.61018 5.50393 5.49658 5.48656 5.49569 5.55271 5.60239 5.69549 5.79328 6.00623 6.16349 6.39359 6.81815 7.13758 7.67619 8.2168 9.16349 10.3928 12.5047 16.1592 39.9086 
26.1243 11.1636 8.816 7.66349 6.91483 6.44549 6.20871 5.87258 5.67857 5.57855 5.47408 5.38097 5.46027 5.48722 5.48299 5.55093 5.626 5.722 5.93517 6.0735 6.38424 6.58828 7.05093 7.53719 8.18072 9.02605 10.2184 12.2386 16.0456 39.3642 
25.7947 11.011 8.61931 7.53073 6.8264 6.3829 5.99398 5.73826 5.64939 5.48232 5.47274 5.36649 5.35714 5.37741 5.4527 5.54068 5.60372 5.74962 5.9668 6.06481 6.29915 6.63951 7.01551 7.40354 8.07424 8.96613 10.1521 12.0093 15.8736 38.9053 
25.5278 10.9439 8.68703 7.42225 6.79566 6.30717 5.98151 5.74762 5.59994 5.39857 5.37139 5.30746 5.36961 5.29811 5.33754 5.39679 5.4674 5.64337 5.78593 5.9991 6.24881 6.52658 6.96628 7.34251 8.02323 8.75007 10.067 11.802 15.5753 38.1709 
25.2104 10.7954 8.489 7.37926 6.68941 6.18354 5.89797 5.71265 5.56073 5.38966 5.28363 5.27517 5.27338 5.26269 5.27383 5.32528 5.44802 5.56184 5.74027 5.91914 6.16862 6.43948 6.75088 7.25051 7.95618 8.64649 9.80055 11.8102 15.4949 37.6938 
24.9594 10.5976 8.40881 7.26499 6.52969 6.12652 5.88038 5.62956 5.41906 5.35558 5.25356 5.19943 5.17159 5.17203 5.21658 5.3264 5.37874 5.4723 5.62154 5.85677 6.13053 6.33791 6.70968 7.24895 7.84926 8.54313 9.76826 11.6472 15.1708 37.1866 
24.5442 10.3717 8.31615 7.13045 6.50007 6.02516 5.7122 5.53333 5.37162 5.23908 5.14798 5.10788 5.09385 5.06043 5.12414 5.16023 5.34711 5.48901 5.56697 5.76455 5.97015 6.28957 6.71458 7.05761 7.72987 8.43532 9.63772 11.3509 14.8993 36.4769 
24.1352 10.2683 8.17582 7.09325 6.43235 5.9472 5.63424 5.47208 5.33754 5.15689 5.14953 5.03504 5.00163 5.06422 5.113 5.17827 5.27116 5.37184 5.49858 5.67701 5.85298 6.19401 6.53148 6.98522 7.63453 8.27962 9.46532 11.2507 14.8409 35.9666 
23.9314 10.183 8.08382 7.01484 6.3604 5.85944 5.67411 5.37652 5.2197 5.03682 5.04974 5.00519 5.08828 4.98915 5.04373 5.0297 5.08783 5.31771 5.40637 5.61152 5.84296 6.02071 6.42968 6.84333 7.46903 8.20834 9.38 10.9836 14.4362 35.3714 
23.634 10.1732 7.93569 6.97319 6.22364 5.87637 5.56496 5.29343 5.11523 5.01098 4.9896 4.92211 4.87778 4.92567 4.95574 5.00497 5.0542 5.21324 5.31704 5.54091 5.72868 6.05746 6.35662 6.76336 7.32291 8.13817 9.12028 10.8649 14.2219 34.8668 
23.2005 9.93933 7.74145 6.8088 6.17396 5.68859 5.44847 5.24376 5.02613 4.92032 4.89649 4.85038 4.8555 4.83835 4.83189 4.9299 4.9299 5.13973 5.24354 5.42441 5.68569 5.95255 6.23767 6.70077 7.31533 7.94104 9.05345 10.7192 14.0001 34.1701 
22.8341 9.76781 7.75348 6.69341 6.05724 5.62667 5.36248 5.22683 5.03192 4.95931 4.76774 4.70248 4.74948 4.72742 4.83835 4.86263 4.9426 5.04195 5.24509 5.33375 5.61842 5.8316 6.13008 6.63238 7.15763 7.87377 8.88238 10.5909 13.7686 33.6199 
22.4951 9.62681 7.60424 6.59295 5.94431 5.53935 5.26069 5.1032 4.82321 4.84325 4.82744 4.72787 4.71473 4.66505 4.73589 4.80138 4.82254 5.03237 5.09452 5.23819 5.38855 5.77658 5.98663 6.47222 7.02086 7.73433 8.65985 10.3358 13.6042 33.1385 
22.1545 9.50185 7.49264 6.43057 5.90644 5.51952 5.19876 4.96599 4.8662 4.75504 4.62986 4.6479 4.66171 4.65614 4.6479 4.73901 4.82187 4.89738 5.02613 5.17827 5.41461 5.66342 5.98418 6.40072 6.88075 7.6303 8.6701 10.1389 13.312 32.3707 
21.823 9.34102 7.31556 6.38892 5.83182 5.40302 5.11768 4.82989 4.83501 4.63676 4.56994 4.56883 4.58353 4.57707 4.57729 4.61137 4.71272 4.83657 4.92701 5.09786 5.34422 5.56986 5.88951 6.21584 6.73396 7.455 8.49858 10.0126 13.1271 31.984 
21.4633 9.18911 7.2396 6.33211 5.74962 5.30056 5.04952 4.84704 4.72564 4.60647 4.56994 4.4951 4.4795 4.49376 4.52338 4.59466 4.69624 4.71072 4.87889 5.02569 5.26091 5.45158 5.71599 6.20871 6.72081 7.30731 8.39678 9.81793 12.8656 31.306 
21.2336 8.98707 7.2024 6.17329 5.62756 5.31192 4.94906 4.80472 4.6283 4.5118 4.38038 4.42604 4.39285 4.34184 4.48953 4.45656 4.53942 4.67218 4.82187 4.96755 5.04195 5.4106 5.72289 6.06326 6.57335 7.13246 8.1482 9.6972 12.6624 30.6785 
20.785 8.79617 6.99591 6.06259 5.50215 5.12926 4.90807 4.66505 4.45656 4.48195 4.38305 4.3062 4.32514 4.3483 4.38283 4.37303 4.43918 4.61872 4.68777 4.86419 5.04596 5.28608 5.56786 5.9325 6.41587 7.13646 8.07224 9.50764 12.4854 30.1828 
20.5021 8.78526 6.92463 5.95767 5.39768 5.04195 4.77041 4.60959 4.49064 4.43718 4.28638 4.24539 4.29217 4.27079 4.23782 4.36345 4.43651 4.45433 4.65904 4.77732 5.00853 5.17448 5.44535 5.8385 6.30204 6.94579 7.85506 9.40339 12.21 29.62 
20.2099 8.69527 6.76069 5.87436 5.36872 4.99116 4.65793 4.52272 4.38639 4.27903 4.2102 4.2053 4.09704 4.21643 4.21889 4.23849 4.31444 4.3483 4.55078 4.73099 4.80004 5.08627 5.41639 5.72067 6.28445 6.90725 7.77219 9.21094 12.1247 29.1177 
19.8495 8.41327 6.66112 5.79863 5.24042 4.84927 4.62897 4.43985 4.29818 4.24316 4.17233 4.11909 4.12511 4.09949 4.20196 4.18859 4.25675 4.38862 4.56838 4.72631 4.7918 5.07224 5.28764 5.70106 6.11939 6.72104 7.66795 9.01959 11.791 28.5075 
19.5185 8.30902 6.49739 5.68926 5.15555 4.79469 4.53898 4.37681 4.20107 4.15161 4.0594 4.05628 4.07811 4.03423 4.08278 4.09882 4.19238 4.32224 4.37325 4.5637 4.72854 4.90028 5.2598 5.56808 6.09578 6.62704 7.47527 8.92582 11.6251 27.9892 
18.9756 8.066 6.41253 5.55583 5.03059 4.75928 4.50178 4.28371 4.22579 4.0124 4.02999 3.98945 4.01061 3.99435 4.02554 4.04069 4.10417 4.17144 4.28437 4.46035 4.68777 4.83033 5.12013 5.46495 5.87303 6.50007 7.43317 8.70596 11.3135 27.4633 
18.801 7.9896 6.29737 5.42352 4.95218 4.59333 4.33694 4.19995 4.09125 4.04848 3.91773 3.8861 3.93332 3.87385 3.95448 3.97742 3.9948 4.09905 4.24071 4.34853 4.53987 4.6508 5.03304 5.40436 5.81667 6.35617 7.17856 8.5262 11.1571 26.9605 
18.472 7.77264 6.15391 5.36761 4.88959 4.53831 4.28794 4.20374 4.02754 3.95003 3.8881 3.86672 3.81615 3.80279 3.84088 3.8538 3.92151 4.0438 4.12823 4.34919 4.38172 4.59689 4.92344 5.23151 5.70218 6.18866 7.07387 8.43532 10.9208 26.2495 
18.131 7.76039 6.13854 5.31259 4.8036 4.48418 4.20151 3.99213 3.9899 3.87184 3.80279 3.74554 3.78007 3.75356 3.73284 3.85937 3.83375 3.93644 4.07788 4.1505 4.34541 4.55167 4.82744 5.16825 5.51618 6.17552 6.89055 8.21814 10.655 26.0528 
17.8434 7.58753 6.00757 5.1649 4.66617 4.33538 4.16453 3.97921 3.88832 3.79856 3.70834 3.62169 3.66647 3.62258 3.72928 3.75757 3.83687 3.90102 4.03601 4.07677 4.29217 4.49398 4.75237 5.02814 5.51084 6.01871 6.80301 8.017 10.4525 25.4029 
17.5175 7.45433 5.89976 5.06801 4.57306 4.34251 4.0741 3.90525 3.76024 3.73329 3.69565 3.61991 3.59519 3.66446 3.67961 3.69765 3.77762 3.8186 3.89144 4.03155 4.22869 4.45856 4.65347 4.91832 5.29299 5.87058 6.68161 7.95485 10.2514 24.8219 
17.1408 7.28816 5.75697 5.01722 4.52762 4.22445 4.02376 3.81548 3.71859 3.64998 3.58672 3.5464 3.53415 3.6257 3.58828 3.5738 3.68562 3.71926 3.90637 3.99859 4.17946 4.35164 4.54878 4.79714 5.31415 5.74294 6.566 7.78912 10.0462 24.4524 
16.9782 7.22646 5.6701 4.86909 4.47906 4.10506 3.96495 3.77984 3.66468 3.566 3.57447 3.47824 3.48091 3.52123 3.53126 3.61345 3.56645 3.65444 3.7892 3.94891 4.06652 4.26277 4.46658 4.81719 5.14909 5.63936 6.44483 7.64278 9.84444 23.93 
16.5223 6.99858 5.54558 4.77041 4.38706 4.0046 3.86249 3.70567 3.61791 3.51143 3.46777 3.4406 3.40718 3.37934 3.46955 3.45485 3.50074 3.60209 3.74265 3.8293 3.95381 4.17077 4.35543 4.73722 5.07558 5.61642 6.29402 7.47727 9.79254 23.4814 
16.1835 6.88142 5.42641 4.72475 4.25519 4.02175 3.7921 3.56779 3.5072 3.4455 3.42322 3.33345 3.33947 3.31407 3.39582 3.35595 3.50163 3.48069 3.67159 3.73129 3.87741 4.03779 4.34429 4.56638 4.9671 5.39768 6.18488 7.28905 9.57134 22.898 
16.0046 6.73106 5.42508 4.64122 4.13602 3.92285 3.74064 3.51366 3.43369 3.34459 3.31474 3.32989 3.2742 3.37622 3.30806 3.36598 3.40763 3.49472 3.5787 3.6658 3.79789 4.04046 4.23871 4.53519 4.84103 5.36003 6.04009 7.14649 9.19512 22.389 
15.6945 6.61456 5.23485 4.52606 4.16097 3.80591 3.58093 3.50698 3.32432 3.26507 3.25972 3.2154 3.21963 3.25015 3.22988 3.29024 3.30917 3.41632 3.50831 3.61991 3.83976 3.89256 4.12533 4.37681 4.78311 5.2745 5.85231 7.01017 9.17039 21.9868 
15.229 6.50541 5.16335 4.44453 4.05383 3.75133 3.53482 3.40741 3.32298 3.2321 3.16996 3.21718 3.14345 3.15147 3.14256 3.18488 3.24369 3.32588 3.44661 3.57068 3.6923 3.86583 4.05628 4.3238 4.62429 5.05331 5.76967 6.88075 8.89708 21.5241 
14.9973 6.32209 5.0317 4.37615 3.94936 3.66535 3.46421 3.33412 3.26061 3.15035 3.16372 3.10536 3.11226 3.11315 3.12719 3.22832 3.18733 3.28846 3.39137 3.43971 3.56734 3.78742 4.00371 4.25386 4.51381 5.00452 5.61664 6.72683 8.78459 21.1425 
14.7621 6.26039 4.91364 4.32759 3.91795 3.62192 3.45084 3.34994 3.18221 3.1704 3.12563 3.00178 3.0274 3.05234 3.11338 3.06214 3.14679 3.20292 3.30917 3.39426 3.60164 3.69453 3.88855 4.16543 4.50556 5.02212 5.54202 6.56689 8.60617 20.6469 
14.3643 6.1606 4.80383 4.16943 3.79388 3.54083 3.35573 3.21941 3.09422 3.04098 2.99153 2.98997 2.95812 2.95612 2.98173 3.06682 3.03786 3.14879 3.2546 3.35684 3.47601 3.64285 3.89657 4.09058 4.3884 4.83189 5.44936 6.50541 8.4449 20.209 
14.0148 6.06326 4.73076 4.08568 3.77116 3.48604 3.32031 3.15347 3.08932 2.96391 3.01826 2.92983 2.96792 2.90154 2.94186 2.94342 3.01537 3.0911 3.14523 3.2477 3.35617 3.54752 3.73329 3.99213 4.30509 4.79113 5.35691 6.37288 8.18807 19.7711 
13.7942 5.95589 4.62964 4.0115 3.68094 3.42656 3.19958 3.10981 2.96302 2.90466 2.90689 2.859 2.86033 2.85343 2.88617 2.88639 2.99911 3.00022 3.14345 3.2105 3.31786 3.52257 3.72661 3.94245 4.27635 4.59711 5.24933 6.20203 8.021 19.4095 
13.492 5.7739 4.55123 3.91216 3.57937 3.32677 3.1156 3.04388 2.9579 2.89375 2.82603 2.7846 2.81823 2.84986 2.81623 2.87303 2.9178 2.99242 3.01559 3.13922 3.23166 3.34325 3.611 3.79856 4.09214 4.61961 5.08761 6.08018 7.93035 19.0393 
13.2997 5.69394 4.5 3.89657 3.48537 3.26396 3.12875 3.01314 2.88929 2.81823 2.76878 2.74161 2.74584 2.77769 2.81155 2.82002 2.8316 2.90488 2.94654 3.0216 3.25549 3.28534 3.51455 3.75178 4.03267 4.49287 5.03638 5.89397 7.70247 18.625 
13.1055 5.4576 4.35989 3.78163 3.48025 3.13498 3.00312 2.86768 2.86033 2.76633 2.65919 2.69327 2.68592 2.68859 2.68436 2.75163 2.78838 2.87258 2.89775 3.00289 3.08776 3.22698 3.43414 3.70567 3.94089 4.3483 4.91498 5.89062 7.53318 18.2263 
12.6941 5.49524 4.32402 3.68963 3.37823 3.16105 2.9746 2.8365 2.80108 2.70797 2.64694 2.65563 2.65407 2.71621 2.64783 2.68035 2.73403 2.79707 2.90332 2.94721 3.08197 3.19156 3.3241 3.57959 3.92352 4.31623 4.79336 5.68124 7.49153 17.7293 
12.5408 5.3088 4.2024 3.58204 3.2889 3.08308 2.91112 2.77658 2.72312 2.63491 2.60172 2.5888 2.54759 2.61531 2.55049 2.60796 2.6485 2.75141 2.8267 2.91157 2.9902 3.1234 3.30516 3.48002 3.82506 4.14694 4.75103 5.5271 7.22022 17.4179 
12.2009 5.14864 4.13736 3.53504 3.20938 3.01759 2.86234 2.73559 2.68325 2.58836 2.56385 2.53623 2.53289 2.52821 2.51217 2.60618 2.64582 2.7171 2.7229 2.81088 2.95879 3.08553 3.20069 3.45908 3.65911 4.03668 4.63365 5.45871 7.10461 17.2028 
11.988 5.1237 4.03222 3.54262 3.17953 2.98374 2.76099 2.66253 2.59236 2.51975 2.47163 2.46896 2.43867 2.46562 2.52688 2.50839 2.54336 2.62244 2.67946 2.78727 2.88974 3.01247 3.14879 3.37956 3.65043 4.03356 4.50779 5.31816 6.9968 16.6829 
11.7418 5.03794 3.88654 3.40407 3.11427 2.86924 2.72111 2.65473 2.5565 2.52821 2.4556 2.37786 2.43666 2.41506 2.42597 2.50972 2.56719 2.54737 2.64649 2.71844 2.76656 2.94008 3.13654 3.29581 3.5513 3.89122 4.42582 5.16869 6.80902 16.4521 
11.346 4.8878 3.81214 3.30761 3.0666 2.83138 2.69127 2.5418 2.44758 2.42174 2.35202 2.37251 2.34912 2.3607 2.38654 2.37006 2.44713 2.4968 2.54447 2.63847 2.73002 2.88305 3.05101 3.21406 3.47713 3.79321 4.34095 5.11835 6.70255 16.0503 
11.1921 4.8065 3.79477 3.26841 2.97549 2.73292 2.63647 2.52287 2.45649 2.3489 2.34645 2.33308 2.33754 2.3137 2.32506 2.36516 2.40459 2.48099 2.50794 2.59147 2.68124 2.79306 2.97282 3.1381 3.39627 3.74977 4.24094 4.98381 6.46331 15.6809 
11.0208 4.73054 3.70745 3.23099 2.86211 2.73158 2.5565 2.45448 2.34645 2.32395 2.29388 2.29833 2.24844 2.27517 2.29254 2.30279 2.39234 2.37162 2.46005 2.52621 2.66008 2.74183 2.91602 3.10135 3.33613 3.68896 4.19282 4.88825 6.45886 15.3118 
10.8132 4.58976 3.61969 3.16127 2.85588 2.61041 2.51685 2.36939 2.33086 2.2667 2.26871 2.20701 2.22795 2.19654 2.23752 2.25067 2.30969 2.34378 2.38097 2.48789 2.59548 2.68146 2.79373 3.00289 3.2673 3.62548 4.09169 4.79336 6.26395 15.1249 
10.5699 4.52606 3.54039 3.05702 2.76789 2.55093 2.48099 2.32039 2.30591 2.26292 2.21324 2.15288 2.20968 2.18896 2.19721 2.21792 2.22817 2.2745 2.3509 2.45916 2.49124 2.66431 2.75364 2.96302 3.1635 3.48002 3.94535 4.70292 6.02405 14.5676 
10.3049 4.41268 3.46955 2.99532 2.75274 2.51797 2.39612 2.28831 2.2275 2.22349 2.12169 2.10588 2.17538 2.14798 2.12169 2.14887 2.20411 2.24421 2.33286 2.37852 2.4527 2.57321 2.74228 2.91134 3.12696 3.46532 3.87652 4.62897 5.957 14.3995 
10.0458 4.31779 3.39204 2.92426 2.66119 2.48923 2.38788 2.25958 2.17961 2.14531 2.09452 2.06111 2.07068 2.07536 2.07915 2.10677 2.15733 2.23663 2.29433 2.32618 2.42374 2.55851 2.67968 2.80086 3.09489 3.36018 3.7745 4.44453 5.83716 14.031 
9.88119 4.22134 3.30472 2.8708 2.60974 2.38097 2.34845 2.17894 2.1629 2.07046 2.03193 2.03928 2.02747 2.07269 2.062 2.06066 2.08784 2.12771 2.20723 2.25557 2.3636 2.4772 2.60417 2.72267 3.03185 3.25304 3.703 4.34541 5.63669 13.6764 
9.66445 4.10551 3.23411 2.81578 2.52509 2.3616 2.2471 2.14352 2.11189 2.05242 2.03683 2.03215 1.98827 2.00898 1.99918 1.99495 2.06957 2.10588 2.17315 2.21814 2.30168 2.45582 2.54492 2.67924 2.96592 3.20025 3.70166 4.25853 5.55672 13.4452 
9.4789 3.99591 3.15169 2.78571 2.44825 2.31237 2.22416 2.08784 2.05175 1.99629 1.96933 1.97802 1.94015 1.99517 1.94706 1.97512 2.00921 2.02547 2.09051 2.16045 2.21191 2.33888 2.51217 2.61531 2.85053 3.13454 3.53081 4.17144 5.47208 13.0525 
9.26907 3.9429 3.13008 2.71599 2.42085 2.23641 2.12615 2.05019 2.04796 1.93347 1.89894 1.93815 1.88558 1.88447 1.91721 1.98559 1.99718 2.00854 2.0317 2.12058 2.19275 2.31393 2.46005 2.61353 2.79061 3.11048 3.47802 4.10729 5.34867 12.8026 
8.99309 3.87763 3.03118 2.61553 2.42619 2.24666 2.08338 2.0346 1.96933 1.87845 1.86976 1.83902 1.9034 1.90206 1.87979 1.94171 1.91699 1.97357 2.02613 2.07469 2.16713 2.21814 2.40125 2.53445 2.76789 3.03876 3.41543 4.07855 5.15867 12.5208 
8.86278 3.78029 2.9325 2.58568 2.32662 2.18117 2.01878 1.96644 1.92634 1.89894 1.83435 1.82321 1.79247 1.81519 1.85283 1.85283 1.87244 1.96933 1.9798 2.03148 2.10187 2.2353 2.32863 2.50661 2.69706 2.96213 3.32276 3.98789 5.1825 12.1902 
8.6652 3.70767 2.89553 2.57967 2.29366 2.12548 2.0346 1.94327 1.85751 1.82544 1.77599 1.7575 1.73634 1.80628 1.79982 1.80873 1.87956 1.84704 1.9847 1.99896 2.07514 2.20099 2.26359 2.40904 2.64894 2.8434 3.21094 3.83085 4.90518 11.9436 
8.395 3.58538 2.85387 2.4556 2.23953 2.03259 1.99384 1.90429 1.83011 1.80405 1.79024 1.76284 1.7722 1.77042 1.75148 1.77443 1.84392 1.84147 1.90719 1.97668 2.02391 2.09474 2.22282 2.36961 2.55739 2.79863 3.12964 3.77093 4.91498 11.718 
8.24732 3.52814 2.75943 2.40191 2.19943 2.04306 1.90719 1.83546 1.77153 1.73634 1.71852 1.72587 1.71651 1.73478 1.68733 1.72275 1.82076 1.83212 1.85796 1.88424 1.94149 2.08449 2.19698 2.26826 2.48812 2.7474 3.09778 3.63261 4.66684 11.4453 
8.0366 3.41008 2.70508 2.33553 2.1678 1.96621 1.85863 1.84593 1.7301 1.69713 1.66461 1.65837 1.67152 1.66751 1.65481 1.72743 1.71696 1.76574 1.81987 1.86219 1.90919 2.00341 2.15332 2.23841 2.40681 2.68146 3.03697 3.57581 4.60625 11.2789 
7.86196 3.34192 2.70686 2.27472 2.05353 1.98426 1.84637 1.74436 1.71094 1.66439 1.65681 1.62429 1.60425 1.6018 1.65815 1.66194 1.66728 1.69535 1.73856 1.85172 1.8789 1.96599 2.05108 2.1727 2.3959 2.64226 2.94119 3.49651 4.47794 10.9537 
7.72943 3.29002 2.60372 2.26314 2.02547 1.9112 1.81073 1.74235 1.6655 1.64813 1.62273 1.61828 1.6332 1.59556 1.59244 1.58464 1.64946 1.64746 1.71005 1.78623 1.82744 1.92345 2.04663 2.156 2.35558 2.56875 2.90288 3.41053 4.4178 10.6675 
7.51937 3.25415 2.53044 2.1825 2.00609 1.84949 1.76307 1.71651 1.6381 1.60425 1.58442 1.57885 1.52561 1.51715 1.59311 1.59199 1.6263 1.6058 1.70136 1.72163 1.76975 1.87132 1.98403 2.14531 2.2402 2.5271 2.79418 3.29002 4.34006 10.3766 
7.39753 3.16884 2.51195 2.12147 1.95931 1.80249 1.72052 1.63565 1.57284 1.53831 1.56593 1.53029 1.51091 1.50468 1.53363 1.52628 1.55012 1.61449 1.65615 1.6733 1.76351 1.83657 1.92345 2.08739 2.20344 2.43154 2.79083 3.3094 4.18859 10.2683 
7.24294 3.07729 2.40147 2.06267 1.88959 1.75148 1.67775 1.59266 1.57774 1.49554 1.51492 1.48908 1.47995 1.47995 1.50891 1.51826 1.5597 1.56794 1.60625 1.6655 1.71852 1.78044 1.86197 1.99673 2.22772 2.38699 2.71064 3.15614 4.17099 9.91616 
7.02442 2.9824 2.36182 2.04952 1.87823 1.72676 1.63365 1.57061 1.49354 1.52517 1.49688 1.4383 1.42493 1.45812 1.47706 1.49265 1.47683 1.52539 1.58643 1.63677 1.6439 1.76529 1.85061 1.97401 2.10944 2.32306 2.60573 3.03185 4.00972 9.68539 
6.81036 2.94832 2.28542 2.00185 1.81341 1.6851 1.58888 1.54767 1.46592 1.49488 1.43406 1.45857 1.43251 1.4011 1.46079 1.45077 1.46414 1.46881 1.50044 1.58732 1.61494 1.75772 1.8221 1.93948 2.07358 2.28697 2.54893 3.00044 3.96918 9.44505 
6.73863 2.86813 2.2794 1.93258 1.75349 1.6684 1.5617 1.54076 1.48485 1.44743 1.41602 1.40622 1.40266 1.3815 1.41224 1.41179 1.44186 1.48507 1.50913 1.56482 1.61694 1.6753 1.76552 1.88402 2.01388 2.23552 2.51217 3.01002 3.83175 9.27353 
6.57113 2.85298 2.25891 1.91387 1.73054 1.60848 1.5069 1.49354 1.45433 1.4011 1.37526 1.33516 1.3492 1.37259 1.37147 1.38105 1.37437 1.43607 1.48262 1.51136 1.61427 1.63476 1.70983 1.78623 1.96265 2.20433 2.46607 2.89196 3.70856 9.08196 
6.46153 2.76767 2.15288 1.86642 1.67218 1.58553 1.52495 1.42627 1.41602 1.36434 1.3463 1.35588 1.31088 1.3864 1.31111 1.36457 1.36546 1.4276 1.42961 1.47861 1.55413 1.6263 1.7321 1.80027 1.93325 2.15867 2.40525 2.80531 3.70834 8.91245 
6.3281 2.70307 2.08204 1.80873 1.65548 1.55079 1.49822 1.39531 1.3864 1.33405 1.32135 1.30242 1.27435 1.32113 1.29707 1.32002 1.32202 1.36323 1.39798 1.43674 1.49087 1.54589 1.63454 1.77487 1.87244 2.06422 2.36427 2.79373 3.6257 8.61174 
6.12162 2.62043 2.08917 1.74525 1.64189 1.50289 1.42827 1.39219 1.32603 1.29017 1.28104 1.28772 1.26656 1.24785 1.29128 1.29351 1.29574 1.32959 1.40355 1.41313 1.46324 1.52183 1.61806 1.73567 1.86397 2.07625 2.30791 2.66565 3.57068 8.46405 
6.03452 2.58279 2.03014 1.73233 1.58977 1.48507 1.39241 1.33873 1.28727 1.26255 1.25119 1.25876 1.22067 1.21733 1.24829 1.27101 1.31088 1.28549 1.3394 1.38506 1.43117 1.50267 1.57417 1.69513 1.82388 1.9631 2.25958 2.64182 3.43815 8.22571 
5.79796 2.51908 1.94349 1.68622 1.54321 1.42426 1.36457 1.35031 1.26522 1.26054 1.21956 1.21844 1.20909 1.18926 1.23871 1.21777 1.2425 1.2552 1.2875 1.34251 1.4207 1.45055 1.53631 1.60514 1.73968 1.92523 2.20188 2.55517 3.37221 8.06823 
5.76098 2.43755 1.88825 1.65347 1.50512 1.41001 1.32358 1.28215 1.2425 1.1975 1.20196 1.17679 1.19104 1.18191 1.16855 1.19817 1.21221 1.22824 1.2621 1.34831 1.38439 1.42493 1.50178 1.57573 1.71339 1.92367 2.18807 2.54002 3.26685 7.77152 
5.58256 2.42998 1.86442 1.67731 1.49398 1.37414 1.30242 1.25431 1.21644 1.18748 1.17701 1.1955 1.17367 1.16231 1.16699 1.2278 1.20775 1.23203 1.22267 1.2817 1.36947 1.38751 1.46837 1.54433 1.72498 1.87199 2.15177 2.49703 3.22943 7.72764 
5.4772 2.31103 1.82544 1.56415 1.44587 1.33071 1.28504 1.22802 1.19349 1.1661 1.12845 1.12221 1.10217 1.11375 1.13714 1.15318 1.15652 1.18592 1.21154 1.25208 1.31512 1.33205 1.41869 1.53943 1.63454 1.79603 2.00921 2.38276 3.11805 7.49643 
5.33798 2.29767 1.77977 1.55457 1.40823 1.32625 1.23337 1.1926 1.14917 1.10751 1.09548 1.08101 1.11976 1.10217 1.13625 1.12578 1.11642 1.17055 1.20218 1.25186 1.27547 1.33962 1.4285 1.50846 1.58954 1.75237 1.99005 2.34779 3.01047 7.28103 
5.19743 2.20545 1.74079 1.50958 1.38551 1.29017 1.18949 1.14516 1.09727 1.10373 1.09682 1.06051 1.08257 1.07321 1.05338 1.06608 1.15719 1.15652 1.18904 1.19439 1.23894 1.31734 1.37704 1.50067 1.56215 1.71428 1.94505 2.31571 2.96413 7.08635 
5.08338 2.18518 1.70604 1.48641 1.33338 1.24295 1.16342 1.12355 1.11709 1.05249 1.07655 1.03356 1.02977 1.07922 1.07544 1.05739 1.07655 1.07878 1.16721 1.16565 1.22112 1.24762 1.34073 1.40021 1.50779 1.65526 1.90139 2.22305 2.93629 7.08479 
4.97512 2.13573 1.65281 1.48708 1.30532 1.20508 1.15474 1.09771 1.07477 1.05093 1.03044 1.0193 1.00728 1.0202 1.04603 1.04648 1.04826 1.079 1.13046 1.14026 1.16676 1.26856 1.3287 1.37526 1.49599 1.65281 1.87556 2.19743 2.8463 6.78207 
4.79269 2.07269 1.59133 1.41892 1.27502 1.20263 1.14872 1.07633 1.04848 1.01017 1.00505 1.01195 0.999034 0.987896 0.978764 1.01975 1.01507 1.02821 1.06898 1.09103 1.15964 1.1906 1.26054 1.38305 1.44899 1.60335 1.7898 2.11167 2.78215 6.69475 
4.66817 1.98069 1.58709 1.36724 1.218 1.16632 1.09838 1.05628 0.994133 1.00015 0.996361 0.967849 0.958716 0.968294 0.98255 0.983441 0.998143 1.00349 1.05472 1.05494 1.10707 1.16476 1.21688 1.312 1.4579 1.52406 1.77109 2.07202 2.73314 6.50118 
4.62674 1.97869 1.53831 1.34096 1.2102 1.16053 1.06051 1.05962 1.02576 0.967181 0.953147 0.985892 0.979655 0.966735 0.952702 0.967181 1.01975 1.00148 1.04915 1.0663 1.07232 1.16431 1.19238 1.29551 1.37682 1.50445 1.71941 2.04485 2.62065 6.33701 
4.502 1.88825 1.48686 1.32737 1.20196 1.14093 1.03935 1.02064 0.978541 0.941787 0.937109 0.927977 0.927531 0.924858 0.942455 0.961389 0.962503 0.977427 1.01997 1.00572 1.04893 1.12801 1.17233 1.28282 1.35454 1.48196 1.66617 1.94438 2.55205 6.20604 
4.45522 1.8858 1.49755 1.28928 1.14538 1.04069 1.02821 1.00104 0.942901 0.934659 0.908375 0.900133 0.888104 0.920849 0.907261 0.920403 0.978764 0.95092 0.969631 0.999479 1.07388 1.10684 1.16008 1.22936 1.33427 1.42894 1.641 1.96532 2.50817 6.04321 
174.892 74.7714 58.9976 50.9311 46.154 42.9894 40.7891 39.2196 38.0205 37.0747 36.5459 36.0984 36.032 36.0456 36.4234 36.6905 37.1202 37.9435 39.0338 40.1848 41.6467 43.4233 45.7582 48.6194 52.4418 57.3461 64.9967 76.4832 99.4933 238.392 
