Infinite flatland isotropic point source isotropic scattering exponential random flight, mu_t = 3
Analogmu_t c: 0.7 maxr: 8.33333 dr: 0.0666667 du: 0.0666667 numsamples: 7824607 numCollisionOrders: 50 numMoments: 5
CollisionDensity:
3.42021 3.70817 3.70329 3.5714 3.38309 3.15957 2.92599 2.69097 2.46094 2.23373 2.02693 1.82648 1.64803 1.48142 1.32543 1.1866 1.05634 0.943876 0.841911 0.748496 0.66357 0.590075 0.521365 0.461747 0.409199 0.362134 0.320661 0.283855 0.248827 0.219346 0.192044 0.169812 0.150057 0.13226 0.115643 0.103247 0.0903055 0.0794149 0.0693504 0.0613756 0.0533107 0.0471321 0.0417471 0.0356874 0.0317748 0.0273349 0.0242504 0.0213538 0.0186086 0.0163369 0.0143509 0.0124971 0.0109482 0.0096024 0.00839084 0.00728663 0.00629361 0.00571275 0.00511463 0.00427306 0.00381297 0.00320911 0.00283529 0.00260333 0.00220458 0.00201288 0.0016103 0.00135917 0.00127291 0.00101794 0.000920174 0.000901004 0.000797484 0.000699716 0.000590445 0.000448585 0.000444751 0.00040641 0.000323978 0.000281803 0.000276052 0.000195537 0.00017445 0.000178284 0.000176367 0.000132275 0.000128441 0.000107354 9.39344e-05 6.13449e-05 6.5179e-05 9.77685e-05 5.55938e-05 5.17598e-05 4.40917e-05 3.83406e-05 3.83406e-05 4.40917e-05 2.87554e-05 2.68384e-05 1.72533e-05 1.53362e-05 5.75109e-06 7.66812e-06 5.75109e-06 0 5.75109e-06 3.83406e-06 5.75109e-06 1.91703e-06 3.83406e-06 3.83406e-06 9.58515e-06 1.91703e-06 0 0 5.75109e-06 0 1.91703e-06 0 1.91703e-06 0 3.83406e-06 3.83406e-06 1.91703e-06 
Density Moments:
3.3346 2.15728 2.46891 4.00925 8.41212 
Per-collision Density Moments:
0 0 0 0 0 
1 0.333216 0.222099 0.222106 0.296112 
0.700292 0.366602 0.311094 0.366431 0.552853 
0.490143 0.326598 0.326374 0.434807 0.723912 
0.342986 0.269296 0.304555 0.448118 0.810776 
0.240218 0.213548 0.266878 0.42669 0.828426 
0.168139 0.165001 0.223865 0.384117 0.794048 
0.117763 0.125665 0.183218 0.334841 0.73214 
0.0824122 0.0943922 0.146457 0.282904 0.650028 
0.057665 0.0703189 0.115365 0.234343 0.563618 
0.0404273 0.0520749 0.0897462 0.19059 0.477236 
0.0283384 0.0383612 0.0691779 0.153257 0.399335 
0.0198908 0.0281237 0.052818 0.121611 0.32904 
0.0138956 0.0204836 0.0400091 0.0955977 0.267982 
0.00972701 0.0148927 0.0301055 0.0742747 0.214734 
0.00680609 0.0108014 0.0225947 0.0575812 0.171587 
0.00474503 0.00779246 0.0168336 0.0441896 0.135351 
0.00331595 0.00561431 0.0124795 0.0337242 0.106518 
0.00232855 0.00405691 0.00927045 0.0257424 0.0835101 
0.00163625 0.00293428 0.00686607 0.0194233 0.0638712 
0.00114983 0.00210951 0.00507165 0.0148051 0.0505787 
0.000805919 0.00150818 0.00370557 0.0110606 0.0385056 
0.00056399 0.00107945 0.0026956 0.00811375 0.0282385 
0.000394652 0.000785559 0.00203289 0.00634484 0.0229347 
0.000280781 0.000569264 0.00150579 0.00483594 0.0180901 
0.000200649 0.000413282 0.0011055 0.00356485 0.013263 
0.000144033 0.000301278 0.000816231 0.00264243 0.00976864 
0.00010173 0.000219275 0.000612428 0.00202625 0.00758228 
7.01633e-05 0.00015133 0.000426511 0.00143289 0.00548303 
4.77979e-05 0.000101353 0.000280909 0.000921681 0.00340799 
3.39953e-05 7.50877e-05 0.000218105 0.000754981 0.00296232 
2.3899e-05 5.5508e-05 0.00016818 0.000602647 0.00243384 
1.72533e-05 4.00537e-05 0.000124008 0.000458345 0.0019141 
1.2269e-05 2.93533e-05 9.31406e-05 0.000353242 0.00152641 
8.30713e-06 2.08428e-05 6.61582e-05 0.000241838 0.000974636 
6.5179e-06 1.67054e-05 5.58636e-05 0.00021982 0.000967257 
4.47307e-06 1.17173e-05 4.0472e-05 0.000165112 0.00075378 
3.19505e-06 8.16576e-06 2.88284e-05 0.000118703 0.000538067 
2.04483e-06 5.06422e-06 1.82961e-05 7.79305e-05 0.000369472 
1.40582e-06 4.01385e-06 1.49185e-05 6.43945e-05 0.000311186 
1.27802e-06 3.65048e-06 1.34745e-05 5.91823e-05 0.000291757 
8.94614e-07 2.43437e-06 8.06362e-06 2.90701e-05 0.000110263 
3.83406e-07 8.50491e-07 2.76597e-06 1.04758e-05 4.21653e-05 
0 0 0 0 0 
0 0 0 0 0 
0 0 0 0 0 
0 0 0 0 0 
0 0 0 0 0 
0 0 0 0 0 
0 0 0 0 0 
Per-collision Densities:
0 0 0 0 0 0 0 0 0 0 0 0 0 0 1.91703e-06 0 0 0 0 0 0 0 0 0 0 0 0 0 0 0 0 0 0 0 0 0 0 0 1.91703e-06 0 0 0 0 0 0 0 0 0 0 0 0 0 0 0 0 0 0 0 0 1.91703e-06 0 0 0 0 0 0 0 0 1.91703e-06 0 0 0 0 0 0 0 0 0 0 0 0 0 0 0 0 0 0 0 0 0 0 0 0 1.91703e-06 0 0 0 0 0 0 0 0 0 0 0 0 0 0 0 0 0 0 0 0 0 0 0 0 0 0 0 0 0 0 0 
2.71651 2.22918 1.82535 1.49206 1.22311 0.999602 0.817312 0.669856 0.549996 0.447567 0.367052 0.301186 0.246881 0.20222 0.165967 0.136435 0.111027 0.090248 0.0742331 0.0604382 0.0490625 0.0410685 0.0333582 0.0270915 0.0219692 0.0183575 0.0149413 0.0122939 0.00976151 0.00836975 0.00664634 0.00561498 0.00448777 0.00371329 0.00314009 0.00252664 0.00208381 0.00166206 0.00140135 0.00115213 0.000981519 0.000749558 0.000642205 0.000452419 0.000373821 0.00031631 0.000295222 0.000254965 0.000207039 0.000162947 0.000139943 0.00012269 6.13449e-05 5.17598e-05 5.55938e-05 5.55938e-05 2.10873e-05 3.64236e-05 1.91703e-05 1.15022e-05 1.72533e-05 1.91703e-06 9.58515e-06 7.66812e-06 5.75109e-06 7.66812e-06 5.75109e-06 0 0 0 1.91703e-06 1.91703e-06 0 0 3.83406e-06 1.91703e-06 0 0 0 0 1.91703e-06 0 0 0 0 0 0 1.91703e-06 0 0 0 0 0 0 0 0 0 0 0 0 0 0 0 0 0 0 0 0 0 0 0 0 0 0 0 0 0 0 0 0 0 0 0 0 0 
0.470157 0.85524 0.968075 0.969507 0.918113 0.844009 0.760286 0.675095 0.592791 0.514789 0.444862 0.382087 0.327569 0.280124 0.237386 0.201992 0.170501 0.144069 0.121189 0.101994 0.08632 0.0724234 0.060235 0.0506268 0.042351 0.0354075 0.0299708 0.024929 0.0206828 0.0173434 0.0142991 0.0116651 0.00997047 0.00818763 0.00682462 0.00560348 0.0046948 0.00389732 0.00326087 0.002657 0.0022295 0.00187485 0.00157772 0.00130166 0.0010697 0.000872248 0.000805152 0.000605781 0.000435166 0.000435166 0.000350816 0.000279886 0.000233878 0.000201288 0.000176367 0.000132275 0.00012269 7.28471e-05 7.85982e-05 5.36768e-05 4.79257e-05 3.64236e-05 3.45065e-05 2.87554e-05 3.06725e-05 1.72533e-05 1.91703e-05 1.15022e-05 1.34192e-05 7.66812e-06 3.83406e-06 3.83406e-06 3.83406e-06 7.66812e-06 1.91703e-06 0 0 5.75109e-06 1.91703e-06 0 1.91703e-06 0 0 1.91703e-06 0 0 0 0 0 0 0 0 0 0 0 0 0 0 0 0 0 0 0 0 0 0 0 0 0 0 0 0 0 0 0 0 0 0 0 0 0 0 0 0 0 
0.129323 0.323125 0.444737 0.508758 0.53622 0.538392 0.521792 0.492126 0.456523 0.418903 0.377762 0.337635 0.302287 0.266523 0.234633 0.205843 0.179311 0.156531 0.134361 0.116371 0.0995187 0.0855014 0.0731174 0.0629073 0.053487 0.0455735 0.0394793 0.0334598 0.0277337 0.0235871 0.0197627 0.016935 0.0142895 0.0119623 0.00990337 0.0087129 0.00729813 0.00607315 0.00499578 0.00431523 0.00359251 0.00295989 0.00270685 0.00215282 0.00179626 0.00152979 0.00125565 0.00109654 0.000893336 0.000732305 0.000663292 0.000527183 0.000460087 0.000348899 0.000268384 0.000260716 0.000220458 0.000143777 0.000151445 0.00010352 8.24323e-05 6.5179e-05 5.36768e-05 4.40917e-05 4.21746e-05 3.06725e-05 1.91703e-05 3.06725e-05 2.30044e-05 1.72533e-05 7.66812e-06 1.91703e-05 1.15022e-05 9.58515e-06 9.58515e-06 0 1.34192e-05 7.66812e-06 5.75109e-06 3.83406e-06 5.75109e-06 0 0 0 1.91703e-06 1.91703e-06 1.91703e-06 0 0 0 0 0 0 0 0 0 0 0 0 0 0 0 0 0 0 0 0 0 0 0 0 0 0 0 0 0 0 0 0 0 0 0 0 0 0 
0.0501725 0.140829 0.21122 0.263361 0.298067 0.316651 0.324124 0.320987 0.31205 0.295598 0.279173 0.259138 0.23766 0.217092 0.196662 0.176263 0.157674 0.139201 0.124388 0.109286 0.0967659 0.084518 0.0737098 0.0641323 0.0557894 0.0481443 0.0421325 0.0361705 0.0311958 0.0267445 0.0227686 0.0194713 0.0170021 0.014372 0.0122632 0.0105705 0.0091634 0.00778697 0.00669618 0.00565524 0.00448201 0.00392991 0.00340656 0.00275285 0.00247488 0.00203972 0.00161414 0.00155854 0.00129399 0.00109079 0.000870331 0.000755309 0.000644122 0.000519515 0.000439 0.000392991 0.000306725 0.000233878 0.000231961 0.000208956 0.00014186 0.000128441 8.24323e-05 8.43493e-05 8.62663e-05 6.7096e-05 4.79257e-05 2.87554e-05 3.45065e-05 3.25895e-05 1.91703e-05 2.49214e-05 1.91703e-05 1.53362e-05 3.83406e-06 1.53362e-05 7.66812e-06 1.91703e-06 9.58515e-06 7.66812e-06 7.66812e-06 1.91703e-06 3.83406e-06 3.83406e-06 3.83406e-06 0 5.75109e-06 1.91703e-06 0 0 0 1.91703e-06 0 1.91703e-06 0 0 0 0 0 0 0 0 0 0 0 0 0 0 0 0 0 0 0 0 0 0 0 0 0 0 0 0 0 0 0 
0.0238574 0.0697837 0.108849 0.14158 0.166914 0.183122 0.194657 0.200876 0.200788 0.19806 0.191946 0.182488 0.173121 0.161997 0.149586 0.137441 0.125169 0.114579 0.103263 0.0931369 0.0834119 0.0747565 0.066034 0.0585096 0.0518135 0.0454815 0.0400717 0.0348938 0.0308661 0.0267272 0.0232056 0.020125 0.0173069 0.0152059 0.01317 0.0117073 0.00993405 0.00857679 0.00738056 0.00636454 0.00532934 0.0047389 0.00386665 0.00331263 0.00302124 0.00243079 0.00212407 0.0017675 0.00146653 0.00127866 0.00107545 0.000952764 0.000776397 0.000709301 0.000565524 0.000471589 0.000375738 0.000383406 0.000360401 0.000239629 0.00021279 0.000172533 0.00016103 0.000124607 9.20174e-05 8.81833e-05 6.5179e-05 3.83406e-05 5.94279e-05 2.49214e-05 2.68384e-05 3.06725e-05 2.68384e-05 2.68384e-05 1.53362e-05 9.58515e-06 9.58515e-06 1.91703e-05 1.53362e-05 3.83406e-06 3.83406e-06 3.83406e-06 5.75109e-06 5.75109e-06 1.91703e-06 0 3.83406e-06 3.83406e-06 1.91703e-06 1.91703e-06 0 0 0 3.83406e-06 0 1.91703e-06 0 1.91703e-06 0 0 0 0 0 0 0 0 0 0 0 0 0 0 0 0 0 0 0 0 0 0 0 0 0 0 0 
0.0123802 0.0372076 0.0592784 0.0792404 0.0954968 0.107963 0.117056 0.123574 0.127603 0.127895 0.127897 0.124747 0.120073 0.114855 0.108015 0.101434 0.0939133 0.0867398 0.0803408 0.0741277 0.0672628 0.0605264 0.054967 0.0492427 0.0444233 0.0396403 0.0351315 0.0314009 0.0276608 0.0244306 0.0211467 0.0189709 0.0166973 0.0149068 0.0127789 0.0113891 0.00973276 0.0086113 0.00741699 0.00630319 0.00555555 0.00484817 0.00427689 0.00346982 0.00305574 0.00269151 0.00230619 0.00184035 0.00165631 0.00144544 0.00127099 0.00104286 0.000927842 0.000716969 0.000653707 0.00054827 0.00040641 0.000439 0.000398742 0.000333563 0.000247297 0.000210873 0.000201288 0.000182118 0.000126524 0.000116939 9.58515e-05 8.24323e-05 7.28471e-05 4.98428e-05 4.60087e-05 4.79257e-05 3.64236e-05 2.87554e-05 2.30044e-05 2.10873e-05 2.10873e-05 1.15022e-05 2.10873e-05 5.75109e-06 1.34192e-05 7.66812e-06 5.75109e-06 1.91703e-06 5.75109e-06 5.75109e-06 3.83406e-06 1.91703e-06 9.58515e-06 1.91703e-06 1.91703e-06 3.83406e-06 1.91703e-06 1.91703e-06 0 0 0 0 3.83406e-06 0 0 0 0 0 0 0 0 0 0 0 0 0 0 0 0 0 0 0 0 0 0 0 0 0 0 
0.00689747 0.0211122 0.0335231 0.0454681 0.0560884 0.0643182 0.0716298 0.0764128 0.0803274 0.0820738 0.0834061 0.082461 0.0813568 0.078418 0.0754849 0.0717218 0.0677306 0.0644141 0.06035 0.0562418 0.0514818 0.0474311 0.0428437 0.0396288 0.0360037 0.0326566 0.0291005 0.0265451 0.0236715 0.021026 0.018992 0.0168085 0.0147554 0.0131374 0.0118147 0.0104133 0.00892377 0.00799018 0.00684955 0.00629936 0.00541177 0.00481749 0.00414462 0.0036021 0.00304808 0.00270301 0.00231385 0.00200138 0.00170616 0.00148953 0.00137068 0.00114255 0.00104861 0.000807069 0.000718886 0.000603864 0.00045817 0.000481174 0.000396825 0.000308642 0.000293305 0.000237712 0.000214707 0.000185952 0.000176367 0.000151445 0.000143777 7.47641e-05 9.77685e-05 6.5179e-05 5.75109e-05 5.36768e-05 4.21746e-05 5.55938e-05 3.64236e-05 1.91703e-05 3.06725e-05 1.34192e-05 1.72533e-05 2.10873e-05 1.15022e-05 7.66812e-06 1.91703e-06 7.66812e-06 7.66812e-06 3.83406e-06 3.83406e-06 3.83406e-06 7.66812e-06 3.83406e-06 1.91703e-06 7.66812e-06 3.83406e-06 1.91703e-06 0 0 0 0 0 0 0 0 0 0 0 0 0 0 1.91703e-06 0 0 0 0 0 0 0 0 0 0 0 0 0 0 0 0 
0.00412928 0.0122249 0.0198662 0.0268825 0.0337205 0.0392301 0.0438099 0.0483187 0.0507495 0.052471 0.0538129 0.0538839 0.0538666 0.0532167 0.0515489 0.0501667 0.0472337 0.0461237 0.0437792 0.040687 0.0380415 0.0357737 0.0330151 0.0302661 0.0277567 0.0257553 0.0229852 0.0215244 0.0194253 0.0173184 0.0156794 0.0140442 0.0126927 0.011253 0.0100069 0.00901387 0.00797676 0.00718503 0.0062706 0.00550187 0.00476382 0.00439383 0.00384173 0.0032647 0.00287554 0.00250364 0.00225443 0.00208956 0.00171766 0.00158155 0.00129783 0.00114255 0.000975768 0.000893336 0.000764895 0.000617283 0.000488842 0.000456253 0.000400659 0.000350816 0.000337397 0.000274135 0.000243463 0.000237712 0.00016103 0.000153362 0.000138026 0.000136109 8.05152e-05 8.43493e-05 6.3262e-05 5.17598e-05 4.98428e-05 3.45065e-05 4.79257e-05 3.45065e-05 3.64236e-05 1.72533e-05 1.53362e-05 7.66812e-06 1.72533e-05 1.53362e-05 1.15022e-05 3.83406e-06 1.15022e-05 5.75109e-06 1.91703e-06 3.83406e-06 1.91703e-06 1.91703e-06 3.83406e-06 9.58515e-06 1.91703e-06 0 0 1.91703e-06 0 0 0 1.91703e-06 0 0 0 0 0 0 0 0 0 1.91703e-06 0 0 0 0 0 0 0 0 0 0 0 0 0 0 0 
0.00251323 0.00722912 0.0122441 0.0163599 0.0201173 0.0239054 0.0274058 0.0305574 0.0319454 0.0339755 0.03498 0.0353404 0.0351046 0.0355494 0.0346656 0.034449 0.032925 0.0319166 0.0312782 0.0292903 0.0276666 0.0263419 0.0241929 0.0226037 0.0209148 0.0193352 0.0177785 0.0167529 0.0148972 0.014002 0.0127233 0.0113891 0.0102714 0.00940686 0.00831032 0.00761252 0.00667318 0.00630511 0.00539452 0.00473315 0.0042213 0.00372862 0.00343915 0.0029158 0.00269726 0.00237328 0.00202822 0.00187102 0.00162372 0.00138793 0.00126524 0.00107929 0.000933593 0.000847327 0.000747641 0.000642205 0.00056169 0.000454336 0.000383406 0.000362319 0.000358484 0.000277969 0.000224292 0.000210873 0.000139943 0.000176367 0.000126524 0.000128441 9.58515e-05 7.85982e-05 7.47641e-05 7.28471e-05 5.55938e-05 5.55938e-05 4.02576e-05 3.45065e-05 3.25895e-05 3.06725e-05 1.91703e-05 1.91703e-05 1.34192e-05 7.66812e-06 9.58515e-06 7.66812e-06 1.34192e-05 5.75109e-06 1.34192e-05 5.75109e-06 7.66812e-06 1.91703e-06 1.91703e-06 0 0 1.91703e-06 1.91703e-06 1.91703e-06 0 3.83406e-06 3.83406e-06 0 0 0 0 0 0 0 0 0 0 0 0 0 0 0 0 0 0 0 0 0 0 0 0 0 0 
0.0015202 0.0045146 0.00741507 0.0102446 0.0127272 0.0151829 0.0169657 0.0187965 0.0205927 0.0220458 0.0225634 0.023127 0.0236101 0.0237692 0.0235526 0.0231213 0.0228357 0.0220938 0.0215206 0.0208151 0.0196457 0.0186316 0.0176405 0.0168047 0.0153477 0.0145541 0.013517 0.0125163 0.0115942 0.0107756 0.00965416 0.00900812 0.00827582 0.00745533 0.00670385 0.00633003 0.00557664 0.00484433 0.00450502 0.0041427 0.00358676 0.0032532 0.0029273 0.00264742 0.00232344 0.00196304 0.0018346 0.00153937 0.00145119 0.00122498 0.00111188 0.000989187 0.000853078 0.000787899 0.000638371 0.000586611 0.000571275 0.000536768 0.000383406 0.000396825 0.000331646 0.000270301 0.000199371 0.000208956 0.000166782 0.00017445 0.000111188 0.00010352 9.39344e-05 7.66812e-05 8.43493e-05 5.75109e-05 4.60087e-05 4.79257e-05 4.60087e-05 1.91703e-05 3.83406e-05 2.87554e-05 1.91703e-05 2.68384e-05 1.34192e-05 1.34192e-05 1.53362e-05 7.66812e-06 7.66812e-06 9.58515e-06 9.58515e-06 7.66812e-06 9.58515e-06 3.83406e-06 1.91703e-06 5.75109e-06 0 1.91703e-06 0 1.91703e-06 1.91703e-06 0 0 0 1.91703e-06 0 0 0 0 0 0 0 0 0 0 0 0 0 0 0 0 0 0 0 0 0 0 1.91703e-06 0 
0.000973851 0.00269726 0.00459895 0.00633003 0.00794417 0.00992254 0.0107775 0.0120409 0.0129495 0.014025 0.0149202 0.0153382 0.015595 0.0158864 0.0160973 0.0154263 0.0155874 0.0153305 0.0149567 0.0142033 0.0137949 0.0131508 0.012731 0.0119546 0.0113948 0.0107756 0.0100797 0.00926884 0.00880492 0.00809945 0.00722145 0.00676136 0.00635303 0.00599263 0.00516256 0.00490568 0.00461237 0.00393949 0.00357526 0.00329537 0.00300974 0.00262633 0.00250747 0.00212599 0.00197646 0.00175025 0.0015643 0.00145694 0.00126907 0.00105245 0.000885667 0.000901004 0.000739973 0.000646039 0.000588528 0.000565524 0.000508013 0.000404493 0.000448585 0.000333563 0.000291388 0.000247297 0.000237712 0.000207039 0.000162947 0.000113105 0.000132275 0.00010352 9.77685e-05 6.3262e-05 8.81833e-05 5.75109e-05 7.66812e-05 4.40917e-05 3.83406e-05 3.45065e-05 4.02576e-05 3.25895e-05 1.15022e-05 2.30044e-05 1.91703e-05 1.53362e-05 1.53362e-05 1.72533e-05 5.75109e-06 9.58515e-06 3.83406e-06 1.34192e-05 9.58515e-06 5.75109e-06 1.91703e-06 3.83406e-06 3.83406e-06 3.83406e-06 3.83406e-06 0 0 1.91703e-06 0 1.91703e-06 1.91703e-06 0 0 0 0 0 0 0 0 0 0 0 0 0 0 0 0 0 0 0 0 0 0 0 0 
0.000628786 0.00175216 0.00293881 0.0040641 0.00510888 0.0060904 0.00714477 0.00760869 0.00858637 0.00894294 0.00998964 0.010051 0.0105168 0.0106453 0.0105187 0.0106146 0.0104996 0.0104363 0.0105245 0.00990337 0.00948738 0.00929376 0.00881642 0.00831799 0.00837933 0.00787899 0.00722145 0.00694731 0.0063377 0.00593129 0.00557089 0.00519898 0.00485967 0.00447243 0.00413695 0.00378613 0.00343148 0.00319185 0.00285829 0.00266084 0.00244996 0.00211257 0.00202438 0.00169465 0.00159497 0.00133425 0.00132083 0.0011598 0.00104478 0.000966183 0.000816654 0.000745724 0.000628786 0.000638371 0.000469672 0.000481174 0.000429415 0.000348899 0.000323978 0.000291388 0.000258799 0.000216624 0.000208956 0.00017445 0.000168699 0.00014186 0.00012269 9.58515e-05 9.01004e-05 9.01004e-05 6.13449e-05 8.05152e-05 5.17598e-05 4.98428e-05 3.45065e-05 3.06725e-05 2.10873e-05 3.45065e-05 1.72533e-05 2.10873e-05 2.87554e-05 1.91703e-05 1.53362e-05 9.58515e-06 1.34192e-05 1.34192e-05 7.66812e-06 1.15022e-05 5.75109e-06 5.75109e-06 5.75109e-06 9.58515e-06 5.75109e-06 0 3.83406e-06 3.83406e-06 1.91703e-06 3.83406e-06 1.91703e-06 3.83406e-06 0 0 0 0 0 0 0 0 0 0 0 0 0 0 0 0 0 0 0 0 0 0 0 0 0 
0.000410244 0.00114638 0.00193812 0.00268384 0.0031746 0.00390499 0.0044245 0.00500345 0.00556897 0.00595813 0.00643163 0.00643547 0.00688405 0.00700866 0.00706425 0.0071141 0.00714477 0.00713518 0.00701633 0.00688597 0.00664826 0.00640863 0.0063607 0.00586036 0.0058987 0.00541369 0.00546162 0.0049536 0.00468714 0.0041657 0.00400467 0.00375929 0.00374588 0.00335864 0.00312667 0.00282378 0.00260908 0.00241546 0.00226209 0.00214899 0.0018691 0.0016774 0.00162181 0.00148953 0.00132275 0.00110421 0.000908672 0.000876082 0.000904838 0.000830074 0.000718886 0.000640288 0.000544436 0.000486925 0.000504179 0.000352733 0.000333563 0.000333563 0.000287554 0.000249214 0.000224292 0.000185952 0.000162947 0.000178284 0.000139943 0.00012269 9.20174e-05 8.05152e-05 8.43493e-05 7.28471e-05 6.90131e-05 7.66812e-05 4.40917e-05 5.36768e-05 4.40917e-05 3.06725e-05 4.02576e-05 3.83406e-05 2.10873e-05 1.72533e-05 9.58515e-06 1.72533e-05 1.72533e-05 1.53362e-05 5.75109e-06 1.53362e-05 1.72533e-05 5.75109e-06 7.66812e-06 5.75109e-06 3.83406e-06 3.83406e-06 0 0 5.75109e-06 3.83406e-06 1.91703e-06 3.83406e-06 3.83406e-06 3.83406e-06 1.91703e-06 3.83406e-06 0 0 0 0 0 0 0 0 0 0 0 0 0 0 0 0 0 0 0 0 0 0 0 
0.000247297 0.000755309 0.00123648 0.00168507 0.00208381 0.00249789 0.00294456 0.00322636 0.00370945 0.00383406 0.00404877 0.00432098 0.00447243 0.00471781 0.00460662 0.00475807 0.00481941 0.00489226 0.00463921 0.00477532 0.00465838 0.00453186 0.00447243 0.00421171 0.0041657 0.00391074 0.00385706 0.00362702 0.00329537 0.0031861 0.00302891 0.00271643 0.00267234 0.00248447 0.00233686 0.00213365 0.00190553 0.00185568 0.00163331 0.00153937 0.00153746 0.00138218 0.00121923 0.00106779 0.00101219 0.000912506 0.000833908 0.00070355 0.000724637 0.000575109 0.000636454 0.000465838 0.000498428 0.000394908 0.000412161 0.000333563 0.00033548 0.000274135 0.000266467 0.000184035 0.000180201 0.000164865 0.000128441 0.000109271 0.000115022 0.000116939 8.43493e-05 7.28471e-05 7.09301e-05 6.13449e-05 4.40917e-05 6.7096e-05 4.98428e-05 5.17598e-05 4.21746e-05 3.25895e-05 2.87554e-05 3.25895e-05 1.91703e-05 1.72533e-05 1.72533e-05 1.34192e-05 1.34192e-05 1.91703e-05 1.15022e-05 7.66812e-06 3.83406e-06 9.58515e-06 1.91703e-06 7.66812e-06 5.75109e-06 1.91703e-06 3.83406e-06 3.83406e-06 3.83406e-06 1.91703e-06 1.91703e-06 3.83406e-06 3.83406e-06 9.58515e-06 1.91703e-06 1.91703e-06 0 0 0 0 0 0 0 0 1.91703e-06 0 0 0 0 0 0 0 0 0 0 0 0 0 0 
0.00017445 0.000450502 0.000695882 0.00113105 0.00144544 0.00162564 0.00186144 0.00221609 0.00240204 0.00251131 0.00269726 0.00275285 0.00300782 0.00312859 0.00321102 0.00318035 0.00322444 0.00328004 0.00315735 0.0033548 0.00300974 0.00303274 0.00316693 0.00296373 0.00296373 0.00282954 0.00266467 0.00260524 0.00239629 0.00224868 0.00217199 0.00206847 0.00191511 0.00172149 0.00160839 0.00154129 0.00150678 0.00138218 0.00129975 0.00120773 0.00107545 0.00100836 0.000931676 0.000920174 0.000803235 0.000628786 0.000688213 0.000613449 0.000523349 0.000555938 0.000450502 0.000400659 0.000396825 0.000345065 0.000310559 0.000266467 0.000247297 0.000249214 0.000208956 0.00021279 0.000143777 0.000139943 0.000126524 0.000113105 0.000113105 0.000107354 7.28471e-05 6.13449e-05 6.7096e-05 4.98428e-05 4.79257e-05 4.60087e-05 4.98428e-05 2.30044e-05 4.21746e-05 2.87554e-05 1.72533e-05 1.53362e-05 3.25895e-05 2.30044e-05 1.15022e-05 5.75109e-06 9.58515e-06 7.66812e-06 1.15022e-05 9.58515e-06 1.91703e-06 3.83406e-06 9.58515e-06 3.83406e-06 1.91703e-06 3.83406e-06 3.83406e-06 5.75109e-06 5.75109e-06 0 3.83406e-06 1.91703e-06 3.83406e-06 0 3.83406e-06 0 1.91703e-06 1.91703e-06 3.83406e-06 0 0 1.91703e-06 0 0 0 0 1.91703e-06 0 0 0 0 0 0 0 0 0 0 0 0 
0.000101603 0.000323978 0.000475423 0.000693965 0.0009681 0.00101411 0.00127099 0.00139368 0.00153171 0.00170232 0.00184802 0.00187294 0.00190553 0.0020378 0.00205889 0.00214516 0.00217199 0.0022966 0.00219308 0.00220267 0.00212407 0.00199179 0.00211257 0.00203397 0.00197262 0.00193428 0.00189211 0.00175983 0.00178475 0.00153746 0.00147036 0.00156046 0.00141093 0.00129208 0.0012499 0.00117897 0.00114255 0.00101219 0.0009681 0.000925925 0.000876082 0.000766812 0.000667126 0.000669043 0.000584694 0.000519515 0.000498428 0.000494594 0.000442834 0.000364236 0.000366153 0.000291388 0.000322061 0.000272218 0.000274135 0.000216624 0.000230044 0.000201288 0.00017445 0.000134192 0.000136109 0.000113105 0.000116939 0.000120773 7.28471e-05 8.81833e-05 4.79257e-05 5.55938e-05 5.94279e-05 4.60087e-05 4.21746e-05 4.79257e-05 5.17598e-05 2.10873e-05 2.68384e-05 2.30044e-05 1.91703e-05 1.15022e-05 2.49214e-05 9.58515e-06 9.58515e-06 5.75109e-06 3.83406e-06 5.75109e-06 9.58515e-06 3.83406e-06 9.58515e-06 5.75109e-06 7.66812e-06 0 5.75109e-06 5.75109e-06 3.83406e-06 3.83406e-06 1.91703e-06 3.83406e-06 3.83406e-06 3.83406e-06 1.91703e-06 1.91703e-06 0 5.75109e-06 1.91703e-06 1.91703e-06 0 0 0 0 1.91703e-06 0 0 0 0 0 0 0 1.91703e-06 0 0 0 0 0 0 0 0 
6.3262e-05 0.00021279 0.000251131 0.000462004 0.000577026 0.000709301 0.00082624 0.00091634 0.000970017 0.00113872 0.00121923 0.00116364 0.0013956 0.0014857 0.00140327 0.00144161 0.00147611 0.00143777 0.00147611 0.00154896 0.00145694 0.00145119 0.00133809 0.0013956 0.00145694 0.00137643 0.0013285 0.00123073 0.00121923 0.00108887 0.00104095 0.00107545 0.000952764 0.000979602 0.000879916 0.000849244 0.000902921 0.00074189 0.000715052 0.000621117 0.000644122 0.000649873 0.000462004 0.000454336 0.000421746 0.000442834 0.000410244 0.000383406 0.000314393 0.000312476 0.000270301 0.000253048 0.000216624 0.000228126 0.000143777 0.000201288 0.000178284 0.000162947 0.000155279 0.000116939 0.00012269 9.20174e-05 8.81833e-05 8.05152e-05 6.90131e-05 5.75109e-05 4.79257e-05 6.13449e-05 3.06725e-05 4.40917e-05 3.83406e-05 2.30044e-05 5.36768e-05 3.64236e-05 1.72533e-05 1.53362e-05 9.58515e-06 1.91703e-05 9.58515e-06 9.58515e-06 9.58515e-06 9.58515e-06 5.75109e-06 1.15022e-05 7.66812e-06 5.75109e-06 5.75109e-06 7.66812e-06 1.91703e-06 3.83406e-06 3.83406e-06 9.58515e-06 5.75109e-06 0 5.75109e-06 1.91703e-06 1.91703e-06 1.91703e-06 0 3.83406e-06 0 0 0 0 0 0 3.83406e-06 0 1.91703e-06 0 0 1.91703e-06 0 0 0 0 1.91703e-06 0 1.91703e-06 0 0 0 0 0 0 
3.06725e-05 0.000126524 0.000168699 0.000323978 0.000431332 0.00045817 0.000565524 0.00060003 0.000644122 0.000751475 0.000782148 0.000791733 0.000876082 0.000924008 0.000956598 0.000979602 0.000991104 0.00101219 0.0010582 0.000983436 0.00101794 0.00105053 0.00102369 0.000971934 0.000996855 0.000971934 0.000902921 0.000860746 0.000787899 0.000808986 0.000762978 0.000736139 0.000747641 0.000653707 0.000621117 0.000655624 0.000628786 0.000531017 0.000552104 0.000517598 0.000456253 0.000394908 0.000364236 0.000373821 0.000345065 0.000331646 0.00029714 0.000251131 0.000249214 0.000224292 0.000239629 0.000185952 0.000166782 0.000164865 0.000178284 0.000147611 9.96855e-05 0.000124607 9.58515e-05 8.24323e-05 6.7096e-05 8.62663e-05 7.85982e-05 6.5179e-05 5.75109e-05 5.55938e-05 5.55938e-05 2.49214e-05 4.98428e-05 3.83406e-05 3.83406e-05 2.87554e-05 3.64236e-05 4.60087e-05 2.10873e-05 1.15022e-05 1.15022e-05 5.75109e-06 9.58515e-06 1.15022e-05 7.66812e-06 7.66812e-06 9.58515e-06 7.66812e-06 1.15022e-05 7.66812e-06 1.91703e-06 3.83406e-06 0 5.75109e-06 3.83406e-06 1.91703e-06 1.91703e-06 3.83406e-06 3.83406e-06 1.91703e-06 5.75109e-06 3.83406e-06 0 0 1.91703e-06 0 0 0 0 0 1.91703e-06 0 0 0 1.91703e-06 0 0 0 0 0 1.91703e-06 0 0 0 0 0 1.91703e-06 0 0 
4.40917e-05 7.47641e-05 0.00014186 0.000155279 0.000233878 0.000308642 0.000366153 0.000479257 0.000437083 0.000488842 0.000469672 0.000521432 0.000605781 0.000592362 0.00065179 0.000649873 0.00065179 0.000699716 0.000716969 0.000749558 0.000676711 0.000663292 0.000766812 0.000678628 0.000623034 0.000605781 0.000649873 0.000693965 0.000573192 0.000521432 0.000554021 0.000578943 0.000488842 0.000542519 0.000485008 0.000440917 0.00042558 0.000408327 0.000389157 0.000345065 0.000337397 0.000308642 0.000318227 0.000295222 0.000254965 0.000258799 0.000226209 0.000218541 0.00017445 0.000138026 0.000138026 0.000151445 0.000128441 0.00016103 0.000109271 0.000113105 9.39344e-05 8.62663e-05 9.20174e-05 6.7096e-05 6.3262e-05 8.62663e-05 5.36768e-05 3.06725e-05 7.09301e-05 4.98428e-05 3.83406e-05 4.60087e-05 2.30044e-05 2.49214e-05 2.49214e-05 2.49214e-05 1.34192e-05 1.91703e-05 7.66812e-06 2.30044e-05 7.66812e-06 1.72533e-05 9.58515e-06 3.83406e-06 1.53362e-05 3.83406e-06 3.83406e-06 1.34192e-05 7.66812e-06 1.91703e-06 5.75109e-06 1.91703e-06 1.91703e-06 1.91703e-06 1.91703e-06 3.83406e-06 1.91703e-06 1.91703e-06 0 1.91703e-06 5.75109e-06 1.91703e-06 1.91703e-06 0 0 0 0 0 0 0 0 1.91703e-06 0 0 0 1.91703e-06 0 0 0 0 0 0 0 0 0 0 0 1.91703e-06 0 
2.68384e-05 4.98428e-05 9.77685e-05 0.000118856 0.000166782 0.000220458 0.000268384 0.000304808 0.000277969 0.000343148 0.000320144 0.000398742 0.00036807 0.000391074 0.000435166 0.000486925 0.000467755 0.000433249 0.000465838 0.00045817 0.000473506 0.000500345 0.000454336 0.000440917 0.000469672 0.000492677 0.00047734 0.000419829 0.000417912 0.000417912 0.000396825 0.000373821 0.000352733 0.000331646 0.000323978 0.000343148 0.000306725 0.000312476 0.000276052 0.000260716 0.000224292 0.000231961 0.000228126 0.00017445 0.000210873 0.000172533 0.000178284 0.000113105 0.000172533 0.000151445 0.000126524 0.000107354 9.20174e-05 0.000107354 9.39344e-05 6.90131e-05 7.47641e-05 6.13449e-05 5.75109e-05 5.36768e-05 6.90131e-05 4.02576e-05 4.60087e-05 4.60087e-05 6.13449e-05 2.49214e-05 2.87554e-05 2.49214e-05 2.49214e-05 1.72533e-05 1.72533e-05 1.91703e-05 2.87554e-05 9.58515e-06 2.10873e-05 1.72533e-05 3.83406e-06 3.83406e-06 1.15022e-05 9.58515e-06 1.34192e-05 5.75109e-06 5.75109e-06 3.83406e-06 9.58515e-06 3.83406e-06 3.83406e-06 0 0 0 7.66812e-06 5.75109e-06 3.83406e-06 0 0 0 1.91703e-06 3.83406e-06 1.91703e-06 0 1.91703e-06 0 0 0 0 0 0 0 0 0 0 0 1.91703e-06 0 0 0 0 0 0 0 1.91703e-06 0 0 0 1.91703e-06 
1.53362e-05 3.64236e-05 6.3262e-05 9.20174e-05 0.000134192 0.000159113 0.000143777 0.000184035 0.000164865 0.000224292 0.000251131 0.000266467 0.000262633 0.000270301 0.000276052 0.000310559 0.000327812 0.000345065 0.000345065 0.000322061 0.00031631 0.000325895 0.000318227 0.000323978 0.000318227 0.00033548 0.000348899 0.000300974 0.000308642 0.000251131 0.000322061 0.00024538 0.000235795 0.000251131 0.000172533 0.000220458 0.000210873 0.000185952 0.000220458 0.000201288 0.00016103 0.000172533 0.000151445 0.000136109 0.000139943 0.000130358 0.00014186 0.000132275 9.20174e-05 9.77685e-05 6.90131e-05 9.20174e-05 8.05152e-05 7.09301e-05 7.28471e-05 7.47641e-05 4.98428e-05 6.90131e-05 3.45065e-05 2.87554e-05 4.60087e-05 3.45065e-05 3.06725e-05 4.21746e-05 3.83406e-05 2.30044e-05 2.87554e-05 1.53362e-05 2.10873e-05 2.10873e-05 1.91703e-05 7.66812e-06 1.15022e-05 2.10873e-05 1.34192e-05 1.15022e-05 1.15022e-05 7.66812e-06 3.83406e-06 9.58515e-06 5.75109e-06 5.75109e-06 3.83406e-06 3.83406e-06 1.91703e-06 7.66812e-06 7.66812e-06 3.83406e-06 0 0 3.83406e-06 5.75109e-06 1.91703e-06 1.91703e-06 1.91703e-06 1.91703e-06 0 0 0 0 1.91703e-06 0 1.91703e-06 0 0 0 0 0 0 0 0 0 0 1.91703e-06 0 0 0 0 0 0 0 0 1.91703e-06 0 0 
1.34192e-05 3.83406e-05 5.36768e-05 6.90131e-05 6.5179e-05 9.39344e-05 0.000111188 0.000134192 8.81833e-05 0.000128441 0.000166782 0.000182118 0.000195537 0.000176367 0.00017445 0.000230044 0.000191703 0.000241546 0.000207039 0.000205122 0.000243463 0.000207039 0.000241546 0.000224292 0.000239629 0.000178284 0.00019362 0.000224292 0.000237712 0.000201288 0.000220458 0.00021279 0.000184035 0.000185952 0.000143777 0.000120773 0.000153362 0.000151445 0.000143777 0.000147611 0.000116939 0.000153362 0.000109271 9.39344e-05 0.00010352 0.000105437 8.24323e-05 9.96855e-05 5.94279e-05 6.5179e-05 6.3262e-05 6.5179e-05 3.25895e-05 6.5179e-05 5.55938e-05 3.83406e-05 5.17598e-05 2.87554e-05 4.21746e-05 2.68384e-05 4.02576e-05 3.25895e-05 3.06725e-05 2.68384e-05 3.45065e-05 2.10873e-05 1.91703e-05 1.53362e-05 9.58515e-06 1.91703e-05 3.83406e-06 1.15022e-05 7.66812e-06 1.34192e-05 1.15022e-05 1.91703e-06 9.58515e-06 5.75109e-06 7.66812e-06 5.75109e-06 7.66812e-06 5.75109e-06 0 1.91703e-06 3.83406e-06 3.83406e-06 5.75109e-06 3.83406e-06 3.83406e-06 1.91703e-06 3.83406e-06 3.83406e-06 0 0 0 3.83406e-06 0 0 0 0 0 0 0 0 0 0 0 0 0 0 0 0 1.91703e-06 0 0 0 0 0 0 0 0 0 0 0 0 
7.66812e-06 1.34192e-05 2.49214e-05 2.87554e-05 6.3262e-05 6.5179e-05 7.66812e-05 9.58515e-05 7.47641e-05 7.85982e-05 0.000115022 9.01004e-05 0.000118856 0.000126524 0.00012269 0.00012269 0.000134192 0.000124607 0.000126524 0.000145694 0.000143777 0.000164865 0.000149528 0.000210873 0.000155279 0.000155279 0.000162947 0.000151445 0.000149528 0.000170616 0.000111188 0.000132275 0.000118856 0.000109271 0.000124607 0.000109271 0.000120773 0.000105437 8.24323e-05 0.000107354 0.000105437 0.00010352 8.24323e-05 8.81833e-05 7.66812e-05 5.75109e-05 6.13449e-05 6.13449e-05 5.17598e-05 6.3262e-05 3.83406e-05 5.36768e-05 5.17598e-05 3.64236e-05 4.60087e-05 2.10873e-05 3.64236e-05 3.45065e-05 2.10873e-05 2.49214e-05 2.49214e-05 1.72533e-05 3.45065e-05 2.49214e-05 2.10873e-05 2.10873e-05 7.66812e-06 9.58515e-06 9.58515e-06 1.15022e-05 9.58515e-06 1.34192e-05 9.58515e-06 5.75109e-06 9.58515e-06 5.75109e-06 1.91703e-06 1.34192e-05 3.83406e-06 5.75109e-06 9.58515e-06 0 7.66812e-06 3.83406e-06 3.83406e-06 1.91703e-06 3.83406e-06 0 1.91703e-06 0 0 7.66812e-06 0 1.91703e-06 1.91703e-06 1.91703e-06 3.83406e-06 0 0 0 0 0 0 0 0 0 0 0 0 0 0 0 1.91703e-06 0 0 0 0 0 0 0 0 0 0 0 0 
1.91703e-06 1.15022e-05 1.53362e-05 2.87554e-05 2.87554e-05 2.49214e-05 5.55938e-05 5.94279e-05 5.55938e-05 7.66812e-05 6.13449e-05 7.28471e-05 9.01004e-05 6.90131e-05 9.39344e-05 8.81833e-05 0.000115022 0.000107354 9.20174e-05 9.96855e-05 0.00010352 0.000116939 0.000101603 0.000111188 9.77685e-05 0.000120773 0.000113105 0.000116939 0.000118856 0.000109271 9.20174e-05 9.39344e-05 7.47641e-05 7.09301e-05 9.01004e-05 6.7096e-05 9.96855e-05 6.7096e-05 3.64236e-05 8.24323e-05 8.43493e-05 6.13449e-05 6.90131e-05 7.47641e-05 5.17598e-05 5.75109e-05 6.3262e-05 3.83406e-05 3.64236e-05 3.45065e-05 4.02576e-05 1.91703e-05 2.87554e-05 2.49214e-05 2.68384e-05 2.49214e-05 2.87554e-05 2.68384e-05 2.10873e-05 2.68384e-05 1.34192e-05 1.53362e-05 1.34192e-05 1.91703e-05 1.34192e-05 2.30044e-05 1.91703e-06 3.83406e-06 1.72533e-05 1.91703e-06 5.75109e-06 1.34192e-05 3.83406e-06 5.75109e-06 1.34192e-05 5.75109e-06 9.58515e-06 5.75109e-06 1.91703e-06 1.91703e-06 3.83406e-06 3.83406e-06 5.75109e-06 7.66812e-06 7.66812e-06 3.83406e-06 0 0 0 0 1.91703e-06 0 1.91703e-06 3.83406e-06 0 1.91703e-06 0 3.83406e-06 0 0 0 0 0 1.91703e-06 0 0 0 0 0 0 0 0 1.91703e-06 0 0 0 0 0 0 0 0 0 0 0 0 
1.91703e-06 1.34192e-05 5.75109e-06 2.10873e-05 2.87554e-05 2.87554e-05 2.49214e-05 3.06725e-05 2.68384e-05 4.40917e-05 5.36768e-05 4.98428e-05 6.3262e-05 5.55938e-05 8.24323e-05 5.75109e-05 6.13449e-05 6.5179e-05 6.90131e-05 9.39344e-05 8.43493e-05 7.28471e-05 6.7096e-05 7.09301e-05 6.5179e-05 7.85982e-05 6.13449e-05 8.24323e-05 6.3262e-05 8.24323e-05 6.13449e-05 8.81833e-05 4.98428e-05 6.3262e-05 6.90131e-05 6.7096e-05 7.28471e-05 5.17598e-05 6.3262e-05 5.17598e-05 6.5179e-05 4.98428e-05 4.60087e-05 4.60087e-05 2.68384e-05 2.30044e-05 3.25895e-05 3.83406e-05 3.06725e-05 1.91703e-05 2.10873e-05 1.91703e-05 2.10873e-05 2.30044e-05 1.53362e-05 1.91703e-05 1.53362e-05 1.72533e-05 1.72533e-05 2.10873e-05 2.87554e-05 1.15022e-05 5.75109e-06 7.66812e-06 7.66812e-06 1.91703e-05 9.58515e-06 5.75109e-06 9.58515e-06 7.66812e-06 5.75109e-06 3.83406e-06 5.75109e-06 5.75109e-06 5.75109e-06 7.66812e-06 5.75109e-06 3.83406e-06 1.91703e-06 5.75109e-06 3.83406e-06 3.83406e-06 1.91703e-06 1.91703e-06 3.83406e-06 1.91703e-06 0 1.91703e-06 1.91703e-06 0 0 0 3.83406e-06 1.91703e-06 3.83406e-06 0 1.91703e-06 0 0 0 0 0 0 0 0 0 0 0 0 0 0 0 0 0 0 0 0 0 0 0 0 0 0 0 0 
0 7.66812e-06 7.66812e-06 9.58515e-06 1.72533e-05 2.68384e-05 2.30044e-05 2.30044e-05 1.91703e-05 3.06725e-05 4.21746e-05 2.30044e-05 4.60087e-05 4.60087e-05 4.60087e-05 4.79257e-05 5.17598e-05 4.60087e-05 6.13449e-05 5.17598e-05 6.13449e-05 4.98428e-05 3.45065e-05 6.7096e-05 4.21746e-05 4.79257e-05 4.21746e-05 3.25895e-05 4.79257e-05 6.5179e-05 3.25895e-05 6.3262e-05 4.60087e-05 4.98428e-05 5.55938e-05 4.21746e-05 4.21746e-05 3.83406e-05 3.64236e-05 4.40917e-05 4.60087e-05 4.21746e-05 3.45065e-05 3.25895e-05 2.30044e-05 1.72533e-05 4.02576e-05 1.34192e-05 1.91703e-05 1.34192e-05 1.15022e-05 2.10873e-05 2.68384e-05 1.72533e-05 5.75109e-06 1.72533e-05 1.34192e-05 1.53362e-05 2.10873e-05 1.72533e-05 1.15022e-05 9.58515e-06 7.66812e-06 1.15022e-05 1.34192e-05 7.66812e-06 9.58515e-06 7.66812e-06 7.66812e-06 5.75109e-06 5.75109e-06 0 1.91703e-06 1.91703e-06 3.83406e-06 3.83406e-06 3.83406e-06 3.83406e-06 1.91703e-06 0 3.83406e-06 3.83406e-06 0 1.91703e-06 1.91703e-06 0 3.83406e-06 1.91703e-06 0 1.91703e-06 0 1.91703e-06 0 3.83406e-06 0 0 0 0 0 0 0 0 0 0 0 0 0 0 0 0 0 0 0 0 0 0 0 0 0 0 0 0 0 0 0 
3.83406e-06 3.83406e-06 3.83406e-06 1.15022e-05 1.53362e-05 5.75109e-06 2.10873e-05 2.30044e-05 9.58515e-06 2.68384e-05 2.68384e-05 1.91703e-05 1.91703e-05 3.25895e-05 5.75109e-05 1.91703e-05 3.45065e-05 2.30044e-05 3.25895e-05 4.02576e-05 2.87554e-05 3.06725e-05 2.87554e-05 3.06725e-05 3.83406e-05 3.64236e-05 2.49214e-05 2.10873e-05 4.02576e-05 5.36768e-05 1.91703e-05 4.79257e-05 1.72533e-05 2.87554e-05 4.60087e-05 3.25895e-05 2.68384e-05 2.10873e-05 2.87554e-05 2.87554e-05 3.25895e-05 3.06725e-05 1.72533e-05 3.06725e-05 1.91703e-05 1.15022e-05 1.91703e-05 2.68384e-05 1.34192e-05 1.91703e-05 1.15022e-05 1.53362e-05 1.53362e-05 1.15022e-05 1.91703e-05 9.58515e-06 1.15022e-05 1.34192e-05 1.72533e-05 9.58515e-06 1.91703e-06 9.58515e-06 1.53362e-05 7.66812e-06 3.83406e-06 3.83406e-06 5.75109e-06 1.15022e-05 3.83406e-06 1.91703e-06 5.75109e-06 5.75109e-06 1.91703e-06 0 1.91703e-06 1.91703e-06 3.83406e-06 5.75109e-06 0 1.91703e-06 1.91703e-06 1.91703e-06 1.91703e-06 0 3.83406e-06 0 0 1.91703e-06 1.91703e-06 1.91703e-06 0 0 0 0 0 0 1.91703e-06 0 0 0 0 0 0 0 0 0 0 0 0 0 0 0 0 0 0 0 0 0 0 0 0 0 0 0 0 
1.91703e-06 5.75109e-06 5.75109e-06 1.53362e-05 5.75109e-06 9.58515e-06 1.15022e-05 5.75109e-06 1.72533e-05 1.91703e-05 3.83406e-06 9.58515e-06 2.49214e-05 2.49214e-05 2.30044e-05 1.91703e-05 2.10873e-05 1.91703e-05 1.15022e-05 3.45065e-05 2.10873e-05 1.72533e-05 3.64236e-05 1.53362e-05 2.49214e-05 3.64236e-05 2.30044e-05 1.72533e-05 1.72533e-05 1.34192e-05 3.06725e-05 2.49214e-05 1.34192e-05 3.06725e-05 2.10873e-05 1.34192e-05 2.30044e-05 3.06725e-05 9.58515e-06 2.10873e-05 2.30044e-05 1.15022e-05 2.10873e-05 1.53362e-05 1.72533e-05 1.91703e-05 1.72533e-05 1.34192e-05 7.66812e-06 1.15022e-05 5.75109e-06 1.34192e-05 1.15022e-05 9.58515e-06 5.75109e-06 3.83406e-06 5.75109e-06 5.75109e-06 7.66812e-06 5.75109e-06 9.58515e-06 7.66812e-06 5.75109e-06 3.83406e-06 1.91703e-06 7.66812e-06 7.66812e-06 5.75109e-06 7.66812e-06 0 1.91703e-06 3.83406e-06 0 0 1.91703e-06 0 1.91703e-06 5.75109e-06 3.83406e-06 3.83406e-06 0 1.91703e-06 0 0 0 1.91703e-06 0 0 0 0 1.91703e-06 0 0 0 0 1.91703e-06 0 0 1.91703e-06 0 0 0 0 0 0 0 0 0 0 0 0 0 0 0 0 0 0 0 0 0 0 0 0 0 0 
0 5.75109e-06 7.66812e-06 7.66812e-06 7.66812e-06 7.66812e-06 5.75109e-06 7.66812e-06 5.75109e-06 1.72533e-05 7.66812e-06 9.58515e-06 1.15022e-05 5.75109e-06 1.34192e-05 9.58515e-06 1.34192e-05 9.58515e-06 2.68384e-05 2.30044e-05 2.30044e-05 1.34192e-05 1.15022e-05 2.10873e-05 7.66812e-06 2.10873e-05 2.10873e-05 1.15022e-05 1.15022e-05 1.91703e-05 1.72533e-05 1.15022e-05 2.49214e-05 9.58515e-06 2.30044e-05 1.53362e-05 7.66812e-06 9.58515e-06 7.66812e-06 1.91703e-05 9.58515e-06 1.15022e-05 1.15022e-05 5.75109e-06 1.15022e-05 5.75109e-06 1.15022e-05 9.58515e-06 9.58515e-06 7.66812e-06 7.66812e-06 5.75109e-06 7.66812e-06 1.91703e-06 9.58515e-06 9.58515e-06 0 1.91703e-06 1.91703e-06 3.83406e-06 1.91703e-06 1.15022e-05 5.75109e-06 3.83406e-06 5.75109e-06 5.75109e-06 3.83406e-06 5.75109e-06 3.83406e-06 0 0 0 0 0 0 0 3.83406e-06 1.91703e-06 1.91703e-06 0 1.91703e-06 0 0 1.91703e-06 1.91703e-06 0 1.91703e-06 0 0 0 0 0 0 0 0 0 0 0 0 0 0 0 0 0 0 0 0 0 0 0 0 0 0 0 0 0 0 0 0 0 0 0 0 0 0 
0 1.91703e-06 3.83406e-06 1.91703e-06 9.58515e-06 1.91703e-06 5.75109e-06 1.91703e-06 1.15022e-05 5.75109e-06 9.58515e-06 7.66812e-06 5.75109e-06 1.53362e-05 1.53362e-05 5.75109e-06 7.66812e-06 5.75109e-06 1.34192e-05 1.15022e-05 7.66812e-06 1.53362e-05 3.83406e-06 1.72533e-05 9.58515e-06 9.58515e-06 3.83406e-06 7.66812e-06 9.58515e-06 1.91703e-05 1.34192e-05 9.58515e-06 9.58515e-06 3.83406e-06 2.10873e-05 1.15022e-05 3.83406e-06 7.66812e-06 9.58515e-06 1.91703e-06 9.58515e-06 1.91703e-05 1.34192e-05 5.75109e-06 5.75109e-06 7.66812e-06 5.75109e-06 1.15022e-05 1.91703e-06 1.91703e-06 5.75109e-06 1.91703e-06 7.66812e-06 1.91703e-06 5.75109e-06 0 1.91703e-06 3.83406e-06 0 5.75109e-06 1.91703e-06 3.83406e-06 5.75109e-06 7.66812e-06 1.91703e-06 3.83406e-06 3.83406e-06 1.91703e-06 3.83406e-06 0 1.91703e-06 0 3.83406e-06 3.83406e-06 1.91703e-06 0 0 1.91703e-06 1.91703e-06 0 0 1.91703e-06 0 1.91703e-06 0 0 0 0 0 0 0 0 0 0 0 0 0 0 0 0 0 1.91703e-06 0 0 0 0 0 0 0 0 0 0 0 0 0 0 0 0 0 0 0 0 0 0 0 
0 1.91703e-06 0 0 3.83406e-06 3.83406e-06 5.75109e-06 3.83406e-06 1.91703e-06 3.83406e-06 5.75109e-06 5.75109e-06 5.75109e-06 1.53362e-05 3.83406e-06 7.66812e-06 1.15022e-05 3.83406e-06 9.58515e-06 5.75109e-06 3.83406e-06 5.75109e-06 0 3.83406e-06 7.66812e-06 3.83406e-06 5.75109e-06 7.66812e-06 1.15022e-05 5.75109e-06 5.75109e-06 5.75109e-06 1.15022e-05 3.83406e-06 1.53362e-05 1.91703e-06 7.66812e-06 7.66812e-06 7.66812e-06 7.66812e-06 5.75109e-06 1.34192e-05 5.75109e-06 3.83406e-06 9.58515e-06 5.75109e-06 0 0 1.91703e-06 3.83406e-06 3.83406e-06 3.83406e-06 5.75109e-06 3.83406e-06 9.58515e-06 0 1.91703e-06 1.91703e-06 1.91703e-06 0 0 5.75109e-06 1.91703e-06 3.83406e-06 0 5.75109e-06 3.83406e-06 1.91703e-06 3.83406e-06 1.91703e-06 0 3.83406e-06 0 3.83406e-06 0 1.91703e-06 0 3.83406e-06 0 0 0 1.91703e-06 0 0 0 0 0 0 0 0 0 0 0 0 0 0 0 0 0 0 0 0 0 1.91703e-06 0 0 0 0 0 0 0 0 0 0 0 0 0 0 0 0 0 0 0 0 0 
0 0 0 0 1.91703e-06 3.83406e-06 7.66812e-06 1.91703e-06 5.75109e-06 0 3.83406e-06 5.75109e-06 1.34192e-05 3.83406e-06 1.91703e-06 7.66812e-06 3.83406e-06 3.83406e-06 0 5.75109e-06 3.83406e-06 1.91703e-06 7.66812e-06 3.83406e-06 3.83406e-06 1.91703e-06 7.66812e-06 5.75109e-06 3.83406e-06 1.91703e-06 1.91703e-06 7.66812e-06 5.75109e-06 9.58515e-06 5.75109e-06 3.83406e-06 1.91703e-06 1.15022e-05 1.91703e-06 3.83406e-06 3.83406e-06 5.75109e-06 5.75109e-06 1.91703e-06 7.66812e-06 0 5.75109e-06 0 0 0 1.91703e-06 3.83406e-06 5.75109e-06 3.83406e-06 1.91703e-06 1.91703e-06 3.83406e-06 0 7.66812e-06 0 0 0 1.91703e-06 0 1.91703e-06 1.91703e-06 1.91703e-06 9.58515e-06 0 0 0 0 0 1.91703e-06 1.91703e-06 1.91703e-06 0 0 1.91703e-06 1.91703e-06 0 0 0 1.91703e-06 0 0 0 0 0 0 0 0 0 0 0 0 0 0 0 0 0 1.91703e-06 0 0 0 0 0 0 0 0 0 0 0 0 0 0 0 0 0 0 0 0 0 0 0 
0 0 0 3.83406e-06 3.83406e-06 0 3.83406e-06 0 3.83406e-06 1.91703e-06 0 1.91703e-06 5.75109e-06 1.91703e-06 5.75109e-06 1.91703e-06 0 3.83406e-06 1.91703e-06 0 3.83406e-06 5.75109e-06 1.91703e-06 1.91703e-06 3.83406e-06 5.75109e-06 7.66812e-06 1.91703e-06 0 1.15022e-05 3.83406e-06 3.83406e-06 3.83406e-06 3.83406e-06 3.83406e-06 1.91703e-06 0 0 0 3.83406e-06 5.75109e-06 1.91703e-06 0 1.91703e-06 1.15022e-05 5.75109e-06 1.91703e-06 1.91703e-06 1.91703e-06 0 0 1.91703e-06 1.91703e-06 0 1.91703e-06 3.83406e-06 5.75109e-06 3.83406e-06 3.83406e-06 0 0 0 0 0 0 0 3.83406e-06 0 1.91703e-06 0 0 0 1.91703e-06 0 1.91703e-06 0 1.91703e-06 0 1.91703e-06 1.91703e-06 1.91703e-06 0 0 0 0 0 0 0 0 0 0 0 0 0 0 0 0 0 0 0 0 0 0 0 1.91703e-06 0 0 0 0 0 0 0 0 0 0 0 0 0 0 0 0 0 0 0 0 
0 0 0 1.91703e-06 1.91703e-06 1.91703e-06 1.91703e-06 0 0 1.91703e-06 0 0 3.83406e-06 0 0 1.91703e-06 3.83406e-06 5.75109e-06 1.91703e-06 1.91703e-06 0 0 1.91703e-06 0 0 3.83406e-06 1.91703e-06 3.83406e-06 3.83406e-06 3.83406e-06 1.91703e-06 3.83406e-06 5.75109e-06 1.91703e-06 1.91703e-06 0 1.91703e-06 0 0 1.91703e-06 3.83406e-06 0 1.91703e-06 3.83406e-06 3.83406e-06 5.75109e-06 1.91703e-06 5.75109e-06 1.91703e-06 0 1.91703e-06 0 0 1.91703e-06 1.91703e-06 1.91703e-06 0 1.91703e-06 0 3.83406e-06 0 0 1.91703e-06 0 0 1.91703e-06 0 1.91703e-06 0 1.91703e-06 0 0 0 0 0 1.91703e-06 0 0 0 1.91703e-06 3.83406e-06 0 0 0 0 0 0 0 0 0 0 0 0 0 0 0 0 0 0 0 0 0 0 0 0 0 0 0 0 0 0 0 0 0 0 0 0 0 0 0 0 0 0 0 0 
0 0 0 0 0 1.91703e-06 1.91703e-06 1.91703e-06 1.91703e-06 0 1.91703e-06 0 1.91703e-06 0 1.91703e-06 5.75109e-06 1.91703e-06 0 1.91703e-06 0 0 0 0 1.91703e-06 0 0 0 5.75109e-06 5.75109e-06 1.91703e-06 1.91703e-06 0 5.75109e-06 3.83406e-06 1.91703e-06 0 1.91703e-06 1.91703e-06 0 1.91703e-06 1.91703e-06 0 0 1.91703e-06 0 3.83406e-06 3.83406e-06 0 0 0 3.83406e-06 0 1.91703e-06 0 0 0 1.91703e-06 0 0 3.83406e-06 1.91703e-06 0 0 0 1.91703e-06 0 3.83406e-06 0 1.91703e-06 0 1.91703e-06 0 0 0 0 0 1.91703e-06 0 0 0 0 1.91703e-06 0 0 0 0 0 0 0 0 0 0 0 0 0 0 0 1.91703e-06 0 0 0 0 0 0 0 0 0 0 0 0 0 0 0 0 0 0 0 0 0 0 0 0 0 0 0 
0 0 0 0 0 1.91703e-06 0 1.91703e-06 3.83406e-06 0 0 0 0 0 1.91703e-06 0 1.91703e-06 0 1.91703e-06 1.91703e-06 0 0 0 0 3.83406e-06 0 0 3.83406e-06 1.91703e-06 0 3.83406e-06 0 1.91703e-06 3.83406e-06 0 0 1.91703e-06 0 1.91703e-06 0 1.91703e-06 0 0 1.91703e-06 0 0 0 1.91703e-06 1.91703e-06 0 0 3.83406e-06 0 0 0 1.91703e-06 0 1.91703e-06 0 0 0 1.91703e-06 1.91703e-06 0 0 1.91703e-06 0 0 0 0 0 1.91703e-06 1.91703e-06 0 0 0 0 0 0 0 0 1.91703e-06 0 0 0 0 0 0 0 0 0 0 0 0 0 0 0 1.91703e-06 0 0 0 0 0 0 0 0 0 0 0 0 0 0 0 0 0 0 0 0 0 0 0 0 0 0 0 
0 0 1.91703e-06 0 0 1.91703e-06 1.91703e-06 0 1.91703e-06 0 0 0 1.91703e-06 0 1.91703e-06 0 0 0 0 0 0 0 1.91703e-06 0 0 3.83406e-06 0 3.83406e-06 0 1.91703e-06 0 0 0 0 0 0 0 1.91703e-06 0 0 0 0 1.91703e-06 1.91703e-06 0 0 3.83406e-06 0 1.91703e-06 0 0 0 0 1.91703e-06 0 0 0 0 0 0 1.91703e-06 0 0 1.91703e-06 0 1.91703e-06 0 0 0 0 1.91703e-06 0 0 0 0 1.91703e-06 0 0 0 0 0 0 0 0 0 0 0 0 0 0 0 0 1.91703e-06 0 0 0 0 0 0 0 0 0 0 0 0 0 0 0 0 0 0 0 0 0 0 0 0 0 0 0 0 0 0 0 0 
0 0 1.91703e-06 1.91703e-06 0 0 1.91703e-06 0 0 0 0 0 0 0 1.91703e-06 0 1.91703e-06 0 0 0 0 0 1.91703e-06 0 0 0 0 0 0 1.91703e-06 1.91703e-06 0 0 0 0 0 0 0 0 0 0 0 0 1.91703e-06 1.91703e-06 0 0 0 3.83406e-06 0 0 0 0 0 0 0 1.91703e-06 0 0 0 0 0 0 0 0 1.91703e-06 0 1.91703e-06 0 0 0 0 0 0 0 0 0 0 0 0 0 0 0 0 0 0 0 0 0 0 0 0 0 1.91703e-06 0 0 0 0 0 0 0 0 0 0 0 0 0 0 0 0 0 0 0 0 0 0 0 0 0 0 0 0 0 0 0 
0 1.91703e-06 0 0 0 0 0 0 0 0 0 0 0 0 0 0 0 0 1.91703e-06 0 0 0 0 0 0 0 0 1.91703e-06 0 1.91703e-06 0 0 0 0 0 0 0 0 0 0 0 1.91703e-06 1.91703e-06 1.91703e-06 0 0 0 0 1.91703e-06 0 0 0 0 0 0 0 0 1.91703e-06 0 0 0 0 0 0 0 0 0 0 1.91703e-06 0 0 0 0 0 0 0 0 0 0 0 0 0 0 0 0 0 0 0 0 0 0 0 1.91703e-06 0 0 0 0 0 0 0 0 0 0 0 0 0 0 0 0 0 0 0 0 0 0 0 0 0 0 0 0 0 0 0 0 
0 0 0 0 0 0 0 0 0 0 0 0 1.91703e-06 0 0 0 0 1.91703e-06 0 0 0 0 0 0 1.91703e-06 0 0 0 0 0 1.91703e-06 0 0 0 0 0 0 0 0 3.83406e-06 0 0 0 0 0 0 0 1.91703e-06 0 0 0 0 0 0 0 0 0 0 1.91703e-06 0 0 0 0 0 0 0 1.91703e-06 0 0 0 0 0 0 0 0 0 0 0 0 0 0 0 0 0 0 0 0 0 0 0 0 0 1.91703e-06 0 0 0 0 0 0 0 0 0 0 0 0 0 0 0 0 0 0 0 0 0 0 0 0 0 0 0 0 0 0 0 0 
0 0 0 0 0 0 0 1.91703e-06 0 0 0 0 0 0 0 0 0 0 0 0 0 0 0 0 1.91703e-06 0 0 0 0 0 0 0 0 0 0 1.91703e-06 0 0 0 0 0 0 0 0 1.91703e-06 0 0 1.91703e-06 0 0 0 0 0 0 0 0 0 0 0 0 1.91703e-06 0 0 0 0 0 1.91703e-06 0 0 0 0 0 0 0 0 0 0 0 0 0 0 0 0 0 0 0 0 0 0 0 0 0 0 0 0 0 0 0 0 0 0 0 0 0 0 0 0 0 0 0 0 0 0 0 0 0 0 0 0 0 0 0 0 0 0 
0 0 0 0 0 0 0 0 1.91703e-06 0 0 0 0 0 0 0 0 0 0 0 0 0 0 0 0 0 0 0 1.91703e-06 0 0 0 0 0 0 0 0 0 0 0 0 0 0 0 0 0 0 0 0 0 0 0 0 0 0 0 0 0 0 0 0 0 0 1.91703e-06 0 0 0 0 0 0 0 0 0 0 0 0 0 0 0 0 0 0 0 0 0 0 0 0 0 0 0 0 0 0 0 0 0 0 0 0 0 0 0 0 0 0 0 0 0 0 0 0 0 0 0 0 0 0 0 0 0 0 0 0 0 
0 0 0 0 0 0 0 0 0 0 0 0 0 0 0 0 0 0 0 0 0 0 0 0 0 0 0 0 0 0 0 0 0 0 0 0 0 0 0 0 0 0 0 0 0 0 0 0 0 0 0 0 0 0 0 0 0 0 0 0 0 0 0 0 0 0 0 0 0 0 0 0 0 0 0 0 0 0 0 0 0 0 0 0 0 0 0 0 0 0 0 0 0 0 0 0 0 0 0 0 0 0 0 0 0 0 0 0 0 0 0 0 0 0 0 0 0 0 0 0 0 0 0 0 0 
0 0 0 0 0 0 0 0 0 0 0 0 0 0 0 0 0 0 0 0 0 0 0 0 0 0 0 0 0 0 0 0 0 0 0 0 0 0 0 0 0 0 0 0 0 0 0 0 0 0 0 0 0 0 0 0 0 0 0 0 0 0 0 0 0 0 0 0 0 0 0 0 0 0 0 0 0 0 0 0 0 0 0 0 0 0 0 0 0 0 0 0 0 0 0 0 0 0 0 0 0 0 0 0 0 0 0 0 0 0 0 0 0 0 0 0 0 0 0 0 0 0 0 0 0 
0 0 0 0 0 0 0 0 0 0 0 0 0 0 0 0 0 0 0 0 0 0 0 0 0 0 0 0 0 0 0 0 0 0 0 0 0 0 0 0 0 0 0 0 0 0 0 0 0 0 0 0 0 0 0 0 0 0 0 0 0 0 0 0 0 0 0 0 0 0 0 0 0 0 0 0 0 0 0 0 0 0 0 0 0 0 0 0 0 0 0 0 0 0 0 0 0 0 0 0 0 0 0 0 0 0 0 0 0 0 0 0 0 0 0 0 0 0 0 0 0 0 0 0 0 
0 0 0 0 0 0 0 0 0 0 0 0 0 0 0 0 0 0 0 0 0 0 0 0 0 0 0 0 0 0 0 0 0 0 0 0 0 0 0 0 0 0 0 0 0 0 0 0 0 0 0 0 0 0 0 0 0 0 0 0 0 0 0 0 0 0 0 0 0 0 0 0 0 0 0 0 0 0 0 0 0 0 0 0 0 0 0 0 0 0 0 0 0 0 0 0 0 0 0 0 0 0 0 0 0 0 0 0 0 0 0 0 0 0 0 0 0 0 0 0 0 0 0 0 0 
0 0 0 0 0 0 0 0 0 0 0 0 0 0 0 0 0 0 0 0 0 0 0 0 0 0 0 0 0 0 0 0 0 0 0 0 0 0 0 0 0 0 0 0 0 0 0 0 0 0 0 0 0 0 0 0 0 0 0 0 0 0 0 0 0 0 0 0 0 0 0 0 0 0 0 0 0 0 0 0 0 0 0 0 0 0 0 0 0 0 0 0 0 0 0 0 0 0 0 0 0 0 0 0 0 0 0 0 0 0 0 0 0 0 0 0 0 0 0 0 0 0 0 0 0 
0 0 0 0 0 0 0 0 0 0 0 0 0 0 0 0 0 0 0 0 0 0 0 0 0 0 0 0 0 0 0 0 0 0 0 0 0 0 0 0 0 0 0 0 0 0 0 0 0 0 0 0 0 0 0 0 0 0 0 0 0 0 0 0 0 0 0 0 0 0 0 0 0 0 0 0 0 0 0 0 0 0 0 0 0 0 0 0 0 0 0 0 0 0 0 0 0 0 0 0 0 0 0 0 0 0 0 0 0 0 0 0 0 0 0 0 0 0 0 0 0 0 0 0 0 
0 0 0 0 0 0 0 0 0 0 0 0 0 0 0 0 0 0 0 0 0 0 0 0 0 0 0 0 0 0 0 0 0 0 0 0 0 0 0 0 0 0 0 0 0 0 0 0 0 0 0 0 0 0 0 0 0 0 0 0 0 0 0 0 0 0 0 0 0 0 0 0 0 0 0 0 0 0 0 0 0 0 0 0 0 0 0 0 0 0 0 0 0 0 0 0 0 0 0 0 0 0 0 0 0 0 0 0 0 0 0 0 0 0 0 0 0 0 0 0 0 0 0 0 0 
Angular Collision Densities:
0.796928 0.343024 0.271825 0.23614 0.209397 0.201087 0.189441 0.189527 0.182683 0.178456 0.172475 0.173367 0.175868 0.180555 0.181303 0.181763 0.18993 0.194444 0.202064 0.213049 0.226219 0.241114 0.259115 0.28002 0.316741 0.353491 0.41796 0.522918 0.741545 43.2806 
1.51288 0.649729 0.517167 0.454135 0.413963 0.383914 0.369335 0.358063 0.341126 0.345842 0.34426 0.34843 0.347337 0.353807 0.358839 0.36968 0.384029 0.395387 0.414625 0.434265 0.468426 0.491287 0.534075 0.579365 0.657004 0.753536 0.892252 1.14924 1.65991 39.3407 
1.78836 0.773521 0.618731 0.531487 0.490884 0.471934 0.446687 0.430469 0.42443 0.42236 0.418593 0.414165 0.417845 0.42837 0.442 0.451863 0.466845 0.498073 0.511387 0.546152 0.578617 0.615683 0.675408 0.749338 0.845669 0.967879 1.16362 1.48499 2.17322 35.3008 
1.89257 0.829249 0.643345 0.567201 0.526943 0.492667 0.477973 0.455687 0.45747 0.446054 0.450857 0.448642 0.457096 0.455774 0.473803 0.491833 0.507246 0.532694 0.55127 0.586985 0.631671 0.675868 0.742753 0.816194 0.923251 1.08201 1.3149 1.6792 2.46009 31.4997 
1.89841 0.810788 0.65594 0.573182 0.523752 0.498188 0.47803 0.458333 0.456895 0.46348 0.45123 0.462531 0.469116 0.471302 0.485823 0.50693 0.517569 0.540947 0.569559 0.602369 0.646077 0.704336 0.768259 0.851937 0.967563 1.13411 1.35588 1.74853 2.6078 28.0675 
1.84248 0.806389 0.629054 0.557137 0.513716 0.480848 0.471762 0.449764 0.447751 0.44755 0.44499 0.451374 0.454106 0.467736 0.478663 0.493472 0.507764 0.538561 0.570853 0.604181 0.638773 0.70307 0.76662 0.855302 0.976592 1.13406 1.37005 1.78356 2.63302 24.8743 
1.76297 0.761013 0.603232 0.535426 0.485564 0.464774 0.442575 0.431562 0.428226 0.425063 0.427651 0.43113 0.438492 0.445163 0.459081 0.480935 0.493673 0.523608 0.546785 0.593656 0.620571 0.68044 0.74583 0.8237 0.95422 1.10913 1.35171 1.76029 2.60317 22.0603 
1.6568 0.718828 0.563865 0.506297 0.465378 0.435587 0.421526 0.411116 0.407235 0.401742 0.402921 0.401483 0.418967 0.424747 0.432654 0.454566 0.472941 0.489619 0.527749 0.558057 0.603318 0.656832 0.713422 0.792327 0.911662 1.06832 1.29178 1.68938 2.51601 19.5494 
1.53919 0.668564 0.53281 0.468714 0.432913 0.405423 0.393748 0.384633 0.375949 0.372182 0.379773 0.382045 0.385984 0.389636 0.411605 0.427852 0.441626 0.458189 0.485909 0.524355 0.564239 0.611226 0.671267 0.759431 0.861455 1.0065 1.23755 1.61815 2.4131 17.3101 
1.42357 0.61735 0.487491 0.424862 0.397601 0.373706 0.360766 0.35096 0.347653 0.344835 0.354842 0.355388 0.356711 0.369335 0.381958 0.392598 0.408471 0.432453 0.456205 0.500258 0.518115 0.571256 0.623332 0.698585 0.800868 0.955946 1.16451 1.51926 2.26806 15.2491 
1.29261 0.557165 0.447693 0.401311 0.365022 0.344289 0.332384 0.32879 0.322262 0.325425 0.318898 0.328933 0.336669 0.340062 0.349206 0.359213 0.385898 0.401253 0.428399 0.456809 0.492092 0.53603 0.585029 0.66635 0.74928 0.876236 1.07571 1.4215 2.12695 13.4525 
1.18343 0.515643 0.41195 0.358465 0.329911 0.317316 0.299402 0.295261 0.293536 0.296555 0.295117 0.301127 0.300322 0.311105 0.325282 0.333736 0.353807 0.369622 0.389837 0.412382 0.446399 0.481251 0.536663 0.608408 0.695795 0.81352 0.999165 1.30282 1.96515 11.8543 
1.08123 0.465004 0.371118 0.331953 0.301587 0.285455 0.274586 0.270387 0.264579 0.266793 0.268001 0.274729 0.279072 0.284679 0.288762 0.308201 0.313463 0.336007 0.348832 0.381585 0.41057 0.449476 0.492696 0.559092 0.636473 0.7546 0.919053 1.21377 1.82042 10.4682 
0.981078 0.422101 0.338308 0.298424 0.276857 0.260409 0.252444 0.245399 0.241316 0.243041 0.244709 0.240769 0.252818 0.253738 0.267742 0.278209 0.293708 0.306159 0.323642 0.354957 0.373504 0.40249 0.450828 0.506153 0.585662 0.68898 0.839285 1.11088 1.67 9.21776 
0.876926 0.374137 0.305728 0.272803 0.244335 0.234731 0.223919 0.225586 0.2165 0.222625 0.215838 0.219203 0.224034 0.231337 0.238239 0.254601 0.262738 0.27565 0.293334 0.315965 0.344864 0.372527 0.414883 0.458735 0.5358 0.630175 0.771652 0.996462 1.51432 8.11378 
0.783097 0.340263 0.277605 0.239332 0.218886 0.21072 0.198643 0.19732 0.195364 0.195738 0.200799 0.201403 0.205688 0.21072 0.21765 0.224494 0.235335 0.250431 0.265528 0.287094 0.304491 0.333247 0.375949 0.421583 0.479439 0.564095 0.697578 0.925753 1.38696 7.15378 
0.708764 0.301875 0.24583 0.219922 0.201461 0.191943 0.181476 0.179721 0.176357 0.17328 0.179204 0.17952 0.183546 0.189843 0.195451 0.201777 0.210749 0.224062 0.237089 0.258684 0.279963 0.302421 0.334311 0.374568 0.434265 0.506268 0.623562 0.824131 1.25207 6.27294 
0.633655 0.271796 0.219404 0.188664 0.176673 0.168651 0.163101 0.165027 0.158701 0.162152 0.158788 0.161864 0.163877 0.170261 0.175696 0.182511 0.191281 0.203646 0.217679 0.232775 0.246607 0.269093 0.301443 0.340407 0.392799 0.465062 0.573412 0.756469 1.13104 5.51561 
0.578214 0.245255 0.199016 0.175293 0.161491 0.153928 0.144036 0.141822 0.142196 0.137365 0.143662 0.148062 0.146998 0.149269 0.159708 0.166667 0.174114 0.181476 0.193035 0.209915 0.224896 0.247527 0.271998 0.307654 0.353088 0.421871 0.510553 0.678341 1.02988 4.83134 
0.511473 0.223516 0.173021 0.151225 0.144726 0.130924 0.13009 0.127645 0.126409 0.126035 0.128364 0.131671 0.13262 0.133943 0.139723 0.148694 0.154187 0.161836 0.176415 0.187543 0.205371 0.220554 0.247814 0.278468 0.318495 0.376437 0.460605 0.608149 0.91911 4.25238 
0.449419 0.197866 0.158097 0.137077 0.125633 0.122009 0.113038 0.116948 0.113038 0.113526 0.114734 0.116345 0.11669 0.119738 0.130377 0.127904 0.137393 0.143806 0.153957 0.160829 0.181878 0.192863 0.219145 0.247182 0.283672 0.33917 0.418075 0.539711 0.834224 3.72921 
0.402087 0.174574 0.139061 0.122383 0.111686 0.108638 0.106251 0.103232 0.0993213 0.102226 0.10352 0.103491 0.107689 0.107488 0.112347 0.115568 0.125259 0.127042 0.136703 0.152203 0.161692 0.178485 0.194732 0.220583 0.254716 0.297331 0.374108 0.485909 0.742695 3.2801 
0.35513 0.152289 0.125172 0.112721 0.100471 0.0934839 0.0935414 0.0896019 0.0904359 0.091471 0.0889981 0.0891994 0.0971646 0.0981711 0.0994075 0.102714 0.110967 0.111341 0.121175 0.132275 0.14556 0.157724 0.174891 0.195997 0.225759 0.269323 0.333017 0.43438 0.664941 2.86315 
0.315045 0.137624 0.106625 0.0971646 0.0912698 0.0867839 0.0814642 0.0829594 0.0771508 0.07948 0.0799689 0.0798539 0.0828157 0.0858925 0.0873878 0.092765 0.0982573 0.105274 0.108839 0.120917 0.128767 0.140212 0.157781 0.175466 0.199189 0.243817 0.294599 0.388745 0.591672 2.50842 
0.281401 0.123188 0.097596 0.0851736 0.0801414 0.0774384 0.0749367 0.0726362 0.0714285 0.0673452 0.0750804 0.0722337 0.0722624 0.0743041 0.0790775 0.0811766 0.0862663 0.0919886 0.0971934 0.103635 0.114332 0.128192 0.136962 0.156056 0.17745 0.215522 0.26501 0.34774 0.523953 2.20827 
0.253134 0.108552 0.0870715 0.075483 0.0707384 0.0682942 0.0654186 0.0630607 0.0624856 0.0639808 0.0627731 0.0667414 0.0662525 0.067374 0.0691856 0.0737002 0.0751092 0.0802852 0.0870427 0.0923337 0.0972221 0.112923 0.124051 0.137336 0.160915 0.188492 0.230964 0.316712 0.462819 1.94157 
0.218052 0.0974522 0.0769496 0.0675753 0.0644122 0.0569645 0.0594087 0.0559581 0.0564182 0.0546066 0.0559006 0.0557568 0.0579135 0.0583448 0.0631469 0.0677478 0.069962 0.0699907 0.0736427 0.0799976 0.0878479 0.0994938 0.11137 0.121808 0.14786 0.165258 0.212301 0.279215 0.416638 1.70793 
0.197464 0.0848573 0.0708822 0.0604727 0.0533126 0.0528813 0.0503795 0.0508396 0.0493731 0.0497757 0.051386 0.0506958 0.051386 0.0546641 0.0572521 0.0564469 0.0595525 0.0649298 0.0688405 0.0731538 0.0808315 0.0870715 0.0978835 0.112232 0.127243 0.154388 0.188923 0.244594 0.370428 1.48568 
0.17075 0.0738727 0.0611916 0.051731 0.049143 0.0442546 0.0425868 0.042098 0.045146 0.0421555 0.0447147 0.0445997 0.04644 0.0473602 0.0502645 0.0500345 0.0550667 0.05938 0.0602426 0.0635495 0.0693581 0.0777547 0.0855187 0.0974809 0.115367 0.13423 0.166839 0.222883 0.327323 1.29106 
0.147947 0.0665113 0.051616 0.04644 0.0424143 0.0395675 0.0397113 0.0393087 0.036922 0.0375834 0.0398838 0.0395387 0.0407177 0.0409765 0.0421267 0.043392 0.0448585 0.0482804 0.0558431 0.0574246 0.0632907 0.068898 0.0770646 0.0865826 0.1005 0.117897 0.147602 0.192086 0.29181 1.1434 
0.13078 0.0572808 0.0465263 0.042328 0.0399125 0.0358293 0.0338452 0.0348516 0.0335001 0.0330975 0.0334138 0.0341039 0.0355992 0.0347078 0.0383598 0.0394812 0.0413216 0.0453761 0.0462387 0.0509546 0.0555268 0.0594375 0.0663388 0.0764032 0.0852886 0.102628 0.127645 0.170433 0.25923 0.990222 
0.116862 0.0524787 0.039625 0.0355705 0.0341902 0.0324361 0.0321773 0.028928 0.0300782 0.0305383 0.0316022 0.030337 0.0307683 0.03304 0.03281 0.0353404 0.0380722 0.0396825 0.03951 0.0448297 0.0477915 0.0534851 0.0600414 0.0662238 0.076547 0.0903496 0.112347 0.152519 0.231453 0.867552 
0.103347 0.0448585 0.037267 0.0326087 0.0292443 0.0283241 0.0270589 0.0263687 0.0270014 0.0263112 0.0283241 0.02634 0.0301069 0.0288129 0.0302507 0.0309696 0.0340177 0.0351104 0.0361456 0.039855 0.0426156 0.0464975 0.0512997 0.0628881 0.0685817 0.0833333 0.0978835 0.13147 0.197435 0.766534 
0.0925062 0.0399413 0.031631 0.0276052 0.0260524 0.0248735 0.0236657 0.0244134 0.0230331 0.0226018 0.0244996 0.0243559 0.025046 0.026225 0.0256211 0.0265988 0.0280366 0.0322348 0.034564 0.0360593 0.038446 0.0430181 0.0469289 0.0497469 0.0603289 0.0720611 0.0894869 0.115539 0.177737 0.671037 
0.0802564 0.0346791 0.0282954 0.0258224 0.022343 0.0211065 0.021279 0.019755 0.0202438 0.0217679 0.0209627 0.0216528 0.0203301 0.0234357 0.0231769 0.0256211 0.024931 0.0264262 0.027634 0.031746 0.0338164 0.0368645 0.0412065 0.0454048 0.0542328 0.0633195 0.0782723 0.100932 0.157091 0.582039 
0.071256 0.0301069 0.02634 0.0209915 0.0195249 0.0213078 0.0201001 0.0192374 0.0182309 0.0191799 0.0190649 0.0186335 0.0191224 0.019985 0.0227743 0.0212215 0.0228606 0.0247584 0.0245571 0.0276915 0.0298769 0.0335576 0.036922 0.0397113 0.0474177 0.0568207 0.0687543 0.0902346 0.142886 0.515585 
0.0625718 0.0264838 0.0217966 0.0202151 0.0192374 0.0178571 0.0168794 0.0166494 0.0168794 0.0159305 0.0155567 0.0151254 0.0171958 0.0167932 0.0174833 0.0191511 0.0201288 0.0204739 0.0231481 0.023867 0.0249597 0.0296469 0.03327 0.0350816 0.0434207 0.0481366 0.0617667 0.0808315 0.122872 0.451173 
0.0558431 0.0246434 0.0198125 0.0162756 0.0146078 0.0154992 0.0147803 0.0138601 0.0136301 0.0129687 0.0159018 0.0147228 0.0134863 0.0157867 0.0149241 0.0173683 0.0177133 0.0188636 0.0207902 0.0206464 0.0231194 0.0240971 0.0280653 0.0322348 0.0388486 0.043622 0.053025 0.0712272 0.109012 0.395847 
0.0474177 0.0204451 0.015873 0.0144927 0.0138026 0.0139464 0.0124223 0.0124511 0.0130262 0.0121636 0.0129112 0.0117035 0.0132563 0.0153554 0.0133138 0.014349 0.0152404 0.015873 0.0179721 0.0182309 0.0200713 0.0226305 0.0247009 0.029273 0.0326662 0.0393949 0.0482229 0.0626869 0.0952955 0.341068 
0.0411778 0.0190649 0.0154992 0.0133425 0.0123361 0.010582 0.011761 0.0109271 0.0115884 0.0100069 0.0114734 0.0113296 0.0117035 0.0125661 0.0127099 0.01317 0.014579 0.0136588 0.015758 0.0169657 0.0172245 0.0200425 0.0218829 0.025046 0.0289855 0.0360018 0.0432194 0.0544916 0.0847135 0.298827 
0.0369507 0.0165056 0.013285 0.0129687 0.0113872 0.0104957 0.00977685 0.00994938 0.00948929 0.00920174 0.0101794 0.00997814 0.0110133 0.0104095 0.00971934 0.0116747 0.0114447 0.0128824 0.0133713 0.0140902 0.0159305 0.018461 0.0198413 0.0218829 0.0252473 0.0301645 0.0355417 0.0480216 0.0744191 0.255377 
0.0324936 0.0154129 0.0115309 0.0100644 0.00831032 0.00908672 0.00848285 0.0089717 0.00782148 0.00833908 0.0092305 0.00946054 0.00859788 0.00934552 0.00908672 0.0102657 0.0108696 0.0117035 0.0108696 0.011876 0.0144065 0.0155567 0.017167 0.0191799 0.0212215 0.0263975 0.03304 0.0428456 0.06585 0.229497 
0.0288417 0.0131412 0.00917298 0.00931676 0.00779272 0.00842534 0.00704508 0.00721761 0.00739015 0.00787899 0.00710259 0.00831032 0.00773521 0.00856912 0.00836783 0.0098056 0.00997814 0.00911547 0.0104095 0.0119335 0.0133425 0.0133713 0.0148953 0.0182022 0.0195825 0.0234069 0.0286404 0.0378422 0.0575396 0.201834 
0.0243846 0.0108983 0.00954681 0.00713135 0.00704508 0.00704508 0.0060674 0.00675753 0.00710259 0.00713135 0.00713135 0.0071601 0.0063262 0.00687255 0.00721761 0.00690131 0.00908672 0.00839659 0.0081953 0.00994938 0.0098056 0.0119335 0.012106 0.0147228 0.0158155 0.0201576 0.0255348 0.0334426 0.0496606 0.171785 
0.0229468 0.00974809 0.00744766 0.00675753 0.00609615 0.00537727 0.00598113 0.00583735 0.00560731 0.00563607 0.00517598 0.00623993 0.00603864 0.00609615 0.00552104 0.00684379 0.00675753 0.00750517 0.00739015 0.00854037 0.00977685 0.0104095 0.0115597 0.0133138 0.0157005 0.0178284 0.0226305 0.0308258 0.0445709 0.152461 
0.0190936 0.00831032 0.00667126 0.00583735 0.00626869 0.00511847 0.00540602 0.00445709 0.00454336 0.00419829 0.00517598 0.00434207 0.00523349 0.00543478 0.00508971 0.00595238 0.0060674 0.00670002 0.00698757 0.00770646 0.00842534 0.00891419 0.0101219 0.0115597 0.0128249 0.0163331 0.0181447 0.0253911 0.0373246 0.13239 
0.0175121 0.00799401 0.00618242 0.005291 0.00494594 0.00500345 0.00439958 0.00488842 0.00437083 0.00399701 0.00457211 0.00520473 0.00434207 0.0047734 0.00465838 0.00511847 0.00500345 0.005291 0.00589486 0.00586611 0.00799401 0.00805152 0.00856912 0.00983436 0.0127962 0.0123361 0.0168794 0.0226593 0.0337589 0.115568 
0.0130837 0.00690131 0.00537727 0.00442834 0.00422705 0.00419829 0.00353692 0.00359443 0.00356567 0.00359443 0.00448585 0.00379572 0.00391074 0.00393949 0.00428456 0.00370945 0.00485967 0.00557855 0.00462963 0.00543478 0.00623993 0.00684379 0.0084541 0.00813779 0.0102657 0.0125086 0.0157292 0.0206464 0.0299344 0.104411 
0.0134288 0.00609615 0.00376696 0.00437083 0.00399701 0.00345065 0.00379572 0.00399701 0.00347941 0.00339314 0.00293305 0.00310559 0.00359443 0.00399701 0.00399701 0.00414078 0.00437083 0.00457211 0.00434207 0.00480216 0.00511847 0.0058086 0.00713135 0.00831032 0.00885667 0.0107258 0.0138314 0.017167 0.0247009 0.0878479 
0.0110996 0.00517598 0.00454336 0.00356567 0.00345065 0.00345065 0.00284679 0.00296181 0.00296181 0.00336439 0.00267426 0.00287554 0.00299057 0.00313434 0.0031631 0.0029043 0.00356567 0.00402576 0.00422705 0.0045146 0.00543478 0.005291 0.00577984 0.00704508 0.00750517 0.0081953 0.0107545 0.0148953 0.0240395 0.0786174 
0.0101507 0.00485967 0.00388198 0.00281803 0.00287554 0.00221417 0.00301932 0.00281803 0.00232919 0.0029043 0.00273177 0.00258799 0.00330688 0.00235795 0.00230044 0.00333563 0.00276052 0.0036807 0.00339314 0.00379572 0.00408327 0.00508971 0.00488842 0.00586611 0.00609615 0.0076777 0.0100932 0.0138314 0.0210202 0.0684955 
0.00908672 0.00376696 0.00278928 0.00258799 0.00276052 0.00227168 0.00215666 0.00224292 0.00241546 0.00253048 0.00198413 0.00189786 0.00270301 0.0021279 0.00287554 0.00244421 0.0026455 0.00359443 0.00330688 0.00313434 0.00379572 0.00373821 0.00465838 0.00531976 0.00557855 0.00695882 0.00966183 0.0119048 0.017052 0.0594662 
0.00675753 0.00353692 0.0026455 0.00195537 0.00241546 0.00221417 0.00230044 0.0018691 0.00204164 0.00235795 0.00209915 0.00166782 0.00207039 0.00184035 0.00261674 0.00247297 0.00209915 0.00299057 0.00293305 0.00281803 0.00370945 0.00391074 0.00365194 0.00399701 0.00511847 0.0060674 0.00710259 0.0110133 0.015758 0.0521911 
0.00592362 0.00304808 0.00250172 0.00232919 0.00181159 0.00204164 0.00163906 0.00172533 0.00132275 0.00163906 0.00181159 0.0016103 0.00158155 0.00230044 0.00215666 0.00224292 0.00235795 0.00218541 0.00253048 0.00270301 0.00365194 0.00310559 0.00405452 0.00379572 0.00454336 0.00511847 0.00764895 0.00908672 0.0143202 0.0432482 
0.00557855 0.0026455 0.00232919 0.0018691 0.00129399 0.00189786 0.00135151 0.00152404 0.00129399 0.00135151 0.00140902 0.00149528 0.00149528 0.00129399 0.00175408 0.00195537 0.00201288 0.0023867 0.00215666 0.00250172 0.00195537 0.00287554 0.00287554 0.0036807 0.00408327 0.00419829 0.00508971 0.00808028 0.0128537 0.0405739 
0.00457211 0.00195537 0.00201288 0.0016103 0.00146653 0.00135151 0.00129399 0.00112146 0.00132275 0.00117897 0.00106395 0.00123648 0.00129399 0.00143777 0.00172533 0.00146653 0.00140902 0.00163906 0.0018691 0.00224292 0.00209915 0.0026455 0.00261674 0.00336439 0.00359443 0.00460087 0.00460087 0.00747641 0.010697 0.034334 
0.00471589 0.00255923 0.00149528 0.00123648 0.00140902 0.00112146 0.00129399 0.00123648 0.00109271 0.000833908 0.000920174 0.00126524 0.00115022 0.00117897 0.00129399 0.00152404 0.00143777 0.00178284 0.0018691 0.00178284 0.0018691 0.00189786 0.00207039 0.00261674 0.0031631 0.00437083 0.0042558 0.00560731 0.00865539 0.0286979 
0.00485967 0.00207039 0.00143777 0.00117897 0.000891419 0.0010352 0.00106395 0.00112146 0.000920174 0.00112146 0.00112146 0.000862663 0.00112146 0.000920174 0.00143777 0.00126524 0.00117897 0.00158155 0.00149528 0.00135151 0.00172533 0.00207039 0.00195537 0.00195537 0.00255923 0.00281803 0.00414078 0.0050322 0.00787899 0.027519 
0.00376696 0.00132275 0.00132275 0.0010352 0.00126524 0.00120773 0.000891419 0.00112146 0.000862663 0.0010352 0.00120773 0.000977685 0.000833908 0.00106395 0.000948929 0.000862663 0.00120773 0.00120773 0.000977685 0.00175408 0.00155279 0.00218541 0.00192661 0.00192661 0.00221417 0.00255923 0.00388198 0.00517598 0.00744766 0.0229756 
0.00322061 0.00112146 0.000747641 0.000920174 0.00109271 0.000718886 0.000690131 0.000747641 0.000776397 0.000690131 0.000776397 0.000833908 0.000977685 0.000776397 0.000661375 0.00117897 0.000747641 0.000977685 0.000948929 0.00106395 0.000977685 0.00149528 0.00143777 0.00178284 0.00207039 0.00267426 0.00281803 0.00445709 0.00629744 0.0204164 
0.00218541 0.00100644 0.00112146 0.000661375 0.000776397 0.000431332 0.000747641 0.000661375 0.000977685 0.000575109 0.000718886 0.000575109 0.00063262 0.000718886 0.000718886 0.00100644 0.00100644 0.00100644 0.00115022 0.00106395 0.00112146 0.00132275 0.00132275 0.00181159 0.00198413 0.00178284 0.00299057 0.0034219 0.0055498 0.0181447 
0.00198413 0.000776397 0.000948929 0.000690131 0.000948929 0.000431332 0.000488842 0.000575109 0.000373821 0.000431332 0.000805152 0.000690131 0.000517598 0.000546353 0.000517598 0.000517598 0.000776397 0.00063262 0.000747641 0.000920174 0.000977685 0.00135151 0.00120773 0.00163906 0.00140902 0.00172533 0.00258799 0.00284679 0.00523349 0.0148378 
0.00241546 0.00106395 0.000776397 0.000690131 0.000345065 0.000546353 0.000258799 0.000603864 0.000517598 0.000575109 0.000517598 0.000747641 0.000690131 0.00063262 0.000431332 0.000488842 0.000977685 0.000690131 0.000575109 0.000661375 0.000747641 0.000805152 0.000603864 0.00129399 0.00112146 0.00149528 0.00232919 0.00313434 0.00385323 0.0129399 
0.00163906 0.000891419 0.000546353 0.000546353 0.000488842 0.000546353 0.000460087 0.000373821 0.000603864 0.000460087 0.000460087 0.000690131 0.000603864 0.000690131 0.000517598 0.00031631 0.000431332 0.000690131 0.000747641 0.000776397 0.000805152 0.000690131 0.00120773 0.000977685 0.00115022 0.00152404 0.00158155 0.00273177 0.00347941 0.0124223 
0.00143777 0.000603864 0.000575109 0.000345065 0.000460087 0.000575109 0.000460087 0.000345065 0.000488842 0.000431332 0.000230044 0.000718886 0.000402576 0.00031631 0.000575109 0.000546353 0.000661375 0.000661375 0.00063262 0.000460087 0.000460087 0.000718886 0.000977685 0.0010352 0.00115022 0.00117897 0.00198413 0.00169657 0.00333563 0.00960432 
0.00115022 0.000575109 0.000258799 0.00031631 0.000201288 0.000431332 0.000287554 0.000345065 0.00031631 0.000373821 0.000431332 0.000287554 0.00031631 0.000488842 0.000431332 0.000402576 0.000373821 0.000287554 0.000776397 0.000747641 0.000661375 0.000891419 0.000747641 0.000891419 0.00115022 0.00126524 0.00155279 0.0023867 0.00255923 0.00928801 
0.00135151 0.000402576 0.000172533 0.000258799 0.000431332 0.000402576 0.000258799 0.000258799 0.000460087 0.000488842 0.00031631 0.000287554 0.000201288 0.000488842 0.000287554 0.000287554 0.000517598 0.000546353 0.00031631 0.000402576 0.000460087 0.000546353 0.000747641 0.000603864 0.000920174 0.00117897 0.00115022 0.00132275 0.00215666 0.00693006 
0.000891419 0.000345065 0.000201288 0.000345065 0.000345065 0.000287554 0.000230044 0.000345065 5.75109e-05 0.00031631 0.000517598 0.00031631 0.000258799 0.000143777 0.00031631 0.000115022 0.000402576 0.000287554 0.000431332 0.000373821 0.000287554 0.000546353 0.000517598 0.000517598 0.00109271 0.000805152 0.000948929 0.000805152 0.00198413 0.00635495 
0.000690131 0.000776397 0.000201288 0.000230044 0.000287554 0.00031631 0.000258799 0.000172533 0.000115022 0.000345065 0.000143777 0.000373821 0.00031631 0.000201288 8.62663e-05 0.00031631 0.000287554 0.000172533 0.000460087 0.000488842 0.000345065 0.000460087 0.000402576 0.000603864 0.000230044 0.00063262 0.000805152 0.00129399 0.00221417 0.00586611 
0.000747641 0.000402576 0.000287554 0.000115022 0.000172533 0.000345065 0.000143777 0.000230044 2.87554e-05 8.62663e-05 0.00031631 0.000345065 0.000143777 0.000258799 0.000143777 0.000172533 5.75109e-05 0.000373821 0.000373821 0.000373821 0.000517598 0.000460087 0.000402576 0.000373821 0.000345065 0.00063262 0.000891419 0.00106395 0.00149528 0.00396825 
0.000603864 0.000201288 8.62663e-05 0.000230044 0.000201288 0.000201288 0.000258799 0.000258799 0.000230044 0.000172533 2.87554e-05 0.000201288 0.000201288 0.000201288 0.000258799 0.000258799 0.000143777 0.000287554 0.000172533 0.000172533 0.000431332 0.000201288 0.000402576 0.000460087 0.000345065 0.000747641 0.000603864 0.000862663 0.00112146 0.0042558 
0.00063262 0.000201288 0.000287554 0.000230044 0.000230044 0.000287554 0.000115022 0.000172533 0.000345065 0.000201288 0.000115022 0.000115022 0.000230044 0.000172533 0.000230044 0.00031631 0.000143777 0.000258799 0.000172533 0.000201288 0.000172533 0.000402576 0.00031631 0.000287554 0.000718886 0.000690131 0.000833908 0.000833908 0.0010352 0.00356567 
0.000546353 0.000287554 0.000258799 8.62663e-05 8.62663e-05 0.000287554 0.000201288 0.000230044 8.62663e-05 0.000172533 0.000172533 0.000201288 0.000201288 0.000201288 0.000172533 0.000201288 0.000143777 0.000287554 0.000172533 0.00031631 0.000230044 0.000287554 0.000258799 0.000373821 0.00031631 0.000460087 0.000546353 0.000776397 0.00117897 0.00322061 
0.000460087 0.000172533 0.000115022 0.000258799 0.000143777 0.000172533 8.62663e-05 5.75109e-05 0.000115022 5.75109e-05 0.000143777 0.000143777 0.000115022 0.000172533 0.000287554 0.000115022 0.000143777 0.000115022 0.000172533 0.000172533 0.000115022 0.00031631 0.000287554 0.00031631 0.000258799 0.000287554 0.00063262 0.000747641 0.000776397 0.00353692 
0.000431332 0.000201288 0.000115022 0.000143777 0.000143777 0.000201288 0.000115022 0.000143777 0.000115022 0.000172533 5.75109e-05 0.000143777 5.75109e-05 8.62663e-05 0.000143777 0.000230044 0.000143777 8.62663e-05 0.000143777 8.62663e-05 0.000258799 0.000258799 0.000143777 0.000287554 0.000287554 0.000172533 0.000373821 0.00063262 0.000862663 0.00261674 
0.00031631 0.000143777 8.62663e-05 0.000143777 8.62663e-05 8.62663e-05 8.62663e-05 8.62663e-05 2.87554e-05 8.62663e-05 0 0.000115022 8.62663e-05 5.75109e-05 5.75109e-05 5.75109e-05 8.62663e-05 0.000143777 5.75109e-05 8.62663e-05 0.000115022 0.000230044 0.000287554 0.000230044 0.000287554 0.00031631 0.000460087 0.000488842 0.000373821 0.00204164 
0.000258799 0.000201288 0.000115022 8.62663e-05 2.87554e-05 8.62663e-05 0 8.62663e-05 2.87554e-05 5.75109e-05 0.000115022 5.75109e-05 0.000201288 8.62663e-05 0.000230044 0.000115022 2.87554e-05 8.62663e-05 0.000115022 8.62663e-05 0.000201288 0.000230044 0.000143777 0.000172533 0.000172533 0.000287554 0.000143777 0.000431332 0.00063262 0.00218541 
0.000258799 0 0.000115022 0.000143777 0.000172533 8.62663e-05 0.000115022 8.62663e-05 5.75109e-05 0.000115022 8.62663e-05 0.000143777 0.000115022 0.000143777 2.87554e-05 5.75109e-05 8.62663e-05 0.000115022 0.000115022 0.000172533 5.75109e-05 0.000172533 0.000172533 0.000115022 0.00031631 0.000258799 0.000230044 0.000258799 0.000517598 0.00178284 
0.000172533 2.87554e-05 5.75109e-05 0 2.87554e-05 2.87554e-05 5.75109e-05 0.000143777 0 2.87554e-05 0.000143777 5.75109e-05 2.87554e-05 8.62663e-05 2.87554e-05 8.62663e-05 5.75109e-05 5.75109e-05 0.000143777 2.87554e-05 8.62663e-05 0.000115022 0.000115022 0.000115022 0.000230044 0.000230044 0.000143777 0.000460087 0.000603864 0.00149528 
0.000172533 8.62663e-05 2.87554e-05 2.87554e-05 8.62663e-05 5.75109e-05 5.75109e-05 8.62663e-05 5.75109e-05 8.62663e-05 8.62663e-05 2.87554e-05 5.75109e-05 0 5.75109e-05 0 2.87554e-05 2.87554e-05 8.62663e-05 8.62663e-05 0.000172533 8.62663e-05 0.000201288 0.000172533 2.87554e-05 5.75109e-05 0.000230044 0.000258799 0.000345065 0.00146653 
0.000143777 0.000115022 8.62663e-05 0 5.75109e-05 5.75109e-05 0 8.62663e-05 2.87554e-05 5.75109e-05 0 8.62663e-05 0.000115022 0 2.87554e-05 0.000115022 8.62663e-05 2.87554e-05 8.62663e-05 5.75109e-05 5.75109e-05 5.75109e-05 8.62663e-05 5.75109e-05 0.000143777 0.000201288 0.000287554 0.000431332 0.000230044 0.00135151 
0.000115022 8.62663e-05 0.000115022 5.75109e-05 0.000115022 0 8.62663e-05 5.75109e-05 0.000115022 2.87554e-05 5.75109e-05 2.87554e-05 0 0 0 0 5.75109e-05 5.75109e-05 2.87554e-05 0 8.62663e-05 5.75109e-05 8.62663e-05 2.87554e-05 5.75109e-05 0.000172533 0.000201288 0.000172533 0.000258799 0.000805152 
0.000143777 8.62663e-05 2.87554e-05 0 8.62663e-05 8.62663e-05 5.75109e-05 5.75109e-05 0 0 2.87554e-05 2.87554e-05 2.87554e-05 0 2.87554e-05 2.87554e-05 0 2.87554e-05 0 5.75109e-05 0.000115022 8.62663e-05 2.87554e-05 5.75109e-05 8.62663e-05 8.62663e-05 0.000201288 0.000201288 0.000287554 0.000690131 
2.87554e-05 2.87554e-05 2.87554e-05 0 8.62663e-05 5.75109e-05 5.75109e-05 5.75109e-05 5.75109e-05 0 2.87554e-05 0 2.87554e-05 2.87554e-05 2.87554e-05 2.87554e-05 2.87554e-05 8.62663e-05 5.75109e-05 8.62663e-05 0.000143777 5.75109e-05 0.000143777 0 0.000115022 0.000258799 5.75109e-05 0.000143777 0.000172533 0.000776397 
5.75109e-05 2.87554e-05 2.87554e-05 5.75109e-05 5.75109e-05 2.87554e-05 0 2.87554e-05 2.87554e-05 2.87554e-05 2.87554e-05 2.87554e-05 5.75109e-05 5.75109e-05 8.62663e-05 2.87554e-05 0.000115022 5.75109e-05 5.75109e-05 5.75109e-05 8.62663e-05 8.62663e-05 2.87554e-05 5.75109e-05 0.000143777 5.75109e-05 0.000143777 0.000115022 0.000345065 0.000661375 
5.75109e-05 2.87554e-05 5.75109e-05 2.87554e-05 0 0 2.87554e-05 0 0 0 2.87554e-05 5.75109e-05 0 2.87554e-05 2.87554e-05 5.75109e-05 8.62663e-05 2.87554e-05 0 2.87554e-05 2.87554e-05 5.75109e-05 0.000115022 2.87554e-05 2.87554e-05 5.75109e-05 8.62663e-05 0.000201288 0.000230044 0.000603864 
8.62663e-05 8.62663e-05 5.75109e-05 2.87554e-05 0 0 2.87554e-05 2.87554e-05 2.87554e-05 2.87554e-05 2.87554e-05 0 2.87554e-05 2.87554e-05 2.87554e-05 2.87554e-05 0 2.87554e-05 2.87554e-05 0 5.75109e-05 2.87554e-05 8.62663e-05 8.62663e-05 8.62663e-05 2.87554e-05 5.75109e-05 5.75109e-05 0.000230044 0.00063262 
0.000143777 2.87554e-05 0 2.87554e-05 0 0 0 0 0 5.75109e-05 2.87554e-05 0 0 0 2.87554e-05 5.75109e-05 5.75109e-05 5.75109e-05 2.87554e-05 5.75109e-05 5.75109e-05 0 5.75109e-05 5.75109e-05 5.75109e-05 8.62663e-05 2.87554e-05 5.75109e-05 0.000115022 0.000517598 
2.87554e-05 0 0 2.87554e-05 2.87554e-05 0 0 0 2.87554e-05 0 2.87554e-05 0 8.62663e-05 0 2.87554e-05 0 2.87554e-05 5.75109e-05 2.87554e-05 2.87554e-05 8.62663e-05 2.87554e-05 2.87554e-05 2.87554e-05 5.75109e-05 0 8.62663e-05 0.000172533 0.000115022 0.000402576 
0.000115022 2.87554e-05 5.75109e-05 0 0 0 2.87554e-05 0 2.87554e-05 0 0 0 2.87554e-05 0 2.87554e-05 0 0 0 0 0 2.87554e-05 2.87554e-05 2.87554e-05 0 0 2.87554e-05 5.75109e-05 5.75109e-05 8.62663e-05 0.000287554 
2.87554e-05 8.62663e-05 0 0 2.87554e-05 2.87554e-05 0 0 2.87554e-05 2.87554e-05 0 0 0 0 2.87554e-05 2.87554e-05 2.87554e-05 0 2.87554e-05 0 5.75109e-05 0 2.87554e-05 0 0 2.87554e-05 2.87554e-05 5.75109e-05 8.62663e-05 0.000345065 
2.87554e-05 8.62663e-05 0 2.87554e-05 0 0 0 0 0 0 0 0 2.87554e-05 2.87554e-05 2.87554e-05 0 0 2.87554e-05 2.87554e-05 2.87554e-05 2.87554e-05 0 8.62663e-05 2.87554e-05 8.62663e-05 2.87554e-05 0.000143777 0 0.000201288 0.000546353 
0 2.87554e-05 0 0 0 2.87554e-05 0 0 0 2.87554e-05 0 5.75109e-05 0 5.75109e-05 0 2.87554e-05 0 0 0 0 2.87554e-05 2.87554e-05 0 0 0 5.75109e-05 2.87554e-05 0.000115022 0.000115022 0.000230044 
5.75109e-05 0 0 0 2.87554e-05 2.87554e-05 0 0 0 0 0 2.87554e-05 0 8.62663e-05 0 0 0 0 2.87554e-05 5.75109e-05 0 0 2.87554e-05 2.87554e-05 0 0 2.87554e-05 0.000115022 0 0.000258799 
8.62663e-05 2.87554e-05 0 0 0 5.75109e-05 0 0 0 0 5.75109e-05 0 2.87554e-05 5.75109e-05 0 0 0 0 0 0 2.87554e-05 2.87554e-05 2.87554e-05 0 5.75109e-05 0 0 5.75109e-05 2.87554e-05 0.000115022 
2.87554e-05 2.87554e-05 0 0 5.75109e-05 0 0 0 0 0 0 0 0 0 0 2.87554e-05 0 0 0 0 0 0 2.87554e-05 0 2.87554e-05 2.87554e-05 5.75109e-05 2.87554e-05 8.62663e-05 0.000172533 
2.87554e-05 0 0 2.87554e-05 2.87554e-05 0 2.87554e-05 2.87554e-05 0 0 0 0 0 0 0 0 0 5.75109e-05 0 0 2.87554e-05 2.87554e-05 0 2.87554e-05 2.87554e-05 0 0 8.62663e-05 2.87554e-05 0.000143777 
2.87554e-05 0 0 0 0 0 0 0 0 0 0 2.87554e-05 0 2.87554e-05 0 0 0 0 0 0 5.75109e-05 5.75109e-05 0 2.87554e-05 5.75109e-05 0 0 8.62663e-05 8.62663e-05 0.000201288 
0 2.87554e-05 0 0 0 0 0 0 0 2.87554e-05 0 0 2.87554e-05 0 5.75109e-05 0 0 5.75109e-05 0 2.87554e-05 0 0 0 5.75109e-05 0 0 2.87554e-05 0 5.75109e-05 5.75109e-05 
0 0 0 0 2.87554e-05 0 0 0 2.87554e-05 0 0 0 0 0 0 0 0 0 0 0 0 0 0 2.87554e-05 0 0 2.87554e-05 5.75109e-05 2.87554e-05 0.000201288 
0 0 0 0 0 0 0 0 0 0 0 0 5.75109e-05 0 0 0 0 0 2.87554e-05 0 0 2.87554e-05 0 0 0 0 0 2.87554e-05 2.87554e-05 8.62663e-05 
0 0 0 2.87554e-05 0 2.87554e-05 0 2.87554e-05 0 0 0 0 0 0 0 0 0 0 0 0 0 0 0 0 0 0 0 2.87554e-05 5.75109e-05 5.75109e-05 
0 0 0 0 0 0 0 0 0 0 0 0 0 0 0 0 0 0 0 0 0 2.87554e-05 0 0 0 0 0 0 0 5.75109e-05 
0 0 0 0 0 0 0 0 0 0 0 0 0 0 0 0 0 0 0 0 0 2.87554e-05 0 0 0 2.87554e-05 0 2.87554e-05 0 2.87554e-05 
0 0 0 0 0 0 0 0 0 0 0 0 0 0 0 0 0 0 0 0 2.87554e-05 0 0 0 0 0 2.87554e-05 0 2.87554e-05 0 
0 0 0 0 0 0 0 0 0 0 0 0 0 0 0 0 0 0 0 0 0 0 0 0 0 0 0 0 0 0 
0 0 0 0 0 0 0 0 0 0 2.87554e-05 0 0 0 0 0 0 0 0 0 0 0 0 2.87554e-05 0 2.87554e-05 0 0 0 0 
0 0 0 0 0 0 0 0 0 0 0 0 0 0 0 0 2.87554e-05 0 0 0 0 0 0 0 0 0 0 2.87554e-05 0 0 
0 0 0 0 0 0 0 0 0 0 0 0 0 0 0 0 0 0 0 0 0 0 0 0 0 0 2.87554e-05 0 0 5.75109e-05 
0 0 0 0 0 0 0 0 0 0 0 0 0 0 0 2.87554e-05 0 0 0 0 0 0 0 0 0 0 0 0 0 0 
0 0 0 0 0 0 0 0 2.87554e-05 0 0 0 0 0 0 0 0 0 0 0 0 0 0 0 0 0 0 2.87554e-05 0 0 
0 0 0 0 0 0 0 0 0 0 0 0 0 0 0 0 0 0 0 0 0 0 0 0 0 2.87554e-05 0 0 0 2.87554e-05 
0 0 0 0 2.87554e-05 0 2.87554e-05 0 0 0 0 0 0 0 0 0 2.87554e-05 0 0 0 0 0 0 0 0 0 0 0 0 5.75109e-05 
0 0 0 0 0 0 0 0 0 0 0 0 0 0 0 0 0 0 0 0 0 2.87554e-05 0 0 0 0 0 0 0 0 
0 0 0 0 0 0 0 0 0 0 0 0 0 0 0 0 0 0 0 0 0 0 0 0 0 0 0 0 0 0 
0 0 0 0 0 0 0 0 0 0 0 0 0 0 0 0 0 0 0 0 0 0 0 0 0 0 0 0 0 0 
0 0 0 0 0 0 0 0 0 0 0 0 0 0 2.87554e-05 0 0 0 0 0 2.87554e-05 2.87554e-05 0 0 0 0 0 0 0 0 
0 0 0 0 0 0 0 0 0 0 0 0 0 0 0 0 0 0 0 0 0 0 0 0 0 0 0 0 0 0 
0 0 0 0 0 0 0 0 0 0 0 0 0 0 0 0 0 0 0 0 0 0 0 0 0 0 0 0 0 2.87554e-05 
0 0 0 0 0 0 0 0 0 0 0 0 0 0 0 0 0 0 0 0 0 0 0 0 0 0 0 0 0 0 
0 0 0 0 0 0 0 0 0 0 0 0 0 0 0 0 0 0 0 0 0 0 0 0 0 2.87554e-05 0 0 0 0 
0 0 0 0 0 0 0 0 0 0 0 0 0 0 0 0 0 0 0 0 0 0 0 0 0 0 0 0 0 0 
0 0 0 0 0 2.87554e-05 0 0 0 0 0 0 0 0 0 0 0 0 0 0 0 0 0 0 0 0 0 0 0 2.87554e-05 
0 0 0 0 0 0 0 0 0 0 0 0 0 0 0 0 0 0 0 0 2.87554e-05 0 0 0 0 0 0 0 0 2.87554e-05 
0 0 0 0 0 0 0 0 0 0 0 0 0 0 0 0 0 0 0 0 0 0 0 0 2.87554e-05 0 0 0 0 0 
