Infintie flatland isotropic point source isotropic scattering exponential random flight, mu_t = 3
Analogmu_t c: 0.95 mu_t: 3 maxr: 8.33333 dr: 0.0666667 du: 0.0666667 numsamples: 2353755 numCollisionOrders: 50 numMoments: 5
CollisionDensity:
4.17178 5.66714 6.66373 7.35497 7.88454 8.22708 8.44652 8.58845 8.64804 8.63866 8.59032 8.47965 8.35609 8.19596 8.01846 7.82972 7.62666 7.38084 7.1653 6.92569 6.70409 6.4568 6.22448 5.97211 5.74632 5.52667 5.29688 5.0717 4.86682 4.66373 4.45595 4.27269 4.07492 3.89356 3.71092 3.53428 3.37273 3.20937 3.06751 2.90786 2.77893 2.63892 2.52396 2.40532 2.28302 2.16196 2.06039 1.9618 1.86346 1.77175 1.67706 1.59133 1.50781 1.42514 1.35351 1.28648 1.22267 1.157 1.10289 1.04665 0.988312 0.933895 0.885532 0.842573 0.797562 0.755125 0.716245 0.679098 0.644073 0.606352 0.576655 0.54425 0.514508 0.48801 0.461964 0.434848 0.412192 0.389709 0.369558 0.348802 0.328492 0.309603 0.292524 0.277472 0.262068 0.248252 0.232072 0.218077 0.20739 0.195275 0.184543 0.174258 0.165527 0.158039 0.146753 0.140463 0.131789 0.124862 0.117043 0.110785 0.104584 0.0991416 0.0934762 0.0906466 0.0835155 0.0798639 0.0752436 0.0705723 0.0668506 0.0633456 0.0590886 0.0564375 0.0516515 0.0506127 0.0462028 0.0449473 0.0420095 0.0390206 0.0370068 0.0345979 0.0322209 0.0315772 0.0294869 0.0275241 0.457254 
Density Moments:
19.9994 32.7915 88.8139 334.276 1609.25 
Per-collision Density Moments:
0 0 0 0 0 
1 0.333551 0.222535 0.222837 0.298194 
0.950003 0.497665 0.422719 0.498422 0.753128 
0.902466 0.60159 0.601601 0.801841 1.33486 
0.857141 0.673504 0.762246 1.12161 2.02754 
0.814319 0.724171 0.904808 1.44585 2.80546 
0.773685 0.759935 1.03223 1.77311 3.66731 
0.734859 0.784193 1.14334 2.08892 4.56267 
0.698141 0.799956 1.24102 2.39535 5.49459 
0.66324 0.808636 1.32629 2.69213 6.46629 
0.630068 0.812105 1.40064 2.97646 7.45578 
0.598437 0.810668 1.46267 3.2393 8.43016 
0.568538 0.806145 1.51684 3.49328 9.43464 
0.540097 0.798481 1.5615 3.72803 10.4168 
0.513204 0.788343 1.59741 3.94167 11.3564 
0.487419 0.775912 1.62525 4.1364 12.2658 
0.463022 0.761912 1.64688 4.31899 13.181 
0.43989 0.74624 1.66004 4.47385 14.0154 
0.417915 0.730303 1.67017 4.61939 14.8306 
0.396978 0.713171 1.67444 4.74902 15.6183 
0.377116 0.695558 1.67405 4.86092 16.3466 
0.358257 0.67746 1.66953 4.95836 17.038 
0.340377 0.659136 1.6617 5.04293 17.6869 
0.323351 0.640496 1.65052 5.11572 18.3073 
0.307256 0.6221 1.63693 5.1752 18.8711 
0.291801 0.603424 1.62039 5.22416 19.4123 
0.277111 0.58451 1.59989 5.25452 19.8818 
0.263203 0.566142 1.5793 5.28392 20.3603 
0.250041 0.54769 1.5548 5.2915 20.7352 
0.237551 0.529644 1.5296 5.29254 21.0716 
0.225717 0.511943 1.50296 5.28346 21.3577 
0.214476 0.494889 1.47753 5.27828 21.6656 
0.20383 0.477948 1.4495 5.25699 21.894 
0.193586 0.46123 1.42047 5.23048 22.1142 
0.183867 0.444715 1.38943 5.18801 22.237 
0.174632 0.428545 1.35761 5.13681 22.3027 
0.165874 0.412894 1.3261 5.08461 22.3615 
0.157618 0.397805 1.29497 5.03021 22.3985 
0.149775 0.383176 1.2636 4.96995 22.3991 
0.142332 0.369162 1.23377 4.91656 22.4449 
0.135206 0.355074 1.20131 4.84538 22.3872 
0.128401 0.341385 1.1692 4.77269 22.3077 
0.121995 0.32824 1.1376 4.69772 22.2034 
0.115868 0.31558 1.10637 4.61882 22.0596 
0.110101 0.303432 1.07602 4.54193 21.926 
0.104652 0.291733 1.04591 4.46272 21.774 
0.0995121 0.280415 1.01634 4.38343 21.6143 
0.0945991 0.269456 0.987186 4.30317 21.4412 
0.0899032 0.258768 0.958241 4.22311 21.2775 
0.0854872 0.248716 0.930666 4.14242 21.0636 
Per-collision Densities:
0.000790227 0.000720126 0.000924055 0.0010069 0.00106426 0.0013128 0.00163144 0.00221773 0.00531491 0.00252363 0.00108338 0.000809345 0.000758363 0.000681889 0.000783854 0.000484332 0.00063728 0.000586297 0.000535315 0.000535315 0.000528942 0.00054806 0.000599043 0.00054806 0.000573552 0.000701008 0.000630907 0.000599043 0.000650025 0.000681889 0.000771108 0.000834836 0.000822091 0.000994156 0.000962292 0.00128093 0.00146574 0.00196282 0.00491343 0.00239617 0.000860327 0.000739244 0.00054806 0.000688262 0.000516196 0.000567179 0.000611788 0.000560806 0.000541688 0.000643652 0.000573552 0.000516196 0.000643652 0.000624534 0.000484332 0.000439723 0.000586297 0.000650025 0.000650025 0.000656398 0.000732872 0.000764735 0.000917683 0.000917683 0.000975038 0.00119171 0.00134466 0.00168879 0.00449282 0.0389378 0.0157599 0.0130451 0.0113181 0.01012 0.00998617 0.00942537 0.0094636 0.00864788 0.00894741 0.0089028 0.00875622 0.00870524 0.00917683 0.00898564 0.0089729 0.00948272 0.0094636 0.0104068 0.0102921 0.0114838 0.0115794 0.013249 0.0140202 0.0151481 0.0167095 0.018685 0.0225661 0.0301561 0.0748612 0 0 0 0 0 0 0 0 0 0 0 0 0 0 0 0 0 0 0 0 0 0 0 0 0 0 
2.71858 2.22373 1.82318 1.49376 1.22181 1.00059 0.816489 0.668321 0.550342 0.449046 0.366506 0.301013 0.247411 0.203401 0.165979 0.13741 0.110817 0.0909271 0.0750907 0.0614975 0.050651 0.0413531 0.03224 0.02718 0.0225023 0.0179649 0.0146765 0.0118343 0.00993519 0.0079405 0.00702282 0.00567179 0.0048497 0.00361975 0.00296335 0.00238343 0.00195645 0.001453 0.00138927 0.00116622 0.00100053 0.000745617 0.000656398 0.000490705 0.000439723 0.000388741 0.000280403 0.000210302 0.00015932 0.00015932 0.000101965 0.000121083 0.000127456 7.64735e-05 8.92191e-05 3.82368e-05 2.54912e-05 3.82368e-05 2.54912e-05 1.91184e-05 3.1864e-05 2.54912e-05 2.54912e-05 1.27456e-05 6.3728e-06 6.3728e-06 6.3728e-06 1.27456e-05 6.3728e-06 6.3728e-06 0 6.3728e-06 0 0 0 0 0 0 0 0 0 0 0 0 0 0 0 0 0 0 0 0 0 0 0 0 0 0 0 0 0 0 0 0 0 0 0 0 0 0 0 0 0 0 0 0 0 0 0 0 0 0 0 0 0 
0.639574 1.15694 1.31575 1.31311 1.24615 1.14603 1.03052 0.912055 0.802284 0.694941 0.603791 0.518822 0.444655 0.380322 0.32354 0.275872 0.231772 0.195855 0.167114 0.139118 0.117145 0.0982876 0.0817375 0.0690875 0.0579351 0.0491343 0.0402697 0.0329537 0.0273839 0.0226872 0.0191566 0.0166075 0.0136187 0.0104705 0.00924055 0.00797874 0.00635368 0.00530854 0.00480509 0.00365161 0.00295698 0.00263196 0.002154 0.00184174 0.00151035 0.00112161 0.000873073 0.00075199 0.000701008 0.000630907 0.000426977 0.000407859 0.000331385 0.000305894 0.00027403 0.000184811 0.000172065 0.000127456 6.3728e-05 8.28463e-05 8.92191e-05 9.55919e-05 8.28463e-05 2.54912e-05 3.1864e-05 3.1864e-05 2.54912e-05 6.3728e-06 1.27456e-05 1.27456e-05 1.27456e-05 1.27456e-05 6.3728e-06 6.3728e-06 6.3728e-06 0 0 0 0 0 0 0 0 0 0 0 0 0 0 0 0 0 0 0 0 0 0 0 0 0 0 0 0 0 0 0 0 0 0 0 0 0 0 0 0 0 0 0 0 0 0 0 0 0 0 
0.239477 0.596487 0.820408 0.930237 0.993398 0.989217 0.959348 0.902681 0.840483 0.769324 0.695999 0.623081 0.55544 0.490291 0.433178 0.379379 0.329295 0.286451 0.249125 0.213597 0.184486 0.1586 0.135345 0.115558 0.0991734 0.0846562 0.0712542 0.060822 0.0513201 0.0434115 0.0374912 0.0313287 0.0266638 0.0220308 0.0189782 0.0154094 0.0140074 0.0112798 0.00980136 0.00746892 0.00661496 0.00562081 0.00488156 0.00400212 0.00340307 0.00279128 0.00223048 0.00203292 0.00142113 0.00122995 0.00122358 0.00104514 0.000841209 0.000522569 0.000503451 0.00047796 0.000420605 0.000312267 0.000216675 0.000172065 0.000184811 0.000140202 0.000178438 8.28463e-05 0.00011471 3.1864e-05 3.1864e-05 4.46096e-05 5.09824e-05 3.1864e-05 3.82368e-05 1.91184e-05 2.54912e-05 6.3728e-06 3.1864e-05 0 0 0 0 0 0 1.27456e-05 1.27456e-05 0 0 0 0 0 0 0 0 0 0 0 0 0 0 6.3728e-06 0 0 0 0 0 0 0 0 0 0 0 0 0 0 0 0 0 0 0 0 0 0 0 0 0 0 0 
0.126245 0.350701 0.530733 0.660508 0.743833 0.787952 0.808854 0.800799 0.77534 0.739984 0.696674 0.643315 0.593919 0.542644 0.490023 0.444706 0.393737 0.349446 0.310687 0.276649 0.241841 0.209506 0.184397 0.161448 0.138838 0.122332 0.104208 0.0901432 0.0785256 0.0684438 0.0574699 0.0492044 0.0422325 0.0367455 0.0314179 0.026275 0.0220308 0.019214 0.0164227 0.0134721 0.0118534 0.0103239 0.00831013 0.00753264 0.00598406 0.00498353 0.00408496 0.00386191 0.00318003 0.00246627 0.00223048 0.00189909 0.00154859 0.00124907 0.00115985 0.000822091 0.000834836 0.000599043 0.000605416 0.00043335 0.000337758 0.000325013 0.000254912 0.000197557 0.000133829 0.00015932 0.000140202 0.000121083 0.000101965 8.92191e-05 7.64735e-05 4.46096e-05 2.54912e-05 3.1864e-05 4.46096e-05 3.1864e-05 3.1864e-05 1.91184e-05 6.3728e-06 6.3728e-06 1.27456e-05 6.3728e-06 0 0 0 6.3728e-06 6.3728e-06 1.27456e-05 0 0 6.3728e-06 0 0 0 0 0 0 6.3728e-06 0 0 0 0 0 0 0 0 0 0 0 0 0 0 0 0 0 0 0 0 0 0 0 0 0 0 0 
0.0801124 0.235545 0.367793 0.478234 0.561647 0.623782 0.661503 0.677454 0.681768 0.672355 0.651899 0.619378 0.586508 0.546678 0.50839 0.466928 0.429699 0.389416 0.351549 0.314083 0.281971 0.250279 0.222449 0.199296 0.175418 0.15591 0.135792 0.119127 0.102628 0.0915834 0.0792776 0.0690492 0.0609048 0.0521868 0.0448772 0.0381603 0.032788 0.0288879 0.0247902 0.0216803 0.0183282 0.0155624 0.0134785 0.0116176 0.00952733 0.0081763 0.00685076 0.00590121 0.00502176 0.00433987 0.0038173 0.0029506 0.00243441 0.00240892 0.00196919 0.00166967 0.00139564 0.0012172 0.00108975 0.000815718 0.000783854 0.000490705 0.000509824 0.000414232 0.000344131 0.000305894 0.000305894 0.000203929 0.000172065 0.000140202 0.000146574 0.000101965 5.09824e-05 5.73552e-05 5.09824e-05 7.64735e-05 6.3728e-05 5.73552e-05 2.54912e-05 3.1864e-05 0 1.27456e-05 1.27456e-05 1.91184e-05 6.3728e-06 0 0 1.27456e-05 6.3728e-06 6.3728e-06 0 0 1.27456e-05 0 0 0 6.3728e-06 6.3728e-06 0 0 0 0 0 0 0 0 0 0 0 0 0 0 0 0 0 0 0 0 0 0 0 0 0 0 0 
0.0568836 0.170517 0.273316 0.362102 0.439003 0.498486 0.539527 0.571098 0.586571 0.588999 0.58501 0.569154 0.550603 0.527241 0.496409 0.466253 0.436798 0.402111 0.373675 0.336165 0.308902 0.276962 0.252191 0.227107 0.203961 0.181287 0.163711 0.145357 0.128004 0.111645 0.0993519 0.089028 0.0775633 0.0677938 0.0591714 0.0515368 0.0456292 0.0385682 0.0339351 0.0296462 0.0256441 0.0220116 0.0194434 0.0162188 0.0145172 0.0122676 0.0103813 0.00914496 0.0080361 0.00690174 0.00574189 0.00485607 0.00418055 0.00355602 0.00316728 0.0026001 0.00232607 0.00205204 0.00188635 0.00136378 0.00127456 0.00103239 0.0008667 0.000732872 0.000560806 0.000465214 0.000484332 0.000325013 0.000254912 0.000261285 0.000210302 0.00015932 0.000165693 0.000197557 7.01008e-05 0.00011471 0.000101965 9.55919e-05 2.54912e-05 8.28463e-05 2.54912e-05 3.1864e-05 2.54912e-05 1.27456e-05 1.91184e-05 2.54912e-05 6.3728e-06 6.3728e-06 1.27456e-05 6.3728e-06 6.3728e-06 1.27456e-05 6.3728e-06 6.3728e-06 0 0 0 1.27456e-05 6.3728e-06 0 0 0 0 0 0 6.3728e-06 0 0 0 0 0 0 0 0 0 0 0 0 0 0 0 0 0 0 0 
0.0437429 0.129336 0.21006 0.286291 0.349522 0.402519 0.445172 0.477399 0.50108 0.512086 0.51779 0.515642 0.505223 0.490731 0.470504 0.451506 0.427525 0.398019 0.376135 0.345297 0.323043 0.29571 0.270901 0.247226 0.223889 0.200756 0.182995 0.164456 0.149104 0.132522 0.11675 0.104845 0.0939223 0.0816483 0.0732298 0.0640657 0.0559786 0.0498161 0.0439213 0.0391098 0.0337376 0.0291109 0.0260138 0.0222028 0.0187806 0.0164418 0.0149251 0.0129304 0.0110823 0.00961018 0.00826552 0.00741793 0.00608602 0.00515559 0.00439723 0.00418055 0.00347955 0.00288688 0.00269569 0.00188635 0.00163144 0.00149761 0.00132554 0.00104514 0.0010069 0.000885819 0.000624534 0.000726499 0.000541688 0.000337758 0.000395113 0.000363249 0.000248539 0.000216675 0.000191184 0.000178438 0.000152947 0.000133829 8.92191e-05 5.09824e-05 0.000108338 5.73552e-05 2.54912e-05 5.73552e-05 3.82368e-05 1.91184e-05 3.1864e-05 3.82368e-05 1.27456e-05 1.91184e-05 1.27456e-05 1.27456e-05 6.3728e-06 0 0 6.3728e-06 1.27456e-05 0 0 6.3728e-06 0 0 0 0 6.3728e-06 0 0 0 0 6.3728e-06 0 0 0 0 0 0 0 0 0 0 0 0 0 0 0 
0.0337822 0.101531 0.169102 0.229319 0.284819 0.332137 0.372509 0.405049 0.428093 0.442839 0.454317 0.461868 0.455833 0.451143 0.437543 0.424078 0.411517 0.386816 0.365958 0.345049 0.322374 0.300477 0.278427 0.259271 0.234748 0.218052 0.197512 0.17963 0.163806 0.148493 0.131216 0.120924 0.107063 0.0957513 0.0858097 0.076174 0.0678002 0.0603822 0.0526648 0.0481274 0.0410344 0.0363122 0.031915 0.0288879 0.024924 0.0222857 0.0191056 0.0163908 0.0154604 0.0127265 0.0106936 0.00943811 0.00800423 0.007214 0.0062772 0.00560806 0.00478597 0.00430164 0.00363249 0.00307806 0.0026001 0.00223685 0.00184811 0.00161869 0.0013128 0.00119171 0.00103877 0.000822091 0.000828463 0.000669144 0.00063728 0.000484332 0.000382368 0.000369622 0.000331385 0.000312267 0.000184811 0.000165693 0.000127456 0.000133829 0.000127456 8.92191e-05 3.82368e-05 7.64735e-05 7.01008e-05 3.1864e-05 8.92191e-05 3.82368e-05 3.1864e-05 2.54912e-05 1.91184e-05 0 2.54912e-05 1.27456e-05 0 1.27456e-05 6.3728e-06 1.27456e-05 6.3728e-06 0 0 6.3728e-06 0 6.3728e-06 0 0 0 0 6.3728e-06 0 0 0 6.3728e-06 0 0 0 0 0 0 0 0 0 0 0 0 
0.0277217 0.0834518 0.138564 0.18866 0.23891 0.277134 0.313969 0.34438 0.369756 0.388613 0.40025 0.407579 0.409427 0.406788 0.402085 0.394527 0.384598 0.366104 0.351536 0.333864 0.317161 0.29947 0.280919 0.26059 0.242351 0.223864 0.207422 0.190234 0.174156 0.160136 0.14465 0.130636 0.119286 0.107184 0.0962101 0.0867592 0.0779839 0.0686414 0.0636451 0.0557301 0.049848 0.0431438 0.0393711 0.0350886 0.0303919 0.0269314 0.0239171 0.0209856 0.0186341 0.0157536 0.0141221 0.0125353 0.0109102 0.00980773 0.00826552 0.00673605 0.00640466 0.00562081 0.00487519 0.00401486 0.00360063 0.0032565 0.00262559 0.0023898 0.00206479 0.00184174 0.00134466 0.00132554 0.00114073 0.0010069 0.000739244 0.000720126 0.000579924 0.000586297 0.000407859 0.000356877 0.000350504 0.000267657 0.000254912 0.000191184 0.000235793 0.00015932 0.000127456 0.000140202 8.28463e-05 8.92191e-05 7.64735e-05 4.46096e-05 4.46096e-05 3.1864e-05 1.91184e-05 1.27456e-05 3.1864e-05 1.27456e-05 1.27456e-05 3.1864e-05 1.27456e-05 6.3728e-06 1.27456e-05 6.3728e-06 1.91184e-05 0 0 0 6.3728e-06 0 0 0 0 0 6.3728e-06 6.3728e-06 0 0 0 0 6.3728e-06 0 6.3728e-06 0 0 0 0 0 0 
0.0231141 0.070738 0.113914 0.159129 0.199437 0.234984 0.268078 0.297202 0.319398 0.338058 0.35262 0.361815 0.366079 0.367851 0.366875 0.364282 0.354225 0.345125 0.333686 0.320029 0.306245 0.292728 0.274942 0.259666 0.242204 0.227362 0.21108 0.196148 0.181784 0.166343 0.15252 0.140119 0.126379 0.115501 0.106655 0.0958723 0.0863068 0.0779202 0.0694125 0.0639701 0.057164 0.0500519 0.0458204 0.0409133 0.0368921 0.0322846 0.0286648 0.0253127 0.0225979 0.0201954 0.0175762 0.0153839 0.0134912 0.0122358 0.0106999 0.00909398 0.00814443 0.00715665 0.00641103 0.00545511 0.00493892 0.0041232 0.00351141 0.00310992 0.00275942 0.00233882 0.00216038 0.00184811 0.00145937 0.00121083 0.00114073 0.000885819 0.000809345 0.000694635 0.000720126 0.000618161 0.000503451 0.000369622 0.000395113 0.000280403 0.000299521 0.000235793 0.000197557 0.000210302 0.00015932 0.000101965 0.000121083 7.01008e-05 3.82368e-05 5.09824e-05 5.09824e-05 3.82368e-05 1.91184e-05 2.54912e-05 6.3728e-06 2.54912e-05 6.3728e-06 3.82368e-05 1.91184e-05 6.3728e-06 6.3728e-06 0 6.3728e-06 6.3728e-06 0 1.27456e-05 1.27456e-05 0 0 6.3728e-06 6.3728e-06 0 6.3728e-06 6.3728e-06 0 0 6.3728e-06 0 0 6.3728e-06 0 0 0 0 0 
0.0196346 0.0600317 0.0964714 0.134568 0.169943 0.20131 0.229605 0.257193 0.277848 0.296405 0.310062 0.322381 0.327339 0.333527 0.333922 0.332507 0.327657 0.320252 0.312547 0.305697 0.292314 0.280346 0.267211 0.251439 0.238024 0.224501 0.210079 0.19966 0.18627 0.170192 0.1596 0.146243 0.132854 0.122785 0.113506 0.102201 0.0935973 0.0843631 0.0779074 0.0701071 0.0624725 0.0576738 0.0513584 0.0459797 0.0414742 0.0365862 0.0328773 0.0303026 0.0265618 0.0238151 0.0209792 0.0187488 0.0167222 0.0145555 0.0125863 0.0112416 0.0100818 0.00908123 0.00792776 0.00686987 0.00605416 0.00511098 0.00470312 0.00386191 0.00346043 0.00315453 0.00277217 0.00247264 0.00205204 0.00151673 0.00170154 0.00127456 0.00103877 0.00101327 0.000898564 0.000758363 0.000599043 0.00047796 0.000554433 0.000388741 0.000439723 0.000248539 0.000242166 0.000267657 0.000229421 0.000178438 0.000184811 0.000178438 8.28463e-05 0.000101965 4.46096e-05 5.73552e-05 5.09824e-05 3.1864e-05 6.3728e-05 3.1864e-05 5.09824e-05 1.91184e-05 1.91184e-05 3.82368e-05 2.54912e-05 6.3728e-06 1.91184e-05 1.27456e-05 1.27456e-05 6.3728e-06 0 0 6.3728e-06 1.27456e-05 0 0 0 6.3728e-06 6.3728e-06 6.3728e-06 0 0 0 0 0 0 0 0 6.3728e-06 
0.0169644 0.0497524 0.0829483 0.115481 0.14688 0.176399 0.197633 0.225795 0.241032 0.259851 0.275407 0.284749 0.293397 0.298954 0.303734 0.300879 0.303982 0.296042 0.29218 0.285648 0.277478 0.267326 0.257015 0.243434 0.233002 0.221697 0.208626 0.197334 0.184773 0.173142 0.159664 0.149958 0.137366 0.127845 0.11731 0.108095 0.0983705 0.090328 0.0829356 0.0755113 0.0692978 0.0628039 0.0564693 0.0518172 0.0463876 0.0416016 0.0376632 0.0340817 0.0302198 0.0265172 0.0247456 0.02154 0.0194243 0.0167158 0.0149506 0.0136569 0.0123122 0.0106681 0.0100053 0.00875622 0.00750078 0.00648113 0.00590121 0.00489431 0.00400212 0.00407222 0.00337758 0.00317365 0.0026001 0.00228783 0.00214126 0.00159957 0.00151673 0.00121083 0.00115985 0.000975038 0.000847582 0.00075199 0.000669144 0.000503451 0.000560806 0.000414232 0.000388741 0.00027403 0.000280403 0.000299521 0.000178438 0.000191184 0.00015932 0.000140202 9.55919e-05 0.00011471 0.000108338 7.64735e-05 8.28463e-05 6.3728e-05 3.82368e-05 4.46096e-05 4.46096e-05 2.54912e-05 6.3728e-05 3.82368e-05 2.54912e-05 2.54912e-05 1.91184e-05 6.3728e-06 1.27456e-05 6.3728e-06 1.27456e-05 6.3728e-06 6.3728e-06 6.3728e-06 1.27456e-05 0 6.3728e-06 6.3728e-06 0 6.3728e-06 0 0 0 0 0 0 1.27456e-05 
0.0144917 0.0439468 0.0713371 0.0988038 0.127819 0.151953 0.172932 0.196932 0.213533 0.232601 0.243275 0.25272 0.263037 0.27057 0.274081 0.274311 0.278918 0.272666 0.269614 0.269257 0.259424 0.253191 0.244339 0.235258 0.22459 0.213591 0.203107 0.194001 0.181606 0.170542 0.161397 0.151271 0.140386 0.130833 0.120114 0.112486 0.102882 0.0958851 0.0869186 0.0790673 0.073848 0.0667933 0.061472 0.0560806 0.0506892 0.0459415 0.0414487 0.0365862 0.0337949 0.0305512 0.02783 0.0246946 0.0228465 0.0200106 0.0178311 0.015282 0.0139373 0.0125544 0.0114519 0.0100945 0.00885819 0.00769834 0.00676154 0.00620073 0.00535315 0.00496441 0.00421242 0.00381093 0.00333297 0.00275305 0.00257461 0.0022496 0.00179713 0.00182262 0.00147212 0.00113436 0.00115348 0.000917683 0.000962292 0.000764735 0.000720126 0.00059267 0.000503451 0.000420605 0.000356877 0.000325013 0.000254912 0.000184811 0.000299521 0.000146574 0.000210302 0.000140202 0.000146574 0.000108338 0.000108338 0.000108338 8.92191e-05 7.01008e-05 4.46096e-05 5.73552e-05 6.3728e-05 5.09824e-05 1.27456e-05 2.54912e-05 1.27456e-05 2.54912e-05 1.91184e-05 6.3728e-06 6.3728e-06 1.27456e-05 1.91184e-05 1.27456e-05 6.3728e-06 6.3728e-06 0 0 1.27456e-05 6.3728e-06 1.27456e-05 0 0 6.3728e-06 0 6.3728e-06 1.27456e-05 
0.012548 0.0378735 0.062925 0.0876323 0.112575 0.132051 0.154508 0.169567 0.188915 0.203471 0.217465 0.228796 0.237317 0.242835 0.24657 0.251891 0.254396 0.251987 0.248303 0.250566 0.243721 0.2368 0.232135 0.22308 0.214559 0.205873 0.196779 0.188463 0.179789 0.169325 0.160161 0.149684 0.141489 0.132414 0.121039 0.113181 0.104871 0.0982048 0.0909717 0.0824767 0.0769324 0.0706552 0.0654677 0.0597067 0.0537099 0.0493828 0.0444311 0.0413913 0.0372809 0.0341773 0.0306595 0.0267721 0.0247647 0.0221072 0.0202145 0.0178884 0.0163845 0.0144344 0.0129049 0.0116622 0.0106936 0.00890917 0.00818904 0.00727773 0.00661496 0.00593945 0.00525756 0.00460753 0.0041232 0.00335209 0.00307806 0.00272118 0.00239617 0.00217312 0.00180987 0.00161232 0.001453 0.00122358 0.000994156 0.000917683 0.000777481 0.000579924 0.000554433 0.00059267 0.000426977 0.000414232 0.000439723 0.000382368 0.000286776 0.000254912 0.000267657 0.000223048 0.000216675 0.000178438 0.00011471 0.00011471 8.28463e-05 9.55919e-05 8.92191e-05 7.01008e-05 5.09824e-05 9.55919e-05 3.1864e-05 0 3.1864e-05 6.3728e-06 2.54912e-05 3.1864e-05 1.91184e-05 0 6.3728e-06 2.54912e-05 1.27456e-05 1.27456e-05 6.3728e-06 1.27456e-05 6.3728e-06 0 6.3728e-06 6.3728e-06 6.3728e-06 0 0 0 1.91184e-05 
0.0114519 0.0334253 0.0543918 0.0762123 0.0969557 0.118496 0.135243 0.152252 0.167547 0.181886 0.193026 0.206498 0.213081 0.220161 0.223883 0.22872 0.233104 0.229535 0.231116 0.229357 0.226725 0.222423 0.219282 0.210901 0.204516 0.196563 0.191643 0.180248 0.171842 0.164469 0.157019 0.148951 0.14001 0.131222 0.122109 0.115972 0.105967 0.0987592 0.0923546 0.0862749 0.0803482 0.0742813 0.0666403 0.0632755 0.0571066 0.0526712 0.0475411 0.0446096 0.0400275 0.03672 0.0334253 0.0291683 0.0270525 0.0238088 0.0223048 0.0202782 0.017933 0.0162634 0.0146702 0.0131025 0.012051 0.0105024 0.00929154 0.00877534 0.00783217 0.00650025 0.0062071 0.00534678 0.00484332 0.00400849 0.00384917 0.00335846 0.00292511 0.00265108 0.00228783 0.0018035 0.00174615 0.00159957 0.00119171 0.00122995 0.00108975 0.000796599 0.0008667 0.000726499 0.000516196 0.00047796 0.00047796 0.000426977 0.000528942 0.00031864 0.000223048 0.000293149 0.000293149 0.000184811 0.000191184 0.000165693 0.000101965 0.000127456 0.000121083 5.73552e-05 5.09824e-05 3.82368e-05 5.73552e-05 4.46096e-05 2.54912e-05 6.3728e-06 4.46096e-05 4.46096e-05 6.3728e-06 1.27456e-05 6.3728e-06 2.54912e-05 2.54912e-05 1.27456e-05 6.3728e-06 6.3728e-06 0 0 6.3728e-06 6.3728e-06 6.3728e-06 6.3728e-06 6.3728e-06 6.3728e-06 2.54912e-05 
0.00985872 0.0289325 0.0484779 0.0685267 0.0863832 0.104061 0.120433 0.135498 0.149659 0.1609 0.175507 0.18383 0.192956 0.198309 0.204478 0.207619 0.212647 0.213718 0.215872 0.209506 0.213043 0.206338 0.203592 0.198162 0.193 0.188673 0.179273 0.173646 0.166426 0.158727 0.1518 0.145752 0.136461 0.129909 0.121338 0.114251 0.108038 0.10034 0.0938904 0.0881294 0.0816291 0.0747338 0.0706807 0.0652064 0.0610705 0.0538055 0.0510652 0.0457376 0.0422771 0.0387211 0.0355793 0.0323611 0.0295825 0.0263005 0.024446 0.0220754 0.0199978 0.018137 0.0160148 0.0146638 0.0128858 0.0117387 0.0109803 0.01012 0.00839297 0.00764098 0.00717577 0.00622622 0.00543599 0.00474773 0.00412957 0.003983 0.00355602 0.00307169 0.00251088 0.00254912 0.00219224 0.00181625 0.00167605 0.00157408 0.00138927 0.00105788 0.000955919 0.000949547 0.00070738 0.000764735 0.000567179 0.000522569 0.000579924 0.000446096 0.000382368 0.000280403 0.000350504 0.000280403 0.000191184 0.000140202 0.000210302 0.000121083 0.000184811 8.92191e-05 7.64735e-05 5.09824e-05 5.09824e-05 7.01008e-05 4.46096e-05 3.82368e-05 6.3728e-05 3.1864e-05 3.82368e-05 3.1864e-05 1.27456e-05 2.54912e-05 3.82368e-05 1.27456e-05 1.27456e-05 2.54912e-05 6.3728e-06 1.27456e-05 6.3728e-06 6.3728e-06 0 1.27456e-05 1.91184e-05 0 1.91184e-05 
0.00876897 0.0265108 0.0441507 0.0596048 0.0772893 0.0929855 0.107598 0.120675 0.133313 0.1466 0.15628 0.164074 0.174092 0.181478 0.185098 0.191401 0.193911 0.196027 0.197805 0.195536 0.194561 0.193433 0.191171 0.185238 0.183084 0.179369 0.171874 0.165807 0.159702 0.153062 0.144408 0.141527 0.134179 0.128903 0.120956 0.113111 0.106719 0.0992627 0.0924438 0.0886583 0.0818586 0.0773594 0.0712415 0.0669335 0.0614465 0.056839 0.0529516 0.0477641 0.0439341 0.0413722 0.0379181 0.0341008 0.0312522 0.0282379 0.026001 0.0236877 0.0214062 0.0194434 0.0179649 0.015881 0.0143834 0.012873 0.0118661 0.0107637 0.00971851 0.00865426 0.00790227 0.00699733 0.0063027 0.00534678 0.00500264 0.00426977 0.00415506 0.00353053 0.00334572 0.00271481 0.00263196 0.00231332 0.00219224 0.00169516 0.0016633 0.00126181 0.00122358 0.00105151 0.000898564 0.000949547 0.0008667 0.00075199 0.00043335 0.000535315 0.000503451 0.000439723 0.000337758 0.000344131 0.000312267 0.000254912 0.000210302 0.000172065 0.000178438 0.00011471 0.000101965 7.01008e-05 9.55919e-05 6.3728e-05 6.3728e-05 6.3728e-05 7.01008e-05 3.82368e-05 5.09824e-05 3.1864e-05 1.27456e-05 4.46096e-05 1.91184e-05 2.54912e-05 6.3728e-06 3.1864e-05 1.91184e-05 2.54912e-05 6.3728e-06 1.27456e-05 0 6.3728e-06 0 6.3728e-06 5.73552e-05 
0.00797237 0.0236686 0.0385427 0.053882 0.0684566 0.0822027 0.096618 0.108752 0.119834 0.130502 0.140871 0.149939 0.156121 0.163449 0.169618 0.17299 0.17796 0.179515 0.182084 0.180548 0.181446 0.180815 0.177603 0.174264 0.171103 0.167127 0.164909 0.158243 0.152501 0.146765 0.141699 0.136021 0.130088 0.123862 0.116909 0.111263 0.105495 0.0988102 0.0942218 0.0877598 0.0825532 0.0780922 0.07337 0.0678703 0.0619499 0.0580498 0.0546212 0.0498926 0.0458395 0.0425766 0.0392246 0.0369431 0.0333297 0.0301752 0.0275496 0.0253765 0.0227636 0.0209729 0.0192204 0.0176272 0.0158428 0.0138991 0.0127902 0.0116558 0.010445 0.00957194 0.00827826 0.00758363 0.00742431 0.00604141 0.00562081 0.00528942 0.00458841 0.00425703 0.00379819 0.00318003 0.00284864 0.00258098 0.00241529 0.00195008 0.00187997 0.00153584 0.00139564 0.00141476 0.00120446 0.00109612 0.000802972 0.000745617 0.00070738 0.000758363 0.000624534 0.000554433 0.000458841 0.000382368 0.00031864 0.000254912 0.000254912 0.000261285 0.000165693 0.00015932 0.000121083 0.000121083 0.000121083 0.000127456 0.00011471 5.73552e-05 0.000101965 8.92191e-05 2.54912e-05 2.54912e-05 1.27456e-05 4.46096e-05 4.46096e-05 1.91184e-05 3.1864e-05 3.82368e-05 6.3728e-06 6.3728e-06 3.1864e-05 1.27456e-05 0 1.91184e-05 6.3728e-06 1.27456e-05 7.01008e-05 
0.0070037 0.0207689 0.0343048 0.0478724 0.0618225 0.0746382 0.0854082 0.098995 0.108809 0.119012 0.125627 0.134829 0.142649 0.147976 0.154139 0.158708 0.161754 0.165776 0.167675 0.166081 0.167311 0.164329 0.167178 0.163634 0.162742 0.157446 0.154725 0.150647 0.145931 0.141597 0.136939 0.1307 0.123033 0.119789 0.11464 0.107981 0.10308 0.0981028 0.0922462 0.0868548 0.0815144 0.0776844 0.0734401 0.0675453 0.0639383 0.0580434 0.0557683 0.0510843 0.0474391 0.0449601 0.0410089 0.0375358 0.0353435 0.0317174 0.0295379 0.0267339 0.0244206 0.0219033 0.0200679 0.0184429 0.016582 0.015231 0.0140584 0.0126819 0.0118343 0.0101965 0.0092533 0.00820816 0.00767285 0.00713116 0.00613063 0.00593945 0.00527667 0.00497715 0.0045438 0.00365798 0.00321826 0.00302708 0.00253 0.00241529 0.00203292 0.0017334 0.0018035 0.00149761 0.0013128 0.0012427 0.00109612 0.0010069 0.000815718 0.00075199 0.000764735 0.00063728 0.000579924 0.000458841 0.000458841 0.000363249 0.000344131 0.000267657 0.000267657 0.000267657 0.000165693 0.00015932 0.000146574 0.00011471 7.64735e-05 0.000152947 0.000101965 3.1864e-05 8.28463e-05 6.3728e-05 3.1864e-05 5.09824e-05 2.54912e-05 3.1864e-05 3.1864e-05 5.09824e-05 2.54912e-05 1.91184e-05 1.91184e-05 1.91184e-05 2.54912e-05 6.3728e-06 0 1.27456e-05 7.64735e-05 
0.00611151 0.0190355 0.030787 0.0422134 0.0544237 0.0669972 0.0769069 0.0889961 0.0977141 0.107515 0.11392 0.122001 0.130464 0.135122 0.141349 0.145663 0.147868 0.152068 0.1531 0.154413 0.157332 0.154432 0.155292 0.153444 0.149805 0.147766 0.145465 0.140679 0.13822 0.133618 0.130712 0.125856 0.120841 0.11624 0.111046 0.105597 0.0997597 0.095337 0.0913668 0.0861793 0.0807879 0.076875 0.0710121 0.0683992 0.0638745 0.0582155 0.0551311 0.0527986 0.0487264 0.0449983 0.0418183 0.0391863 0.0356239 0.0328199 0.0310738 0.0278555 0.0265299 0.0236176 0.0214699 0.0199469 0.0180286 0.0162697 0.0147148 0.013625 0.0125544 0.0111269 0.00975675 0.00973126 0.00822091 0.00792139 0.00673605 0.0063473 0.00604141 0.0054105 0.00473499 0.00395113 0.00365798 0.00349229 0.00305257 0.00247264 0.00240254 0.00207116 0.00187997 0.00172703 0.00144662 0.00149761 0.00118534 0.00122995 0.00108338 0.000936801 0.000879446 0.000701008 0.000726499 0.000611788 0.000471587 0.000452469 0.000293149 0.000350504 0.000312267 0.000267657 0.000229421 0.000184811 0.000178438 0.00011471 0.000146574 0.000133829 0.00015932 0.000133829 9.55919e-05 6.3728e-05 3.1864e-05 3.82368e-05 5.09824e-05 2.54912e-05 2.54912e-05 4.46096e-05 3.82368e-05 2.54912e-05 3.1864e-05 3.82368e-05 2.54912e-05 1.91184e-05 2.54912e-05 1.27456e-05 7.64735e-05 
0.00567816 0.0166967 0.027932 0.038651 0.0496186 0.0607965 0.0695208 0.0788825 0.0879 0.0967836 0.104546 0.111492 0.116087 0.124238 0.128724 0.132388 0.135804 0.139953 0.141865 0.142967 0.143809 0.144924 0.143987 0.142285 0.140813 0.139902 0.136747 0.131981 0.131758 0.127456 0.122409 0.120975 0.11675 0.112951 0.105833 0.102921 0.0976121 0.093234 0.0890407 0.0832861 0.079284 0.0758426 0.0714518 0.0672585 0.0632819 0.0582474 0.0563228 0.0533276 0.0488666 0.0454826 0.0427232 0.0393966 0.036019 0.0336611 0.0309973 0.0294551 0.026651 0.0246882 0.0227636 0.0210685 0.018889 0.0173021 0.0162761 0.0147976 0.0134402 0.0120892 0.0112034 0.0101774 0.00900476 0.00857778 0.00762824 0.00672967 0.00623897 0.00579924 0.00547423 0.00423154 0.00414232 0.00363249 0.00341582 0.00279766 0.00267657 0.00250451 0.00210302 0.00197557 0.00173977 0.00139564 0.00161869 0.00153584 0.00117259 0.00108975 0.000917683 0.000713753 0.00091131 0.000630907 0.000630907 0.000420605 0.00054806 0.000375995 0.00043335 0.000254912 0.000229421 0.000248539 0.000178438 0.000197557 0.000235793 0.000133829 0.000133829 0.000121083 0.00011471 7.01008e-05 7.01008e-05 6.3728e-05 4.46096e-05 5.73552e-05 7.01008e-05 4.46096e-05 2.54912e-05 1.91184e-05 3.82368e-05 1.27456e-05 7.01008e-05 1.27456e-05 5.73552e-05 3.1864e-05 8.92191e-05 
0.00518746 0.0152437 0.0253574 0.0349739 0.0446797 0.0543026 0.0623451 0.0727582 0.0801889 0.0875558 0.0943747 0.100582 0.106687 0.112805 0.118171 0.122071 0.126385 0.128686 0.130884 0.132707 0.133759 0.132388 0.131917 0.131413 0.132325 0.129024 0.130706 0.125633 0.123556 0.121982 0.11666 0.11457 0.109708 0.107139 0.102557 0.0997215 0.0943684 0.0911501 0.0853062 0.0829419 0.0772319 0.073472 0.0706934 0.0658501 0.0630971 0.0590185 0.0552521 0.0533339 0.0493509 0.0467381 0.0437301 0.0400148 0.0365352 0.0347572 0.032087 0.0299713 0.0276452 0.0253191 0.0228019 0.0214572 0.0201699 0.0186213 0.0165565 0.0163653 0.0136696 0.0128603 0.0119681 0.0111269 0.00965479 0.00868612 0.00856504 0.00738607 0.00717577 0.00607327 0.00526393 0.00516196 0.00472224 0.00402123 0.00387466 0.00343494 0.00289962 0.00261922 0.00235156 0.00227509 0.00188635 0.0017334 0.00169516 0.00144025 0.00131917 0.00115985 0.00117897 0.0010069 0.000802972 0.000745617 0.000681889 0.000624534 0.000490705 0.000560806 0.000420605 0.000363249 0.000369622 0.000312267 0.000210302 0.000299521 0.000197557 0.000152947 0.000197557 0.000140202 0.000140202 8.28463e-05 8.92191e-05 6.3728e-05 9.55919e-05 6.3728e-05 4.46096e-05 3.1864e-05 3.82368e-05 1.27456e-05 5.09824e-05 5.73552e-05 4.46096e-05 3.82368e-05 1.91184e-05 4.46096e-05 0.000108338 
0.0047796 0.0133892 0.0229357 0.0312649 0.0411491 0.049147 0.057164 0.0663535 0.0737269 0.0799658 0.0854337 0.091832 0.0972425 0.103622 0.109708 0.110619 0.114895 0.118126 0.119885 0.121873 0.1236 0.124378 0.124295 0.123492 0.121402 0.121172 0.121281 0.117839 0.116533 0.114698 0.110218 0.108013 0.105839 0.101926 0.0987783 0.0950694 0.0922016 0.0865744 0.0843949 0.0789334 0.0763142 0.0722994 0.0702919 0.0665192 0.0612107 0.057489 0.0550992 0.0514348 0.0492107 0.0461773 0.0433669 0.0401422 0.0378926 0.0352989 0.0323292 0.0306213 0.0280849 0.026154 0.0236813 0.0223685 0.0211577 0.0194816 0.0173531 0.0164418 0.0146319 0.013676 0.0124907 0.0115666 0.0109039 0.0096038 0.00878809 0.00804884 0.00767922 0.00656398 0.00612426 0.00560169 0.00501539 0.00450557 0.00425703 0.0037472 0.00320552 0.00309718 0.00265108 0.0024599 0.002154 0.00198194 0.00188635 0.00158683 0.00148486 0.00126819 0.00120446 0.00112798 0.000968665 0.000981411 0.000790227 0.000516196 0.000528942 0.000509824 0.000458841 0.000465214 0.000535315 0.000363249 0.000293149 0.000267657 0.00027403 0.000203929 0.000165693 0.00015932 0.000140202 0.000165693 0.000108338 8.28463e-05 0.000101965 7.01008e-05 8.92191e-05 3.82368e-05 5.09824e-05 4.46096e-05 4.46096e-05 5.09824e-05 3.82368e-05 4.46096e-05 4.46096e-05 1.91184e-05 0.000165693 
0.00399574 0.0126436 0.0205077 0.0282315 0.0370259 0.0450238 0.0531619 0.0594964 0.0664109 0.0719489 0.0788888 0.0835856 0.0910418 0.0954772 0.0975038 0.102073 0.105024 0.110319 0.110421 0.114041 0.113901 0.114226 0.114844 0.113621 0.115558 0.114315 0.11204 0.111218 0.109153 0.108618 0.105444 0.102404 0.0990842 0.0966753 0.0950694 0.0899711 0.0879573 0.0835219 0.0811384 0.0780604 0.0744725 0.0714582 0.0674752 0.0649515 0.0602165 0.0578013 0.0552075 0.050874 0.0484269 0.0463175 0.0428634 0.0403653 0.0373573 0.0350567 0.0334189 0.0307997 0.0286967 0.0269123 0.0245544 0.0223876 0.0216866 0.020189 0.0186086 0.0166266 0.0157663 0.0145109 0.0133128 0.0119936 0.0112416 0.0106553 0.0097695 0.00878809 0.00788952 0.00677428 0.00650662 0.00596494 0.00512373 0.00489431 0.00460116 0.00388103 0.00405947 0.00320552 0.00316091 0.00256186 0.00230695 0.0020138 0.0019437 0.00173977 0.00154859 0.00154222 0.00147212 0.00128093 0.000904937 0.000987783 0.000885819 0.000713753 0.00075199 0.000650025 0.000573552 0.000490705 0.000420605 0.000356877 0.000305894 0.000305894 0.000344131 0.000267657 0.000210302 0.000178438 0.000165693 0.000178438 0.000127456 0.000172065 0.000121083 0.00011471 0.000108338 8.28463e-05 7.64735e-05 6.3728e-05 5.73552e-05 3.1864e-05 2.54912e-05 4.46096e-05 3.1864e-05 3.1864e-05 0.000184811 
0.00389378 0.011299 0.0189718 0.0258672 0.0340052 0.040907 0.0474646 0.0547678 0.0594582 0.0660222 0.0718851 0.0774167 0.0808007 0.0860264 0.0913222 0.0942728 0.0961018 0.100066 0.103284 0.104641 0.106317 0.106515 0.107535 0.105859 0.107496 0.10554 0.105342 0.104552 0.102105 0.102322 0.100257 0.0966498 0.0949929 0.0911055 0.0900476 0.0872245 0.0847072 0.0820625 0.0784045 0.0749313 0.0709993 0.0681825 0.0649515 0.0623897 0.0597386 0.0560551 0.0534423 0.0505554 0.0491343 0.0449856 0.0429335 0.0401167 0.0379946 0.0345597 0.0331258 0.0309463 0.0296016 0.0270525 0.0255294 0.0238406 0.0217822 0.0203547 0.0186978 0.0172958 0.015932 0.0152947 0.0137206 0.0128157 0.0115921 0.0112607 0.0101582 0.00931703 0.00876259 0.00751353 0.00689537 0.0062772 0.00578013 0.00506 0.00483695 0.00462028 0.0037472 0.00369622 0.00312904 0.00291874 0.0028104 0.00234519 0.00222411 0.00202655 0.00189272 0.00142113 0.00151673 0.00116622 0.00111524 0.00120446 0.000987783 0.000802972 0.000790227 0.000796599 0.000675516 0.000579924 0.00054806 0.00047796 0.000382368 0.000325013 0.000299521 0.000286776 0.000267657 0.000248539 0.000172065 0.000152947 0.00015932 0.000133829 0.000140202 0.000121083 0.000108338 9.55919e-05 7.64735e-05 5.73552e-05 0.000101965 5.09824e-05 4.46096e-05 3.1864e-05 5.73552e-05 2.54912e-05 0.000267657 
0.00347955 0.0108784 0.0174169 0.0240382 0.0308571 0.0365289 0.0428762 0.0492044 0.0561188 0.059917 0.0654677 0.069062 0.0754475 0.0801379 0.083968 0.0862176 0.0900858 0.0916217 0.0939669 0.0966052 0.0971724 0.0987337 0.0991161 0.0997406 0.0998171 0.0989759 0.0980327 0.097695 0.0967582 0.0955983 0.0945659 0.091303 0.0911883 0.0881421 0.0843567 0.0825914 0.0814826 0.0776398 0.0763015 0.0728347 0.0692086 0.066156 0.0642378 0.0595538 0.0574699 0.0551693 0.0529452 0.0505363 0.0458459 0.0442272 0.0421114 0.0395687 0.0372362 0.0343621 0.0333552 0.031437 0.0298183 0.0274986 0.0252044 0.0244397 0.0228465 0.0207817 0.0191248 0.017436 0.0162697 0.0156771 0.0139692 0.0131726 0.0122549 0.0114073 0.0100754 0.00965479 0.00889642 0.00797874 0.0073096 0.00678703 0.00605416 0.00579924 0.00512373 0.00485607 0.0043335 0.00408496 0.00341582 0.00321826 0.00278491 0.00268295 0.00244078 0.00219224 0.00233244 0.00171428 0.00156771 0.00121083 0.00117897 0.00105151 0.00105151 0.00104514 0.000968665 0.000847582 0.000726499 0.000669144 0.000516196 0.00047796 0.000516196 0.000395113 0.000286776 0.000375995 0.00031864 0.000242166 0.000210302 0.000203929 0.000216675 0.000127456 0.000172065 0.000210302 0.000121083 0.000101965 0.000133829 7.64735e-05 7.64735e-05 5.73552e-05 3.1864e-05 5.09824e-05 5.73552e-05 6.3728e-06 0.000363249 
0.00330111 0.0098396 0.0159957 0.022343 0.0275177 0.0336356 0.0383132 0.0449537 0.0505044 0.0561507 0.0596876 0.0638618 0.0700052 0.0715729 0.0765819 0.0804311 0.0824066 0.084994 0.0862749 0.0886966 0.0908888 0.0916217 0.0913668 0.0941453 0.0932213 0.0926859 0.0904873 0.0917491 0.0920742 0.0897799 0.0887221 0.0866254 0.0849239 0.0845351 0.0808134 0.0780285 0.0768559 0.0754985 0.0732553 0.0688326 0.0664746 0.0629823 0.0607264 0.0593817 0.0563483 0.0548761 0.0513711 0.0486181 0.0458969 0.0430928 0.0407795 0.0391991 0.036771 0.0352671 0.0334508 0.0303664 0.0290408 0.0278746 0.0259883 0.0244779 0.0224705 0.0215018 0.0195517 0.0181306 0.0168178 0.0159192 0.0147785 0.0136123 0.0123823 0.0111396 0.0105788 0.00994156 0.00895378 0.00841209 0.00815718 0.00702282 0.00681252 0.00625809 0.00554433 0.0048497 0.00439723 0.00414869 0.00377907 0.00340945 0.00342856 0.00277217 0.00258098 0.00242804 0.00212851 0.00205204 0.00178438 0.00155496 0.00127456 0.00133829 0.00120446 0.00101327 0.00107063 0.000898564 0.000873073 0.000656398 0.000630907 0.000599043 0.000516196 0.000426977 0.000439723 0.000305894 0.000344131 0.000293149 0.000325013 0.000242166 0.000210302 0.000229421 0.000210302 0.000152947 0.000121083 0.000146574 0.000108338 0.000127456 8.92191e-05 7.01008e-05 8.92191e-05 0.000101965 5.73552e-05 5.73552e-05 0.000356877 
0.00266383 0.00894741 0.0145045 0.0202145 0.0248666 0.0310992 0.0355538 0.0410153 0.046343 0.0509696 0.0551311 0.0591395 0.0630461 0.0673605 0.0706679 0.0741539 0.0768623 0.0785192 0.0804629 0.0820561 0.0826807 0.0849302 0.0854656 0.0857332 0.0868039 0.087371 0.0867465 0.0860837 0.0851979 0.0835155 0.0843567 0.0826424 0.0804884 0.078857 0.0753328 0.0750907 0.0738607 0.0708846 0.0696164 0.0659903 0.0642187 0.0600062 0.0596621 0.057916 0.0557301 0.0518746 0.0488411 0.0471587 0.0457057 0.0434242 0.0409133 0.0386956 0.0366117 0.0340307 0.0325013 0.0305129 0.028805 0.0271545 0.0258672 0.024325 0.0230886 0.0208518 0.0205268 0.0184875 0.0174296 0.0159766 0.0148295 0.0138098 0.0127201 0.0116622 0.010974 0.0101519 0.0096038 0.00862239 0.00816992 0.00734146 0.00682526 0.00626446 0.00573552 0.00555071 0.00445458 0.00442272 0.00400212 0.00376632 0.00334572 0.00321189 0.00287413 0.00252363 0.00231332 0.00209028 0.00178438 0.00155496 0.00152947 0.00152947 0.00143388 0.00119171 0.00103877 0.00109612 0.000822091 0.000681889 0.000720126 0.000528942 0.00054806 0.000541688 0.000471587 0.000426977 0.000426977 0.000325013 0.000280403 0.000267657 0.000286776 0.000242166 0.000172065 0.000191184 0.000152947 0.000210302 0.000197557 8.28463e-05 0.000127456 8.28463e-05 0.000140202 0.000108338 9.55919e-05 8.92191e-05 0.00043335 
0.00249176 0.00798511 0.0131407 0.0180159 0.0232225 0.0278937 0.0337886 0.0378863 0.0414678 0.0470886 0.05125 0.0542835 0.0585341 0.0627338 0.0653084 0.0677364 0.0693169 0.0718915 0.0740009 0.0760083 0.0777863 0.0789844 0.0798511 0.0799977 0.0824576 0.0812659 0.0803801 0.0805394 0.0791501 0.080361 0.0782324 0.0774868 0.0757471 0.0748549 0.0731278 0.0715729 0.0692978 0.0658756 0.0646711 0.0633647 0.0614784 0.0592415 0.0572978 0.0545448 0.0533594 0.0508613 0.0480381 0.0465469 0.0439914 0.0424938 0.0398491 0.038428 0.0361911 0.033642 0.0320424 0.0311056 0.0284163 0.0272246 0.026001 0.0239872 0.0224832 0.0212533 0.020017 0.0188953 0.0169899 0.0168242 0.0154285 0.0141731 0.0132299 0.0121147 0.0110759 0.0109867 0.00930428 0.00911947 0.00857778 0.00790864 0.00670418 0.00651937 0.0063473 0.00553796 0.00462028 0.00465851 0.00404035 0.00368348 0.0033967 0.00345406 0.00279766 0.00265746 0.00244078 0.00219224 0.00198194 0.00195645 0.00170791 0.00145937 0.00144662 0.00113436 0.00135103 0.0010069 0.000898564 0.000892191 0.000777481 0.000701008 0.000675516 0.000662771 0.000560806 0.000516196 0.000395113 0.000426977 0.00031864 0.00027403 0.000337758 0.000210302 0.000178438 0.000229421 0.000197557 0.000235793 0.00015932 0.000133829 0.000146574 0.00011471 8.28463e-05 0.000127456 8.92191e-05 5.09824e-05 0.000611788 
0.0022496 0.00722038 0.0112289 0.0161805 0.0216866 0.0266447 0.0305767 0.0346234 0.038651 0.0424874 0.0469165 0.0507657 0.0535442 0.057215 0.0597959 0.0623451 0.063951 0.0668379 0.0688644 0.0712542 0.0731278 0.0735484 0.0749823 0.0756897 0.0742112 0.076225 0.0756387 0.0751799 0.0758044 0.0755622 0.0737141 0.0727646 0.0705405 0.0704385 0.0690492 0.0671501 0.0659712 0.0635814 0.0619818 0.0594709 0.0587763 0.0556982 0.0551374 0.0525819 0.0504024 0.0496951 0.0460562 0.0455018 0.0434688 0.0406776 0.039677 0.0369813 0.0356622 0.0338842 0.0317174 0.0305066 0.0282442 0.0265363 0.0262495 0.0248157 0.0223303 0.0210621 0.0198768 0.0185512 0.0173977 0.0164482 0.0147212 0.0142305 0.0136059 0.012599 0.0120828 0.0110632 0.00966116 0.00955282 0.00920869 0.00774932 0.00701008 0.00697184 0.00633456 0.00552521 0.00530217 0.00490068 0.00428889 0.00404035 0.00366436 0.00300159 0.00325013 0.00284227 0.00254912 0.00242166 0.00197557 0.00202018 0.00163144 0.00158045 0.00144662 0.00140202 0.00128093 0.00114073 0.00101327 0.00105788 0.000930428 0.000688262 0.000809345 0.000688262 0.00054806 0.00043335 0.000490705 0.000458841 0.000426977 0.000375995 0.000261285 0.000242166 0.000191184 0.000280403 0.000248539 0.000165693 0.000172065 0.00015932 0.000210302 8.92191e-05 0.000121083 0.000101965 0.000140202 5.73552e-05 0.000726499 
0.00212851 0.00637917 0.0108592 0.0149442 0.0197875 0.0243759 0.0279065 0.0322336 0.0366499 0.038753 0.0433732 0.0451959 0.0507784 0.0517407 0.0548379 0.0583684 0.0595028 0.0611024 0.0645437 0.0649006 0.0671438 0.0689919 0.0691831 0.069814 0.0703875 0.0693997 0.0718533 0.0698841 0.0708974 0.0692404 0.0690301 0.0689027 0.0674943 0.0666021 0.0644162 0.0632755 0.0636897 0.0602866 0.0590503 0.0567689 0.0559022 0.0545894 0.0527476 0.0509123 0.0494784 0.0467508 0.0450302 0.0429718 0.0411173 0.0408241 0.0384981 0.0372362 0.0346107 0.0331831 0.0313478 0.0298693 0.0274094 0.0266192 0.02595 0.0242357 0.0225087 0.0205523 0.0197748 0.0192905 0.0175443 0.0164418 0.0151354 0.0147275 0.0132937 0.0126819 0.0121402 0.0112735 0.0103877 0.00922781 0.00868612 0.00843758 0.00723312 0.0071694 0.00648751 0.00625171 0.0053404 0.00511098 0.00455018 0.0043335 0.00365161 0.0038428 0.00347317 0.00282315 0.0026702 0.00247902 0.00226234 0.00196919 0.00195008 0.00173977 0.00154859 0.00169516 0.00139564 0.00117897 0.00109612 0.00107063 0.000796599 0.000898564 0.000822091 0.000669144 0.000669144 0.000528942 0.00059267 0.000426977 0.000439723 0.000401486 0.000305894 0.000293149 0.000280403 0.000261285 0.000248539 0.000146574 0.000178438 0.000197557 0.000146574 0.000152947 0.000191184 8.28463e-05 9.55919e-05 5.73552e-05 0.000873073 
0.00191184 0.00639829 0.0101073 0.014154 0.0176463 0.0218077 0.0250706 0.0298884 0.0326606 0.0360318 0.0404609 0.0431693 0.0468592 0.0482612 0.0504853 0.0530854 0.0546786 0.0579924 0.0590503 0.0621156 0.0619691 0.0641358 0.0636833 0.0649961 0.0644035 0.0661942 0.0651491 0.0666658 0.0655442 0.0644736 0.0646138 0.0656589 0.0633711 0.062071 0.0613573 0.0601401 0.0603249 0.0574253 0.0565012 0.0541369 0.0526011 0.0515623 0.0511608 0.0490578 0.0469101 0.0446669 0.0446733 0.0422708 0.0406776 0.0388549 0.0365671 0.0355028 0.0341008 0.0316027 0.0308635 0.0299012 0.0270079 0.0267976 0.0257206 0.0235029 0.0222411 0.0207435 0.0201189 0.0195454 0.0170918 0.0169134 0.0154986 0.0143707 0.0135167 0.0126118 0.0119299 0.010923 0.0105406 0.00983322 0.00906212 0.00828463 0.00813806 0.0072395 0.00656398 0.00628995 0.00560169 0.00496441 0.00488156 0.0046394 0.003983 0.00376632 0.00328836 0.00300796 0.0029506 0.00265108 0.00232607 0.0023197 0.00198831 0.00187997 0.00150398 0.00169516 0.00137015 0.00131917 0.00109612 0.00113436 0.00105151 0.00100053 0.000892191 0.000815718 0.000694635 0.000611788 0.000605416 0.000554433 0.00043335 0.000465214 0.000395113 0.000337758 0.000344131 0.000254912 0.000235793 0.000184811 0.000203929 0.000184811 0.000121083 0.00015932 0.000108338 0.000127456 0.00011471 0.000121083 0.000962292 
0.00186723 0.00547423 0.00913222 0.0126819 0.0162952 0.0202655 0.0236303 0.0272437 0.0301306 0.0327498 0.0370769 0.0393966 0.0430865 0.045113 0.0466998 0.0489622 0.0512309 0.0526202 0.054908 0.0565586 0.0575527 0.0593052 0.0607646 0.061147 0.0605097 0.0613318 0.0616759 0.060994 0.0610769 0.0609558 0.0622877 0.0609112 0.0589993 0.0598533 0.0575782 0.0569091 0.055335 0.0546467 0.0525564 0.0522059 0.0515241 0.050173 0.0477322 0.0467699 0.0449728 0.0446223 0.0429272 0.0405119 0.0390079 0.0375039 0.0353308 0.0342793 0.0328773 0.0320106 0.02971 0.0283589 0.0273712 0.0261093 0.023796 0.0236622 0.0218969 0.020718 0.01901 0.0186914 0.0179968 0.0170791 0.0154923 0.0143898 0.0134211 0.0126755 0.0122804 0.0110058 0.0107063 0.0100626 0.00934252 0.00860965 0.00806159 0.00705468 0.0067233 0.00657035 0.00549335 0.00519383 0.00507275 0.00450557 0.00439723 0.00374083 0.00344131 0.00326287 0.00293149 0.00284864 0.00262559 0.00239617 0.00224322 0.00205204 0.00182262 0.00175889 0.00151035 0.00135741 0.00122995 0.00136378 0.00108975 0.000943174 0.0010069 0.000809345 0.000681889 0.000739244 0.00054806 0.000611788 0.000599043 0.000439723 0.000369622 0.000388741 0.000280403 0.000337758 0.000254912 0.000267657 0.000248539 0.000191184 0.000184811 0.000191184 0.000172065 0.000165693 7.01008e-05 0.000101965 0.00108338 
0.0016633 0.00503451 0.0088072 0.0114519 0.0149506 0.0184429 0.0215209 0.0245034 0.0277344 0.0309782 0.0338969 0.0362548 0.039779 0.0413786 0.0439404 0.0452723 0.0469165 0.049523 0.0509569 0.0528432 0.054857 0.0542771 0.0551119 0.0558958 0.0564247 0.0572341 0.0581326 0.0576228 0.0569473 0.0577184 0.0576483 0.0558639 0.0566733 0.0556791 0.0548634 0.0546595 0.0536526 0.0507402 0.0512564 0.049574 0.0484651 0.0475857 0.0461964 0.0440679 0.0431757 0.0431757 0.0412766 0.0397854 0.0379691 0.0359744 0.0344832 0.0328836 0.0321444 0.0308698 0.0287732 0.0277153 0.0267849 0.0251534 0.0234646 0.0226935 0.0210812 0.0202209 0.0189846 0.0184811 0.0178884 0.0158874 0.0156707 0.0146638 0.0135549 0.0129495 0.0122676 0.0111588 0.0105597 0.00989695 0.00914496 0.00882632 0.00795962 0.0073797 0.00687625 0.00622622 0.00586297 0.00542325 0.00530217 0.00486882 0.00448008 0.00394476 0.00378544 0.00359426 0.00300796 0.00300796 0.00262559 0.00258098 0.00227509 0.00222411 0.0018736 0.00177164 0.00148486 0.00147849 0.00137652 0.00126819 0.00130005 0.000975038 0.000949547 0.000981411 0.000879446 0.00063728 0.000586297 0.000579924 0.000618161 0.000535315 0.000446096 0.000344131 0.000356877 0.000299521 0.00027403 0.000325013 0.000280403 0.000280403 0.000203929 0.000184811 0.000165693 0.000197557 0.00011471 7.01008e-05 0.00118534 
0.0015932 0.00481146 0.00781942 0.0109931 0.0137015 0.0168433 0.0199596 0.0228082 0.0258672 0.0280977 0.0313414 0.0333425 0.0360573 0.0377588 0.0414487 0.0415825 0.0435581 0.0462028 0.047643 0.0484906 0.0507657 0.0506191 0.0512309 0.0524545 0.0533467 0.0535315 0.0528815 0.0538756 0.0540795 0.0535506 0.0538183 0.0532829 0.0534104 0.0527285 0.0525182 0.0514221 0.049574 0.0482421 0.0484205 0.0474964 0.0470057 0.044361 0.0438385 0.0422007 0.0417482 0.0410153 0.0378735 0.0380711 0.0362421 0.0351778 0.0341837 0.032514 0.031061 0.0298884 0.0278427 0.0274922 0.0256186 0.0241529 0.0229803 0.0223366 0.0211258 0.0200807 0.019112 0.0183409 0.0173085 0.0161359 0.0151418 0.0143133 0.0143388 0.0128476 0.0122358 0.010719 0.010547 0.0101646 0.00885181 0.00869887 0.00844395 0.00729685 0.007214 0.00678065 0.0059267 0.00555708 0.00533403 0.00445458 0.0044036 0.00429526 0.00383005 0.00360063 0.00343494 0.0029506 0.00285501 0.00254912 0.00248539 0.00226234 0.00181625 0.0018736 0.00168879 0.00154859 0.00129368 0.00123632 0.00125544 0.00103877 0.00101965 0.000955919 0.000892191 0.00063728 0.000764735 0.000656398 0.000528942 0.00054806 0.000573552 0.000528942 0.000325013 0.000363249 0.00031864 0.000293149 0.000350504 0.000248539 0.000216675 0.000210302 0.000178438 0.000101965 0.000133829 0.000101965 0.00137015 
0.00160594 0.00400849 0.00705468 0.0101009 0.0125926 0.015881 0.0182326 0.0211131 0.0241975 0.0260839 0.0288496 0.0316218 0.0333297 0.0341709 0.037899 0.0390589 0.0408687 0.0419521 0.0441316 0.045763 0.0459224 0.0479999 0.0477896 0.0485607 0.0498353 0.0493764 0.050001 0.0507466 0.0506828 0.0504024 0.0500774 0.0506956 0.0502877 0.048395 0.0489686 0.0480573 0.04684 0.047216 0.0451704 0.0453743 0.0451895 0.0417546 0.0409834 0.0416207 0.0398682 0.0380392 0.0371407 0.0365289 0.0350249 0.0343621 0.03224 0.0317875 0.030309 0.0282315 0.0270908 0.0263133 0.0255039 0.0240955 0.0225342 0.0215783 0.0208327 0.0196473 0.0187296 0.0175252 0.0169771 0.0161742 0.01518 0.0145427 0.0136696 0.0124971 0.0118152 0.0111205 0.0105725 0.00984597 0.00931065 0.00868612 0.00835474 0.00750078 0.00761549 0.00674879 0.0063473 0.00589484 0.00490068 0.00472861 0.0046394 0.00413594 0.00397662 0.00337121 0.00356877 0.00306531 0.00281678 0.00287413 0.00265108 0.00220499 0.00191184 0.00180987 0.00172703 0.00161232 0.0015231 0.0013829 0.0012172 0.001077 0.00115985 0.000987783 0.00091131 0.000809345 0.000720126 0.000720126 0.000618161 0.000579924 0.000579924 0.000522569 0.000414232 0.000356877 0.000331385 0.000363249 0.000216675 0.000254912 0.000286776 0.000229421 0.000223048 0.000172065 0.000178438 0.000101965 0.00147212 
0.00130005 0.00411683 0.00671693 0.00954008 0.012051 0.0142305 0.0162825 0.0191757 0.0220371 0.0249176 0.0265873 0.0287477 0.0309527 0.032941 0.0339925 0.0368093 0.0381603 0.0396961 0.0400148 0.041984 0.0431056 0.0441762 0.0441826 0.0452915 0.0458077 0.0473626 0.0465724 0.0470758 0.0472288 0.0472479 0.0472861 0.0471842 0.0473053 0.0468528 0.045967 0.0454826 0.0447498 0.0446542 0.0438576 0.0421815 0.0416335 0.0411491 0.0399064 0.0396388 0.0373382 0.0366691 0.0348974 0.0346871 0.0342283 0.0314051 0.0310355 0.0296462 0.0295188 0.0273584 0.0274221 0.0255485 0.0244397 0.0235347 0.02212 0.0209474 0.0200679 0.0193606 0.0182135 0.0173404 0.0168815 0.0159192 0.015282 0.0138863 0.0139819 0.0123441 0.0117387 0.0113117 0.0106681 0.00966753 0.0096038 0.00889642 0.00804884 0.00748804 0.00734146 0.00676791 0.00633456 0.00579287 0.00534678 0.00512373 0.00476685 0.00431438 0.00375358 0.0038428 0.00351778 0.00310992 0.00282952 0.00264471 0.00242166 0.00238343 0.00236431 0.0020138 0.00173977 0.00165055 0.00170791 0.00154859 0.00142751 0.00119809 0.000975038 0.000949547 0.00101327 0.000802972 0.000669144 0.000802972 0.000713753 0.000662771 0.000516196 0.000503451 0.000522569 0.000497078 0.000261285 0.000337758 0.000350504 0.000280403 0.000223048 0.000203929 0.000242166 0.000197557 0.000223048 0.000165693 0.00155496 
0.00120446 0.0036771 0.00593307 0.00874348 0.0110186 0.0134466 0.0158109 0.0180414 0.020017 0.022018 0.0249559 0.0260201 0.0285183 0.0309208 0.0322081 0.033368 0.0353754 0.0368921 0.0374083 0.0391863 0.0391098 0.0413148 0.0412447 0.0421624 0.0438257 0.043488 0.044463 0.0439213 0.0445395 0.045438 0.0442782 0.0444311 0.0444439 0.0435836 0.0434752 0.0422389 0.0417099 0.0415952 0.0415634 0.040754 0.039454 0.0383833 0.0375485 0.0372554 0.0367965 0.0354073 0.0341582 0.0336484 0.0317939 0.0306978 0.030086 0.0284099 0.0276006 0.0269123 0.0255294 0.0244333 0.0238597 0.0225979 0.0216866 0.0206797 0.0199469 0.0193096 0.018462 0.0168624 0.0164227 0.015129 0.0151418 0.014103 0.0134402 0.0124015 0.0113946 0.011197 0.0107637 0.010018 0.00957194 0.00890917 0.00824002 0.00770471 0.00705468 0.0069336 0.00620073 0.00592033 0.00547423 0.00544874 0.00437811 0.00444821 0.00368985 0.00395113 0.00324375 0.00330111 0.00310355 0.00278491 0.00261285 0.0022496 0.00222411 0.00209028 0.00209665 0.00176526 0.00147212 0.00160594 0.00126181 0.00124907 0.00129368 0.00111524 0.000962292 0.000904937 0.000802972 0.000771108 0.00075199 0.000681889 0.000579924 0.000439723 0.000535315 0.000541688 0.00031864 0.000337758 0.000375995 0.00027403 0.000344131 0.000267657 0.000248539 0.000140202 0.000178438 0.000191184 0.00170154 
0.00113436 0.00309081 0.00567179 0.00807433 0.0102156 0.0128221 0.0149315 0.0163845 0.0183473 0.0210748 0.0228019 0.0238789 0.0259691 0.0272819 0.0290217 0.0317047 0.0326096 0.0338587 0.0356813 0.0366436 0.0379882 0.0387912 0.039352 0.0397854 0.0397599 0.0401104 0.0413786 0.0405628 0.0411045 0.0418502 0.0425512 0.0415952 0.0422261 0.0402824 0.0411364 0.0401486 0.0394667 0.0394731 0.0391608 0.0382177 0.0379436 0.0366245 0.0359426 0.0354327 0.0346043 0.0333935 0.0327243 0.0317238 0.0307232 0.0304556 0.0283908 0.0276006 0.0265809 0.0259054 0.024975 0.0242421 0.022171 0.0217822 0.0211194 0.020342 0.0191439 0.0184875 0.0177291 0.0168879 0.0162761 0.0147849 0.0146957 0.0135995 0.0133701 0.0121848 0.0118661 0.0112862 0.0103622 0.00973126 0.00950821 0.00896652 0.0084567 0.00816355 0.00732872 0.00662771 0.00608602 0.00623897 0.0056463 0.00553796 0.00452469 0.00448008 0.00395751 0.00356239 0.00375995 0.0031864 0.00306531 0.0028104 0.00264471 0.00250451 0.00200743 0.0022496 0.00189272 0.00188635 0.00154222 0.00149761 0.00153584 0.00133829 0.00133191 0.00126819 0.00103877 0.000802972 0.000892191 0.000790227 0.000853955 0.000745617 0.000579924 0.000586297 0.000509824 0.00047796 0.000395113 0.000369622 0.000401486 0.000267657 0.000280403 0.00027403 0.000235793 0.00027403 0.000223048 0.000172065 0.00197557 
0.00107063 0.00324375 0.00518746 0.00720763 0.00996705 0.0117323 0.0131789 0.0151609 0.0174742 0.0194816 0.0207243 0.0226617 0.0239872 0.0251088 0.0275177 0.0296271 0.0307933 0.0316091 0.0325459 0.0335846 0.034566 0.0355857 0.0362803 0.0364651 0.0380201 0.0385873 0.0392437 0.0379882 0.0388231 0.0390015 0.0387084 0.0396133 0.0395878 0.0389951 0.0385172 0.0373892 0.0374147 0.0384981 0.0367392 0.0358342 0.0356813 0.0346808 0.0352671 0.0330812 0.0331067 0.0318958 0.0304811 0.0299394 0.0294551 0.0279511 0.0277981 0.0269251 0.0255613 0.0245161 0.0241593 0.0228783 0.0222283 0.0205841 0.0207881 0.0196218 0.0187424 0.0181497 0.0171237 0.0162188 0.015932 0.0152374 0.0143388 0.0131853 0.0129559 0.0120446 0.011522 0.0112926 0.0103877 0.0094636 0.00957194 0.00889642 0.00822091 0.00802335 0.00701008 0.00691448 0.00642378 0.00611788 0.0054806 0.00505363 0.00497078 0.0044737 0.00415506 0.00379819 0.0035369 0.00340945 0.0031864 0.00277854 0.00270844 0.0026001 0.00247902 0.00202018 0.0020138 0.00177164 0.0015932 0.00144025 0.00167605 0.00144025 0.00130005 0.00130005 0.00115348 0.000879446 0.000873073 0.000764735 0.000822091 0.000745617 0.000688262 0.00063728 0.000446096 0.000439723 0.00047796 0.000465214 0.000363249 0.000293149 0.000325013 0.000261285 0.000235793 0.000261285 0.000254912 0.000197557 0.00222411 
0.000936801 0.0028805 0.00488156 0.0066532 0.00907486 0.0108146 0.0119426 0.0142368 0.0160594 0.0181688 0.0193414 0.0211258 0.0224514 0.0236367 0.025899 0.0274667 0.0284163 0.0302963 0.0301306 0.0307933 0.0321954 0.03354 0.0344705 0.0341518 0.0347827 0.0359171 0.035471 0.0362421 0.0360254 0.0370068 0.0366691 0.0367392 0.0366181 0.0363249 0.0354837 0.0361656 0.0352479 0.035471 0.0351906 0.0334763 0.033368 0.0341327 0.0328581 0.0319532 0.0314497 0.0306404 0.0288751 0.0287541 0.0287094 0.0268358 0.0263133 0.0255549 0.0248093 0.0235666 0.0225979 0.0217312 0.0219543 0.0201572 0.0198194 0.0196027 0.0176463 0.0170281 0.0168497 0.0162825 0.0148168 0.0145746 0.0141349 0.0134912 0.0128284 0.0120637 0.0110249 0.0109803 0.00987783 0.00971214 0.00934252 0.00891554 0.00799149 0.00782579 0.00737332 0.0069336 0.006513 0.00610514 0.00539776 0.00509824 0.0047796 0.00455018 0.00398937 0.00388103 0.00400849 0.00318003 0.00307806 0.00293786 0.00284227 0.00266383 0.00247902 0.0021795 0.00228783 0.00178438 0.00184174 0.00154859 0.00167605 0.0015231 0.00125544 0.00127456 0.001077 0.000994156 0.000962292 0.000783854 0.000790227 0.00070738 0.000669144 0.000611788 0.000522569 0.000503451 0.000503451 0.000446096 0.000375995 0.000439723 0.000286776 0.00031864 0.000325013 0.000286776 0.000248539 0.000191184 0.00232607 
0.00101965 0.00280403 0.0046139 0.00636005 0.00790227 0.00981411 0.0114583 0.0129431 0.014957 0.0165565 0.0181688 0.0198449 0.021094 0.022394 0.0239171 0.0251662 0.0268677 0.0277535 0.0277408 0.0294041 0.0306404 0.0311502 0.0320169 0.0313287 0.0321125 0.0333361 0.0329856 0.0336866 0.0351269 0.0344577 0.0338013 0.0343749 0.0350886 0.0344896 0.0332214 0.0339096 0.033317 0.0327625 0.0327498 0.0324439 0.0326415 0.0317748 0.0302963 0.0306786 0.0294232 0.0282697 0.028429 0.0276388 0.0268231 0.0265427 0.0248157 0.0245289 0.0233308 0.0224641 0.0219352 0.0215337 0.0210175 0.0198449 0.0189208 0.0186404 0.0171874 0.0170663 0.0157727 0.0164291 0.0143834 0.0142687 0.0135231 0.0134466 0.0123441 0.0118916 0.0110186 0.0104195 0.00979499 0.00955282 0.0089028 0.0089729 0.00799149 0.00778118 0.00732234 0.00664683 0.0064429 0.0058566 0.00574826 0.00495804 0.00514285 0.00435899 0.00407859 0.00403398 0.00365798 0.00353053 0.00316728 0.00308443 0.00291874 0.00263834 0.00233244 0.00212214 0.00223685 0.00205204 0.00200106 0.00165055 0.00161869 0.00142113 0.00134466 0.00131917 0.0012427 0.00108975 0.000981411 0.000892191 0.000790227 0.000732872 0.000681889 0.000688262 0.000573552 0.000528942 0.000426977 0.000369622 0.000497078 0.000388741 0.000337758 0.000331385 0.000305894 0.000293149 0.000235793 0.000235793 0.00253637 
0.000981411 0.0023898 0.00388741 0.00567816 0.00764735 0.00908761 0.0110823 0.0123314 0.013778 0.0152501 0.0171811 0.0186468 0.019214 0.0201444 0.02277 0.0233882 0.0246627 0.0254912 0.0262687 0.0274349 0.0278236 0.028856 0.0288242 0.029984 0.0304237 0.0308635 0.0314434 0.0316664 0.0326606 0.0315645 0.0322272 0.0321061 0.0322209 0.0312586 0.0334189 0.0320679 0.0312713 0.0313095 0.031437 0.0299012 0.0297737 0.0303026 0.0291938 0.0287349 0.0280849 0.0278045 0.0271099 0.0261986 0.0257716 0.0250132 0.0239171 0.023146 0.0225788 0.0216994 0.0212405 0.0200743 0.0203037 0.0195645 0.0183664 0.0174615 0.0174041 0.0162761 0.0154413 0.0155624 0.0144216 0.0138799 0.0134466 0.012701 0.0119426 0.0119108 0.0108274 0.0101582 0.00971851 0.0095337 0.00907486 0.00853317 0.00785766 0.00758363 0.00710567 0.00678065 0.00625171 0.00579924 0.00569728 0.00526393 0.00514285 0.00418055 0.00428889 0.00410408 0.00383642 0.00343494 0.0031163 0.00282315 0.00302071 0.00268932 0.00240254 0.00236431 0.00240254 0.00198831 0.00192458 0.00174615 0.00151673 0.00136378 0.00139564 0.00144025 0.00123632 0.00123632 0.000885819 0.000892191 0.000771108 0.000790227 0.000681889 0.000618161 0.000573552 0.000605416 0.000541688 0.000471587 0.000497078 0.000439723 0.000254912 0.000286776 0.00031864 0.000331385 0.000254912 0.000248539 0.00274667 
0.000720126 0.00237068 0.00384917 0.00519383 0.00671055 0.00843121 0.0104259 0.0115284 0.013026 0.014479 0.0154477 0.0167222 0.0184492 0.0191375 0.0202719 0.0222347 0.0230695 0.024701 0.0242357 0.0250196 0.0264853 0.0266765 0.0273202 0.0272437 0.0288305 0.029181 0.0289962 0.0288114 0.0299585 0.0301752 0.0299713 0.0301242 0.0302963 0.0299649 0.0307933 0.0299012 0.0299713 0.0296144 0.0291874 0.0284354 0.0284227 0.0281869 0.0281104 0.0274922 0.027027 0.0260902 0.025727 0.0247519 0.0246309 0.0234009 0.0229102 0.0221263 0.021967 0.0212915 0.0200743 0.0195199 0.0194689 0.0185958 0.0178502 0.0169835 0.0165756 0.0160021 0.0152437 0.0144917 0.014479 0.0136696 0.0122931 0.0130833 0.0120573 0.0113818 0.0106936 0.0104259 0.00962929 0.00948909 0.00866063 0.00822728 0.0074498 0.00737332 0.00750078 0.00646201 0.00605416 0.00597768 0.00525118 0.00535952 0.0049198 0.00466489 0.00439086 0.00397662 0.00361338 0.00356239 0.0033967 0.00307169 0.00284227 0.00265746 0.00250451 0.00234519 0.00228146 0.00205204 0.00193096 0.00172065 0.00156771 0.00141476 0.00118534 0.001453 0.00130005 0.00126181 0.00105788 0.000994156 0.000758363 0.00075199 0.000809345 0.000681889 0.000599043 0.000605416 0.000484332 0.000599043 0.000420605 0.000382368 0.000382368 0.000280403 0.000363249 0.000337758 0.000299521 0.000242166 0.00293149 
0.000643652 0.00224322 0.00322463 0.00506637 0.0063728 0.00769196 0.00943174 0.0104514 0.0116877 0.0131853 0.0144599 0.0157536 0.0172766 0.0179777 0.0188635 0.0208454 0.0213807 0.0225215 0.0223749 0.0237514 0.0246627 0.0255167 0.0254147 0.0256314 0.0271991 0.0275305 0.0270653 0.0273265 0.0272501 0.0287413 0.0280403 0.0282315 0.0284991 0.0283653 0.0291555 0.0284036 0.0282888 0.0282315 0.0275687 0.0268295 0.0273011 0.0267466 0.0257525 0.026275 0.0259819 0.0243696 0.024325 0.0234901 0.0240573 0.0224769 0.0220116 0.0216038 0.0202527 0.0196983 0.0183027 0.0190802 0.0187042 0.017812 0.0175124 0.0166457 0.0158173 0.0154158 0.01453 0.0150844 0.0136314 0.013504 0.0123122 0.0120063 0.0114137 0.0112034 0.0107509 0.010069 0.00958468 0.00903662 0.0088773 0.00763461 0.00781305 0.0075199 0.00709292 0.00632181 0.00595219 0.00595856 0.00602229 0.00507912 0.0047095 0.00479872 0.00390015 0.00392564 0.00363249 0.00363249 0.00337758 0.00308443 0.00306531 0.00259373 0.00236431 0.00249814 0.00233882 0.00192458 0.00200106 0.00170154 0.00169516 0.00147212 0.00123632 0.0013829 0.00143388 0.00107063 0.00110887 0.000962292 0.000904937 0.0008667 0.000879446 0.000745617 0.000701008 0.000599043 0.000522569 0.000567179 0.00047796 0.000503451 0.00043335 0.000331385 0.00027403 0.000286776 0.000299521 0.000235793 0.00305257 
0.000586297 0.00205204 0.00357514 0.00462028 0.00611151 0.00697821 0.00872436 0.0099097 0.0113627 0.0121211 0.0134147 0.0145746 0.0157281 0.0165948 0.0178948 0.0191375 0.0191375 0.0212214 0.0208582 0.0221773 0.0228274 0.0239298 0.0242421 0.0241338 0.0253 0.0252681 0.0256186 0.0256314 0.0256951 0.0266702 0.0262559 0.0270589 0.0273775 0.0271162 0.0268167 0.0272118 0.0261922 0.0259373 0.0260902 0.0258035 0.0254976 0.0254211 0.0254784 0.0239617 0.0240509 0.0242676 0.0233308 0.0221773 0.022171 0.0215655 0.0208773 0.0210685 0.0195326 0.0190355 0.0182708 0.018188 0.0173786 0.0172384 0.0165502 0.0161742 0.0156325 0.0147913 0.0141476 0.0136187 0.0134147 0.0125034 0.0121657 0.0114838 0.0110186 0.0104578 0.0104641 0.0103558 0.00920869 0.00918957 0.00815081 0.00802972 0.00785766 0.00715028 0.00688262 0.00643015 0.00600317 0.00585023 0.00547423 0.00490068 0.0049899 0.00481783 0.00411683 0.00398937 0.00385554 0.00319277 0.00342856 0.00330111 0.00298884 0.00281678 0.00270844 0.0023197 0.00230058 0.00226872 0.00184811 0.00168242 0.00165693 0.00159957 0.00153584 0.00130642 0.0012427 0.0012172 0.00110887 0.000981411 0.000949547 0.0008667 0.000777481 0.000790227 0.000701008 0.000579924 0.000599043 0.000509824 0.000490705 0.00047796 0.000509824 0.000350504 0.000401486 0.000261285 0.000363249 0.000305894 0.00309718 
0.000573552 0.00202655 0.00315453 0.00453743 0.0054105 0.00686987 0.00788952 0.009043 0.0104259 0.0111205 0.0131216 0.0134211 0.0148805 0.0156388 0.0166649 0.0173085 0.0188125 0.0187934 0.0197684 0.0204248 0.0212214 0.0222347 0.0230058 0.0230185 0.0227445 0.023898 0.024274 0.024822 0.0242039 0.0248157 0.0249559 0.0248666 0.025727 0.0251725 0.0257397 0.0244142 0.0254211 0.0253892 0.0245353 0.0236622 0.0237642 0.0235284 0.023745 0.0232161 0.022872 0.0225023 0.0227254 0.0215783 0.0212851 0.0207944 0.0200042 0.0191949 0.0189654 0.0182517 0.0172002 0.0175953 0.0167923 0.016206 0.0159065 0.0156325 0.014906 0.0145045 0.0138608 0.0134084 0.0128603 0.0121402 0.0116112 0.0110313 0.0105151 0.0104068 0.0100308 0.00981411 0.00894741 0.00892829 0.00844395 0.00760275 0.00783217 0.00704831 0.00686987 0.00622622 0.00608602 0.00548698 0.00521295 0.00517471 0.00478597 0.00471587 0.0042634 0.00418693 0.00390652 0.00367073 0.00329474 0.00310355 0.00301433 0.00289325 0.00258736 0.00234519 0.00221136 0.00203292 0.00206479 0.00192458 0.00164418 0.00156771 0.00152947 0.00132554 0.00129368 0.00114073 0.00117897 0.00111524 0.00103877 0.000949547 0.000873073 0.000688262 0.000599043 0.000650025 0.000618161 0.000573552 0.000516196 0.000452469 0.00047796 0.000446096 0.000375995 0.000337758 0.000356877 0.000261285 0.0032565 
0.000599043 0.00183537 0.00284227 0.00391927 0.0053404 0.00632819 0.00766647 0.00826552 0.00984597 0.010598 0.0114838 0.0126627 0.0140966 0.0145618 0.0152374 0.0159511 0.0173914 0.0176718 0.0192012 0.0189973 0.0203356 0.0202464 0.0214827 0.0212278 0.0222156 0.0225597 0.0225533 0.0228337 0.0230504 0.0231078 0.0237896 0.0234646 0.023796 0.0235857 0.0237259 0.0233053 0.0238406 0.0240764 0.0236176 0.0227891 0.0225661 0.0218332 0.0215847 0.0223112 0.021419 0.0214954 0.0209792 0.0206351 0.0205459 0.0196537 0.0191056 0.0178884 0.0182963 0.0173595 0.0168815 0.0165948 0.0165119 0.0157153 0.0149315 0.0148677 0.0140775 0.0139819 0.013402 0.0127583 0.0124779 0.0118598 0.0113563 0.0111014 0.0104004 0.00987783 0.00970577 0.00931065 0.00873073 0.00814443 0.00851406 0.00774295 0.00751353 0.00711204 0.00667869 0.00653849 0.00553796 0.00553796 0.00522569 0.00507275 0.00467126 0.00460116 0.00408496 0.00396388 0.0038428 0.00360063 0.00317365 0.00324375 0.0031163 0.00291237 0.00261285 0.00244078 0.0021094 0.00204567 0.00189272 0.00190547 0.00175889 0.00168879 0.00139564 0.00138927 0.00122358 0.0013829 0.0011471 0.00110249 0.00105151 0.00115348 0.000783854 0.00075199 0.000809345 0.000726499 0.00059267 0.000599043 0.000535315 0.000458841 0.000509824 0.000452469 0.000382368 0.000382368 0.000248539 0.000344131 0.00352416 
0.000516196 0.00158045 0.00268295 0.00383005 0.00464577 0.00593307 0.00697821 0.00824002 0.00914496 0.00979499 0.0107127 0.0117642 0.0126373 0.0135613 0.0144917 0.0154923 0.0160849 0.0168497 0.0170345 0.0181752 0.0185002 0.0196473 0.0201826 0.0200488 0.0202655 0.0207052 0.021094 0.0211194 0.021795 0.0222028 0.0219224 0.0220244 0.0227636 0.0228146 0.0218714 0.0222347 0.021744 0.0226043 0.0221964 0.0212915 0.0211704 0.0211449 0.0212469 0.0211577 0.0203037 0.0190802 0.0206733 0.0187551 0.0191248 0.0191503 0.0183919 0.0175698 0.0174041 0.0169708 0.0161614 0.0155687 0.0155114 0.01518 0.0144662 0.0148168 0.0139628 0.012701 0.0129495 0.0125353 0.0119745 0.0115348 0.0106999 0.010821 0.00996068 0.00968665 0.00948272 0.00908761 0.00838023 0.00825277 0.00774295 0.00732234 0.00697821 0.00706743 0.00660222 0.00624534 0.00606053 0.0055762 0.00522569 0.00537864 0.00472224 0.00426977 0.00426977 0.00399574 0.00387466 0.0036771 0.00308443 0.00321189 0.00300159 0.00275942 0.00249814 0.00255549 0.00213489 0.00222411 0.00209028 0.00199469 0.00177164 0.00148486 0.00155496 0.00149123 0.00122995 0.0012873 0.00113436 0.00108338 0.000949547 0.00106426 0.000994156 0.000777481 0.000809345 0.000732872 0.000599043 0.000701008 0.000567179 0.000554433 0.000426977 0.000414232 0.000375995 0.000388741 0.000369622 0.000344131 0.00358151 
Angular Collision Densities:
1.90113 0.83079 0.647444 0.555389 0.497652 0.45865 0.446128 0.415251 0.411906 0.404736 0.407795 0.394508 0.398236 0.4077 0.401104 0.404258 0.407986 0.420031 0.445745 0.465533 0.480923 0.493159 0.53044 0.591332 0.635782 0.711491 0.827253 1.01738 1.4269 45.14 
4.30919 1.86452 1.44956 1.27185 1.16144 1.0712 1.03239 0.989185 0.957353 0.935367 0.921411 0.92772 0.911182 0.918925 0.940051 0.95439 0.967677 0.982972 1.03364 1.0842 1.12693 1.2035 1.26745 1.37844 1.50538 1.69322 2.00074 2.48319 3.40049 44.2635 
5.93397 2.54284 2.0146 1.73671 1.5658 1.479 1.40281 1.36199 1.31057 1.27816 1.28294 1.27864 1.29795 1.27826 1.29087 1.3489 1.35836 1.40578 1.4529 1.50796 1.56044 1.66751 1.7934 1.96059 2.1578 2.44409 2.86231 3.50956 4.88895 42.9822 
7.09263 3.04565 2.39687 2.08505 1.88469 1.78422 1.67926 1.63481 1.57631 1.57593 1.55184 1.54725 1.53071 1.55901 1.5701 1.6178 1.65594 1.67831 1.73518 1.81596 1.90591 2.03429 2.19995 2.35529 2.63604 2.9537 3.46616 4.2937 6.01321 41.4488 
7.97093 3.42401 2.70248 2.36198 2.15808 2.02301 1.89979 1.84148 1.79503 1.77409 1.74025 1.73996 1.74235 1.7652 1.78786 1.82093 1.86978 1.93574 2.01317 2.08496 2.20339 2.34238 2.50632 2.71127 3.00933 3.39065 3.94106 4.95472 6.90432 39.8536 
8.61513 3.68918 2.93553 2.51531 2.30577 2.14709 2.05064 2.01479 1.95323 1.91413 1.89454 1.86356 1.88985 1.91566 1.95084 1.98975 2.01594 2.10914 2.1837 2.30711 2.39391 2.52525 2.70955 2.95436 3.26408 3.72235 4.32095 5.38661 7.53599 38.3322 
9.03468 3.83582 3.07644 2.66396 2.45165 2.2899 2.17692 2.08715 2.06469 2.0212 2.00179 1.98783 2.02626 2.0277 2.0558 2.09413 2.12205 2.20607 2.30233 2.39314 2.52755 2.68632 2.8885 3.13102 3.46263 3.96534 4.63716 5.74345 7.99722 36.739 
9.41074 4.04402 3.19535 2.80562 2.51263 2.35605 2.2532 2.17041 2.15579 2.08773 2.05838 2.07492 2.08553 2.09585 2.10493 2.17194 2.23092 2.3008 2.38454 2.48893 2.60909 2.81614 3.0143 3.29888 3.64999 4.10663 4.85445 5.92823 8.26727 35.2935 
9.58634 4.12575 3.25118 2.85629 2.59695 2.42526 2.32986 2.2271 2.17625 2.16267 2.11296 2.10933 2.12902 2.17634 2.18877 2.22997 2.28426 2.37144 2.47163 2.56416 2.69225 2.8971 3.099 3.34763 3.71575 4.23166 4.93579 6.11922 8.58263 33.724 
9.69599 4.12632 3.27402 2.87493 2.63537 2.46111 2.33024 2.26926 2.21248 2.19202 2.15952 2.14891 2.15512 2.19125 2.23236 2.26037 2.33464 2.41828 2.49982 2.60899 2.79167 2.9471 3.16103 3.37946 3.77971 4.27535 4.98674 6.20344 8.65394 32.3204 
9.71109 4.17154 3.29429 2.87187 2.64025 2.48396 2.35816 2.28895 2.20578 2.17988 2.1772 2.1556 2.15149 2.20014 2.22691 2.3052 2.35596 2.41752 2.51827 2.60966 2.77723 2.95341 3.17327 3.44924 3.78974 4.34618 5.03922 6.24378 8.68806 31.071 
9.68528 4.14773 3.28999 2.85791 2.59848 2.46685 2.32451 2.2639 2.22968 2.17214 2.15455 2.17118 2.16086 2.19651 2.22232 2.25301 2.32241 2.41379 2.50145 2.62247 2.7692 2.94328 3.15931 3.44427 3.81565 4.32487 5.03626 6.2846 8.69179 29.6705 
9.59667 4.1116 3.28196 2.84635 2.59083 2.44046 2.31849 2.2641 2.17166 2.17605 2.14527 2.1534 2.15464 2.16659 2.21133 2.26859 2.33063 2.38903 2.48998 2.61501 2.78106 2.92626 3.15826 3.41885 3.7799 4.26225 4.99028 6.21921 8.62985 28.4528 
9.47211 4.04755 3.21734 2.84032 2.56664 2.41331 2.29315 2.20951 2.16697 2.12472 2.15149 2.08171 2.1468 2.17519 2.17605 2.23695 2.29354 2.36724 2.48472 2.58385 2.71711 2.90284 3.14612 3.39504 3.74606 4.233 4.96438 6.12601 8.43484 27.2249 
9.31018 3.99144 3.19411 2.77456 2.52841 2.37355 2.27518 2.16917 2.11602 2.08878 2.10054 2.09404 2.06287 2.11583 2.16305 2.18552 2.26696 2.34391 2.46101 2.56712 2.6629 2.88401 3.06095 3.33731 3.69377 4.16408 4.90626 6.01474 8.23515 26.1354 
9.12196 3.93007 3.11439 2.71347 2.49524 2.32164 2.19154 2.14011 2.08562 2.04672 2.07836 2.05704 2.07329 2.08811 2.11679 2.15531 2.22615 2.30711 2.39142 2.50967 2.65411 2.8147 2.97071 3.28138 3.65085 4.06801 4.80005 5.88311 8.15801 25.0008 
8.97455 3.82177 3.06573 2.67265 2.40681 2.26171 2.14852 2.08199 2.05704 2.05102 2.01422 2.00083 2.02081 2.06832 2.0797 2.13132 2.18982 2.2553 2.36437 2.46532 2.58949 2.72571 2.94739 3.21036 3.54799 3.98284 4.70245 5.77576 7.98537 23.8007 
8.69418 3.7581 2.94041 2.57783 2.36265 2.1903 2.11822 2.03362 1.98946 1.97646 1.94711 1.94874 1.96164 1.97569 2.01403 2.0558 2.14566 2.173 2.2706 2.40614 2.52592 2.66778 2.89032 3.13742 3.44896 3.92051 4.55945 5.58467 7.68655 22.7515 
8.49095 3.61538 2.92731 2.53223 2.29229 2.14958 2.04098 1.98 1.92666 1.92971 1.91184 1.91289 1.92025 1.91165 1.94807 2.02034 2.05379 2.15789 2.21534 2.31256 2.45184 2.62868 2.78278 3.04116 3.40212 3.8059 4.44952 5.44148 7.46382 21.7625 
8.21402 3.55114 2.81021 2.43893 2.21592 2.08964 1.98554 1.95094 1.89282 1.82848 1.8585 1.87236 1.87494 1.88029 1.91174 1.95027 1.99357 2.09824 2.15703 2.25224 2.38645 2.54447 2.69808 2.9472 3.27077 3.67761 4.30986 5.29187 7.22082 20.7113 
7.97638 3.396 2.70057 2.38186 2.14833 2.02206 1.93306 1.8714 1.83804 1.79225 1.8368 1.81386 1.8043 1.81214 1.84559 1.89979 1.94721 2.01106 2.10082 2.18619 2.33263 2.4701 2.6413 2.85887 3.14975 3.60124 4.20146 5.14829 7.00784 19.8322 
7.69467 3.28406 2.63671 2.32613 2.09031 1.96126 1.85439 1.79598 1.76654 1.74513 1.74618 1.71769 1.73193 1.7848 1.79025 1.83584 1.8714 1.93583 2.03133 2.0971 2.22672 2.37431 2.55651 2.78077 3.07854 3.4785 4.01477 4.98206 6.7355 18.9268 
7.47108 3.22881 2.54905 2.18953 2.02206 1.88823 1.78747 1.7586 1.68911 1.6807 1.68605 1.68433 1.68787 1.69504 1.72199 1.78556 1.80172 1.89903 1.95237 2.05934 2.18523 2.30061 2.47755 2.70143 2.92425 3.33807 3.89174 4.75637 6.50302 18.051 
7.15697 3.05368 2.41341 2.12377 1.93249 1.82542 1.73318 1.66483 1.6416 1.64342 1.61388 1.59983 1.63223 1.65173 1.67974 1.72601 1.73404 1.81567 1.88842 1.97675 2.07043 2.20636 2.35443 2.57659 2.86518 3.20243 3.73353 4.58946 6.28622 17.1899 
6.83444 2.94089 2.37183 2.06345 1.88287 1.75363 1.67726 1.6265 1.58329 1.5896 1.56302 1.56398 1.55844 1.58157 1.61828 1.63911 1.7111 1.75908 1.81558 1.92771 2.01422 2.15837 2.28254 2.47067 2.74129 3.1097 3.60496 4.41147 5.98167 16.3583 
6.66916 2.87177 2.25616 1.94864 1.78929 1.6827 1.62478 1.55528 1.53291 1.52546 1.52765 1.4942 1.51523 1.518 1.54515 1.58711 1.63166 1.67754 1.73528 1.82896 1.93449 2.06995 2.18953 2.42134 2.64847 2.97616 3.46138 4.25279 5.78771 15.6413 
6.36107 2.74578 2.18676 1.89215 1.7673 1.62822 1.52316 1.48798 1.46982 1.4486 1.43589 1.4637 1.45118 1.46638 1.50194 1.51551 1.57555 1.633 1.69513 1.78059 1.88182 1.97283 2.1274 2.29727 2.52076 2.83124 3.34161 4.07298 5.54194 14.8356 
6.11712 2.6522 2.08983 1.82332 1.66913 1.56962 1.46801 1.42375 1.39746 1.39727 1.36591 1.38044 1.37098 1.38666 1.43761 1.44478 1.49716 1.55079 1.61914 1.69322 1.80975 1.90419 2.04863 2.21773 2.44696 2.74607 3.20367 3.89413 5.29665 14.1533 
5.86877 2.51005 2.00064 1.76577 1.59906 1.51991 1.43292 1.38541 1.35559 1.33943 1.34173 1.31773 1.35186 1.35119 1.36371 1.41438 1.44545 1.50605 1.55595 1.62631 1.7154 1.81615 1.95724 2.12826 2.33187 2.64101 3.06277 3.73755 5.08167 13.4785 
5.67826 2.43559 1.92608 1.68662 1.54524 1.42948 1.36305 1.33198 1.30779 1.29221 1.26745 1.27587 1.30435 1.31535 1.33379 1.35024 1.3726 1.44334 1.47814 1.56455 1.65269 1.74675 1.8802 2.00982 2.2597 2.53108 2.93907 3.57218 4.86993 12.7925 
5.42561 2.30262 1.82571 1.60738 1.45854 1.37499 1.30053 1.28667 1.22922 1.23906 1.21048 1.21086 1.21813 1.22635 1.29804 1.28122 1.32146 1.36649 1.43197 1.50376 1.5917 1.67716 1.82323 1.95858 2.12004 2.42459 2.79673 3.42812 4.67588 12.2242 
5.1851 2.22806 1.76778 1.5591 1.40759 1.31793 1.26181 1.23275 1.21507 1.18027 1.16995 1.1863 1.18649 1.1776 1.21564 1.23438 1.2752 1.31353 1.36018 1.43015 1.51303 1.60986 1.72371 1.89129 2.06918 2.33244 2.69407 3.28052 4.44665 11.6246 
4.95042 2.14948 1.68213 1.47823 1.35817 1.26851 1.2209 1.16125 1.13372 1.13143 1.10801 1.10705 1.1233 1.15408 1.15953 1.18735 1.22625 1.27137 1.2969 1.36792 1.44344 1.52374 1.62822 1.78671 1.97828 2.20645 2.54217 3.14402 4.2352 11.0996 
4.73782 2.05494 1.62277 1.43455 1.28208 1.19643 1.15427 1.119 1.0929 1.07742 1.05228 1.08449 1.08191 1.09539 1.11345 1.14672 1.18161 1.20484 1.28361 1.3099 1.40023 1.45787 1.56016 1.70718 1.86701 2.11191 2.44257 2.98562 4.05052 10.4939 
4.53603 1.94616 1.53578 1.35129 1.21822 1.13697 1.08698 1.06843 1.05132 1.02905 1.03039 1.03507 1.02666 1.03067 1.05333 1.08076 1.10781 1.16813 1.18802 1.24317 1.30502 1.40893 1.49143 1.62764 1.81768 2.03047 2.34325 2.85887 3.85647 9.99978 
4.33395 1.83145 1.47699 1.28428 1.16307 1.09988 1.05151 1.00037 0.985648 0.976089 0.99473 0.988994 0.979531 0.980486 1.00123 1.02398 1.06031 1.10026 1.15035 1.20933 1.2555 1.33666 1.42805 1.55786 1.73757 1.92245 2.2207 2.728 3.67264 9.46236 
4.1224 1.76329 1.41323 1.22625 1.11862 1.02389 1.00649 0.973986 0.937088 0.936801 0.930014 0.914241 0.933551 0.955155 0.955346 0.990141 1.01691 1.05151 1.09099 1.15207 1.18964 1.28609 1.36362 1.48645 1.64103 1.8477 2.12329 2.60909 3.47926 9.05284 
3.90684 1.71807 1.35999 1.17894 1.07168 1.00094 0.95678 0.911756 0.909079 0.895123 0.889961 0.892638 0.896652 0.896079 0.91491 0.941772 0.95114 1.01088 1.03641 1.09548 1.14299 1.21134 1.29212 1.41992 1.54983 1.75507 2.00198 2.45719 3.31943 8.55557 
3.72598 1.62277 1.26678 1.10609 1.0257 0.964427 0.9108 0.877152 0.852202 0.847423 0.856886 0.84618 0.847518 0.861666 0.880019 0.88824 0.931257 0.9585 1.00343 1.03459 1.07359 1.18123 1.26363 1.34125 1.50127 1.71071 1.97369 2.31944 3.16209 8.17808 
3.55 1.53253 1.22348 1.05677 0.964236 0.89388 0.853062 0.831363 0.831076 0.804119 0.795994 0.809473 0.812149 0.834135 0.83815 0.858129 0.890248 0.900189 0.946743 0.980391 1.03928 1.10648 1.18649 1.26975 1.40941 1.59304 1.84674 2.26543 3.02625 7.66896 
3.41168 1.45806 1.16842 1.02752 0.927051 0.882409 0.822282 0.809186 0.788347 0.768942 0.780795 0.784045 0.76703 0.776684 0.807465 0.816642 0.840158 0.868644 0.903439 0.938713 0.988803 1.05524 1.11938 1.23409 1.36238 1.52374 1.76128 2.13772 2.82684 7.32693 
3.24477 1.39268 1.09262 0.964618 0.880019 0.817311 0.802208 0.757757 0.753934 0.740264 0.724682 0.729271 0.738543 0.746669 0.759 0.780221 0.796472 0.828591 0.861761 0.877343 0.940242 1.0083 1.08535 1.16976 1.27434 1.46867 1.65928 2.02779 2.70382 6.95747 
3.09116 1.31764 1.07962 0.925808 0.843121 0.794751 0.749919 0.725447 0.728124 0.696196 0.707189 0.696483 0.711395 0.716175 0.728315 0.733859 0.762155 0.789111 0.825532 0.864533 0.904395 0.956206 1.03306 1.11766 1.22348 1.39488 1.5895 1.92742 2.60402 6.62223 
2.95609 1.2774 1.00477 0.8761 0.802208 0.743418 0.732903 0.69677 0.670577 0.676026 0.669526 0.667805 0.687593 0.671629 0.693615 0.711491 0.720763 0.765596 0.78328 0.808039 0.869982 0.914815 0.968442 1.06614 1.17655 1.33437 1.50175 1.84884 2.47038 6.31299 
2.8278 1.19222 0.94789 0.846849 0.770089 0.713689 0.688835 0.659871 0.648878 0.652797 0.640466 0.646297 0.625458 0.657099 0.665798 0.686637 0.691321 0.716557 0.723535 0.783567 0.825628 0.870078 0.932308 0.996259 1.10762 1.23763 1.44382 1.74656 2.36103 5.93874 
2.66912 1.14376 0.915102 0.793891 0.727646 0.679563 0.644003 0.632341 0.619053 0.60959 0.605862 0.615994 0.610163 0.607104 0.630907 0.644672 0.670004 0.673445 0.693328 0.739786 0.777162 0.816451 0.877056 0.956493 1.04625 1.17272 1.37777 1.6611 2.20607 5.61306 
2.54045 1.10839 0.875813 0.751257 0.679181 0.643812 0.622973 0.619914 0.593148 0.564566 0.580147 0.570397 0.555676 0.604523 0.591618 0.624598 0.626605 0.655378 0.671151 0.694858 0.729271 0.791406 0.830025 0.902006 0.998649 1.11833 1.29202 1.58501 2.11994 5.36472 
2.43291 1.0387 0.824863 0.70652 0.657481 0.609781 0.593435 0.574699 0.562941 0.551183 0.539521 0.550036 0.557779 0.550992 0.570971 0.57489 0.599744 0.6137 0.649738 0.669622 0.716079 0.752404 0.80584 0.87046 0.964714 1.06585 1.23294 1.48731 2.01517 5.08673 
2.28637 0.982207 0.776302 0.671533 0.621634 0.592766 0.571927 0.555102 0.533403 0.530057 0.531204 0.517726 0.531491 0.514763 0.537513 0.552426 0.581199 0.579574 0.608443 0.635878 0.66771 0.714454 0.759478 0.829929 0.897799 1.04339 1.16536 1.41562 1.93679 4.8098 
2.17156 0.93508 0.77267 0.653944 0.594199 0.552139 0.531013 0.52088 0.502336 0.5031 0.493637 0.494019 0.507115 0.505968 0.505681 0.528432 0.546117 0.5595 0.571927 0.614369 0.638554 0.669335 0.730227 0.776302 0.858416 0.957544 1.11202 1.35339 1.83403 4.58268 
2.06335 0.884895 0.71866 0.612649 0.555676 0.539425 0.510557 0.491343 0.464481 0.480254 0.476813 0.469261 0.468496 0.477291 0.481114 0.491343 0.508454 0.527476 0.551374 0.57011 0.600126 0.632341 0.682813 0.747433 0.822186 0.910035 1.07044 1.28007 1.73605 4.33137 
1.96795 0.843886 0.665702 0.598501 0.534359 0.500041 0.472607 0.455018 0.449569 0.433796 0.448517 0.440679 0.441539 0.457694 0.466871 0.472129 0.483026 0.495262 0.526138 0.549654 0.572309 0.614178 0.647922 0.703174 0.766934 0.873901 1.02092 1.19758 1.64667 4.12345 
1.86844 0.79934 0.622781 0.560264 0.505681 0.480636 0.451003 0.441061 0.430068 0.432554 0.422421 0.423568 0.43523 0.418693 0.438002 0.449856 0.458746 0.475952 0.502814 0.517917 0.538565 0.581199 0.616759 0.660827 0.748007 0.820944 0.966817 1.14911 1.52383 3.87606 
1.77591 0.74122 0.605288 0.538278 0.478629 0.450047 0.422803 0.416781 0.405979 0.39642 0.393456 0.398523 0.402824 0.409038 0.429208 0.434083 0.440488 0.448326 0.4619 0.482166 0.503674 0.545926 0.580912 0.638841 0.700115 0.771236 0.907167 1.08392 1.46753 3.64645 
1.67219 0.726116 0.565235 0.498703 0.455687 0.445363 0.415443 0.391162 0.393456 0.386765 0.375963 0.386383 0.379596 0.380265 0.383993 0.403302 0.41181 0.413913 0.447561 0.460275 0.491247 0.516674 0.554911 0.591714 0.660445 0.730705 0.845989 1.04817 1.39363 3.47601 
1.57765 0.683578 0.545734 0.474518 0.440679 0.413722 0.3925 0.377971 0.365735 0.366595 0.359521 0.361433 0.358087 0.375676 0.376537 0.380074 0.397089 0.402633 0.433127 0.444407 0.464003 0.487519 0.529675 0.580052 0.620774 0.69285 0.820179 0.986796 1.31047 3.27766 
1.52354 0.650885 0.518395 0.45865 0.418406 0.398045 0.377588 0.360764 0.349484 0.342315 0.336962 0.339351 0.339829 0.342506 0.35197 0.355793 0.379309 0.374147 0.400626 0.424237 0.440296 0.473276 0.489335 0.527954 0.595155 0.680615 0.780699 0.941389 1.23973 3.12872 
1.44525 0.61198 0.497652 0.423568 0.384184 0.358087 0.339351 0.334763 0.330461 0.327307 0.322145 0.32224 0.337057 0.333233 0.339925 0.348911 0.352925 0.362485 0.378544 0.388868 0.412384 0.436855 0.480827 0.517248 0.566 0.637407 0.740646 0.885659 1.18658 2.95245 
1.37652 0.601464 0.469165 0.395846 0.366117 0.336197 0.335145 0.315358 0.31163 0.311152 0.319277 0.304938 0.315549 0.315549 0.323961 0.328072 0.33352 0.355698 0.363632 0.401582 0.398618 0.416494 0.453393 0.489717 0.534072 0.601273 0.706424 0.82276 1.1212 2.81901 
1.31429 0.561316 0.444885 0.378735 0.358087 0.328932 0.315262 0.320615 0.295475 0.296048 0.294041 0.304078 0.293563 0.307328 0.297864 0.315549 0.32377 0.323579 0.352447 0.353021 0.370419 0.400435 0.429973 0.467445 0.513138 0.563992 0.665607 0.793126 1.05524 2.66147 
1.23725 0.528623 0.42395 0.372617 0.33916 0.322527 0.29949 0.283621 0.280467 0.275018 0.271194 0.288019 0.270716 0.286107 0.28257 0.288019 0.297864 0.321093 0.313924 0.340594 0.358661 0.376441 0.402633 0.441826 0.476813 0.544683 0.623833 0.752022 1.00888 2.51608 
1.15303 0.507593 0.39164 0.349389 0.311343 0.303313 0.283908 0.271577 0.270525 0.259628 0.270716 0.264503 0.264598 0.268613 0.273393 0.275974 0.291842 0.303218 0.308666 0.310387 0.331226 0.362771 0.374625 0.418406 0.452341 0.504534 0.595347 0.724778 0.944831 2.36571 
1.09204 0.485511 0.381125 0.338395 0.29796 0.28668 0.267275 0.255422 0.254944 0.255135 0.244907 0.247583 0.25112 0.25351 0.247488 0.258959 0.273775 0.287827 0.295092 0.298056 0.318704 0.340021 0.361911 0.391258 0.437811 0.479967 0.561603 0.68071 0.891586 2.2466 
1.03775 0.44976 0.362963 0.317174 0.283048 0.263165 0.254179 0.248348 0.240987 0.235347 0.234583 0.238406 0.2407 0.249495 0.244524 0.247105 0.249304 0.261348 0.286107 0.299012 0.30924 0.317556 0.341168 0.371088 0.399957 0.457981 0.533212 0.650599 0.87371 2.14078 
1.00725 0.41831 0.335623 0.287158 0.277217 0.255804 0.242899 0.232288 0.224928 0.227413 0.226075 0.225119 0.223972 0.232766 0.233627 0.23812 0.250929 0.254657 0.269474 0.275114 0.284386 0.30685 0.334476 0.347381 0.382941 0.440583 0.496122 0.620678 0.798001 2.01326 
0.95439 0.405597 0.31335 0.272437 0.25676 0.238502 0.234487 0.221964 0.217376 0.215082 0.206861 0.214604 0.219192 0.215273 0.218619 0.228656 0.225597 0.24223 0.24223 0.258385 0.268327 0.291077 0.314211 0.339543 0.375867 0.411332 0.483791 0.582059 0.76311 1.89597 
0.886233 0.388677 0.306085 0.263356 0.248157 0.237259 0.223398 0.215177 0.203515 0.198066 0.196155 0.192044 0.202464 0.210493 0.20992 0.203037 0.231237 0.226935 0.247392 0.239649 0.260679 0.269378 0.291747 0.331226 0.344131 0.38361 0.451481 0.555867 0.715314 1.81099 
0.847614 0.366595 0.291555 0.252458 0.225884 0.206096 0.209824 0.198353 0.202464 0.195486 0.193287 0.185162 0.193669 0.197111 0.198927 0.209442 0.201795 0.21728 0.229803 0.2277 0.243951 0.261922 0.272724 0.292129 0.326638 0.379309 0.421178 0.520785 0.693042 1.72429 
0.813583 0.345182 0.265746 0.241178 0.225023 0.199883 0.194052 0.193287 0.193478 0.175124 0.182676 0.182485 0.186213 0.182485 0.190515 0.187265 0.195868 0.20017 0.211163 0.221678 0.233053 0.249304 0.269474 0.286489 0.314211 0.348241 0.405692 0.484938 0.659584 1.62306 
0.753551 0.321762 0.256473 0.223303 0.20428 0.190324 0.185735 0.180095 0.182198 0.172543 0.166521 0.166043 0.173977 0.177323 0.181338 0.183537 0.181911 0.189846 0.196824 0.205523 0.221773 0.238215 0.256664 0.262782 0.29882 0.335432 0.385713 0.461613 0.610546 1.53062 
0.717513 0.305416 0.250069 0.218428 0.198449 0.186595 0.172735 0.171779 0.168051 0.164131 0.161646 0.16155 0.16155 0.165374 0.168529 0.169867 0.182867 0.179713 0.191375 0.199787 0.205905 0.216325 0.239171 0.256378 0.281805 0.319946 0.362007 0.449091 0.580339 1.44344 
0.671533 0.292703 0.229612 0.204758 0.181051 0.171396 0.167477 0.166617 0.153425 0.154572 0.147594 0.152756 0.150557 0.156675 0.160308 0.16719 0.175602 0.17197 0.176558 0.190897 0.20342 0.202368 0.221964 0.250164 0.274731 0.301784 0.346425 0.407222 0.558066 1.35435 
0.642665 0.278077 0.207435 0.190419 0.177323 0.164323 0.156675 0.147785 0.153903 0.140042 0.142432 0.151513 0.14616 0.151418 0.146638 0.155337 0.15591 0.161168 0.172543 0.174742 0.185735 0.195294 0.200839 0.226553 0.25198 0.283239 0.333425 0.388486 0.525373 1.31018 
0.60959 0.267849 0.210302 0.177036 0.16394 0.153234 0.151991 0.149123 0.13813 0.133064 0.149028 0.132777 0.134402 0.139373 0.151513 0.146447 0.152947 0.16069 0.152756 0.166808 0.18 0.186309 0.203611 0.213744 0.23812 0.273011 0.301784 0.375007 0.488666 1.21889 
0.568581 0.253988 0.193669 0.168624 0.154763 0.148454 0.143388 0.137939 0.133064 0.136696 0.131439 0.129431 0.13316 0.128476 0.130483 0.137174 0.150175 0.143006 0.157153 0.158109 0.166999 0.176654 0.196728 0.212788 0.225023 0.249017 0.289739 0.358087 0.457312 1.15934 
0.547264 0.233244 0.176558 0.158874 0.14702 0.136696 0.13163 0.12838 0.124078 0.120159 0.124843 0.130005 0.119777 0.123218 0.130292 0.135549 0.135071 0.143101 0.139469 0.149315 0.15505 0.167095 0.171779 0.193669 0.210971 0.243473 0.265459 0.329219 0.458746 1.09271 
0.504534 0.241178 0.181816 0.153521 0.144439 0.127998 0.12274 0.119681 0.119012 0.114806 0.117674 0.121593 0.111173 0.115762 0.124365 0.120255 0.122836 0.13641 0.139851 0.146638 0.144535 0.162315 0.167668 0.191949 0.200456 0.213839 0.264407 0.307806 0.420318 1.02331 
0.497078 0.209729 0.157536 0.146256 0.126755 0.126564 0.119777 0.115762 0.114328 0.112607 0.114328 0.106394 0.115571 0.112034 0.117005 0.113085 0.124652 0.115571 0.125512 0.138608 0.140903 0.151513 0.162028 0.175985 0.186022 0.214986 0.254275 0.294806 0.382272 0.973699 
0.462569 0.195008 0.159352 0.133829 0.129814 0.118916 0.112703 0.114232 0.106011 0.10974 0.101423 0.100563 0.111078 0.108592 0.108975 0.101423 0.115093 0.121975 0.126086 0.130579 0.133542 0.135932 0.152947 0.160881 0.174646 0.204662 0.228847 0.275018 0.380074 0.928867 
0.430642 0.179713 0.152278 0.124747 0.120159 0.110982 0.106967 0.100945 0.102188 0.0998936 0.0938713 0.0975994 0.0931065 0.100372 0.104195 0.105056 0.113946 0.113946 0.120446 0.119777 0.12599 0.136983 0.143866 0.154763 0.166904 0.195677 0.220722 0.259723 0.352161 0.884417 
0.409229 0.178279 0.138991 0.121593 0.10974 0.107159 0.101805 0.0977906 0.0961655 0.09043 0.0926286 0.0943492 0.0986509 0.0922462 0.0983641 0.0985553 0.097217 0.10496 0.109262 0.108975 0.119108 0.128189 0.127424 0.147212 0.159543 0.178853 0.204471 0.252076 0.328167 0.835951 
0.393743 0.164609 0.12838 0.115666 0.105151 0.101136 0.0960699 0.093011 0.0905256 0.0891873 0.0880402 0.0872754 0.0867019 0.0869887 0.0911947 0.0962611 0.0971214 0.10171 0.105247 0.102475 0.109835 0.116813 0.121975 0.133829 0.15094 0.165278 0.200934 0.230472 0.310578 0.782898 
0.368125 0.160881 0.126564 0.113181 0.0986509 0.092533 0.0928198 0.087849 0.0839297 0.08479 0.0770471 0.0845033 0.0848856 0.0802016 0.0797237 0.0898564 0.0876578 0.0959743 0.0995112 0.099798 0.109835 0.107541 0.123696 0.128571 0.137366 0.163845 0.179617 0.217376 0.29796 0.733573 
0.342506 0.14941 0.114041 0.110409 0.0968346 0.087371 0.0834518 0.0827826 0.0774295 0.0776207 0.0794369 0.0736058 0.0786722 0.0795325 0.0822091 0.0793413 0.0910991 0.0862239 0.0927242 0.0919594 0.099798 0.112225 0.120063 0.114806 0.131535 0.157344 0.173691 0.21078 0.281709 0.703461 
0.326542 0.14377 0.116718 0.103526 0.0919594 0.0819223 0.0779074 0.073319 0.0799149 0.0747529 0.0731278 0.0697821 0.0725543 0.0770471 0.0785766 0.0814443 0.0800105 0.0863195 0.0792457 0.0896652 0.100276 0.101136 0.104386 0.11624 0.124461 0.14138 0.158683 0.200552 0.273584 0.652224 
0.29949 0.13641 0.105342 0.0919594 0.0867975 0.0812531 0.0747529 0.0701645 0.0760912 0.0693042 0.066054 0.0689218 0.0725543 0.0710248 0.0713116 0.0746573 0.0745617 0.0767603 0.0824002 0.0872754 0.0931065 0.101901 0.099798 0.115093 0.120828 0.137652 0.152565 0.191949 0.252745 0.621061 
0.296909 0.120637 0.100372 0.08479 0.076378 0.0726499 0.0701645 0.0671055 0.0645246 0.0672011 0.0685394 0.0698777 0.0671055 0.0729366 0.0679659 0.0645246 0.0753264 0.0711204 0.0761868 0.0817311 0.0814443 0.0875622 0.0900476 0.0994156 0.1106 0.123218 0.149219 0.178948 0.242708 0.581868 
0.279702 0.116813 0.0872754 0.0835474 0.0757088 0.0684438 0.0666276 0.0655761 0.0640466 0.0605097 0.064429 0.0614656 0.0635686 0.0650025 0.0615612 0.0606053 0.0687306 0.0706424 0.0731278 0.0727455 0.0825914 0.0768559 0.0922462 0.0964523 0.111651 0.119872 0.138513 0.162028 0.226362 0.534455 
0.262973 0.1106 0.0877534 0.0766647 0.0697821 0.0656717 0.0600317 0.0628039 0.0609877 0.0589802 0.0605097 0.0565904 0.0563037 0.0577375 0.0647157 0.0651937 0.0655761 0.0663408 0.0676791 0.0777162 0.0744661 0.0752309 0.0820179 0.0955919 0.100658 0.112416 0.127711 0.161837 0.204662 0.521645 
0.25762 0.103717 0.0824002 0.0717895 0.0661496 0.0602229 0.0616568 0.0565904 0.0555389 0.0561125 0.0557301 0.0517152 0.0534359 0.0572596 0.0569728 0.0606053 0.0612744 0.0614656 0.063473 0.0656717 0.0630907 0.0777162 0.0777162 0.0849812 0.100945 0.101614 0.11796 0.148168 0.199883 0.497652 
0.223781 0.0969302 0.078003 0.0715984 0.0610832 0.0585979 0.0576419 0.0570684 0.0538183 0.0538183 0.0509505 0.05248 0.0499946 0.0554433 0.0547742 0.0551565 0.0562081 0.0585979 0.0610832 0.0621348 0.0661496 0.0704513 0.0772383 0.0851724 0.0910035 0.10257 0.110791 0.139373 0.186595 0.469643 
0.223972 0.0957831 0.0695909 0.0667232 0.0616568 0.0563992 0.0553477 0.0510461 0.050377 0.0487519 0.0508549 0.0480827 0.0478916 0.0521932 0.0538183 0.0540094 0.0547742 0.0539139 0.0619436 0.0621348 0.0607965 0.0683482 0.0734146 0.0747529 0.0866063 0.0917683 0.106776 0.128476 0.171588 0.432076 
0.204758 0.0862239 0.0732234 0.0635686 0.0563037 0.0535315 0.0522888 0.0484651 0.0482739 0.0453106 0.0481783 0.044737 0.0432076 0.0457885 0.0512373 0.0498034 0.0510461 0.0478916 0.0569728 0.0557301 0.0588846 0.0607965 0.0672011 0.0731278 0.0803928 0.0939669 0.103144 0.127902 0.171014 0.419935 
0.196441 0.0859372 0.0682526 0.0620392 0.0534359 0.0543918 0.0458841 0.0450238 0.0472224 0.0429208 0.0450238 0.047318 0.0474136 0.0507593 0.0485607 0.043112 0.050377 0.0495166 0.052002 0.0536271 0.0516196 0.0619436 0.0696865 0.0681571 0.0769515 0.0876578 0.100085 0.117769 0.155719 0.391736 
0.18172 0.0793413 0.0616568 0.0557301 0.0441635 0.0495166 0.0439723 0.0428252 0.0443547 0.0442591 0.0439723 0.0388103 0.0433031 0.042634 0.0451194 0.0408178 0.0478916 0.0477004 0.0505681 0.0542006 0.0536271 0.0551565 0.0625171 0.061848 0.0723631 0.0760912 0.0929154 0.113085 0.150175 0.360955 
0.173595 0.0772383 0.0575463 0.0554433 0.0463621 0.04684 0.0451194 0.0410089 0.0417737 0.0403398 0.0393839 0.0378544 0.0467445 0.0420605 0.0411045 0.0443547 0.0435899 0.0450238 0.0443547 0.0435899 0.0522888 0.0547742 0.0543918 0.058789 0.0638554 0.0796281 0.0867975 0.108401 0.139277 0.355411 
0.171205 0.0713116 0.0578331 0.0484651 0.0437811 0.045215 0.0425384 0.0401486 0.038428 0.0329792 0.0369941 0.0387147 0.0364205 0.0368985 0.0398618 0.0366117 0.0398618 0.0406266 0.044737 0.0467445 0.0478916 0.0526712 0.0477004 0.0595538 0.0675835 0.0724587 0.0833562 0.0956875 0.125417 0.335145 
0.156866 0.0651937 0.0560169 0.0444503 0.0428252 0.0383324 0.0392883 0.0402442 0.0354646 0.0352734 0.0347955 0.0360382 0.0361338 0.0372809 0.0366117 0.0391927 0.0398618 0.0372809 0.0369941 0.0425384 0.0470312 0.049899 0.0505681 0.0588846 0.0677747 0.0650025 0.0773339 0.0959743 0.120255 0.309527 
0.142623 0.0636642 0.0479872 0.0464577 0.0381412 0.0387147 0.0367073 0.0316409 0.0361338 0.0315453 0.0307806 0.0339351 0.0360382 0.0331704 0.0359426 0.033744 0.0386191 0.0373764 0.0357514 0.0389059 0.0397662 0.047796 0.0489431 0.050377 0.0591714 0.0653849 0.0710248 0.0888049 0.118534 0.29796 
0.141094 0.0585023 0.0471268 0.0422516 0.0390015 0.0341263 0.0336484 0.0320233 0.0341263 0.0317365 0.0333616 0.032788 0.0292511 0.0344131 0.032788 0.0293467 0.0356558 0.0340307 0.0356558 0.0432076 0.0424428 0.0420605 0.0469356 0.0470312 0.0576419 0.0620392 0.069113 0.0812531 0.109835 0.269282 
0.127233 0.0582155 0.0430164 0.0364205 0.0354646 0.0344131 0.0325013 0.0317365 0.0312586 0.0331704 0.0280084 0.0308762 0.030685 0.0309718 0.030685 0.0324057 0.0330748 0.0343175 0.0340307 0.035369 0.035847 0.0439723 0.0394795 0.049899 0.0532447 0.0549654 0.0621348 0.0776207 0.106489 0.261253 
0.121593 0.0517152 0.0406266 0.0388103 0.0366117 0.0317365 0.0297291 0.0277217 0.0299203 0.0284864 0.0277217 0.028104 0.0280084 0.0305894 0.0286776 0.0310674 0.0302071 0.0317365 0.0348911 0.0351778 0.0339351 0.0376632 0.037472 0.0422516 0.0497078 0.0551565 0.0646201 0.0732234 0.100849 0.249113 
0.121593 0.0497078 0.0401486 0.0341263 0.0322145 0.0324057 0.0287732 0.0293467 0.0268613 0.0267657 0.0273393 0.0282952 0.0295379 0.0277217 0.0252363 0.0289644 0.028104 0.0270525 0.0330748 0.0325013 0.0369941 0.0378544 0.0370897 0.0391927 0.0435899 0.0523844 0.0549654 0.0672011 0.0927242 0.230377 
0.112416 0.0481783 0.0380456 0.0326924 0.0293467 0.0301115 0.0273393 0.0245671 0.02342 0.0270525 0.0278173 0.0263834 0.0302071 0.0262878 0.0238024 0.0280084 0.0299203 0.0272437 0.0283908 0.0295379 0.0335528 0.0341263 0.0401486 0.0406266 0.0465533 0.0483695 0.0598406 0.0640466 0.0909079 0.230759 
0.103144 0.0455018 0.0352734 0.0325013 0.0270525 0.0274349 0.0253319 0.0244715 0.0248539 0.0251407 0.0261922 0.0247583 0.0235156 0.0256186 0.0216994 0.0243759 0.028104 0.026001 0.0275305 0.0289644 0.0273393 0.0321189 0.0342219 0.0368029 0.0455018 0.045215 0.057164 0.06137 0.0867019 0.198831 
0.0978861 0.0435899 0.0346999 0.0297291 0.0268613 0.0239936 0.0268613 0.0228465 0.023898 0.0235156 0.0219861 0.0222729 0.0241848 0.0230377 0.0226553 0.0235156 0.0218906 0.026001 0.0256186 0.028582 0.0300159 0.0301115 0.0356558 0.0348911 0.0411045 0.043112 0.0485607 0.0588846 0.0786722 0.203324 
0.0937757 0.0412001 0.0329792 0.0289644 0.0245671 0.0266702 0.0216994 0.0224641 0.0239936 0.0226553 0.0214126 0.0195008 0.021317 0.0216994 0.0238024 0.0246627 0.0239936 0.0262878 0.0251407 0.0277217 0.0262878 0.0279128 0.0272437 0.0323101 0.03795 0.0410089 0.0454062 0.0556345 0.0720763 0.188316 
0.0870843 0.03795 0.0305894 0.0242804 0.025523 0.0216038 0.0211258 0.0201699 0.0211258 0.0201699 0.0174933 0.0195963 0.0179713 0.0195963 0.020839 0.0201699 0.025523 0.0224641 0.0231332 0.0256186 0.0257142 0.0297291 0.0279128 0.0315453 0.0367073 0.0402442 0.0456929 0.0558257 0.0680615 0.175124 
0.0861283 0.0395751 0.0273393 0.0252363 0.0225597 0.0214126 0.0181625 0.0177801 0.0175889 0.0200743 0.0162506 0.0206479 0.0199787 0.0197875 0.0195008 0.0181625 0.0189272 0.0202655 0.0243759 0.0252363 0.0228465 0.0258098 0.0270525 0.0299203 0.0323101 0.035847 0.0415825 0.0536271 0.0674879 0.167286 
0.0817311 0.0342219 0.0278173 0.0253319 0.0219861 0.020839 0.0197875 0.020839 0.0150079 0.0154859 0.0174933 0.0188316 0.0190228 0.0189272 0.0204567 0.0203611 0.0202655 0.0173021 0.0220817 0.0236112 0.0203611 0.0233244 0.0228465 0.0277217 0.0316409 0.0347955 0.0377588 0.0456929 0.0666276 0.158013 
0.0736058 0.0322145 0.0246627 0.0242804 0.0211258 0.0197875 0.0172065 0.0189272 0.0179713 0.0160594 0.0168242 0.0173021 0.0179713 0.0180669 0.016155 0.017111 0.0181625 0.0200743 0.0195963 0.0207435 0.020839 0.0226553 0.0265746 0.0240892 0.0275305 0.0317365 0.0363249 0.0440679 0.0590758 0.145587 
0.0711204 0.0303026 0.0242804 0.0203611 0.0202655 0.0174933 0.0167286 0.0168242 0.0162506 0.0137652 0.0159639 0.0150079 0.0177801 0.0170154 0.0172065 0.0167286 0.0170154 0.0188316 0.0175889 0.0195963 0.0220817 0.0240892 0.0258098 0.0237068 0.0297291 0.0319277 0.0373764 0.0397662 0.0548698 0.137079 
0.0651937 0.0280084 0.0212214 0.0206479 0.0158683 0.0184492 0.0165374 0.0163462 0.0126181 0.0127137 0.0143388 0.0151991 0.0133829 0.0147212 0.0157727 0.0147212 0.01453 0.0168242 0.017111 0.0194052 0.018736 0.0173977 0.0209346 0.0221773 0.0267657 0.0292511 0.033744 0.0425384 0.0518108 0.127806 
0.0628995 0.0259054 0.0224641 0.0168242 0.0188316 0.014052 0.0152947 0.0151035 0.0143388 0.0164418 0.01453 0.0146256 0.0142432 0.0149123 0.0120446 0.0158683 0.016155 0.017111 0.0158683 0.0194052 0.0172065 0.0195963 0.0212214 0.0241848 0.0263834 0.0260966 0.0326924 0.0368029 0.0525756 0.125512 
0.0595538 0.0239936 0.0172065 0.0184492 0.0173977 0.0138608 0.0138608 0.0130005 0.0125225 0.0148168 0.0129049 0.0125225 0.0132873 0.0135741 0.012427 0.0121402 0.0151991 0.0158683 0.0153903 0.016155 0.0180669 0.0179713 0.0200743 0.0173977 0.0210302 0.0290599 0.0292511 0.0338395 0.0449282 0.117291 
0.0497078 0.0245671 0.0201699 0.0188316 0.0156771 0.014052 0.0147212 0.014052 0.0130961 0.011949 0.0141476 0.0126181 0.0121402 0.0138608 0.011471 0.0123314 0.0152947 0.01453 0.0141476 0.0163462 0.0165374 0.0176845 0.0196919 0.0176845 0.0222729 0.0268613 0.0281996 0.0346999 0.0461709 0.110695 
0.0529579 0.0211258 0.0180669 0.0165374 0.0129049 0.0130005 0.0131917 0.0123314 0.0121402 0.0117578 0.0121402 0.0109931 0.0112798 0.0125225 0.0131917 0.0108975 0.0137652 0.0141476 0.0131917 0.0152947 0.01453 0.0159639 0.0160594 0.0182581 0.0194052 0.0244715 0.0278173 0.033266 0.0430164 0.105916 
0.0459797 0.0196919 0.0169198 0.0164418 0.012427 0.011949 0.0127137 0.00994156 0.0106107 0.0118534 0.0106107 0.0105151 0.0117578 0.00975038 0.0130961 0.0102283 0.00994156 0.0131917 0.0122358 0.01453 0.014052 0.0160594 0.0170154 0.0170154 0.0188316 0.0198831 0.0225597 0.0321189 0.0418693 0.101519 
0.0499946 0.019214 0.0158683 0.0141476 0.0121402 0.0101327 0.0104195 0.0108019 0.0100372 0.0108975 0.0125225 0.00802972 0.0110887 0.0120446 0.0105151 0.0105151 0.0120446 0.0130005 0.0126181 0.0109931 0.01453 0.0147212 0.0154859 0.0172065 0.0176845 0.0204567 0.0232288 0.0280084 0.0360382 0.0907167 
0.0457885 0.0177801 0.0165374 0.0123314 0.011471 0.0100372 0.0113754 0.0094636 0.0100372 0.0102283 0.0103239 0.0131917 0.00889005 0.0110887 0.0115666 0.00822091 0.0094636 0.00965479 0.0115666 0.012427 0.0130961 0.01453 0.0127137 0.0146256 0.0179713 0.0198831 0.0214126 0.026001 0.0340307 0.0832606 
0.0410089 0.0167286 0.0134785 0.0130961 0.00955919 0.00927242 0.00898564 0.0103239 0.011471 0.00965479 0.00917683 0.00889005 0.00908123 0.0103239 0.0108019 0.0102283 0.00879446 0.00975038 0.0110887 0.00994156 0.0126181 0.0129049 0.0148168 0.0137652 0.0157727 0.0150079 0.0211258 0.0229421 0.0338395 0.0788633 
0.0414869 0.0165374 0.0126181 0.0108019 0.011471 0.00975038 0.00984597 0.00936801 0.00822091 0.0100372 0.0083165 0.00936801 0.00850768 0.0108975 0.00841209 0.0106107 0.0103239 0.00975038 0.00879446 0.0118534 0.011949 0.0118534 0.0108019 0.0138608 0.0151035 0.0159639 0.0196919 0.0244715 0.033266 0.0797237 
0.0378544 0.0162506 0.0121402 0.0113754 0.0102283 0.0117578 0.00726499 0.00955919 0.00879446 0.00802972 0.00802972 0.00793413 0.00822091 0.00898564 0.00822091 0.00860327 0.0105151 0.0094636 0.00898564 0.00975038 0.0102283 0.0115666 0.0125225 0.0123314 0.0149123 0.0144344 0.019214 0.0219861 0.0294423 0.0737014 
0.0359426 0.0129049 0.0110887 0.00822091 0.0103239 0.00774295 0.00850768 0.00917683 0.00841209 0.00812531 0.00965479 0.00860327 0.00774295 0.00965479 0.00936801 0.00726499 0.00659584 0.00879446 0.00975038 0.00975038 0.00984597 0.0109931 0.011471 0.0137652 0.0137652 0.0146256 0.0178757 0.0201699 0.0253319 0.0673923 
0.584067 0.236399 0.195677 0.169771 0.1518 0.149793 0.14138 0.141954 0.129718 0.134211 0.133542 0.131343 0.130579 0.137652 0.134785 0.134593 0.142241 0.141954 0.156102 0.154381 0.172257 0.173691 0.198736 0.210302 0.227222 0.250642 0.280276 0.338491 0.452341 1.12292 
