Infinite flatland isotropic point source isotropic scattering exponential random flight, mu_t = 3
Analogmu_t c: 0.01 maxr: 8.33333 dr: 0.0666667 du: 0.0666667 numsamples: 10000000 numCollisionOrders: 50 numMoments: 5
CollisionDensity:
2.72431 2.23944 1.83628 1.50365 1.23332 1.01164 0.831477 0.681973 0.556441 0.458404 0.374622 0.306838 0.252697 0.205555 0.168261 0.138333 0.113673 0.092589 0.0763005 0.0625335 0.0512325 0.041724 0.0345045 0.0283125 0.022869 0.018654 0.0153525 0.012825 0.0102945 0.0082815 0.006939 0.005439 0.004665 0.0038625 0.003195 0.0025395 0.0020805 0.001779 0.001467 0.0011445 0.000894 0.0008055 0.000603 0.000519 0.0004305 0.000366 0.0002985 0.000267 0.0001935 0.000135 0.000138 0.0001335 0.000105 6.75e-05 5.55e-05 4.35e-05 3.9e-05 3.75e-05 4.2e-05 7.5e-06 1.05e-05 1.35e-05 7.5e-06 9e-06 9e-06 3e-06 3e-06 4.5e-06 7.5e-06 1.5e-06 1.5e-06 1.5e-06 1.5e-06 0 0 1.5e-06 0 0 0 0 0 0 0 0 0 0 0 0 0 0 0 1.5e-06 0 0 0 0 0 0 0 0 0 0 0 0 0 0 0 0 0 0 0 0 0 0 0 0 0 0 0 0 0 0 0 0 0 
Density Moments:
1.01005 0.338737 0.226837 0.227658 0.304499 
Per-collision Density Moments:
0 0 0 0 0 
1 0.333442 0.222319 0.222324 0.296462 
0.0099516 0.00522692 0.00444752 0.00523637 0.00787157 
9.87e-05 6.78838e-05 7.02029e-05 9.65334e-05 0.000165592 
7e-07 4.79939e-07 3.71241e-07 3.01364e-07 2.50618e-07 
0 0 0 0 0 
0 0 0 0 0 
0 0 0 0 0 
0 0 0 0 0 
0 0 0 0 0 
0 0 0 0 0 
0 0 0 0 0 
0 0 0 0 0 
0 0 0 0 0 
0 0 0 0 0 
0 0 0 0 0 
0 0 0 0 0 
0 0 0 0 0 
0 0 0 0 0 
0 0 0 0 0 
0 0 0 0 0 
0 0 0 0 0 
0 0 0 0 0 
0 0 0 0 0 
0 0 0 0 0 
0 0 0 0 0 
0 0 0 0 0 
0 0 0 0 0 
0 0 0 0 0 
0 0 0 0 0 
0 0 0 0 0 
0 0 0 0 0 
0 0 0 0 0 
0 0 0 0 0 
0 0 0 0 0 
0 0 0 0 0 
0 0 0 0 0 
0 0 0 0 0 
0 0 0 0 0 
0 0 0 0 0 
0 0 0 0 0 
0 0 0 0 0 
0 0 0 0 0 
0 0 0 0 0 
0 0 0 0 0 
0 0 0 0 0 
0 0 0 0 0 
0 0 0 0 0 
0 0 0 0 0 
0 0 0 0 0 
Per-collision Densities:
0 0 0 0 0 0 0 0 0 0 0 0 0 0 0 0 0 0 0 0 0 0 0 0 0 0 0 0 0 0 0 0 0 0 0 0 0 0 0 0 0 0 0 0 0 0 0 0 0 0 0 0 0 0 0 0 0 0 0 0 0 0 0 0 0 0 0 0 0 0 0 0 0 0 0 0 0 0 0 0 0 0 0 0 0 0 0 0 0 0 0 0 0 0 0 0 0 0 0 0 0 0 0 0 0 0 0 0 0 0 0 0 0 0 0 0 0 0 0 0 0 0 0 0 0 
2.71757 2.22711 1.8226 1.48987 1.22004 0.999757 0.820725 0.672174 0.547861 0.451149 0.368227 0.301422 0.24792 0.201553 0.164869 0.135319 0.111181 0.090378 0.074445 0.061053 0.049947 0.0406845 0.0336135 0.0275505 0.0222705 0.0181305 0.014901 0.012495 0.010002 0.008037 0.006756 0.00528 0.004524 0.003714 0.0030855 0.0024615 0.002004 0.001725 0.0014145 0.0010965 0.0008625 0.0007845 0.0005835 0.000504 0.0004215 0.000354 0.0002895 0.0002595 0.0001815 0.000132 0.0001335 0.000126 0.0001035 6.45e-05 5.1e-05 3.9e-05 3.75e-05 3.6e-05 4.05e-05 7.5e-06 1.05e-05 1.2e-05 7.5e-06 9e-06 9e-06 3e-06 3e-06 3e-06 7.5e-06 1.5e-06 1.5e-06 1.5e-06 1.5e-06 0 0 1.5e-06 0 0 0 0 0 0 0 0 0 0 0 0 0 0 0 1.5e-06 0 0 0 0 0 0 0 0 0 0 0 0 0 0 0 0 0 0 0 0 0 0 0 0 0 0 0 0 0 0 0 0 0 
0.00672 0.012264 0.013593 0.0136845 0.013176 0.0117855 0.010644 0.0097005 0.008493 0.0071655 0.006309 0.0053625 0.004704 0.0039615 0.0033405 0.002976 0.002454 0.002178 0.001827 0.001452 0.001263 0.0010155 0.000879 0.0007425 0.0005835 0.000513 0.0004365 0.000327 0.0002865 0.0002445 0.0001785 0.000156 0.0001395 0.0001425 0.0001035 7.8e-05 7.5e-05 5.4e-05 5.25e-05 4.35e-05 3.15e-05 2.1e-05 1.95e-05 1.5e-05 9e-06 1.2e-05 9e-06 7.5e-06 1.05e-05 3e-06 4.5e-06 7.5e-06 1.5e-06 3e-06 3e-06 4.5e-06 1.5e-06 1.5e-06 1.5e-06 0 0 1.5e-06 0 0 0 0 0 1.5e-06 0 0 0 0 0 0 0 0 0 0 0 0 0 0 0 0 0 0 0 0 0 0 0 0 0 0 0 0 0 0 0 0 0 0 0 0 0 0 0 0 0 0 0 0 0 0 0 0 0 0 0 0 0 0 0 0 0 
1.95e-05 6.75e-05 9.3e-05 9e-05 0.0001065 0.000102 0.000108 9.75e-05 8.7e-05 9e-05 8.4e-05 5.4e-05 6.9e-05 4.05e-05 4.95e-05 3.75e-05 3.75e-05 3.3e-05 2.85e-05 2.85e-05 2.25e-05 2.4e-05 1.2e-05 1.95e-05 1.5e-05 1.05e-05 1.5e-05 3e-06 6e-06 0 4.5e-06 3e-06 1.5e-06 6e-06 6e-06 0 1.5e-06 0 0 4.5e-06 0 0 0 0 0 0 0 0 1.5e-06 0 0 0 0 0 1.5e-06 0 0 0 0 0 0 0 0 0 0 0 0 0 0 0 0 0 0 0 0 0 0 0 0 0 0 0 0 0 0 0 0 0 0 0 0 0 0 0 0 0 0 0 0 0 0 0 0 0 0 0 0 0 0 0 0 0 0 0 0 0 0 0 0 0 0 0 0 0 0 
0 0 1.5e-06 0 0 0 0 1.5e-06 0 0 1.5e-06 0 4.5e-06 0 1.5e-06 0 0 0 0 0 0 0 0 0 0 0 0 0 0 0 0 0 0 0 0 0 0 0 0 0 0 0 0 0 0 0 0 0 0 0 0 0 0 0 0 0 0 0 0 0 0 0 0 0 0 0 0 0 0 0 0 0 0 0 0 0 0 0 0 0 0 0 0 0 0 0 0 0 0 0 0 0 0 0 0 0 0 0 0 0 0 0 0 0 0 0 0 0 0 0 0 0 0 0 0 0 0 0 0 0 0 0 0 0 0 
0 0 0 0 0 0 0 0 0 0 0 0 0 0 0 0 0 0 0 0 0 0 0 0 0 0 0 0 0 0 0 0 0 0 0 0 0 0 0 0 0 0 0 0 0 0 0 0 0 0 0 0 0 0 0 0 0 0 0 0 0 0 0 0 0 0 0 0 0 0 0 0 0 0 0 0 0 0 0 0 0 0 0 0 0 0 0 0 0 0 0 0 0 0 0 0 0 0 0 0 0 0 0 0 0 0 0 0 0 0 0 0 0 0 0 0 0 0 0 0 0 0 0 0 0 
0 0 0 0 0 0 0 0 0 0 0 0 0 0 0 0 0 0 0 0 0 0 0 0 0 0 0 0 0 0 0 0 0 0 0 0 0 0 0 0 0 0 0 0 0 0 0 0 0 0 0 0 0 0 0 0 0 0 0 0 0 0 0 0 0 0 0 0 0 0 0 0 0 0 0 0 0 0 0 0 0 0 0 0 0 0 0 0 0 0 0 0 0 0 0 0 0 0 0 0 0 0 0 0 0 0 0 0 0 0 0 0 0 0 0 0 0 0 0 0 0 0 0 0 0 
0 0 0 0 0 0 0 0 0 0 0 0 0 0 0 0 0 0 0 0 0 0 0 0 0 0 0 0 0 0 0 0 0 0 0 0 0 0 0 0 0 0 0 0 0 0 0 0 0 0 0 0 0 0 0 0 0 0 0 0 0 0 0 0 0 0 0 0 0 0 0 0 0 0 0 0 0 0 0 0 0 0 0 0 0 0 0 0 0 0 0 0 0 0 0 0 0 0 0 0 0 0 0 0 0 0 0 0 0 0 0 0 0 0 0 0 0 0 0 0 0 0 0 0 0 
0 0 0 0 0 0 0 0 0 0 0 0 0 0 0 0 0 0 0 0 0 0 0 0 0 0 0 0 0 0 0 0 0 0 0 0 0 0 0 0 0 0 0 0 0 0 0 0 0 0 0 0 0 0 0 0 0 0 0 0 0 0 0 0 0 0 0 0 0 0 0 0 0 0 0 0 0 0 0 0 0 0 0 0 0 0 0 0 0 0 0 0 0 0 0 0 0 0 0 0 0 0 0 0 0 0 0 0 0 0 0 0 0 0 0 0 0 0 0 0 0 0 0 0 0 
0 0 0 0 0 0 0 0 0 0 0 0 0 0 0 0 0 0 0 0 0 0 0 0 0 0 0 0 0 0 0 0 0 0 0 0 0 0 0 0 0 0 0 0 0 0 0 0 0 0 0 0 0 0 0 0 0 0 0 0 0 0 0 0 0 0 0 0 0 0 0 0 0 0 0 0 0 0 0 0 0 0 0 0 0 0 0 0 0 0 0 0 0 0 0 0 0 0 0 0 0 0 0 0 0 0 0 0 0 0 0 0 0 0 0 0 0 0 0 0 0 0 0 0 0 
0 0 0 0 0 0 0 0 0 0 0 0 0 0 0 0 0 0 0 0 0 0 0 0 0 0 0 0 0 0 0 0 0 0 0 0 0 0 0 0 0 0 0 0 0 0 0 0 0 0 0 0 0 0 0 0 0 0 0 0 0 0 0 0 0 0 0 0 0 0 0 0 0 0 0 0 0 0 0 0 0 0 0 0 0 0 0 0 0 0 0 0 0 0 0 0 0 0 0 0 0 0 0 0 0 0 0 0 0 0 0 0 0 0 0 0 0 0 0 0 0 0 0 0 0 
0 0 0 0 0 0 0 0 0 0 0 0 0 0 0 0 0 0 0 0 0 0 0 0 0 0 0 0 0 0 0 0 0 0 0 0 0 0 0 0 0 0 0 0 0 0 0 0 0 0 0 0 0 0 0 0 0 0 0 0 0 0 0 0 0 0 0 0 0 0 0 0 0 0 0 0 0 0 0 0 0 0 0 0 0 0 0 0 0 0 0 0 0 0 0 0 0 0 0 0 0 0 0 0 0 0 0 0 0 0 0 0 0 0 0 0 0 0 0 0 0 0 0 0 0 
0 0 0 0 0 0 0 0 0 0 0 0 0 0 0 0 0 0 0 0 0 0 0 0 0 0 0 0 0 0 0 0 0 0 0 0 0 0 0 0 0 0 0 0 0 0 0 0 0 0 0 0 0 0 0 0 0 0 0 0 0 0 0 0 0 0 0 0 0 0 0 0 0 0 0 0 0 0 0 0 0 0 0 0 0 0 0 0 0 0 0 0 0 0 0 0 0 0 0 0 0 0 0 0 0 0 0 0 0 0 0 0 0 0 0 0 0 0 0 0 0 0 0 0 0 
0 0 0 0 0 0 0 0 0 0 0 0 0 0 0 0 0 0 0 0 0 0 0 0 0 0 0 0 0 0 0 0 0 0 0 0 0 0 0 0 0 0 0 0 0 0 0 0 0 0 0 0 0 0 0 0 0 0 0 0 0 0 0 0 0 0 0 0 0 0 0 0 0 0 0 0 0 0 0 0 0 0 0 0 0 0 0 0 0 0 0 0 0 0 0 0 0 0 0 0 0 0 0 0 0 0 0 0 0 0 0 0 0 0 0 0 0 0 0 0 0 0 0 0 0 
0 0 0 0 0 0 0 0 0 0 0 0 0 0 0 0 0 0 0 0 0 0 0 0 0 0 0 0 0 0 0 0 0 0 0 0 0 0 0 0 0 0 0 0 0 0 0 0 0 0 0 0 0 0 0 0 0 0 0 0 0 0 0 0 0 0 0 0 0 0 0 0 0 0 0 0 0 0 0 0 0 0 0 0 0 0 0 0 0 0 0 0 0 0 0 0 0 0 0 0 0 0 0 0 0 0 0 0 0 0 0 0 0 0 0 0 0 0 0 0 0 0 0 0 0 
0 0 0 0 0 0 0 0 0 0 0 0 0 0 0 0 0 0 0 0 0 0 0 0 0 0 0 0 0 0 0 0 0 0 0 0 0 0 0 0 0 0 0 0 0 0 0 0 0 0 0 0 0 0 0 0 0 0 0 0 0 0 0 0 0 0 0 0 0 0 0 0 0 0 0 0 0 0 0 0 0 0 0 0 0 0 0 0 0 0 0 0 0 0 0 0 0 0 0 0 0 0 0 0 0 0 0 0 0 0 0 0 0 0 0 0 0 0 0 0 0 0 0 0 0 
0 0 0 0 0 0 0 0 0 0 0 0 0 0 0 0 0 0 0 0 0 0 0 0 0 0 0 0 0 0 0 0 0 0 0 0 0 0 0 0 0 0 0 0 0 0 0 0 0 0 0 0 0 0 0 0 0 0 0 0 0 0 0 0 0 0 0 0 0 0 0 0 0 0 0 0 0 0 0 0 0 0 0 0 0 0 0 0 0 0 0 0 0 0 0 0 0 0 0 0 0 0 0 0 0 0 0 0 0 0 0 0 0 0 0 0 0 0 0 0 0 0 0 0 0 
0 0 0 0 0 0 0 0 0 0 0 0 0 0 0 0 0 0 0 0 0 0 0 0 0 0 0 0 0 0 0 0 0 0 0 0 0 0 0 0 0 0 0 0 0 0 0 0 0 0 0 0 0 0 0 0 0 0 0 0 0 0 0 0 0 0 0 0 0 0 0 0 0 0 0 0 0 0 0 0 0 0 0 0 0 0 0 0 0 0 0 0 0 0 0 0 0 0 0 0 0 0 0 0 0 0 0 0 0 0 0 0 0 0 0 0 0 0 0 0 0 0 0 0 0 
0 0 0 0 0 0 0 0 0 0 0 0 0 0 0 0 0 0 0 0 0 0 0 0 0 0 0 0 0 0 0 0 0 0 0 0 0 0 0 0 0 0 0 0 0 0 0 0 0 0 0 0 0 0 0 0 0 0 0 0 0 0 0 0 0 0 0 0 0 0 0 0 0 0 0 0 0 0 0 0 0 0 0 0 0 0 0 0 0 0 0 0 0 0 0 0 0 0 0 0 0 0 0 0 0 0 0 0 0 0 0 0 0 0 0 0 0 0 0 0 0 0 0 0 0 
0 0 0 0 0 0 0 0 0 0 0 0 0 0 0 0 0 0 0 0 0 0 0 0 0 0 0 0 0 0 0 0 0 0 0 0 0 0 0 0 0 0 0 0 0 0 0 0 0 0 0 0 0 0 0 0 0 0 0 0 0 0 0 0 0 0 0 0 0 0 0 0 0 0 0 0 0 0 0 0 0 0 0 0 0 0 0 0 0 0 0 0 0 0 0 0 0 0 0 0 0 0 0 0 0 0 0 0 0 0 0 0 0 0 0 0 0 0 0 0 0 0 0 0 0 
0 0 0 0 0 0 0 0 0 0 0 0 0 0 0 0 0 0 0 0 0 0 0 0 0 0 0 0 0 0 0 0 0 0 0 0 0 0 0 0 0 0 0 0 0 0 0 0 0 0 0 0 0 0 0 0 0 0 0 0 0 0 0 0 0 0 0 0 0 0 0 0 0 0 0 0 0 0 0 0 0 0 0 0 0 0 0 0 0 0 0 0 0 0 0 0 0 0 0 0 0 0 0 0 0 0 0 0 0 0 0 0 0 0 0 0 0 0 0 0 0 0 0 0 0 
0 0 0 0 0 0 0 0 0 0 0 0 0 0 0 0 0 0 0 0 0 0 0 0 0 0 0 0 0 0 0 0 0 0 0 0 0 0 0 0 0 0 0 0 0 0 0 0 0 0 0 0 0 0 0 0 0 0 0 0 0 0 0 0 0 0 0 0 0 0 0 0 0 0 0 0 0 0 0 0 0 0 0 0 0 0 0 0 0 0 0 0 0 0 0 0 0 0 0 0 0 0 0 0 0 0 0 0 0 0 0 0 0 0 0 0 0 0 0 0 0 0 0 0 0 
0 0 0 0 0 0 0 0 0 0 0 0 0 0 0 0 0 0 0 0 0 0 0 0 0 0 0 0 0 0 0 0 0 0 0 0 0 0 0 0 0 0 0 0 0 0 0 0 0 0 0 0 0 0 0 0 0 0 0 0 0 0 0 0 0 0 0 0 0 0 0 0 0 0 0 0 0 0 0 0 0 0 0 0 0 0 0 0 0 0 0 0 0 0 0 0 0 0 0 0 0 0 0 0 0 0 0 0 0 0 0 0 0 0 0 0 0 0 0 0 0 0 0 0 0 
0 0 0 0 0 0 0 0 0 0 0 0 0 0 0 0 0 0 0 0 0 0 0 0 0 0 0 0 0 0 0 0 0 0 0 0 0 0 0 0 0 0 0 0 0 0 0 0 0 0 0 0 0 0 0 0 0 0 0 0 0 0 0 0 0 0 0 0 0 0 0 0 0 0 0 0 0 0 0 0 0 0 0 0 0 0 0 0 0 0 0 0 0 0 0 0 0 0 0 0 0 0 0 0 0 0 0 0 0 0 0 0 0 0 0 0 0 0 0 0 0 0 0 0 0 
0 0 0 0 0 0 0 0 0 0 0 0 0 0 0 0 0 0 0 0 0 0 0 0 0 0 0 0 0 0 0 0 0 0 0 0 0 0 0 0 0 0 0 0 0 0 0 0 0 0 0 0 0 0 0 0 0 0 0 0 0 0 0 0 0 0 0 0 0 0 0 0 0 0 0 0 0 0 0 0 0 0 0 0 0 0 0 0 0 0 0 0 0 0 0 0 0 0 0 0 0 0 0 0 0 0 0 0 0 0 0 0 0 0 0 0 0 0 0 0 0 0 0 0 0 
0 0 0 0 0 0 0 0 0 0 0 0 0 0 0 0 0 0 0 0 0 0 0 0 0 0 0 0 0 0 0 0 0 0 0 0 0 0 0 0 0 0 0 0 0 0 0 0 0 0 0 0 0 0 0 0 0 0 0 0 0 0 0 0 0 0 0 0 0 0 0 0 0 0 0 0 0 0 0 0 0 0 0 0 0 0 0 0 0 0 0 0 0 0 0 0 0 0 0 0 0 0 0 0 0 0 0 0 0 0 0 0 0 0 0 0 0 0 0 0 0 0 0 0 0 
0 0 0 0 0 0 0 0 0 0 0 0 0 0 0 0 0 0 0 0 0 0 0 0 0 0 0 0 0 0 0 0 0 0 0 0 0 0 0 0 0 0 0 0 0 0 0 0 0 0 0 0 0 0 0 0 0 0 0 0 0 0 0 0 0 0 0 0 0 0 0 0 0 0 0 0 0 0 0 0 0 0 0 0 0 0 0 0 0 0 0 0 0 0 0 0 0 0 0 0 0 0 0 0 0 0 0 0 0 0 0 0 0 0 0 0 0 0 0 0 0 0 0 0 0 
0 0 0 0 0 0 0 0 0 0 0 0 0 0 0 0 0 0 0 0 0 0 0 0 0 0 0 0 0 0 0 0 0 0 0 0 0 0 0 0 0 0 0 0 0 0 0 0 0 0 0 0 0 0 0 0 0 0 0 0 0 0 0 0 0 0 0 0 0 0 0 0 0 0 0 0 0 0 0 0 0 0 0 0 0 0 0 0 0 0 0 0 0 0 0 0 0 0 0 0 0 0 0 0 0 0 0 0 0 0 0 0 0 0 0 0 0 0 0 0 0 0 0 0 0 
0 0 0 0 0 0 0 0 0 0 0 0 0 0 0 0 0 0 0 0 0 0 0 0 0 0 0 0 0 0 0 0 0 0 0 0 0 0 0 0 0 0 0 0 0 0 0 0 0 0 0 0 0 0 0 0 0 0 0 0 0 0 0 0 0 0 0 0 0 0 0 0 0 0 0 0 0 0 0 0 0 0 0 0 0 0 0 0 0 0 0 0 0 0 0 0 0 0 0 0 0 0 0 0 0 0 0 0 0 0 0 0 0 0 0 0 0 0 0 0 0 0 0 0 0 
0 0 0 0 0 0 0 0 0 0 0 0 0 0 0 0 0 0 0 0 0 0 0 0 0 0 0 0 0 0 0 0 0 0 0 0 0 0 0 0 0 0 0 0 0 0 0 0 0 0 0 0 0 0 0 0 0 0 0 0 0 0 0 0 0 0 0 0 0 0 0 0 0 0 0 0 0 0 0 0 0 0 0 0 0 0 0 0 0 0 0 0 0 0 0 0 0 0 0 0 0 0 0 0 0 0 0 0 0 0 0 0 0 0 0 0 0 0 0 0 0 0 0 0 0 
0 0 0 0 0 0 0 0 0 0 0 0 0 0 0 0 0 0 0 0 0 0 0 0 0 0 0 0 0 0 0 0 0 0 0 0 0 0 0 0 0 0 0 0 0 0 0 0 0 0 0 0 0 0 0 0 0 0 0 0 0 0 0 0 0 0 0 0 0 0 0 0 0 0 0 0 0 0 0 0 0 0 0 0 0 0 0 0 0 0 0 0 0 0 0 0 0 0 0 0 0 0 0 0 0 0 0 0 0 0 0 0 0 0 0 0 0 0 0 0 0 0 0 0 0 
0 0 0 0 0 0 0 0 0 0 0 0 0 0 0 0 0 0 0 0 0 0 0 0 0 0 0 0 0 0 0 0 0 0 0 0 0 0 0 0 0 0 0 0 0 0 0 0 0 0 0 0 0 0 0 0 0 0 0 0 0 0 0 0 0 0 0 0 0 0 0 0 0 0 0 0 0 0 0 0 0 0 0 0 0 0 0 0 0 0 0 0 0 0 0 0 0 0 0 0 0 0 0 0 0 0 0 0 0 0 0 0 0 0 0 0 0 0 0 0 0 0 0 0 0 
0 0 0 0 0 0 0 0 0 0 0 0 0 0 0 0 0 0 0 0 0 0 0 0 0 0 0 0 0 0 0 0 0 0 0 0 0 0 0 0 0 0 0 0 0 0 0 0 0 0 0 0 0 0 0 0 0 0 0 0 0 0 0 0 0 0 0 0 0 0 0 0 0 0 0 0 0 0 0 0 0 0 0 0 0 0 0 0 0 0 0 0 0 0 0 0 0 0 0 0 0 0 0 0 0 0 0 0 0 0 0 0 0 0 0 0 0 0 0 0 0 0 0 0 0 
0 0 0 0 0 0 0 0 0 0 0 0 0 0 0 0 0 0 0 0 0 0 0 0 0 0 0 0 0 0 0 0 0 0 0 0 0 0 0 0 0 0 0 0 0 0 0 0 0 0 0 0 0 0 0 0 0 0 0 0 0 0 0 0 0 0 0 0 0 0 0 0 0 0 0 0 0 0 0 0 0 0 0 0 0 0 0 0 0 0 0 0 0 0 0 0 0 0 0 0 0 0 0 0 0 0 0 0 0 0 0 0 0 0 0 0 0 0 0 0 0 0 0 0 0 
0 0 0 0 0 0 0 0 0 0 0 0 0 0 0 0 0 0 0 0 0 0 0 0 0 0 0 0 0 0 0 0 0 0 0 0 0 0 0 0 0 0 0 0 0 0 0 0 0 0 0 0 0 0 0 0 0 0 0 0 0 0 0 0 0 0 0 0 0 0 0 0 0 0 0 0 0 0 0 0 0 0 0 0 0 0 0 0 0 0 0 0 0 0 0 0 0 0 0 0 0 0 0 0 0 0 0 0 0 0 0 0 0 0 0 0 0 0 0 0 0 0 0 0 0 
0 0 0 0 0 0 0 0 0 0 0 0 0 0 0 0 0 0 0 0 0 0 0 0 0 0 0 0 0 0 0 0 0 0 0 0 0 0 0 0 0 0 0 0 0 0 0 0 0 0 0 0 0 0 0 0 0 0 0 0 0 0 0 0 0 0 0 0 0 0 0 0 0 0 0 0 0 0 0 0 0 0 0 0 0 0 0 0 0 0 0 0 0 0 0 0 0 0 0 0 0 0 0 0 0 0 0 0 0 0 0 0 0 0 0 0 0 0 0 0 0 0 0 0 0 
0 0 0 0 0 0 0 0 0 0 0 0 0 0 0 0 0 0 0 0 0 0 0 0 0 0 0 0 0 0 0 0 0 0 0 0 0 0 0 0 0 0 0 0 0 0 0 0 0 0 0 0 0 0 0 0 0 0 0 0 0 0 0 0 0 0 0 0 0 0 0 0 0 0 0 0 0 0 0 0 0 0 0 0 0 0 0 0 0 0 0 0 0 0 0 0 0 0 0 0 0 0 0 0 0 0 0 0 0 0 0 0 0 0 0 0 0 0 0 0 0 0 0 0 0 
0 0 0 0 0 0 0 0 0 0 0 0 0 0 0 0 0 0 0 0 0 0 0 0 0 0 0 0 0 0 0 0 0 0 0 0 0 0 0 0 0 0 0 0 0 0 0 0 0 0 0 0 0 0 0 0 0 0 0 0 0 0 0 0 0 0 0 0 0 0 0 0 0 0 0 0 0 0 0 0 0 0 0 0 0 0 0 0 0 0 0 0 0 0 0 0 0 0 0 0 0 0 0 0 0 0 0 0 0 0 0 0 0 0 0 0 0 0 0 0 0 0 0 0 0 
0 0 0 0 0 0 0 0 0 0 0 0 0 0 0 0 0 0 0 0 0 0 0 0 0 0 0 0 0 0 0 0 0 0 0 0 0 0 0 0 0 0 0 0 0 0 0 0 0 0 0 0 0 0 0 0 0 0 0 0 0 0 0 0 0 0 0 0 0 0 0 0 0 0 0 0 0 0 0 0 0 0 0 0 0 0 0 0 0 0 0 0 0 0 0 0 0 0 0 0 0 0 0 0 0 0 0 0 0 0 0 0 0 0 0 0 0 0 0 0 0 0 0 0 0 
0 0 0 0 0 0 0 0 0 0 0 0 0 0 0 0 0 0 0 0 0 0 0 0 0 0 0 0 0 0 0 0 0 0 0 0 0 0 0 0 0 0 0 0 0 0 0 0 0 0 0 0 0 0 0 0 0 0 0 0 0 0 0 0 0 0 0 0 0 0 0 0 0 0 0 0 0 0 0 0 0 0 0 0 0 0 0 0 0 0 0 0 0 0 0 0 0 0 0 0 0 0 0 0 0 0 0 0 0 0 0 0 0 0 0 0 0 0 0 0 0 0 0 0 0 
0 0 0 0 0 0 0 0 0 0 0 0 0 0 0 0 0 0 0 0 0 0 0 0 0 0 0 0 0 0 0 0 0 0 0 0 0 0 0 0 0 0 0 0 0 0 0 0 0 0 0 0 0 0 0 0 0 0 0 0 0 0 0 0 0 0 0 0 0 0 0 0 0 0 0 0 0 0 0 0 0 0 0 0 0 0 0 0 0 0 0 0 0 0 0 0 0 0 0 0 0 0 0 0 0 0 0 0 0 0 0 0 0 0 0 0 0 0 0 0 0 0 0 0 0 
0 0 0 0 0 0 0 0 0 0 0 0 0 0 0 0 0 0 0 0 0 0 0 0 0 0 0 0 0 0 0 0 0 0 0 0 0 0 0 0 0 0 0 0 0 0 0 0 0 0 0 0 0 0 0 0 0 0 0 0 0 0 0 0 0 0 0 0 0 0 0 0 0 0 0 0 0 0 0 0 0 0 0 0 0 0 0 0 0 0 0 0 0 0 0 0 0 0 0 0 0 0 0 0 0 0 0 0 0 0 0 0 0 0 0 0 0 0 0 0 0 0 0 0 0 
0 0 0 0 0 0 0 0 0 0 0 0 0 0 0 0 0 0 0 0 0 0 0 0 0 0 0 0 0 0 0 0 0 0 0 0 0 0 0 0 0 0 0 0 0 0 0 0 0 0 0 0 0 0 0 0 0 0 0 0 0 0 0 0 0 0 0 0 0 0 0 0 0 0 0 0 0 0 0 0 0 0 0 0 0 0 0 0 0 0 0 0 0 0 0 0 0 0 0 0 0 0 0 0 0 0 0 0 0 0 0 0 0 0 0 0 0 0 0 0 0 0 0 0 0 
0 0 0 0 0 0 0 0 0 0 0 0 0 0 0 0 0 0 0 0 0 0 0 0 0 0 0 0 0 0 0 0 0 0 0 0 0 0 0 0 0 0 0 0 0 0 0 0 0 0 0 0 0 0 0 0 0 0 0 0 0 0 0 0 0 0 0 0 0 0 0 0 0 0 0 0 0 0 0 0 0 0 0 0 0 0 0 0 0 0 0 0 0 0 0 0 0 0 0 0 0 0 0 0 0 0 0 0 0 0 0 0 0 0 0 0 0 0 0 0 0 0 0 0 0 
0 0 0 0 0 0 0 0 0 0 0 0 0 0 0 0 0 0 0 0 0 0 0 0 0 0 0 0 0 0 0 0 0 0 0 0 0 0 0 0 0 0 0 0 0 0 0 0 0 0 0 0 0 0 0 0 0 0 0 0 0 0 0 0 0 0 0 0 0 0 0 0 0 0 0 0 0 0 0 0 0 0 0 0 0 0 0 0 0 0 0 0 0 0 0 0 0 0 0 0 0 0 0 0 0 0 0 0 0 0 0 0 0 0 0 0 0 0 0 0 0 0 0 0 0 
0 0 0 0 0 0 0 0 0 0 0 0 0 0 0 0 0 0 0 0 0 0 0 0 0 0 0 0 0 0 0 0 0 0 0 0 0 0 0 0 0 0 0 0 0 0 0 0 0 0 0 0 0 0 0 0 0 0 0 0 0 0 0 0 0 0 0 0 0 0 0 0 0 0 0 0 0 0 0 0 0 0 0 0 0 0 0 0 0 0 0 0 0 0 0 0 0 0 0 0 0 0 0 0 0 0 0 0 0 0 0 0 0 0 0 0 0 0 0 0 0 0 0 0 0 
0 0 0 0 0 0 0 0 0 0 0 0 0 0 0 0 0 0 0 0 0 0 0 0 0 0 0 0 0 0 0 0 0 0 0 0 0 0 0 0 0 0 0 0 0 0 0 0 0 0 0 0 0 0 0 0 0 0 0 0 0 0 0 0 0 0 0 0 0 0 0 0 0 0 0 0 0 0 0 0 0 0 0 0 0 0 0 0 0 0 0 0 0 0 0 0 0 0 0 0 0 0 0 0 0 0 0 0 0 0 0 0 0 0 0 0 0 0 0 0 0 0 0 0 0 
0 0 0 0 0 0 0 0 0 0 0 0 0 0 0 0 0 0 0 0 0 0 0 0 0 0 0 0 0 0 0 0 0 0 0 0 0 0 0 0 0 0 0 0 0 0 0 0 0 0 0 0 0 0 0 0 0 0 0 0 0 0 0 0 0 0 0 0 0 0 0 0 0 0 0 0 0 0 0 0 0 0 0 0 0 0 0 0 0 0 0 0 0 0 0 0 0 0 0 0 0 0 0 0 0 0 0 0 0 0 0 0 0 0 0 0 0 0 0 0 0 0 0 0 0 
0 0 0 0 0 0 0 0 0 0 0 0 0 0 0 0 0 0 0 0 0 0 0 0 0 0 0 0 0 0 0 0 0 0 0 0 0 0 0 0 0 0 0 0 0 0 0 0 0 0 0 0 0 0 0 0 0 0 0 0 0 0 0 0 0 0 0 0 0 0 0 0 0 0 0 0 0 0 0 0 0 0 0 0 0 0 0 0 0 0 0 0 0 0 0 0 0 0 0 0 0 0 0 0 0 0 0 0 0 0 0 0 0 0 0 0 0 0 0 0 0 0 0 0 0 
0 0 0 0 0 0 0 0 0 0 0 0 0 0 0 0 0 0 0 0 0 0 0 0 0 0 0 0 0 0 0 0 0 0 0 0 0 0 0 0 0 0 0 0 0 0 0 0 0 0 0 0 0 0 0 0 0 0 0 0 0 0 0 0 0 0 0 0 0 0 0 0 0 0 0 0 0 0 0 0 0 0 0 0 0 0 0 0 0 0 0 0 0 0 0 0 0 0 0 0 0 0 0 0 0 0 0 0 0 0 0 0 0 0 0 0 0 0 0 0 0 0 0 0 0 
Angular Collision Densities:
0.00693 0.00279 0.0023625 0.0020475 0.0019575 0.0017775 0.001845 0.0014175 0.001665 0.0014175 0.0014175 0.0013725 0.0013275 0.00126 0.001395 0.0015975 0.0014175 0.00153 0.0021375 0.0020475 0.0020025 0.0020025 0.002655 0.0027675 0.0024525 0.0036 0.0042525 0.005085 0.0075375 40.7926 
0.01026 0.00396 0.003735 0.0029925 0.0028575 0.0025875 0.0025425 0.0023625 0.00225 0.002565 0.00243 0.0025425 0.0024075 0.002655 0.002565 0.0026325 0.002925 0.002655 0.00297 0.0033075 0.0041175 0.0039825 0.0040275 0.0051525 0.00522 0.00603 0.00765 0.00981 0.014715 33.4677 
0.0092925 0.0044325 0.00342 0.002655 0.0032175 0.0031725 0.0021825 0.0023175 0.0023175 0.0023625 0.0020925 0.00207 0.0027225 0.0024075 0.002925 0.0026775 0.0027 0.0032175 0.0028575 0.003465 0.003915 0.0044325 0.0042975 0.0050175 0.0052875 0.0069975 0.0079875 0.0117675 0.0172575 27.4148 
0.008415 0.003465 0.003375 0.002655 0.0026325 0.002655 0.0021375 0.0019575 0.00234 0.0019125 0.0020475 0.0023175 0.0020475 0.002925 0.002385 0.002475 0.0026325 0.0026325 0.0029925 0.00297 0.003465 0.003465 0.0041175 0.004995 0.0056925 0.0067275 0.00801 0.01107 0.0181125 22.4321 
0.00774 0.00333 0.0028575 0.0023625 0.0015975 0.00216 0.00189 0.00207 0.00189 0.0016875 0.0023625 0.0020475 0.0021375 0.002475 0.0022725 0.0022725 0.0023625 0.0024525 0.0027 0.00288 0.0036 0.0037575 0.004185 0.0041625 0.0052425 0.0059175 0.00801 0.011025 0.0176625 18.3847 
0.0065025 0.002835 0.00216 0.0017325 0.002115 0.0018225 0.0017775 0.00198 0.0017325 0.0020475 0.0020025 0.001575 0.0015975 0.0016425 0.0016875 0.001935 0.00189 0.002025 0.0022275 0.002385 0.0026325 0.003555 0.00342 0.00351 0.005085 0.00603 0.0066825 0.009945 0.016335 15.0738 
0.0050625 0.0026775 0.00216 0.001575 0.00162 0.00153 0.0016875 0.00144 0.0013275 0.0011925 0.001575 0.001755 0.00189 0.0012825 0.0013725 0.0017775 0.002025 0.0018 0.001845 0.0024525 0.0021825 0.002925 0.003015 0.0033975 0.0037125 0.00504 0.0059625 0.00846 0.0150525 12.3844 
0.0052875 0.0018225 0.001575 0.0015525 0.001485 0.001395 0.0012375 0.0011925 0.0013275 0.0012375 0.001215 0.0016425 0.0016425 0.0013725 0.0015075 0.00153 0.0017325 0.0015525 0.0017775 0.002115 0.00216 0.0024075 0.0031725 0.003465 0.0033975 0.0043425 0.0058725 0.008055 0.0124425 10.1501 
0.0045225 0.001755 0.00108 0.0012375 0.00099 0.0013275 0.0010575 0.0009675 0.00117 0.000855 0.0010125 0.0010125 0.00117 0.0012375 0.001215 0.0011475 0.0014625 0.0015975 0.0015525 0.0015975 0.00162 0.0021375 0.00216 0.0027 0.0030375 0.0041175 0.004635 0.0066375 0.0117 8.27991 
0.003375 0.0011925 0.0010125 0.0007425 0.000765 0.0008325 0.0011925 0.0008325 0.000855 0.00063 0.0009675 0.00099 0.0009 0.000855 0.001035 0.00126 0.00135 0.0010125 0.0011025 0.00126 0.0011925 0.00153 0.0023175 0.002385 0.0027 0.0031275 0.0041175 0.006525 0.009675 6.82033 
0.00225 0.00135 0.00117 0.0009225 0.000765 0.00081 0.000765 0.00072 0.00072 0.00099 0.00054 0.000765 0.0006075 0.00072 0.0006975 0.0009225 0.001215 0.00135 0.0009675 0.00126 0.0012825 0.001575 0.0018675 0.00144 0.00216 0.002925 0.003735 0.0054 0.0087525 5.57068 
0.002115 0.0011925 0.000675 0.0007425 0.000585 0.0004725 0.0008325 0.00081 0.0004725 0.0006975 0.000675 0.000585 0.0004725 0.0005175 0.0007425 0.000585 0.00063 0.0008325 0.0010575 0.00072 0.00081 0.001305 0.001305 0.0015975 0.00225 0.00225 0.0025875 0.00432 0.00675 4.56399 
0.001575 0.00081 0.00081 0.000585 0.0004725 0.0006075 0.00036 0.0006975 0.0004275 0.0006525 0.0005625 0.0004725 0.000585 0.0007875 0.00063 0.0005625 0.00081 0.0006075 0.0007425 0.000855 0.0010125 0.00126 0.001215 0.001395 0.001395 0.0020475 0.0023625 0.0034425 0.00648 3.75624 
0.0014175 0.00054 0.000495 0.000675 0.0005175 0.000405 0.0005625 0.0005175 0.00045 0.0003375 0.0003375 0.0003375 0.0002925 0.00054 0.000405 0.000405 0.00072 0.000495 0.0006075 0.0009225 0.0006075 0.0007875 0.00081 0.001125 0.0012825 0.0015975 0.00225 0.0033525 0.00531 3.05523 
0.00126 0.0007875 0.000405 0.000315 0.00036 0.0002025 0.0002475 0.00045 0.000405 0.00036 0.0003825 0.0003825 0.00045 0.000225 0.000315 0.000225 0.000495 0.000495 0.0005175 0.0005175 0.0006075 0.0005175 0.00099 0.0008325 0.0009 0.0016425 0.0020025 0.002745 0.0044325 2.50045 
0.0011475 0.0004725 0.0005175 0.0003375 0.0002925 0.000315 0.00036 0.0002475 0.0002475 0.00036 0.000315 0.0002475 0.0002925 0.00036 0.000315 0.00027 0.000585 0.0005175 0.00054 0.0003825 0.0004725 0.0005625 0.0005625 0.0008775 0.000945 0.001215 0.0016425 0.0020475 0.0038475 2.0547 
0.00108 0.00063 0.0002025 0.0001575 0.0002475 0.000135 0.0002475 0.0001575 0.0001575 0.00027 0.000225 0.000315 0.00036 0.000225 0.0003375 0.000315 0.0001575 0.0004275 0.0003375 0.00036 0.0005175 0.000405 0.0004725 0.00072 0.0009225 0.00117 0.0017775 0.00162 0.00324 1.6879 
0.000855 0.000315 0.0002925 0.000315 0.0002925 0.00036 0.0002925 0.000135 0.0002475 0.000135 0.000135 0.0002475 0.000135 0.00018 9e-05 0.0003375 0.0002475 0.00027 0.0002475 0.0003825 0.0004725 0.0005175 0.0005175 0.000405 0.0006075 0.0006975 0.00126 0.0018675 0.0027675 1.37421 
0.0006525 0.00027 0.000225 0.0002025 0.0001125 0.0001125 0.00018 0.00018 6.75e-05 0.0001125 0.000135 0.0002025 0.0001575 0.0002025 0.00018 0.0002025 0.0002475 0.0003825 0.000315 0.00018 0.0002925 0.0002925 0.000405 0.0005625 0.0003825 0.0007875 0.0011475 0.00162 0.0023175 1.13238 
0.00063 0.0002475 0.00027 0.000135 0.00018 9e-05 6.75e-05 9e-05 0.0001575 0.0001575 0.0001575 0.00018 0.0002925 0.0002025 0.00018 0.00018 0.000135 0.0001575 0.0002025 0.000225 0.0002925 0.000315 0.0001575 0.00054 0.0003825 0.0004725 0.000675 0.0011025 0.0019125 0.928215 
0.0003825 0.0001575 0.0002025 0.0001125 0.000135 0.0001575 4.5e-05 4.5e-05 0.0001125 0.0001125 6.75e-05 0.000135 9e-05 9e-05 0.00018 0.0002025 0.000135 0.00018 0.0001125 0.0001575 0.00018 0.0001575 0.00027 0.00036 0.0003375 0.00036 0.00054 0.001215 0.0018225 0.760432 
0.0002475 0.000225 0.00018 6.75e-05 6.75e-05 0.0001125 6.75e-05 4.5e-05 0.0001125 9e-05 2.25e-05 6.75e-05 9e-05 0.000135 2.25e-05 0.0001125 0.000135 0.0001575 0.0001575 0.000135 9e-05 0.00027 0.0002025 0.0001575 0.000315 0.0003375 0.0005625 0.000945 0.00135 0.61938 
0.0002475 0.000135 2.25e-05 6.75e-05 2.25e-05 9e-05 2.25e-05 0.000135 4.5e-05 0 4.5e-05 0.0001125 0.0001125 0.0001125 0.0001125 0.000135 0.000135 0.0001125 0.0002475 6.75e-05 2.25e-05 0.00018 0.0002475 0.00027 0.000405 0.000315 0.0006525 0.0006975 0.00135 0.511447 
0.0002925 6.75e-05 0.0001125 0.0001125 6.75e-05 9e-05 0.0001125 4.5e-05 9e-05 0.0001125 4.5e-05 6.75e-05 0 0.0001575 6.75e-05 9e-05 0.0002025 0.000135 4.5e-05 9e-05 6.75e-05 0.00018 0.000225 0.0002025 0.0002025 0.0003375 0.000225 0.00045 0.0008775 0.419917 
0.0001575 4.5e-05 4.5e-05 2.25e-05 4.5e-05 4.5e-05 4.5e-05 9e-05 6.75e-05 4.5e-05 0.0001125 4.5e-05 6.75e-05 9e-05 4.5e-05 2.25e-05 6.75e-05 4.5e-05 0.0001125 9e-05 0.0001125 0.0001125 6.75e-05 9e-05 0.0002925 0.0002025 0.0004275 0.000315 0.000675 0.339435 
9e-05 6.75e-05 0.0001125 6.75e-05 4.5e-05 4.5e-05 0 6.75e-05 2.25e-05 2.25e-05 4.5e-05 0 6.75e-05 4.5e-05 2.25e-05 4.5e-05 0.00018 2.25e-05 4.5e-05 6.75e-05 6.75e-05 6.75e-05 6.75e-05 0.0001125 9e-05 0.0003375 0.000405 0.0004725 0.0009 0.27621 
0.0001125 4.5e-05 9e-05 4.5e-05 2.25e-05 4.5e-05 2.25e-05 2.25e-05 2.25e-05 2.25e-05 4.5e-05 9e-05 2.25e-05 2.25e-05 2.25e-05 0.000135 2.25e-05 2.25e-05 6.75e-05 6.75e-05 6.75e-05 6.75e-05 9e-05 9e-05 0.0001125 0.000225 0.0002475 0.000405 0.000585 0.22743 
2.25e-05 4.5e-05 0 0 6.75e-05 2.25e-05 6.75e-05 2.25e-05 4.5e-05 4.5e-05 0 0 0 2.25e-05 2.25e-05 0 4.5e-05 0.0001125 2.25e-05 2.25e-05 9e-05 2.25e-05 2.25e-05 4.5e-05 4.5e-05 6.75e-05 0.00027 0.00018 0.000405 0.190642 
0 0 0 4.5e-05 2.25e-05 0 2.25e-05 4.5e-05 4.5e-05 0 0 2.25e-05 0 0 0 4.5e-05 4.5e-05 9e-05 2.25e-05 0 0 0 0 4.5e-05 9e-05 0.0002025 0.00018 0.000315 0.000495 0.152685 
0.0001575 0 0 2.25e-05 0 0 2.25e-05 4.5e-05 0 2.25e-05 0 2.25e-05 2.25e-05 6.75e-05 2.25e-05 4.5e-05 0 2.25e-05 2.25e-05 0 4.5e-05 6.75e-05 6.75e-05 4.5e-05 9e-05 9e-05 0.0001125 9e-05 0.0003825 0.122737 
4.5e-05 0 2.25e-05 0 4.5e-05 6.75e-05 4.5e-05 0 2.25e-05 0 0 2.25e-05 0 4.5e-05 2.25e-05 0 2.25e-05 0 0 4.5e-05 4.5e-05 4.5e-05 2.25e-05 4.5e-05 4.5e-05 4.5e-05 6.75e-05 0.00027 0.000135 0.10296 
6.75e-05 6.75e-05 4.5e-05 0 0 2.25e-05 4.5e-05 0 0 0 4.5e-05 0 0 0 2.25e-05 4.5e-05 0 0 2.25e-05 2.25e-05 2.25e-05 4.5e-05 2.25e-05 2.25e-05 4.5e-05 4.5e-05 9e-05 4.5e-05 0.000315 0.0805275 
0.000135 0 0 0 2.25e-05 0 4.5e-05 2.25e-05 4.5e-05 0 4.5e-05 0 2.25e-05 0 0 2.25e-05 0 0 2.25e-05 0 0 0 4.5e-05 0 0 4.5e-05 6.75e-05 0.000135 0.00018 0.06912 
2.25e-05 2.25e-05 0 4.5e-05 2.25e-05 0 2.25e-05 0 2.25e-05 2.25e-05 2.25e-05 2.25e-05 2.25e-05 2.25e-05 0 2.25e-05 0 6.75e-05 0 4.5e-05 0 2.25e-05 0 6.75e-05 9e-05 6.75e-05 0 9e-05 0.0001125 0.0570825 
9e-05 0 2.25e-05 0 0 2.25e-05 2.25e-05 0 0 0 0 0 0 0 0 2.25e-05 0 2.25e-05 0 0 0 2.25e-05 0 4.5e-05 2.25e-05 2.25e-05 9e-05 9e-05 0.0002475 0.0471825 
6.75e-05 0 0 0 0 0 0 0 0 2.25e-05 0 0 0 4.5e-05 2.25e-05 0 2.25e-05 2.25e-05 0 0 0 2.25e-05 2.25e-05 0 2.25e-05 4.5e-05 4.5e-05 0.0001125 0.0001575 0.0374625 
0 2.25e-05 0 0 0 0 0 0 0 0 4.5e-05 0 0 2.25e-05 0 0 0 0 0 0 2.25e-05 2.25e-05 0 0 2.25e-05 6.75e-05 4.5e-05 4.5e-05 4.5e-05 0.0308475 
4.5e-05 2.25e-05 0 0 0 0 0 0 0 0 0 0 0 2.25e-05 0 0 0 0 0 0 2.25e-05 0 2.25e-05 2.25e-05 2.25e-05 2.25e-05 0 2.25e-05 6.75e-05 0.0263925 
4.5e-05 0 0 0 0 0 0 0 0 0 0 0 0 0 0 0 0 0 0 0 0 0 0 0 0 6.75e-05 2.25e-05 2.25e-05 0.000135 0.0217125 
2.25e-05 2.25e-05 0 0 0 4.5e-05 2.25e-05 0 2.25e-05 0 0 0 0 0 0 0 0 0 0 0 0 0 2.25e-05 2.25e-05 0 2.25e-05 2.25e-05 0 4.5e-05 0.0168975 
2.25e-05 0 2.25e-05 0 0 0 0 0 0 0 0 0 2.25e-05 0 0 0 0 0 0 0 0 2.25e-05 0 0 0 2.25e-05 0 2.25e-05 2.25e-05 0.0132525 
0 0 0 0 0 0 0 0 0 0 0 0 0 0 2.25e-05 0 0 0 0 0 0 0 0 0 0 0 2.25e-05 0 2.25e-05 0.012015 
0 0 0 0 0 0 0 0 2.25e-05 0 0 0 0 0 0 2.25e-05 0 0 0 0 0 0 0 0 0 0 4.5e-05 0 0 0.008955 
2.25e-05 0 0 0 0 0 0 0 0 0 0 0 0 0 0 0 0 0 0 0 0 0 0 2.25e-05 0 0 0 2.25e-05 4.5e-05 0.0076725 
0 0 0 0 0 0 0 0 0 0 0 0 0 0 0 0 0 0 0 0 0 0 0 0 0 0 0 2.25e-05 2.25e-05 0.0064125 
0 0 0 0 0 0 0 0 0 2.25e-05 0 0 0 0 0 0 0 0 0 0 0 0 0 2.25e-05 0 0 0 0 6.75e-05 0.0053775 
0 0 0 0 0 0 0 0 0 0 0 0 0 0 0 0 0 0 0 0 0 0 0 0 2.25e-05 0 0 0 0 0.004455 
0 0 0 0 0 0 0 0 0 0 0 0 2.25e-05 0 0 0 0 0 0 0 0 0 0 0 0 0 0 0 0 0.0039825 
0 0 0 0 0 0 0 0 0 2.25e-05 0 0 0 0 0 0 2.25e-05 0 0 0 0 0 0 0 2.25e-05 2.25e-05 0 0 0 0.0028125 
0 0 0 0 0 0 0 0 0 0 0 0 0 0 0 0 0 0 0 0 0 0 0 2.25e-05 0 0 0 0 0 0.0020025 
0 0 0 0 0 0 0 0 0 0 0 0 0 0 2.25e-05 0 0 0 0 0 0 0 0 0 0 0 0 0 0 0.0020475 
0 0 0 0 0 0 0 0 0 0 0 0 0 0 0 0 0 0 0 0 0 0 0 0 0 2.25e-05 0 0 0 0.00198 
0 0 0 0 0 0 0 0 0 0 0 0 0 0 0 0 0 0 0 0 0 0 0 0 0 0 0 0 0 0.001575 
0 0 0 0 0 0 0 0 0 0 0 0 0 0 0 0 0 0 0 0 0 0 0 0 0 0 0 0 0 0.0010125 
0 0 0 0 0 0 0 0 0 0 0 0 0 0 0 0 0 0 0 0 0 0 0 0 0 0 0 0 2.25e-05 0.00081 
2.25e-05 0 0 0 0 0 0 0 0 0 0 0 0 0 0 0 0 0 0 0 0 0 0 0 0 0 0 4.5e-05 0 0.000585 
0 0 0 0 0 0 0 0 0 0 0 0 0 0 0 0 0 0 0 0 0 0 0 0 0 0 0 0 0 0.000585 
0 0 0 0 0 0 0 0 0 0 0 0 0 0 0 0 0 0 0 0 0 0 0 0 0 0 0 0 0 0.0005625 
0 0 0 0 0 0 0 0 0 0 0 0 0 0 0 0 0 0 0 0 0 0 0 2.25e-05 0 0 0 0 0 0.0006075 
0 0 0 0 0 0 0 0 0 0 0 0 0 0 0 0 0 0 0 0 0 0 0 0 0 0 0 0 0 0.0001125 
0 0 0 0 0 0 0 0 0 0 0 0 0 0 0 0 0 0 0 0 0 0 0 0 0 0 0 0 0 0.0001575 
0 0 0 0 0 0 0 0 0 0 0 0 0 0 0 0 0 0 0 0 0 0 0 0 0 0 0 0 2.25e-05 0.00018 
0 0 0 0 0 0 0 0 0 0 0 0 0 0 0 0 0 0 0 0 0 0 0 0 0 0 0 0 0 0.0001125 
0 0 0 0 0 0 0 0 0 0 0 0 0 0 0 0 0 0 0 0 0 0 0 0 0 0 0 0 0 0.000135 
0 0 0 0 0 0 0 0 0 0 0 0 0 0 0 0 0 0 0 0 0 0 0 0 0 0 0 0 0 0.000135 
0 0 0 0 0 0 0 0 0 0 0 0 0 0 0 0 0 0 0 0 0 0 0 0 0 0 0 0 0 4.5e-05 
0 0 0 0 0 0 0 0 0 0 0 0 0 0 0 0 0 0 0 0 0 0 0 0 0 0 0 0 0 4.5e-05 
0 0 0 0 0 0 0 0 0 0 0 0 0 0 0 0 0 0 0 0 0 0 0 0 0 0 0 0 0 6.75e-05 
0 0 0 0 0 0 0 0 0 0 0 0 0 0 0 0 0 0 0 0 0 0 0 0 0 0 0 0 0 0.0001125 
0 0 0 0 0 0 0 0 0 0 0 0 0 0 0 0 0 0 0 0 0 0 0 0 0 0 0 0 0 2.25e-05 
0 0 0 0 0 0 0 0 0 0 0 0 0 0 0 0 0 0 0 0 0 0 0 0 0 0 0 0 0 2.25e-05 
0 0 0 0 0 0 0 0 0 0 0 0 0 0 0 0 0 0 0 0 0 0 0 0 0 0 0 0 0 2.25e-05 
0 0 0 0 0 0 0 0 0 0 0 0 0 0 0 0 0 0 0 0 0 0 0 0 0 0 0 0 0 2.25e-05 
0 0 0 0 0 0 0 0 0 0 0 0 0 0 0 0 0 0 0 0 0 0 0 0 0 0 0 0 0 0 
0 0 0 0 0 0 0 0 0 0 0 0 0 0 0 0 0 0 0 0 0 0 0 0 0 0 0 0 0 0 
0 0 0 0 0 0 0 0 0 0 0 0 0 0 0 0 0 0 0 0 0 0 0 0 0 0 0 0 0 2.25e-05 
0 0 0 0 0 0 0 0 0 0 0 0 0 0 0 0 0 0 0 0 0 0 0 0 0 0 0 0 0 0 
0 0 0 0 0 0 0 0 0 0 0 0 0 0 0 0 0 0 0 0 0 0 0 0 0 0 0 0 0 0 
0 0 0 0 0 0 0 0 0 0 0 0 0 0 0 0 0 0 0 0 0 0 0 0 0 0 0 0 0 0 
0 0 0 0 0 0 0 0 0 0 0 0 0 0 0 0 0 0 0 0 0 0 0 0 0 0 0 0 0 0 
0 0 0 0 0 0 0 0 0 0 0 0 0 0 0 0 0 0 0 0 0 0 0 0 0 0 0 0 0 0 
0 0 0 0 0 0 0 0 0 0 0 0 0 0 0 0 0 0 0 0 0 0 0 0 0 0 0 0 0 0 
0 0 0 0 0 0 0 0 0 0 0 0 0 0 0 0 0 0 0 0 0 0 0 0 0 0 0 0 0 0 
0 0 0 0 0 0 0 0 0 0 0 0 0 0 0 0 0 0 0 0 0 0 0 0 0 0 0 0 0 0 
0 0 0 0 0 0 0 0 0 0 0 0 0 0 0 0 0 0 0 0 0 0 0 0 0 0 0 0 0 0 
0 0 0 0 0 0 0 0 0 0 0 0 0 0 0 0 0 0 0 0 0 0 0 0 0 0 0 0 0 0 
0 0 0 0 0 0 0 0 0 0 0 0 0 0 0 0 0 0 0 0 0 0 0 0 0 0 0 0 0 0 
0 0 0 0 0 0 0 0 0 0 0 0 0 0 0 0 0 0 0 0 0 0 0 0 0 0 0 0 0 0 
0 0 0 0 0 0 0 0 0 0 0 0 0 0 0 0 0 0 0 0 0 0 0 0 0 0 0 0 0 0 
0 0 0 0 0 0 0 0 0 0 0 0 0 0 0 0 0 0 0 0 0 0 0 0 0 0 0 0 0 0 
0 0 0 0 0 0 0 0 0 0 0 0 0 0 0 0 0 0 0 0 0 0 0 0 0 0 0 0 0 0 
0 0 0 0 0 0 0 0 0 0 0 0 0 0 0 0 0 0 0 0 0 0 0 0 0 0 0 0 0 2.25e-05 
0 0 0 0 0 0 0 0 0 0 0 0 0 0 0 0 0 0 0 0 0 0 0 0 0 0 0 0 0 0 
0 0 0 0 0 0 0 0 0 0 0 0 0 0 0 0 0 0 0 0 0 0 0 0 0 0 0 0 0 0 
0 0 0 0 0 0 0 0 0 0 0 0 0 0 0 0 0 0 0 0 0 0 0 0 0 0 0 0 0 0 
0 0 0 0 0 0 0 0 0 0 0 0 0 0 0 0 0 0 0 0 0 0 0 0 0 0 0 0 0 0 
0 0 0 0 0 0 0 0 0 0 0 0 0 0 0 0 0 0 0 0 0 0 0 0 0 0 0 0 0 0 
0 0 0 0 0 0 0 0 0 0 0 0 0 0 0 0 0 0 0 0 0 0 0 0 0 0 0 0 0 0 
0 0 0 0 0 0 0 0 0 0 0 0 0 0 0 0 0 0 0 0 0 0 0 0 0 0 0 0 0 0 
0 0 0 0 0 0 0 0 0 0 0 0 0 0 0 0 0 0 0 0 0 0 0 0 0 0 0 0 0 0 
0 0 0 0 0 0 0 0 0 0 0 0 0 0 0 0 0 0 0 0 0 0 0 0 0 0 0 0 0 0 
0 0 0 0 0 0 0 0 0 0 0 0 0 0 0 0 0 0 0 0 0 0 0 0 0 0 0 0 0 0 
0 0 0 0 0 0 0 0 0 0 0 0 0 0 0 0 0 0 0 0 0 0 0 0 0 0 0 0 0 0 
0 0 0 0 0 0 0 0 0 0 0 0 0 0 0 0 0 0 0 0 0 0 0 0 0 0 0 0 0 0 
0 0 0 0 0 0 0 0 0 0 0 0 0 0 0 0 0 0 0 0 0 0 0 0 0 0 0 0 0 0 
0 0 0 0 0 0 0 0 0 0 0 0 0 0 0 0 0 0 0 0 0 0 0 0 0 0 0 0 0 0 
0 0 0 0 0 0 0 0 0 0 0 0 0 0 0 0 0 0 0 0 0 0 0 0 0 0 0 0 0 0 
0 0 0 0 0 0 0 0 0 0 0 0 0 0 0 0 0 0 0 0 0 0 0 0 0 0 0 0 0 0 
0 0 0 0 0 0 0 0 0 0 0 0 0 0 0 0 0 0 0 0 0 0 0 0 0 0 0 0 0 0 
0 0 0 0 0 0 0 0 0 0 0 0 0 0 0 0 0 0 0 0 0 0 0 0 0 0 0 0 0 0 
0 0 0 0 0 0 0 0 0 0 0 0 0 0 0 0 0 0 0 0 0 0 0 0 0 0 0 0 0 0 
0 0 0 0 0 0 0 0 0 0 0 0 0 0 0 0 0 0 0 0 0 0 0 0 0 0 0 0 0 0 
0 0 0 0 0 0 0 0 0 0 0 0 0 0 0 0 0 0 0 0 0 0 0 0 0 0 0 0 0 0 
0 0 0 0 0 0 0 0 0 0 0 0 0 0 0 0 0 0 0 0 0 0 0 0 0 0 0 0 0 0 
0 0 0 0 0 0 0 0 0 0 0 0 0 0 0 0 0 0 0 0 0 0 0 0 0 0 0 0 0 0 
0 0 0 0 0 0 0 0 0 0 0 0 0 0 0 0 0 0 0 0 0 0 0 0 0 0 0 0 0 0 
0 0 0 0 0 0 0 0 0 0 0 0 0 0 0 0 0 0 0 0 0 0 0 0 0 0 0 0 0 0 
0 0 0 0 0 0 0 0 0 0 0 0 0 0 0 0 0 0 0 0 0 0 0 0 0 0 0 0 0 0 
0 0 0 0 0 0 0 0 0 0 0 0 0 0 0 0 0 0 0 0 0 0 0 0 0 0 0 0 0 0 
0 0 0 0 0 0 0 0 0 0 0 0 0 0 0 0 0 0 0 0 0 0 0 0 0 0 0 0 0 0 
0 0 0 0 0 0 0 0 0 0 0 0 0 0 0 0 0 0 0 0 0 0 0 0 0 0 0 0 0 0 
0 0 0 0 0 0 0 0 0 0 0 0 0 0 0 0 0 0 0 0 0 0 0 0 0 0 0 0 0 0 
0 0 0 0 0 0 0 0 0 0 0 0 0 0 0 0 0 0 0 0 0 0 0 0 0 0 0 0 0 0 
0 0 0 0 0 0 0 0 0 0 0 0 0 0 0 0 0 0 0 0 0 0 0 0 0 0 0 0 0 0 
0 0 0 0 0 0 0 0 0 0 0 0 0 0 0 0 0 0 0 0 0 0 0 0 0 0 0 0 0 0 
