Infintie flatland isotropic point source isotropic scattering exponential random flight, mu_t = 1
Analogmu_t c: 0.99 mu_t: 1 maxr: 25 dr: 0.2 du: 0.0666667 numsamples: 1010101 numCollisionOrders: 50 numMoments: 5
CollisionDensity:
1.56506 2.41552 3.07577 3.61114 4.07898 4.47514 4.82618 5.11483 5.37434 5.60335 5.79002 5.95741 6.09032 6.2052 6.30066 6.3847 6.451 6.48937 6.51732 6.53829 6.55206 6.54434 6.52738 6.51976 6.49561 6.4592 6.42562 6.38495 6.31529 6.29133 6.21805 6.16322 6.08675 6.02567 5.95647 5.88545 5.81532 5.74191 5.66251 5.58963 5.52081 5.4229 5.34835 5.26533 5.18458 5.11873 5.03814 4.95051 4.88176 4.79933 4.71086 4.63043 4.54891 4.46949 4.37202 4.30883 4.23347 4.15305 4.08231 4.00335 3.9104 3.84944 3.77727 3.7067 3.62352 3.5548 3.48983 3.41477 3.35195 3.29111 3.21631 3.14969 3.08844 3.03003 2.96111 2.90171 2.84099 2.77734 2.72387 2.65806 2.6115 2.54494 2.49163 2.4337 2.39111 2.3364 2.28002 2.22798 2.18117 2.13417 2.09142 2.04467 1.99518 1.95187 1.91068 1.86688 1.82562 1.78702 1.74227 1.70821 1.65976 1.62925 1.59294 1.55972 1.51539 1.49207 1.4507 1.41323 1.38072 1.34659 1.31615 1.28786 1.25217 1.22813 1.20543 1.17353 1.14247 1.11497 1.09153 1.0655 1.03956 1.01402 0.993589 0.962958 0.944896 37.6343 
Density Moments:
99.7899 1104.48 19912.6 498526 1.59902e+07 
Per-collision Density Moments:
0 0 0 0 0 
1 0.999816 2.00056 6.01136 24.1298 
0.990038 1.55534 3.95877 13.972 63.0304 
0.980201 1.95984 5.87989 23.5158 117.44 
0.970471 2.2852 7.75655 34.2602 186.116 
0.960858 2.55875 9.58694 46.0131 268.741 
0.951106 2.79919 11.4029 58.8094 365.745 
0.941542 3.00946 13.1605 72.1971 474.161 
0.932148 3.20018 14.8967 86.4012 596.808 
0.92275 3.37254 16.5898 101.093 730.103 
0.91343 3.52973 18.2456 116.293 875.172 
0.904316 3.67461 19.8883 132.225 1034.19 
0.895201 3.8059 21.4738 148.348 1202.42 
0.886226 3.92854 23.0385 164.982 1382.57 
0.877435 4.0426 24.5711 181.886 1571.87 
0.868716 4.14952 26.0892 199.445 1777.98 
0.860058 4.24699 27.5556 217.013 1989.67 
0.851447 4.33683 28.9667 234.443 2205.67 
0.842874 4.42036 30.3567 252.309 2435.12 
0.834315 4.49799 31.7031 270.036 2667.02 
0.825913 4.5713 33.0425 288.275 2912.71 
0.817848 4.64053 34.3444 306.464 3164.93 
0.809716 4.70574 35.6381 325.058 3427.17 
0.801668 4.76726 36.9097 343.864 3699.3 
0.793759 4.8248 38.1448 362.538 3974.92 
0.785814 4.87623 39.3247 381.012 4255.46 
0.777895 4.92342 40.4655 399.293 4539.37 
0.770105 4.96861 41.598 417.866 4834.09 
0.762515 5.01303 42.7382 436.886 5140.52 
0.754838 5.05078 43.7982 455.164 5442.37 
0.747304 5.08651 44.8514 473.843 5758.39 
0.739707 5.1198 45.8775 492.259 6072.53 
0.732296 5.15121 46.8894 510.805 6394.46 
0.725 5.18148 47.8955 529.602 6727.07 
0.717721 5.20714 48.8437 547.881 7057.68 
0.71047 5.23108 49.7702 565.998 7388.39 
0.703282 5.25218 50.6549 583.667 7716.85 
0.696283 5.27142 51.5205 601.263 8046.98 
0.689217 5.28904 52.3682 618.94 8388.61 
0.682281 5.30432 53.1875 636.338 8725.75 
0.675438 5.31799 53.9979 654.027 9076.56 
0.668702 5.33164 54.7966 671.577 9426.36 
0.662036 5.34195 55.5637 689.107 9785.39 
0.655438 5.35118 56.3 706.059 10136.9 
0.648969 5.35973 57.0258 723.115 10496.7 
0.642372 5.36715 57.7584 740.569 10867.1 
0.635894 5.37254 58.4484 757.512 11235 
0.629591 5.37824 59.1403 774.576 11608.8 
0.623396 5.38229 59.8128 791.635 11989 
0.617236 5.38541 60.4671 808.311 12361.5 
Per-collision Densities:
0.0288239 0.0320315 0.036437 0.0424017 0.0543609 0.13262 0.0942332 0.0400901 0.0320463 0.0276062 0.0248886 0.0235868 0.0217652 0.0209336 0.0208544 0.0199881 0.0202059 0.019706 0.0195624 0.0198545 0.0201812 0.0199733 0.0199089 0.0201317 0.0210722 0.0213741 0.0221909 0.0238046 0.0252698 0.0264033 0.0283586 0.0314226 0.0351945 0.0409415 0.0537075 0.129641 3.78254 1.61342 1.26944 1.09815 0.998692 0.926774 0.875596 0.844406 0.82122 0.79695 0.788604 0.781897 0.777506 0.780328 0.784417 0.791812 0.807305 0.818799 0.83808 0.863176 0.896613 0.935634 0.987149 1.05262 1.12794 1.24294 1.39802 1.65753 2.14332 5.13342 0 0 0 0 0 0 0 0 0 0 0 0 0 0 0 0 0 0 0 0 0 0 0 0 0 0 0 0 0 0 0 0 0 0 0 0 0 0 0 0 0 0 0 0 0 0 0 0 0 0 0 0 0 0 0 0 0 0 0 0 
0.906127 0.742287 0.60881 0.497485 0.406836 0.333298 0.273255 0.222404 0.181927 0.150569 0.123052 0.100663 0.0817097 0.0687753 0.0546629 0.0443124 0.0367884 0.0302594 0.0250569 0.0202307 0.0170379 0.0133353 0.0107712 0.008811 0.0076626 0.006237 0.0049797 0.00411345 0.003267 0.00279675 0.00222255 0.001782 0.001386 0.0013959 0.0009207 0.00092565 0.00072765 0.0005445 0.00047025 0.0003663 0.00034155 0.0002178 0.0002277 0.000198 8.415e-05 0.00012375 8.415e-05 7.92e-05 7.425e-05 5.94e-05 4.455e-05 6.435e-05 3.465e-05 2.475e-05 4.95e-06 9.9e-06 9.9e-06 4.95e-06 4.95e-06 9.9e-06 4.95e-06 0 9.9e-06 0 9.9e-06 0 0 0 0 0 0 0 4.95e-06 0 0 0 4.95e-06 0 0 0 0 0 0 0 0 0 0 0 0 0 0 0 0 0 0 0 0 0 0 0 0 0 0 0 0 0 0 0 0 0 0 0 0 0 0 0 0 0 0 0 0 0 0 0 0 0 
0.219696 0.402831 0.457202 0.455875 0.434872 0.396683 0.361152 0.316869 0.276532 0.24408 0.209647 0.180447 0.154316 0.130239 0.112801 0.09554 0.0805266 0.068112 0.0564993 0.0484407 0.0408474 0.03465 0.0282249 0.0247401 0.0196812 0.0169785 0.0133947 0.0114692 0.0094644 0.00858825 0.00679635 0.0053955 0.00457875 0.0040095 0.00339075 0.002772 0.0021087 0.0019107 0.0015345 0.0012771 0.0010494 0.0009405 0.00071775 0.0005544 0.00046035 0.00037125 0.00032175 0.0002277 0.00026235 0.00019305 0.0001287 0.0001782 0.00011385 0.00010395 6.93e-05 3.96e-05 3.96e-05 6.435e-05 3.465e-05 3.465e-05 2.475e-05 1.98e-05 2.97e-05 0 1.485e-05 4.95e-06 4.95e-06 4.95e-06 0 0 0 0 0 0 0 4.95e-06 0 0 0 0 0 0 0 0 0 0 0 0 0 0 0 0 0 0 0 0 0 0 0 0 0 0 0 0 0 0 0 0 0 0 0 0 0 0 0 0 0 0 0 0 0 0 0 0 0 0 
0.0851747 0.215266 0.297332 0.339966 0.359321 0.358989 0.349104 0.325868 0.304534 0.279576 0.24948 0.226309 0.199337 0.179383 0.154836 0.137506 0.117939 0.104237 0.0894515 0.077418 0.0672705 0.0574101 0.0493713 0.0415107 0.0357687 0.0307049 0.0258588 0.0220622 0.0186368 0.0160628 0.0135185 0.0110831 0.00952875 0.0083556 0.0068607 0.0058509 0.00495495 0.0039798 0.00354915 0.00301455 0.0023859 0.0020988 0.0017325 0.0014256 0.00112365 0.0010692 0.0007623 0.00068805 0.0005544 0.00046035 0.0003663 0.00032175 0.0002673 0.00023265 0.000198 0.00015345 0.0001386 0.00013365 8.91e-05 6.435e-05 3.465e-05 4.95e-05 6.93e-05 2.475e-05 3.96e-05 1.98e-05 2.97e-05 9.9e-06 9.9e-06 1.98e-05 4.95e-06 9.9e-06 9.9e-06 4.95e-06 4.95e-06 4.95e-06 4.95e-06 0 4.95e-06 0 0 0 0 0 0 0 0 0 0 0 0 0 0 0 0 0 0 4.95e-06 0 0 0 0 0 0 0 0 0 0 0 0 0 0 0 0 0 0 0 0 0 0 0 0 0 0 0 0 
0.0476487 0.132373 0.200851 0.249525 0.280997 0.299218 0.306172 0.30244 0.294579 0.2787 0.261781 0.244485 0.223577 0.204183 0.184348 0.167137 0.147154 0.130769 0.117404 0.102678 0.0907781 0.0808682 0.0693347 0.0607464 0.0525443 0.045941 0.0394466 0.0342788 0.0296456 0.025542 0.0218097 0.018315 0.0157856 0.0137511 0.0119939 0.0097713 0.00848925 0.00743985 0.00596475 0.0051579 0.00419265 0.0038808 0.0036729 0.00262845 0.0022671 0.00189585 0.00159885 0.00135135 0.00098505 0.0010692 0.00091575 0.0006633 0.0005742 0.00042075 0.0004752 0.00033165 0.0002376 0.0002178 0.00025245 0.00021285 0.00013365 0.0001584 7.92e-05 7.92e-05 8.415e-05 5.445e-05 6.435e-05 2.97e-05 1.98e-05 3.96e-05 2.97e-05 1.485e-05 9.9e-06 4.95e-06 1.98e-05 9.9e-06 9.9e-06 4.95e-06 4.95e-06 4.95e-06 9.9e-06 0 9.9e-06 0 0 0 0 0 4.95e-06 0 0 0 0 0 0 0 4.95e-06 0 0 0 4.95e-06 0 0 0 0 0 0 0 0 0 0 0 0 0 0 0 0 0 0 0 0 0 0 0 0 0 
0.0319176 0.0931392 0.145515 0.188179 0.22329 0.246758 0.262058 0.267602 0.268142 0.263281 0.256524 0.243832 0.23117 0.213696 0.200307 0.18314 0.16532 0.152401 0.138313 0.12274 0.111147 0.0991386 0.0882536 0.0774477 0.0688397 0.0603405 0.0529056 0.0471884 0.0418077 0.0350411 0.0309524 0.026829 0.0235373 0.0204089 0.0177606 0.0148302 0.0126275 0.0113454 0.0098109 0.0078804 0.0069498 0.00630135 0.00527175 0.0045639 0.0037323 0.0033759 0.00270765 0.0023859 0.00199485 0.00180675 0.0014454 0.00130185 0.00105435 0.0008415 0.0007227 0.00075735 0.00053955 0.0004059 0.0004653 0.00032175 0.00029205 0.00029205 0.0002673 0.0001683 6.93e-05 0.0001584 0.0001089 0.00012375 6.435e-05 5.94e-05 4.455e-05 4.95e-05 1.98e-05 3.96e-05 2.475e-05 2.475e-05 2.97e-05 1.98e-05 0 1.485e-05 4.95e-06 1.98e-05 4.95e-06 0 0 9.9e-06 4.95e-06 0 0 0 0 0 4.95e-06 0 0 0 0 0 0 0 4.95e-06 0 0 4.95e-06 0 0 0 0 0 0 0 0 0 0 0 0 0 0 0 0 0 0 0 0 0 0 
0.023369 0.0698 0.111816 0.149827 0.180596 0.206069 0.222111 0.233566 0.23962 0.241991 0.239941 0.235061 0.224304 0.216043 0.203272 0.191619 0.177967 0.164083 0.151317 0.139016 0.126532 0.114696 0.101663 0.0928274 0.0828779 0.0749727 0.0665775 0.0589496 0.0527126 0.0457875 0.0408573 0.0359073 0.0313187 0.0275468 0.0235719 0.0210524 0.0181071 0.0165974 0.0138749 0.011984 0.0106277 0.00886545 0.00803385 0.00670725 0.00577665 0.00502425 0.00447975 0.00379665 0.00322245 0.0028314 0.00243045 0.00201465 0.0017028 0.00149985 0.00126225 0.00117315 0.0008811 0.0008316 0.000693 0.0005148 0.0004455 0.000495 0.00036135 0.00032175 0.00025245 0.0002772 0.0002178 0.00013365 0.00016335 6.93e-05 9.9e-05 8.415e-05 2.97e-05 6.435e-05 4.455e-05 5.94e-05 2.97e-05 3.465e-05 1.98e-05 1.98e-05 1.485e-05 2.97e-05 1.485e-05 1.98e-05 0 1.98e-05 9.9e-06 4.95e-06 4.95e-06 4.95e-06 4.95e-06 0 0 0 0 0 0 0 0 0 0 0 0 4.95e-06 0 0 0 0 4.95e-06 0 0 0 0 0 0 0 0 0 0 0 0 0 0 0 0 0 
0.0192456 0.0566132 0.0916691 0.12174 0.14899 0.173042 0.191481 0.203608 0.214587 0.220532 0.221938 0.219958 0.214711 0.20745 0.20151 0.192723 0.181358 0.171166 0.159271 0.147401 0.136506 0.126651 0.115177 0.104816 0.0947876 0.0869171 0.0793238 0.0694584 0.0638352 0.0556628 0.0497673 0.0451292 0.0386694 0.035249 0.0312494 0.0264528 0.0242006 0.0209385 0.0182853 0.0168498 0.0145679 0.0124443 0.0112316 0.00943965 0.0080388 0.0072567 0.0061083 0.0053559 0.00467775 0.00439065 0.00369765 0.00316305 0.002574 0.0023265 0.00178695 0.0017424 0.00140085 0.0013266 0.0011187 0.0009108 0.0007524 0.00066825 0.0005643 0.00037125 0.000396 0.00038115 0.0003069 0.00027225 0.00022275 0.00024255 0.0001386 8.415e-05 0.0001386 0.0001089 6.435e-05 7.92e-05 6.93e-05 5.445e-05 4.455e-05 4.455e-05 1.98e-05 2.97e-05 3.465e-05 0 2.475e-05 1.485e-05 0 1.485e-05 2.475e-05 1.485e-05 0 4.95e-06 9.9e-06 4.95e-06 0 4.95e-06 9.9e-06 0 0 0 0 0 0 4.95e-06 4.95e-06 4.95e-06 0 0 0 0 0 0 0 0 0 0 0 0 0 0 0 0 0 0 0 0 
0.0154935 0.0469607 0.076631 0.101916 0.127893 0.148035 0.165003 0.181635 0.191619 0.198411 0.201133 0.203495 0.202856 0.198886 0.19506 0.188763 0.182462 0.173918 0.162791 0.153252 0.143456 0.133794 0.122755 0.113909 0.106692 0.0963864 0.0885555 0.0796257 0.0723542 0.0664191 0.0593208 0.0522918 0.047421 0.0422186 0.0368577 0.0334967 0.0299673 0.0265419 0.0239283 0.0205029 0.0183992 0.0163994 0.0141075 0.0127908 0.0113306 0.00983565 0.00842985 0.0075042 0.00657855 0.0060192 0.00510345 0.0045441 0.0036927 0.0030393 0.002673 0.0023661 0.0020493 0.00158895 0.00154935 0.00154935 0.0012177 0.00099495 0.00088605 0.0007326 0.0006435 0.0005049 0.0005148 0.0004158 0.00040095 0.00034155 0.00021285 0.00024255 0.0001485 0.00013365 0.00013365 0.00014355 0.00013365 7.425e-05 0.0001089 5.94e-05 5.445e-05 5.94e-05 4.95e-05 4.95e-05 3.96e-05 2.475e-05 9.9e-06 1.98e-05 2.97e-05 1.485e-05 1.98e-05 9.9e-06 2.475e-05 4.95e-06 9.9e-06 0 0 9.9e-06 0 0 0 4.95e-06 0 0 0 4.95e-06 0 0 0 0 0 0 0 0 0 0 0 0 0 0 0 0 0 0 0 0 
0.0128849 0.0396149 0.0645233 0.0882338 0.109905 0.128641 0.144416 0.160227 0.171869 0.179873 0.185536 0.189531 0.189565 0.189897 0.186927 0.183299 0.177953 0.171087 0.163494 0.155772 0.14751 0.138689 0.127967 0.120424 0.111924 0.104895 0.0953024 0.0889367 0.080586 0.0737847 0.0669092 0.0610781 0.0545837 0.0493317 0.0440501 0.0403574 0.0359964 0.031784 0.0295961 0.0257252 0.0224928 0.0197852 0.0180477 0.015944 0.0142263 0.0128304 0.0107217 0.0098604 0.00846945 0.007425 0.00685575 0.0058806 0.00502425 0.0044154 0.00384615 0.0033363 0.0028809 0.00244035 0.002376 0.0018711 0.00156915 0.0014454 0.0012474 0.0010692 0.00102465 0.00090585 0.00062865 0.00059895 0.0005544 0.0004653 0.00043065 0.00029205 0.000297 0.00024255 0.00028215 0.00016335 0.0001386 0.00010395 0.0001386 6.93e-05 8.91e-05 8.91e-05 8.91e-05 5.445e-05 5.445e-05 4.455e-05 3.465e-05 2.97e-05 9.9e-06 3.96e-05 1.98e-05 1.98e-05 9.9e-06 1.98e-05 1.485e-05 4.95e-06 9.9e-06 1.485e-05 0 4.95e-06 0 0 4.95e-06 4.95e-06 0 0 4.95e-06 4.95e-06 0 0 4.95e-06 0 0 0 0 0 0 0 0 0 0 0 0 0 0 0 
0.0110534 0.0337244 0.0553113 0.0771656 0.0962627 0.113459 0.127562 0.143555 0.154296 0.163286 0.170003 0.174443 0.177458 0.179695 0.178101 0.174785 0.172112 0.16784 0.163033 0.156108 0.149129 0.141471 0.133051 0.125096 0.116686 0.108885 0.10244 0.0938174 0.0884813 0.0805613 0.0736362 0.06732 0.061677 0.055341 0.050693 0.0450995 0.0411395 0.037823 0.0336056 0.0302247 0.0280863 0.0244035 0.0221216 0.0198941 0.0175428 0.0151569 0.0136422 0.0125136 0.0108455 0.0095337 0.0087417 0.0072468 0.0066528 0.00584595 0.00475695 0.00455895 0.0037818 0.0033858 0.0030195 0.0025641 0.00220275 0.0020097 0.0016929 0.00148005 0.00138105 0.00119295 0.00090585 0.00087615 0.0008118 0.00061875 0.0005841 0.00048015 0.0004653 0.0003861 0.0002772 0.0003663 0.00014355 0.0002277 0.000198 0.0001584 0.0001386 0.00015345 8.415e-05 6.93e-05 3.465e-05 6.435e-05 8.415e-05 4.455e-05 1.98e-05 3.96e-05 1.485e-05 1.98e-05 4.455e-05 3.465e-05 4.95e-06 9.9e-06 1.98e-05 1.485e-05 9.9e-06 1.98e-05 1.98e-05 0 0 0 4.95e-06 4.95e-06 0 0 0 0 0 4.95e-06 4.95e-06 4.95e-06 0 0 0 0 0 0 0 0 0 0 0 0 
0.00991485 0.0299772 0.0487229 0.0668795 0.0856449 0.101084 0.116419 0.12921 0.140224 0.147465 0.155687 0.162979 0.165305 0.168859 0.167622 0.168503 0.165711 0.16138 0.159098 0.153376 0.147946 0.142313 0.133115 0.128358 0.122171 0.112276 0.106059 0.099693 0.0919562 0.0863825 0.0788288 0.0732303 0.066825 0.0621324 0.0565191 0.0516137 0.0466538 0.0425948 0.0391644 0.0350163 0.0312296 0.0293486 0.0255767 0.0237056 0.0204881 0.0185477 0.0170082 0.0151817 0.0132462 0.0116721 0.0104495 0.00961785 0.0087021 0.0072963 0.0061677 0.00583605 0.00502425 0.0046431 0.0038907 0.00337095 0.003069 0.0024057 0.0023958 0.0019008 0.0017721 0.00163845 0.00140085 0.00124245 0.0009801 0.00095535 0.0006534 0.00063855 0.00058905 0.00052965 0.00051975 0.00040095 0.00039105 0.00031185 0.00029205 0.0001881 0.0002079 0.00016335 0.0001386 9.9e-05 6.93e-05 0.0001188 7.425e-05 8.415e-05 6.93e-05 3.465e-05 2.97e-05 3.465e-05 6.93e-05 3.465e-05 2.475e-05 1.485e-05 1.98e-05 4.95e-06 2.97e-05 1.485e-05 4.95e-06 9.9e-06 0 4.95e-06 4.95e-06 4.95e-06 4.95e-06 4.95e-06 0 0 0 4.95e-06 0 9.9e-06 4.95e-06 0 0 0 0 0 0 0 0 0 0 0 
0.0087516 0.0266706 0.0442481 0.0607811 0.0759974 0.0911345 0.103965 0.116662 0.127265 0.136967 0.144916 0.150129 0.156074 0.156811 0.159702 0.159009 0.160187 0.155178 0.154712 0.149955 0.144941 0.14006 0.133838 0.127443 0.122295 0.116048 0.109563 0.103381 0.0964112 0.0901247 0.0846005 0.077319 0.072171 0.066434 0.0623502 0.0568013 0.0519503 0.047817 0.0432531 0.0394911 0.0365904 0.0326502 0.030002 0.0269478 0.0238541 0.0222998 0.0196515 0.0180923 0.0156123 0.0141026 0.0127908 0.011489 0.0104495 0.00909315 0.00759825 0.00690525 0.0061578 0.00573705 0.00497475 0.00434115 0.0037323 0.0033165 0.00283635 0.0026235 0.0024552 0.0020988 0.00183645 0.00161865 0.00125235 0.00127215 0.0009504 0.0009207 0.00072765 0.00078705 0.00058905 0.00054945 0.0004851 0.0004158 0.00042075 0.0003168 0.00028215 0.000198 0.00020295 0.00018315 0.0001485 0.0001386 0.00010395 0.00012375 7.425e-05 4.95e-05 7.425e-05 7.425e-05 3.96e-05 5.94e-05 3.465e-05 2.475e-05 6.435e-05 1.98e-05 2.475e-05 2.97e-05 1.485e-05 1.485e-05 4.95e-06 9.9e-06 9.9e-06 4.95e-06 9.9e-06 4.95e-06 4.95e-06 0 4.95e-06 0 0 4.95e-06 0 9.9e-06 4.95e-06 0 0 0 0 0 0 0 0 0 
0.0079299 0.0234828 0.0393624 0.054752 0.0681714 0.0825314 0.0950351 0.106559 0.117825 0.126567 0.133155 0.140545 0.145639 0.148589 0.151762 0.150282 0.150807 0.151025 0.148911 0.145283 0.141783 0.138808 0.133487 0.127166 0.122077 0.116983 0.11085 0.105272 0.0986486 0.0932234 0.0886595 0.0824868 0.0767894 0.0709038 0.0655925 0.0608207 0.0567072 0.0524552 0.0481041 0.0436937 0.0398772 0.0366053 0.0337739 0.0307197 0.0280517 0.0248936 0.0227403 0.0208445 0.0185279 0.0164489 0.0152361 0.0129294 0.0123602 0.0106128 0.00959805 0.008811 0.00709335 0.0070983 0.0060687 0.0055737 0.00468765 0.00416295 0.00392535 0.0032967 0.0028314 0.0026829 0.002277 0.002178 0.0017919 0.00155925 0.00118305 0.0013266 0.0010494 0.0009009 0.0008613 0.00081675 0.0007326 0.0005742 0.00043065 0.0004356 0.000396 0.0003267 0.0002178 0.00023265 0.0002376 0.00019305 0.0001881 0.00014355 8.91e-05 7.425e-05 0.0001089 0.0001089 8.415e-05 5.94e-05 3.465e-05 5.445e-05 3.465e-05 3.96e-05 2.97e-05 4.95e-05 3.465e-05 0 1.485e-05 1.98e-05 0 4.95e-06 4.95e-06 4.95e-06 1.485e-05 9.9e-06 4.95e-06 0 4.95e-06 0 9.9e-06 0 0 4.95e-06 0 4.95e-06 0 0 0 0 0 0 
0.0071973 0.0219087 0.0356202 0.0499554 0.0623601 0.076032 0.0855756 0.0979061 0.108494 0.116845 0.124309 0.131076 0.134397 0.138744 0.142342 0.145159 0.144005 0.145382 0.142327 0.141169 0.137739 0.135957 0.130512 0.12621 0.122666 0.117449 0.112152 0.106816 0.100609 0.0975942 0.089699 0.085338 0.0804276 0.0751113 0.0700277 0.0645876 0.060885 0.0554796 0.0524948 0.0467676 0.0436689 0.0410405 0.037526 0.0335511 0.0306801 0.0286655 0.0256955 0.0231017 0.0213296 0.0191763 0.0170825 0.0157311 0.0137363 0.0128156 0.0112118 0.0103901 0.00927135 0.0079101 0.00749925 0.00679635 0.00582615 0.0050589 0.00481635 0.0042372 0.00372735 0.00312345 0.00283635 0.00266805 0.00239085 0.0019008 0.0016632 0.0015543 0.00121275 0.0011484 0.0010296 0.0010098 0.00086625 0.0007623 0.0006633 0.0006039 0.0005148 0.00041085 0.0003663 0.00027225 0.00032175 0.00029205 0.000198 0.0001881 0.0001782 0.0001485 0.0001782 8.91e-05 0.0001089 6.93e-05 8.91e-05 2.97e-05 5.445e-05 4.95e-05 6.93e-05 1.485e-05 2.475e-05 2.97e-05 2.475e-05 1.485e-05 2.475e-05 9.9e-06 4.95e-06 9.9e-06 9.9e-06 4.95e-06 1.98e-05 1.485e-05 9.9e-06 0 9.9e-06 9.9e-06 0 0 0 4.95e-06 0 0 0 0 0 0 
0.00670725 0.0191664 0.0331452 0.0454509 0.0569399 0.0691763 0.079695 0.0905108 0.100312 0.107009 0.117023 0.120765 0.127279 0.132507 0.134204 0.136274 0.138288 0.138694 0.136313 0.135041 0.135001 0.132645 0.126943 0.126864 0.121453 0.116667 0.111256 0.10845 0.102069 0.0985199 0.0931491 0.0875259 0.0824868 0.0772101 0.0731907 0.0687258 0.0633402 0.0595881 0.0552668 0.051381 0.0483764 0.043263 0.0397584 0.0375854 0.0335808 0.0314969 0.0286209 0.0265122 0.0234581 0.0214731 0.0195773 0.0172409 0.0161766 0.0146025 0.013167 0.012177 0.0105287 0.00935055 0.0090585 0.0075537 0.00701415 0.00611325 0.00590535 0.0052074 0.0046035 0.0038709 0.0034947 0.0033759 0.0029799 0.0023661 0.00221265 0.00198495 0.00171765 0.0015345 0.001386 0.0010989 0.00108405 0.0009603 0.0008217 0.0007425 0.0007029 0.00058905 0.00060885 0.00037125 0.00035145 0.00024255 0.0003267 0.0002673 0.00024255 0.0002277 0.000198 0.0001584 0.00013365 0.0001089 8.415e-05 6.93e-05 7.92e-05 8.415e-05 4.455e-05 5.94e-05 4.95e-05 4.95e-05 3.96e-05 9.9e-06 3.96e-05 9.9e-06 0 3.465e-05 1.485e-05 1.485e-05 1.485e-05 4.95e-06 9.9e-06 1.485e-05 1.485e-05 1.485e-05 0 4.95e-06 0 4.95e-06 9.9e-06 0 0 0 0 9.9e-06 
0.0058707 0.0185625 0.030492 0.0419117 0.053465 0.0647361 0.0736065 0.082863 0.0921245 0.0996138 0.108063 0.11333 0.119508 0.124785 0.12621 0.131927 0.132586 0.13114 0.130779 0.132497 0.129482 0.127774 0.126567 0.123181 0.120513 0.115523 0.111969 0.107588 0.102208 0.0984011 0.0944955 0.0892337 0.0836352 0.079997 0.0755222 0.0706167 0.0664637 0.0630284 0.0579695 0.0550737 0.0513513 0.0470943 0.042966 0.0400455 0.0366003 0.034061 0.0313484 0.0286358 0.0262944 0.0239778 0.0211514 0.0200277 0.0177804 0.0170132 0.015048 0.0133056 0.0123899 0.0113801 0.0103257 0.0086229 0.00870705 0.0072171 0.0067419 0.0060489 0.0053658 0.0048609 0.00457875 0.00382635 0.00311355 0.0033264 0.0025839 0.0026235 0.0021582 0.0019008 0.00158895 0.001485 0.00133155 0.0011385 0.0011088 0.0009009 0.00084645 0.0008019 0.000594 0.00055935 0.0006237 0.00042075 0.00039105 0.00027225 0.0002673 0.0002673 0.00022275 0.0002277 0.00018315 0.0001386 0.0001782 0.0001188 0.0001089 7.92e-05 7.92e-05 8.415e-05 8.415e-05 4.455e-05 6.435e-05 3.465e-05 3.465e-05 2.475e-05 1.98e-05 3.465e-05 9.9e-06 9.9e-06 1.485e-05 1.98e-05 9.9e-06 9.9e-06 0 9.9e-06 1.485e-05 0 9.9e-06 9.9e-06 9.9e-06 0 0 4.95e-06 0 9.9e-06 
0.00573705 0.0170528 0.027329 0.0391001 0.048812 0.0585734 0.0686763 0.0785417 0.0867389 0.0947727 0.101772 0.105034 0.112073 0.116973 0.120973 0.123116 0.125735 0.126081 0.127136 0.127854 0.125037 0.124943 0.123715 0.120374 0.117181 0.11433 0.111202 0.106306 0.103232 0.0987971 0.0941886 0.0905949 0.0866151 0.0803831 0.0772052 0.0736659 0.0694188 0.0645035 0.0610088 0.0571824 0.0529353 0.0496535 0.0468914 0.0428324 0.0397436 0.0362637 0.0350213 0.0311207 0.0282546 0.0258242 0.0239729 0.0217305 0.0201267 0.0184883 0.0165281 0.0158153 0.0141966 0.0125483 0.0118652 0.0102515 0.0092664 0.008712 0.00775665 0.006732 0.0061083 0.0058212 0.0050391 0.0045738 0.0038214 0.0036729 0.003366 0.00313335 0.00265815 0.0024651 0.0020691 0.00196515 0.0016236 0.0012474 0.00131175 0.0012078 0.0010692 0.0009207 0.00076725 0.00071775 0.00059895 0.00051975 0.0004653 0.00037125 0.0004158 0.00027225 0.0003267 0.00023265 0.0002376 0.00026235 0.00014355 0.00016335 0.0001881 0.0001485 7.92e-05 8.415e-05 9.9e-05 4.95e-05 4.95e-05 6.435e-05 4.455e-05 5.94e-05 4.95e-05 1.485e-05 2.97e-05 2.97e-05 4.95e-06 2.475e-05 2.475e-05 1.98e-05 2.97e-05 1.485e-05 1.485e-05 9.9e-06 4.95e-06 0 4.95e-06 0 4.95e-06 0 0 1.98e-05 
0.00552915 0.0158499 0.0255767 0.0355658 0.0460053 0.0551876 0.0638798 0.0724928 0.0808286 0.0879962 0.0950648 0.10149 0.1059 0.110766 0.115157 0.116647 0.119513 0.121295 0.121928 0.122052 0.121087 0.121364 0.117795 0.118949 0.114286 0.112791 0.11084 0.105777 0.102975 0.0982971 0.0944262 0.0912434 0.0866646 0.0827442 0.0795119 0.0742748 0.0703049 0.0674636 0.062573 0.0596871 0.0551975 0.0526284 0.0491288 0.0451688 0.0416097 0.038907 0.0368132 0.0336501 0.0309375 0.0288486 0.0259182 0.0244332 0.021879 0.0204386 0.0183794 0.0170181 0.0158846 0.0140481 0.0126869 0.0120582 0.0103851 0.0096723 0.0087219 0.0078606 0.0072369 0.00671715 0.0059103 0.00518265 0.004752 0.00421245 0.0040986 0.0037719 0.0032769 0.0027621 0.00257895 0.0021978 0.00201465 0.00178695 0.00154935 0.0012969 0.00121275 0.00118305 0.000891 0.00074745 0.00084645 0.00079695 0.0006732 0.00049995 0.00049995 0.0003663 0.0003465 0.0002772 0.0003267 0.00025245 0.00025245 0.00024255 0.0002079 0.00013365 0.00018315 0.0001584 0.00010395 7.425e-05 6.93e-05 7.92e-05 7.92e-05 7.425e-05 5.94e-05 4.455e-05 2.475e-05 2.475e-05 2.97e-05 3.465e-05 4.455e-05 9.9e-06 9.9e-06 1.98e-05 2.475e-05 4.95e-06 0 4.95e-06 4.95e-06 4.95e-06 0 9.9e-06 9.9e-06 2.97e-05 
0.0046926 0.0144342 0.0237303 0.0333185 0.043169 0.0513216 0.0598802 0.0686664 0.0760617 0.0831501 0.0892485 0.0954707 0.100188 0.105321 0.108207 0.111291 0.114617 0.115251 0.116706 0.117558 0.117246 0.117662 0.114419 0.115305 0.111677 0.110464 0.108925 0.105366 0.100822 0.0984258 0.0959013 0.0912929 0.0866745 0.0846252 0.0804078 0.0757103 0.0717552 0.0678546 0.0638946 0.0615285 0.0584991 0.054158 0.0505148 0.0470052 0.0444213 0.0419364 0.0391001 0.0361152 0.0328334 0.0306059 0.0282348 0.0261261 0.0242798 0.0223245 0.0207801 0.0191219 0.0174042 0.0154886 0.0141719 0.0131373 0.0119246 0.0107316 0.0093951 0.00915255 0.0082764 0.0074349 0.00656865 0.00626175 0.00531135 0.00506385 0.0045639 0.0040986 0.00387585 0.00343035 0.0027918 0.00268785 0.002376 0.00193545 0.00191565 0.00165825 0.0015345 0.00144045 0.0012375 0.0010395 0.00087615 0.00085635 0.00081675 0.000693 0.00054945 0.0004851 0.0004356 0.00042075 0.00032175 0.0002871 0.00030195 0.0002772 0.00029205 0.00025245 0.00018315 0.00013365 0.0001584 0.0001089 0.0001287 7.425e-05 0.00010395 0.0001089 5.94e-05 7.425e-05 4.95e-05 4.95e-05 2.475e-05 4.455e-05 2.475e-05 1.485e-05 9.9e-06 1.98e-05 3.465e-05 2.475e-05 4.95e-06 0 4.95e-06 0 9.9e-06 9.9e-06 4.95e-06 3.96e-05 
0.00451935 0.0135234 0.0225027 0.0314969 0.040496 0.0478071 0.0567617 0.0644688 0.0716909 0.0785565 0.0834917 0.0904118 0.0949856 0.098802 0.103866 0.10639 0.109598 0.110029 0.111474 0.112355 0.112202 0.112895 0.111949 0.111578 0.110192 0.108281 0.106475 0.103896 0.100663 0.0970893 0.0941441 0.0934263 0.087813 0.0831848 0.0806157 0.0784229 0.0729234 0.0694337 0.0652658 0.0624888 0.0599495 0.0552668 0.0522176 0.0497525 0.0459212 0.0436194 0.0410454 0.0379269 0.0355608 0.0330413 0.0303633 0.0278735 0.0262895 0.0240125 0.0223047 0.0201713 0.0187556 0.0174785 0.0161766 0.0142956 0.0132809 0.0121523 0.0112019 0.00974655 0.00928125 0.0084249 0.00784575 0.00699435 0.0062964 0.0054747 0.0051678 0.004851 0.0041679 0.00387585 0.00345015 0.00284625 0.00285615 0.0024552 0.00226215 0.0022671 0.00178695 0.0015939 0.00146025 0.0014157 0.0012474 0.0009999 0.000891 0.00079695 0.00069795 0.00058905 0.00055935 0.0004554 0.0004257 0.000396 0.0004158 0.0003069 0.00029205 0.00026235 0.00021285 0.00021285 0.00016335 0.00013365 0.00012375 9.9e-05 0.00012375 0.00015345 8.91e-05 6.435e-05 5.445e-05 5.445e-05 4.95e-05 5.445e-05 4.95e-05 1.485e-05 3.465e-05 1.485e-05 3.465e-05 1.485e-05 4.95e-06 9.9e-06 1.98e-05 9.9e-06 9.9e-06 1.485e-05 1.485e-05 5.445e-05 
0.00423225 0.0128106 0.021582 0.0303336 0.0376794 0.0458024 0.0531086 0.0600782 0.067419 0.0726908 0.0805118 0.0842243 0.0897683 0.0942926 0.098114 0.101084 0.104742 0.105653 0.108029 0.108484 0.109237 0.109702 0.109103 0.107598 0.107078 0.105336 0.105108 0.102109 0.0983169 0.0972378 0.0931788 0.0900504 0.0877289 0.084348 0.081185 0.0773933 0.0749183 0.0706613 0.0682853 0.0641768 0.0604841 0.0581229 0.0539352 0.0516533 0.0485892 0.045842 0.042075 0.0399861 0.0369518 0.0346451 0.0324324 0.0303683 0.027527 0.0257796 0.0239333 0.0215622 0.0205079 0.0192555 0.0172161 0.0155876 0.0147461 0.0130185 0.0123899 0.0110781 0.00995445 0.00940005 0.00854865 0.00791505 0.00710325 0.00627165 0.00597465 0.0053658 0.00480645 0.00447975 0.00375705 0.0033957 0.0031878 0.002871 0.0027621 0.0023562 0.00208395 0.00197505 0.0017919 0.001485 0.00141075 0.001188 0.0009999 0.0010593 0.00084645 0.00074745 0.0006732 0.00065835 0.0005148 0.00057915 0.00049005 0.00039105 0.00034155 0.00036135 0.00031185 0.0002574 0.00021285 0.0001782 0.00017325 0.0001287 0.0001386 0.0001188 0.0001089 9.405e-05 5.94e-05 6.435e-05 7.425e-05 5.445e-05 2.97e-05 6.435e-05 1.485e-05 4.455e-05 4.455e-05 3.465e-05 1.485e-05 1.98e-05 1.98e-05 9.9e-06 0 2.97e-05 1.98e-05 9.405e-05 
0.0039105 0.012083 0.0202505 0.0283338 0.0354371 0.0439164 0.0500198 0.0577121 0.0630828 0.0690278 0.0746559 0.0807692 0.0857736 0.0896841 0.0931541 0.097223 0.0997673 0.101079 0.103307 0.105796 0.1049 0.105346 0.10545 0.104207 0.105108 0.103351 0.101109 0.100851 0.097817 0.0950648 0.0920057 0.0892733 0.0881348 0.0834818 0.0816552 0.0782595 0.0751707 0.0712998 0.068018 0.0655776 0.0615087 0.0593951 0.0551975 0.0528957 0.0496535 0.0472725 0.0441788 0.0413127 0.0391743 0.0371547 0.0336699 0.0318681 0.0294971 0.0277052 0.0250272 0.0236462 0.022181 0.0208841 0.019008 0.0176171 0.0158054 0.0145728 0.0134343 0.0123453 0.011291 0.010202 0.00944955 0.00888525 0.00797445 0.0070686 0.0065835 0.0060093 0.00533115 0.0048906 0.0044154 0.00412335 0.0036135 0.00341055 0.0028611 0.0026433 0.0024453 0.0022671 0.00213345 0.00177705 0.00142065 0.00144045 0.00129195 0.0012276 0.00105435 0.0008217 0.00083655 0.0007623 0.0006633 0.0006732 0.0005445 0.00055935 0.0004059 0.0003564 0.000396 0.0003267 0.00022275 0.0002673 0.00025245 0.00022275 0.00017325 0.0001782 9.405e-05 8.415e-05 8.415e-05 8.415e-05 8.91e-05 8.91e-05 6.435e-05 1.98e-05 5.94e-05 6.93e-05 2.97e-05 5.445e-05 3.465e-05 4.95e-06 9.9e-06 4.95e-06 0 1.98e-05 9.9e-06 0.00013365 
0.0038016 0.0114296 0.0195179 0.026042 0.0331997 0.0410603 0.0476141 0.0535887 0.0607712 0.0655776 0.0710078 0.0766607 0.0823433 0.0843579 0.0889862 0.0921443 0.095238 0.0983516 0.099792 0.10102 0.101297 0.101861 0.102406 0.10246 0.102252 0.100431 0.0984704 0.0985199 0.0952133 0.0936144 0.0911394 0.0900405 0.087323 0.0828878 0.0801059 0.0782001 0.0750717 0.0717453 0.0695475 0.0655776 0.0631125 0.0599891 0.0572913 0.0538857 0.0508761 0.048807 0.0459459 0.0432581 0.040595 0.0390159 0.0354222 0.0326601 0.0313929 0.0288338 0.0262548 0.0250371 0.0237551 0.0221265 0.0206316 0.0187407 0.0173547 0.0159291 0.0145926 0.0135977 0.0121176 0.0114939 0.0102465 0.0096921 0.0087318 0.00816255 0.00741015 0.00663795 0.0062469 0.005544 0.0051777 0.0046233 0.00439065 0.00380655 0.00341055 0.00302445 0.0028512 0.00249975 0.00233145 0.00203445 0.0018909 0.0016929 0.0015642 0.00133155 0.001188 0.0011286 0.00106425 0.00096525 0.000792 0.0007227 0.00055935 0.00055935 0.0004851 0.0005544 0.00040095 0.00034155 0.00033165 0.00027225 0.0002574 0.0002277 0.00025245 0.0001584 0.00018315 0.00017325 0.00010395 0.00013365 8.91e-05 0.00010395 5.445e-05 6.435e-05 8.91e-05 2.97e-05 4.455e-05 9.9e-06 3.96e-05 3.465e-05 1.98e-05 1.98e-05 1.98e-05 2.475e-05 9.9e-06 0.0001485 
0.0036135 0.0109445 0.0178497 0.0246312 0.0316107 0.0378626 0.045837 0.0511187 0.0574794 0.063068 0.0676319 0.0726413 0.0775368 0.0807345 0.0855855 0.088907 0.091575 0.0924957 0.0961241 0.0972626 0.0973715 0.0981338 0.0985248 0.0992574 0.0999257 0.098604 0.0976091 0.0960251 0.0942233 0.091679 0.090194 0.0885357 0.0859716 0.0816849 0.0802593 0.0776853 0.0751658 0.0727452 0.0692258 0.0662211 0.0639936 0.0607365 0.0583902 0.0550589 0.0525245 0.0496634 0.0472725 0.0457331 0.0418176 0.0396891 0.0368528 0.0346401 0.0326849 0.0306801 0.0285269 0.0264825 0.0255618 0.0232056 0.021191 0.0197555 0.0185625 0.0171567 0.0157212 0.0145134 0.0129839 0.0125285 0.0116721 0.0105435 0.0093258 0.0089001 0.008019 0.00756855 0.00693 0.0058509 0.00575685 0.00521235 0.00494505 0.0045045 0.00402435 0.00364815 0.0033264 0.00291555 0.0026829 0.00247005 0.00219285 0.00186615 0.0018711 0.0015741 0.00132165 0.00129195 0.0011484 0.00100485 0.00086625 0.00083655 0.00074745 0.00070785 0.0005544 0.00047025 0.0004851 0.00052965 0.0003366 0.00034155 0.0003465 0.00031185 0.0002772 0.00024255 0.00022275 0.00019305 0.00012375 0.00010395 0.0001485 0.00011385 6.435e-05 7.425e-05 0.00010395 6.93e-05 6.435e-05 5.94e-05 4.95e-05 2.97e-05 2.97e-05 2.475e-05 1.98e-05 2.97e-05 1.98e-05 0.00015345 
0.0033858 0.00999405 0.0165132 0.0233739 0.0297545 0.0364172 0.0428918 0.0487724 0.0539847 0.0601376 0.0647411 0.0691862 0.074547 0.0769973 0.0819819 0.0851054 0.0878526 0.0914315 0.0910355 0.0935204 0.0946539 0.0953865 0.0953717 0.0961488 0.0967131 0.095634 0.0953172 0.0932828 0.0923819 0.091278 0.0892931 0.087719 0.0849272 0.081576 0.0788189 0.07772 0.0750668 0.0719087 0.0687209 0.0676121 0.0642956 0.0612959 0.0583209 0.0563805 0.0534006 0.0505445 0.0476141 0.0461241 0.0425453 0.0408524 0.0385457 0.0370062 0.0342342 0.032274 0.0296604 0.0283388 0.0258044 0.0246659 0.0226166 0.0213395 0.0202703 0.01832 0.0166667 0.0153747 0.0143748 0.013766 0.0118652 0.0113652 0.0102267 0.00947925 0.0088803 0.00836055 0.00751905 0.0071379 0.0063657 0.0055539 0.0055341 0.00484605 0.00459855 0.0040293 0.00392535 0.00324225 0.0028017 0.00300465 0.00246015 0.00236115 0.0019305 0.0017325 0.0015741 0.00157905 0.001287 0.00116325 0.00114345 0.0009801 0.00079695 0.0008118 0.00067815 0.000594 0.000495 0.0005247 0.000396 0.00047025 0.0003465 0.0004257 0.0004158 0.00026235 0.0002475 0.00023265 0.00019305 0.00017325 0.0001485 0.0001287 0.00011385 0.00012375 0.0001188 6.435e-05 8.415e-05 4.95e-05 6.93e-05 3.96e-05 3.96e-05 3.465e-05 3.465e-05 2.475e-05 2.97e-05 0.00017325 
0.0032175 0.00958815 0.0159044 0.0221166 0.0286605 0.0348233 0.0405702 0.0458618 0.0514751 0.057326 0.0625482 0.065043 0.0709682 0.0739481 0.0786308 0.0818433 0.0842688 0.0861251 0.0877734 0.0901296 0.0917285 0.091674 0.0930353 0.0927828 0.0929709 0.0933471 0.0929462 0.0917532 0.0898425 0.09059 0.0880704 0.0861003 0.0833976 0.0826155 0.0796158 0.0769428 0.074849 0.0714384 0.0703197 0.0655727 0.065642 0.0618008 0.05891 0.0565439 0.0539105 0.0514454 0.0482675 0.0468864 0.0441738 0.0425403 0.0399861 0.0380507 0.0353331 0.0327443 0.0313583 0.0290813 0.0275814 0.0256163 0.0236165 0.0220473 0.0213692 0.0195624 0.0179586 0.0166667 0.0149292 0.0145332 0.0132611 0.0121919 0.0112761 0.010395 0.0094842 0.0090189 0.00824175 0.00767745 0.0067716 0.0065835 0.0057321 0.0052272 0.005148 0.00438075 0.00411345 0.0037422 0.00340065 0.00310365 0.00303435 0.00257895 0.00232155 0.0022473 0.0018612 0.00162855 0.0016038 0.00130185 0.0012375 0.00101475 0.00096525 0.0009306 0.00069795 0.0006831 0.00061875 0.00068805 0.000594 0.00046035 0.00052965 0.00043065 0.000297 0.0003663 0.00035145 0.00024255 0.00024255 0.0002673 0.0002079 9.405e-05 0.00015345 0.00014355 0.0001287 0.0001485 6.93e-05 4.95e-05 8.415e-05 8.415e-05 3.465e-05 3.96e-05 2.97e-05 1.98e-05 4.455e-05 0.00023265 
0.0028512 0.0091971 0.015444 0.0215969 0.0270023 0.0322938 0.0384417 0.0442926 0.0493961 0.0543906 0.0590337 0.0630729 0.0677012 0.0709038 0.0752895 0.077621 0.0810315 0.0829175 0.0844173 0.0875507 0.0883773 0.0887486 0.0900455 0.0904415 0.0901841 0.0901296 0.0906543 0.0903375 0.0876794 0.0876546 0.0859667 0.0841797 0.0833481 0.0807741 0.0787545 0.0766458 0.0745767 0.0722354 0.0705771 0.0672903 0.0653004 0.0624591 0.0595188 0.0575982 0.0542421 0.0525344 0.0495891 0.0476141 0.0444164 0.0428819 0.0408128 0.0392684 0.0363231 0.0341055 0.032076 0.0302891 0.0286259 0.026339 0.0252648 0.0230274 0.0216117 0.0203891 0.0198396 0.0182804 0.0161568 0.0157559 0.0143847 0.0131769 0.0121127 0.0107415 0.0100931 0.00966735 0.0085536 0.00809325 0.0074349 0.00697455 0.00633105 0.0059202 0.0054153 0.0050886 0.0046728 0.0040392 0.00390555 0.00338085 0.00316305 0.00298485 0.002673 0.00240075 0.0021879 0.0020493 0.0018315 0.00155925 0.00136125 0.00118305 0.0012177 0.0010692 0.0009306 0.0007722 0.0007623 0.00071775 0.00072765 0.00051975 0.00064845 0.00044055 0.0003762 0.00036135 0.0003564 0.00031185 0.00031185 0.00026235 0.00023265 0.00020295 0.00018315 0.0001386 0.0001782 0.0001386 0.00012375 6.93e-05 7.425e-05 8.415e-05 5.445e-05 3.96e-05 4.455e-05 7.92e-05 4.95e-05 0.00030195 
0.0029601 0.0088902 0.0145481 0.0202257 0.0260321 0.0320018 0.0365904 0.0422483 0.0474012 0.0515048 0.055445 0.0600435 0.0646371 0.0679833 0.0724581 0.0739827 0.0781803 0.0788337 0.0812196 0.0839768 0.0852044 0.0860013 0.0881249 0.0861548 0.0884367 0.0881793 0.0875853 0.0889862 0.0861399 0.0863082 0.08366 0.0831848 0.0808632 0.0797544 0.078507 0.0757548 0.0746955 0.0720027 0.0694634 0.0669884 0.0660924 0.0626522 0.0603752 0.0578457 0.0555539 0.0536679 0.0510048 0.0480447 0.0453074 0.0429215 0.0418028 0.0401891 0.0373725 0.0350361 0.0336353 0.0310365 0.0294179 0.0277695 0.0258836 0.0246659 0.0227849 0.021285 0.0202901 0.0185526 0.0175626 0.0166914 0.015647 0.0142461 0.0128849 0.0118206 0.0113702 0.0102663 0.0095733 0.0083259 0.0083556 0.0072666 0.0071379 0.0065142 0.00608355 0.00539055 0.00493515 0.0047223 0.00380655 0.0037719 0.00358875 0.0033363 0.002871 0.00285615 0.00227205 0.00213345 0.002079 0.0019305 0.00162855 0.0013266 0.0013761 0.0011484 0.00100485 0.00110385 0.0008118 0.0009504 0.00075735 0.0006831 0.000594 0.0005148 0.00049005 0.00051975 0.0004554 0.0003861 0.0003663 0.00031185 0.00023265 0.00021285 0.0002376 0.0001683 0.00024255 0.0001782 0.00010395 9.405e-05 0.00010395 0.0001089 7.425e-05 5.94e-05 7.425e-05 4.455e-05 2.97e-05 0.000396 
0.00279675 0.0083754 0.0138996 0.0196367 0.0246065 0.0291456 0.0349272 0.0402831 0.0442134 0.0494852 0.0544203 0.0593802 0.0620483 0.0662558 0.069602 0.071087 0.0740669 0.076235 0.079596 0.0807791 0.0810761 0.0834669 0.0842243 0.084843 0.0851747 0.0849123 0.0857588 0.0852588 0.084254 0.0848628 0.0827244 0.0812939 0.0797792 0.0790268 0.07673 0.0760221 0.0734234 0.071379 0.0698396 0.0667755 0.0653351 0.062073 0.0607415 0.0591971 0.0562914 0.0538214 0.0517127 0.0491486 0.0461291 0.0438273 0.0424166 0.0406395 0.0379269 0.0362637 0.0346055 0.0323978 0.030596 0.0287199 0.0274329 0.0257054 0.0234284 0.0223394 0.0210672 0.0194981 0.0181566 0.0175131 0.0158895 0.0147461 0.0144936 0.0128453 0.0119642 0.0108702 0.0102762 0.0091674 0.00895455 0.00792495 0.0077418 0.00693 0.006237 0.0059499 0.0054153 0.00484605 0.00460845 0.0041283 0.00383625 0.0036729 0.003366 0.00276705 0.0026037 0.0023463 0.00232155 0.0020493 0.0019899 0.00158895 0.00152955 0.00141075 0.001188 0.0011682 0.0011781 0.00087615 0.0008217 0.00078705 0.0006732 0.0006138 0.0006237 0.00052965 0.00041085 0.0004851 0.00038115 0.0004059 0.0003762 0.00033165 0.00023265 0.00018315 0.00021285 0.0001386 0.0001287 0.00017325 0.0001485 0.00012375 0.0001089 7.425e-05 6.93e-05 6.93e-05 4.95e-05 0.00050985 
0.00283635 0.00787545 0.0132017 0.0183843 0.0235769 0.02822 0.0336056 0.0381843 0.0428868 0.0473567 0.052574 0.0550787 0.0592169 0.0638204 0.0666567 0.0694634 0.0719235 0.0737451 0.0763835 0.0784575 0.0787199 0.0801108 0.0821651 0.08168 0.0833234 0.0832986 0.0831501 0.0823334 0.0827492 0.0824868 0.0810513 0.0796554 0.0803831 0.0778437 0.0761607 0.0740471 0.072176 0.0703148 0.0698198 0.0660776 0.065637 0.0626819 0.0599594 0.0587219 0.0564746 0.0541629 0.0513464 0.0500891 0.047525 0.0447827 0.0435105 0.0414365 0.0381992 0.0367637 0.0350906 0.0335115 0.0316157 0.0294575 0.0278933 0.026339 0.024953 0.0235472 0.0218345 0.0206465 0.0193644 0.0179487 0.0172359 0.0153549 0.0143451 0.0135729 0.0127562 0.0119691 0.0108158 0.0100535 0.0100287 0.00892485 0.00797445 0.00737055 0.00676665 0.0065142 0.0057915 0.0054846 0.00495 0.00445005 0.0041481 0.0037323 0.0034452 0.0033858 0.00299475 0.0026235 0.0025542 0.0023067 0.0021681 0.00193545 0.0017721 0.00156915 0.0014652 0.00116325 0.0011484 0.0011286 0.00105435 0.00079695 0.00074745 0.0007128 0.00068805 0.0006732 0.0005148 0.0005346 0.0004851 0.00043065 0.00037125 0.0003465 0.00029205 0.00023265 0.00024255 0.00022275 0.00019305 0.000198 0.00013365 0.0001386 0.00012375 9.9e-05 7.425e-05 0.00010395 0.00010395 0.0006237 
0.002673 0.0074646 0.012677 0.0179289 0.02277 0.0267696 0.0322295 0.0365904 0.0406445 0.0454955 0.0494604 0.0528066 0.0572913 0.0611672 0.0633155 0.0672854 0.069899 0.0711959 0.0733689 0.0743144 0.077621 0.0783882 0.0781556 0.0805068 0.0813632 0.0803732 0.0811949 0.08019 0.0817641 0.0806652 0.0789575 0.0781259 0.0780962 0.0759726 0.0749282 0.0726165 0.0720473 0.0708989 0.0682853 0.066038 0.0643352 0.0625779 0.060791 0.0589743 0.0559944 0.0540342 0.0519602 0.0495347 0.0488615 0.0461142 0.0437531 0.0411444 0.039699 0.0382833 0.0357935 0.0342788 0.0325017 0.0304178 0.0286952 0.0273785 0.025844 0.0247599 0.0229928 0.0216068 0.0200129 0.0186071 0.0175082 0.0161321 0.0154391 0.0147015 0.0131324 0.012771 0.011984 0.0108306 0.0101327 0.00919215 0.0087516 0.00793485 0.0072864 0.00674685 0.0061875 0.00582615 0.0055242 0.00493515 0.0043956 0.0045045 0.00376695 0.0035937 0.00310365 0.00287595 0.00283635 0.0024948 0.0023166 0.00217305 0.00182655 0.0017622 0.00173745 0.00147015 0.0013167 0.00125235 0.00106425 0.0009108 0.00095535 0.00087615 0.00073755 0.000792 0.0005643 0.00059895 0.0004851 0.00047025 0.00049005 0.00039105 0.00030195 0.0003069 0.00028215 0.00028215 0.00020295 0.0002079 0.0001188 0.00015345 0.00017325 0.00014355 0.0001386 0.0001089 0.0001089 0.00074745 
0.0025839 0.00726165 0.0122958 0.0170874 0.0214533 0.0261905 0.030497 0.0349817 0.0398277 0.042773 0.0476784 0.0517374 0.0547074 0.0583704 0.0608355 0.0640332 0.0672854 0.0690773 0.0702257 0.0716315 0.0743441 0.0759974 0.0765617 0.0777695 0.0780665 0.0796802 0.0792099 0.0798138 0.0784031 0.07871 0.0783486 0.0768834 0.0763092 0.0756459 0.0731759 0.0719483 0.0707504 0.0684536 0.0691713 0.0653648 0.0645233 0.0614741 0.0610682 0.0578408 0.0570191 0.0538758 0.0525393 0.050396 0.0480843 0.0461142 0.0434066 0.0430106 0.0399515 0.0385358 0.0367884 0.0354717 0.0327047 0.0319671 0.0299921 0.0279972 0.0269231 0.0252896 0.0239828 0.0219978 0.020493 0.0193298 0.0184487 0.0169983 0.0161568 0.0156222 0.0141669 0.0136521 0.0124394 0.0113702 0.0106821 0.0099693 0.0092664 0.0086724 0.0082071 0.00722205 0.0068013 0.0062766 0.00573705 0.0051876 0.00509355 0.00464805 0.0038808 0.00396 0.00339075 0.0033462 0.00315315 0.00265815 0.0028116 0.00232155 0.00206415 0.0020295 0.00179685 0.00147015 0.001584 0.0013167 0.00126225 0.00110385 0.00093555 0.00095535 0.0008811 0.00079695 0.00077715 0.0006138 0.0006633 0.00052965 0.00041085 0.0004653 0.00040095 0.00033165 0.0002772 0.00025245 0.0002277 0.00020295 0.0001782 0.000198 0.0002178 0.00014355 0.00014355 0.00011385 0.00010395 0.00097515 
0.0023661 0.00713295 0.0115781 0.0160479 0.0207999 0.0247946 0.0294228 0.0340115 0.0378972 0.0418325 0.0459311 0.0496931 0.0530888 0.0553955 0.0587912 0.0612117 0.0641322 0.0660132 0.0679041 0.0699534 0.0716018 0.0740372 0.0751707 0.075438 0.0761508 0.0770666 0.0777645 0.076626 0.0763092 0.0769824 0.0766112 0.0747945 0.0740075 0.0742055 0.0733244 0.0716265 0.0692357 0.0688397 0.0672408 0.065538 0.0633798 0.0620978 0.0599891 0.0577467 0.056732 0.0547074 0.0523067 0.0501683 0.0483615 0.0466637 0.0448371 0.0424364 0.0412979 0.0398079 0.0376646 0.0354321 0.0334967 0.0324572 0.0299574 0.0291308 0.0271706 0.0261509 0.0244283 0.0237897 0.0216117 0.0205425 0.0192011 0.018122 0.0169043 0.0158945 0.0150282 0.0140135 0.0127463 0.0124592 0.0110237 0.0110138 0.00978615 0.0090585 0.00827145 0.00797445 0.007029 0.0066528 0.00646965 0.0058608 0.00548955 0.0050787 0.0043659 0.00411345 0.00414315 0.00334125 0.00330165 0.0029799 0.0026433 0.00251955 0.00249975 0.00215325 0.00210375 0.00167805 0.001782 0.0013662 0.00144045 0.00126225 0.0011385 0.00119295 0.00092565 0.00084645 0.00076725 0.00070785 0.0006633 0.00056925 0.0005247 0.00050985 0.00041085 0.0003564 0.0003465 0.00031185 0.00026235 0.00026235 0.00026235 0.0002574 0.000198 0.00016335 0.00014355 0.00015345 0.00013365 0.001188 
0.00242055 0.0068013 0.0116474 0.0150183 0.0198099 0.0238442 0.0284279 0.0325116 0.0367389 0.0406445 0.0434214 0.0473666 0.050594 0.0534699 0.0562964 0.0589644 0.0620334 0.0638105 0.0656915 0.0690723 0.0692951 0.0710474 0.0723294 0.073562 0.0744876 0.0750074 0.075438 0.0754083 0.0739481 0.0763785 0.0754083 0.0728046 0.0726561 0.072869 0.0714236 0.0703247 0.0687654 0.0677259 0.0662261 0.0655776 0.0633897 0.061187 0.0596079 0.0584645 0.0550044 0.0534452 0.0525938 0.0509454 0.049005 0.0472676 0.0440996 0.0428175 0.0414068 0.0400505 0.0386991 0.0359321 0.0347738 0.0335016 0.0314771 0.029408 0.027918 0.0267399 0.0255569 0.0239333 0.0224087 0.0208296 0.0196218 0.0190031 0.0180131 0.0164291 0.0157658 0.0144491 0.0136274 0.013464 0.011687 0.0110286 0.0104643 0.0093852 0.00925155 0.00825165 0.0075636 0.0072072 0.00700425 0.0060687 0.00567765 0.0052272 0.004554 0.00449955 0.0043461 0.0040095 0.0036729 0.0031581 0.0030096 0.00308385 0.0026235 0.0023166 0.0022275 0.0020493 0.0016335 0.0016434 0.0015543 0.00131175 0.0013761 0.0011187 0.00110385 0.00099495 0.00078705 0.00079695 0.00071775 0.00079695 0.00057915 0.000594 0.0004752 0.0004059 0.00038115 0.0003069 0.0003366 0.00030195 0.00024255 0.0002178 0.0002277 0.00022275 0.0002079 0.00021285 0.00018315 0.0014058 
0.00213345 0.0064746 0.010598 0.0151124 0.0190229 0.0230819 0.0274676 0.0310068 0.0341501 0.0387437 0.0426938 0.0465102 0.0485793 0.051089 0.053658 0.0570686 0.0593208 0.0628254 0.0649341 0.0651519 0.0675824 0.0692802 0.0695129 0.0717156 0.0724581 0.0730026 0.0739976 0.0740223 0.0729482 0.0720572 0.0734234 0.0730769 0.0714929 0.0698346 0.0703841 0.0696366 0.0672012 0.0670527 0.0648203 0.0641718 0.0623948 0.0612365 0.0586724 0.0581378 0.0554994 0.0547025 0.053163 0.0498515 0.0497772 0.0473121 0.0460103 0.0430155 0.042575 0.0406692 0.0384318 0.0367389 0.0350312 0.0332492 0.0321552 0.0303435 0.028116 0.0271854 0.0254777 0.0248837 0.0224532 0.0219236 0.0204237 0.0194387 0.018414 0.0174141 0.016236 0.0148896 0.0144788 0.0142956 0.012281 0.0115632 0.0114098 0.0102267 0.0094644 0.0087417 0.0083952 0.00792 0.00688545 0.00672705 0.00622215 0.0058113 0.0051678 0.00480645 0.0044649 0.00404415 0.00387585 0.00337095 0.0033561 0.0029403 0.00287595 0.0026136 0.00237105 0.00238095 0.00189585 0.0018711 0.00158895 0.00133155 0.00154935 0.0013266 0.0011781 0.00105435 0.00088605 0.00098505 0.00086625 0.0008217 0.0006039 0.00065835 0.00059895 0.00049005 0.0004554 0.00039105 0.0003663 0.000396 0.0002475 0.00030195 0.0002772 0.00024255 0.000198 0.00017325 0.00016335 0.0016236 
0.00206415 0.00622215 0.00997425 0.0143055 0.0177755 0.0222503 0.0264578 0.0300614 0.0333185 0.0372141 0.0410949 0.0439511 0.0477032 0.0494307 0.0530244 0.0543659 0.0573903 0.0606326 0.0627957 0.0641916 0.0658796 0.0656469 0.0666815 0.0683793 0.0708197 0.0712058 0.0725373 0.0711563 0.071775 0.0709781 0.070988 0.0714038 0.0702851 0.0691713 0.0686714 0.0685922 0.0673893 0.0658746 0.0635432 0.0641273 0.0622512 0.0605979 0.0588803 0.0578556 0.0554796 0.0540293 0.0520988 0.0500445 0.0497723 0.0480348 0.0457034 0.0442233 0.0429413 0.0409118 0.0383081 0.0367538 0.0351846 0.0335313 0.032967 0.0314276 0.0288684 0.0274775 0.0268043 0.0252846 0.0230769 0.0222602 0.0209138 0.0203346 0.0188051 0.0181715 0.0165875 0.0160875 0.0152411 0.0141917 0.0132809 0.012276 0.0115434 0.0108009 0.0099 0.0092862 0.00903375 0.008118 0.0075636 0.00691515 0.0063657 0.00579645 0.00584595 0.00505395 0.0049896 0.00443025 0.00393525 0.0038511 0.00363825 0.00340065 0.00302445 0.00283635 0.00268785 0.00232155 0.0020988 0.00210375 0.00185625 0.0016137 0.00156915 0.00133155 0.00131175 0.0012177 0.00118305 0.0010395 0.00091575 0.0008712 0.0006435 0.00070785 0.00057915 0.000594 0.00051975 0.00036135 0.0005445 0.00039105 0.00029205 0.00029205 0.0003069 0.0002673 0.0002079 0.00019305 0.00021285 0.0018612 
0.0018414 0.00594495 0.0097515 0.0136373 0.0176468 0.0210722 0.0258885 0.02921 0.0325611 0.0361499 0.0388823 0.0429314 0.0455153 0.0479309 0.0507078 0.0530987 0.0553856 0.0579794 0.0594248 0.0619839 0.0643748 0.0644243 0.0649688 0.0676517 0.06782 0.0692555 0.069003 0.0698594 0.0696861 0.0700277 0.0702752 0.0697703 0.0684783 0.0689634 0.0676814 0.0675131 0.0659984 0.0644144 0.0628997 0.0622512 0.0609345 0.059895 0.058509 0.0568656 0.056039 0.0548708 0.0524502 0.0509553 0.0498218 0.0476982 0.0456588 0.0438818 0.0427532 0.0402039 0.0390803 0.0381893 0.0360806 0.0348134 0.0328383 0.0309375 0.0297 0.0279972 0.0262845 0.0258291 0.0241313 0.0232947 0.0223443 0.0204633 0.019305 0.0188595 0.0170429 0.0169043 0.0157806 0.0146867 0.0142956 0.0127512 0.0116375 0.0112365 0.0103059 0.0096525 0.009108 0.0089397 0.00791505 0.0071775 0.007128 0.0065538 0.00589545 0.00564795 0.0052965 0.0046629 0.0042966 0.0041679 0.00386595 0.00343035 0.0030393 0.00301455 0.00303435 0.0026235 0.00248985 0.00229185 0.00180675 0.0019206 0.0016533 0.00163845 0.00144045 0.0013464 0.00132165 0.0010494 0.00097515 0.0008811 0.0009207 0.00070785 0.00066825 0.00062865 0.00052965 0.00048015 0.00047025 0.00040095 0.00038115 0.0003465 0.0003267 0.000297 0.00025245 0.0002376 0.00018315 0.00213345 
0.00173745 0.005445 0.00915255 0.0132264 0.0173894 0.020795 0.0248243 0.0281012 0.0309227 0.0340362 0.038318 0.0409811 0.0437976 0.0461934 0.0488813 0.0514404 0.0538362 0.0558855 0.0581378 0.059999 0.0616077 0.0625185 0.0638946 0.0648797 0.0664637 0.0670824 0.0680922 0.0669191 0.0680378 0.0686516 0.0685872 0.0683744 0.0673101 0.0661667 0.0676517 0.0669488 0.0641966 0.0638748 0.062375 0.0619938 0.0603009 0.059202 0.0579546 0.0566924 0.0559796 0.0546629 0.0522324 0.0507524 0.0495594 0.0475349 0.0455846 0.0452282 0.0424908 0.0405306 0.0386991 0.0377685 0.0366053 0.0345015 0.0327542 0.0316206 0.0300614 0.029502 0.0274379 0.0265716 0.0246956 0.0237897 0.0228146 0.0208346 0.0198099 0.0194288 0.0184091 0.0167508 0.0163697 0.0149342 0.0142461 0.0136422 0.0123107 0.0118701 0.0109247 0.010395 0.00974655 0.00900405 0.0086724 0.0074349 0.0071874 0.007128 0.0066627 0.00595485 0.00543015 0.00501435 0.0046431 0.004356 0.0040095 0.0038313 0.00328185 0.00318285 0.00297495 0.0029502 0.0024552 0.00249975 0.0021087 0.0020988 0.00181665 0.0017622 0.0016434 0.00140085 0.0013167 0.0012672 0.00106425 0.00108405 0.0008712 0.00079695 0.0007128 0.00079695 0.00054945 0.0006138 0.00043065 0.0004257 0.00035145 0.000396 0.00037125 0.0003069 0.0003069 0.0002574 0.0002871 0.00245025 
0.00170775 0.0057519 0.00914265 0.0127809 0.0162707 0.0195773 0.0235719 0.0268538 0.029997 0.0329274 0.03614 0.0404663 0.0422829 0.0438867 0.04752 0.0490545 0.0531234 0.0545045 0.0557915 0.0588803 0.0598406 0.060593 0.0630383 0.0631224 0.0647955 0.0653895 0.0661568 0.0663201 0.0663647 0.0665676 0.0657261 0.0671963 0.0668795 0.0658103 0.0654291 0.0641768 0.0642164 0.0628403 0.0611771 0.0609543 0.0597168 0.0590436 0.0566874 0.0564894 0.054752 0.053465 0.0528116 0.0509009 0.0489555 0.0472775 0.0454014 0.0440253 0.0428175 0.0405306 0.0395258 0.0380754 0.036036 0.0347837 0.0344471 0.0327839 0.0309524 0.029403 0.0281754 0.0273834 0.0257598 0.0242501 0.0229779 0.0218246 0.0204534 0.0199436 0.0179784 0.0173795 0.0171518 0.0152361 0.0149441 0.0143006 0.0128849 0.012375 0.0115632 0.0110732 0.0101871 0.00923175 0.00874665 0.00826155 0.00768735 0.0071874 0.00674685 0.0059499 0.0059697 0.00538065 0.00506385 0.00446985 0.00436095 0.00385605 0.0040095 0.0034848 0.00323235 0.00306405 0.0029799 0.0024156 0.0023562 0.00213345 0.00215325 0.00175725 0.00167805 0.00154935 0.0015741 0.00123255 0.00116325 0.00102465 0.0009801 0.00090585 0.000792 0.00080685 0.0006534 0.00058905 0.0006039 0.00047025 0.000396 0.0004059 0.0003465 0.0003663 0.0003267 0.00041085 0.00032175 0.0027621 
0.0018018 0.0057222 0.00915255 0.012083 0.0155331 0.0191912 0.0232205 0.025943 0.0281111 0.0326057 0.0344471 0.03861 0.0412038 0.0425106 0.044456 0.0481685 0.0509603 0.0535095 0.0548114 0.0575636 0.0576527 0.0589743 0.0606474 0.0619839 0.0628898 0.0632957 0.0640827 0.0647312 0.0661617 0.065637 0.0643005 0.0649539 0.0644193 0.0641124 0.0640481 0.0627165 0.0625284 0.0619295 0.0611177 0.0599742 0.0593357 0.0583952 0.0569399 0.0554994 0.0540788 0.0543213 0.0519651 0.0505148 0.0488714 0.0470052 0.0451539 0.0442035 0.0428967 0.0403722 0.0397683 0.0385457 0.0363677 0.0351252 0.0347985 0.0329522 0.0314523 0.0299129 0.0284477 0.0276854 0.0259034 0.0246906 0.0230423 0.0223146 0.0213098 0.0198099 0.0189288 0.0182655 0.0173646 0.0162905 0.0150926 0.0146223 0.0129789 0.0128552 0.0117167 0.0114791 0.0106079 0.010098 0.0093555 0.00875655 0.0079893 0.0076329 0.0072468 0.0066033 0.00623205 0.0057915 0.0051975 0.00488565 0.00462825 0.00451935 0.00391545 0.00372735 0.0036432 0.00314325 0.0030789 0.00271755 0.0025542 0.00228195 0.00214335 0.00190575 0.00192555 0.00182655 0.0015642 0.0013662 0.0012276 0.0011484 0.0011286 0.00109395 0.00083655 0.00088605 0.00074745 0.00070785 0.00059895 0.00051975 0.000495 0.0003663 0.00037125 0.0004455 0.00045045 0.00027225 0.0003366 0.0031878 
0.0018216 0.00522225 0.00855855 0.011781 0.0149738 0.0188051 0.0215424 0.0247896 0.0278339 0.0304673 0.0329126 0.0370458 0.0392684 0.0422879 0.0444312 0.0469359 0.048812 0.0519998 0.0537867 0.0552965 0.0560489 0.0579744 0.0593654 0.0595634 0.0611375 0.0622661 0.0621176 0.0635828 0.0639243 0.0629888 0.0629937 0.0638253 0.0636917 0.0638402 0.062469 0.0614939 0.0614543 0.0604989 0.0604296 0.0596624 0.0582219 0.0563211 0.0567963 0.0549747 0.0541134 0.0530888 0.0518067 0.0498663 0.0494406 0.0467528 0.0449114 0.044456 0.0426591 0.041189 0.039501 0.0381695 0.0371646 0.0361845 0.0349619 0.0332492 0.031487 0.0300168 0.0288189 0.0271953 0.0261558 0.024953 0.0242649 0.0230522 0.0212603 0.020597 0.0196614 0.0189387 0.0174933 0.0165429 0.0157856 0.0152856 0.0140382 0.0127116 0.0126522 0.011786 0.0112068 0.0101327 0.0097614 0.0091377 0.0084447 0.0079695 0.00723195 0.00716265 0.00629145 0.00642015 0.0056232 0.00548955 0.00481635 0.0046233 0.0044055 0.00380655 0.00358875 0.00346005 0.00325215 0.00295515 0.00266805 0.00248985 0.00226215 0.00216315 0.00192555 0.00189585 0.0020493 0.00145035 0.00145035 0.00121275 0.00120285 0.0010494 0.0010395 0.0009504 0.00083655 0.0007227 0.00069795 0.0005742 0.00057915 0.000396 0.00058905 0.00043065 0.0004752 0.0003564 0.00039105 0.00345015 
0.0016038 0.0050886 0.00836055 0.0112613 0.0150629 0.0173745 0.0209286 0.0236957 0.0272844 0.0298881 0.0322839 0.0356499 0.0379368 0.0408227 0.0428967 0.0453321 0.0477923 0.0499554 0.0513414 0.0538115 0.0548757 0.0572171 0.0576279 0.0589199 0.0598158 0.0590337 0.0613751 0.0614345 0.0624195 0.0617117 0.0622809 0.0626967 0.0625482 0.0619542 0.0610781 0.0618651 0.0593852 0.0590337 0.0588803 0.0591426 0.0571181 0.05643 0.0549846 0.0550143 0.0549351 0.0520097 0.0511236 0.0494703 0.0477279 0.0464063 0.045639 0.0440352 0.0429809 0.0410058 0.0391149 0.039303 0.037026 0.0362637 0.0347639 0.0325215 0.0321998 0.0300069 0.0295763 0.0281259 0.0266657 0.0251361 0.0246015 0.0227205 0.0219879 0.0211118 0.0201762 0.0197951 0.0179933 0.0174785 0.0163944 0.0152559 0.0142214 0.0139541 0.0124047 0.0123008 0.0118008 0.0107019 0.00977625 0.0096921 0.00911295 0.0079596 0.00792495 0.00730125 0.0069498 0.00643995 0.00605385 0.00533115 0.0051876 0.00495495 0.00447975 0.0043362 0.00386595 0.0034452 0.00358875 0.00317295 0.0027918 0.002772 0.0024849 0.0024354 0.002178 0.00193545 0.0019701 0.0016335 0.0015147 0.0013761 0.0011979 0.00123255 0.0010395 0.00109395 0.0009207 0.00087615 0.0008415 0.00076725 0.0007227 0.0004752 0.000495 0.00046035 0.00047025 0.0004356 0.0003663 0.0039699 
0.0017127 0.00468765 0.008118 0.0111524 0.0143105 0.0172904 0.0200327 0.0233393 0.025745 0.0286506 0.0315761 0.0343679 0.0368132 0.0394713 0.0419067 0.0445797 0.0464211 0.0478665 0.0501287 0.0516879 0.0531036 0.0549648 0.0576378 0.0571626 0.0579645 0.0581081 0.0589347 0.059796 0.0596277 0.0604791 0.0603554 0.0612117 0.0601722 0.0611721 0.0611226 0.060687 0.0580091 0.0596376 0.0583457 0.0577715 0.0562716 0.0559103 0.0556677 0.0540144 0.0529452 0.051287 0.0499604 0.049302 0.0482427 0.0459905 0.0463271 0.0445005 0.0429561 0.0408969 0.0397089 0.0387783 0.0373379 0.0359073 0.0344471 0.0337194 0.0321651 0.0309326 0.0294179 0.0286308 0.0268587 0.0256212 0.0240521 0.023364 0.0217454 0.0220721 0.0208197 0.0198396 0.0187754 0.0176171 0.0168746 0.0159984 0.0150431 0.0143946 0.0128601 0.0124988 0.0123008 0.0108257 0.010098 0.0102812 0.0092961 0.00856845 0.0079695 0.00786555 0.0072468 0.00656865 0.0063558 0.00595485 0.00509355 0.00515295 0.00462825 0.0046728 0.00431145 0.0039798 0.00371745 0.00313335 0.0032769 0.0027027 0.00257895 0.00251955 0.0023364 0.0022374 0.00192555 0.00165825 0.00152955 0.001485 0.00146025 0.001287 0.0010791 0.0011682 0.00102465 0.00090585 0.00077715 0.0008514 0.00085635 0.0006039 0.00056925 0.00053955 0.0004257 0.00040095 0.00043065 0.00466785 
0.0015345 0.00484605 0.00766755 0.010499 0.0137264 0.0166122 0.0197604 0.0223988 0.024849 0.0282744 0.0305514 0.0330165 0.03564 0.0384714 0.0407286 0.0429462 0.044649 0.0470448 0.0483566 0.0502326 0.0513167 0.0535145 0.0545589 0.0546876 0.0571775 0.0572715 0.0584051 0.0587664 0.058712 0.0586724 0.0596376 0.0592763 0.0600138 0.0597416 0.0594792 0.0589248 0.0579051 0.0585239 0.0576428 0.0577071 0.0558608 0.0542273 0.053955 0.0532076 0.0529254 0.0502821 0.0501584 0.0490743 0.0482922 0.0463122 0.0454905 0.0438917 0.0423522 0.0415058 0.0403376 0.0384764 0.0371498 0.0357291 0.0344025 0.0335115 0.0325314 0.0314573 0.0296555 0.0282744 0.027522 0.025943 0.0253737 0.0235373 0.0229829 0.021978 0.0212652 0.0201515 0.019013 0.018315 0.0172656 0.0159737 0.0151668 0.014756 0.0136818 0.0126621 0.0122958 0.0114791 0.0108554 0.009999 0.00978615 0.0089793 0.00870705 0.00779625 0.0073656 0.00716265 0.0065241 0.00629145 0.00569745 0.0053658 0.00525195 0.00468765 0.0044154 0.00403425 0.0039006 0.00345015 0.0032274 0.00277695 0.00295515 0.00269775 0.0023265 0.0024057 0.00193545 0.001881 0.0018315 0.001584 0.0016137 0.00146025 0.00133155 0.0012078 0.00110385 0.00099495 0.000891 0.00086625 0.00076725 0.0007029 0.00067815 0.00059895 0.00055935 0.0004554 0.00048015 0.0050787 
0.00152955 0.0044352 0.00756855 0.0100337 0.0133997 0.0159984 0.0191664 0.021483 0.0245372 0.0275468 0.0297347 0.0326453 0.0341006 0.036833 0.0386892 0.0417879 0.0437679 0.0449015 0.0475695 0.0494208 0.050891 0.0519948 0.0519354 0.053762 0.0552074 0.0560637 0.0558162 0.0562766 0.057222 0.0580982 0.057915 0.0585981 0.0578853 0.0587268 0.0573111 0.0583457 0.0580289 0.0571725 0.056831 0.0562172 0.0553212 0.0532521 0.0531284 0.0523463 0.051579 0.0511929 0.0494703 0.0487179 0.0477378 0.0459212 0.0446738 0.0441194 0.0423077 0.0408672 0.0401594 0.0385754 0.0376497 0.0366795 0.0349866 0.0341055 0.0321404 0.0312395 0.0302099 0.0289971 0.0276606 0.0265716 0.0254381 0.0246114 0.022874 0.0221513 0.0215276 0.0205574 0.0199931 0.018117 0.0175032 0.0165083 0.0160232 0.0143303 0.0143748 0.0133749 0.0124097 0.0121374 0.010989 0.0105386 0.00990495 0.00903375 0.0087021 0.0084645 0.0079101 0.0071676 0.0068013 0.0064647 0.00608355 0.0055836 0.0054054 0.0048114 0.0047025 0.00446985 0.00412335 0.00378675 0.00340065 0.0031977 0.00302445 0.00277695 0.0026334 0.00257895 0.00216315 0.00193545 0.00181665 0.0019008 0.00165825 0.00144045 0.0013761 0.00142065 0.0012672 0.001188 0.00101475 0.00092565 0.0007326 0.0008811 0.00078705 0.00066825 0.0005346 0.00052965 0.0005247 0.0055539 
0.0014553 0.00434115 0.0069696 0.0097713 0.0125879 0.0156668 0.0184685 0.0211266 0.023562 0.0262796 0.0291159 0.0319127 0.0331997 0.0358083 0.0382536 0.0403079 0.0431145 0.0435798 0.0454212 0.0470943 0.0491981 0.049896 0.051287 0.0524255 0.0537224 0.0544995 0.0545837 0.055242 0.0560934 0.0573903 0.0570933 0.0570983 0.0566528 0.0567122 0.0560142 0.0569795 0.0567369 0.0562716 0.0562716 0.0550143 0.0545243 0.0539402 0.0522374 0.0513068 0.0510939 0.0498168 0.0492872 0.0474755 0.0469755 0.0465993 0.0445946 0.0437085 0.0430898 0.0410801 0.0400356 0.038412 0.0376745 0.0363578 0.035937 0.0336105 0.032576 0.0322542 0.0302247 0.0290466 0.0270221 0.0265172 0.0258341 0.0242748 0.0235373 0.0227948 0.0216464 0.0207851 0.0198594 0.0185774 0.018023 0.0172607 0.0158202 0.0150381 0.0144491 0.0137412 0.0129839 0.0120285 0.0116078 0.0108405 0.0106722 0.00970695 0.0091278 0.0080487 0.00783585 0.0076725 0.00751905 0.00699435 0.00650925 0.00601425 0.0053856 0.00514305 0.0048708 0.00450945 0.00438075 0.00374715 0.0036036 0.00339075 0.0032868 0.00277695 0.0029205 0.00261855 0.00256905 0.0022671 0.00198 0.0019899 0.00174735 0.00158895 0.0016038 0.0014157 0.00127215 0.00115335 0.00104445 0.0010791 0.0008217 0.00088605 0.00077715 0.0007623 0.00065835 0.0005346 0.00061875 0.0062469 
0.0014652 0.0040887 0.0069102 0.00955845 0.012281 0.0156816 0.0179586 0.0203445 0.022874 0.0253292 0.0279725 0.0298337 0.0328383 0.0353133 0.0364617 0.0392733 0.0412038 0.0423572 0.04406 0.0456638 0.0474012 0.047723 0.049703 0.0513513 0.0519107 0.0541679 0.0526185 0.0548559 0.0551183 0.0559251 0.0553806 0.0561825 0.0560835 0.056039 0.0554747 0.0553608 0.0564399 0.0549054 0.0546233 0.0538164 0.0535442 0.0530492 0.052173 0.0503663 0.050495 0.0496733 0.0489803 0.0481091 0.0465647 0.0463716 0.0442134 0.0436194 0.0423423 0.040887 0.0392387 0.0392436 0.0377091 0.0361103 0.0348183 0.0337392 0.0326057 0.0315216 0.0306207 0.0291555 0.028512 0.0267993 0.0261162 0.0247154 0.0239135 0.0226859 0.0220572 0.0211662 0.0203148 0.0188843 0.0181418 0.0171518 0.0162113 0.0154985 0.0150233 0.0139937 0.0138897 0.0122958 0.0114989 0.0116523 0.0108405 0.0099198 0.00943965 0.00926145 0.00833085 0.00800415 0.00742005 0.00703395 0.00661815 0.0061479 0.00608355 0.00548955 0.00523215 0.00488565 0.00423225 0.00408375 0.0036333 0.00354915 0.0031284 0.0032274 0.00288585 0.00283635 0.0025245 0.00242055 0.002178 0.00216315 0.0020394 0.0016929 0.0016137 0.00139095 0.0013464 0.0012969 0.00124245 0.00098505 0.00107415 0.00090585 0.0009108 0.0007227 0.00069795 0.00063855 0.00067815 0.00692505 
0.00131175 0.0040095 0.0065736 0.00925155 0.0118652 0.0148748 0.0173349 0.0200525 0.0229037 0.0249183 0.0272844 0.0291753 0.0312741 0.0337343 0.0358578 0.0376497 0.0390704 0.040892 0.0428373 0.0451292 0.0457479 0.046337 0.0487476 0.0499653 0.0516137 0.051881 0.0526631 0.0543263 0.0533858 0.0536729 0.054747 0.0560093 0.0545391 0.0545193 0.0544995 0.0542867 0.0549401 0.0544698 0.0537125 0.0525195 0.0528017 0.0527472 0.0510692 0.0504405 0.0489852 0.0494505 0.0474953 0.0476586 0.0459311 0.0454064 0.0441144 0.0432531 0.0420899 0.0403772 0.0395258 0.0376745 0.0371448 0.0367439 0.0357836 0.0343679 0.0326997 0.0322295 0.0313088 0.0297792 0.0290961 0.0261905 0.0257895 0.0249332 0.0242748 0.0226908 0.0223097 0.0213246 0.0203693 0.019508 0.0185873 0.0176121 0.0163499 0.0161123 0.0154143 0.0147906 0.0141669 0.0127661 0.0121473 0.0113405 0.0108554 0.0105188 0.0099594 0.0094248 0.0088605 0.0076923 0.0078012 0.00730125 0.0069795 0.00673695 0.00593505 0.0054747 0.00530145 0.00505395 0.0046134 0.00438075 0.0040293 0.0037917 0.0035343 0.0031977 0.00307395 0.0028611 0.00321255 0.002376 0.0024552 0.0020493 0.0020295 0.00175725 0.00164835 0.00140085 0.00151965 0.00136125 0.0013266 0.00126225 0.00107415 0.00106425 0.0009603 0.00082665 0.0007326 0.00071775 0.00071775 0.00767745 
0.00128205 0.0041877 0.00643005 0.00911295 0.0115286 0.0140877 0.0173646 0.0193694 0.0221859 0.0242204 0.0265568 0.0280863 0.0308088 0.0321948 0.0342936 0.0369815 0.0385506 0.0397238 0.0417434 0.0436095 0.0441738 0.0455994 0.0471042 0.0481635 0.0498416 0.0510197 0.0517226 0.0511038 0.0526284 0.0520295 0.0540491 0.0541629 0.0528413 0.0545144 0.0533214 0.0532323 0.0535442 0.0530145 0.0531086 0.051876 0.0532769 0.0510494 0.0510494 0.0493911 0.0493218 0.0481041 0.0479507 0.0461786 0.0458321 0.0452232 0.0437085 0.0431343 0.0415355 0.0404712 0.0390308 0.0383972 0.0373082 0.0367092 0.0349668 0.0343827 0.0333531 0.0326205 0.0307247 0.0300614 0.0288932 0.0274082 0.0258044 0.0252846 0.0242303 0.0234185 0.0224087 0.020988 0.0208148 0.0197753 0.0191021 0.01782 0.0167112 0.0159836 0.015548 0.0149391 0.0143847 0.0134937 0.0124295 0.0119939 0.0112811 0.0107465 0.0102069 0.0094446 0.009108 0.0085833 0.00802395 0.00761805 0.0072468 0.006831 0.00624195 0.0059796 0.00565785 0.0051876 0.00479655 0.0046035 0.0041679 0.0039204 0.00362835 0.00330165 0.00344025 0.0031383 0.00282645 0.0026928 0.0025938 0.00226215 0.00203445 0.00199485 0.00166815 0.001683 0.00143055 0.00147015 0.0013662 0.0012276 0.00125235 0.0010197 0.0010395 0.0010197 0.00091575 0.0007821 0.0007722 0.0083952 
Angular Collision Densities:
0.941787 0.390852 0.313558 0.266112 0.24354 0.229433 0.211613 0.201366 0.203445 0.195055 0.181987 0.190154 0.185254 0.188001 0.19008 0.18815 0.197282 0.194164 0.202331 0.211687 0.220745 0.225126 0.242204 0.25891 0.287719 0.316454 0.358182 0.444683 0.604989 15.391 
2.31289 0.996361 0.771161 0.675824 0.614345 0.571651 0.538684 0.514924 0.486709 0.482105 0.474532 0.470151 0.471265 0.470745 0.475274 0.482477 0.489679 0.491312 0.510246 0.548856 0.547668 0.595114 0.618948 0.663869 0.714211 0.801455 0.943495 1.12712 1.57217 15.7995 
3.38112 1.43986 1.12749 0.995693 0.895381 0.826254 0.786382 0.75089 0.732254 0.714062 0.704484 0.686293 0.689708 0.69008 0.700994 0.711092 0.720151 0.743465 0.764478 0.794401 0.828704 0.859147 0.922037 0.995544 1.08071 1.20693 1.39493 1.68978 2.31601 15.9882 
4.2517 1.82692 1.43696 1.21993 1.11293 1.04054 0.987896 0.93659 0.905924 0.903771 0.89048 0.865532 0.874739 0.885803 0.879863 0.90689 0.932729 0.938966 0.969854 1.00007 1.04039 1.11011 1.16758 1.24012 1.36709 1.5144 1.76604 2.15845 2.94505 16.0898 
5.03727 2.14315 1.66929 1.43265 1.32351 1.22074 1.16327 1.11353 1.08257 1.07195 1.05814 1.03787 1.0343 1.03386 1.0343 1.07677 1.08747 1.11212 1.12511 1.16149 1.23381 1.3048 1.39538 1.50134 1.63075 1.78363 2.09407 2.54425 3.46243 16.2149 
5.67931 2.42768 1.91105 1.65399 1.47461 1.38996 1.32744 1.27695 1.22817 1.19609 1.18414 1.17998 1.16951 1.1955 1.18815 1.19246 1.20864 1.2575 1.2924 1.33212 1.3982 1.4481 1.56333 1.6782 1.84266 2.05368 2.35105 2.85387 3.93146 16.2409 
6.21042 2.65132 2.09014 1.83977 1.66454 1.52643 1.44283 1.41023 1.35254 1.33205 1.31022 1.30242 1.29707 1.30546 1.31393 1.30955 1.34437 1.39278 1.42738 1.46235 1.56081 1.63038 1.72861 1.8463 2.00208 2.25713 2.61004 3.15511 4.30954 16.3069 
6.75178 2.86672 2.26024 1.98299 1.76604 1.65399 1.56898 1.50586 1.48203 1.41402 1.40206 1.39984 1.38105 1.39976 1.41261 1.436 1.47557 1.4899 1.53608 1.59095 1.65644 1.74361 1.84623 1.99302 2.20032 2.43458 2.79759 3.40481 4.61286 16.2565 
7.15725 3.07625 2.4054 2.06556 1.87897 1.77235 1.66379 1.62103 1.577 1.52079 1.49881 1.4948 1.48901 1.49621 1.50713 1.51715 1.56497 1.5816 1.61939 1.69416 1.78252 1.86798 1.97928 2.13053 2.31148 2.58791 2.96903 3.63922 4.86887 16.2767 
7.53741 3.23233 2.55554 2.18354 1.98025 1.84452 1.73158 1.69758 1.63484 1.61056 1.59831 1.57826 1.56957 1.57172 1.59689 1.59237 1.62526 1.66446 1.72423 1.79989 1.87117 1.97215 2.08056 2.23938 2.44 2.71161 3.15793 3.77584 5.12073 16.3517 
7.86055 3.34882 2.64427 2.27472 2.09407 1.92991 1.83687 1.77903 1.69513 1.67976 1.64597 1.64144 1.63283 1.65956 1.67129 1.68147 1.69312 1.75371 1.78876 1.84392 1.93377 2.04039 2.16951 2.33041 2.55316 2.83464 3.25423 3.97379 5.32996 16.2752 
8.15673 3.45626 2.71562 2.36642 2.16454 2.00854 1.89449 1.82046 1.78081 1.73916 1.73017 1.69142 1.69602 1.70151 1.71169 1.73864 1.78245 1.81148 1.85573 1.94594 2.02621 2.10915 2.25638 2.44602 2.64182 2.94201 3.37288 4.06838 5.50044 16.2298 
8.36746 3.60127 2.80932 2.45901 2.20686 2.07907 1.95649 1.87162 1.80264 1.81148 1.75341 1.73092 1.74079 1.75779 1.75549 1.79343 1.83019 1.87273 1.91008 1.98693 2.07581 2.20084 2.28415 2.49057 2.70849 3.01752 3.4902 4.20856 5.62214 16.1595 
8.54855 3.65852 2.87845 2.49591 2.24458 2.12563 2.01804 1.92953 1.89323 1.83672 1.77925 1.80613 1.78334 1.8137 1.81148 1.82974 1.87147 1.89768 1.98582 2.05093 2.12459 2.23953 2.37103 2.53645 2.77621 3.07536 3.55865 4.26655 5.6851 16.1858 
8.74331 3.7272 2.98418 2.54091 2.32276 2.16357 2.03252 1.95597 1.91832 1.85959 1.83657 1.82566 1.82336 1.83212 1.83687 1.87414 1.89753 1.94787 2.00416 2.10528 2.16365 2.28549 2.41201 2.61063 2.84452 3.16008 3.60744 4.33969 5.80056 16.0539 
8.91022 3.80026 2.99792 2.6133 2.37734 2.22089 2.08197 2.00304 1.94409 1.91008 1.88261 1.86828 1.86627 1.87452 1.85967 1.91572 1.91535 2.00074 2.05517 2.10937 2.21933 2.31868 2.44171 2.62229 2.86783 3.16223 3.65807 4.40473 5.84979 16.019 
9.02538 3.86768 3.04722 2.64241 2.3904 2.23121 2.1087 2.02517 1.96272 1.93481 1.89538 1.88706 1.88112 1.88424 1.90043 1.93139 1.98797 2.01463 2.06088 2.15978 2.23574 2.35573 2.48908 2.67887 2.94921 3.21762 3.70508 4.46324 5.92775 15.9041 
9.10186 3.89723 3.09229 2.64375 2.39538 2.25037 2.12422 2.03705 1.99458 1.94498 1.9256 1.91016 1.92463 1.91105 1.91869 1.94446 2.00089 2.03675 2.09994 2.15511 2.25935 2.3858 2.51403 2.70931 2.94787 3.28979 3.71265 4.44884 5.92181 15.8421 
9.18146 3.90176 3.10981 2.69528 2.42619 2.26618 2.15125 2.0369 1.9928 1.96918 1.92649 1.9204 1.92553 1.94654 1.91149 1.96087 2.00564 2.03898 2.10462 2.188 2.27405 2.37214 2.53207 2.74116 2.95864 3.29195 3.77012 4.51848 5.97527 15.6666 
9.24761 3.92181 3.11405 2.71072 2.44966 2.28141 2.16283 2.07299 2.0317 1.97431 1.93154 1.93384 1.92887 1.9573 1.95344 1.96651 2.01938 2.05583 2.12511 2.19624 2.28178 2.39724 2.52888 2.72631 2.97995 3.26789 3.77346 4.50764 5.98232 15.5937 
9.30479 3.96725 3.14612 2.71198 2.44683 2.28779 2.18585 2.0764 2.00341 1.99168 1.96191 1.95255 1.91216 1.94906 1.95166 1.99948 2.02465 2.05606 2.13105 2.21785 2.30591 2.40622 2.55316 2.73938 2.97163 3.31697 3.74888 4.51381 5.97854 15.4678 
9.27048 3.95611 3.12912 2.71725 2.46005 2.2748 2.1851 2.08672 2.04611 1.99376 1.96369 1.94179 1.95649 1.94535 1.96933 1.97765 2.01173 2.05866 2.13409 2.20805 2.29722 2.40912 2.57818 2.72304 3.00445 3.31044 3.7696 4.47757 5.97631 15.3328 
9.32194 3.97423 3.1188 2.71116 2.4478 2.31712 2.18414 2.07269 2.03564 2.02435 1.96228 1.94602 1.93637 1.92159 1.97178 1.98686 2.02302 2.06823 2.12073 2.21569 2.30472 2.40815 2.51915 2.77903 2.96495 3.26462 3.72772 4.49747 5.9792 15.1053 
9.3033 3.96577 3.1381 2.73381 2.46978 2.27361 2.18102 2.10915 2.04366 1.9602 1.96391 1.93161 1.94624 1.94141 1.9452 1.98626 2.00133 2.06853 2.13498 2.20441 2.30168 2.40347 2.55732 2.72297 2.97668 3.31578 3.73574 4.4752 5.95522 15.05 
9.29194 3.99368 3.11442 2.70463 2.4455 2.28282 2.16907 2.08167 2.03616 1.98619 1.95901 1.95352 1.93874 1.93807 1.95857 1.96621 2.03074 2.06979 2.14092 2.20589 2.2872 2.41728 2.52858 2.7148 2.9524 3.297 3.69691 4.47676 5.90339 14.8922 
9.31028 3.96079 3.10224 2.70686 2.45307 2.26685 2.19661 2.06437 2.02955 1.98604 1.93132 1.92939 1.93154 1.9351 1.95664 1.96443 2.03297 2.05732 2.09667 2.20456 2.29247 2.41053 2.5421 2.68139 2.93191 3.26425 3.70121 4.42352 5.83093 14.693 
9.23833 3.97096 3.12266 2.67203 2.43986 2.28645 2.1808 2.08442 1.99792 1.97631 1.95738 1.94995 1.93117 1.93496 1.94483 1.96599 2.01812 2.04603 2.11835 2.18369 2.27524 2.35707 2.51084 2.68807 2.90318 3.25015 3.66476 4.4253 5.77591 14.5136 
9.16958 3.92515 3.08694 2.69453 2.41988 2.26247 2.13885 2.06274 2.02977 1.97973 1.95708 1.90689 1.90065 1.94045 1.92538 1.97045 1.98671 2.03957 2.08479 2.16491 2.26366 2.34452 2.51336 2.70463 2.90741 3.24725 3.64152 4.37637 5.75371 14.3753 
9.14047 3.8858 3.06756 2.64308 2.41016 2.23188 2.12006 2.04499 1.97869 1.95047 1.92204 1.91112 1.90206 1.9109 1.91714 1.94416 1.97639 2.01433 2.07774 2.13714 2.24948 2.33613 2.47483 2.63706 2.86011 3.17137 3.64152 4.32744 5.69275 14.1525 
9.0435 3.86865 3.05591 2.63417 2.40199 2.28415 2.14033 2.03816 1.98916 1.9354 1.91268 1.91171 1.87845 1.91298 1.90644 1.9354 1.96117 2.0075 2.08086 2.11806 2.20797 2.33345 2.47505 2.62697 2.89219 3.17493 3.62206 4.28705 5.68116 14.0524 
8.98804 3.84608 3.03831 2.64716 2.38588 2.22267 2.10128 2.02673 1.9628 1.91275 1.86768 1.87556 1.84675 1.88001 1.88677 1.91142 1.92426 1.98619 2.03868 2.12637 2.2001 2.33212 2.43265 2.61902 2.83182 3.14308 3.58026 4.23782 5.58501 13.8334 
8.9368 3.81422 3.00713 2.59571 2.35202 2.20864 2.10425 1.99235 1.94542 1.9129 1.88773 1.85662 1.84058 1.87867 1.87815 1.91662 1.92486 1.96792 2.03037 2.12318 2.19602 2.29967 2.40644 2.5793 2.78957 3.111 3.52391 4.19713 5.52502 13.646 
8.84162 3.77984 2.97022 2.56742 2.33821 2.17092 2.05814 1.99257 1.91951 1.87162 1.85885 1.83509 1.83294 1.846 1.84979 1.89211 1.92152 1.94973 2.00831 2.0516 2.17478 2.2428 2.38892 2.56437 2.79529 3.05591 3.48656 4.13172 5.4201 13.4848 
8.77977 3.74517 2.92552 2.55843 2.31757 2.14649 2.04833 1.95344 1.90637 1.88008 1.84147 1.85744 1.80123 1.81682 1.86085 1.85573 1.88098 1.93585 1.98804 2.05056 2.12429 2.252 2.37444 2.49413 2.76596 3.05108 3.4472 4.07833 5.35988 13.2876 
8.63832 3.68829 2.91312 2.51566 2.29551 2.14078 2.0242 1.94468 1.89724 1.82662 1.80962 1.81281 1.79967 1.79529 1.82462 1.84311 1.87303 1.90377 1.9582 2.0395 2.09563 2.21235 2.34704 2.52933 2.71465 3.00326 3.41966 4.08999 5.31637 13.0748 
8.53207 3.64464 2.86249 2.50052 2.25007 2.12659 2.00208 1.91751 1.87006 1.81148 1.80673 1.77918 1.78341 1.79581 1.81022 1.83464 1.85202 1.89226 1.9458 2.00906 2.09051 2.18169 2.31066 2.48114 2.68065 2.94164 3.37934 4.01232 5.25727 12.9199 
8.45366 3.60699 2.8561 2.46339 2.23945 2.08761 2.00542 1.90288 1.84162 1.82039 1.79373 1.76975 1.76321 1.74688 1.76923 1.7921 1.82737 1.87058 1.8979 1.99057 2.05041 2.16313 2.29685 2.45233 2.65629 2.92597 3.29893 3.9801 5.18956 12.7174 
8.35699 3.58449 2.81868 2.43028 2.21317 2.06244 1.95597 1.89352 1.82313 1.79366 1.78074 1.74866 1.76002 1.73931 1.74421 1.77569 1.79603 1.85699 1.90221 1.96124 2.05086 2.13565 2.26076 2.41364 2.59244 2.88268 3.26255 3.90711 5.10098 12.5245 
8.2736 3.53163 2.78074 2.4005 2.16869 2.05643 1.92953 1.84645 1.80279 1.75943 1.7399 1.69914 1.71763 1.7255 1.72624 1.75423 1.77042 1.82855 1.86828 1.94238 2.0049 2.11427 2.23626 2.39538 2.57269 2.82373 3.24606 3.82291 5.04781 12.3516 
8.16928 3.47327 2.7402 2.38684 2.16862 2.01076 1.91476 1.83078 1.79514 1.73314 1.70768 1.71243 1.69617 1.70656 1.71488 1.72171 1.76433 1.80947 1.84927 1.92322 1.98047 2.07187 2.19735 2.33977 2.52398 2.78816 3.18377 3.81378 4.99019 12.1267 
8.08746 3.44602 2.71978 2.35825 2.12704 1.98389 1.89635 1.82135 1.76789 1.72475 1.71918 1.68251 1.67523 1.68288 1.70307 1.72832 1.73767 1.77948 1.82484 1.89026 1.96889 2.04381 2.15125 2.32224 2.51656 2.74992 3.15466 3.73529 4.88862 11.9247 
7.9518 3.38164 2.65421 2.32165 2.0989 1.96421 1.86174 1.77688 1.73634 1.69498 1.65422 1.64731 1.6191 1.64776 1.67337 1.69312 1.72824 1.73856 1.80086 1.86568 1.9233 2.00304 2.14278 2.29663 2.45589 2.72215 3.08019 3.67211 4.8042 11.7326 
7.85261 3.3284 2.61984 2.30175 2.06749 1.93547 1.84289 1.75341 1.73292 1.658 1.6508 1.62466 1.64835 1.62518 1.63989 1.6586 1.69825 1.71688 1.76544 1.83798 1.91001 1.99547 2.13885 2.26054 2.41424 2.66246 3.04388 3.61709 4.70923 11.5146 
7.71116 3.2947 2.60632 2.2474 2.04433 1.90511 1.78074 1.72238 1.67634 1.63239 1.61405 1.61828 1.61316 1.58992 1.61709 1.6436 1.65652 1.71376 1.74584 1.79113 1.87667 1.96896 2.0911 2.22022 2.39493 2.64939 2.99777 3.56363 4.64501 11.3481 
7.62102 3.24057 2.55561 2.22104 2.01967 1.86316 1.79076 1.71777 1.64286 1.61627 1.60981 1.5839 1.58115 1.57284 1.5992 1.63023 1.6257 1.68236 1.70159 1.77383 1.85462 1.94179 2.06935 2.17322 2.35885 2.59236 2.94773 3.51032 4.5784 11.0927 
7.54373 3.18473 2.53118 2.18748 1.99777 1.84897 1.75839 1.69216 1.63588 1.59571 1.56734 1.56668 1.57284 1.57291 1.60744 1.58271 1.60395 1.65897 1.67671 1.76359 1.81645 1.91454 2.03497 2.156 2.33895 2.55457 2.89085 3.43265 4.49643 10.9964 
7.40837 3.17545 2.48997 2.16045 1.9723 1.80628 1.73485 1.65503 1.61323 1.57447 1.54113 1.54915 1.5167 1.54173 1.56244 1.55413 1.59771 1.62452 1.69179 1.71688 1.79433 1.89917 1.97342 2.10179 2.30977 2.52829 2.86108 3.38394 4.41706 10.8167 
7.26514 3.10632 2.45003 2.11999 1.93377 1.78133 1.70782 1.62362 1.58101 1.55576 1.54485 1.49265 1.51388 1.51633 1.54173 1.53126 1.55962 1.61479 1.64323 1.68651 1.77227 1.84274 1.93622 2.06526 2.2774 2.45381 2.82425 3.3408 4.35343 10.6219 
7.21138 3.04833 2.42419 2.08962 1.90422 1.77717 1.6753 1.61019 1.56601 1.52554 1.51017 1.49926 1.49621 1.50482 1.49703 1.52844 1.55049 1.58212 1.63023 1.68065 1.72772 1.80754 1.91914 2.04217 2.22319 2.44431 2.77873 3.27858 4.29217 10.4015 
7.06452 3.01106 2.40615 2.05561 1.87697 1.735 1.64315 1.59281 1.53007 1.49547 1.47082 1.47074 1.46815 1.45285 1.48775 1.50445 1.52532 1.58138 1.58375 1.64041 1.7082 1.80531 1.89397 2.01091 2.19602 2.41142 2.73537 3.21161 4.20663 10.2141 
6.94431 2.95389 2.32722 2.01901 1.82261 1.71087 1.62385 1.53326 1.50401 1.49346 1.44357 1.43043 1.44364 1.44758 1.44877 1.48032 1.49094 1.50839 1.59244 1.61197 1.68473 1.76284 1.85647 1.9775 2.18533 2.35142 2.68302 3.17293 4.12043 10.0376 
6.8186 2.89085 2.2823 1.97928 1.80309 1.66847 1.58613 1.5343 1.49027 1.4481 1.41751 1.40889 1.40295 1.4426 1.42152 1.46161 1.48426 1.51002 1.54165 1.59578 1.67226 1.74265 1.81838 1.92879 2.09905 2.31467 2.62318 3.10536 4.07343 9.89047 
6.69757 2.88654 2.25824 1.98069 1.77027 1.64315 1.55658 1.49718 1.46525 1.43674 1.39746 1.38254 1.38959 1.40667 1.4129 1.41097 1.43451 1.47067 1.52918 1.57588 1.61791 1.69275 1.78089 1.89211 2.0663 2.27443 2.58487 3.03794 4.0066 9.67723 
6.61597 2.80286 2.20664 1.92939 1.73285 1.6191 1.52361 1.44713 1.43845 1.40733 1.38536 1.393 1.37815 1.36887 1.37853 1.38714 1.42471 1.45419 1.50141 1.53549 1.58761 1.65117 1.76188 1.88439 2.02212 2.21933 2.54648 3.01225 3.93948 9.48752 
6.46354 2.74012 2.17553 1.88283 1.70634 1.58405 1.50735 1.45337 1.39375 1.3763 1.3616 1.35001 1.3293 1.33539 1.34935 1.36642 1.38729 1.43295 1.45174 1.50386 1.56474 1.63105 1.71421 1.82425 1.99495 2.20589 2.50081 2.89174 3.83048 9.27115 
6.35647 2.7027 2.13038 1.86189 1.68741 1.57254 1.48262 1.43525 1.38989 1.36004 1.33776 1.32744 1.31237 1.31734 1.32774 1.34303 1.36783 1.40578 1.42664 1.49992 1.53163 1.61687 1.70523 1.81712 1.95797 2.16461 2.43362 2.90169 3.74524 9.11337 
6.22297 2.65288 2.08969 1.83383 1.64256 1.54024 1.45946 1.38929 1.35922 1.32685 1.30027 1.29923 1.30383 1.29589 1.31348 1.32752 1.34482 1.36041 1.41721 1.47 1.51225 1.59029 1.65399 1.78527 1.93288 2.12481 2.4008 2.81905 3.71859 9.01454 
6.13557 2.59845 2.04863 1.78386 1.63112 1.52591 1.42746 1.39493 1.33999 1.30821 1.28742 1.29202 1.26737 1.28037 1.27792 1.28497 1.33576 1.34378 1.36457 1.4302 1.49213 1.53534 1.64055 1.76752 1.87697 2.07091 2.35736 2.79559 3.61152 8.78942 
6.0311 2.57224 2.0245 1.74703 1.61026 1.47691 1.42916 1.3561 1.31066 1.29232 1.28156 1.24562 1.26158 1.24495 1.26619 1.24777 1.29054 1.31749 1.37429 1.41194 1.45099 1.53497 1.61167 1.71614 1.8443 2.04202 2.32068 2.73062 3.59385 8.59718 
5.95574 2.5121 2.0124 1.7304 1.55643 1.44342 1.38291 1.3264 1.26455 1.24443 1.23686 1.22839 1.22371 1.23322 1.23938 1.24532 1.28 1.28252 1.32811 1.37964 1.42634 1.4977 1.58308 1.68681 1.8336 1.99814 2.2696 2.67152 3.48062 8.49687 
5.77962 2.47052 1.9504 1.69208 1.52517 1.41498 1.34816 1.2866 1.26812 1.24235 1.21198 1.21391 1.19795 1.18109 1.22097 1.22973 1.24005 1.27027 1.32425 1.34125 1.37912 1.44914 1.55777 1.6459 1.76076 1.93948 2.21362 2.59281 3.41208 8.2958 
5.69097 2.42857 1.92523 1.68473 1.51663 1.40214 1.32321 1.27896 1.22431 1.21584 1.20619 1.17916 1.19171 1.18006 1.19602 1.218 1.21926 1.24859 1.28646 1.31259 1.36189 1.42805 1.5271 1.62986 1.74636 1.91899 2.19119 2.55286 3.34489 8.11181 
5.60617 2.37021 1.88068 1.63773 1.46941 1.38432 1.31371 1.27257 1.21852 1.19491 1.15934 1.15979 1.16528 1.15578 1.17374 1.17805 1.19557 1.21822 1.25416 1.31237 1.3492 1.42018 1.49153 1.58086 1.72208 1.88098 2.11635 2.50133 3.32388 7.9521 
5.47029 2.34875 1.83969 1.57707 1.44542 1.35068 1.29165 1.22676 1.20901 1.15919 1.16699 1.14813 1.14152 1.14583 1.13892 1.16602 1.20055 1.20248 1.24139 1.26581 1.33375 1.39167 1.46414 1.58019 1.67285 1.82826 2.10662 2.46399 3.23589 7.78704 
5.36568 2.28074 1.82128 1.56987 1.43362 1.32098 1.24829 1.21458 1.16209 1.14204 1.11947 1.1312 1.10068 1.10269 1.11828 1.14739 1.14449 1.16565 1.20062 1.2722 1.28014 1.35588 1.44795 1.52561 1.64078 1.81177 2.04514 2.41773 3.14256 7.62347 
5.2618 2.24168 1.79685 1.52042 1.391 1.29715 1.24295 1.19528 1.14427 1.13335 1.09623 1.09348 1.07945 1.07351 1.08442 1.10974 1.1315 1.16899 1.19194 1.21503 1.25416 1.32158 1.40333 1.48686 1.6257 1.79678 2.0147 2.39486 3.0764 7.47868 
5.17419 2.20693 1.76173 1.49554 1.36724 1.30153 1.20233 1.15147 1.12608 1.12169 1.07299 1.06192 1.07507 1.08605 1.07677 1.09393 1.11932 1.1384 1.15971 1.20656 1.25609 1.30071 1.38899 1.44342 1.5591 1.75883 1.95263 2.34073 3.00958 7.33798 
5.08828 2.15941 1.70471 1.46146 1.35551 1.25119 1.18184 1.13023 1.0917 1.07403 1.07046 1.05777 1.03408 1.05168 1.0568 1.08375 1.08709 1.11531 1.13959 1.16483 1.22193 1.27257 1.34801 1.41773 1.55539 1.69817 1.91454 2.26299 2.968 7.20247 
4.98566 2.10335 1.66773 1.45196 1.29989 1.22728 1.15385 1.11642 1.08776 1.07314 1.04024 1.02361 1.01893 1.02918 1.04366 1.06044 1.07804 1.07744 1.11278 1.13491 1.20664 1.26381 1.32417 1.40696 1.49079 1.66944 1.89724 2.2575 2.91468 7.06169 
4.85447 2.08687 1.63506 1.42553 1.29989 1.19869 1.14746 1.09199 1.06289 1.05101 1.03423 1.00141 1.00312 1.0118 1.03601 1.02866 1.05183 1.07744 1.11375 1.12808 1.17449 1.22535 1.29626 1.37504 1.49346 1.66372 1.86115 2.18599 2.8509 6.90013 
4.78118 2.03972 1.59571 1.37637 1.2624 1.17048 1.11843 1.08524 1.03326 1.01529 1.00282 0.98849 0.98359 0.995693 1.00535 0.994653 1.02673 1.04544 1.07462 1.10105 1.17122 1.19535 1.27131 1.34897 1.43971 1.60677 1.81534 2.14842 2.81942 6.73165 
4.67292 2.0043 1.5718 1.37504 1.2281 1.15897 1.09719 1.06356 1.00824 0.993836 0.968666 0.965027 0.967329 0.964953 0.967923 0.974012 1.00839 1.01567 1.05687 1.09927 1.12645 1.18711 1.25401 1.30524 1.42174 1.55888 1.76908 2.11442 2.73032 6.61605 
4.57439 1.95211 1.55754 1.33917 1.21599 1.1162 1.07841 1.02784 1.00037 0.971339 0.944386 0.953073 0.935773 0.960424 0.930056 0.96176 0.983516 1.00401 1.03653 1.06489 1.08353 1.16209 1.22089 1.28519 1.41105 1.54893 1.75638 2.07796 2.68674 6.48603 
4.50542 1.9256 1.50534 1.29997 1.19446 1.11494 1.05791 0.998143 0.962577 0.95879 0.947801 0.924487 0.928942 0.935921 0.943421 0.951291 0.971784 0.984184 1.02146 1.04477 1.09251 1.1312 1.19127 1.28178 1.34972 1.52502 1.72022 1.99391 2.64167 6.346 
4.39983 1.89018 1.48203 1.28022 1.16617 1.09237 1.02599 0.993614 0.966438 0.942307 0.934733 0.908375 0.918398 0.910454 0.922259 0.92716 0.93258 0.966587 0.975274 1.03081 1.04804 1.11197 1.17189 1.2402 1.35157 1.47713 1.67553 1.95879 2.54284 6.17292 
4.32232 1.84519 1.44691 1.26886 1.1306 1.07239 1.01336 0.966141 0.938372 0.906221 0.904588 0.898722 0.884466 0.901618 0.907781 0.901469 0.923967 0.947727 0.968072 0.98307 1.04069 1.0963 1.1384 1.2099 1.32276 1.45426 1.63491 1.93666 2.48537 6.07462 
4.25163 1.79789 1.41862 1.24881 1.12986 1.03 0.983664 0.954335 0.919735 0.900653 0.88454 0.884837 0.877858 0.880382 0.888104 0.888773 0.903548 0.927605 0.947059 0.970819 1.02123 1.05509 1.1133 1.18221 1.27873 1.40511 1.6064 1.87659 2.46191 5.9256 
4.11687 1.79054 1.38862 1.20753 1.07945 1.0176 0.97067 0.921591 0.913943 0.887436 0.870581 0.86969 0.852539 0.861671 0.854172 0.870656 0.877338 0.908449 0.923819 0.967032 0.989678 1.02955 1.10232 1.16662 1.26485 1.36642 1.54863 1.85254 2.38246 5.8068 
4.06378 1.71978 1.35046 1.17983 1.062 1.00898 0.942084 0.923893 0.875927 0.85833 0.852687 0.834941 0.853727 0.833753 0.854321 0.855063 0.855434 0.901692 0.918918 0.93852 0.974606 1.01069 1.08865 1.14115 1.24317 1.3463 1.52821 1.79269 2.36598 5.68243 
3.99361 1.6785 1.33509 1.15117 1.03415 0.974234 0.92716 0.890258 0.869913 0.835238 0.82076 0.832788 0.816973 0.818681 0.812889 0.832714 0.845485 0.860706 0.880085 0.906518 0.960201 0.997549 1.04819 1.11033 1.20983 1.33665 1.49681 1.76604 2.30747 5.52093 
3.85521 1.66921 1.29336 1.13781 1.02465 0.952182 0.917433 0.868577 0.839248 0.822245 0.818755 0.80732 0.804128 0.811924 0.810662 0.830412 0.818532 0.861671 0.874591 0.897905 0.935179 0.97171 1.04039 1.09333 1.18199 1.30888 1.47401 1.7151 2.26492 5.47119 
3.76611 1.58583 1.25943 1.1139 1.0003 0.93206 0.887213 0.868057 0.808583 0.808508 0.781259 0.79106 0.784006 0.788238 0.786456 0.789203 0.806429 0.832343 0.842292 0.878303 0.916245 0.959904 1.00928 1.08784 1.15199 1.26886 1.44468 1.703 2.19535 5.32736 
3.705 1.58643 1.23894 1.09251 0.984332 0.908003 0.866869 0.838728 0.814523 0.787867 0.782001 0.767151 0.764849 0.757127 0.781704 0.784229 0.795886 0.812741 0.847267 0.867611 0.889441 0.922037 0.987005 1.04722 1.12556 1.24822 1.39442 1.64961 2.15503 5.17218 
3.60996 1.55799 1.22 1.05413 0.967255 0.895084 0.836426 0.81727 0.794475 0.766112 0.764181 0.757647 0.747252 0.762919 0.759875 0.767819 0.764998 0.802271 0.814151 0.837689 0.870507 0.912755 0.956786 1.01232 1.12095 1.21102 1.36672 1.61004 2.0842 5.06274 
3.57209 1.50757 1.19788 1.02703 0.927457 0.877115 0.827516 0.812592 0.772052 0.762102 0.739233 0.732848 0.751484 0.726759 0.747326 0.760097 0.754232 0.776507 0.806058 0.810587 0.852836 0.896346 0.937852 0.998291 1.09058 1.18852 1.34764 1.58167 2.07633 5.00801 
3.48195 1.48819 1.17181 1.02101 0.915577 0.855583 0.818087 0.7895 0.760543 0.738565 0.738416 0.712652 0.718146 0.714582 0.710647 0.739679 0.755345 0.762993 0.775764 0.80888 0.836723 0.876893 0.928422 0.973269 1.06823 1.17196 1.30153 1.54343 2.00727 4.86041 
3.41023 1.4576 1.14248 0.985372 0.894861 0.849569 0.784897 0.759875 0.738268 0.71525 0.715176 0.70931 0.709904 0.711909 0.701737 0.715028 0.721562 0.745247 0.768265 0.78059 0.808657 0.849569 0.901618 0.964656 1.04024 1.14241 1.27458 1.50319 1.96488 4.73336 
3.32506 1.41172 1.14226 0.961018 0.879491 0.810662 0.777101 0.744728 0.72572 0.710201 0.696242 0.674264 0.678719 0.686887 0.684734 0.701811 0.720225 0.73604 0.741015 0.771012 0.795589 0.834125 0.893599 0.944089 1.01975 1.11887 1.25906 1.47854 1.91506 4.58212 
3.26255 1.40392 1.10491 0.941119 0.861523 0.80138 0.754454 0.734704 0.719408 0.696094 0.691416 0.680501 0.669884 0.672631 0.67419 0.692307 0.6955 0.712355 0.722453 0.743614 0.77272 0.818087 0.868874 0.909043 0.978095 1.07893 1.21376 1.45552 1.86991 4.51774 
3.20151 1.36627 1.07722 0.929833 0.841104 0.784748 0.736783 0.71629 0.700623 0.668102 0.672185 0.662607 0.66038 0.66283 0.6658 0.68065 0.682209 0.679907 0.716067 0.729209 0.764627 0.787644 0.835016 0.891074 0.956192 1.04321 1.20753 1.42879 1.82068 4.44349 
3.13328 1.32922 1.04047 0.911493 0.812444 0.77621 0.708716 0.689857 0.678422 0.6707 0.655108 0.643822 0.642114 0.656073 0.657855 0.657261 0.669141 0.682729 0.682506 0.719854 0.757053 0.782744 0.830561 0.876299 0.937629 1.05442 1.17107 1.37088 1.81319 4.36026 
3.04804 1.31333 1.02896 0.896272 0.796554 0.754454 0.708419 0.683546 0.660677 0.637288 0.638624 0.630977 0.633353 0.628601 0.631719 0.637436 0.63959 0.671591 0.699287 0.68852 0.729284 0.7673 0.826997 0.863602 0.931986 1.01641 1.15206 1.36152 1.76292 4.23069 
2.95701 1.28727 1.00527 0.866126 0.791654 0.736263 0.705821 0.675081 0.655479 0.635803 0.624665 0.616275 0.627116 0.618874 0.622215 0.635283 0.643822 0.6485 0.670106 0.685699 0.698396 0.74948 0.788981 0.831452 0.89746 0.996955 1.11457 1.32737 1.71354 4.10112 
2.90897 1.26916 0.970448 0.854692 0.764701 0.714211 0.682432 0.655182 0.631645 0.619022 0.619913 0.605286 0.596599 0.596005 0.611523 0.616795 0.619245 0.634912 0.650133 0.6831 0.689931 0.736931 0.772274 0.810662 0.870359 0.980174 1.08019 1.28779 1.69171 4.05412 
2.85038 1.20441 0.961315 0.831526 0.755271 0.702851 0.661122 0.655999 0.617983 0.606845 0.592812 0.589471 0.604247 0.595856 0.600014 0.607439 0.599049 0.62021 0.633427 0.646569 0.668844 0.718295 0.757424 0.807617 0.855583 0.966364 1.06757 1.27859 1.64984 3.95322 
2.81341 1.18184 0.942901 0.811701 0.743094 0.686293 0.654885 0.6237 0.610409 0.596153 0.583234 0.568384 0.571725 0.579299 0.581526 0.587615 0.594223 0.600163 0.634021 0.634244 0.667062 0.707528 0.739753 0.781778 0.841698 0.932135 1.04195 1.23366 1.60209 3.85677 
2.71473 1.16327 0.925229 0.787644 0.732922 0.681318 0.627338 0.614716 0.592961 0.574621 0.576997 0.574027 0.56831 0.557692 0.555836 0.578408 0.584051 0.587986 0.602093 0.628452 0.656222 0.677309 0.718295 0.764849 0.833976 0.891 1.0415 1.20716 1.55955 3.80591 
2.671 1.13202 0.899465 0.776655 0.695871 0.651395 0.621324 0.590139 0.579744 0.571428 0.566453 0.547074 0.552049 0.553608 0.558806 0.573433 0.553905 0.587169 0.585833 0.624814 0.643228 0.669735 0.703667 0.750742 0.805093 0.8786 0.99844 1.19483 1.55041 3.71837 
2.61679 1.09816 0.887733 0.75839 0.680501 0.640852 0.599717 0.579521 0.57321 0.55294 0.545812 0.533041 0.53512 0.545515 0.54945 0.544772 0.56378 0.55591 0.569943 0.606029 0.630605 0.658598 0.685105 0.713468 0.78059 0.879269 0.972155 1.15964 1.50119 3.61627 
2.54729 1.08472 0.858998 0.747401 0.682432 0.640184 0.599123 0.57425 0.549376 0.536679 0.543362 0.520493 0.522423 0.514998 0.530145 0.529922 0.542099 0.557618 0.573433 0.586427 0.609221 0.625185 0.679982 0.72119 0.759949 0.848158 0.971933 1.12481 1.47965 3.5617 
2.49131 1.04618 0.835907 0.720819 0.644045 0.61479 0.584793 0.557989 0.535714 0.524131 0.519156 0.512474 0.512251 0.513068 0.517077 0.529551 0.520047 0.542471 0.556652 0.574175 0.602242 0.617315 0.666171 0.709682 0.761063 0.827591 0.915206 1.09251 1.43436 3.41773 
2.42627 1.03408 0.844223 0.715993 0.64397 0.601945 0.563261 0.557172 0.52517 0.521012 0.513884 0.50141 0.497252 0.498663 0.507722 0.515592 0.524057 0.523091 0.540317 0.558731 0.576848 0.606177 0.639961 0.668918 0.742426 0.810884 0.922928 1.08153 1.39055 3.38476 
2.36679 1.03074 0.81972 0.687926 0.634244 0.587466 0.554499 0.527546 0.527843 0.502598 0.496213 0.503267 0.489456 0.489233 0.49547 0.493837 0.495916 0.520121 0.532967 0.555093 0.574918 0.604915 0.616127 0.664241 0.721042 0.777546 0.897757 1.04982 1.36538 3.3114 
2.33397 0.996584 0.796331 0.679165 0.618577 0.57269 0.533115 0.519379 0.518785 0.50891 0.480695 0.487748 0.481214 0.48411 0.489605 0.484481 0.502079 0.508761 0.522943 0.532447 0.556652 0.581675 0.611746 0.66283 0.69899 0.777695 0.878972 1.02398 1.34556 3.20612 
2.26522 0.964136 0.766928 0.660157 0.594594 0.557321 0.534303 0.519305 0.486486 0.474755 0.465696 0.463617 0.472304 0.463246 0.472007 0.46874 0.486635 0.501856 0.523388 0.528215 0.542174 0.57618 0.600905 0.637362 0.681912 0.743465 0.840881 1.00371 1.30777 3.12763 
2.22824 0.946688 0.753266 0.658449 0.586055 0.559028 0.520641 0.494728 0.483739 0.469409 0.47327 0.457529 0.469631 0.463097 0.471562 0.476908 0.473195 0.480843 0.501188 0.506311 0.527769 0.557395 0.598752 0.623477 0.669364 0.730472 0.84296 0.982922 1.28668 3.08754 
2.16157 0.926937 0.732699 0.631199 0.575735 0.540317 0.508167 0.494357 0.468295 0.452628 0.456192 0.450104 0.452331 0.456563 0.45196 0.456786 0.45842 0.472973 0.474161 0.495025 0.524651 0.546257 0.571428 0.602242 0.669438 0.730026 0.822616 0.954187 1.25676 2.96644 
2.1064 0.898425 0.715622 0.619691 0.564449 0.515592 0.496807 0.474161 0.459088 0.447134 0.440674 0.438075 0.440303 0.440154 0.436219 0.440897 0.442159 0.458345 0.470522 0.491164 0.501633 0.531333 0.561627 0.59801 0.629937 0.702925 0.788609 0.942158 1.23337 2.9129 
2.08049 0.874739 0.703222 0.60239 0.541728 0.502079 0.486932 0.458048 0.438075 0.441119 0.422483 0.435031 0.431764 0.433323 0.431021 0.427829 0.439709 0.448841 0.464137 0.478319 0.49302 0.519602 0.545366 0.579893 0.625556 0.693347 0.767374 0.914686 1.18355 2.84712 
2.00898 0.870804 0.678497 0.586946 0.540837 0.487377 0.469928 0.442901 0.440006 0.424784 0.424265 0.422483 0.422408 0.415503 0.412682 0.422928 0.42122 0.43414 0.451292 0.464805 0.486115 0.501707 0.528363 0.579893 0.604247 0.673745 0.747401 0.898128 1.1534 2.78311 
1.968 0.837614 0.667805 0.577145 0.511731 0.476462 0.456044 0.449138 0.436367 0.422334 0.412459 0.411271 0.3985 0.413498 0.405925 0.40793 0.417731 0.43169 0.421146 0.449064 0.474458 0.496213 0.5222 0.547742 0.59051 0.657855 0.75386 0.866646 1.14041 2.72052 
1.90362 0.823284 0.642411 0.563186 0.506608 0.465548 0.448025 0.432135 0.414983 0.40392 0.405702 0.40095 0.395753 0.398648 0.398723 0.409637 0.409192 0.417879 0.437036 0.448916 0.468295 0.473567 0.509355 0.549673 0.579521 0.653474 0.716661 0.853504 1.11048 2.67716 
1.88699 0.802494 0.631125 0.547817 0.493094 0.456341 0.431615 0.433026 0.401693 0.395827 0.391743 0.392411 0.391223 0.385432 0.388402 0.395604 0.402212 0.402584 0.417285 0.431764 0.444609 0.468295 0.490867 0.524205 0.560959 0.625631 0.712355 0.837169 1.06927 2.57046 
1.83249 0.798188 0.622067 0.534006 0.485001 0.45686 0.419216 0.420032 0.39798 0.376967 0.384318 0.378675 0.382907 0.391149 0.390852 0.384689 0.382462 0.408004 0.403103 0.433843 0.441119 0.455895 0.48359 0.506014 0.552123 0.607514 0.680724 0.8143 1.05205 2.54588 
1.83078 0.770121 0.600311 0.522869 0.479358 0.449064 0.432358 0.403475 0.389367 0.381571 0.384912 0.387065 0.371027 0.373626 0.378304 0.369988 0.37771 0.384764 0.408524 0.403475 0.424116 0.45493 0.479432 0.503341 0.543956 0.595337 0.675898 0.801306 1.0271 2.47743 
1.74183 0.752672 0.589322 0.511063 0.468443 0.439412 0.409934 0.389293 0.376596 0.378378 0.36583 0.369617 0.358999 0.363677 0.377487 0.37526 0.378601 0.382313 0.388847 0.413573 0.421146 0.426269 0.467107 0.495767 0.531556 0.575586 0.654291 0.773462 0.988862 2.4377 
1.70753 0.729061 0.568384 0.499331 0.456415 0.42575 0.39798 0.380012 0.375037 0.364196 0.363231 0.357662 0.3515 0.344297 0.356252 0.362563 0.367092 0.375928 0.377116 0.39204 0.401247 0.434066 0.455153 0.48166 0.509058 0.569126 0.630754 0.766631 0.987451 2.35053 
1.6779 0.728393 0.561404 0.48359 0.434363 0.410454 0.38261 0.366647 0.365162 0.348752 0.345634 0.355435 0.334942 0.340362 0.345782 0.355658 0.352019 0.36531 0.366869 0.381645 0.409415 0.414241 0.445203 0.455747 0.502079 0.55784 0.620879 0.722972 0.974531 2.31875 
1.65065 0.705524 0.544178 0.467924 0.428423 0.399465 0.38714 0.364048 0.35343 0.35692 0.344594 0.328928 0.32915 0.337244 0.333383 0.348827 0.343629 0.358702 0.376076 0.376893 0.384689 0.412979 0.438149 0.455227 0.48953 0.546257 0.609221 0.714359 0.9455 2.2419 
1.59133 0.687332 0.531407 0.470819 0.415949 0.388773 0.366424 0.360632 0.34207 0.335462 0.331601 0.332789 0.328111 0.332937 0.329744 0.344149 0.334348 0.349124 0.3564 0.373403 0.380383 0.396569 0.419438 0.453519 0.480472 0.531333 0.606697 0.697356 0.909711 2.20419 
1.5516 0.663053 0.523166 0.455895 0.422854 0.378007 0.362563 0.347861 0.346822 0.333902 0.324695 0.311256 0.320315 0.324176 0.332195 0.327071 0.325364 0.33962 0.344669 0.3515 0.378007 0.384615 0.418102 0.441416 0.466958 0.520196 0.57722 0.689337 0.884392 2.14657 
1.52725 0.643302 0.503638 0.428794 0.405702 0.376151 0.352688 0.343926 0.330041 0.323136 0.313855 0.310736 0.313558 0.314152 0.314746 0.320315 0.326329 0.333234 0.341996 0.360038 0.373478 0.379863 0.412682 0.424636 0.454633 0.498812 0.568235 0.672631 0.866349 2.07536 
1.49629 0.626893 0.495767 0.428423 0.399168 0.371993 0.351648 0.3391 0.322171 0.31185 0.310068 0.314226 0.304871 0.30539 0.311627 0.316528 0.325289 0.317642 0.331898 0.338654 0.362563 0.37125 0.391149 0.419587 0.448099 0.489308 0.551306 0.651395 0.846153 2.05353 
1.43986 0.611078 0.493094 0.426195 0.38261 0.359073 0.340139 0.319201 0.31586 0.303311 0.295961 0.301232 0.295589 0.30539 0.293436 0.296629 0.306875 0.318978 0.31586 0.335387 0.339174 0.361598 0.381051 0.406667 0.432358 0.480472 0.546554 0.636026 0.815414 1.98931 
1.4135 0.601351 0.480695 0.414092 0.373329 0.353801 0.326477 0.314003 0.312815 0.299822 0.303089 0.295589 0.293436 0.297817 0.302717 0.299599 0.298634 0.301975 0.316082 0.320612 0.332863 0.357068 0.379046 0.39605 0.425378 0.471339 0.527918 0.614122 0.805613 1.94461 
56.7381 24.2013 19.0416 16.4722 14.9804 13.9016 13.1339 12.6661 12.3183 11.9543 11.8291 11.7285 11.6626 11.7049 11.7662 11.8772 12.1096 12.282 12.5712 12.9476 13.4492 14.0345 14.8072 15.7893 16.9191 18.644 20.9704 24.863 32.1498 77.0013 
