Infinite flatland isotropic point source isotropic scattering exponential random flight, mu_t = 1
Analogmu_t c: 0.999 maxr: 25 dr: 0.2 du: 0.0666667 numsamples: 316544 numCollisionOrders: 50 numMoments: 5
CollisionDensity:
1.80311 3.10601 4.21531 5.22111 6.13627 6.9905 7.77164 8.5068 9.1859 9.85181 10.4354 11.019 11.5443 12.0947 12.5684 13.0309 13.4695 13.8721 14.2827 14.627 14.9951 15.3503 15.6527 15.994 16.2484 16.5549 16.8208 17.065 17.2698 17.5339 17.7625 17.9605 18.12 18.322 18.4939 18.6699 18.8405 18.976 19.1491 19.2805 19.4512 19.584 19.6921 19.7808 19.8605 19.978 20.0682 20.1191 20.2256 20.3125 20.3682 20.3981 20.5071 20.5189 20.5674 20.6094 20.655 20.6793 20.7107 20.7313 20.761 20.7779 20.7894 20.7612 20.781 20.8082 20.8105 20.8107 20.7975 20.7955 20.7726 20.7491 20.7482 20.713 20.6875 20.639 20.6225 20.5995 20.5719 20.5836 20.518 20.4752 20.3969 20.3943 20.3168 20.3329 20.2558 20.1987 20.1673 20.1914 20.071 19.9983 19.9951 19.9391 19.8634 19.8248 19.7485 19.7038 19.602 19.5658 19.4595 19.431 19.3409 19.2596 19.2233 19.1616 19.0946 18.995 18.9628 18.8996 18.7896 18.7649 18.6905 18.6069 18.5582 18.4574 18.4093 18.3569 18.3098 18.2305 18.114 18.0745 17.9751 17.8843 17.8301 2771.9 
Density Moments:
999.706 35227.5 2.01385e+06 1.59545e+08 1.6128e+10 
Per-collision Density Moments:
0 0 0 0 0 
1 1.00059 2.00437 6.02472 24.0727 
0.999043 1.57081 4.00329 14.1579 64.0816 
0.997966 1.99986 6.0097 24.0556 120.132 
0.996942 2.3514 7.99392 35.3653 192.384 
0.995909 2.65796 9.97669 47.9189 279.622 
0.994999 2.93145 11.9433 61.498 380.89 
0.994127 3.18215 13.9045 76.0514 496.742 
0.993066 3.41329 15.8821 91.9319 632.395 
0.991988 3.62955 17.8561 108.626 780.938 
0.991047 3.83438 19.8469 126.483 949.218 
0.990115 4.02782 21.8253 145.152 1134.09 
0.989145 4.21065 23.7922 164.444 1331.2 
0.98821 4.38778 25.7917 185.1 1554.26 
0.987199 4.55735 27.7461 205.524 1775.04 
0.98615 4.71888 29.6943 226.813 2016.23 
0.985237 4.87266 31.6272 248.821 2276.02 
0.984271 5.0205 33.5557 271.431 2549.65 
0.983235 5.16362 35.4918 294.923 2843.31 
0.982287 5.30547 37.4695 319.638 3160.93 
0.981368 5.43906 39.3668 343.783 3476.82 
0.980398 5.57021 41.2789 368.637 3807.18 
0.979497 5.70095 43.232 394.722 4164.65 
0.978445 5.82323 45.1235 420.628 4526.82 
0.97751 5.94533 47.0372 447.207 4903.06 
0.976525 6.06475 48.9562 474.522 5298.3 
0.975589 6.18248 50.8779 502.401 5711.46 
0.974705 6.29755 52.7966 530.744 6138.31 
0.973789 6.40732 54.6932 559.601 6585.42 
0.972847 6.51871 56.6 588.555 7033.88 
0.971852 6.62477 58.4626 617.505 7492.56 
0.970965 6.72947 60.3383 647.225 7975.02 
0.970071 6.83202 62.2179 677.524 8471.36 
0.969167 6.9348 64.1206 708.384 8979.59 
0.968235 7.03243 65.973 739.265 9502.27 
0.967259 7.12852 67.8065 769.84 10017.5 
0.966235 7.22302 69.6638 801.874 10580.1 
0.965228 7.31522 71.4985 833.44 11127.4 
0.964289 7.40753 73.3546 866.158 11713.3 
0.963196 7.49735 75.2023 899.122 12308.6 
0.962204 7.58383 77.0095 931.872 12906.9 
0.961276 7.67221 78.8806 966.182 13544.1 
0.960246 7.75872 80.753 1001.09 14200.8 
0.959317 7.84292 82.5923 1035.95 14865 
0.958325 7.92364 84.3967 1070.78 15544.7 
0.957314 8.00704 86.2496 1106.34 16229.9 
0.956385 8.08813 88.1146 1143.29 16963.8 
0.955441 8.16477 89.8367 1176.93 17625.8 
0.95436 8.24569 91.6836 1213.68 18367.9 
0.953469 8.32835 93.5913 1251.75 19132.3 
Per-collision Densities:
0.504401 0.561217 0.625253 0.724623 0.931466 2.2308 1.9662 0.828463 0.659577 0.560396 0.505901 0.469461 0.44324 0.417493 0.409469 0.397954 0.390672 0.3817 0.381084 0.374814 0.375335 0.377167 0.377515 0.382443 0.392268 0.402519 0.415266 0.433589 0.448595 0.473062 0.507512 0.555563 0.620261 0.726455 0.93859 2.21756 307.137 130.206 102.129 87.9398 79.3283 73.4384 69.1492 66.0128 63.5984 61.8838 60.5595 59.5529 59.0108 58.6928 58.6596 58.8272 59.3321 60.1083 61.1554 62.564 64.3798 66.7387 69.7677 73.5727 78.6837 85.6883 95.7227 111.984 143.864 342.213 0 0 0 0 0 0 0 0 0 0 0 0 0 0 0 0 0 0 0 0 0 0 0 0 0 0 0 0 0 0 0 0 0 0 0 0 0 0 0 0 0 0 0 0 0 0 0 0 0 0 0 0 0 0 0 0 0 0 0 0 
0.907015 0.74263 0.60693 0.49407 0.408743 0.333729 0.274512 0.222813 0.182692 0.151938 0.12161 0.0996702 0.0823266 0.0674788 0.0546527 0.0449227 0.0363615 0.0306592 0.0244358 0.0203289 0.0162221 0.0132999 0.0115308 0.00908247 0.00761348 0.00671313 0.00497561 0.00412265 0.00334867 0.00320651 0.00192706 0.00169013 0.00148479 0.00131103 0.00110569 0.000821371 0.000900349 0.000505459 0.00067921 0.000379094 0.000363299 0.000221138 0.000205343 0.000126365 9.47736e-05 0.000126365 6.31824e-05 9.47736e-05 4.73868e-05 7.8978e-05 1.57956e-05 1.57956e-05 0 3.15912e-05 0 3.15912e-05 1.57956e-05 0 0 0 1.57956e-05 1.57956e-05 0 0 0 0 0 0 0 0 0 0 0 0 0 0 0 0 0 0 0 0 0 0 0 0 0 0 0 0 0 0 0 0 0 0 0 0 0 0 0 0 0 0 0 0 0 0 0 0 0 0 0 0 0 0 0 0 0 0 0 0 0 0 0 0 
0.222228 0.40631 0.461737 0.457535 0.439196 0.397828 0.364373 0.320714 0.283136 0.242178 0.211361 0.181523 0.156961 0.134642 0.113886 0.0955317 0.0808418 0.0692953 0.0580804 0.0477817 0.0399628 0.034308 0.0290007 0.0249886 0.0205185 0.0169803 0.0144056 0.0114044 0.00961952 0.0085928 0.00710802 0.00521255 0.00424901 0.00390151 0.00304855 0.00325389 0.00235354 0.0021324 0.00157956 0.00120047 0.00113728 0.000900349 0.00067921 0.000584437 0.000568641 0.000505459 0.000331707 0.000268525 0.000236934 0.000126365 0.000157956 7.8978e-05 0.00014216 0.000110569 6.31824e-05 0.000110569 1.57956e-05 1.57956e-05 4.73868e-05 4.73868e-05 4.73868e-05 3.15912e-05 0 3.15912e-05 0 0 0 0 0 0 0 0 0 0 0 0 0 0 1.57956e-05 0 0 0 0 0 0 0 0 0 0 0 0 0 0 0 0 0 0 0 0 0 0 0 0 0 0 0 0 0 0 0 0 0 0 0 0 0 0 0 0 0 0 0 0 0 0 0 
0.0882816 0.219085 0.301143 0.343712 0.360613 0.362967 0.348688 0.338168 0.314443 0.282615 0.257531 0.232037 0.204727 0.179943 0.159425 0.138369 0.118451 0.106352 0.0922779 0.0790727 0.0671313 0.0584279 0.0521255 0.0447963 0.0365194 0.0307856 0.0260153 0.0238671 0.0187494 0.0163958 0.0144846 0.0114518 0.00938258 0.00830848 0.00723438 0.00586016 0.00478606 0.00428061 0.00345923 0.00298537 0.00246411 0.002164 0.00181649 0.00131103 0.00112149 0.000947736 0.000821371 0.000521255 0.00067921 0.000410685 0.000552846 0.000252729 0.000315912 0.000173752 0.00014216 0.000284321 3.15912e-05 0.000221138 7.8978e-05 0.000173752 0.000126365 3.15912e-05 3.15912e-05 4.73868e-05 7.8978e-05 1.57956e-05 1.57956e-05 0 0 1.57956e-05 1.57956e-05 0 1.57956e-05 0 0 0 0 0 0 0 0 0 0 0 0 0 0 0 0 0 0 0 0 0 0 0 0 0 0 0 0 0 0 0 0 0 0 0 0 0 0 0 0 0 0 0 0 0 0 0 0 0 0 0 0 0 
0.050072 0.135826 0.205216 0.251719 0.286753 0.311789 0.313464 0.306166 0.304744 0.285616 0.271305 0.251892 0.229052 0.211598 0.19149 0.168049 0.153028 0.134626 0.116761 0.107284 0.0933046 0.0826899 0.0735443 0.0616186 0.0540051 0.0472288 0.0406737 0.0340079 0.0310541 0.0266472 0.0226351 0.0193496 0.0174541 0.0138211 0.0121784 0.0104251 0.00886133 0.00755029 0.00630244 0.00535471 0.00454913 0.00413845 0.00342764 0.00255889 0.00224297 0.00173752 0.00170592 0.00148479 0.00134263 0.0010583 0.000868758 0.00067921 0.000505459 0.000552846 0.000410685 0.000410685 0.000426481 0.000236934 0.00014216 0.000126365 0.000110569 0.000110569 0.00014216 4.73868e-05 4.73868e-05 6.31824e-05 1.57956e-05 7.8978e-05 9.47736e-05 6.31824e-05 1.57956e-05 3.15912e-05 3.15912e-05 0 0 3.15912e-05 1.57956e-05 1.57956e-05 1.57956e-05 0 1.57956e-05 0 0 0 0 0 0 0 0 0 0 0 0 0 0 0 0 0 0 0 0 0 0 0 0 0 0 0 0 0 0 0 0 0 0 0 0 0 0 0 0 0 0 0 0 0 
0.0330444 0.0970323 0.150121 0.194128 0.229968 0.254183 0.272111 0.275286 0.278303 0.273501 0.263881 0.25145 0.23973 0.222291 0.205943 0.190669 0.172235 0.159283 0.143456 0.127739 0.115655 0.103193 0.091188 0.079436 0.0725492 0.063056 0.0553478 0.0476079 0.0429798 0.0366774 0.0337394 0.0278476 0.0251624 0.0217189 0.0184335 0.015843 0.0144214 0.0114834 0.00976168 0.00856121 0.00718699 0.00634983 0.00546527 0.00499141 0.00421742 0.00342764 0.00293798 0.0025115 0.00181649 0.00189547 0.00132683 0.00123206 0.000947736 0.000995122 0.000916144 0.000616028 0.000710802 0.000473868 0.000426481 0.000236934 0.00014216 0.000252729 0.000221138 0.000189547 0.00014216 0.000110569 0.00014216 7.8978e-05 6.31824e-05 6.31824e-05 4.73868e-05 0.000110569 3.15912e-05 3.15912e-05 4.73868e-05 4.73868e-05 4.73868e-05 1.57956e-05 0 1.57956e-05 0 1.57956e-05 1.57956e-05 0 0 0 0 1.57956e-05 0 0 0 0 0 0 0 0 0 0 0 0 0 0 0 0 0 0 0 0 0 0 0 0 0 0 0 0 0 0 0 0 0 0 0 0 0 0 
0.0246095 0.0724702 0.118925 0.156329 0.186135 0.214378 0.233633 0.242683 0.249412 0.252287 0.251276 0.246838 0.236492 0.224076 0.213493 0.198582 0.185946 0.171256 0.158446 0.147325 0.133931 0.118767 0.106731 0.0969691 0.0876339 0.0773352 0.0702746 0.0613027 0.0555847 0.0486504 0.0440855 0.0380516 0.0329654 0.0284163 0.0256205 0.0224139 0.0191916 0.0162063 0.0144688 0.0129524 0.0109937 0.00980906 0.00835587 0.00713961 0.00634983 0.00527573 0.00432799 0.00399628 0.00317491 0.00295378 0.00244832 0.00176911 0.00189547 0.00157956 0.00146899 0.000773984 0.000995122 0.00104251 0.000552846 0.000742393 0.000379094 0.000442277 0.000236934 0.000315912 0.000315912 0.000236934 0.000221138 0.00014216 0.000173752 0.000173752 6.31824e-05 6.31824e-05 7.8978e-05 6.31824e-05 4.73868e-05 6.31824e-05 4.73868e-05 1.57956e-05 1.57956e-05 1.57956e-05 1.57956e-05 3.15912e-05 1.57956e-05 1.57956e-05 0 0 0 0 0 0 1.57956e-05 0 0 0 0 0 0 0 0 0 0 0 0 0 0 0 0 0 0 0 0 0 0 0 0 0 0 0 0 0 0 0 0 0 0 0 
0.0194602 0.0580804 0.0971587 0.127676 0.158288 0.181428 0.200209 0.215799 0.221423 0.233396 0.231311 0.230647 0.229052 0.220917 0.211882 0.208107 0.19228 0.178411 0.17015 0.156534 0.146709 0.134326 0.121673 0.11109 0.100744 0.0914565 0.0822003 0.0736706 0.0663099 0.0605919 0.0528521 0.0470077 0.0421268 0.0375145 0.0328548 0.0292061 0.0259206 0.0214662 0.0196181 0.0176279 0.0153375 0.013679 0.0111359 0.0100618 0.00890871 0.00759768 0.00631824 0.00567062 0.00459652 0.00418583 0.0039489 0.00308014 0.00296957 0.00236934 0.00211661 0.00162695 0.00135842 0.00112149 0.00102671 0.000916144 0.000773984 0.00067921 0.00053705 0.000489663 0.000379094 0.000315912 0.000284321 0.000347503 0.000300116 0.000315912 0.000110569 0.000157956 7.8978e-05 6.31824e-05 0.000126365 9.47736e-05 9.47736e-05 4.73868e-05 4.73868e-05 3.15912e-05 1.57956e-05 1.57956e-05 1.57956e-05 1.57956e-05 4.73868e-05 0 0 0 1.57956e-05 0 0 3.15912e-05 0 0 0 0 0 0 0 0 0 0 0 0 0 0 0 0 0 0 0 0 0 0 0 0 0 0 0 0 0 0 0 0 0 0 
0.0163168 0.0490453 0.0810314 0.107442 0.134815 0.156392 0.177163 0.193212 0.200699 0.209608 0.214804 0.222844 0.213904 0.213667 0.205627 0.202263 0.195723 0.183529 0.174794 0.162505 0.153359 0.142713 0.135115 0.122116 0.110269 0.102829 0.0946946 0.0863703 0.0762927 0.0695954 0.0613343 0.0577961 0.049614 0.0453176 0.0408632 0.0353347 0.032839 0.0279424 0.0259522 0.02164 0.0206922 0.0179122 0.0161747 0.0131103 0.012052 0.0104883 0.00865598 0.00761348 0.00627085 0.00579698 0.00567062 0.00488084 0.0042964 0.00319071 0.00300116 0.0025115 0.00200604 0.00187968 0.00162695 0.00135842 0.00129524 0.00102671 0.000852962 0.000868758 0.000521255 0.000616028 0.000347503 0.000631824 0.000410685 0.000442277 0.000268525 0.000221138 0.000268525 0.000110569 0.000173752 0.000126365 4.73868e-05 9.47736e-05 7.8978e-05 6.31824e-05 1.57956e-05 6.31824e-05 0 4.73868e-05 1.57956e-05 4.73868e-05 0 0 0 0 3.15912e-05 1.57956e-05 1.57956e-05 1.57956e-05 0 0 0 0 1.57956e-05 1.57956e-05 0 0 0 0 0 0 0 0 0 0 0 0 0 0 0 0 0 0 0 0 0 0 0 0 0 0 
0.0145951 0.0422216 0.0692953 0.0936047 0.116098 0.139112 0.155429 0.17372 0.184966 0.191774 0.198124 0.204932 0.204569 0.202073 0.198393 0.19615 0.191127 0.184445 0.17353 0.167907 0.159267 0.149316 0.140486 0.128971 0.120457 0.115687 0.103809 0.0935731 0.0863229 0.0801784 0.0722964 0.0650936 0.0583173 0.0528678 0.0484135 0.0443698 0.0376409 0.0343396 0.0314332 0.0279266 0.0260627 0.021482 0.0203447 0.0172804 0.0149742 0.0136158 0.0122574 0.00973008 0.00846644 0.00826109 0.00701324 0.00604971 0.00617608 0.0046597 0.00386992 0.00364878 0.00338026 0.00247991 0.00221138 0.00203763 0.00175331 0.00175331 0.00129524 0.0010741 0.0010583 0.00102671 0.00067921 0.000726597 0.000616028 0.000647619 0.000331707 0.000363299 0.000284321 0.000252729 0.000157956 9.47736e-05 7.8978e-05 0.000157956 0.000157956 9.47736e-05 6.31824e-05 3.15912e-05 4.73868e-05 4.73868e-05 3.15912e-05 9.47736e-05 4.73868e-05 1.57956e-05 6.31824e-05 0 1.57956e-05 0 1.57956e-05 0 0 0 0 0 0 3.15912e-05 0 0 0 0 0 0 0 0 0 0 0 0 0 0 0 0 0 0 0 0 0 0 0 0 0 0 
0.011594 0.0369143 0.0611605 0.0841589 0.106083 0.122621 0.140786 0.157071 0.168381 0.174194 0.181665 0.187415 0.190479 0.193338 0.192991 0.190432 0.186893 0.179011 0.175299 0.165317 0.163784 0.152333 0.145714 0.136158 0.12845 0.11981 0.11188 0.102245 0.0967322 0.0850909 0.0803048 0.0726123 0.0664994 0.0607814 0.0576855 0.0497877 0.0455861 0.0418425 0.036472 0.033692 0.0304697 0.0270578 0.0230774 0.0213872 0.018781 0.0165222 0.0146109 0.0137106 0.0113728 0.0105357 0.00903508 0.0082453 0.00731336 0.00663415 0.00527573 0.00481766 0.00439117 0.00372776 0.00339605 0.00278002 0.00262207 0.00192706 0.00202184 0.00157956 0.00159535 0.00134263 0.00112149 0.00113728 0.000584437 0.00067921 0.000616028 0.000426481 0.000410685 0.00053705 0.000189547 0.000363299 0.000189547 0.000157956 0.000315912 0.000157956 0.000157956 7.8978e-05 7.8978e-05 6.31824e-05 9.47736e-05 7.8978e-05 6.31824e-05 1.57956e-05 1.57956e-05 3.15912e-05 3.15912e-05 6.31824e-05 3.15912e-05 0 1.57956e-05 0 0 3.15912e-05 0 0 0 0 0 0 0 0 0 0 0 0 0 0 0 0 0 0 0 0 0 0 0 0 0 0 0 0 
0.0107884 0.0324915 0.0532469 0.0756609 0.093352 0.113365 0.126112 0.139949 0.1499 0.166201 0.169597 0.177621 0.180165 0.184034 0.184587 0.182218 0.178917 0.176231 0.171145 0.167781 0.160799 0.15407 0.149016 0.142018 0.131625 0.124627 0.116777 0.107568 0.10155 0.0951526 0.088013 0.083148 0.0738444 0.0685687 0.0598337 0.0581436 0.0511777 0.0473078 0.0417162 0.0387466 0.0347661 0.0321914 0.0282899 0.0245937 0.0238987 0.019934 0.018623 0.0165222 0.0148952 0.0128576 0.0113886 0.0100144 0.0093194 0.00772404 0.00731336 0.00617608 0.00560744 0.00492822 0.0042964 0.0035698 0.00349083 0.00268525 0.00263786 0.00225877 0.00211661 0.0018007 0.00175331 0.00159535 0.00120047 0.000805575 0.000695006 0.000584437 0.000584437 0.000710802 0.000505459 0.000521255 0.000410685 0.000284321 0.000300116 0.000173752 0.00014216 0.000221138 0.000110569 0.00014216 0.00014216 7.8978e-05 0.000189547 7.8978e-05 6.31824e-05 3.15912e-05 7.8978e-05 3.15912e-05 7.8978e-05 3.15912e-05 1.57956e-05 0 1.57956e-05 0 1.57956e-05 1.57956e-05 0 0 0 0 0 0 0 0 0 0 0 0 0 0 0 0 0 0 0 0 0 0 0 0 0 0 
0.010125 0.0302012 0.0477659 0.0678263 0.0865598 0.100981 0.11526 0.128971 0.140518 0.150643 0.160973 0.163737 0.16737 0.173609 0.176468 0.175173 0.175505 0.170861 0.170229 0.161968 0.161447 0.153344 0.147989 0.139696 0.136663 0.129413 0.121089 0.114597 0.108705 0.0990858 0.0951842 0.0861492 0.0785515 0.0751712 0.0677789 0.0639879 0.0585701 0.0524888 0.0481134 0.045128 0.040026 0.0362193 0.032223 0.0299484 0.0270421 0.0241041 0.022177 0.019397 0.0185914 0.0154639 0.0133947 0.0123837 0.0110727 0.0102671 0.00942997 0.00748711 0.00695006 0.00636562 0.00556005 0.00489663 0.00407526 0.0035856 0.00353821 0.0028748 0.0021324 0.00238513 0.00222718 0.00203763 0.00151638 0.00137422 0.00110569 0.00115308 0.000995122 0.000821371 0.000631824 0.00067921 0.000584437 0.000410685 0.000268525 0.000284321 0.000315912 0.000252729 0.000173752 0.000189547 0.000126365 0.000173752 0.000157956 0.000126365 0.000110569 9.47736e-05 1.57956e-05 0.00014216 3.15912e-05 7.8978e-05 1.57956e-05 0 1.57956e-05 3.15912e-05 3.15912e-05 1.57956e-05 0 1.57956e-05 0 0 0 1.57956e-05 0 0 1.57956e-05 0 0 0 0 0 0 0 0 0 0 0 0 0 0 0 0 0 
0.00973008 0.0267893 0.0433431 0.0606235 0.0797362 0.0921673 0.107126 0.120236 0.130551 0.140265 0.146757 0.15505 0.158414 0.165901 0.165838 0.167702 0.166628 0.166438 0.165048 0.162126 0.158303 0.153423 0.147847 0.142429 0.13799 0.131088 0.12379 0.118451 0.112086 0.102197 0.0981064 0.0932256 0.0855331 0.0800994 0.0751554 0.0690899 0.0629296 0.0576223 0.055253 0.0492191 0.0446068 0.0401682 0.0384149 0.0332655 0.0313858 0.0269315 0.0249886 0.0232511 0.0217505 0.0195076 0.0176437 0.0143266 0.0139949 0.011594 0.00979327 0.00920883 0.00835587 0.00794518 0.00742393 0.00617608 0.00562323 0.00462811 0.00435958 0.00349083 0.00266946 0.00284321 0.00236934 0.00244832 0.00247991 0.00170592 0.00173752 0.00167433 0.00110569 0.00131103 0.0010741 0.00067921 0.000979327 0.000473868 0.000647619 0.000473868 0.00039489 0.000379094 0.000315912 0.000268525 0.000268525 0.000157956 0.000189547 0.00014216 0.000205343 0.000126365 0.000173752 0.000126365 7.8978e-05 9.47736e-05 3.15912e-05 1.57956e-05 6.31824e-05 4.73868e-05 1.57956e-05 3.15912e-05 3.15912e-05 0 1.57956e-05 1.57956e-05 1.57956e-05 0 0 0 1.57956e-05 0 0 0 0 0 0 0 0 0 0 1.57956e-05 0 0 0 0 0 0 
0.00821371 0.0249728 0.0392047 0.0553636 0.0721227 0.0869231 0.0963215 0.109479 0.120947 0.132478 0.137469 0.145509 0.151069 0.156108 0.161857 0.159678 0.160294 0.160641 0.162268 0.157119 0.155508 0.151685 0.146899 0.142887 0.137422 0.13123 0.126807 0.120173 0.114755 0.110222 0.10027 0.0957687 0.0917408 0.0841589 0.0796888 0.0732758 0.0684739 0.0632298 0.0597705 0.0542263 0.0500878 0.0459336 0.0420321 0.0383675 0.0349872 0.0317333 0.0290639 0.0270578 0.023804 0.0220822 0.0190179 0.0183861 0.0161431 0.0141213 0.0126207 0.0106462 0.0113886 0.00908247 0.00827689 0.00734495 0.00693427 0.00611289 0.0053705 0.00423322 0.00386992 0.00401208 0.00314332 0.00284321 0.00238513 0.00240093 0.00184808 0.00172172 0.00153217 0.00126365 0.00126365 0.00110569 0.000963531 0.000916144 0.000837166 0.00067921 0.000410685 0.000521255 0.000410685 0.000410685 0.000347503 0.000221138 0.000236934 0.000205343 0.000157956 0.000110569 0.000173752 0.000110569 0.000126365 0.000126365 0.000126365 0 6.31824e-05 0.000110569 4.73868e-05 6.31824e-05 6.31824e-05 1.57956e-05 1.57956e-05 1.57956e-05 1.57956e-05 0 0 0 1.57956e-05 0 0 0 0 0 0 1.57956e-05 0 0 0 0 0 1.57956e-05 0 0 0 0 
0.00710802 0.0227772 0.0359034 0.0520149 0.0657728 0.0795308 0.091567 0.102814 0.111548 0.122858 0.129034 0.137785 0.144245 0.149189 0.149584 0.154149 0.154828 0.153739 0.153975 0.155113 0.152443 0.150027 0.149774 0.143124 0.13867 0.130171 0.128529 0.121421 0.115545 0.111075 0.106462 0.100002 0.0941575 0.0878077 0.0842853 0.0772878 0.0731178 0.0685529 0.0616976 0.0584437 0.0562639 0.0509566 0.0452544 0.0429956 0.0388098 0.0367879 0.0326811 0.030217 0.0274054 0.0243094 0.022256 0.0206132 0.0173752 0.0166643 0.0151638 0.0132367 0.0127786 0.0112307 0.00979327 0.00901928 0.00777143 0.00707643 0.00634983 0.00587596 0.00473868 0.00472288 0.00420163 0.00338026 0.00301696 0.00270105 0.00232195 0.00200604 0.00219559 0.00159535 0.00135842 0.00137422 0.00135842 0.0010899 0.0010583 0.000868758 0.000821371 0.00053705 0.000458072 0.000521255 0.000489663 0.00039489 0.000315912 0.000347503 0.000173752 0.000205343 0.000189547 9.47736e-05 0.000126365 0.000173752 0.000189547 7.8978e-05 7.8978e-05 3.15912e-05 9.47736e-05 9.47736e-05 7.8978e-05 9.47736e-05 0 0 1.57956e-05 3.15912e-05 3.15912e-05 1.57956e-05 0 0 0 1.57956e-05 0 1.57956e-05 1.57956e-05 0 0 0 0 0 0 0 0 1.57956e-05 0 0 
0.00676051 0.0203131 0.0339921 0.0482239 0.061745 0.0732915 0.0847749 0.0970165 0.10621 0.113476 0.122147 0.131956 0.134626 0.142129 0.144103 0.147104 0.150027 0.15118 0.148952 0.151211 0.147547 0.147025 0.144593 0.141086 0.135874 0.131956 0.128039 0.124264 0.116256 0.114802 0.109574 0.102766 0.0965111 0.0909194 0.0872075 0.083306 0.0796888 0.0706379 0.0657255 0.0628507 0.0596757 0.0549055 0.0501826 0.0465654 0.0417004 0.0405631 0.0355717 0.0334235 0.0304539 0.0271684 0.0255257 0.022793 0.020171 0.0196339 0.0168223 0.0160641 0.0150374 0.0121784 0.0108832 0.00971429 0.00977747 0.00841905 0.00693427 0.00704483 0.00625505 0.00557584 0.00477027 0.00391731 0.00349083 0.00383833 0.0032223 0.00279582 0.0025115 0.00200604 0.00192706 0.00148479 0.0014374 0.00154797 0.00102671 0.00112149 0.00102671 0.000773984 0.000837166 0.000773984 0.000695006 0.000505459 0.000489663 0.000347503 0.000347503 0.000331707 0.000284321 0.00014216 0.000205343 0.000126365 0.000221138 0.00014216 0.000126365 0.000173752 4.73868e-05 0.000126365 7.8978e-05 4.73868e-05 4.73868e-05 3.15912e-05 1.57956e-05 4.73868e-05 3.15912e-05 4.73868e-05 3.15912e-05 1.57956e-05 1.57956e-05 0 0 0 1.57956e-05 0 1.57956e-05 0 0 0 0 0 0 1.57956e-05 0 0 
0.00690267 0.0196181 0.0331865 0.0453649 0.0572116 0.0677789 0.0794202 0.0896558 0.098754 0.109148 0.115655 0.123158 0.12954 0.133583 0.139333 0.140723 0.143803 0.145067 0.146741 0.144972 0.144072 0.143313 0.141149 0.141118 0.134026 0.131893 0.128608 0.124011 0.119478 0.114723 0.111517 0.107457 0.0982012 0.0951053 0.0906825 0.0849645 0.0803364 0.0759294 0.0697375 0.0665152 0.0620609 0.057417 0.0538946 0.0504669 0.0462021 0.0417951 0.040026 0.0370881 0.0332497 0.0300116 0.02859 0.0265366 0.0232511 0.021561 0.0193338 0.0177069 0.0164906 0.0147057 0.012984 0.0114992 0.0109148 0.0093352 0.00832428 0.00821371 0.00728177 0.00623926 0.00606551 0.00481766 0.00492822 0.00418583 0.00368037 0.00330128 0.00282741 0.00274843 0.002164 0.00205343 0.00200604 0.00153217 0.00157956 0.00157956 0.00121626 0.000947736 0.000884553 0.000979327 0.000695006 0.000616028 0.000489663 0.00053705 0.000552846 0.000489663 0.000379094 0.000221138 0.000236934 0.000284321 0.000331707 0.000189547 9.47736e-05 0.000110569 0.000157956 0.00014216 6.31824e-05 0.000110569 0.000126365 4.73868e-05 4.73868e-05 6.31824e-05 6.31824e-05 4.73868e-05 0 4.73868e-05 0 1.57956e-05 0 1.57956e-05 0 0 3.15912e-05 0 0 0 0 0 0 0 0 1.57956e-05 
0.00641301 0.0189231 0.0305487 0.0431536 0.0537998 0.0654411 0.0743341 0.0847276 0.0958635 0.101771 0.107979 0.114629 0.1224 0.129366 0.131293 0.136174 0.139001 0.137864 0.14344 0.141228 0.141165 0.141402 0.137738 0.13878 0.13521 0.131483 0.128244 0.123711 0.119731 0.115197 0.110411 0.107584 0.100239 0.0972535 0.090872 0.0893241 0.083764 0.0783145 0.0748079 0.0698797 0.0654885 0.0628033 0.0562481 0.0521255 0.0488874 0.0461231 0.043738 0.0386676 0.0360929 0.0338026 0.03137 0.0276265 0.0261417 0.0241831 0.0223034 0.0204079 0.018465 0.01638 0.0150058 0.0129366 0.0124943 0.01082 0.0100144 0.00950895 0.00841905 0.00731336 0.00690267 0.00579698 0.00567062 0.00472288 0.00492822 0.0035856 0.00320651 0.00339605 0.00303275 0.00276423 0.00263786 0.00221138 0.00170592 0.00184808 0.0014216 0.00118467 0.00131103 0.0010741 0.000884553 0.000726597 0.000710802 0.000710802 0.000663415 0.000552846 0.00053705 0.000473868 0.000252729 0.000331707 0.000300116 0.000252729 0.00014216 0.000205343 0.000173752 0.000173752 9.47736e-05 6.31824e-05 7.8978e-05 0.00014216 3.15912e-05 3.15912e-05 6.31824e-05 4.73868e-05 6.31824e-05 3.15912e-05 0 0 4.73868e-05 4.73868e-05 3.15912e-05 0 0 0 0 0 0 0 0 0 1.57956e-05 6.31824e-05 
0.00578119 0.0176437 0.0298853 0.0394416 0.0496613 0.0619819 0.0704168 0.0822476 0.0899401 0.0979327 0.103003 0.108879 0.11387 0.123395 0.127281 0.130661 0.134879 0.137137 0.136111 0.136047 0.138259 0.135984 0.136711 0.137501 0.134073 0.127944 0.126791 0.124706 0.118767 0.113428 0.111343 0.105088 0.102671 0.0966216 0.0957055 0.0901612 0.088092 0.0826109 0.0777617 0.0720753 0.0673208 0.0660888 0.06105 0.0549845 0.0520623 0.0478133 0.046676 0.0434379 0.0406894 0.0377989 0.0323652 0.0302959 0.0293482 0.026426 0.0252256 0.0220506 0.0202657 0.0175805 0.0163484 0.0150216 0.0136948 0.0132999 0.0113886 0.0107884 0.00946156 0.0086086 0.00769245 0.00709222 0.00668154 0.00560744 0.00560744 0.00472288 0.00442277 0.00375935 0.00388572 0.00353821 0.00276423 0.00222718 0.00241673 0.00159535 0.00206922 0.00165854 0.00145319 0.00131103 0.00131103 0.00120047 0.000837166 0.00101092 0.00053705 0.000663415 0.000552846 0.000284321 0.00053705 0.000489663 0.000426481 0.000379094 0.000300116 0.00014216 0.000221138 0.000157956 0.000205343 0.000126365 0.000126365 9.47736e-05 4.73868e-05 7.8978e-05 4.73868e-05 4.73868e-05 0.000110569 6.31824e-05 3.15912e-05 3.15912e-05 4.73868e-05 1.57956e-05 3.15912e-05 1.57956e-05 1.57956e-05 0 1.57956e-05 0 0 1.57956e-05 3.15912e-05 0 0 9.47736e-05 
0.00549687 0.0154797 0.0272158 0.0383517 0.0472604 0.0589649 0.0685213 0.0773352 0.0852014 0.093273 0.0985645 0.107505 0.110632 0.117061 0.121468 0.124596 0.127518 0.130456 0.13202 0.133331 0.132667 0.133362 0.133473 0.132083 0.132809 0.129192 0.125117 0.122511 0.11853 0.116145 0.112133 0.107536 0.102671 0.100681 0.0963373 0.0936363 0.0877445 0.0851067 0.0791833 0.0736548 0.0705905 0.0681738 0.0638932 0.0609868 0.0561533 0.0520465 0.0471972 0.0442908 0.0430588 0.03941 0.0363772 0.0324757 0.0316386 0.0282109 0.0272632 0.0245779 0.0213872 0.0205185 0.018702 0.0173594 0.0154481 0.0140423 0.0126523 0.0125733 0.0111833 0.00949315 0.00845064 0.00849803 0.00766086 0.0068079 0.0064446 0.00556005 0.005023 0.00418583 0.00413845 0.00391731 0.00320651 0.00311173 0.0025115 0.00241673 0.00232195 0.00189547 0.00164274 0.00159535 0.00151638 0.00134263 0.0010583 0.00093194 0.00101092 0.000884553 0.000773984 0.000600233 0.000458072 0.000584437 0.000410685 0.000616028 0.000347503 0.000268525 0.000205343 0.000284321 0.000236934 9.47736e-05 0.000126365 0.000157956 0 0.000110569 7.8978e-05 9.47736e-05 9.47736e-05 7.8978e-05 0.000126365 6.31824e-05 6.31824e-05 1.57956e-05 6.31824e-05 4.73868e-05 3.15912e-05 0 1.57956e-05 0 0 0 3.15912e-05 0 0 9.47736e-05 
0.00508618 0.0163011 0.0247359 0.0360771 0.0456019 0.0554583 0.0626769 0.073181 0.0810314 0.0894031 0.0965585 0.100033 0.108073 0.113333 0.115576 0.119225 0.125164 0.125607 0.127091 0.13134 0.130677 0.128608 0.13044 0.127518 0.129492 0.126001 0.125291 0.121705 0.116856 0.116303 0.112575 0.108405 0.105262 0.101202 0.0980117 0.0941891 0.0923568 0.0852172 0.080826 0.0777617 0.0718857 0.0699745 0.0664679 0.0642249 0.0574012 0.0556479 0.0499299 0.0482081 0.043896 0.0416846 0.0389835 0.0357454 0.033613 0.0307382 0.0292376 0.0262207 0.0239461 0.0224613 0.0202499 0.0197287 0.0162853 0.0159693 0.014374 0.012747 0.0122732 0.0112149 0.0106462 0.00939838 0.00873496 0.00786621 0.00723438 0.00691847 0.00612869 0.00458072 0.00456493 0.00443856 0.00399628 0.00350662 0.00320651 0.00314332 0.0024957 0.00197445 0.00255889 0.00189547 0.00169013 0.00137422 0.0014374 0.00116887 0.000963531 0.000995122 0.00093194 0.00102671 0.000695006 0.00093194 0.000379094 0.000363299 0.000473868 0.000268525 0.000379094 0.000331707 0.000189547 0.000110569 0.000157956 0.000173752 0.000173752 6.31824e-05 0.000126365 0.000110569 6.31824e-05 0.000126365 3.15912e-05 7.8978e-05 4.73868e-05 7.8978e-05 3.15912e-05 6.31824e-05 1.57956e-05 6.31824e-05 7.8978e-05 1.57956e-05 0 1.57956e-05 3.15912e-05 1.57956e-05 0 6.31824e-05 
0.00470709 0.014374 0.0238513 0.034387 0.044275 0.0508302 0.0620135 0.0684897 0.0759768 0.0837482 0.0924358 0.0989278 0.105135 0.108073 0.110727 0.116019 0.118372 0.121531 0.125259 0.126238 0.12676 0.12905 0.127565 0.124627 0.124675 0.124106 0.1218 0.120078 0.116872 0.116366 0.114945 0.108026 0.10482 0.101534 0.0991015 0.0951053 0.0920251 0.0880762 0.0823108 0.0791833 0.0752344 0.0724544 0.0674314 0.0638932 0.0611131 0.0593756 0.0542263 0.0505301 0.0468971 0.0434063 0.0421268 0.037862 0.0362825 0.0332497 0.030675 0.0290797 0.0252729 0.0241357 0.0232195 0.0199498 0.0191285 0.0173594 0.0167907 0.0145477 0.0142318 0.0122574 0.0109779 0.0110253 0.0101408 0.00848223 0.00792939 0.00810314 0.00696586 0.00563903 0.00516516 0.00516516 0.00472288 0.00402788 0.00366458 0.00342764 0.00301696 0.00284321 0.00252729 0.00229036 0.00194286 0.00165854 0.00132683 0.00118467 0.00134263 0.00123206 0.00116887 0.0010741 0.000773984 0.000773984 0.00093194 0.000616028 0.000331707 0.000505459 0.00039489 0.000300116 0.000284321 0.000252729 0.000252729 0.00014216 0.000221138 0.00014216 0.000205343 0.000126365 9.47736e-05 7.8978e-05 7.8978e-05 7.8978e-05 7.8978e-05 7.8978e-05 3.15912e-05 6.31824e-05 9.47736e-05 3.15912e-05 3.15912e-05 4.73868e-05 1.57956e-05 3.15912e-05 3.15912e-05 3.15912e-05 0 0.000157956 
0.00507039 0.0134578 0.0232511 0.0333129 0.0404841 0.0489979 0.0597705 0.0653306 0.0743341 0.0804943 0.0860386 0.093352 0.10125 0.103935 0.109084 0.112054 0.114155 0.118751 0.121405 0.121989 0.124122 0.124122 0.123032 0.124722 0.121089 0.122384 0.118909 0.119889 0.116603 0.114392 0.114802 0.108879 0.106952 0.101439 0.0981854 0.0952316 0.0936047 0.0893083 0.0835429 0.081837 0.0784409 0.0732915 0.0694216 0.0675893 0.0629928 0.057954 0.0564377 0.0518095 0.0495982 0.0459652 0.0420953 0.0399471 0.0378146 0.0354769 0.0338815 0.0316544 0.0301696 0.0266472 0.0237882 0.02303 0.0211345 0.0187494 0.0183387 0.0160483 0.0147373 0.0135842 0.0132051 0.0116887 0.0113254 0.00965111 0.0093194 0.0085928 0.00728177 0.0067921 0.00592335 0.00552846 0.00524414 0.00491243 0.0042964 0.00409106 0.00330128 0.00347503 0.00279582 0.00279582 0.00238513 0.00208502 0.00181649 0.0017849 0.00140581 0.00135842 0.00124785 0.0010899 0.000821371 0.000837166 0.00078978 0.000600233 0.00053705 0.000631824 0.00053705 0.00039489 0.000426481 0.000426481 0.000331707 0.00014216 0.000110569 0.000300116 0.000252729 0.00014216 0.000189547 0.000268525 0.000110569 4.73868e-05 9.47736e-05 9.47736e-05 4.73868e-05 1.57956e-05 1.57956e-05 6.31824e-05 1.57956e-05 4.73868e-05 1.57956e-05 3.15912e-05 7.8978e-05 1.57956e-05 6.31824e-05 0.000173752 
0.0042964 0.0137422 0.0218295 0.031449 0.0385412 0.0487294 0.0563429 0.0633087 0.0706695 0.078046 0.0811578 0.0899085 0.0939996 0.0997176 0.105688 0.110917 0.112117 0.115971 0.116603 0.11793 0.118135 0.121689 0.12161 0.121073 0.119004 0.119778 0.119257 0.118356 0.115245 0.113681 0.111849 0.108279 0.106652 0.102719 0.100381 0.0979011 0.0945998 0.0871917 0.0865756 0.0819159 0.0792465 0.0739708 0.0732758 0.0683791 0.0644618 0.0597863 0.0578119 0.0550003 0.0538156 0.0486504 0.0435327 0.0422374 0.0383359 0.0400418 0.0356349 0.032839 0.0311489 0.0279266 0.0267419 0.0243252 0.0231405 0.0210239 0.0194444 0.0176279 0.0169171 0.01499 0.0148479 0.0131577 0.0122732 0.0109937 0.00971429 0.00914565 0.0085928 0.00755029 0.00725018 0.00617608 0.00565482 0.00519675 0.00497561 0.00450174 0.00415424 0.00361719 0.00298537 0.00334867 0.00292218 0.00265366 0.00232195 0.00187968 0.0014374 0.00187968 0.00134263 0.00134263 0.00129524 0.000963531 0.000773984 0.000805575 0.000758188 0.000695006 0.00053705 0.000505459 0.000489663 0.000410685 0.000300116 0.000315912 0.000268525 0.000331707 0.000268525 0.000173752 0.00014216 0.00014216 0.000126365 7.8978e-05 0.000126365 0.00014216 0.000110569 0.000126365 3.15912e-05 6.31824e-05 3.15912e-05 4.73868e-05 6.31824e-05 3.15912e-05 3.15912e-05 6.31824e-05 1.57956e-05 0.000205343 
0.00423322 0.0123364 0.0217189 0.0297431 0.0382569 0.0453807 0.0530732 0.060039 0.0668154 0.0734495 0.0806365 0.0870969 0.0915828 0.0968112 0.101281 0.105736 0.108863 0.11049 0.112654 0.116729 0.117977 0.11733 0.12011 0.119968 0.119209 0.11665 0.114629 0.114565 0.114518 0.115134 0.11049 0.107915 0.106083 0.10343 0.0993701 0.0976799 0.0944734 0.0893083 0.0856279 0.082453 0.0816474 0.0756451 0.0725176 0.0697849 0.0658202 0.0628191 0.0610342 0.0560428 0.0548739 0.0511777 0.0469129 0.0454123 0.0421584 0.0389519 0.0383043 0.0350978 0.0321282 0.0313543 0.028748 0.0252098 0.0238829 0.0230774 0.0211345 0.0205343 0.0176437 0.0173752 0.0154481 0.0134736 0.0133789 0.0126839 0.011594 0.0101882 0.00965111 0.00889292 0.00786621 0.00669733 0.00595494 0.00597073 0.00578119 0.00462811 0.00481766 0.00401208 0.00386992 0.00374356 0.00315912 0.00304855 0.00282741 0.0021324 0.00183229 0.00195865 0.00157956 0.00157956 0.00135842 0.00116887 0.000884553 0.0010583 0.000979327 0.000979327 0.00053705 0.000663415 0.000505459 0.000473868 0.000489663 0.000458072 0.000363299 0.000363299 0.000205343 0.000315912 0.000284321 0.000157956 0.000189547 0.000173752 9.47736e-05 7.8978e-05 9.47736e-05 9.47736e-05 7.8978e-05 0.000110569 3.15912e-05 7.8978e-05 6.31824e-05 1.57956e-05 6.31824e-05 6.31824e-05 0 0.000236934 
0.00404367 0.0116571 0.0200288 0.0277687 0.0352716 0.0453807 0.05023 0.0577961 0.0643197 0.072486 0.0781566 0.0835113 0.088171 0.0945524 0.0973008 0.100523 0.104662 0.1076 0.110253 0.113633 0.113381 0.115813 0.116129 0.116998 0.114787 0.117061 0.116003 0.113791 0.111391 0.110711 0.11038 0.108073 0.104677 0.102671 0.10166 0.0989436 0.0941891 0.0899085 0.0865283 0.0850435 0.082374 0.0776511 0.0727387 0.0720595 0.067921 0.0641459 0.0627243 0.058191 0.0553636 0.0533259 0.0483661 0.0471498 0.0439591 0.0411317 0.0391731 0.0370407 0.0354769 0.032144 0.030991 0.0278318 0.0257942 0.0250992 0.0222244 0.0216242 0.0198867 0.0178332 0.0166643 0.0149584 0.0146109 0.012984 0.0126365 0.0113728 0.0108832 0.00996702 0.00846644 0.00800837 0.00691847 0.00660256 0.0064604 0.0057496 0.00518095 0.00470709 0.00454913 0.00424901 0.00361719 0.0028748 0.00273264 0.00254309 0.00262207 0.00236934 0.00205343 0.00146899 0.00139001 0.0010741 0.00124785 0.00110569 0.00113728 0.00116887 0.000884553 0.000521255 0.000710802 0.000552846 0.00067921 0.00053705 0.000410685 0.000347503 0.000236934 0.000331707 0.00039489 0.000284321 0.000221138 0.000189547 0.000221138 0.000236934 9.47736e-05 6.31824e-05 4.73868e-05 0.00014216 6.31824e-05 7.8978e-05 0.00014216 4.73868e-05 6.31824e-05 4.73868e-05 0 0.000315912 
0.00383833 0.0120678 0.0196655 0.0269947 0.0335182 0.0426481 0.0492349 0.055253 0.0619029 0.0688214 0.0731968 0.0782514 0.0872864 0.0897506 0.0956581 0.0989594 0.101044 0.105151 0.109211 0.107015 0.111706 0.112212 0.112607 0.113381 0.112907 0.115576 0.114028 0.11316 0.110632 0.111043 0.108389 0.109069 0.105862 0.100602 0.100049 0.0974904 0.0938732 0.0894662 0.0902086 0.086781 0.0829585 0.0784409 0.0736233 0.0748237 0.0689636 0.0668785 0.0638142 0.061745 0.0549371 0.0529942 0.0522044 0.0482555 0.0459652 0.0434379 0.0416372 0.0385412 0.0358876 0.0344818 0.0312595 0.0289691 0.0284005 0.0263628 0.0246411 0.0226825 0.0208502 0.0199498 0.0182439 0.0163011 0.0155902 0.0144056 0.0133157 0.0123679 0.0118783 0.0103935 0.00976168 0.00952474 0.00808734 0.00737654 0.00663415 0.00660256 0.00484925 0.00581278 0.00510198 0.00434379 0.00435958 0.00380674 0.0032381 0.00325389 0.00296957 0.00238513 0.00211661 0.00184808 0.00184808 0.00135842 0.00165854 0.0010583 0.00129524 0.00115308 0.00102671 0.00102671 0.000710802 0.000647619 0.000584437 0.00067921 0.000410685 0.000379094 0.000347503 0.000473868 0.000363299 0.000252729 0.000268525 0.000268525 0.000268525 0.000221138 9.47736e-05 0.000157956 0.000189547 6.31824e-05 9.47736e-05 0.000110569 7.8978e-05 4.73868e-05 3.15912e-05 0.000110569 7.8978e-05 0.000379094 
0.0036014 0.011594 0.0183229 0.0270578 0.0330286 0.0404841 0.0480502 0.0534207 0.0597073 0.0668469 0.0723596 0.0756293 0.0820897 0.0864493 0.0909036 0.0952 0.101076 0.103509 0.103951 0.106873 0.107742 0.108658 0.109321 0.111312 0.111438 0.112433 0.11218 0.109716 0.109843 0.112054 0.107236 0.106462 0.103872 0.102956 0.0998913 0.0963215 0.0921673 0.0919303 0.0899243 0.0849013 0.0855173 0.0792149 0.0768929 0.0746816 0.0703062 0.0691689 0.064367 0.0606393 0.0582541 0.055253 0.0538314 0.0510356 0.0471498 0.0449858 0.042427 0.0397891 0.0386044 0.0346871 0.0338184 0.0321756 0.0297589 0.0267103 0.0262997 0.0243094 0.0227457 0.021561 0.0195391 0.0178806 0.0163484 0.0149268 0.0147531 0.0136 0.0127786 0.0110727 0.0116098 0.00965111 0.00917724 0.007882 0.00747132 0.00729756 0.00606551 0.00595494 0.005718 0.00518095 0.00407526 0.00434379 0.00379094 0.00319071 0.0032223 0.00279582 0.00268525 0.00221138 0.00194286 0.00170592 0.00195865 0.00153217 0.00157956 0.00113728 0.0010741 0.000852962 0.000947736 0.000947736 0.000616028 0.000695006 0.000521255 0.00053705 0.00039489 0.000600233 0.000331707 0.00039489 0.000410685 0.000363299 0.000347503 0.000221138 0.000221138 0.000252729 0.000173752 0.000126365 0.000126365 6.31824e-05 0.000110569 0.00014216 4.73868e-05 9.47736e-05 3.15912e-05 0.000521255 
0.00369617 0.0104251 0.0178964 0.0252256 0.0310541 0.040184 0.0452544 0.0504985 0.058728 0.0637826 0.0670207 0.0752028 0.0791675 0.0855489 0.0881394 0.0916302 0.0971271 0.0994964 0.102735 0.103745 0.104741 0.108342 0.105483 0.111691 0.111454 0.109637 0.109495 0.110001 0.107947 0.107457 0.107031 0.105072 0.102245 0.100428 0.0999229 0.0966374 0.0903034 0.0927043 0.0892451 0.0873654 0.0836693 0.0814737 0.0764665 0.0756293 0.0734179 0.0703852 0.0660256 0.0644618 0.0593124 0.0576065 0.054637 0.052315 0.0496455 0.0462021 0.0450174 0.0427113 0.0398207 0.0389361 0.03524 0.0326495 0.0300432 0.0280846 0.0281635 0.0252572 0.022951 0.0217663 0.0212609 0.0192232 0.0185124 0.0159378 0.0160009 0.0145951 0.0138211 0.0131893 0.0113728 0.0108674 0.00982486 0.00947736 0.00778723 0.0075345 0.00685529 0.00627085 0.00604971 0.00562323 0.00511777 0.00443856 0.00417004 0.00380674 0.00404367 0.00309594 0.00259048 0.00217979 0.002859 0.00224297 0.00194286 0.00176911 0.00156376 0.00153217 0.00126365 0.0010583 0.00120047 0.000995122 0.000821371 0.000916144 0.000458072 0.000552846 0.000521255 0.000505459 0.000552846 0.000300116 0.000458072 0.00039489 0.000347503 0.000268525 0.000268525 0.000236934 0.000236934 0.00014216 0.000284321 0.00014216 0.000173752 0.000126365 7.8978e-05 9.47736e-05 4.73868e-05 0.000584437 
0.00336446 0.0100302 0.0172804 0.0243568 0.0310383 0.0363615 0.0420479 0.0501668 0.0556321 0.0613501 0.0669891 0.071712 0.0765928 0.0831322 0.0849961 0.0892767 0.0939364 0.0972693 0.0994648 0.100571 0.104219 0.107363 0.104993 0.106683 0.108421 0.108421 0.107868 0.107078 0.107063 0.107852 0.103824 0.104993 0.10046 0.0997334 0.0976168 0.0960214 0.0950737 0.0913301 0.08964 0.086702 0.0850435 0.0815842 0.0786621 0.0754082 0.0737022 0.0708906 0.0681896 0.0655991 0.0621557 0.0592967 0.0549371 0.0525203 0.0511935 0.0505301 0.0469761 0.0443698 0.0397733 0.0385254 0.0373092 0.0353031 0.0324599 0.0302486 0.0288428 0.0268209 0.0255099 0.0226667 0.0225561 0.0204395 0.0185756 0.0168381 0.0167275 0.0151954 0.0143108 0.0133315 0.0124153 0.0113886 0.0108358 0.00946156 0.00919303 0.00894031 0.00797677 0.00701324 0.00691847 0.00617608 0.00619187 0.00514936 0.00458072 0.00396469 0.00424901 0.0035698 0.00309594 0.00292218 0.00255889 0.0028748 0.0021482 0.00176911 0.00151638 0.00167433 0.00132683 0.00137422 0.00127944 0.00116887 0.000947736 0.000868758 0.000710802 0.000726597 0.000821371 0.000331707 0.000663415 0.000473868 0.000442277 0.000458072 0.000331707 0.000315912 0.000284321 0.000379094 0.000363299 0.000268525 0.00014216 0.000221138 0.000157956 0.000110569 0.000173752 4.73868e-05 7.8978e-05 0.00078978 
0.00344344 0.0102513 0.0161431 0.0224771 0.0296325 0.0352558 0.0412897 0.049456 0.0531522 0.0594388 0.0643828 0.0705747 0.0751712 0.0804943 0.0841905 0.0847907 0.0921831 0.0933993 0.0966374 0.0967322 0.101029 0.10294 0.105499 0.104519 0.105704 0.105451 0.105262 0.106036 0.10493 0.105941 0.104014 0.101502 0.0984223 0.0993385 0.098833 0.0952 0.0964953 0.0923726 0.0899559 0.0857859 0.0879657 0.0834639 0.0777933 0.0770667 0.0738286 0.0741287 0.0689794 0.066073 0.0627243 0.0617292 0.0563271 0.0545106 0.0524414 0.0511145 0.0471972 0.0454439 0.0422532 0.0411159 0.0372618 0.0359508 0.0340869 0.0325863 0.0298221 0.0284321 0.0267735 0.0243252 0.0228878 0.0214662 0.0201868 0.018544 0.0180386 0.0157798 0.0145635 0.014453 0.0138685 0.0119731 0.0118783 0.0108042 0.00990384 0.00985645 0.00840326 0.00811893 0.00704483 0.00668154 0.00620767 0.00576539 0.00497561 0.0046755 0.00402788 0.00398049 0.0035698 0.00331707 0.00315912 0.00266946 0.00260627 0.00225877 0.00211661 0.0017849 0.00167433 0.00129524 0.00129524 0.00123206 0.00120047 0.00137422 0.000837166 0.000773984 0.000758188 0.000521255 0.00053705 0.000695006 0.000489663 0.000473868 0.000505459 0.000331707 0.000331707 0.000252729 0.000284321 0.00039489 0.000110569 0.000315912 0.000236934 0.000126365 0.000173752 7.8978e-05 6.31824e-05 0.00116887 
0.00330128 0.0101566 0.0165064 0.0221928 0.0283847 0.0337868 0.0401208 0.0453176 0.050767 0.0592651 0.0636878 0.067542 0.0718699 0.0762769 0.0816158 0.0850909 0.0888344 0.0903034 0.0964321 0.0955949 0.0964479 0.101123 0.0998597 0.104204 0.103777 0.103382 0.106431 0.104456 0.103651 0.103666 0.102229 0.101803 0.0989278 0.0976168 0.0991015 0.0934625 0.0936837 0.0921831 0.0875392 0.0881394 0.0869547 0.0842537 0.0799731 0.0785831 0.0747289 0.0710486 0.069469 0.0685371 0.0657886 0.0613185 0.0592177 0.0560586 0.0541157 0.0513041 0.0487452 0.0473868 0.0428376 0.0417635 0.0394258 0.03802 0.0348135 0.0336288 0.0315754 0.0297747 0.0286216 0.0258258 0.025036 0.0225877 0.0214346 0.0196971 0.0182281 0.0175805 0.0160009 0.0157798 0.0137264 0.0132841 0.0124785 0.0113254 0.010741 0.0101092 0.00864019 0.00900349 0.0075345 0.00704483 0.00720279 0.00653938 0.00563903 0.00518095 0.00469129 0.00432799 0.00415424 0.00341185 0.00366458 0.00281162 0.00290639 0.00259048 0.00246411 0.00169013 0.00169013 0.00146899 0.00157956 0.000995122 0.00170592 0.00132683 0.00121626 0.00101092 0.000884553 0.00067921 0.000742393 0.000773984 0.000505459 0.000410685 0.000552846 0.000426481 0.000426481 0.000379094 0.00039489 0.000331707 0.000252729 0.000426481 0.000284321 0.000315912 0.000205343 7.8978e-05 0.000157956 0.00112149 
0.00331707 0.00957213 0.0160641 0.0216242 0.0275317 0.0330602 0.0381148 0.0453334 0.0493612 0.0565166 0.0599285 0.0652042 0.069548 0.075266 0.0795308 0.08299 0.0859122 0.0885027 0.0927517 0.0943945 0.0956581 0.0973008 0.100634 0.100571 0.101597 0.101961 0.102197 0.101345 0.102924 0.100886 0.10046 0.0992437 0.0984381 0.0969533 0.0959898 0.0972061 0.0941417 0.0928307 0.0890398 0.0865441 0.0858017 0.0828953 0.0815211 0.0786147 0.0755503 0.0735601 0.0722648 0.0686476 0.0650305 0.0634825 0.058649 0.0589807 0.0556637 0.052473 0.0500088 0.047371 0.0456177 0.0428061 0.041416 0.0401208 0.0364246 0.0346239 0.0335814 0.02998 0.0295851 0.0268841 0.025652 0.0238355 0.0234091 0.0211503 0.0197603 0.0185756 0.0176753 0.0159062 0.0145477 0.0142634 0.0140107 0.0123679 0.0116414 0.0106778 0.00984065 0.00892451 0.00865598 0.0078978 0.0068079 0.00666574 0.00660256 0.00568641 0.00511777 0.0053863 0.00402788 0.00369617 0.00391731 0.0032223 0.0032381 0.00293798 0.00263786 0.00197445 0.00189547 0.00162695 0.00172172 0.00151638 0.00145319 0.00131103 0.00127944 0.00126365 0.00123206 0.000868758 0.00078978 0.000773984 0.000773984 0.000442277 0.000916144 0.000458072 0.000331707 0.000315912 0.000379094 0.000410685 0.000379094 0.000221138 0.000410685 0.000331707 0.000205343 0.000126365 0.000189547 0.00150058 
0.00300116 0.00916144 0.0147531 0.0199972 0.0272158 0.0314332 0.0394732 0.0432957 0.0491875 0.0537682 0.0605761 0.0625032 0.0683475 0.0720911 0.0780776 0.0808576 0.084538 0.085391 0.0886291 0.0894188 0.094047 0.0953896 0.0977905 0.0985329 0.101376 0.0985329 0.100965 0.100444 0.100207 0.0992753 0.100728 0.0971271 0.0982644 0.0964953 0.0965743 0.0968112 0.0948525 0.0921515 0.0892609 0.0863071 0.0865914 0.0826267 0.0820107 0.0790096 0.0766718 0.0731336 0.0719805 0.0695954 0.066531 0.0642881 0.0592967 0.0580014 0.0563429 0.0536418 0.0522044 0.0506249 0.0463601 0.0435011 0.0441013 0.0397575 0.040026 0.0354611 0.0336288 0.0319071 0.0303907 0.0278792 0.0267419 0.0239303 0.0235828 0.0223192 0.0210081 0.0198077 0.0180386 0.0169961 0.0154955 0.0152743 0.0146899 0.013679 0.0123522 0.0114834 0.0108358 0.00995122 0.00952474 0.00857701 0.00805575 0.0071712 0.00702904 0.0060813 0.00603392 0.00514936 0.00503879 0.00390151 0.00405947 0.0032223 0.00368037 0.00315912 0.00279582 0.00252729 0.00257468 0.0021324 0.00199024 0.00181649 0.00159535 0.00145319 0.00161115 0.00131103 0.0010899 0.000821371 0.000821371 0.000726597 0.000837166 0.000726597 0.000837166 0.00067921 0.000473868 0.000521255 0.000363299 0.000379094 0.000379094 0.000315912 0.000458072 0.000252729 0.000205343 0.000221138 0.000157956 0.00181649 
0.00279582 0.0085928 0.0145319 0.0206132 0.025194 0.0323336 0.0369775 0.042885 0.0468497 0.0526309 0.0570537 0.0596757 0.0661835 0.0705589 0.0723122 0.0782514 0.0837956 0.0848855 0.0861808 0.08964 0.0907615 0.0946788 0.0979959 0.0971745 0.0980117 0.0976484 0.098217 0.0983118 0.0971903 0.100097 0.098991 0.0955002 0.0975852 0.0971271 0.0949157 0.0963689 0.0955791 0.0919146 0.0867336 0.0871443 0.0866862 0.0834007 0.0806681 0.0808734 0.0754555 0.0743025 0.0720911 0.0698007 0.066689 0.0624874 0.062361 0.059423 0.0580962 0.0559954 0.0518411 0.0504669 0.0477817 0.0454439 0.0455861 0.0412581 0.0388098 0.0385254 0.0345766 0.034308 0.0302644 0.0290955 0.027895 0.0260311 0.0238198 0.0235038 0.0229036 0.0214346 0.0196497 0.0189073 0.0168539 0.0155902 0.0160799 0.0134736 0.0126681 0.012131 0.0113254 0.0109779 0.00982486 0.00920883 0.0085928 0.0078978 0.00786621 0.00664994 0.00586016 0.00543368 0.00565482 0.00481766 0.00439117 0.00396469 0.00379094 0.00355401 0.00295378 0.00254309 0.00262207 0.00273264 0.002164 0.00205343 0.00183229 0.0018007 0.00159535 0.00145319 0.00115308 0.00113728 0.000773984 0.00102671 0.000805575 0.000900349 0.000837166 0.000742393 0.000710802 0.000505459 0.000584437 0.000473868 0.000331707 0.000315912 0.000300116 0.000284321 0.000221138 0.000205343 0.000236934 0.00206922 
0.00265366 0.00876655 0.0137738 0.0189073 0.0261575 0.0299011 0.035856 0.0404051 0.0459494 0.0515094 0.0553636 0.0587596 0.0639721 0.0694058 0.0728967 0.0762769 0.078899 0.0826425 0.0851856 0.0878709 0.0889134 0.0933677 0.0930676 0.0955949 0.095895 0.0964479 0.098296 0.0979485 0.0971587 0.0950895 0.0944734 0.0978063 0.0962899 0.096906 0.0943945 0.0947578 0.0924358 0.0890871 0.0878393 0.0874286 0.0878393 0.0834797 0.0819949 0.0811735 0.0773194 0.0751238 0.0709696 0.0692953 0.0690425 0.0647935 0.0631982 0.0589807 0.0589492 0.0551424 0.0531364 0.0521886 0.0483345 0.0473394 0.0450016 0.0448121 0.0410843 0.0384623 0.0365826 0.0346713 0.0318439 0.0306119 0.0286532 0.0275949 0.0255731 0.0246253 0.0230774 0.0217979 0.020708 0.0195391 0.0184493 0.0174225 0.015685 0.0138843 0.0139159 0.0132209 0.012052 0.0117361 0.0104567 0.00960372 0.00900349 0.00838746 0.00802416 0.00633403 0.00701324 0.00597073 0.00563903 0.00546527 0.00516516 0.00451754 0.00369617 0.00410685 0.00350662 0.00255889 0.00282741 0.00301696 0.00233775 0.00244832 0.00194286 0.00210081 0.00154797 0.00153217 0.0014374 0.00134263 0.00135842 0.0010741 0.00102671 0.000963531 0.000837166 0.000821371 0.00053705 0.000837166 0.000695006 0.00053705 0.00053705 0.000458072 0.000347503 0.000189547 0.000331707 0.000331707 0.00014216 0.0025115 
0.00240093 0.00876655 0.0136632 0.0186072 0.0253519 0.0290007 0.0343554 0.0396943 0.0434537 0.0511303 0.0541157 0.059344 0.0598179 0.0670681 0.0724386 0.0754082 0.0771141 0.080447 0.0832902 0.0852014 0.0873812 0.0892135 0.0905087 0.0948841 0.0947578 0.0942997 0.0956739 0.0937784 0.0963847 0.0966058 0.0940312 0.0951369 0.0950421 0.0957055 0.0948999 0.0914249 0.0913617 0.0902086 0.0872864 0.0874918 0.0858175 0.083306 0.0808418 0.0803048 0.0800521 0.0747763 0.0749185 0.0704483 0.0682054 0.0656307 0.062977 0.0624716 0.0600075 0.0570379 0.0549371 0.0515094 0.0479554 0.046439 0.0472446 0.0437064 0.0419215 0.0400102 0.0385728 0.035698 0.0331234 0.0320966 0.0314806 0.0282267 0.0271368 0.0259837 0.0249728 0.0215452 0.0218611 0.0201236 0.0188915 0.0174383 0.0168855 0.0156376 0.0153217 0.0136474 0.0127944 0.0118151 0.0115624 0.0103145 0.0100618 0.00873496 0.00864019 0.00737654 0.00704483 0.00666574 0.00633403 0.00543368 0.00529152 0.0046439 0.00462811 0.00399628 0.00386992 0.00404367 0.00303275 0.0028748 0.00276423 0.00247991 0.00222718 0.00199024 0.00173752 0.00159535 0.00169013 0.00150058 0.0014216 0.00120047 0.0010583 0.00101092 0.00116887 0.000852962 0.000852962 0.000710802 0.000710802 0.00067921 0.000489663 0.000568641 0.00039489 0.00039489 0.000315912 0.000236934 0.000236934 0.00278002 
0.00265366 0.00792939 0.0134578 0.0183545 0.0230774 0.0284479 0.0339289 0.0384149 0.0432167 0.0482081 0.0527415 0.0561691 0.0609236 0.0658202 0.070164 0.0722648 0.0766402 0.0775722 0.0814263 0.0828005 0.0856437 0.088171 0.0913617 0.0923726 0.091567 0.0940154 0.0932414 0.0940628 0.0917724 0.095279 0.0944261 0.0957687 0.0948841 0.0928939 0.0913775 0.0905877 0.0898295 0.0905087 0.0878393 0.0871917 0.0857859 0.0829742 0.0819317 0.0803206 0.0783935 0.0761663 0.0740655 0.0696744 0.0689636 0.0669575 0.0638458 0.0628349 0.0612395 0.0583331 0.0554741 0.0528047 0.051699 0.0481134 0.0465338 0.0440381 0.0423796 0.0402156 0.0389677 0.0383833 0.0354927 0.0327601 0.0326337 0.0289533 0.0287322 0.0262681 0.02581 0.0226983 0.0218927 0.0217821 0.0205027 0.0185282 0.0175805 0.016617 0.0157956 0.0145161 0.0139633 0.0126681 0.0123206 0.0110253 0.0104093 0.00944576 0.00840326 0.00826109 0.00743972 0.00713961 0.00668154 0.00625505 0.005718 0.00514936 0.00470709 0.00491243 0.00418583 0.0039489 0.0032223 0.0032381 0.002859 0.00282741 0.00255889 0.00200604 0.00191127 0.00200604 0.00183229 0.00203763 0.00132683 0.00131103 0.0010899 0.0010741 0.0010899 0.000868758 0.000947736 0.000710802 0.000852962 0.000631824 0.000631824 0.000616028 0.000568641 0.000489663 0.00039489 0.000331707 0.000473868 0.0032381 
0.00241673 0.0078978 0.0131577 0.0180702 0.0218927 0.0277213 0.0332023 0.0391257 0.0420163 0.0466602 0.0508618 0.0540209 0.0588544 0.0638458 0.0682054 0.0695954 0.0741129 0.0774932 0.0793571 0.0819791 0.0848855 0.0854384 0.0872075 0.089482 0.0916302 0.0923252 0.0927043 0.0929255 0.0920409 0.0945524 0.093194 0.0920725 0.0937942 0.0915355 0.0912038 0.0910932 0.0897821 0.0874286 0.0872864 0.0869705 0.0835745 0.0835587 0.0813157 0.0807787 0.07743 0.0758978 0.0746184 0.0725492 0.0708274 0.065836 0.0642881 0.0635141 0.0604655 0.0591229 0.0562165 0.0561217 0.0515884 0.0496613 0.0479712 0.0460126 0.0441961 0.0418109 0.0390151 0.038794 0.0356664 0.0340237 0.0328864 0.0310857 0.0288112 0.0277213 0.0262207 0.0244832 0.023646 0.0216242 0.0214346 0.0199814 0.0176911 0.018544 0.0161589 0.0156218 0.0142318 0.0128734 0.012289 0.011515 0.0114676 0.0096827 0.00954054 0.00938258 0.00852962 0.00750291 0.00706063 0.00671313 0.00638142 0.0057496 0.005023 0.00486504 0.00398049 0.00458072 0.00383833 0.00339605 0.00309594 0.0028748 0.00257468 0.00278002 0.00208502 0.00219559 0.00184808 0.00222718 0.00162695 0.0014374 0.00134263 0.00112149 0.00115308 0.0010583 0.000947736 0.00093194 0.00093194 0.000663415 0.000647619 0.000552846 0.000568641 0.000458072 0.000552846 0.000410685 0.00039489 0.00409106 
0.00240093 0.00745552 0.0120836 0.0186072 0.0217505 0.0266788 0.0321124 0.0364246 0.0411317 0.0454123 0.0497087 0.0533891 0.0580804 0.0627717 0.0653148 0.0687424 0.0739234 0.073955 0.0762611 0.0800205 0.0857227 0.0828479 0.0879499 0.0882184 0.0891503 0.0904456 0.090872 0.0909668 0.0921989 0.0933993 0.0926254 0.0901454 0.0931782 0.0916934 0.090256 0.0888818 0.0902086 0.0860386 0.0871917 0.0851382 0.0829111 0.0830848 0.0812209 0.0792781 0.0774932 0.0780302 0.0728651 0.0703694 0.0713329 0.068158 0.0660888 0.0624874 0.0626927 0.0589334 0.0575749 0.0544948 0.0521728 0.05023 0.0488558 0.0475763 0.0450016 0.0436274 0.0421426 0.038557 0.0358876 0.0356349 0.0334077 0.0320808 0.0306119 0.028748 0.0277213 0.0252098 0.0243884 0.0229984 0.0218611 0.0207396 0.0191443 0.0190653 0.0160325 0.0161589 0.015606 0.014453 0.0135526 0.0131261 0.0119257 0.00998281 0.0096669 0.00950895 0.00892451 0.00781882 0.00767666 0.00688688 0.00655517 0.00628665 0.00604971 0.00533891 0.00402788 0.00469129 0.00405947 0.00379094 0.00331707 0.00333287 0.00331707 0.00244832 0.00236934 0.00238513 0.00222718 0.00227457 0.00199024 0.0014374 0.00175331 0.00121626 0.00148479 0.00104251 0.000995122 0.00102671 0.000947736 0.000868758 0.000726597 0.000742393 0.000505459 0.00053705 0.000568641 0.000284321 0.000458072 0.00461231 
0.00268525 0.00713961 0.01221 0.0183229 0.0227141 0.0249412 0.0310699 0.0359508 0.0398049 0.0446068 0.048682 0.0510198 0.0562007 0.0604497 0.0638142 0.0670681 0.0715382 0.0734969 0.0769877 0.0801942 0.0808576 0.0823424 0.0844748 0.0858175 0.0857859 0.0900823 0.088787 0.0914249 0.0906667 0.0910932 0.0903824 0.0894504 0.0905561 0.0908878 0.088013 0.0893083 0.0885817 0.0870337 0.0868758 0.0851856 0.08299 0.0808576 0.0828637 0.0797362 0.0780934 0.076656 0.0752028 0.0734811 0.0699429 0.0683159 0.0653622 0.0633561 0.0627401 0.0594388 0.0576381 0.0566272 0.0521255 0.0519833 0.0479712 0.0488874 0.045049 0.0439591 0.0429956 0.0408474 0.0372776 0.0359192 0.0348293 0.0338973 0.0307066 0.0301696 0.0282583 0.0262049 0.0247991 0.0239935 0.0227141 0.0215136 0.0199972 0.0190811 0.0182123 0.0161273 0.0167907 0.0151796 0.0144056 0.0139001 0.0119731 0.0113412 0.0104725 0.00974588 0.0101092 0.00816632 0.00864019 0.00769245 0.0071712 0.00676051 0.005718 0.00560744 0.00499141 0.00507039 0.00478606 0.00382253 0.00349083 0.00325389 0.00303275 0.00345923 0.00273264 0.00279582 0.00219559 0.00206922 0.00230616 0.00156376 0.00165854 0.00154797 0.00154797 0.00127944 0.00120047 0.000979327 0.00104251 0.000868758 0.000916144 0.000647619 0.00067921 0.000631824 0.00039489 0.00053705 0.000521255 0.00535471 
0.0024957 0.0071554 0.0112623 0.017154 0.02164 0.0270894 0.0302959 0.0348293 0.0391889 0.0438644 0.0471972 0.0505775 0.0544 0.0599759 0.0627085 0.064604 0.0693584 0.0740813 0.0747763 0.0770351 0.0790569 0.0821529 0.0815368 0.0846012 0.0839378 0.0851856 0.0872233 0.0903824 0.0883132 0.09103 0.0920251 0.0896874 0.0884079 0.0891977 0.087555 0.0879972 0.0862281 0.0884237 0.0833217 0.083685 0.0836535 0.0817896 0.0814105 0.0782988 0.0771931 0.0769403 0.0735285 0.0739076 0.0714751 0.0685213 0.0671945 0.0641143 0.0631192 0.059423 0.0586964 0.0576381 0.0547001 0.0532627 0.0489032 0.0483819 0.0473868 0.043817 0.0434379 0.0410527 0.0390783 0.0370091 0.0348451 0.0347819 0.0324441 0.0315438 0.0284479 0.0271842 0.0258732 0.025194 0.0240251 0.0225561 0.0213398 0.0191285 0.0188441 0.0179912 0.0165538 0.0154007 0.0158272 0.0140581 0.0127312 0.012052 0.0112465 0.0103145 0.0106462 0.00905087 0.00843485 0.00808734 0.00761348 0.00683949 0.00653938 0.00611289 0.00598653 0.00495982 0.00447015 0.0046439 0.00404367 0.00388572 0.00349083 0.00330128 0.00331707 0.00270105 0.00254309 0.00244832 0.00232195 0.00186388 0.00173752 0.0014374 0.00170592 0.00134263 0.00139001 0.00129524 0.000995122 0.000947736 0.00104251 0.000616028 0.00101092 0.000742393 0.000442277 0.000600233 0.000489663 0.00617608 
0.00236934 0.00674472 0.011357 0.0164748 0.0207396 0.0248149 0.0293798 0.0346239 0.0391099 0.0433589 0.0460599 0.0480818 0.0545896 0.0605445 0.0616028 0.0653148 0.0667364 0.0696428 0.0727071 0.0747447 0.0776669 0.0792465 0.080368 0.0835903 0.0824688 0.0864651 0.0861965 0.0876813 0.0881394 0.0898769 0.0890871 0.0880446 0.0901139 0.0886291 0.0877761 0.0864177 0.0862597 0.0855647 0.0853278 0.0844906 0.0825794 0.0819001 0.0786936 0.0779828 0.0768298 0.0757715 0.0750607 0.0719805 0.0697849 0.0693584 0.0662783 0.0663257 0.0625032 0.0621715 0.0589176 0.0580488 0.0540209 0.0527731 0.0504669 0.0502458 0.0481924 0.0450964 0.043659 0.0416688 0.0400418 0.037167 0.0363141 0.0340553 0.0334393 0.0317965 0.0307066 0.0285742 0.0270736 0.0247675 0.0250044 0.023567 0.0226035 0.0197445 0.019476 0.018623 0.0181807 0.0176753 0.0158904 0.0147373 0.0141686 0.0119573 0.0123364 0.0104251 0.0109779 0.00974588 0.00909826 0.00840326 0.00772404 0.00696586 0.00704483 0.00647619 0.00642881 0.00570221 0.00535471 0.00434379 0.00440697 0.00391731 0.00402788 0.00379094 0.00349083 0.00271684 0.00289059 0.00282741 0.00230616 0.00186388 0.00211661 0.00191127 0.00183229 0.00189547 0.00135842 0.00127944 0.000979327 0.0010899 0.000979327 0.00101092 0.000916144 0.000837166 0.000726597 0.000773984 0.000552846 0.00677631 
0.00236934 0.00683949 0.0113254 0.015685 0.0206132 0.0248465 0.0284637 0.0333919 0.0374356 0.0425691 0.0463127 0.0484451 0.0540051 0.0561691 0.0605445 0.063135 0.066768 0.0674788 0.0711276 0.0740339 0.0747447 0.0751238 0.0804785 0.0814421 0.0825952 0.0832428 0.0874444 0.0874128 0.0867336 0.0857701 0.0879657 0.0881078 0.0899559 0.0875708 0.0862439 0.0881394 0.0860386 0.0861492 0.0850277 0.0831638 0.0825636 0.0804312 0.0785989 0.0778407 0.0773194 0.0739392 0.0742393 0.0712855 0.0727387 0.0689478 0.0664047 0.0643354 0.06244 0.0630086 0.0591229 0.0571642 0.0556479 0.0525203 0.0508934 0.0501036 0.0501826 0.0455861 0.044512 0.0413845 0.040721 0.0397891 0.0380832 0.0351768 0.0331549 0.0326337 0.0319071 0.0287164 0.0287164 0.0265524 0.0238987 0.0238513 0.0229194 0.0218611 0.021403 0.0199972 0.0191601 0.0172488 0.0164906 0.0158904 0.0138843 0.0132841 0.012131 0.0121152 0.0107568 0.0101092 0.00993543 0.00927201 0.00867178 0.00755029 0.00723438 0.00699745 0.00641301 0.0057496 0.00549687 0.00510198 0.0046755 0.00480186 0.00415424 0.00377515 0.00385412 0.00303275 0.00260627 0.00317491 0.00266946 0.00232195 0.0021324 0.00221138 0.00202184 0.00165854 0.00164274 0.00115308 0.00123206 0.00135842 0.0010741 0.00124785 0.0010741 0.000647619 0.00093194 0.000663415 0.000900349 0.00761348 
0.00208502 0.00639721 0.0102829 0.0157956 0.0196023 0.0244674 0.0285742 0.0329654 0.036709 0.0415582 0.0458072 0.0477185 0.0528047 0.0553004 0.0574012 0.0621399 0.0643828 0.0664205 0.0701008 0.0712539 0.0747447 0.0762927 0.0760558 0.0799415 0.0816948 0.0836219 0.0838904 0.0848223 0.0847276 0.0875392 0.0854857 0.088092 0.0878077 0.0863861 0.085154 0.0844748 0.0871127 0.0833691 0.0847276 0.082295 0.0833691 0.0802416 0.0805417 0.0790253 0.0770509 0.0753924 0.0749659 0.0714277 0.0727387 0.0680474 0.0668943 0.0646356 0.0633403 0.062203 0.0595968 0.0563429 0.0541315 0.0548739 0.0522518 0.0513199 0.0490453 0.0467865 0.045049 0.0422216 0.0420479 0.0402472 0.0371196 0.0357138 0.0352558 0.0328548 0.0310225 0.0310383 0.0292061 0.0264734 0.0262681 0.0254941 0.0233143 0.022793 0.0215926 0.020945 0.0191285 0.0184177 0.0172962 0.0155745 0.0145477 0.0152427 0.0132209 0.0123522 0.011357 0.0108042 0.0102987 0.0096669 0.00954054 0.0086086 0.00808734 0.00777143 0.0064604 0.00612869 0.00587596 0.00532311 0.00477027 0.00489663 0.0046597 0.00412265 0.00390151 0.00355401 0.00366458 0.0032381 0.00293798 0.00265366 0.00227457 0.00183229 0.00203763 0.00187968 0.00184808 0.00135842 0.00120047 0.0014374 0.0010583 0.00131103 0.00115308 0.00116887 0.000979327 0.000837166 0.000710802 0.00849803 
0.00221138 0.00634983 0.0114044 0.0142318 0.0197761 0.0233617 0.0286374 0.0324126 0.0365352 0.0400102 0.044354 0.0469761 0.0504511 0.0536892 0.0578435 0.0584911 0.0634509 0.0648251 0.068237 0.06939 0.0720753 0.0754397 0.0768614 0.0778723 0.0812683 0.0819001 0.0815211 0.083922 0.0847907 0.0851067 0.0871917 0.0879183 0.0858017 0.0863861 0.0871601 0.0846486 0.0834007 0.0838588 0.0835587 0.081063 0.0813315 0.0793729 0.0792939 0.0779197 0.0782514 0.0754397 0.0742235 0.0718699 0.0707643 0.0698323 0.0681264 0.0643986 0.0643039 0.0592967 0.0595652 0.0594546 0.056564 0.0547475 0.0527731 0.0506249 0.0484293 0.0469129 0.0448911 0.0437854 0.0419057 0.0396153 0.0390309 0.0387308 0.0359666 0.033771 0.0321124 0.0311173 0.0290955 0.0275633 0.0274211 0.0254625 0.0244674 0.0235354 0.0212925 0.02164 0.0204711 0.018544 0.0170592 0.0168539 0.015843 0.0158746 0.0142792 0.012826 0.0123995 0.0111675 0.0110411 0.0104093 0.00949315 0.00906667 0.00894031 0.00827689 0.00736075 0.00636562 0.00590755 0.00627085 0.00548107 0.00533891 0.0046755 0.00437538 0.00366458 0.00347503 0.00377515 0.00342764 0.00342764 0.00279582 0.00257468 0.00217979 0.00247991 0.00221138 0.00194286 0.00191127 0.00156376 0.00137422 0.00145319 0.00131103 0.00148479 0.00116887 0.00101092 0.00067921 0.00102671 0.00938258 
0.00203763 0.00614449 0.0102987 0.0144056 0.0190337 0.0237566 0.0264576 0.0320493 0.0333129 0.0402156 0.0440855 0.0466286 0.0483977 0.052931 0.056722 0.0582857 0.0622504 0.0659782 0.0668312 0.0674314 0.0704325 0.0743972 0.0753608 0.0769719 0.0781092 0.0800521 0.0810788 0.0819317 0.0830216 0.0845064 0.086781 0.0860702 0.0868126 0.0840641 0.0851698 0.0848855 0.0853436 0.0835113 0.0827847 0.0815053 0.078283 0.0786147 0.0787726 0.0778249 0.0771141 0.0764349 0.0738286 0.0724544 0.0701956 0.0690899 0.0681738 0.0644934 0.0670207 0.0607498 0.0603392 0.0579224 0.0563745 0.0539577 0.0547001 0.0526467 0.0481608 0.047987 0.045286 0.045744 0.0432009 0.040184 0.0391257 0.0383201 0.0363299 0.0352558 0.0332023 0.0303275 0.0298537 0.0286216 0.0281635 0.0264734 0.0259995 0.0228562 0.0233933 0.0206132 0.0204869 0.0202657 0.0179122 0.0171856 0.0164432 0.0161115 0.0150058 0.0132051 0.0124943 0.0127786 0.011594 0.010125 0.0102355 0.00925622 0.00867178 0.00889292 0.00794518 0.00674472 0.00728177 0.00625505 0.005718 0.00521255 0.00533891 0.00483345 0.00435958 0.0036014 0.00366458 0.00385412 0.0036014 0.00282741 0.00241673 0.00309594 0.00259048 0.00232195 0.00199024 0.00199024 0.00165854 0.00172172 0.00183229 0.00170592 0.00123206 0.0014216 0.0010741 0.000868758 0.000852962 0.0103935 
0.00199024 0.00653938 0.010662 0.0141844 0.0176279 0.0219717 0.0268367 0.0302328 0.0336604 0.0385097 0.0423796 0.0459178 0.0482555 0.0507039 0.0542263 0.0575749 0.060813 0.0628665 0.0663257 0.0664679 0.0706379 0.071633 0.0714277 0.07743 0.0779828 0.0791201 0.0811735 0.0822161 0.0819001 0.082295 0.0840799 0.0823266 0.0861334 0.0833849 0.0848697 0.0846328 0.0838588 0.0840957 0.0800679 0.0824214 0.0800679 0.0786147 0.0792939 0.078283 0.0766876 0.0755345 0.0746184 0.0730704 0.0713487 0.0689951 0.0667364 0.0650147 0.065062 0.0607814 0.0604971 0.0582226 0.0572432 0.0559954 0.0539262 0.0519675 0.0480976 0.0488716 0.0470393 0.0455229 0.0435169 0.0406105 0.0402156 0.0381937 0.0378304 0.0356033 0.0353189 0.0329812 0.0309278 0.0298063 0.0290481 0.0270105 0.0255257 0.0249412 0.0231721 0.0225245 0.0205817 0.0198235 0.0191443 0.0184177 0.0160957 0.0161589 0.0146741 0.0142476 0.0130156 0.012747 0.0119415 0.0109779 0.0106304 0.0100302 0.00906667 0.00851382 0.00770825 0.0078978 0.00736075 0.00669733 0.00663415 0.00576539 0.00595494 0.00499141 0.00477027 0.00417004 0.00396469 0.00386992 0.00349083 0.0032381 0.0028748 0.00296957 0.00281162 0.00230616 0.00263786 0.00205343 0.00197445 0.00195865 0.00172172 0.00192706 0.00112149 0.00131103 0.00153217 0.000916144 0.0010899 0.0118625 
0.00221138 0.00598653 0.00990384 0.0138053 0.0169329 0.022256 0.02581 0.030217 0.0337394 0.0372618 0.0395996 0.0466444 0.0468655 0.0491875 0.0531522 0.0565798 0.0587122 0.0618397 0.0655991 0.0661203 0.0683159 0.0718699 0.0704168 0.0729914 0.0756451 0.0808734 0.0796098 0.0816316 0.0811262 0.0820107 0.0801468 0.0837324 0.0834639 0.0828005 0.0826583 0.0823898 0.08299 0.0838904 0.0803838 0.0800047 0.0810946 0.0783461 0.0783777 0.0779512 0.0762611 0.0769087 0.0740655 0.0738918 0.0693584 0.0687898 0.0678105 0.0657255 0.0642565 0.0619819 0.0599759 0.0578119 0.0587438 0.0553793 0.0544158 0.0519833 0.0510198 0.0496455 0.0473078 0.0453334 0.0438012 0.0434537 0.0413687 0.038715 0.0371354 0.0369459 0.0356507 0.0326495 0.0326179 0.0301538 0.0282741 0.0280056 0.0259364 0.0267577 0.0238198 0.0241041 0.0222086 0.0207712 0.0196655 0.0181965 0.0166328 0.0169329 0.0150058 0.014911 0.0141529 0.0135842 0.0119731 0.0113096 0.0120994 0.0107726 0.00984065 0.00939838 0.00778723 0.00769245 0.00761348 0.00702904 0.00664994 0.00657097 0.00590755 0.00551266 0.00518095 0.00426481 0.00424901 0.0039489 0.00398049 0.00331707 0.00345923 0.0032381 0.00265366 0.00262207 0.00263786 0.00233775 0.00244832 0.00219559 0.00205343 0.00140581 0.00131103 0.00176911 0.00139001 0.00121626 0.00120047 0.0130472 
Angular Collision Densities:
1.34223 0.567931 0.449701 0.401129 0.34853 0.326258 0.305171 0.281004 0.264892 0.27745 0.276976 0.262523 0.265366 0.271763 0.273185 0.263944 0.273896 0.266551 0.280056 0.291192 0.30446 0.324126 0.312279 0.339052 0.372934 0.422927 0.477185 0.580014 0.794676 15.8293 
3.53079 1.52017 1.17401 1.02474 0.933283 0.843248 0.787568 0.760084 0.736627 0.721464 0.703694 0.705115 0.707011 0.702509 0.699903 0.712223 0.705826 0.717673 0.732126 0.766955 0.80368 0.8423 0.840168 0.946788 1.00958 1.10435 1.27731 1.50879 2.11155 16.9607 
5.32888 2.30086 1.77558 1.55144 1.39791 1.27589 1.22732 1.13728 1.14084 1.08634 1.06881 1.05601 1.08563 1.06194 1.07473 1.0816 1.08184 1.08255 1.15955 1.17496 1.22519 1.25267 1.32683 1.43535 1.56258 1.7353 1.94499 2.38166 3.1716 18.0435 
7.04973 2.98181 2.35583 2.03313 1.79809 1.67394 1.61305 1.54599 1.51235 1.45335 1.43392 1.3799 1.41473 1.41544 1.36592 1.39909 1.40431 1.4498 1.48629 1.52751 1.5704 1.69218 1.76658 1.8976 2.03242 2.26319 2.56884 3.14743 4.15274 18.931 
8.54123 3.61324 2.87259 2.46885 2.21818 2.04498 1.94617 1.87344 1.85709 1.73909 1.73767 1.71919 1.69005 1.71232 1.70261 1.70379 1.7545 1.7744 1.78624 1.85804 1.95589 2.03076 2.11108 2.30726 2.50368 2.75246 3.17326 3.69806 5.00333 19.8946 
10.0633 4.2705 3.3384 2.93703 2.60651 2.37218 2.28546 2.19211 2.1016 2.0528 2.01749 1.97271 1.9585 1.95684 1.95186 2.00209 2.03052 2.04877 2.13075 2.17742 2.2658 2.34114 2.49586 2.67261 2.8932 3.17965 3.63267 4.36574 5.82763 20.7163 
11.3555 4.78867 3.73787 3.28983 2.93324 2.7463 2.60959 2.4345 2.37645 2.32503 2.29613 2.28499 2.21391 2.19259 2.235 2.30395 2.31058 2.33641 2.39398 2.43639 2.53496 2.65603 2.83728 2.94059 3.2576 3.60282 4.1172 4.94718 6.49981 21.5802 
12.5892 5.31727 4.18662 3.59358 3.23889 3.03702 2.86785 2.74464 2.65153 2.5667 2.49468 2.49705 2.47027 2.46127 2.49776 2.50344 2.55936 2.52027 2.64608 2.76976 2.8406 2.92613 3.14151 3.30546 3.62272 3.94613 4.54368 5.44427 7.23478 22.3834 
13.7945 5.82597 4.60836 3.87671 3.51468 3.29385 3.09388 2.99342 2.8932 2.81122 2.779 2.74772 2.68801 2.67972 2.67001 2.74914 2.73919 2.847 2.89675 2.97542 3.07493 3.18747 3.41967 3.69712 3.91581 4.28376 4.95168 5.76508 7.80294 23.2122 
14.8591 6.29249 4.95737 4.24657 3.82933 3.58718 3.43388 3.24244 3.11355 2.99319 2.99295 2.94746 2.93964 2.924 2.91595 2.9811 2.99627 3.01309 3.13321 3.16946 3.32134 3.45331 3.72602 3.92647 4.2205 4.67163 5.31561 6.28917 8.3306 23.9543 
15.7786 6.64694 5.22889 4.54913 4.04873 3.84852 3.59855 3.46634 3.33556 3.2659 3.14127 3.10857 3.13203 3.09673 3.10004 3.14719 3.19766 3.27798 3.37631 3.45094 3.53813 3.70446 3.90206 4.1544 4.52875 5.00547 5.58998 6.73034 8.89616 24.6847 
16.7339 7.18123 5.60586 4.79744 4.31125 3.98286 3.81013 3.70849 3.50567 3.40972 3.3801 3.31399 3.31731 3.25168 3.32039 3.34811 3.38034 3.47629 3.55804 3.66347 3.77294 3.94756 4.11838 4.39939 4.75905 5.24927 5.93519 7.15043 9.3134 25.5827 
17.6013 7.49706 5.89539 5.05214 4.60623 4.26671 4.04304 3.89377 3.75422 3.63812 3.60779 3.54287 3.47416 3.49193 3.50946 3.52131 3.62438 3.64546 3.74071 3.85349 3.96225 4.11459 4.38043 4.62756 4.93107 5.45043 6.20933 7.41271 9.77352 26.0435 
18.5865 7.94724 6.20506 5.41891 4.8697 4.50696 4.2551 4.05986 3.92647 3.84165 3.81156 3.68598 3.6874 3.68882 3.69996 3.68882 3.75114 3.80397 3.90988 4.00892 4.10891 4.3257 4.55008 4.84245 5.22652 5.79493 6.58155 7.76124 10.1382 26.7375 
19.5051 8.23535 6.46924 5.60538 5.02584 4.6522 4.3757 4.2641 4.02432 3.97267 3.88358 3.82411 3.86202 3.75848 3.88074 3.8869 3.93832 3.94684 4.10133 4.22477 4.31836 4.57756 4.78701 5.07631 5.44285 6.01741 6.75499 8.07968 10.5654 27.4696 
20.1214 8.57061 6.76683 5.82028 5.25567 4.86022 4.60363 4.41692 4.22832 4.12526 4.02314 4.03712 3.92765 3.91841 3.99305 3.95087 4.04636 4.19136 4.22501 4.32949 4.53136 4.75787 4.9768 5.29287 5.67338 6.16573 7.04357 8.41352 10.9871 28.2103 
20.89 8.86678 6.97794 6.06314 5.47294 5.06517 4.8126 4.49677 4.41408 4.25486 4.26126 4.20226 4.17572 4.1544 4.12123 4.13473 4.24396 4.26173 4.3738 4.49061 4.64912 4.896 5.19122 5.41868 5.8371 6.41309 7.22909 8.70566 11.2548 28.7135 
21.7221 9.15536 7.15351 6.19985 5.61367 5.15852 4.89411 4.76995 4.56098 4.36243 4.38659 4.30177 4.27026 4.22382 4.33542 4.29087 4.34395 4.40152 4.57188 4.67992 4.81284 4.99457 5.23103 5.62007 5.98282 6.6088 7.57288 8.88123 11.6647 29.3156 
22.4166 9.42902 7.44802 6.37589 5.88307 5.36797 5.0256 4.88866 4.70077 4.57709 4.50767 4.44441 4.34347 4.38825 4.39418 4.41195 4.50056 4.56903 4.63893 4.76711 4.95168 5.16634 5.44924 5.82715 6.22544 6.79763 7.72333 9.1139 11.9908 29.9165 
22.9402 9.75362 7.66126 6.52634 5.97168 5.5407 5.21018 5.01139 4.85928 4.66144 4.59249 4.59675 4.55742 4.49724 4.51762 4.5162 4.59296 4.66831 4.76261 4.91448 5.159 5.29524 5.60799 5.87051 6.37447 7.04665 7.86715 9.37903 12.1467 30.3055 
23.4849 9.98487 7.89866 6.8308 6.12024 5.68096 5.34144 5.11398 5.00783 4.79625 4.66736 4.66191 4.63632 4.68774 4.59889 4.65978 4.73583 4.83321 4.90951 5.04882 5.2251 5.40304 5.71935 5.99253 6.57539 7.13313 8.17493 9.58184 12.4523 30.9701 
24.2372 10.246 8.05623 6.93269 6.27046 5.78095 5.50919 5.29239 5.05641 4.94576 4.87444 4.8171 4.74555 4.72328 4.71238 4.75716 4.80905 4.93462 5.04077 5.16279 5.34167 5.60112 5.80749 6.18184 6.70144 7.40655 8.2979 9.79414 12.7703 31.4485 
24.7174 10.4258 8.22871 7.1137 6.40811 5.98163 5.61273 5.3656 5.18269 5.0057 4.9223 4.91946 4.9024 4.79862 4.86188 4.9005 4.94979 5.00499 5.09171 5.29903 5.51558 5.7184 5.93875 6.2451 6.82393 7.44731 8.44077 9.96591 13.0719 31.9306 
25.255 10.7504 8.39836 7.26226 6.519 6.13825 5.76152 5.55349 5.30187 5.17108 5.08128 5.02797 4.93841 4.89126 4.96448 5.06446 5.03532 5.13862 5.24145 5.44806 5.54947 5.82478 6.07427 6.51639 7.01443 7.7122 8.63624 10.0922 13.2863 32.2604 
25.6668 10.9575 8.49692 7.46271 6.65618 6.15981 5.8608 5.55539 5.4201 5.25733 5.14976 5.07347 5.00191 5.07844 5.08294 5.06304 5.12701 5.22629 5.30163 5.4862 5.59472 5.84871 6.22354 6.66258 7.12437 7.73044 8.74855 10.2839 13.5877 32.8376 
26.3255 11.0352 8.704 7.50441 6.82772 6.37257 5.97879 5.70987 5.53762 5.35115 5.29689 5.18198 5.17179 5.1462 5.16184 5.18885 5.23079 5.36016 5.47507 5.59425 5.86648 5.99538 6.26524 6.74361 7.28714 7.88184 8.97008 10.4748 13.5678 33.1158 
26.7107 11.4368 8.99567 7.61553 6.89217 6.42849 6.04181 5.84326 5.62836 5.44024 5.33528 5.31372 5.24453 5.23695 5.23671 5.2822 5.3694 5.46488 5.55373 5.7056 5.8525 6.08707 6.43133 6.85 7.33784 8.08418 9.03358 10.5632 13.8104 33.4854 
27.1612 11.5716 9.04851 7.76669 6.94595 6.51142 6.23041 5.83616 5.72385 5.53596 5.43858 5.40849 5.36016 5.33836 5.34428 5.37058 5.43526 5.51937 5.61533 5.81365 5.98661 6.10152 6.5036 6.9469 7.37172 8.07115 9.14802 10.7478 14.0433 34.078 
27.6841 11.6813 9.2063 7.9297 7.14474 6.63889 6.23302 5.97026 5.83924 5.59709 5.52293 5.39593 5.36726 5.35684 5.40091 5.42508 5.43076 5.57197 5.61912 5.84089 6.0276 6.23847 6.55715 7.01988 7.51128 8.21023 9.26032 10.9151 14.0485 34.4028 
27.9549 11.8818 9.24421 7.98917 7.25231 6.71494 6.41262 6.05295 5.86269 5.74707 5.69589 5.57885 5.43052 5.47791 5.45659 5.55776 5.53738 5.65206 5.7537 5.93377 6.20435 6.40598 6.62988 7.03623 7.62406 8.33296 9.37429 11.1485 14.2805 34.7847 
28.3868 12.0528 9.50034 8.09271 7.40253 6.8391 6.46237 6.16905 5.88473 5.78735 5.6831 5.61273 5.5471 5.56392 5.58951 5.61841 5.61249 5.75465 5.83971 6.01931 6.21027 6.42707 6.72561 7.19 7.72073 8.4448 9.45959 11.1935 14.5065 35.1406 
28.6673 12.1786 9.58824 8.24032 7.47171 6.8879 6.52374 6.25529 6.05058 5.80535 5.83023 5.63689 5.63666 5.63002 5.61889 5.63642 5.76484 5.8525 5.89563 6.16431 6.31855 6.4465 6.87322 7.19237 7.78423 8.52938 9.64463 11.3878 14.6418 35.2534 
28.9481 12.3793 9.54701 8.27729 7.58236 6.92984 6.60548 6.31334 6.09204 5.94823 5.81578 5.66556 5.66627 5.65158 5.6613 5.73333 5.81554 5.83308 5.916 6.09157 6.33893 6.62159 6.94098 7.3305 7.90601 8.6026 9.74438 11.396 14.8349 35.6109 
29.4345 12.4568 9.85692 8.48816 7.60439 7.06726 6.578 6.37613 6.16218 6.00698 5.9333 5.7229 5.79043 5.69921 5.73617 5.79967 5.7973 5.94041 6.01409 6.17142 6.46569 6.67538 7.03007 7.38855 7.96453 8.74618 9.75196 11.4659 14.8659 35.8396 
29.608 12.6421 9.86024 8.49266 7.76551 7.10802 6.73011 6.43678 6.21643 6.102 5.89871 5.89397 5.76744 5.77526 5.76176 5.84137 5.85985 6.05437 6.16952 6.2932 6.48772 6.75214 7.01964 7.48024 8.12138 8.84498 9.76547 11.5503 15.0785 36.0303 
30.0484 12.6781 10.0294 8.64524 7.73826 7.2516 6.83388 6.42849 6.28965 6.10958 5.97761 5.92927 5.91837 5.85108 5.82455 5.89515 5.97073 5.98803 6.17 6.29415 6.55643 6.80356 7.09167 7.58354 8.11783 8.81228 9.98582 11.7458 15.0953 36.385 
30.3121 12.8802 10.0993 8.7014 7.86052 7.27932 6.87535 6.51213 6.35646 6.20388 6.06077 5.97713 5.9179 5.85487 5.96694 5.8942 6.03139 6.08849 6.22852 6.32613 6.60619 6.83483 7.23715 7.7103 8.17161 8.87294 10.0453 11.664 15.2846 36.7529 
30.6192 13.025 10.2225 8.72225 7.94795 7.35538 6.96112 6.56236 6.34533 6.25411 6.08707 6.02831 5.88947 5.91032 5.97429 6.00817 6.04892 6.12332 6.26382 6.41309 6.62372 6.87345 7.20089 7.65699 8.2979 9.0504 10.0922 11.8694 15.2898 36.9233 
30.8464 13.0593 10.2464 8.85967 8.0105 7.40584 6.97936 6.67917 6.51331 6.2143 6.23207 6.09181 5.98756 5.97381 6.02428 6.02215 6.12593 6.25885 6.34154 6.45266 6.71186 6.9469 7.23051 7.76361 8.28345 9.03026 10.2777 11.9967 15.5246 37.1458 
31.1286 13.269 10.3043 8.92743 8.16522 7.48095 6.97699 6.78958 6.51071 6.39224 6.14749 6.10721 6.05532 6.052 6.08541 6.06717 6.22615 6.25979 6.38679 6.51687 6.73295 6.99334 7.38641 7.78352 8.32775 9.04448 10.1704 12.0062 15.5531 37.3607 
31.3265 13.2422 10.4443 9.04732 8.17801 7.54611 7.10873 6.78389 6.5517 6.4138 6.31547 6.17663 6.15341 6.12901 6.14654 6.16881 6.26335 6.35243 6.45597 6.54222 6.73958 7.07105 7.4248 7.87071 8.44053 9.23592 10.2995 12.0874 15.7049 37.5467 
31.6503 13.4342 10.5251 9.12788 8.25501 7.57549 7.16346 6.88127 6.61472 6.40503 6.32685 6.24866 6.13138 6.11645 6.11195 6.19227 6.22023 6.32495 6.5235 6.63178 6.87037 7.10731 7.53308 7.87734 8.46162 9.28165 10.4095 12.2113 15.6485 37.8988 
31.874 13.5367 10.535 9.16508 8.26212 7.64965 7.18857 6.88009 6.67869 6.64173 6.37163 6.26714 6.19843 6.16218 6.15507 6.24013 6.20246 6.32779 6.54719 6.67964 6.87464 7.17033 7.47029 7.96074 8.49266 9.25345 10.4277 12.2751 15.8758 38.017 
31.7029 13.5955 10.6954 9.14778 8.29648 7.69538 7.29591 6.94098 6.75972 6.53132 6.35409 6.29178 6.24487 6.18682 6.24226 6.18705 6.39674 6.46427 6.51616 6.75546 6.9405 7.18028 7.53876 7.96998 8.5481 9.34136 10.4969 12.3871 15.862 38.1466 
32.0458 13.7166 10.7014 9.23118 8.32301 7.64064 7.25492 6.94311 6.74314 6.54577 6.38821 6.30576 6.33869 6.34627 6.32685 6.21999 6.35433 6.39437 6.59458 6.69291 6.85853 7.24212 7.50986 7.95814 8.59833 9.34633 10.4753 12.3732 16.0077 38.43 
32.3519 13.7294 10.7923 9.26956 8.41139 7.75864 7.326 6.92747 6.77939 6.52279 6.49436 6.37755 6.40006 6.31689 6.22094 6.36973 6.39011 6.5145 6.59458 6.76375 6.97439 7.2843 7.58425 8.13181 8.64335 9.47712 10.6402 12.3547 15.9686 38.3001 
32.5133 13.8407 10.844 9.39277 8.38319 7.79512 7.41011 7.11773 6.76683 6.64789 6.43607 6.33609 6.40432 6.24724 6.30268 6.3413 6.38229 6.41404 6.62467 6.85023 7.03386 7.31652 7.64515 8.05694 8.67628 9.55057 10.6388 12.4701 16.1546 38.43 
32.6587 13.8156 10.8203 9.33851 8.44954 7.83138 7.46294 7.05471 6.84857 6.74882 6.44721 6.50952 6.35196 6.29652 6.32092 6.34106 6.45953 6.48464 6.65761 6.79811 7.00424 7.32813 7.68993 8.11096 8.68765 9.46148 10.7336 12.4085 16.084 38.5816 
32.8724 13.9391 10.8895 9.45911 8.53625 7.86431 7.44541 7.06655 6.87013 6.60738 6.51924 6.45692 6.40172 6.30481 6.36618 6.39793 6.48607 6.51947 6.62894 6.98955 7.09593 7.35395 7.70319 8.13986 8.66041 9.57592 10.772 12.5423 16.2338 38.6851 
32.9743 13.9556 10.9831 9.47309 8.59786 7.8681 7.51175 7.15611 6.84265 6.72489 6.4863 6.45953 6.39721 6.47469 6.4446 6.3984 6.45289 6.52279 6.82156 6.88743 7.14048 7.30609 7.74158 8.19128 8.754 9.57331 10.7364 12.5684 16.2911 38.9512 
33.0265 13.9834 11.0395 9.47285 8.57535 7.90625 7.49114 7.14142 6.96159 6.75688 6.56852 6.56544 6.46616 6.32874 6.40646 6.43181 6.51734 6.65405 6.76399 6.83625 7.18597 7.42669 7.73092 8.21758 8.77224 9.59108 10.821 12.6527 16.2342 38.9969 
33.1373 13.972 11.097 9.51621 8.5308 7.99604 7.49209 7.20492 6.88246 6.76849 6.63391 6.49199 6.4619 6.42612 6.45787 6.38679 6.48535 6.62135 6.72774 6.90591 7.13005 7.40869 7.79678 8.28368 8.7874 9.61478 10.6499 12.6703 16.2366 39.1967 
33.338 14.1876 11.0719 9.57876 8.61586 7.93065 7.50915 7.21819 6.92866 6.81659 6.6377 6.51426 6.50834 6.44105 6.50407 6.4818 6.53227 6.66637 6.87606 6.9424 7.14214 7.44588 7.76669 8.25644 8.83432 9.59203 10.8689 12.7331 16.4427 39.2251 
33.3082 14.2186 11.1011 9.56147 8.67462 7.98396 7.52668 7.23786 7.00542 6.76944 6.66732 6.56212 6.51521 6.37115 6.4382 6.50241 6.54743 6.69646 6.74456 6.97533 7.19545 7.51246 7.86952 8.28202 8.81133 9.66501 10.7909 12.6992 16.2705 39.2803 
33.4276 14.253 11.1198 9.59961 8.68694 8.01524 7.53758 7.22103 6.92345 6.80119 6.67395 6.54909 6.49294 6.42399 6.48915 6.46687 6.61425 6.76067 6.83483 6.94809 7.20161 7.48285 7.75698 8.34339 8.89782 9.71168 10.8629 12.7411 16.3165 39.3566 
33.4546 14.1272 11.1527 9.63966 8.66917 8.04627 7.61814 7.23075 6.96064 6.79953 6.68675 6.56307 6.53819 6.56449 6.51805 6.55359 6.65026 6.75712 6.85047 6.98718 7.14545 7.48758 7.86573 8.28534 8.87483 9.71358 10.816 12.7899 16.4129 39.3824 
33.6084 14.222 11.1764 9.60743 8.72343 8.07565 7.51862 7.25231 7.05163 6.86895 6.69741 6.60477 6.57349 6.4908 6.50052 6.51924 6.61235 6.7384 6.8083 6.98552 7.24686 7.45939 7.8726 8.31851 8.95326 9.67259 10.9122 12.7674 16.6084 39.3777 
33.7654 14.3468 11.1745 9.66524 8.72959 8.20881 7.66623 7.27458 6.9732 6.85521 6.69717 6.60738 6.55099 6.49483 6.54506 6.49341 6.58581 6.71234 6.85142 6.94619 7.2362 7.52502 7.89843 8.33486 8.91393 9.5944 10.9167 12.78 16.3949 39.4507 
33.7221 14.28 11.2117 9.67638 8.61397 8.13015 7.55108 7.29519 7.04831 6.82701 6.7365 6.63415 6.62443 6.58581 6.60335 6.55643 6.54672 6.7602 6.91207 7.00116 7.25728 7.52763 7.90151 8.34007 8.89165 9.71879 10.89 12.8357 16.5096 39.4713 
33.9133 14.3314 11.248 9.76807 8.7649 8.09319 7.65628 7.32078 7.01822 6.87227 6.6967 6.64386 6.55667 6.59197 6.52966 6.54364 6.62396 6.75451 6.81493 6.9687 7.27932 7.55535 7.84322 8.29837 9.035 9.70315 10.9317 12.7887 16.4318 39.3924 
33.765 14.2378 11.3515 9.66619 8.73054 8.12138 7.67453 7.31036 7.08811 6.82962 6.78531 6.60951 6.62728 6.58771 6.57255 6.63415 6.5671 6.64528 6.90165 7.02959 7.30538 7.56956 7.88089 8.3768 8.93478 9.75386 10.8783 12.8875 16.6195 39.4725 
33.9062 14.4705 11.1854 9.67851 8.75471 8.1683 7.71409 7.37267 7.20161 6.86161 6.66069 6.52255 6.49957 6.53535 6.578 6.52421 6.67158 6.73224 6.89549 7.10233 7.33073 7.52526 7.87687 8.32657 8.90469 9.74604 10.9272 12.8572 16.5314 39.6066 
33.9391 14.4655 11.3603 9.70789 8.8618 8.13749 7.61434 7.34803 7.07935 6.81919 6.80877 6.67419 6.58273 6.46853 6.56141 6.65121 6.63012 6.77797 6.92605 7.02296 7.22933 7.44304 7.87663 8.41494 8.92175 9.80267 10.9264 12.7669 16.5794 39.4436 
33.8517 14.3828 11.2176 9.73846 8.7412 8.14602 7.7186 7.36367 6.98884 6.84526 6.65192 6.61804 6.63059 6.54554 6.55099 6.58036 6.58842 6.72774 6.91184 7.06229 7.33263 7.61956 7.8989 8.34197 8.96013 9.64345 10.8641 12.7878 16.5977 39.5094 
33.95 14.4219 11.1591 9.73514 8.85138 8.11593 7.67784 7.39257 7.06016 6.83839 6.77892 6.64694 6.6422 6.55501 6.6024 6.6659 6.66779 6.77323 6.86871 7.01087 7.2869 7.49446 7.88232 8.3749 8.94236 9.74912 10.9409 12.7802 16.5351 39.314 
34.0822 14.4871 11.2752 9.78039 8.7431 8.05907 7.63117 7.34211 7.05352 6.97154 6.77702 6.68983 6.59245 6.6505 6.54933 6.6159 6.61472 6.7583 6.85402 7.09735 7.27529 7.56032 7.82735 8.38367 8.92506 9.77589 10.9911 12.8399 16.5555 39.3647 
34.1201 14.5082 11.2219 9.78205 8.7566 8.20455 7.68614 7.41319 7.03765 6.89027 6.74954 6.69788 6.66282 6.47919 6.49365 6.55407 6.59837 6.72987 6.90283 7.07058 7.30301 7.62311 7.92354 8.42679 8.84735 9.70363 10.9783 12.8124 16.4899 39.49 
34.149 14.403 11.325 9.68609 8.7739 8.07257 7.71267 7.39328 7.02959 6.87345 6.76209 6.64457 6.63012 6.51023 6.53013 6.62657 6.61567 6.77276 6.86161 7.0502 7.28074 7.58615 7.89511 8.36566 8.97553 9.7984 10.9203 12.9091 16.5579 39.449 
34.0166 14.484 11.3013 9.79319 8.76655 8.14958 7.63922 7.35395 7.08432 6.8635 6.77512 6.64979 6.54222 6.61046 6.5562 6.66092 6.74338 6.74835 6.92463 7.10896 7.2388 7.61719 7.89724 8.30335 8.95089 9.70576 11.0108 12.7378 16.4389 39.2891 
33.9818 14.5113 11.3942 9.8183 8.85019 8.19033 7.72239 7.31462 7.09451 6.91136 6.62586 6.61733 6.56804 6.53085 6.53606 6.53535 6.63557 6.6967 6.92108 7.10683 7.33002 7.50678 7.94534 8.34623 8.86607 9.76949 10.9215 12.7868 16.4778 39.4194 
33.8801 14.4079 11.2868 9.77352 8.80209 8.13465 7.743 7.37954 7.11418 6.82299 6.73793 6.65429 6.62704 6.60856 6.50241 6.59174 6.63723 6.78294 6.92581 7.08835 7.31676 7.50038 7.8572 8.33415 8.9715 9.74533 10.9532 12.7582 16.451 39.1995 
34.0327 14.4115 11.3245 9.72519 8.79522 8.11854 7.58307 7.33239 7.03954 6.90165 6.7275 6.70239 6.61448 6.53013 6.52611 6.55122 6.62704 6.7185 6.89217 7.02722 7.23833 7.54777 7.85554 8.36614 8.90303 9.79982 10.9466 12.739 16.5017 39.1571 
33.9685 14.42 11.3169 9.81309 8.77651 8.10883 7.69016 7.30894 7.10304 6.86326 6.70523 6.6005 6.61851 6.53606 6.53203 6.57373 6.70902 6.71447 6.89549 7.03196 7.19497 7.54611 7.87 8.32633 8.92411 9.78016 10.9238 12.8501 16.3856 39.1351 
33.7669 14.3885 11.2612 9.72377 8.75968 8.13844 7.67239 7.28903 7.09522 6.96207 6.67111 6.6486 6.55241 6.5171 6.56544 6.5171 6.61662 6.69836 6.8462 7.08385 7.20089 7.4973 7.89227 8.37751 9.01936 9.73561 10.8224 12.7373 16.3726 39.2661 
33.955 14.3641 11.2328 9.6579 8.71893 8.19128 7.64917 7.30799 7.05802 6.85616 6.77702 6.58463 6.57018 6.587 6.54151 6.48915 6.60287 6.68699 6.85426 7.02272 7.21558 7.46745 7.90909 8.42584 8.89118 9.77755 10.7734 12.7231 16.3302 39.092 
33.8661 14.3381 11.1977 9.69154 8.68955 8.0984 7.71291 7.26534 6.9995 6.88293 6.70855 6.59956 6.47777 6.587 6.52516 6.51995 6.60974 6.69717 6.80972 7.04191 7.1708 7.48972 7.93634 8.2889 8.80446 9.62117 10.8456 12.7217 16.3179 39.0704 
33.7643 14.33 11.1774 9.6117 8.61136 8.06002 7.68566 7.37741 7.05802 6.86232 6.76825 6.5742 6.59292 6.55004 6.54198 6.56496 6.63273 6.72324 6.83531 7.01632 7.25373 7.45133 7.78043 8.20431 8.9144 9.58563 10.8743 12.7186 16.3221 38.8939 
33.8261 14.2864 11.3079 9.74817 8.65567 8.09745 7.59492 7.30207 7.04286 6.8308 6.69267 6.58771 6.55051 6.53037 6.50644 6.59008 6.57539 6.72347 6.82322 6.94738 7.20492 7.4928 7.78731 8.19886 8.84024 9.67899 10.8497 12.6269 16.3288 38.7638 
33.8458 14.4572 11.1698 9.6098 8.69761 8.0259 7.55582 7.21179 7.06869 6.84478 6.69741 6.66187 6.52682 6.50455 6.49815 6.53582 6.60832 6.67419 6.71779 6.96917 7.16038 7.46887 7.84725 8.27397 8.80683 9.65198 10.7236 12.6947 16.2605 38.8093 
33.8005 14.276 11.2319 9.6778 8.7476 8.05338 7.63496 7.23383 7.01751 6.8045 6.70926 6.55193 6.49033 6.56046 6.52445 6.49886 6.56283 6.73485 6.86753 7.02817 7.21985 7.51246 7.77712 8.27515 8.81939 9.60554 10.7973 12.5265 16.3591 38.8548 
33.5804 14.1774 11.1641 9.66335 8.70258 7.96548 7.62856 7.27197 7.0431 6.83981 6.71873 6.62159 6.44271 6.50194 6.42494 6.50265 6.65121 6.73579 6.80142 6.90662 7.1727 7.42835 7.78067 8.25549 8.75897 9.63658 10.7857 12.6345 16.3041 38.6681 
33.6043 14.294 11.1307 9.6098 8.72556 8.06499 7.58236 7.22056 7.00661 6.75522 6.65737 6.52255 6.5017 6.37234 6.5017 6.53938 6.53961 6.64908 6.75427 6.96633 7.17649 7.40774 7.79963 8.1927 8.78527 9.56241 10.7627 12.5454 16.184 38.7131 
33.2198 14.1945 11.1039 9.56407 8.68623 8.07092 7.57312 7.21085 7.0367 6.77181 6.64789 6.65761 6.45289 6.50052 6.4337 6.49981 6.47848 6.65287 6.76991 6.95922 7.15303 7.42717 7.72002 8.20218 8.70495 9.54441 10.7016 12.4776 16.1866 38.3515 
33.4963 14.0182 11.175 9.61383 8.62392 7.9823 7.62169 7.20611 6.99476 6.76517 6.60335 6.55217 6.46474 6.45266 6.51971 6.53511 6.50834 6.57539 6.74006 6.89762 7.06726 7.38262 7.75129 8.14792 8.7258 9.59724 10.7082 12.5497 16.2281 38.4103 
33.3572 14.19 11.0729 9.55152 8.63908 7.9643 7.53947 7.20303 6.9334 6.69528 6.57018 6.54459 6.43086 6.42162 6.50692 6.4048 6.4619 6.61022 6.74456 6.95046 7.10849 7.34827 7.7937 8.12731 8.7611 9.48257 10.6153 12.4696 15.9262 38.3278 
33.3871 14.0988 11.1101 9.5617 8.64761 8.05078 7.50654 7.18786 6.94216 6.74148 6.66282 6.47351 6.45218 6.4048 6.4311 6.47754 6.53416 6.64813 6.6614 6.94998 7.06869 7.39565 7.65273 8.17398 8.70993 9.52498 10.6345 12.5326 16.112 38.2594 
33.3274 14.0293 11.1454 9.57805 8.67225 7.9733 7.43712 7.13455 6.88364 6.79266 6.57705 6.52492 6.44294 6.37708 6.39532 6.43062 6.47635 6.57397 6.71542 6.9379 7.06892 7.31723 7.73968 8.14981 8.68221 9.32264 10.6106 12.4165 16.0686 38.0362 
33.2231 14.0642 11.0264 9.58895 8.55876 7.9714 7.43404 7.15682 6.90568 6.68746 6.52469 6.4683 6.35054 6.39816 6.40243 6.39011 6.4093 6.57207 6.66211 6.83578 7.06039 7.33784 7.64704 8.02163 8.68126 9.54512 10.6642 12.3743 15.8774 38.1411 
33.2508 14.0398 11.0435 9.43708 8.51517 7.91762 7.47574 7.19663 6.87511 6.71305 6.67703 6.44697 6.36902 6.43323 6.43157 6.37589 6.4972 6.53535 6.6813 6.84928 7.0303 7.29425 7.70604 8.09342 8.53483 9.36244 10.5682 12.2914 15.9006 37.966 
33.2466 14.1158 11.0459 9.55815 8.58388 7.98207 7.50938 7.12247 6.89928 6.68888 6.59079 6.45455 6.45384 6.40954 6.40361 6.43299 6.47351 6.51521 6.68059 6.78839 6.99168 7.31178 7.62098 8.15147 8.70377 9.47238 10.4893 12.4359 15.8788 37.8599 
32.9634 13.9661 10.9644 9.47262 8.48508 7.89416 7.4665 7.08219 6.91634 6.69575 6.5479 6.46 6.34035 6.34604 6.34154 6.34367 6.38253 6.4972 6.646 6.80166 7.11086 7.26534 7.68519 8.03467 8.59691 9.34538 10.4888 12.3746 15.7924 37.7573 
32.9085 13.9912 10.8949 9.43494 8.45972 7.89843 7.44091 6.99073 6.84526 6.57184 6.52208 6.36333 6.39366 6.36689 6.31595 6.38916 6.45029 6.57326 6.63984 6.80569 7.02935 7.23572 7.60558 7.97567 8.58293 9.34846 10.3858 12.2094 15.7893 37.5552 
32.8056 13.9921 10.9726 9.40746 8.53365 7.82285 7.38239 7.03433 6.79384 6.65595 6.48322 6.37897 6.37565 6.30292 6.34983 6.33372 6.41759 6.54672 6.67869 6.72608 7.02248 7.19995 7.59349 7.96738 8.5128 9.36031 10.4791 12.2637 15.8343 37.6981 
32.7246 13.909 10.916 9.41267 8.43248 7.85768 7.40892 7.08717 6.86421 6.6922 6.50526 6.39982 6.37494 6.30339 6.29296 6.3811 6.42636 6.53132 6.56236 6.71873 6.92345 7.22246 7.53071 7.95814 8.58956 9.25677 10.4748 12.2324 15.6616 37.436 
32.7227 13.9 10.8426 9.40438 8.44006 7.89014 7.35703 7.02888 6.77465 6.61899 6.39153 6.41262 6.32708 6.28301 6.28728 6.33182 6.39532 6.40811 6.55549 6.7185 6.9642 7.22435 7.5435 7.99628 8.45048 9.33425 10.3533 12.1604 15.5443 37.2891 
32.6568 13.8701 10.8421 9.35486 8.40452 7.79465 7.35111 7.07271 6.75878 6.61875 6.45574 6.41522 6.30765 6.20885 6.28917 6.32803 6.30268 6.44365 6.655 6.73011 6.87961 7.13266 7.54658 7.96074 8.46209 9.26151 10.3232 12.0967 15.6211 37.2271 
32.2713 13.8341 10.7637 9.48612 8.42821 7.83043 7.28572 7.01561 6.72916 6.58368 6.43252 6.31429 6.34485 6.24344 6.26595 6.26287 6.34935 6.36831 6.55572 6.6223 6.83246 7.12223 7.51602 7.96595 8.46494 9.16745 10.3988 12.1142 15.585 37.0735 
32.499 13.7365 10.704 9.35249 8.40902 7.73968 7.25563 6.99476 6.7429 6.56378 6.40456 6.29747 6.28633 6.22567 6.22875 6.29202 6.3394 6.39461 6.54032 6.73698 6.8391 7.09617 7.44328 7.83872 8.47821 9.14825 10.4436 12.027 15.5268 36.9726 
32.2569 13.7052 10.7125 9.24421 8.32917 7.69182 7.26013 6.94287 6.74266 6.57231 6.4311 6.31571 6.28917 6.14843 6.18397 6.238 6.31405 6.33822 6.48109 6.69907 6.82843 7.15114 7.40608 7.78257 8.42561 9.24634 10.1455 12.0076 15.287 36.8534 
32.1875 13.6171 10.6793 9.20014 8.27657 7.79963 7.22435 6.99263 6.69078 6.47635 6.3368 6.27282 6.18018 6.16194 6.23184 6.20246 6.28491 6.35883 6.47493 6.63581 6.86018 7.09072 7.45252 7.90554 8.42963 9.11698 10.2905 11.9175 15.3889 36.7492 
32.0588 13.5474 10.567 9.1954 8.33486 7.66315 7.20397 6.89833 6.62846 6.5235 6.31666 6.28965 6.18634 6.15578 6.20009 6.18445 6.28443 6.40338 6.4664 6.58889 6.82796 7.06063 7.31178 7.77262 8.39267 9.13641 10.1012 11.836 15.236 36.5196 
31.9617 13.5517 10.5182 9.17834 8.27373 7.70177 7.25515 6.90781 6.63581 6.46474 6.39864 6.23515 6.22473 6.15696 6.16194 6.07949 6.21241 6.35883 6.43252 6.60832 6.81209 7.06442 7.41437 7.76883 8.33439 9.08831 10.1391 11.9564 15.2917 36.2769 
31.8553 13.5569 10.5805 9.13641 8.24056 7.6468 7.22198 6.81209 6.60927 6.44389 6.38821 6.17071 6.14512 6.15957 6.13517 6.14559 6.20743 6.28041 6.4311 6.51 6.76257 6.99571 7.28666 7.77333 8.22658 9.03263 10.1311 11.7839 15.2443 36.2002 
31.9067 13.4076 10.6026 9.05798 8.13939 7.57478 7.17341 6.84004 6.58771 6.40859 6.28064 6.21715 6.12024 6.14678 6.06859 6.0411 6.22236 6.16265 6.36286 6.52066 6.69859 6.9822 7.32837 7.70675 8.21876 9.03216 10.1083 11.8109 15.106 36.0594 
31.6387 13.4623 10.5395 9.04163 8.13465 7.62809 7.10351 6.79905 6.59577 6.42731 6.30694 6.13469 6.18871 6.00983 6.0302 6.10555 6.23089 6.21596 6.30742 6.50502 6.70594 6.91278 7.26581 7.76385 8.24364 8.94994 10.0377 11.8168 15.1353 36.1116 
31.5015 13.3515 10.4947 9.03097 8.14768 7.52573 7.17412 6.85568 6.62135 6.43655 6.23278 6.18753 6.15839 6.09868 6.07498 5.99727 6.09252 6.16573 6.39319 6.53511 6.70381 6.87511 7.208 7.6859 8.21545 8.91227 9.987 11.6396 15.0778 36.0429 
31.4208 13.3917 10.5004 9.0023 8.18891 7.51696 7.1637 6.83459 6.47374 6.4157 6.22875 6.1373 6.09584 6.02997 5.9596 6.04418 6.16028 6.24368 6.33727 6.42849 6.66898 6.92463 7.30609 7.65415 8.20147 8.92909 9.94198 11.6913 14.9534 35.5742 
31.2345 13.2363 10.423 8.94805 8.11001 7.55085 7.08598 6.70499 6.45005 6.33348 6.18966 6.10176 6.111 5.99158 6.01623 6.01172 6.11526 6.10555 6.30126 6.40574 6.64908 6.92439 7.10162 7.67263 8.04935 8.92862 9.9652 11.6382 14.8468 35.7225 
31.2734 13.1939 10.3291 8.99046 8.09532 7.54232 7.03765 6.69315 6.53701 6.29841 6.27543 6.1245 6.02357 6.03968 5.98353 5.98163 6.11858 6.17544 6.26974 6.45053 6.63036 6.90236 7.13977 7.57146 8.09982 8.81821 9.95549 11.5472 14.8832 35.4602 
31.1428 13.2079 10.2926 9.00704 8.09745 7.41508 6.90094 6.73224 6.51402 6.3086 6.19511 6.11361 5.98732 5.96576 6.03802 5.97784 6.0077 6.20293 6.26145 6.41451 6.56449 6.79171 7.16393 7.60108 8.04533 8.85327 9.86095 11.4771 14.9529 35.4003 
31.0445 13.2422 10.3538 8.82721 7.96903 7.44186 6.95472 6.61946 6.45905 6.22378 6.11763 6.03684 6.01575 5.9224 5.98377 5.90487 6.03518 6.11266 6.23065 6.41664 6.51616 6.85639 7.07342 7.54777 8.10409 8.7848 9.82612 11.4648 14.6157 35.1432 
30.782 13.2325 10.3066 8.80683 8.04248 7.36319 6.95851 6.64268 6.42565 6.22425 6.19535 6.07996 5.96765 5.98803 5.95391 5.96789 6.05556 6.1091 6.16739 6.3285 6.58392 6.79171 7.10091 7.50393 7.96856 8.71182 9.85669 11.4967 14.8565 35.0053 
30.8682 13.1171 10.2571 8.89047 7.88658 7.3767 6.9533 6.64031 6.36784 6.19985 6.14346 6.07806 5.94823 5.92714 5.92548 5.93401 6.00698 6.05342 6.17758 6.31642 6.50218 6.68059 7.06134 7.48569 7.98988 8.74452 9.7984 11.4297 14.6968 34.8999 
30.7242 13.0053 10.204 8.85517 7.92212 7.4011 6.93837 6.64244 6.31429 6.17924 6.05413 6.03376 5.92856 5.82715 5.83236 5.86435 6.04016 6.12711 6.22686 6.31381 6.52018 6.74409 6.95638 7.41603 7.93894 8.60757 9.78726 11.438 14.6328 34.6279 
30.6545 12.9811 10.2 8.82792 7.85933 7.3222 6.91278 6.54625 6.35765 6.21383 6.12048 5.99111 5.90937 5.9359 5.78521 5.87975 5.94325 6.01836 6.13161 6.29604 6.49057 6.68343 7.06134 7.36604 7.98633 8.61373 9.71121 11.2868 14.639 34.648 
30.6225 12.8736 10.1761 8.74239 7.84038 7.32979 6.81848 6.58747 6.2669 6.1482 6.02665 5.90747 5.88023 5.80062 5.81602 5.91363 5.95107 5.99182 6.0719 6.2643 6.36475 6.58747 7.07793 7.38144 7.88611 8.618 9.57142 11.3283 14.5174 34.4985 
30.4915 12.8551 10.1514 8.69239 7.82095 7.22293 6.83459 6.47138 6.33466 6.18469 5.95723 5.87786 5.84066 5.82123 5.84848 5.80441 5.90629 5.98613 6.10579 6.24913 6.48464 6.70973 6.97415 7.35988 7.85436 8.61586 9.64866 11.2288 14.497 34.3102 
30.2107 12.8096 10.074 8.70187 7.84322 7.25326 6.85829 6.46261 6.35243 6.1399 6.01149 5.94538 5.85701 5.74991 5.89894 5.87288 5.92595 6.01765 6.08091 6.23089 6.38324 6.69291 6.89004 7.32055 7.86549 8.54004 9.54275 11.1558 14.5027 34.1637 
30.3614 12.7399 10.041 8.67368 7.79631 7.22459 6.8083 6.50668 6.29984 6.0783 6.01599 5.86198 5.85321 5.85511 5.78616 5.81933 5.88994 5.92193 6.08067 6.2143 6.31429 6.62112 6.91728 7.28572 7.87805 8.49218 9.5373 11.1868 14.4608 34.1254 
30.1169 12.7544 9.87872 8.60046 7.8482 7.13479 6.73437 6.45218 6.24226 6.11076 5.95154 5.8281 5.83 5.88994 5.75749 5.72077 5.88259 5.8961 5.98519 6.21643 6.37494 6.58558 6.93979 7.27245 7.78636 8.54834 9.58919 11.1285 14.3582 34.0429 
30.0411 12.7352 9.85171 8.60212 7.72286 7.1156 6.75688 6.48701 6.25671 6.0257 5.93614 5.83781 5.75347 5.75583 5.74233 5.75773 5.80654 5.84018 5.98945 6.13256 6.36523 6.51165 6.81943 7.30467 7.75319 8.42016 9.39087 11.011 14.3077 33.6797 
29.8719 12.7314 9.99198 8.56161 7.69727 7.11702 6.68201 6.41119 6.15388 6.03305 5.93685 5.81507 5.71793 5.70371 5.77432 5.77692 5.80156 5.87241 6.01765 6.12687 6.25363 6.52232 6.8282 7.19545 7.65462 8.47086 9.42452 11.0454 14.104 33.8233 
29.5151 12.6925 9.842 8.5263 7.69419 7.08954 6.68272 6.36333 6.22757 6.01978 5.85677 5.8236 5.75868 5.6305 5.77005 5.71366 5.80962 5.81151 5.9468 6.07735 6.31476 6.53511 6.72537 7.21938 7.71528 8.36471 9.39822 10.9359 14.0812 33.4842 
29.4649 12.6324 9.79082 8.47584 7.61529 7.072 6.60809 6.32045 6.15246 5.90487 5.88425 5.70963 5.74778 5.64116 5.68167 5.75228 5.712 5.79801 5.92429 6.05958 6.22259 6.45645 6.78105 7.19023 7.56601 8.41826 9.37879 10.8693 13.972 33.4619 
29.4931 12.4269 9.89365 8.40594 7.58852 7.04191 6.6486 6.2624 6.14204 5.96931 5.86009 5.72551 5.71627 5.6222 5.63002 5.65751 5.66272 5.73664 5.88402 6.03779 6.22899 6.50384 6.72892 7.09593 7.61269 8.33344 9.30392 10.8968 14.0788 33.2634 
4607.06 1953.09 1531.94 1319.1 1189.92 1101.58 1037.24 990.192 953.975 928.258 908.392 893.293 885.162 880.391 879.895 882.409 889.981 901.625 917.331 938.46 965.697 1001.08 1046.52 1103.59 1180.26 1285.32 1435.84 1679.77 2157.96 5133.2 
