Infintie flatland isotropic point source isotropic scattering exponential random flight, mu_t = 1
Analogmu_t c: 0.3 mu_t: 1 maxr: 25 dr: 0.2 du: 0.0666667 numsamples: 10000000 numCollisionOrders: 50 numMoments: 5
CollisionDensity:
0.984164 0.889008 0.779617 0.675479 0.581749 0.498401 0.424687 0.360759 0.306671 0.260221 0.219405 0.185446 0.156403 0.131532 0.111224 0.093398 0.0784905 0.0657985 0.0555525 0.04639 0.039052 0.0326335 0.027337 0.0229425 0.019289 0.015984 0.0134465 0.0112605 0.009516 0.007888 0.0066005 0.005529 0.0045935 0.0038485 0.00314 0.0026 0.0022425 0.001821 0.001516 0.001276 0.0011015 0.000874 0.000732 0.000646 0.0005265 0.000397 0.0003415 0.000305 0.0002505 0.0001955 0.0001785 0.0001325 0.0001045 9.8e-05 6.35e-05 6.6e-05 6.05e-05 5.5e-05 4e-05 3.3e-05 2.35e-05 1.85e-05 1.65e-05 1.7e-05 1.2e-05 1.15e-05 5.5e-06 6e-06 5e-06 6.5e-06 2.5e-06 3.5e-06 1.5e-06 4.5e-06 1.5e-06 5e-07 0 1.5e-06 5e-07 5e-07 0 0 1e-06 5e-07 0 5e-07 0 5e-07 0 0 0 0 0 0 0 0 0 0 0 0 0 0 0 0 0 0 0 0 0 0 0 0 0 0 0 0 0 0 0 0 0 0 0 0 0 0 
Density Moments:
1.42865 1.74686 4.07989 13.9569 62.645 
Per-collision Density Moments:
0 0 0 0 0 
1 0.999739 1.99899 5.99298 23.9278 
0.300046 0.471138 1.19881 4.22995 19.0962 
0.0899338 0.179892 0.539734 2.15614 10.7329 
0.0270399 0.0638356 0.217187 0.960204 5.21059 
0.0081267 0.0216354 0.0807246 0.383452 2.19932 
0.0024505 0.00713568 0.0286954 0.145748 0.891827 
0.0007362 0.00236243 0.0103651 0.0566942 0.367174 
0.000224 0.000783244 0.00371842 0.0219031 0.152241 
6.56e-05 0.000240638 0.00117726 0.00700486 0.0481657 
1.96e-05 7.17232e-05 0.000345717 0.00198738 0.0130431 
6.1e-06 2.22394e-05 0.000111538 0.000700276 0.00530558 
1.7e-06 5.20836e-06 1.95678e-05 8.36809e-05 0.000390699 
2e-07 7.64737e-07 3.15225e-06 1.37979e-05 6.30255e-05 
0 0 0 0 0 
0 0 0 0 0 
0 0 0 0 0 
0 0 0 0 0 
0 0 0 0 0 
0 0 0 0 0 
0 0 0 0 0 
0 0 0 0 0 
0 0 0 0 0 
0 0 0 0 0 
0 0 0 0 0 
0 0 0 0 0 
0 0 0 0 0 
0 0 0 0 0 
0 0 0 0 0 
0 0 0 0 0 
0 0 0 0 0 
0 0 0 0 0 
0 0 0 0 0 
0 0 0 0 0 
0 0 0 0 0 
0 0 0 0 0 
0 0 0 0 0 
0 0 0 0 0 
0 0 0 0 0 
0 0 0 0 0 
0 0 0 0 0 
0 0 0 0 0 
0 0 0 0 0 
0 0 0 0 0 
0 0 0 0 0 
0 0 0 0 0 
0 0 0 0 0 
0 0 0 0 0 
0 0 0 0 0 
0 0 0 0 0 
Per-collision Densities:
0 0 0 0 0 0 0 0 0 0 0 0 0 0 0 0 0 0 0 0 0 0 0 0 0 0 0 0 0 0 0 0 0 0 0 0 0 0 0 0 0 0 0 0 0 0 0 0 0 0 0 0 0 0 0 0 0 0 0 0 0 0 0 0 0 0 0 0 0 0 0 0 0 0 0 0 0 0 0 0 0 0 0 0 0 0 0 0 0 0 0 0 0 0 0 0 0 0 0 0 0 0 0 0 0 0 0 0 0 0 0 0 0 0 0 0 0 0 0 0 0 0 0 0 0 0 
0.906802 0.742088 0.607361 0.49745 0.407255 0.333473 0.273071 0.223253 0.183293 0.15 0.122398 0.100264 0.082163 0.067035 0.054971 0.045178 0.0370155 0.030269 0.0249165 0.020181 0.016604 0.013591 0.011042 0.009174 0.007469 0.005973 0.00501 0.0041475 0.00343 0.0027745 0.002247 0.001866 0.001472 0.001239 0.000984 0.0008225 0.0006815 0.0005745 0.0004415 0.000376 0.000324 0.000237 0.000193 0.000176 0.0001375 9.65e-05 8.05e-05 7.3e-05 6.25e-05 5.2e-05 3.95e-05 3e-05 2.45e-05 1.95e-05 1.3e-05 1.9e-05 1.35e-05 1.15e-05 7e-06 6e-06 4.5e-06 6e-06 3e-06 1e-06 2.5e-06 2.5e-06 0 5e-07 5e-07 5e-07 2e-06 5e-07 5e-07 1.5e-06 5e-07 0 0 5e-07 0 5e-07 0 0 0 0 0 0 0 0 0 0 0 0 0 0 0 0 0 0 0 0 0 0 0 0 0 0 0 0 0 0 0 0 0 0 0 0 0 0 0 0 0 0 0 0 0 0 
0.067751 0.12234 0.137902 0.137772 0.131271 0.120992 0.108446 0.096096 0.084149 0.073646 0.0636365 0.0547995 0.0469895 0.0398 0.0342835 0.0287635 0.0243065 0.0204885 0.017403 0.0146855 0.0123055 0.0103005 0.008616 0.007248 0.0060715 0.005068 0.004202 0.003535 0.0029055 0.0024075 0.002092 0.001688 0.0014105 0.001192 0.0009865 0.000772 0.000695 0.000531 0.00045 0.000383 0.0003165 0.000262 0.0002275 0.0001905 0.000152 0.000122 0.0001075 7.85e-05 7.1e-05 4.6e-05 5.3e-05 4.25e-05 3.1e-05 2.5e-05 2e-05 1.6e-05 1.65e-05 1.75e-05 1.1e-05 7.5e-06 5.5e-06 4.5e-06 6e-06 6e-06 2e-06 3.5e-06 2.5e-06 1e-06 2e-06 1.5e-06 0 1e-06 5e-07 5e-07 0 0 0 1e-06 5e-07 0 0 0 0 0 0 0 0 0 0 0 0 0 0 0 0 0 0 0 0 0 0 0 0 0 0 0 0 0 0 0 0 0 0 0 0 0 0 0 0 0 0 0 0 0 0 0 
0.007929 0.019841 0.0271505 0.0312285 0.032875 0.032823 0.0317955 0.029921 0.027891 0.025644 0.022984 0.020788 0.0182705 0.016424 0.0143675 0.012583 0.0109765 0.009528 0.0082215 0.007152 0.0061415 0.0052365 0.0045435 0.0038555 0.0033235 0.002801 0.002377 0.0019685 0.001731 0.0014975 0.001207 0.0010585 0.0009065 0.0007515 0.000607 0.000515 0.000447 0.0003605 0.0003345 0.000259 0.0002375 0.0001775 0.000145 0.0001345 0.000122 8.1e-05 8.2e-05 7.45e-05 5.3e-05 4.25e-05 4e-05 2.4e-05 2.25e-05 2.4e-05 1.15e-05 1.3e-05 1.35e-05 1.1e-05 1.05e-05 7e-06 5e-06 3e-06 2.5e-06 3.5e-06 3e-06 3e-06 5e-07 1.5e-06 1e-06 1.5e-06 0 1e-06 0 1.5e-06 0 0 0 0 0 0 0 0 0 0 0 0 0 0 0 0 0 0 0 0 0 0 0 0 0 0 0 0 0 0 0 0 0 0 0 0 0 0 0 0 0 0 0 0 0 0 0 0 0 0 0 0 
0.0013255 0.0037135 0.005584 0.006909 0.007872 0.00827 0.0084285 0.008391 0.0082055 0.007817 0.0072815 0.0067725 0.0062505 0.005654 0.005132 0.004619 0.004095 0.0036615 0.0032815 0.002896 0.002593 0.0022005 0.001952 0.001675 0.0014885 0.0013195 0.0011015 0.000974 0.0008725 0.000723 0.0006245 0.000516 0.000472 0.0003825 0.00033 0.0002735 0.0002435 0.0001985 0.0001625 0.0001425 0.000119 0.000109 8.75e-05 8.2e-05 5.9e-05 4.95e-05 3.85e-05 4.35e-05 3.55e-05 2.75e-05 2.85e-05 1.95e-05 1.5e-05 1.15e-05 1.35e-05 6.5e-06 9e-06 6.5e-06 7e-06 6.5e-06 4.5e-06 2e-06 3e-06 5e-07 1.5e-06 1e-06 1.5e-06 0 5e-07 5e-07 5e-07 1e-06 5e-07 5e-07 1e-06 5e-07 0 0 0 0 0 0 0 5e-07 0 5e-07 0 5e-07 0 0 0 0 0 0 0 0 0 0 0 0 0 0 0 0 0 0 0 0 0 0 0 0 0 0 0 0 0 0 0 0 0 0 0 0 0 0 
0.0002725 0.000778 0.001225 0.001595 0.0018765 0.002112 0.0021885 0.0022705 0.0022565 0.0022185 0.0022125 0.0020265 0.0019175 0.0018155 0.001706 0.00157 0.0014325 0.0012615 0.0011525 0.000995 0.000939 0.000869 0.000778 0.000648 0.000586 0.0005145 0.0004875 0.000397 0.000349 0.000308 0.000271 0.0002465 0.0002065 0.0001725 0.0001455 0.0001295 9.7e-05 8.8e-05 7.4e-05 6.95e-05 5.6e-05 5.25e-05 3.9e-05 3.35e-05 2.8e-05 2.3e-05 1.55e-05 2e-05 1.85e-05 1.35e-05 1.2e-05 9e-06 7.5e-06 1.15e-05 3e-06 6.5e-06 5e-06 3.5e-06 2.5e-06 4e-06 1.5e-06 1.5e-06 5e-07 2e-06 1e-06 1e-06 5e-07 1.5e-06 5e-07 5e-07 0 0 0 0 0 0 0 0 0 0 0 0 5e-07 0 0 0 0 0 0 0 0 0 0 0 0 0 0 0 0 0 0 0 0 0 0 0 0 0 0 0 0 0 0 0 0 0 0 0 0 0 0 0 0 0 0 0 
6.35e-05 0.000187 0.000296 0.000387 0.000457 0.000542 0.0005625 0.0006025 0.0006515 0.0006625 0.0006415 0.000563 0.000579 0.000571 0.000531 0.0004785 0.0004585 0.0004205 0.000391 0.00033 0.000318 0.0003025 0.0002665 0.0002175 0.000224 0.000201 0.0001745 0.000156 0.0001455 0.000105 9.6e-05 9.15e-05 8.25e-05 6.9e-05 5.35e-05 5.8e-05 4.15e-05 4.05e-05 3.15e-05 2.85e-05 2.7e-05 1.9e-05 2.05e-05 1.6e-05 1.45e-05 1.3e-05 9.5e-06 9e-06 5e-06 7e-06 5.5e-06 2e-06 1e-06 4e-06 1.5e-06 2.5e-06 1e-06 3.5e-06 1e-06 1e-06 1e-06 1.5e-06 1.5e-06 1.5e-06 5e-07 5e-07 5e-07 1.5e-06 5e-07 1e-06 0 0 0 0 0 0 0 0 0 0 0 0 5e-07 0 0 0 0 0 0 0 0 0 0 0 0 0 0 0 0 0 0 0 0 0 0 0 0 0 0 0 0 0 0 0 0 0 0 0 0 0 0 0 0 0 0 0 
1.45e-05 4.25e-05 7.4e-05 0.0001065 0.0001045 0.000147 0.0001375 0.0001635 0.000158 0.000174 0.000178 0.0001675 0.0001685 0.0001645 0.000163 0.0001425 0.000151 0.0001195 0.0001275 0.000101 0.000108 8.85e-05 8.9e-05 8.75e-05 7.9e-05 7e-05 6.9e-05 5.75e-05 5.05e-05 4.45e-05 4.15e-05 3.95e-05 3.05e-05 2.55e-05 2.2e-05 1.85e-05 2.15e-05 1.85e-05 1.6e-05 1.1e-05 1.15e-05 1e-05 9.5e-06 1.05e-05 9e-06 7e-06 5e-06 2e-06 3e-06 4e-06 0 4.5e-06 2.5e-06 1e-06 5e-07 1.5e-06 1.5e-06 0 1e-06 5e-07 0 0 0 1.5e-06 1e-06 0 0 0 0 1e-06 0 0 0 0 0 0 0 0 0 0 0 0 0 0 0 0 0 0 0 0 0 0 0 0 0 0 0 0 0 0 0 0 0 0 0 0 0 0 0 0 0 0 0 0 0 0 0 0 0 0 0 0 0 0 0 0 
5.5e-06 1.3e-05 1.6e-05 2.1e-05 2.8e-05 2.9e-05 4.5e-05 4.35e-05 5e-05 4.65e-05 4.8e-05 5.05e-05 4.7e-05 4.5e-05 5.05e-05 4.35e-05 4.1e-05 3.5e-05 4e-05 3.5e-05 3.15e-05 3.2e-05 3.25e-05 2.5e-05 3.05e-05 2.45e-05 2e-05 1.6e-05 2.2e-05 1.6e-05 1.6e-05 1.75e-05 8e-06 9.5e-06 7.5e-06 8.5e-06 1.2e-05 6e-06 5.5e-06 5e-06 6.5e-06 4e-06 5.5e-06 2.5e-06 4e-06 3.5e-06 1.5e-06 2.5e-06 1.5e-06 2.5e-06 0 5e-07 5e-07 1e-06 5e-07 1e-06 0 1e-06 0 5e-07 1e-06 0 0 5e-07 5e-07 0 0 0 0 0 0 0 0 5e-07 0 0 0 0 0 0 0 0 0 0 0 0 0 0 0 0 0 0 0 0 0 0 0 0 0 0 0 0 0 0 0 0 0 0 0 0 0 0 0 0 0 0 0 0 0 0 0 0 0 0 0 0 
1e-06 3.5e-06 7e-06 5e-06 5e-06 9.5e-06 1e-05 1.25e-05 1.2e-05 8e-06 1.8e-05 1e-05 1.15e-05 1.6e-05 1.75e-05 1.4e-05 1.05e-05 9e-06 1.35e-05 9.5e-06 8.5e-06 9e-06 1.1e-05 1e-05 9e-06 8.5e-06 3.5e-06 5.5e-06 8.5e-06 8e-06 3e-06 5e-06 3.5e-06 5e-06 2e-06 2.5e-06 3.5e-06 2e-06 5e-07 5e-07 2.5e-06 3e-06 2e-06 5e-07 5e-07 1.5e-06 1.5e-06 2e-06 0 5e-07 0 5e-07 0 5e-07 0 0 5e-07 0 0 0 0 0 0 5e-07 0 0 0 0 0 0 0 0 0 0 0 0 0 0 0 0 0 0 0 0 0 0 0 0 0 0 0 0 0 0 0 0 0 0 0 0 0 0 0 0 0 0 0 0 0 0 0 0 0 0 0 0 0 0 0 0 0 0 0 0 0 0 
0 2e-06 1e-06 3e-06 4.5e-06 2e-06 5e-07 2.5e-06 3e-06 3e-06 6.5e-06 2e-06 4e-06 3.5e-06 2e-06 5.5e-06 2.5e-06 4e-06 4e-06 4.5e-06 2.5e-06 2e-06 4e-06 1e-06 5.5e-06 3.5e-06 1e-06 2.5e-06 1.5e-06 2.5e-06 1.5e-06 5e-07 5e-07 1.5e-06 1.5e-06 0 0 1.5e-06 0 1e-06 1e-06 0 2.5e-06 0 0 0 0 0 0 0 0 0 0 0 0 0 0 5e-07 0 0 0 0 0 0 0 0 0 0 0 0 0 0 0 0 0 0 0 0 0 0 0 0 0 0 0 0 0 0 0 0 0 0 0 0 0 0 0 0 0 0 0 0 0 0 0 0 0 0 0 0 0 0 0 0 0 0 0 0 0 0 0 0 0 0 0 0 
0 5e-07 5e-07 1.5e-06 0 1e-06 1.5e-06 2e-06 5e-07 5e-07 5e-07 1.5e-06 2e-06 1.5e-06 0 0 1e-06 1e-06 1.5e-06 5e-07 5e-07 1e-06 2.5e-06 1e-06 1e-06 5e-07 5e-07 1e-06 0 1.5e-06 5e-07 0 1e-06 5e-07 5e-07 0 0 0 0 0 0 0 0 0 0 0 0 0 5e-07 0 0 0 0 0 0 0 0 0 0 0 5e-07 0 0 0 0 0 0 0 0 0 0 0 0 0 0 0 0 0 0 0 0 0 0 0 0 0 0 0 0 0 0 0 0 0 0 0 0 0 0 0 0 0 0 0 0 0 0 0 0 0 0 0 0 0 0 0 0 0 0 0 0 0 0 0 0 0 
0 0 0 5e-07 0 5e-07 0 5e-07 5e-07 5e-07 0 5e-07 0 1.5e-06 0 5e-07 0 1e-06 0 0 0 1e-06 0 0 1e-06 0 0 0 0 0 5e-07 0 0 0 0 0 0 0 0 0 0 0 0 0 0 0 0 0 0 0 0 0 0 0 0 0 0 0 0 0 0 0 0 0 0 0 0 0 0 0 0 0 0 0 0 0 0 0 0 0 0 0 0 0 0 0 0 0 0 0 0 0 0 0 0 0 0 0 0 0 0 0 0 0 0 0 0 0 0 0 0 0 0 0 0 0 0 0 0 0 0 0 0 0 0 0 
0 0 0 0 0 0 0 0 0 0 0 0 0 5e-07 0 0 0 0 0 0 0 0 0 0 5e-07 0 0 0 0 0 0 0 0 0 0 0 0 0 0 0 0 0 0 0 0 0 0 0 0 0 0 0 0 0 0 0 0 0 0 0 0 0 0 0 0 0 0 0 0 0 0 0 0 0 0 0 0 0 0 0 0 0 0 0 0 0 0 0 0 0 0 0 0 0 0 0 0 0 0 0 0 0 0 0 0 0 0 0 0 0 0 0 0 0 0 0 0 0 0 0 0 0 0 0 0 0 
0 0 0 0 0 0 0 0 0 0 0 0 0 0 0 0 0 0 0 0 0 0 0 0 0 0 0 0 0 0 0 0 0 0 0 0 0 0 0 0 0 0 0 0 0 0 0 0 0 0 0 0 0 0 0 0 0 0 0 0 0 0 0 0 0 0 0 0 0 0 0 0 0 0 0 0 0 0 0 0 0 0 0 0 0 0 0 0 0 0 0 0 0 0 0 0 0 0 0 0 0 0 0 0 0 0 0 0 0 0 0 0 0 0 0 0 0 0 0 0 0 0 0 0 0 0 
0 0 0 0 0 0 0 0 0 0 0 0 0 0 0 0 0 0 0 0 0 0 0 0 0 0 0 0 0 0 0 0 0 0 0 0 0 0 0 0 0 0 0 0 0 0 0 0 0 0 0 0 0 0 0 0 0 0 0 0 0 0 0 0 0 0 0 0 0 0 0 0 0 0 0 0 0 0 0 0 0 0 0 0 0 0 0 0 0 0 0 0 0 0 0 0 0 0 0 0 0 0 0 0 0 0 0 0 0 0 0 0 0 0 0 0 0 0 0 0 0 0 0 0 0 0 
0 0 0 0 0 0 0 0 0 0 0 0 0 0 0 0 0 0 0 0 0 0 0 0 0 0 0 0 0 0 0 0 0 0 0 0 0 0 0 0 0 0 0 0 0 0 0 0 0 0 0 0 0 0 0 0 0 0 0 0 0 0 0 0 0 0 0 0 0 0 0 0 0 0 0 0 0 0 0 0 0 0 0 0 0 0 0 0 0 0 0 0 0 0 0 0 0 0 0 0 0 0 0 0 0 0 0 0 0 0 0 0 0 0 0 0 0 0 0 0 0 0 0 0 0 0 
0 0 0 0 0 0 0 0 0 0 0 0 0 0 0 0 0 0 0 0 0 0 0 0 0 0 0 0 0 0 0 0 0 0 0 0 0 0 0 0 0 0 0 0 0 0 0 0 0 0 0 0 0 0 0 0 0 0 0 0 0 0 0 0 0 0 0 0 0 0 0 0 0 0 0 0 0 0 0 0 0 0 0 0 0 0 0 0 0 0 0 0 0 0 0 0 0 0 0 0 0 0 0 0 0 0 0 0 0 0 0 0 0 0 0 0 0 0 0 0 0 0 0 0 0 0 
0 0 0 0 0 0 0 0 0 0 0 0 0 0 0 0 0 0 0 0 0 0 0 0 0 0 0 0 0 0 0 0 0 0 0 0 0 0 0 0 0 0 0 0 0 0 0 0 0 0 0 0 0 0 0 0 0 0 0 0 0 0 0 0 0 0 0 0 0 0 0 0 0 0 0 0 0 0 0 0 0 0 0 0 0 0 0 0 0 0 0 0 0 0 0 0 0 0 0 0 0 0 0 0 0 0 0 0 0 0 0 0 0 0 0 0 0 0 0 0 0 0 0 0 0 0 
0 0 0 0 0 0 0 0 0 0 0 0 0 0 0 0 0 0 0 0 0 0 0 0 0 0 0 0 0 0 0 0 0 0 0 0 0 0 0 0 0 0 0 0 0 0 0 0 0 0 0 0 0 0 0 0 0 0 0 0 0 0 0 0 0 0 0 0 0 0 0 0 0 0 0 0 0 0 0 0 0 0 0 0 0 0 0 0 0 0 0 0 0 0 0 0 0 0 0 0 0 0 0 0 0 0 0 0 0 0 0 0 0 0 0 0 0 0 0 0 0 0 0 0 0 0 
0 0 0 0 0 0 0 0 0 0 0 0 0 0 0 0 0 0 0 0 0 0 0 0 0 0 0 0 0 0 0 0 0 0 0 0 0 0 0 0 0 0 0 0 0 0 0 0 0 0 0 0 0 0 0 0 0 0 0 0 0 0 0 0 0 0 0 0 0 0 0 0 0 0 0 0 0 0 0 0 0 0 0 0 0 0 0 0 0 0 0 0 0 0 0 0 0 0 0 0 0 0 0 0 0 0 0 0 0 0 0 0 0 0 0 0 0 0 0 0 0 0 0 0 0 0 
0 0 0 0 0 0 0 0 0 0 0 0 0 0 0 0 0 0 0 0 0 0 0 0 0 0 0 0 0 0 0 0 0 0 0 0 0 0 0 0 0 0 0 0 0 0 0 0 0 0 0 0 0 0 0 0 0 0 0 0 0 0 0 0 0 0 0 0 0 0 0 0 0 0 0 0 0 0 0 0 0 0 0 0 0 0 0 0 0 0 0 0 0 0 0 0 0 0 0 0 0 0 0 0 0 0 0 0 0 0 0 0 0 0 0 0 0 0 0 0 0 0 0 0 0 0 
0 0 0 0 0 0 0 0 0 0 0 0 0 0 0 0 0 0 0 0 0 0 0 0 0 0 0 0 0 0 0 0 0 0 0 0 0 0 0 0 0 0 0 0 0 0 0 0 0 0 0 0 0 0 0 0 0 0 0 0 0 0 0 0 0 0 0 0 0 0 0 0 0 0 0 0 0 0 0 0 0 0 0 0 0 0 0 0 0 0 0 0 0 0 0 0 0 0 0 0 0 0 0 0 0 0 0 0 0 0 0 0 0 0 0 0 0 0 0 0 0 0 0 0 0 0 
0 0 0 0 0 0 0 0 0 0 0 0 0 0 0 0 0 0 0 0 0 0 0 0 0 0 0 0 0 0 0 0 0 0 0 0 0 0 0 0 0 0 0 0 0 0 0 0 0 0 0 0 0 0 0 0 0 0 0 0 0 0 0 0 0 0 0 0 0 0 0 0 0 0 0 0 0 0 0 0 0 0 0 0 0 0 0 0 0 0 0 0 0 0 0 0 0 0 0 0 0 0 0 0 0 0 0 0 0 0 0 0 0 0 0 0 0 0 0 0 0 0 0 0 0 0 
0 0 0 0 0 0 0 0 0 0 0 0 0 0 0 0 0 0 0 0 0 0 0 0 0 0 0 0 0 0 0 0 0 0 0 0 0 0 0 0 0 0 0 0 0 0 0 0 0 0 0 0 0 0 0 0 0 0 0 0 0 0 0 0 0 0 0 0 0 0 0 0 0 0 0 0 0 0 0 0 0 0 0 0 0 0 0 0 0 0 0 0 0 0 0 0 0 0 0 0 0 0 0 0 0 0 0 0 0 0 0 0 0 0 0 0 0 0 0 0 0 0 0 0 0 0 
0 0 0 0 0 0 0 0 0 0 0 0 0 0 0 0 0 0 0 0 0 0 0 0 0 0 0 0 0 0 0 0 0 0 0 0 0 0 0 0 0 0 0 0 0 0 0 0 0 0 0 0 0 0 0 0 0 0 0 0 0 0 0 0 0 0 0 0 0 0 0 0 0 0 0 0 0 0 0 0 0 0 0 0 0 0 0 0 0 0 0 0 0 0 0 0 0 0 0 0 0 0 0 0 0 0 0 0 0 0 0 0 0 0 0 0 0 0 0 0 0 0 0 0 0 0 
0 0 0 0 0 0 0 0 0 0 0 0 0 0 0 0 0 0 0 0 0 0 0 0 0 0 0 0 0 0 0 0 0 0 0 0 0 0 0 0 0 0 0 0 0 0 0 0 0 0 0 0 0 0 0 0 0 0 0 0 0 0 0 0 0 0 0 0 0 0 0 0 0 0 0 0 0 0 0 0 0 0 0 0 0 0 0 0 0 0 0 0 0 0 0 0 0 0 0 0 0 0 0 0 0 0 0 0 0 0 0 0 0 0 0 0 0 0 0 0 0 0 0 0 0 0 
0 0 0 0 0 0 0 0 0 0 0 0 0 0 0 0 0 0 0 0 0 0 0 0 0 0 0 0 0 0 0 0 0 0 0 0 0 0 0 0 0 0 0 0 0 0 0 0 0 0 0 0 0 0 0 0 0 0 0 0 0 0 0 0 0 0 0 0 0 0 0 0 0 0 0 0 0 0 0 0 0 0 0 0 0 0 0 0 0 0 0 0 0 0 0 0 0 0 0 0 0 0 0 0 0 0 0 0 0 0 0 0 0 0 0 0 0 0 0 0 0 0 0 0 0 0 
0 0 0 0 0 0 0 0 0 0 0 0 0 0 0 0 0 0 0 0 0 0 0 0 0 0 0 0 0 0 0 0 0 0 0 0 0 0 0 0 0 0 0 0 0 0 0 0 0 0 0 0 0 0 0 0 0 0 0 0 0 0 0 0 0 0 0 0 0 0 0 0 0 0 0 0 0 0 0 0 0 0 0 0 0 0 0 0 0 0 0 0 0 0 0 0 0 0 0 0 0 0 0 0 0 0 0 0 0 0 0 0 0 0 0 0 0 0 0 0 0 0 0 0 0 0 
0 0 0 0 0 0 0 0 0 0 0 0 0 0 0 0 0 0 0 0 0 0 0 0 0 0 0 0 0 0 0 0 0 0 0 0 0 0 0 0 0 0 0 0 0 0 0 0 0 0 0 0 0 0 0 0 0 0 0 0 0 0 0 0 0 0 0 0 0 0 0 0 0 0 0 0 0 0 0 0 0 0 0 0 0 0 0 0 0 0 0 0 0 0 0 0 0 0 0 0 0 0 0 0 0 0 0 0 0 0 0 0 0 0 0 0 0 0 0 0 0 0 0 0 0 0 
0 0 0 0 0 0 0 0 0 0 0 0 0 0 0 0 0 0 0 0 0 0 0 0 0 0 0 0 0 0 0 0 0 0 0 0 0 0 0 0 0 0 0 0 0 0 0 0 0 0 0 0 0 0 0 0 0 0 0 0 0 0 0 0 0 0 0 0 0 0 0 0 0 0 0 0 0 0 0 0 0 0 0 0 0 0 0 0 0 0 0 0 0 0 0 0 0 0 0 0 0 0 0 0 0 0 0 0 0 0 0 0 0 0 0 0 0 0 0 0 0 0 0 0 0 0 
0 0 0 0 0 0 0 0 0 0 0 0 0 0 0 0 0 0 0 0 0 0 0 0 0 0 0 0 0 0 0 0 0 0 0 0 0 0 0 0 0 0 0 0 0 0 0 0 0 0 0 0 0 0 0 0 0 0 0 0 0 0 0 0 0 0 0 0 0 0 0 0 0 0 0 0 0 0 0 0 0 0 0 0 0 0 0 0 0 0 0 0 0 0 0 0 0 0 0 0 0 0 0 0 0 0 0 0 0 0 0 0 0 0 0 0 0 0 0 0 0 0 0 0 0 0 
0 0 0 0 0 0 0 0 0 0 0 0 0 0 0 0 0 0 0 0 0 0 0 0 0 0 0 0 0 0 0 0 0 0 0 0 0 0 0 0 0 0 0 0 0 0 0 0 0 0 0 0 0 0 0 0 0 0 0 0 0 0 0 0 0 0 0 0 0 0 0 0 0 0 0 0 0 0 0 0 0 0 0 0 0 0 0 0 0 0 0 0 0 0 0 0 0 0 0 0 0 0 0 0 0 0 0 0 0 0 0 0 0 0 0 0 0 0 0 0 0 0 0 0 0 0 
0 0 0 0 0 0 0 0 0 0 0 0 0 0 0 0 0 0 0 0 0 0 0 0 0 0 0 0 0 0 0 0 0 0 0 0 0 0 0 0 0 0 0 0 0 0 0 0 0 0 0 0 0 0 0 0 0 0 0 0 0 0 0 0 0 0 0 0 0 0 0 0 0 0 0 0 0 0 0 0 0 0 0 0 0 0 0 0 0 0 0 0 0 0 0 0 0 0 0 0 0 0 0 0 0 0 0 0 0 0 0 0 0 0 0 0 0 0 0 0 0 0 0 0 0 0 
0 0 0 0 0 0 0 0 0 0 0 0 0 0 0 0 0 0 0 0 0 0 0 0 0 0 0 0 0 0 0 0 0 0 0 0 0 0 0 0 0 0 0 0 0 0 0 0 0 0 0 0 0 0 0 0 0 0 0 0 0 0 0 0 0 0 0 0 0 0 0 0 0 0 0 0 0 0 0 0 0 0 0 0 0 0 0 0 0 0 0 0 0 0 0 0 0 0 0 0 0 0 0 0 0 0 0 0 0 0 0 0 0 0 0 0 0 0 0 0 0 0 0 0 0 0 
0 0 0 0 0 0 0 0 0 0 0 0 0 0 0 0 0 0 0 0 0 0 0 0 0 0 0 0 0 0 0 0 0 0 0 0 0 0 0 0 0 0 0 0 0 0 0 0 0 0 0 0 0 0 0 0 0 0 0 0 0 0 0 0 0 0 0 0 0 0 0 0 0 0 0 0 0 0 0 0 0 0 0 0 0 0 0 0 0 0 0 0 0 0 0 0 0 0 0 0 0 0 0 0 0 0 0 0 0 0 0 0 0 0 0 0 0 0 0 0 0 0 0 0 0 0 
0 0 0 0 0 0 0 0 0 0 0 0 0 0 0 0 0 0 0 0 0 0 0 0 0 0 0 0 0 0 0 0 0 0 0 0 0 0 0 0 0 0 0 0 0 0 0 0 0 0 0 0 0 0 0 0 0 0 0 0 0 0 0 0 0 0 0 0 0 0 0 0 0 0 0 0 0 0 0 0 0 0 0 0 0 0 0 0 0 0 0 0 0 0 0 0 0 0 0 0 0 0 0 0 0 0 0 0 0 0 0 0 0 0 0 0 0 0 0 0 0 0 0 0 0 0 
0 0 0 0 0 0 0 0 0 0 0 0 0 0 0 0 0 0 0 0 0 0 0 0 0 0 0 0 0 0 0 0 0 0 0 0 0 0 0 0 0 0 0 0 0 0 0 0 0 0 0 0 0 0 0 0 0 0 0 0 0 0 0 0 0 0 0 0 0 0 0 0 0 0 0 0 0 0 0 0 0 0 0 0 0 0 0 0 0 0 0 0 0 0 0 0 0 0 0 0 0 0 0 0 0 0 0 0 0 0 0 0 0 0 0 0 0 0 0 0 0 0 0 0 0 0 
0 0 0 0 0 0 0 0 0 0 0 0 0 0 0 0 0 0 0 0 0 0 0 0 0 0 0 0 0 0 0 0 0 0 0 0 0 0 0 0 0 0 0 0 0 0 0 0 0 0 0 0 0 0 0 0 0 0 0 0 0 0 0 0 0 0 0 0 0 0 0 0 0 0 0 0 0 0 0 0 0 0 0 0 0 0 0 0 0 0 0 0 0 0 0 0 0 0 0 0 0 0 0 0 0 0 0 0 0 0 0 0 0 0 0 0 0 0 0 0 0 0 0 0 0 0 
0 0 0 0 0 0 0 0 0 0 0 0 0 0 0 0 0 0 0 0 0 0 0 0 0 0 0 0 0 0 0 0 0 0 0 0 0 0 0 0 0 0 0 0 0 0 0 0 0 0 0 0 0 0 0 0 0 0 0 0 0 0 0 0 0 0 0 0 0 0 0 0 0 0 0 0 0 0 0 0 0 0 0 0 0 0 0 0 0 0 0 0 0 0 0 0 0 0 0 0 0 0 0 0 0 0 0 0 0 0 0 0 0 0 0 0 0 0 0 0 0 0 0 0 0 0 
0 0 0 0 0 0 0 0 0 0 0 0 0 0 0 0 0 0 0 0 0 0 0 0 0 0 0 0 0 0 0 0 0 0 0 0 0 0 0 0 0 0 0 0 0 0 0 0 0 0 0 0 0 0 0 0 0 0 0 0 0 0 0 0 0 0 0 0 0 0 0 0 0 0 0 0 0 0 0 0 0 0 0 0 0 0 0 0 0 0 0 0 0 0 0 0 0 0 0 0 0 0 0 0 0 0 0 0 0 0 0 0 0 0 0 0 0 0 0 0 0 0 0 0 0 0 
0 0 0 0 0 0 0 0 0 0 0 0 0 0 0 0 0 0 0 0 0 0 0 0 0 0 0 0 0 0 0 0 0 0 0 0 0 0 0 0 0 0 0 0 0 0 0 0 0 0 0 0 0 0 0 0 0 0 0 0 0 0 0 0 0 0 0 0 0 0 0 0 0 0 0 0 0 0 0 0 0 0 0 0 0 0 0 0 0 0 0 0 0 0 0 0 0 0 0 0 0 0 0 0 0 0 0 0 0 0 0 0 0 0 0 0 0 0 0 0 0 0 0 0 0 0 
0 0 0 0 0 0 0 0 0 0 0 0 0 0 0 0 0 0 0 0 0 0 0 0 0 0 0 0 0 0 0 0 0 0 0 0 0 0 0 0 0 0 0 0 0 0 0 0 0 0 0 0 0 0 0 0 0 0 0 0 0 0 0 0 0 0 0 0 0 0 0 0 0 0 0 0 0 0 0 0 0 0 0 0 0 0 0 0 0 0 0 0 0 0 0 0 0 0 0 0 0 0 0 0 0 0 0 0 0 0 0 0 0 0 0 0 0 0 0 0 0 0 0 0 0 0 
0 0 0 0 0 0 0 0 0 0 0 0 0 0 0 0 0 0 0 0 0 0 0 0 0 0 0 0 0 0 0 0 0 0 0 0 0 0 0 0 0 0 0 0 0 0 0 0 0 0 0 0 0 0 0 0 0 0 0 0 0 0 0 0 0 0 0 0 0 0 0 0 0 0 0 0 0 0 0 0 0 0 0 0 0 0 0 0 0 0 0 0 0 0 0 0 0 0 0 0 0 0 0 0 0 0 0 0 0 0 0 0 0 0 0 0 0 0 0 0 0 0 0 0 0 0 
0 0 0 0 0 0 0 0 0 0 0 0 0 0 0 0 0 0 0 0 0 0 0 0 0 0 0 0 0 0 0 0 0 0 0 0 0 0 0 0 0 0 0 0 0 0 0 0 0 0 0 0 0 0 0 0 0 0 0 0 0 0 0 0 0 0 0 0 0 0 0 0 0 0 0 0 0 0 0 0 0 0 0 0 0 0 0 0 0 0 0 0 0 0 0 0 0 0 0 0 0 0 0 0 0 0 0 0 0 0 0 0 0 0 0 0 0 0 0 0 0 0 0 0 0 0 
0 0 0 0 0 0 0 0 0 0 0 0 0 0 0 0 0 0 0 0 0 0 0 0 0 0 0 0 0 0 0 0 0 0 0 0 0 0 0 0 0 0 0 0 0 0 0 0 0 0 0 0 0 0 0 0 0 0 0 0 0 0 0 0 0 0 0 0 0 0 0 0 0 0 0 0 0 0 0 0 0 0 0 0 0 0 0 0 0 0 0 0 0 0 0 0 0 0 0 0 0 0 0 0 0 0 0 0 0 0 0 0 0 0 0 0 0 0 0 0 0 0 0 0 0 0 
0 0 0 0 0 0 0 0 0 0 0 0 0 0 0 0 0 0 0 0 0 0 0 0 0 0 0 0 0 0 0 0 0 0 0 0 0 0 0 0 0 0 0 0 0 0 0 0 0 0 0 0 0 0 0 0 0 0 0 0 0 0 0 0 0 0 0 0 0 0 0 0 0 0 0 0 0 0 0 0 0 0 0 0 0 0 0 0 0 0 0 0 0 0 0 0 0 0 0 0 0 0 0 0 0 0 0 0 0 0 0 0 0 0 0 0 0 0 0 0 0 0 0 0 0 0 
0 0 0 0 0 0 0 0 0 0 0 0 0 0 0 0 0 0 0 0 0 0 0 0 0 0 0 0 0 0 0 0 0 0 0 0 0 0 0 0 0 0 0 0 0 0 0 0 0 0 0 0 0 0 0 0 0 0 0 0 0 0 0 0 0 0 0 0 0 0 0 0 0 0 0 0 0 0 0 0 0 0 0 0 0 0 0 0 0 0 0 0 0 0 0 0 0 0 0 0 0 0 0 0 0 0 0 0 0 0 0 0 0 0 0 0 0 0 0 0 0 0 0 0 0 0 
0 0 0 0 0 0 0 0 0 0 0 0 0 0 0 0 0 0 0 0 0 0 0 0 0 0 0 0 0 0 0 0 0 0 0 0 0 0 0 0 0 0 0 0 0 0 0 0 0 0 0 0 0 0 0 0 0 0 0 0 0 0 0 0 0 0 0 0 0 0 0 0 0 0 0 0 0 0 0 0 0 0 0 0 0 0 0 0 0 0 0 0 0 0 0 0 0 0 0 0 0 0 0 0 0 0 0 0 0 0 0 0 0 0 0 0 0 0 0 0 0 0 0 0 0 0 
0 0 0 0 0 0 0 0 0 0 0 0 0 0 0 0 0 0 0 0 0 0 0 0 0 0 0 0 0 0 0 0 0 0 0 0 0 0 0 0 0 0 0 0 0 0 0 0 0 0 0 0 0 0 0 0 0 0 0 0 0 0 0 0 0 0 0 0 0 0 0 0 0 0 0 0 0 0 0 0 0 0 0 0 0 0 0 0 0 0 0 0 0 0 0 0 0 0 0 0 0 0 0 0 0 0 0 0 0 0 0 0 0 0 0 0 0 0 0 0 0 0 0 0 0 0 
Angular Collision Densities:
0.0778875 0.0343275 0.0262875 0.023535 0.0213825 0.0204075 0.0192825 0.019125 0.0177975 0.0175575 0.0184425 0.0181125 0.0180075 0.0182025 0.01779 0.0192825 0.01944 0.0199575 0.0219975 0.0223275 0.023925 0.02541 0.0272625 0.03057 0.03501 0.039735 0.0467925 0.0593625 0.0869175 13.9163 
0.128317 0.0555675 0.0438525 0.03792 0.03507 0.031815 0.0317775 0.0306825 0.0301575 0.03012 0.029745 0.0293475 0.03018 0.031185 0.031905 0.0332625 0.0351675 0.0369675 0.03864 0.0393975 0.043275 0.0471975 0.05082 0.0565725 0.06555 0.07494 0.0915975 0.120037 0.174847 11.8192 
0.134625 0.0581325 0.0467475 0.0412125 0.0374625 0.03534 0.0341925 0.0331875 0.03168 0.0325575 0.0326625 0.033075 0.03354 0.0345675 0.0349125 0.035565 0.03843 0.0398175 0.04275 0.045765 0.0480975 0.051615 0.05814 0.065535 0.07479 0.08598 0.108712 0.142485 0.215002 9.98767 
0.127987 0.054795 0.0446925 0.03942 0.035715 0.0345825 0.0320775 0.03249 0.0319425 0.0320625 0.0321375 0.031545 0.0324675 0.0332625 0.03483 0.036315 0.03768 0.039765 0.0422475 0.04488 0.0496125 0.052905 0.059025 0.066585 0.075825 0.089145 0.11055 0.14748 0.228202 8.42196 
0.120495 0.0507975 0.04131 0.0361575 0.032565 0.0309075 0.0296775 0.0298875 0.029565 0.0288225 0.0294825 0.0291075 0.0307275 0.031605 0.0321825 0.0331875 0.0353025 0.03759 0.0398775 0.0425025 0.0470925 0.0508275 0.056025 0.06351 0.07374 0.0884325 0.10854 0.14703 0.225255 7.09403 
0.106867 0.04443 0.03672 0.0332325 0.02937 0.0292725 0.02742 0.026205 0.026205 0.0263025 0.0265875 0.0274125 0.027585 0.028695 0.0302475 0.030645 0.032625 0.0347625 0.0358875 0.03927 0.0435075 0.047355 0.05229 0.0587475 0.068985 0.0817875 0.10215 0.139042 0.217995 5.96441 
0.0916125 0.039885 0.032955 0.0285225 0.02562 0.024885 0.024705 0.0240375 0.023775 0.0231075 0.023325 0.024495 0.0245925 0.0257325 0.0264075 0.02823 0.0295875 0.030795 0.033015 0.03603 0.0384525 0.04194 0.0468075 0.053205 0.0621225 0.0756375 0.093975 0.127552 0.200175 5.00911 
0.08067 0.0351525 0.0282525 0.0249225 0.0230475 0.02118 0.0214875 0.020895 0.020625 0.019935 0.0208575 0.0209325 0.02178 0.0223275 0.0231375 0.0242925 0.0263625 0.0271575 0.0286275 0.031065 0.03351 0.0380625 0.0426 0.047715 0.0577125 0.06873 0.085845 0.11529 0.184695 4.19452 
0.0707175 0.030315 0.024885 0.0218325 0.0204375 0.018585 0.01833 0.01767 0.017685 0.01794 0.0181725 0.0186525 0.018795 0.01959 0.020625 0.0213975 0.0226575 0.0240525 0.025575 0.02781 0.02967 0.0333375 0.0378675 0.04281 0.0502275 0.060345 0.0757275 0.104257 0.163672 3.52642 
0.05991 0.02586 0.0212325 0.0185175 0.0172875 0.0164625 0.01647 0.0155925 0.0154875 0.0151275 0.01575 0.015975 0.0173625 0.017625 0.0177 0.01875 0.01959 0.021285 0.02271 0.024045 0.02655 0.028725 0.0320775 0.0380475 0.04341 0.0524475 0.0677925 0.0946725 0.14997 2.95687 
0.0511575 0.02322 0.0177225 0.0166575 0.0143325 0.0144225 0.0135975 0.01299 0.01308 0.0136275 0.014055 0.0143025 0.0141525 0.0144825 0.0155775 0.015915 0.01737 0.01812 0.0190275 0.0207675 0.02322 0.02586 0.028515 0.034365 0.0387675 0.0456375 0.0600675 0.080775 0.132495 2.46679 
0.0435675 0.01866 0.0151275 0.0137625 0.0122175 0.0119775 0.0115425 0.0117675 0.01152 0.0112125 0.0120525 0.0121275 0.0120525 0.0122325 0.0129975 0.01389 0.01497 0.0155175 0.0165375 0.018555 0.01989 0.021735 0.0249825 0.0286275 0.0347625 0.040635 0.05214 0.071145 0.114315 2.07116 
0.03756 0.01614 0.0127875 0.011745 0.01101 0.01059 0.0097425 0.0093075 0.0101625 0.00978 0.010035 0.0104775 0.0104475 0.0108075 0.011295 0.0116325 0.01245 0.0132225 0.0147075 0.015945 0.0175275 0.01929 0.0209475 0.0237075 0.02832 0.03426 0.046245 0.0615825 0.102525 1.73179 
0.031995 0.013995 0.011055 0.00984 0.009525 0.0088575 0.00846 0.0085575 0.0080325 0.0084825 0.008265 0.0085425 0.00861 0.009165 0.009345 0.010125 0.0108525 0.0117825 0.01233 0.013275 0.01485 0.0156975 0.0189225 0.021195 0.024585 0.0306075 0.0392925 0.05373 0.0885525 1.44445 
0.02619 0.0118125 0.0099225 0.0080475 0.0078675 0.00711 0.007395 0.0070275 0.00756 0.007275 0.0073875 0.0075975 0.0072975 0.0075375 0.0084375 0.00822 0.0089625 0.0101175 0.0101175 0.0110625 0.0123825 0.014115 0.015825 0.018285 0.0221325 0.0271275 0.033225 0.04779 0.07626 1.21427 
0.023145 0.01023 0.0078075 0.007005 0.0067875 0.0061725 0.0060675 0.005775 0.005655 0.00609 0.006015 0.006225 0.0066525 0.0065025 0.0071175 0.00771 0.0084675 0.008205 0.0087975 0.009525 0.0108975 0.01173 0.01374 0.01566 0.0182025 0.02214 0.028635 0.0401925 0.066885 1.01293 
0.0190275 0.0083625 0.0064725 0.0061425 0.00561 0.0051 0.0050325 0.004905 0.0050475 0.0051225 0.0049725 0.00531 0.005655 0.005565 0.006045 0.0062475 0.006375 0.0071475 0.0078375 0.00822 0.0092325 0.01056 0.011445 0.013005 0.0164475 0.019455 0.0246375 0.0346275 0.0578925 0.845857 
0.016335 0.007245 0.00597 0.0050775 0.0047475 0.004365 0.0041775 0.0042075 0.004575 0.004425 0.0042525 0.0044025 0.0047925 0.0046275 0.005145 0.0051525 0.0058275 0.0061425 0.006285 0.006915 0.00777 0.0087 0.0099975 0.0110025 0.0130575 0.016125 0.0208275 0.0292575 0.0497025 0.70587 
0.0138675 0.0063 0.0048825 0.0043725 0.0044025 0.0036 0.003765 0.00372 0.0034575 0.003705 0.003495 0.00399 0.004005 0.00435 0.0041625 0.004635 0.0044925 0.0053475 0.0058425 0.0059175 0.0065475 0.0077625 0.008625 0.009885 0.011295 0.0139725 0.018165 0.0259275 0.0418725 0.590925 
0.0118125 0.0054375 0.0043575 0.003735 0.0034125 0.00339 0.00291 0.0030975 0.0028875 0.0030375 0.0029775 0.00309 0.0033075 0.0035775 0.00357 0.0039075 0.0042375 0.0043275 0.0051525 0.0050025 0.005565 0.006015 0.0071775 0.0083175 0.0096375 0.01191 0.015405 0.0217425 0.0359325 0.49092 
0.009975 0.00417 0.0035175 0.003135 0.00288 0.00297 0.0028875 0.002595 0.00243 0.0025425 0.0027825 0.0026625 0.0028875 0.00294 0.00297 0.0032025 0.0036 0.00372 0.00363 0.0040125 0.00489 0.005355 0.0061125 0.0066675 0.0081525 0.0102975 0.013515 0.018675 0.0308475 0.411757 
0.008445 0.0036375 0.0029625 0.002625 0.0024825 0.0025125 0.0024375 0.00222 0.0021825 0.0022275 0.0020625 0.002415 0.002145 0.002295 0.00249 0.0027075 0.0029775 0.0030225 0.0032775 0.0037575 0.003855 0.0044625 0.0051375 0.00594 0.0070425 0.0088275 0.010965 0.01647 0.0258975 0.342022 
0.0071475 0.003285 0.002295 0.00213 0.002025 0.0018825 0.00177 0.0017625 0.0018075 0.0018 0.0018 0.002055 0.0019125 0.002085 0.0025575 0.0021675 0.00255 0.00252 0.00291 0.0031725 0.0034425 0.00402 0.0044625 0.0046725 0.0060675 0.0072375 0.009435 0.013635 0.0218025 0.285645 
0.0058875 0.00264 0.0020175 0.0018 0.0015675 0.0015825 0.0017475 0.0018225 0.001455 0.0014775 0.001395 0.001755 0.001695 0.0019575 0.0017925 0.00204 0.0020925 0.0020925 0.0024 0.0027075 0.0026925 0.0033525 0.00351 0.0043125 0.0048825 0.006525 0.0075 0.0113325 0.018225 0.23988 
0.0048375 0.002085 0.0015525 0.001425 0.0016125 0.00141 0.00138 0.00126 0.00135 0.00132 0.0012675 0.00141 0.00141 0.001275 0.00147 0.00153 0.00198 0.00198 0.0021825 0.00216 0.0025125 0.002685 0.0029025 0.00348 0.0043725 0.0053925 0.006555 0.0096525 0.0165075 0.200377 
0.0042975 0.0016275 0.0013875 0.0012975 0.0012525 0.00126 0.0010575 0.0009975 0.00096 0.000975 0.0011775 0.0013275 0.00111 0.001215 0.001365 0.0012525 0.001575 0.001455 0.0017475 0.0021075 0.002145 0.0021675 0.0025275 0.0029325 0.00369 0.004365 0.006045 0.0086775 0.01353 0.164235 
0.0033225 0.0015 0.001305 0.00105 0.0009975 0.0010725 0.0009075 0.0010425 0.000975 0.000915 0.00093 0.001065 0.000975 0.0011325 0.00108 0.0011475 0.0013575 0.0014025 0.0012975 0.0016275 0.0017625 0.0021825 0.002145 0.002595 0.0028275 0.0039975 0.00501 0.00657 0.0117075 0.137797 
0.0028125 0.00108 0.00102 0.000915 0.0009075 0.000855 0.0009 0.0007125 0.000795 0.0006975 0.0007725 0.000705 0.0008475 0.00084 0.00099 0.0008025 0.00105 0.00123 0.001395 0.001335 0.0014775 0.00159 0.0018075 0.0018375 0.0026175 0.002925 0.0040125 0.00567 0.010155 0.116152 
0.0026175 0.00099 0.0008775 0.00084 0.000705 0.0006375 0.0007725 0.000555 0.0006075 0.00066 0.0006975 0.0007275 0.0008475 0.0007575 0.0007575 0.000885 0.0007275 0.00102 0.001065 0.00114 0.0012525 0.00144 0.00159 0.00198 0.0021825 0.0026775 0.0035175 0.00492 0.008775 0.0965175 
0.00222 0.001035 0.0005325 0.000615 0.00063 0.0005325 0.0004575 0.000525 0.000555 0.0005325 0.0005625 0.0005775 0.00063 0.00057 0.000705 0.00078 0.000735 0.0008175 0.000765 0.000945 0.0011325 0.001125 0.001275 0.001395 0.00174 0.0020175 0.0030675 0.004365 0.007515 0.079965 
0.0017175 0.0009075 0.000525 0.0004875 0.0004125 0.00039 0.0005175 0.00039 0.0004275 0.00045 0.0004275 0.0005325 0.00057 0.00048 0.000435 0.0006225 0.0006225 0.0005475 0.00078 0.0008175 0.0006825 0.001095 0.001095 0.0014025 0.0016425 0.00198 0.0025875 0.0034575 0.0060525 0.0669525 
0.0013425 0.0005325 0.0005475 0.0004875 0.0004875 0.0004275 0.00039 0.0003675 0.000285 0.0003075 0.000405 0.000405 0.0004725 0.00045 0.000405 0.000525 0.000495 0.00054 0.000615 0.0006075 0.0006825 0.0007875 0.00087 0.001035 0.0015525 0.0015 0.002205 0.003 0.005265 0.0559425 
0.0011175 0.00051 0.00033 0.0003225 0.0004275 0.0003375 0.000285 0.00033 0.0002775 0.0003075 0.0003375 0.00033 0.0003525 0.000345 0.0003825 0.000435 0.00048 0.0004875 0.000555 0.00057 0.0005325 0.000675 0.0007125 0.00099 0.001125 0.0012975 0.0018675 0.0025725 0.0044025 0.0462075 
0.0009525 0.000465 0.0003825 0.00027 0.000255 0.000285 0.0002325 0.00024 0.00024 0.00027 0.0002775 0.0003075 0.0003375 0.000285 0.0003525 0.000345 0.0003825 0.0003675 0.0004575 0.0005475 0.0005475 0.000675 0.0005625 0.0006375 0.0008325 0.00111 0.0014625 0.0022275 0.00342 0.039 
0.00081 0.0003975 0.0003225 0.00021 0.000225 0.0003 0.00021 0.0001875 0.0002475 0.00018 0.0001575 0.0002625 0.0002175 0.0002475 0.0002775 0.00024 0.0002775 0.0004275 0.0002925 0.00045 0.000405 0.0004125 0.00051 0.000675 0.000555 0.000885 0.001125 0.001635 0.002985 0.0319725 
0.00057 0.000315 0.00024 0.00024 0.0002025 0.00018 0.00018 0.0001725 0.000195 0.0001425 0.000195 0.00018 0.0001125 0.00027 0.0002325 0.0001725 0.0003525 0.0002925 0.0002925 0.0003 0.0002625 0.00042 0.000405 0.00051 0.00054 0.00081 0.0009075 0.0013275 0.0023925 0.0265875 
0.0004425 0.000285 0.000225 0.0002025 0.0001275 0.000195 0.0001575 0.000165 0.000195 0.00012 0.00012 0.0001725 0.0001575 0.0001725 0.000195 0.000105 0.000195 0.00021 0.0002475 0.000255 0.0002625 0.0003825 0.0003975 0.000375 0.0005475 0.000705 0.0008625 0.001305 0.002235 0.02262 
0.000375 0.0002625 0.00027 0.000135 0.00012 0.0001425 0.000135 7.5e-05 0.0001425 0.0001725 8.25e-05 9e-05 0.0001125 0.00015 0.00015 0.00015 0.000135 0.0001125 0.0002175 0.000165 0.00018 0.0002475 0.00033 0.000375 0.0004275 0.0006225 0.0007425 0.0009225 0.001845 0.0184275 
0.0003525 0.00015 0.0001425 0.0001725 0.000105 0.0001275 0.0001425 9e-05 0.0001275 9e-05 9e-05 6e-05 0.0001575 0.0001275 0.0001125 0.0001125 0.00012 0.0001275 0.0002025 0.00021 0.0001875 0.000195 0.0002625 0.0003525 0.0004125 0.0003975 0.000615 0.0009675 0.0015825 0.0149475 
0.0003225 0.0001425 0.00015 0.0001275 9e-05 7.5e-05 0.000105 0.00012 3.75e-05 9.75e-05 9.75e-05 5.25e-05 8.25e-05 0.00015 9e-05 0.0001425 0.0001275 9e-05 0.0001425 0.00012 0.0001425 0.00018 0.0002625 0.000315 0.0002475 0.00042 0.000555 0.0006075 0.001455 0.0125925 
0.0002925 0.000135 7.5e-05 3.75e-05 7.5e-05 6.75e-05 6.75e-05 5.25e-05 7.5e-05 5.25e-05 5.25e-05 4.5e-05 6.75e-05 4.5e-05 6.75e-05 0.00012 7.5e-05 7.5e-05 9e-05 0.000105 0.0001725 0.0002175 0.000165 0.0002325 0.000255 0.0003375 0.000375 0.000675 0.001035 0.011385 
0.0002775 7.5e-05 3e-05 9.75e-05 6.75e-05 9e-05 4.5e-05 4.5e-05 6.75e-05 8.25e-05 0.000105 7.5e-05 9.75e-05 0.000105 5.25e-05 4.5e-05 8.25e-05 9e-05 7.5e-05 0.000135 0.00012 6.75e-05 0.0001425 0.00024 0.0002325 0.000225 0.0003825 0.00054 0.0007575 0.0086625 
0.0001875 0.0001275 4.5e-05 6e-05 5.25e-05 5.25e-05 6e-05 6e-05 6e-05 5.25e-05 7.5e-05 2.25e-05 3e-05 6.75e-05 4.5e-05 3.75e-05 6.75e-05 5.25e-05 9.75e-05 7.5e-05 0.0001275 6e-05 0.0001875 0.0001425 0.0001425 0.0002025 0.0003525 0.000435 0.0008325 0.00717 
0.0001725 9e-05 6e-05 6.75e-05 3.75e-05 3e-05 1.5e-05 5.25e-05 5.25e-05 3.75e-05 7.5e-05 4.5e-05 6.75e-05 3e-05 7.5e-05 5.25e-05 8.25e-05 4.5e-05 8.25e-05 6e-05 0.00012 6e-05 7.5e-05 0.0002025 0.0001725 0.0002325 0.0002475 0.000375 0.00075 0.006225 
0.0002025 6.75e-05 8.25e-05 6e-05 5.25e-05 4.5e-05 6.75e-05 4.5e-05 3.75e-05 1.5e-05 4.5e-05 6.75e-05 3.75e-05 3e-05 4.5e-05 5.25e-05 6.75e-05 4.5e-05 5.25e-05 9.75e-05 6.75e-05 6.75e-05 9e-05 9.75e-05 9e-05 0.000135 0.00021 0.000255 0.000585 0.005085 
9e-05 6.75e-05 3.75e-05 3e-05 2.25e-05 1.5e-05 3e-05 4.5e-05 1.5e-05 2.25e-05 2.25e-05 1.5e-05 6e-05 3.75e-05 1.5e-05 4.5e-05 3e-05 3.75e-05 3e-05 1.5e-05 5.25e-05 3.75e-05 6e-05 0.0001125 9.75e-05 9.75e-05 0.000195 0.00033 0.0004425 0.0038475 
8.25e-05 6e-05 2.25e-05 5.25e-05 2.25e-05 3e-05 7.5e-06 3e-05 3e-05 2.25e-05 7.5e-06 2.25e-05 7.5e-06 3e-05 1.5e-05 5.25e-05 6e-05 4.5e-05 3.75e-05 3.75e-05 5.25e-05 1.5e-05 5.25e-05 8.25e-05 9e-05 0.0001125 0.0001875 0.00021 0.0003225 0.0033225 
7.5e-05 5.25e-05 3e-05 0 3e-05 3e-05 3e-05 1.5e-05 2.25e-05 3e-05 3e-05 2.25e-05 2.25e-05 1.5e-05 7.5e-06 5.25e-05 6e-05 1.5e-05 1.5e-05 6e-05 5.25e-05 3.75e-05 1.5e-05 6.75e-05 0.000105 8.25e-05 0.00015 0.000165 0.000405 0.00288 
3e-05 3.75e-05 7.5e-05 2.25e-05 3e-05 7.5e-06 7.5e-06 3e-05 7.5e-06 2.25e-05 2.25e-05 1.5e-05 3.75e-05 3.75e-05 2.25e-05 2.25e-05 3e-05 7.5e-06 1.5e-05 3.75e-05 1.5e-05 3.75e-05 3.75e-05 5.25e-05 3.75e-05 7.5e-05 0.00018 0.000105 0.00027 0.00243 
6e-05 3e-05 2.25e-05 7.5e-06 7.5e-06 3.75e-05 1.5e-05 0 2.25e-05 3e-05 7.5e-06 0 1.5e-05 0 1.5e-05 0 1.5e-05 7.5e-06 3.75e-05 0 2.25e-05 4.5e-05 2.25e-05 3.75e-05 6.75e-05 8.25e-05 6.75e-05 0.0001425 0.0001875 0.0019275 
3.75e-05 2.25e-05 2.25e-05 7.5e-06 7.5e-06 7.5e-06 0 1.5e-05 7.5e-06 2.25e-05 3e-05 7.5e-06 1.5e-05 7.5e-06 4.5e-05 7.5e-06 1.5e-05 7.5e-06 7.5e-06 2.25e-05 3e-05 2.25e-05 2.25e-05 1.5e-05 6.75e-05 7.5e-05 9e-05 0.00012 0.0002025 0.0017175 
1.5e-05 7.5e-06 2.25e-05 7.5e-06 1.5e-05 7.5e-06 1.5e-05 0 0 7.5e-06 7.5e-06 1.5e-05 0 7.5e-06 0 3e-05 1.5e-05 2.25e-05 7.5e-06 1.5e-05 7.5e-06 2.25e-05 3e-05 3e-05 5.25e-05 5.25e-05 7.5e-05 8.25e-05 0.00015 0.0012675 
1.5e-05 1.5e-05 7.5e-06 0 0 7.5e-06 7.5e-06 0 0 0 0 0 7.5e-06 0 0 0 7.5e-06 0 7.5e-06 2.25e-05 1.5e-05 2.25e-05 1.5e-05 3.75e-05 1.5e-05 5.25e-05 3e-05 4.5e-05 0.00015 0.0010875 
4.5e-05 1.5e-05 0 0 0 0 1.5e-05 7.5e-06 3e-05 0 7.5e-06 0 7.5e-06 0 0 1.5e-05 2.25e-05 7.5e-06 2.25e-05 2.25e-05 2.25e-05 1.5e-05 3e-05 4.5e-05 3.75e-05 1.5e-05 3e-05 7.5e-05 0.0001125 0.00087 
7.5e-06 0 1.5e-05 0 0 1.5e-05 7.5e-06 7.5e-06 0 0 7.5e-06 0 2.25e-05 0 7.5e-06 0 0 0 0 1.5e-05 7.5e-06 2.25e-05 0 1.5e-05 7.5e-06 2.25e-05 4.5e-05 2.25e-05 3.75e-05 0.0006675 
4.5e-05 7.5e-06 7.5e-06 0 0 0 7.5e-06 7.5e-06 0 1.5e-05 0 1.5e-05 0 0 7.5e-06 0 7.5e-06 1.5e-05 0 0 7.5e-06 0 7.5e-06 3e-05 1.5e-05 0 3e-05 7.5e-06 0.000105 0.0006525 
7.5e-06 7.5e-06 0 0 7.5e-06 7.5e-06 7.5e-06 7.5e-06 0 7.5e-06 1.5e-05 0 7.5e-06 7.5e-06 1.5e-05 0 0 0 0 0 7.5e-06 0 7.5e-06 7.5e-06 0 4.5e-05 7.5e-06 5.25e-05 3.75e-05 0.000645 
7.5e-06 7.5e-06 0 0 7.5e-06 0 7.5e-06 7.5e-06 0 0 7.5e-06 0 7.5e-06 7.5e-06 1.5e-05 7.5e-06 0 7.5e-06 7.5e-06 0 0 0 7.5e-06 7.5e-06 2.25e-05 1.5e-05 3e-05 3.75e-05 8.25e-05 0.000525 
2.25e-05 7.5e-06 0 7.5e-06 0 0 7.5e-06 0 0 0 0 0 0 0 1.5e-05 7.5e-06 0 7.5e-06 0 1.5e-05 7.5e-06 0 0 7.5e-06 7.5e-06 3e-05 0 7.5e-06 6e-05 0.00039 
2.25e-05 0 0 7.5e-06 7.5e-06 0 0 0 7.5e-06 0 0 0 7.5e-06 0 0 0 7.5e-06 1.5e-05 0 7.5e-06 7.5e-06 7.5e-06 1.5e-05 0 1.5e-05 1.5e-05 2.25e-05 1.5e-05 4.5e-05 0.00027 
0 0 7.5e-06 0 0 7.5e-06 0 0 0 0 0 0 0 7.5e-06 0 7.5e-06 0 0 0 7.5e-06 0 0 0 7.5e-06 0 2.25e-05 0 1.5e-05 1.5e-05 0.000255 
0 0 7.5e-06 0 7.5e-06 7.5e-06 0 0 0 0 0 0 0 0 0 7.5e-06 0 0 7.5e-06 7.5e-06 0 0 0 0 0 0 1.5e-05 0 3e-05 0.0001875 
0 0 0 7.5e-06 0 0 0 0 0 0 7.5e-06 0 0 0 0 0 0 0 0 0 0 7.5e-06 0 1.5e-05 0 7.5e-06 3e-05 1.5e-05 1.5e-05 0.0001425 
0 0 0 7.5e-06 0 0 0 0 0 0 0 0 7.5e-06 0 0 0 0 0 0 0 0 7.5e-06 0 0 7.5e-06 7.5e-06 1.5e-05 1.5e-05 2.25e-05 0.000165 
0 0 0 7.5e-06 0 0 0 0 7.5e-06 0 0 0 0 7.5e-06 0 0 0 0 0 7.5e-06 0 0 7.5e-06 7.5e-06 0 7.5e-06 7.5e-06 0 1.5e-05 0.000105 
0 0 0 0 0 0 7.5e-06 0 0 7.5e-06 0 0 0 0 0 0 0 0 0 0 7.5e-06 0 0 7.5e-06 0 0 1.5e-05 7.5e-06 1.5e-05 0.000105 
0 0 0 0 0 0 0 0 0 0 0 0 0 0 0 0 0 7.5e-06 0 0 7.5e-06 0 0 0 0 0 1.5e-05 7.5e-06 7.5e-06 3.75e-05 
0 0 0 0 0 0 0 0 0 0 0 7.5e-06 0 0 0 0 0 0 0 0 0 0 0 0 0 1.5e-05 0 7.5e-06 0 6e-05 
0 0 0 0 0 0 0 0 0 0 0 0 0 0 0 0 0 0 0 0 0 0 0 0 7.5e-06 0 0 0 1.5e-05 5.25e-05 
0 0 0 0 0 0 0 0 0 0 0 0 0 0 0 0 0 0 0 0 0 0 0 7.5e-06 0 0 0 7.5e-06 3e-05 5.25e-05 
0 0 0 0 0 0 0 0 0 0 0 0 0 0 0 0 0 0 0 0 0 0 0 0 0 0 0 0 0 3.75e-05 
0 0 0 0 0 0 0 0 0 0 0 0 0 0 0 0 0 0 0 0 0 0 0 0 0 0 7.5e-06 0 1.5e-05 3e-05 
0 0 0 0 0 0 0 0 0 0 0 0 0 0 0 0 0 0 0 0 0 0 7.5e-06 0 0 0 0 7.5e-06 0 7.5e-06 
0 0 0 0 0 0 0 0 0 0 0 0 7.5e-06 0 0 0 0 0 0 0 7.5e-06 0 0 0 0 0 7.5e-06 0 7.5e-06 3.75e-05 
0 0 0 0 0 0 0 0 0 0 0 0 0 0 0 0 0 0 0 0 0 0 0 0 0 0 0 7.5e-06 0 1.5e-05 
0 0 0 0 0 0 0 0 0 0 0 0 0 0 0 0 0 0 0 0 0 0 0 0 0 0 0 0 0 7.5e-06 
0 0 0 0 0 0 0 0 0 0 0 0 0 0 0 0 0 0 0 0 0 0 0 0 0 0 0 0 0 0 
0 0 0 0 0 0 0 0 0 0 0 0 0 0 0 0 0 0 0 0 0 0 0 0 0 0 0 0 0 2.25e-05 
0 0 0 0 0 0 0 0 0 0 0 0 0 0 0 0 0 7.5e-06 0 0 0 0 0 0 0 0 0 0 0 0 
0 0 0 0 0 0 0 0 0 0 0 0 0 0 0 0 0 0 0 0 0 0 0 0 0 0 0 0 0 7.5e-06 
0 0 0 0 0 0 0 0 0 0 0 0 0 0 0 0 0 0 0 0 0 0 0 0 0 0 0 0 0 0 
0 0 0 0 0 0 0 0 0 0 0 0 0 0 0 0 0 0 0 0 0 0 0 0 0 0 0 0 0 0 
0 0 0 0 0 7.5e-06 0 0 0 0 0 0 0 0 0 0 0 0 0 0 0 0 0 0 0 7.5e-06 0 0 0 0 
0 0 0 0 0 0 0 0 0 0 0 0 0 0 0 0 0 0 0 0 0 0 0 0 0 0 0 0 0 7.5e-06 
0 0 0 0 0 0 0 0 0 0 0 0 0 0 0 0 0 0 0 0 0 0 0 0 0 0 0 0 0 0 
0 0 0 0 0 0 0 0 0 0 0 0 0 0 0 0 0 0 0 0 0 0 0 0 0 0 0 0 0 7.5e-06 
0 0 0 0 0 0 0 0 0 0 0 0 0 0 0 0 0 0 0 0 0 0 0 0 0 0 0 0 0 0 
0 0 0 0 0 0 0 0 0 0 0 0 0 0 0 0 0 0 0 0 0 0 0 0 0 0 0 0 0 7.5e-06 
0 0 0 0 0 0 0 0 0 0 0 0 0 0 0 0 0 0 0 0 0 0 0 0 0 0 0 0 0 0 
0 0 0 0 0 0 0 0 0 0 0 0 0 0 0 0 0 0 0 0 0 0 0 0 0 0 0 0 0 0 
0 0 0 0 0 0 0 0 0 0 0 0 0 0 0 0 0 0 0 0 0 0 0 0 0 0 0 0 0 0 
0 0 0 0 0 0 0 0 0 0 0 0 0 0 0 0 0 0 0 0 0 0 0 0 0 0 0 0 0 0 
0 0 0 0 0 0 0 0 0 0 0 0 0 0 0 0 0 0 0 0 0 0 0 0 0 0 0 0 0 0 
0 0 0 0 0 0 0 0 0 0 0 0 0 0 0 0 0 0 0 0 0 0 0 0 0 0 0 0 0 0 
0 0 0 0 0 0 0 0 0 0 0 0 0 0 0 0 0 0 0 0 0 0 0 0 0 0 0 0 0 0 
0 0 0 0 0 0 0 0 0 0 0 0 0 0 0 0 0 0 0 0 0 0 0 0 0 0 0 0 0 0 
0 0 0 0 0 0 0 0 0 0 0 0 0 0 0 0 0 0 0 0 0 0 0 0 0 0 0 0 0 0 
0 0 0 0 0 0 0 0 0 0 0 0 0 0 0 0 0 0 0 0 0 0 0 0 0 0 0 0 0 0 
0 0 0 0 0 0 0 0 0 0 0 0 0 0 0 0 0 0 0 0 0 0 0 0 0 0 0 0 0 0 
0 0 0 0 0 0 0 0 0 0 0 0 0 0 0 0 0 0 0 0 0 0 0 0 0 0 0 0 0 0 
0 0 0 0 0 0 0 0 0 0 0 0 0 0 0 0 0 0 0 0 0 0 0 0 0 0 0 0 0 0 
0 0 0 0 0 0 0 0 0 0 0 0 0 0 0 0 0 0 0 0 0 0 0 0 0 0 0 0 0 0 
0 0 0 0 0 0 0 0 0 0 0 0 0 0 0 0 0 0 0 0 0 0 0 0 0 0 0 0 0 0 
0 0 0 0 0 0 0 0 0 0 0 0 0 0 0 0 0 0 0 0 0 0 0 0 0 0 0 0 0 0 
0 0 0 0 0 0 0 0 0 0 0 0 0 0 0 0 0 0 0 0 0 0 0 0 0 0 0 0 0 0 
0 0 0 0 0 0 0 0 0 0 0 0 0 0 0 0 0 0 0 0 0 0 0 0 0 0 0 0 0 0 
0 0 0 0 0 0 0 0 0 0 0 0 0 0 0 0 0 0 0 0 0 0 0 0 0 0 0 0 0 0 
0 0 0 0 0 0 0 0 0 0 0 0 0 0 0 0 0 0 0 0 0 0 0 0 0 0 0 0 0 0 
0 0 0 0 0 0 0 0 0 0 0 0 0 0 0 0 0 0 0 0 0 0 0 0 0 0 0 0 0 0 
0 0 0 0 0 0 0 0 0 0 0 0 0 0 0 0 0 0 0 0 0 0 0 0 0 0 0 0 0 0 
0 0 0 0 0 0 0 0 0 0 0 0 0 0 0 0 0 0 0 0 0 0 0 0 0 0 0 0 0 0 
0 0 0 0 0 0 0 0 0 0 0 0 0 0 0 0 0 0 0 0 0 0 0 0 0 0 0 0 0 0 
0 0 0 0 0 0 0 0 0 0 0 0 0 0 0 0 0 0 0 0 0 0 0 0 0 0 0 0 0 0 
0 0 0 0 0 0 0 0 0 0 0 0 0 0 0 0 0 0 0 0 0 0 0 0 0 0 0 0 0 0 
0 0 0 0 0 0 0 0 0 0 0 0 0 0 0 0 0 0 0 0 0 0 0 0 0 0 0 0 0 0 
0 0 0 0 0 0 0 0 0 0 0 0 0 0 0 0 0 0 0 0 0 0 0 0 0 0 0 0 0 0 
0 0 0 0 0 0 0 0 0 0 0 0 0 0 0 0 0 0 0 0 0 0 0 0 0 0 0 0 0 0 
0 0 0 0 0 0 0 0 0 0 0 0 0 0 0 0 0 0 0 0 0 0 0 0 0 0 0 0 0 0 
0 0 0 0 0 0 0 0 0 0 0 0 0 0 0 0 0 0 0 0 0 0 0 0 0 0 0 0 0 0 
0 0 0 0 0 0 0 0 0 0 0 0 0 0 0 0 0 0 0 0 0 0 0 0 0 0 0 0 0 0 
0 0 0 0 0 0 0 0 0 0 0 0 0 0 0 0 0 0 0 0 0 0 0 0 0 0 0 0 0 0 
0 0 0 0 0 0 0 0 0 0 0 0 0 0 0 0 0 0 0 0 0 0 0 0 0 0 0 0 0 0 
0 0 0 0 0 0 0 0 0 0 0 0 0 0 0 0 0 0 0 0 0 0 0 0 0 0 0 0 0 0 
0 0 0 0 0 0 0 0 0 0 0 0 0 0 0 0 0 0 0 0 0 0 0 0 0 0 0 0 0 0 
0 0 0 0 0 0 0 0 0 0 0 0 0 0 0 0 0 0 0 0 0 0 0 0 0 0 0 0 0 0 
0 0 0 0 0 0 0 0 0 0 0 0 0 0 0 0 0 0 0 0 0 0 0 0 0 0 0 0 0 0 
