Infinite flatland isotropic point source isotropic scattering exponential random flight, mu_t = 1
Analogmu_t c: 0.01 maxr: 25 dr: 0.2 du: 0.0666667 numsamples: 10000000 numCollisionOrders: 50 numMoments: 5
CollisionDensity:
0.908339 0.746148 0.61204 0.502166 0.412316 0.337925 0.276838 0.226463 0.185597 0.152436 0.124812 0.102341 0.084012 0.0684185 0.0562485 0.0460285 0.0379655 0.030702 0.0252945 0.020792 0.01688 0.0139005 0.0114055 0.009335 0.007563 0.0062145 0.0052455 0.004198 0.0034575 0.0027875 0.002325 0.001896 0.00154 0.0012415 0.001046 0.0008525 0.0006825 0.000581 0.0004775 0.000368 0.0003395 0.0002635 0.000203 0.000176 0.000129 0.000119 8.4e-05 7.7e-05 6.8e-05 5.05e-05 4.3e-05 3.85e-05 2.75e-05 2.65e-05 2.45e-05 1.6e-05 1.15e-05 9.5e-06 1.1e-05 1.1e-05 4.5e-06 5e-06 3e-06 1.5e-06 4.5e-06 2e-06 2.5e-06 1.5e-06 0 1e-06 5e-07 1e-06 1.5e-06 0 0 0 1e-06 0 0 0 0 0 0 0 0 0 0 0 0 0 0 0 0 0 0 0 0 5e-07 0 0 0 0 0 0 0 0 0 0 0 0 0 0 0 0 0 0 0 0 0 0 0 0 0 0 0 0 
Density Moments:
1.01013 1.0156 2.03866 6.13523 24.6235 
Per-collision Density Moments:
0 0 0 0 0 
1 0.999598 1.99771 5.98949 23.9577 
0.0100254 0.0157891 0.0403134 0.143126 0.652435 
0.0001011 0.000208133 0.000634076 0.00258325 0.0132252 
1.1e-06 2.28299e-06 7.1088e-06 2.62231e-05 0.00010603 
0 0 0 0 0 
0 0 0 0 0 
0 0 0 0 0 
0 0 0 0 0 
0 0 0 0 0 
0 0 0 0 0 
0 0 0 0 0 
0 0 0 0 0 
0 0 0 0 0 
0 0 0 0 0 
0 0 0 0 0 
0 0 0 0 0 
0 0 0 0 0 
0 0 0 0 0 
0 0 0 0 0 
0 0 0 0 0 
0 0 0 0 0 
0 0 0 0 0 
0 0 0 0 0 
0 0 0 0 0 
0 0 0 0 0 
0 0 0 0 0 
0 0 0 0 0 
0 0 0 0 0 
0 0 0 0 0 
0 0 0 0 0 
0 0 0 0 0 
0 0 0 0 0 
0 0 0 0 0 
0 0 0 0 0 
0 0 0 0 0 
0 0 0 0 0 
0 0 0 0 0 
0 0 0 0 0 
0 0 0 0 0 
0 0 0 0 0 
0 0 0 0 0 
0 0 0 0 0 
0 0 0 0 0 
0 0 0 0 0 
0 0 0 0 0 
0 0 0 0 0 
0 0 0 0 0 
0 0 0 0 0 
0 0 0 0 0 
Per-collision Densities:
0 0 0 0 0 0 0 0 0 0 0 0 0 0 0 0 0 0 0 0 0 0 0 0 0 0 0 0 0 0 0 0 0 0 0 0 0 0 0 0 0 0 0 0 0 0 0 0 0 0 0 0 0 0 0 0 0 0 0 0 0 0 0 0 0 0 0 0 0 0 0 0 0 0 0 0 0 0 0 0 0 0 0 0 0 0 0 0 0 0 0 0 0 0 0 0 0 0 0 0 0 0 0 0 0 0 0 0 0 0 0 0 0 0 0 0 0 0 0 0 0 0 0 0 0 0 
0.906071 0.742094 0.607405 0.497609 0.407911 0.333796 0.273124 0.223231 0.182689 0.149964 0.122647 0.100482 0.0824245 0.0671055 0.0551 0.0450175 0.0371455 0.029993 0.0247025 0.0202925 0.016465 0.013539 0.0111245 0.009099 0.0073645 0.006044 0.0050915 0.0040695 0.0033475 0.0026975 0.002254 0.0018305 0.0014995 0.0012015 0.0010145 0.000828 0.0006605 0.0005615 0.000463 0.000353 0.0003315 0.000253 0.0001925 0.000168 0.000123 0.0001165 8.05e-05 7.45e-05 6.4e-05 4.85e-05 4.1e-05 3.55e-05 2.65e-05 2.45e-05 2.35e-05 1.5e-05 1.15e-05 9.5e-06 9.5e-06 1.05e-05 4.5e-06 5e-06 3e-06 1.5e-06 4.5e-06 2e-06 2.5e-06 1.5e-06 0 5e-07 5e-07 1e-06 1.5e-06 0 0 0 1e-06 0 0 0 0 0 0 0 0 0 0 0 0 0 0 0 0 0 0 0 0 5e-07 0 0 0 0 0 0 0 0 0 0 0 0 0 0 0 0 0 0 0 0 0 0 0 0 0 0 0 0 
0.0022585 0.004039 0.004609 0.0045205 0.004368 0.004092 0.0036835 0.0031915 0.002871 0.0024445 0.0021415 0.001834 0.00156 0.001295 0.0011345 0.0009965 0.0008055 0.0006985 0.000584 0.0004925 0.0004065 0.000354 0.000276 0.00023 0.000194 0.0001675 0.000152 0.0001265 0.0001075 8.9e-05 6.95e-05 6.5e-05 3.9e-05 3.9e-05 3.15e-05 2.35e-05 2.05e-05 1.95e-05 1.4e-05 1.5e-05 8e-06 1.05e-05 1.05e-05 8e-06 5.5e-06 2e-06 3.5e-06 2e-06 4e-06 1.5e-06 2e-06 3e-06 1e-06 2e-06 1e-06 1e-06 0 0 1.5e-06 5e-07 0 0 0 0 0 0 0 0 0 5e-07 0 0 0 0 0 0 0 0 0 0 0 0 0 0 0 0 0 0 0 0 0 0 0 0 0 0 0 0 0 0 0 0 0 0 0 0 0 0 0 0 0 0 0 0 0 0 0 0 0 0 0 0 0 0 0 0 
1e-05 1.4e-05 2.6e-05 3.65e-05 3.7e-05 3.6e-05 2.95e-05 4.05e-05 3.75e-05 2.7e-05 2.35e-05 2.5e-05 2.65e-05 1.8e-05 1.35e-05 1.45e-05 1.45e-05 1.05e-05 8e-06 7e-06 8.5e-06 7e-06 5e-06 6e-06 4e-06 3e-06 2e-06 2e-06 2.5e-06 1e-06 1.5e-06 5e-07 1.5e-06 1e-06 0 1e-06 1.5e-06 0 5e-07 0 0 0 0 0 5e-07 5e-07 0 5e-07 0 5e-07 0 0 0 0 0 0 0 0 0 0 0 0 0 0 0 0 0 0 0 0 0 0 0 0 0 0 0 0 0 0 0 0 0 0 0 0 0 0 0 0 0 0 0 0 0 0 0 0 0 0 0 0 0 0 0 0 0 0 0 0 0 0 0 0 0 0 0 0 0 0 0 0 0 0 0 0 
0 1e-06 5e-07 0 0 5e-07 5e-07 0 0 0 0 5e-07 1e-06 0 5e-07 0 0 0 0 0 0 5e-07 0 0 5e-07 0 0 0 0 0 0 0 0 0 0 0 0 0 0 0 0 0 0 0 0 0 0 0 0 0 0 0 0 0 0 0 0 0 0 0 0 0 0 0 0 0 0 0 0 0 0 0 0 0 0 0 0 0 0 0 0 0 0 0 0 0 0 0 0 0 0 0 0 0 0 0 0 0 0 0 0 0 0 0 0 0 0 0 0 0 0 0 0 0 0 0 0 0 0 0 0 0 0 0 0 0 
0 0 0 0 0 0 0 0 0 0 0 0 0 0 0 0 0 0 0 0 0 0 0 0 0 0 0 0 0 0 0 0 0 0 0 0 0 0 0 0 0 0 0 0 0 0 0 0 0 0 0 0 0 0 0 0 0 0 0 0 0 0 0 0 0 0 0 0 0 0 0 0 0 0 0 0 0 0 0 0 0 0 0 0 0 0 0 0 0 0 0 0 0 0 0 0 0 0 0 0 0 0 0 0 0 0 0 0 0 0 0 0 0 0 0 0 0 0 0 0 0 0 0 0 0 0 
0 0 0 0 0 0 0 0 0 0 0 0 0 0 0 0 0 0 0 0 0 0 0 0 0 0 0 0 0 0 0 0 0 0 0 0 0 0 0 0 0 0 0 0 0 0 0 0 0 0 0 0 0 0 0 0 0 0 0 0 0 0 0 0 0 0 0 0 0 0 0 0 0 0 0 0 0 0 0 0 0 0 0 0 0 0 0 0 0 0 0 0 0 0 0 0 0 0 0 0 0 0 0 0 0 0 0 0 0 0 0 0 0 0 0 0 0 0 0 0 0 0 0 0 0 0 
0 0 0 0 0 0 0 0 0 0 0 0 0 0 0 0 0 0 0 0 0 0 0 0 0 0 0 0 0 0 0 0 0 0 0 0 0 0 0 0 0 0 0 0 0 0 0 0 0 0 0 0 0 0 0 0 0 0 0 0 0 0 0 0 0 0 0 0 0 0 0 0 0 0 0 0 0 0 0 0 0 0 0 0 0 0 0 0 0 0 0 0 0 0 0 0 0 0 0 0 0 0 0 0 0 0 0 0 0 0 0 0 0 0 0 0 0 0 0 0 0 0 0 0 0 0 
0 0 0 0 0 0 0 0 0 0 0 0 0 0 0 0 0 0 0 0 0 0 0 0 0 0 0 0 0 0 0 0 0 0 0 0 0 0 0 0 0 0 0 0 0 0 0 0 0 0 0 0 0 0 0 0 0 0 0 0 0 0 0 0 0 0 0 0 0 0 0 0 0 0 0 0 0 0 0 0 0 0 0 0 0 0 0 0 0 0 0 0 0 0 0 0 0 0 0 0 0 0 0 0 0 0 0 0 0 0 0 0 0 0 0 0 0 0 0 0 0 0 0 0 0 0 
0 0 0 0 0 0 0 0 0 0 0 0 0 0 0 0 0 0 0 0 0 0 0 0 0 0 0 0 0 0 0 0 0 0 0 0 0 0 0 0 0 0 0 0 0 0 0 0 0 0 0 0 0 0 0 0 0 0 0 0 0 0 0 0 0 0 0 0 0 0 0 0 0 0 0 0 0 0 0 0 0 0 0 0 0 0 0 0 0 0 0 0 0 0 0 0 0 0 0 0 0 0 0 0 0 0 0 0 0 0 0 0 0 0 0 0 0 0 0 0 0 0 0 0 0 0 
0 0 0 0 0 0 0 0 0 0 0 0 0 0 0 0 0 0 0 0 0 0 0 0 0 0 0 0 0 0 0 0 0 0 0 0 0 0 0 0 0 0 0 0 0 0 0 0 0 0 0 0 0 0 0 0 0 0 0 0 0 0 0 0 0 0 0 0 0 0 0 0 0 0 0 0 0 0 0 0 0 0 0 0 0 0 0 0 0 0 0 0 0 0 0 0 0 0 0 0 0 0 0 0 0 0 0 0 0 0 0 0 0 0 0 0 0 0 0 0 0 0 0 0 0 0 
0 0 0 0 0 0 0 0 0 0 0 0 0 0 0 0 0 0 0 0 0 0 0 0 0 0 0 0 0 0 0 0 0 0 0 0 0 0 0 0 0 0 0 0 0 0 0 0 0 0 0 0 0 0 0 0 0 0 0 0 0 0 0 0 0 0 0 0 0 0 0 0 0 0 0 0 0 0 0 0 0 0 0 0 0 0 0 0 0 0 0 0 0 0 0 0 0 0 0 0 0 0 0 0 0 0 0 0 0 0 0 0 0 0 0 0 0 0 0 0 0 0 0 0 0 0 
0 0 0 0 0 0 0 0 0 0 0 0 0 0 0 0 0 0 0 0 0 0 0 0 0 0 0 0 0 0 0 0 0 0 0 0 0 0 0 0 0 0 0 0 0 0 0 0 0 0 0 0 0 0 0 0 0 0 0 0 0 0 0 0 0 0 0 0 0 0 0 0 0 0 0 0 0 0 0 0 0 0 0 0 0 0 0 0 0 0 0 0 0 0 0 0 0 0 0 0 0 0 0 0 0 0 0 0 0 0 0 0 0 0 0 0 0 0 0 0 0 0 0 0 0 0 
0 0 0 0 0 0 0 0 0 0 0 0 0 0 0 0 0 0 0 0 0 0 0 0 0 0 0 0 0 0 0 0 0 0 0 0 0 0 0 0 0 0 0 0 0 0 0 0 0 0 0 0 0 0 0 0 0 0 0 0 0 0 0 0 0 0 0 0 0 0 0 0 0 0 0 0 0 0 0 0 0 0 0 0 0 0 0 0 0 0 0 0 0 0 0 0 0 0 0 0 0 0 0 0 0 0 0 0 0 0 0 0 0 0 0 0 0 0 0 0 0 0 0 0 0 0 
0 0 0 0 0 0 0 0 0 0 0 0 0 0 0 0 0 0 0 0 0 0 0 0 0 0 0 0 0 0 0 0 0 0 0 0 0 0 0 0 0 0 0 0 0 0 0 0 0 0 0 0 0 0 0 0 0 0 0 0 0 0 0 0 0 0 0 0 0 0 0 0 0 0 0 0 0 0 0 0 0 0 0 0 0 0 0 0 0 0 0 0 0 0 0 0 0 0 0 0 0 0 0 0 0 0 0 0 0 0 0 0 0 0 0 0 0 0 0 0 0 0 0 0 0 0 
0 0 0 0 0 0 0 0 0 0 0 0 0 0 0 0 0 0 0 0 0 0 0 0 0 0 0 0 0 0 0 0 0 0 0 0 0 0 0 0 0 0 0 0 0 0 0 0 0 0 0 0 0 0 0 0 0 0 0 0 0 0 0 0 0 0 0 0 0 0 0 0 0 0 0 0 0 0 0 0 0 0 0 0 0 0 0 0 0 0 0 0 0 0 0 0 0 0 0 0 0 0 0 0 0 0 0 0 0 0 0 0 0 0 0 0 0 0 0 0 0 0 0 0 0 0 
0 0 0 0 0 0 0 0 0 0 0 0 0 0 0 0 0 0 0 0 0 0 0 0 0 0 0 0 0 0 0 0 0 0 0 0 0 0 0 0 0 0 0 0 0 0 0 0 0 0 0 0 0 0 0 0 0 0 0 0 0 0 0 0 0 0 0 0 0 0 0 0 0 0 0 0 0 0 0 0 0 0 0 0 0 0 0 0 0 0 0 0 0 0 0 0 0 0 0 0 0 0 0 0 0 0 0 0 0 0 0 0 0 0 0 0 0 0 0 0 0 0 0 0 0 0 
0 0 0 0 0 0 0 0 0 0 0 0 0 0 0 0 0 0 0 0 0 0 0 0 0 0 0 0 0 0 0 0 0 0 0 0 0 0 0 0 0 0 0 0 0 0 0 0 0 0 0 0 0 0 0 0 0 0 0 0 0 0 0 0 0 0 0 0 0 0 0 0 0 0 0 0 0 0 0 0 0 0 0 0 0 0 0 0 0 0 0 0 0 0 0 0 0 0 0 0 0 0 0 0 0 0 0 0 0 0 0 0 0 0 0 0 0 0 0 0 0 0 0 0 0 0 
0 0 0 0 0 0 0 0 0 0 0 0 0 0 0 0 0 0 0 0 0 0 0 0 0 0 0 0 0 0 0 0 0 0 0 0 0 0 0 0 0 0 0 0 0 0 0 0 0 0 0 0 0 0 0 0 0 0 0 0 0 0 0 0 0 0 0 0 0 0 0 0 0 0 0 0 0 0 0 0 0 0 0 0 0 0 0 0 0 0 0 0 0 0 0 0 0 0 0 0 0 0 0 0 0 0 0 0 0 0 0 0 0 0 0 0 0 0 0 0 0 0 0 0 0 0 
0 0 0 0 0 0 0 0 0 0 0 0 0 0 0 0 0 0 0 0 0 0 0 0 0 0 0 0 0 0 0 0 0 0 0 0 0 0 0 0 0 0 0 0 0 0 0 0 0 0 0 0 0 0 0 0 0 0 0 0 0 0 0 0 0 0 0 0 0 0 0 0 0 0 0 0 0 0 0 0 0 0 0 0 0 0 0 0 0 0 0 0 0 0 0 0 0 0 0 0 0 0 0 0 0 0 0 0 0 0 0 0 0 0 0 0 0 0 0 0 0 0 0 0 0 0 
0 0 0 0 0 0 0 0 0 0 0 0 0 0 0 0 0 0 0 0 0 0 0 0 0 0 0 0 0 0 0 0 0 0 0 0 0 0 0 0 0 0 0 0 0 0 0 0 0 0 0 0 0 0 0 0 0 0 0 0 0 0 0 0 0 0 0 0 0 0 0 0 0 0 0 0 0 0 0 0 0 0 0 0 0 0 0 0 0 0 0 0 0 0 0 0 0 0 0 0 0 0 0 0 0 0 0 0 0 0 0 0 0 0 0 0 0 0 0 0 0 0 0 0 0 0 
0 0 0 0 0 0 0 0 0 0 0 0 0 0 0 0 0 0 0 0 0 0 0 0 0 0 0 0 0 0 0 0 0 0 0 0 0 0 0 0 0 0 0 0 0 0 0 0 0 0 0 0 0 0 0 0 0 0 0 0 0 0 0 0 0 0 0 0 0 0 0 0 0 0 0 0 0 0 0 0 0 0 0 0 0 0 0 0 0 0 0 0 0 0 0 0 0 0 0 0 0 0 0 0 0 0 0 0 0 0 0 0 0 0 0 0 0 0 0 0 0 0 0 0 0 0 
0 0 0 0 0 0 0 0 0 0 0 0 0 0 0 0 0 0 0 0 0 0 0 0 0 0 0 0 0 0 0 0 0 0 0 0 0 0 0 0 0 0 0 0 0 0 0 0 0 0 0 0 0 0 0 0 0 0 0 0 0 0 0 0 0 0 0 0 0 0 0 0 0 0 0 0 0 0 0 0 0 0 0 0 0 0 0 0 0 0 0 0 0 0 0 0 0 0 0 0 0 0 0 0 0 0 0 0 0 0 0 0 0 0 0 0 0 0 0 0 0 0 0 0 0 0 
0 0 0 0 0 0 0 0 0 0 0 0 0 0 0 0 0 0 0 0 0 0 0 0 0 0 0 0 0 0 0 0 0 0 0 0 0 0 0 0 0 0 0 0 0 0 0 0 0 0 0 0 0 0 0 0 0 0 0 0 0 0 0 0 0 0 0 0 0 0 0 0 0 0 0 0 0 0 0 0 0 0 0 0 0 0 0 0 0 0 0 0 0 0 0 0 0 0 0 0 0 0 0 0 0 0 0 0 0 0 0 0 0 0 0 0 0 0 0 0 0 0 0 0 0 0 
0 0 0 0 0 0 0 0 0 0 0 0 0 0 0 0 0 0 0 0 0 0 0 0 0 0 0 0 0 0 0 0 0 0 0 0 0 0 0 0 0 0 0 0 0 0 0 0 0 0 0 0 0 0 0 0 0 0 0 0 0 0 0 0 0 0 0 0 0 0 0 0 0 0 0 0 0 0 0 0 0 0 0 0 0 0 0 0 0 0 0 0 0 0 0 0 0 0 0 0 0 0 0 0 0 0 0 0 0 0 0 0 0 0 0 0 0 0 0 0 0 0 0 0 0 0 
0 0 0 0 0 0 0 0 0 0 0 0 0 0 0 0 0 0 0 0 0 0 0 0 0 0 0 0 0 0 0 0 0 0 0 0 0 0 0 0 0 0 0 0 0 0 0 0 0 0 0 0 0 0 0 0 0 0 0 0 0 0 0 0 0 0 0 0 0 0 0 0 0 0 0 0 0 0 0 0 0 0 0 0 0 0 0 0 0 0 0 0 0 0 0 0 0 0 0 0 0 0 0 0 0 0 0 0 0 0 0 0 0 0 0 0 0 0 0 0 0 0 0 0 0 0 
0 0 0 0 0 0 0 0 0 0 0 0 0 0 0 0 0 0 0 0 0 0 0 0 0 0 0 0 0 0 0 0 0 0 0 0 0 0 0 0 0 0 0 0 0 0 0 0 0 0 0 0 0 0 0 0 0 0 0 0 0 0 0 0 0 0 0 0 0 0 0 0 0 0 0 0 0 0 0 0 0 0 0 0 0 0 0 0 0 0 0 0 0 0 0 0 0 0 0 0 0 0 0 0 0 0 0 0 0 0 0 0 0 0 0 0 0 0 0 0 0 0 0 0 0 0 
0 0 0 0 0 0 0 0 0 0 0 0 0 0 0 0 0 0 0 0 0 0 0 0 0 0 0 0 0 0 0 0 0 0 0 0 0 0 0 0 0 0 0 0 0 0 0 0 0 0 0 0 0 0 0 0 0 0 0 0 0 0 0 0 0 0 0 0 0 0 0 0 0 0 0 0 0 0 0 0 0 0 0 0 0 0 0 0 0 0 0 0 0 0 0 0 0 0 0 0 0 0 0 0 0 0 0 0 0 0 0 0 0 0 0 0 0 0 0 0 0 0 0 0 0 0 
0 0 0 0 0 0 0 0 0 0 0 0 0 0 0 0 0 0 0 0 0 0 0 0 0 0 0 0 0 0 0 0 0 0 0 0 0 0 0 0 0 0 0 0 0 0 0 0 0 0 0 0 0 0 0 0 0 0 0 0 0 0 0 0 0 0 0 0 0 0 0 0 0 0 0 0 0 0 0 0 0 0 0 0 0 0 0 0 0 0 0 0 0 0 0 0 0 0 0 0 0 0 0 0 0 0 0 0 0 0 0 0 0 0 0 0 0 0 0 0 0 0 0 0 0 0 
0 0 0 0 0 0 0 0 0 0 0 0 0 0 0 0 0 0 0 0 0 0 0 0 0 0 0 0 0 0 0 0 0 0 0 0 0 0 0 0 0 0 0 0 0 0 0 0 0 0 0 0 0 0 0 0 0 0 0 0 0 0 0 0 0 0 0 0 0 0 0 0 0 0 0 0 0 0 0 0 0 0 0 0 0 0 0 0 0 0 0 0 0 0 0 0 0 0 0 0 0 0 0 0 0 0 0 0 0 0 0 0 0 0 0 0 0 0 0 0 0 0 0 0 0 0 
0 0 0 0 0 0 0 0 0 0 0 0 0 0 0 0 0 0 0 0 0 0 0 0 0 0 0 0 0 0 0 0 0 0 0 0 0 0 0 0 0 0 0 0 0 0 0 0 0 0 0 0 0 0 0 0 0 0 0 0 0 0 0 0 0 0 0 0 0 0 0 0 0 0 0 0 0 0 0 0 0 0 0 0 0 0 0 0 0 0 0 0 0 0 0 0 0 0 0 0 0 0 0 0 0 0 0 0 0 0 0 0 0 0 0 0 0 0 0 0 0 0 0 0 0 0 
0 0 0 0 0 0 0 0 0 0 0 0 0 0 0 0 0 0 0 0 0 0 0 0 0 0 0 0 0 0 0 0 0 0 0 0 0 0 0 0 0 0 0 0 0 0 0 0 0 0 0 0 0 0 0 0 0 0 0 0 0 0 0 0 0 0 0 0 0 0 0 0 0 0 0 0 0 0 0 0 0 0 0 0 0 0 0 0 0 0 0 0 0 0 0 0 0 0 0 0 0 0 0 0 0 0 0 0 0 0 0 0 0 0 0 0 0 0 0 0 0 0 0 0 0 0 
0 0 0 0 0 0 0 0 0 0 0 0 0 0 0 0 0 0 0 0 0 0 0 0 0 0 0 0 0 0 0 0 0 0 0 0 0 0 0 0 0 0 0 0 0 0 0 0 0 0 0 0 0 0 0 0 0 0 0 0 0 0 0 0 0 0 0 0 0 0 0 0 0 0 0 0 0 0 0 0 0 0 0 0 0 0 0 0 0 0 0 0 0 0 0 0 0 0 0 0 0 0 0 0 0 0 0 0 0 0 0 0 0 0 0 0 0 0 0 0 0 0 0 0 0 0 
0 0 0 0 0 0 0 0 0 0 0 0 0 0 0 0 0 0 0 0 0 0 0 0 0 0 0 0 0 0 0 0 0 0 0 0 0 0 0 0 0 0 0 0 0 0 0 0 0 0 0 0 0 0 0 0 0 0 0 0 0 0 0 0 0 0 0 0 0 0 0 0 0 0 0 0 0 0 0 0 0 0 0 0 0 0 0 0 0 0 0 0 0 0 0 0 0 0 0 0 0 0 0 0 0 0 0 0 0 0 0 0 0 0 0 0 0 0 0 0 0 0 0 0 0 0 
0 0 0 0 0 0 0 0 0 0 0 0 0 0 0 0 0 0 0 0 0 0 0 0 0 0 0 0 0 0 0 0 0 0 0 0 0 0 0 0 0 0 0 0 0 0 0 0 0 0 0 0 0 0 0 0 0 0 0 0 0 0 0 0 0 0 0 0 0 0 0 0 0 0 0 0 0 0 0 0 0 0 0 0 0 0 0 0 0 0 0 0 0 0 0 0 0 0 0 0 0 0 0 0 0 0 0 0 0 0 0 0 0 0 0 0 0 0 0 0 0 0 0 0 0 0 
0 0 0 0 0 0 0 0 0 0 0 0 0 0 0 0 0 0 0 0 0 0 0 0 0 0 0 0 0 0 0 0 0 0 0 0 0 0 0 0 0 0 0 0 0 0 0 0 0 0 0 0 0 0 0 0 0 0 0 0 0 0 0 0 0 0 0 0 0 0 0 0 0 0 0 0 0 0 0 0 0 0 0 0 0 0 0 0 0 0 0 0 0 0 0 0 0 0 0 0 0 0 0 0 0 0 0 0 0 0 0 0 0 0 0 0 0 0 0 0 0 0 0 0 0 0 
0 0 0 0 0 0 0 0 0 0 0 0 0 0 0 0 0 0 0 0 0 0 0 0 0 0 0 0 0 0 0 0 0 0 0 0 0 0 0 0 0 0 0 0 0 0 0 0 0 0 0 0 0 0 0 0 0 0 0 0 0 0 0 0 0 0 0 0 0 0 0 0 0 0 0 0 0 0 0 0 0 0 0 0 0 0 0 0 0 0 0 0 0 0 0 0 0 0 0 0 0 0 0 0 0 0 0 0 0 0 0 0 0 0 0 0 0 0 0 0 0 0 0 0 0 0 
0 0 0 0 0 0 0 0 0 0 0 0 0 0 0 0 0 0 0 0 0 0 0 0 0 0 0 0 0 0 0 0 0 0 0 0 0 0 0 0 0 0 0 0 0 0 0 0 0 0 0 0 0 0 0 0 0 0 0 0 0 0 0 0 0 0 0 0 0 0 0 0 0 0 0 0 0 0 0 0 0 0 0 0 0 0 0 0 0 0 0 0 0 0 0 0 0 0 0 0 0 0 0 0 0 0 0 0 0 0 0 0 0 0 0 0 0 0 0 0 0 0 0 0 0 0 
0 0 0 0 0 0 0 0 0 0 0 0 0 0 0 0 0 0 0 0 0 0 0 0 0 0 0 0 0 0 0 0 0 0 0 0 0 0 0 0 0 0 0 0 0 0 0 0 0 0 0 0 0 0 0 0 0 0 0 0 0 0 0 0 0 0 0 0 0 0 0 0 0 0 0 0 0 0 0 0 0 0 0 0 0 0 0 0 0 0 0 0 0 0 0 0 0 0 0 0 0 0 0 0 0 0 0 0 0 0 0 0 0 0 0 0 0 0 0 0 0 0 0 0 0 0 
0 0 0 0 0 0 0 0 0 0 0 0 0 0 0 0 0 0 0 0 0 0 0 0 0 0 0 0 0 0 0 0 0 0 0 0 0 0 0 0 0 0 0 0 0 0 0 0 0 0 0 0 0 0 0 0 0 0 0 0 0 0 0 0 0 0 0 0 0 0 0 0 0 0 0 0 0 0 0 0 0 0 0 0 0 0 0 0 0 0 0 0 0 0 0 0 0 0 0 0 0 0 0 0 0 0 0 0 0 0 0 0 0 0 0 0 0 0 0 0 0 0 0 0 0 0 
0 0 0 0 0 0 0 0 0 0 0 0 0 0 0 0 0 0 0 0 0 0 0 0 0 0 0 0 0 0 0 0 0 0 0 0 0 0 0 0 0 0 0 0 0 0 0 0 0 0 0 0 0 0 0 0 0 0 0 0 0 0 0 0 0 0 0 0 0 0 0 0 0 0 0 0 0 0 0 0 0 0 0 0 0 0 0 0 0 0 0 0 0 0 0 0 0 0 0 0 0 0 0 0 0 0 0 0 0 0 0 0 0 0 0 0 0 0 0 0 0 0 0 0 0 0 
0 0 0 0 0 0 0 0 0 0 0 0 0 0 0 0 0 0 0 0 0 0 0 0 0 0 0 0 0 0 0 0 0 0 0 0 0 0 0 0 0 0 0 0 0 0 0 0 0 0 0 0 0 0 0 0 0 0 0 0 0 0 0 0 0 0 0 0 0 0 0 0 0 0 0 0 0 0 0 0 0 0 0 0 0 0 0 0 0 0 0 0 0 0 0 0 0 0 0 0 0 0 0 0 0 0 0 0 0 0 0 0 0 0 0 0 0 0 0 0 0 0 0 0 0 0 
0 0 0 0 0 0 0 0 0 0 0 0 0 0 0 0 0 0 0 0 0 0 0 0 0 0 0 0 0 0 0 0 0 0 0 0 0 0 0 0 0 0 0 0 0 0 0 0 0 0 0 0 0 0 0 0 0 0 0 0 0 0 0 0 0 0 0 0 0 0 0 0 0 0 0 0 0 0 0 0 0 0 0 0 0 0 0 0 0 0 0 0 0 0 0 0 0 0 0 0 0 0 0 0 0 0 0 0 0 0 0 0 0 0 0 0 0 0 0 0 0 0 0 0 0 0 
0 0 0 0 0 0 0 0 0 0 0 0 0 0 0 0 0 0 0 0 0 0 0 0 0 0 0 0 0 0 0 0 0 0 0 0 0 0 0 0 0 0 0 0 0 0 0 0 0 0 0 0 0 0 0 0 0 0 0 0 0 0 0 0 0 0 0 0 0 0 0 0 0 0 0 0 0 0 0 0 0 0 0 0 0 0 0 0 0 0 0 0 0 0 0 0 0 0 0 0 0 0 0 0 0 0 0 0 0 0 0 0 0 0 0 0 0 0 0 0 0 0 0 0 0 0 
0 0 0 0 0 0 0 0 0 0 0 0 0 0 0 0 0 0 0 0 0 0 0 0 0 0 0 0 0 0 0 0 0 0 0 0 0 0 0 0 0 0 0 0 0 0 0 0 0 0 0 0 0 0 0 0 0 0 0 0 0 0 0 0 0 0 0 0 0 0 0 0 0 0 0 0 0 0 0 0 0 0 0 0 0 0 0 0 0 0 0 0 0 0 0 0 0 0 0 0 0 0 0 0 0 0 0 0 0 0 0 0 0 0 0 0 0 0 0 0 0 0 0 0 0 0 
0 0 0 0 0 0 0 0 0 0 0 0 0 0 0 0 0 0 0 0 0 0 0 0 0 0 0 0 0 0 0 0 0 0 0 0 0 0 0 0 0 0 0 0 0 0 0 0 0 0 0 0 0 0 0 0 0 0 0 0 0 0 0 0 0 0 0 0 0 0 0 0 0 0 0 0 0 0 0 0 0 0 0 0 0 0 0 0 0 0 0 0 0 0 0 0 0 0 0 0 0 0 0 0 0 0 0 0 0 0 0 0 0 0 0 0 0 0 0 0 0 0 0 0 0 0 
0 0 0 0 0 0 0 0 0 0 0 0 0 0 0 0 0 0 0 0 0 0 0 0 0 0 0 0 0 0 0 0 0 0 0 0 0 0 0 0 0 0 0 0 0 0 0 0 0 0 0 0 0 0 0 0 0 0 0 0 0 0 0 0 0 0 0 0 0 0 0 0 0 0 0 0 0 0 0 0 0 0 0 0 0 0 0 0 0 0 0 0 0 0 0 0 0 0 0 0 0 0 0 0 0 0 0 0 0 0 0 0 0 0 0 0 0 0 0 0 0 0 0 0 0 0 
0 0 0 0 0 0 0 0 0 0 0 0 0 0 0 0 0 0 0 0 0 0 0 0 0 0 0 0 0 0 0 0 0 0 0 0 0 0 0 0 0 0 0 0 0 0 0 0 0 0 0 0 0 0 0 0 0 0 0 0 0 0 0 0 0 0 0 0 0 0 0 0 0 0 0 0 0 0 0 0 0 0 0 0 0 0 0 0 0 0 0 0 0 0 0 0 0 0 0 0 0 0 0 0 0 0 0 0 0 0 0 0 0 0 0 0 0 0 0 0 0 0 0 0 0 0 
0 0 0 0 0 0 0 0 0 0 0 0 0 0 0 0 0 0 0 0 0 0 0 0 0 0 0 0 0 0 0 0 0 0 0 0 0 0 0 0 0 0 0 0 0 0 0 0 0 0 0 0 0 0 0 0 0 0 0 0 0 0 0 0 0 0 0 0 0 0 0 0 0 0 0 0 0 0 0 0 0 0 0 0 0 0 0 0 0 0 0 0 0 0 0 0 0 0 0 0 0 0 0 0 0 0 0 0 0 0 0 0 0 0 0 0 0 0 0 0 0 0 0 0 0 0 
0 0 0 0 0 0 0 0 0 0 0 0 0 0 0 0 0 0 0 0 0 0 0 0 0 0 0 0 0 0 0 0 0 0 0 0 0 0 0 0 0 0 0 0 0 0 0 0 0 0 0 0 0 0 0 0 0 0 0 0 0 0 0 0 0 0 0 0 0 0 0 0 0 0 0 0 0 0 0 0 0 0 0 0 0 0 0 0 0 0 0 0 0 0 0 0 0 0 0 0 0 0 0 0 0 0 0 0 0 0 0 0 0 0 0 0 0 0 0 0 0 0 0 0 0 0 
Angular Collision Densities:
0.0020925 0.0010275 0.0008025 0.0005775 0.0006075 0.0005775 0.0005775 0.00054 0.00048 0.000495 0.0003675 0.0005625 0.000495 0.0005175 0.0005925 0.00042 0.00057 0.0006525 0.0007275 0.00078 0.0006225 0.000735 0.0009225 0.00102 0.0009075 0.001095 0.001365 0.001725 0.0026775 13.6006 
0.003105 0.0013425 0.0012225 0.0009 0.00072 0.0008175 0.00087 0.0008175 0.00084 0.000885 0.00075 0.000945 0.0007275 0.000795 0.00099 0.0009975 0.0009075 0.0008025 0.0010425 0.0011175 0.001125 0.0013725 0.0013425 0.001665 0.00159 0.001965 0.0022275 0.0033375 0.004995 11.152 
0.0033825 0.001305 0.0012 0.00102 0.0009375 0.0009375 0.00075 0.0007275 0.00075 0.0008175 0.0009075 0.0008625 0.000855 0.00084 0.0008625 0.000795 0.00093 0.001005 0.00105 0.0011025 0.0011925 0.00135 0.00168 0.0015825 0.001965 0.0020925 0.002895 0.0037275 0.0060075 9.13707 
0.00309 0.00129 0.001005 0.00105 0.0008775 0.0006525 0.0006525 0.00078 0.0008625 0.0008625 0.00075 0.000735 0.0008775 0.0006975 0.000765 0.000825 0.0008925 0.0009375 0.0010125 0.0010425 0.00108 0.001305 0.00132 0.0016425 0.0017175 0.0024 0.0027825 0.0038325 0.00594 7.49081 
0.0027975 0.0011025 0.0009 0.000945 0.0007425 0.0006825 0.000645 0.000645 0.00075 0.000705 0.00066 0.00063 0.00069 0.00066 0.0007275 0.0007725 0.000825 0.000795 0.0010275 0.0008775 0.00111 0.0011175 0.0012525 0.00147 0.00189 0.0020925 0.00246 0.0035025 0.0060675 6.14619 
0.0021675 0.00093 0.0008025 0.0006 0.000645 0.00075 0.0006525 0.0006225 0.0004275 0.00066 0.0006 0.00063 0.000645 0.0005625 0.0006075 0.00069 0.00066 0.000825 0.00087 0.00099 0.000825 0.0012075 0.0011325 0.00138 0.0014925 0.0019575 0.002475 0.0035025 0.00546 5.0341 
0.00195 0.000915 0.0006225 0.00066 0.0005025 0.000585 0.000465 0.00054 0.0005175 0.0003825 0.000495 0.0005625 0.000525 0.0006075 0.0004875 0.0006225 0.00054 0.00069 0.0005625 0.00078 0.0007425 0.0008475 0.0011175 0.001215 0.0015675 0.001695 0.002115 0.00315 0.00459 4.12251 
0.0016425 0.0007425 0.0004275 0.0005025 0.0004725 0.0004425 0.0004125 0.0003825 0.00036 0.000435 0.0003675 0.0004425 0.0004575 0.0004725 0.00054 0.000465 0.0006 0.0005475 0.0006825 0.000705 0.000795 0.000765 0.0008175 0.0009375 0.00117 0.001485 0.001845 0.00234 0.00429 3.3714 
0.0011625 0.0006 0.0005925 0.00039 0.0003675 0.00033 0.000315 0.0003675 0.0003675 0.000345 0.0003825 0.000405 0.0003525 0.0002925 0.000405 0.0003975 0.000495 0.0005625 0.0005475 0.000645 0.0006525 0.0007425 0.00066 0.0008175 0.0012825 0.00126 0.0016425 0.00246 0.00396 2.76116 
0.000945 0.0004875 0.000405 0.0002775 0.0002625 0.000315 0.0003 0.0002625 0.0002475 0.00027 0.000285 0.000345 0.0002625 0.0003 0.0002625 0.000345 0.00027 0.0003225 0.000465 0.00036 0.0006 0.0006975 0.000765 0.0007725 0.000705 0.0012975 0.00147 0.001995 0.0030975 2.26814 
0.0009975 0.0004875 0.000315 0.0003075 0.00027 0.0002925 0.00018 0.0002475 0.0003075 0.00021 0.0003375 0.000195 0.000225 0.0003 0.0003225 0.0003825 0.0003075 0.0002325 0.0003225 0.000345 0.00042 0.00054 0.0005625 0.000615 0.00078 0.0006225 0.0012975 0.0017175 0.002985 1.85605 
0.0007425 0.0004125 0.0003075 0.0002475 0.0001425 0.000195 0.000225 0.0001725 0.000195 0.000285 0.00024 0.00024 0.00018 0.0002325 0.0002625 0.0003375 0.0002475 0.00033 0.000375 0.0003525 0.000255 0.0003975 0.000495 0.00039 0.000585 0.0007725 0.0010125 0.0013425 0.002385 1.52176 
0.000615 0.000285 0.0001875 0.000225 0.0001875 0.000255 0.0002175 0.0002025 0.0002025 0.00015 0.0001575 0.0001875 0.000105 0.000225 0.0001875 0.00018 0.000225 0.00027 0.0002475 0.0002925 0.0003375 0.00033 0.0003375 0.00051 0.0005625 0.00066 0.0008925 0.001185 0.0019275 1.24883 
0.0005325 0.0001875 0.00015 0.000105 0.000165 0.0002025 0.0001275 6.75e-05 0.0001425 0.0001575 0.0002625 0.0001725 0.0001575 0.000225 0.000135 0.0001875 0.000135 0.000195 0.00018 0.00021 0.000195 0.00024 0.000255 0.000345 0.000405 0.0006375 0.000825 0.001005 0.0018075 1.01686 
0.0004575 0.0002025 0.00015 0.0001125 0.0001725 6.75e-05 0.0001125 0.000135 0.0001275 5.25e-05 6.75e-05 0.000135 0.0001425 0.0001575 4.5e-05 0.0001725 0.0001575 0.000195 0.00015 0.00015 0.00027 0.0002475 0.000255 0.00033 0.0004125 0.0004275 0.0006825 0.0008025 0.0015825 0.835755 
0.0005175 0.00012 0.0001425 7.5e-05 0.00012 9e-05 4.5e-05 0.0001125 9e-05 0.0001125 0.0001275 0.000105 0.0001425 9e-05 0.0001575 0.00015 8.25e-05 9e-05 0.0001725 0.000165 0.0001725 0.0002025 0.0002475 0.000225 0.000285 0.000375 0.00054 0.0007725 0.0014625 0.683437 
0.0003075 0.0001125 9e-05 9e-05 8.25e-05 4.5e-05 6e-05 7.5e-05 0.00012 8.25e-05 0.000105 7.5e-05 0.000135 3e-05 0.000105 0.0001275 1.5e-05 8.25e-05 0.0001125 6e-05 0.0001575 0.000165 0.0002175 0.000255 0.0002775 0.0004275 0.0003975 0.0005175 0.00108 0.564075 
0.000255 9e-05 7.5e-05 7.5e-05 0.000105 3e-05 5.25e-05 6.75e-05 6.75e-05 6.75e-05 6e-05 0.0001275 9e-05 6.75e-05 6e-05 0.0001125 0.000135 3.75e-05 0.000135 0.0001425 0.00018 6.75e-05 0.000135 0.0002325 0.00021 0.0002925 0.0003525 0.000555 0.0010125 0.45564 
0.00024 0.000105 0.000105 6.75e-05 7.5e-05 7.5e-05 3.75e-05 3e-05 8.25e-05 2.25e-05 4.5e-05 5.25e-05 7.5e-05 6.75e-05 8.25e-05 7.5e-05 3.75e-05 6e-05 7.5e-05 0.00012 0.0001125 9.75e-05 0.0001575 0.0001725 0.0001575 0.00015 0.0003525 0.000405 0.00066 0.375622 
0.000135 0.00012 3.75e-05 1.5e-05 6.75e-05 5.25e-05 5.25e-05 6.75e-05 3e-05 4.5e-05 3.75e-05 3e-05 4.5e-05 6e-05 6.75e-05 7.5e-05 1.5e-05 5.25e-05 4.5e-05 9e-05 8.25e-05 0.000105 7.5e-05 0.00012 0.00012 0.0002025 0.00021 0.000375 0.000675 0.308775 
8.25e-05 0.000105 7.5e-05 8.25e-05 4.5e-05 3.75e-05 2.25e-05 5.25e-05 4.5e-05 4.5e-05 6e-05 3e-05 4.5e-05 2.25e-05 5.25e-05 3.75e-05 7.5e-05 3.75e-05 4.5e-05 6.75e-05 8.25e-05 6e-05 0.000105 0.000105 0.0001425 0.00021 0.0002475 0.00027 0.000495 0.250417 
9e-05 6e-05 3e-05 1.5e-05 2.25e-05 2.25e-05 4.5e-05 3.75e-05 1.5e-05 4.5e-05 5.25e-05 6e-05 4.5e-05 3e-05 2.25e-05 3e-05 4.5e-05 5.25e-05 6e-05 6.75e-05 6.75e-05 9e-05 7.5e-05 0.0001425 0.000165 9.75e-05 0.0001875 0.0002925 0.0004725 0.20607 
7.5e-05 7.5e-05 7.5e-06 3.75e-05 1.5e-05 2.25e-05 3e-05 3e-05 2.25e-05 7.5e-06 5.25e-05 1.5e-05 1.5e-05 3e-05 7.5e-06 6.75e-05 2.25e-05 3e-05 6.75e-05 6e-05 6e-05 6e-05 6e-05 8.25e-05 6e-05 8.25e-05 0.00015 0.00027 0.00033 0.169237 
6.75e-05 3.75e-05 4.5e-05 3e-05 1.5e-05 1.5e-05 4.5e-05 3e-05 1.5e-05 4.5e-05 1.5e-05 1.5e-05 4.5e-05 7.5e-06 1.5e-05 1.5e-05 3.75e-05 4.5e-05 2.25e-05 4.5e-05 3.75e-05 3e-05 3.75e-05 9e-05 8.25e-05 9.75e-05 0.000105 0.0001875 0.0002175 0.138532 
7.5e-05 2.25e-05 3e-05 7.5e-06 7.5e-06 7.5e-06 2.25e-05 1.5e-05 1.5e-05 6e-05 7.5e-06 7.5e-06 1.5e-05 3.75e-05 3e-05 1.5e-05 1.5e-05 1.5e-05 1.5e-05 7.5e-06 4.5e-05 1.5e-05 3e-05 8.25e-05 9.75e-05 9e-05 0.0001125 0.0001425 0.00027 0.112132 
3.75e-05 3.75e-05 6e-05 3.75e-05 7.5e-06 4.5e-05 7.5e-06 1.5e-05 7.5e-06 1.5e-05 3e-05 1.5e-05 0 0 1.5e-05 7.5e-06 2.25e-05 1.5e-05 1.5e-05 1.5e-05 0 7.5e-06 3.75e-05 2.25e-05 7.5e-05 6.75e-05 0.000105 0.000105 0.0002175 0.092175 
6e-05 1.5e-05 3e-05 2.25e-05 7.5e-06 4.5e-05 0 3e-05 7.5e-06 2.25e-05 0 0 7.5e-06 2.25e-05 1.5e-05 1.5e-05 1.5e-05 7.5e-06 3e-05 2.25e-05 7.5e-06 3e-05 4.5e-05 2.25e-05 4.5e-05 6.75e-05 8.25e-05 0.0001125 0.0001875 0.0777075 
3.75e-05 2.25e-05 3e-05 1.5e-05 7.5e-06 1.5e-05 7.5e-06 1.5e-05 1.5e-05 7.5e-06 2.25e-05 0 1.5e-05 2.25e-05 3e-05 0 2.25e-05 1.5e-05 3e-05 2.25e-05 1.5e-05 1.5e-05 2.25e-05 1.5e-05 5.25e-05 3e-05 6.75e-05 5.25e-05 0.0002025 0.062145 
3e-05 1.5e-05 1.5e-05 2.25e-05 1.5e-05 7.5e-06 7.5e-06 7.5e-06 2.25e-05 1.5e-05 0 1.5e-05 7.5e-06 0 0 0 0 3e-05 0 0 1.5e-05 4.5e-05 3.75e-05 3.75e-05 6e-05 4.5e-05 3e-05 0.00012 0.00015 0.0511125 
2.25e-05 0 7.5e-06 1.5e-05 7.5e-06 0 7.5e-06 1.5e-05 0 0 0 7.5e-06 7.5e-06 7.5e-06 3e-05 7.5e-06 7.5e-06 7.5e-06 1.5e-05 7.5e-06 1.5e-05 7.5e-06 1.5e-05 0 4.5e-05 1.5e-05 3.75e-05 6.75e-05 7.5e-05 0.0413625 
3e-05 0 7.5e-06 0 0 7.5e-06 0 7.5e-06 0 0 0 7.5e-06 1.5e-05 0 0 7.5e-06 1.5e-05 0 0 0 7.5e-06 1.5e-05 3e-05 3.75e-05 1.5e-05 3e-05 3e-05 2.25e-05 0.0001275 0.0344625 
1.5e-05 7.5e-06 7.5e-06 7.5e-06 0 0 0 0 1.5e-05 0 0 7.5e-06 1.5e-05 0 1.5e-05 0 7.5e-06 1.5e-05 7.5e-06 0 7.5e-06 7.5e-06 7.5e-06 7.5e-06 2.25e-05 3e-05 1.5e-05 8.25e-05 9e-05 0.02805 
7.5e-06 7.5e-06 0 7.5e-06 7.5e-06 0 0 0 7.5e-06 1.5e-05 0 0 0 0 0 0 1.5e-05 0 0 0 7.5e-06 7.5e-06 0 2.25e-05 0 1.5e-05 1.5e-05 3.75e-05 3.75e-05 0.02289 
1.5e-05 7.5e-06 0 0 0 0 0 0 2.25e-05 0 0 7.5e-06 0 7.5e-06 7.5e-06 0 0 0 0 7.5e-06 0 7.5e-06 1.5e-05 7.5e-06 1.5e-05 3.75e-05 1.5e-05 3e-05 7.5e-05 0.018345 
3.75e-05 7.5e-06 1.5e-05 7.5e-06 0 0 0 0 0 0 0 0 0 0 0 0 7.5e-06 0 0 7.5e-06 1.5e-05 0 0 1.5e-05 7.5e-06 0 7.5e-06 1.5e-05 3e-05 0.0155175 
0 0 1.5e-05 0 0 0 0 0 0 7.5e-06 0 0 0 0 0 0 0 7.5e-06 7.5e-06 0 0 0 0 0 7.5e-06 2.25e-05 7.5e-06 3.75e-05 1.5e-05 0.01266 
0 7.5e-06 0 0 0 0 0 0 0 1.5e-05 0 7.5e-06 0 0 0 0 0 0 0 0 7.5e-06 0 1.5e-05 0 0 0 0 1.5e-05 2.25e-05 0.0101475 
1.5e-05 0 0 0 0 0 0 0 0 0 7.5e-06 0 0 0 7.5e-06 7.5e-06 0 0 0 0 0 0 0 1.5e-05 7.5e-06 1.5e-05 0 1.5e-05 2.25e-05 0.0086025 
0 0 0 0 0 0 0 0 0 0 0 0 7.5e-06 0 0 7.5e-06 0 0 7.5e-06 0 7.5e-06 0 0 7.5e-06 7.5e-06 7.5e-06 0 0 0 0.00711 
0 0 0 0 0 0 0 0 0 0 0 7.5e-06 7.5e-06 0 0 0 0 0 0 0 0 0 7.5e-06 0 1.5e-05 0 0 2.25e-05 1.5e-05 0.005445 
0 0 0 7.5e-06 0 0 0 0 0 0 0 0 0 0 0 0 7.5e-06 0 0 0 0 0 7.5e-06 0 0 1.5e-05 0 0 7.5e-06 0.0050475 
7.5e-06 0 0 0 0 0 0 0 0 0 0 7.5e-06 0 0 0 0 0 0 0 0 0 7.5e-06 0 0 0 7.5e-06 7.5e-06 0 1.5e-05 0.0039 
0 0 0 0 0 0 7.5e-06 0 0 0 0 0 0 0 0 0 0 0 0 7.5e-06 0 0 7.5e-06 0 0 0 0 7.5e-06 7.5e-06 0.0030075 
0 0 0 0 0 7.5e-06 0 0 0 0 0 0 0 0 0 0 0 0 7.5e-06 0 7.5e-06 0 7.5e-06 0 0 0 0 0 0 0.00261 
0 0 0 0 0 7.5e-06 0 0 0 0 0 0 0 0 0 7.5e-06 0 0 0 0 0 7.5e-06 0 0 0 7.5e-06 0 0 1.5e-05 0.00189 
0 0 0 0 0 0 0 0 0 0 0 0 0 0 0 0 0 0 0 0 0 0 0 0 0 0 0 0 0 0.001785 
0 0 0 0 0 0 0 0 0 0 0 0 0 0 0 0 0 0 0 0 0 0 7.5e-06 0 0 0 0 0 1.5e-05 0.0012375 
7.5e-06 0 0 0 0 0 0 0 0 0 0 0 0 0 0 0 0 0 0 0 0 0 0 0 0 0 0 0 0 0.0011475 
0 0 0 0 0 0 0 0 0 0 7.5e-06 0 0 0 0 0 0 0 0 0 0 0 0 0 0 0 0 1.5e-05 0 0.0009975 
0 0 0 0 0 0 0 0 0 0 0 0 0 0 0 0 0 0 0 0 0 0 0 0 0 0 0 0 0 0.0007575 
0 0 0 0 0 0 0 0 0 0 0 0 0 0 0 0 0 0 0 0 0 0 0 0 0 0 0 7.5e-06 0 0.0006375 
0 0 0 0 0 0 0 0 0 0 0 0 0 0 0 0 0 0 0 0 0 0 0 0 0 0 0 0 0 0.0005775 
0 0 0 0 0 0 0 0 0 0 0 0 0 0 0 0 0 0 0 0 0 0 0 0 0 0 0 7.5e-06 0 0.000405 
0 0 0 0 0 0 0 0 0 0 0 0 0 0 0 0 0 0 0 0 0 0 0 0 0 0 0 0 0 0.0003975 
0 0 0 0 0 0 0 0 0 0 0 0 0 0 0 0 0 0 0 0 0 0 0 0 0 0 0 0 0 0.0003675 
0 0 0 0 0 0 0 0 0 0 0 0 0 0 0 0 0 0 0 0 0 0 0 0 0 0 7.5e-06 0 0 0.0002325 
0 0 0 0 0 0 0 0 0 0 0 0 0 0 0 0 0 0 0 0 0 0 0 0 0 0 0 0 0 0.0001725 
0 0 0 0 0 0 0 0 0 0 0 0 0 0 0 0 0 0 0 0 0 0 0 0 0 0 0 0 0 0.0001425 
7.5e-06 0 0 0 0 0 0 0 0 0 0 0 0 0 0 0 0 0 0 0 0 0 0 0 0 0 7.5e-06 0 0 0.00015 
0 0 0 0 0 0 0 0 0 0 0 0 0 0 0 0 0 0 0 0 0 0 0 0 0 0 0 0 0 0.000165 
0 0 0 0 0 0 0 0 0 0 0 0 0 0 0 0 0 0 0 0 0 0 0 0 0 0 0 0 0 6.75e-05 
0 0 0 0 0 0 0 0 0 0 0 0 0 0 0 0 0 0 0 0 0 0 0 0 0 0 0 0 0 7.5e-05 
0 0 0 0 0 0 0 0 0 0 0 0 0 0 0 0 0 0 0 0 0 0 0 0 0 0 0 0 0 4.5e-05 
0 0 0 0 0 0 0 0 0 0 0 0 0 0 0 0 0 0 0 0 0 0 0 0 0 0 0 0 0 2.25e-05 
0 0 0 0 0 0 0 0 0 0 0 0 0 0 0 0 0 0 0 0 0 0 0 0 0 0 0 0 0 6.75e-05 
0 0 0 0 0 0 0 0 0 0 0 0 0 0 0 0 0 0 0 0 0 0 0 0 0 0 0 0 0 3e-05 
0 0 0 0 0 0 0 0 0 0 0 0 0 0 0 0 0 0 0 0 0 0 0 0 0 0 0 0 0 3.75e-05 
0 0 0 0 0 0 0 0 0 0 0 0 0 0 0 0 0 0 0 0 0 0 0 0 0 0 0 0 0 2.25e-05 
0 0 0 0 0 0 0 0 0 0 0 0 0 0 0 0 0 0 0 0 0 0 0 0 0 0 0 0 0 0 
0 0 0 0 0 0 0 0 0 0 0 0 0 0 0 0 0 0 0 0 0 0 0 0 0 0 0 0 0 1.5e-05 
0 0 0 0 0 0 0 0 0 0 0 0 0 0 0 0 0 0 0 0 0 0 0 0 0 0 0 0 0 7.5e-06 
0 0 0 0 0 0 0 0 0 0 0 0 0 0 0 0 0 0 0 0 0 0 0 0 0 0 0 0 0 1.5e-05 
0 0 0 0 0 0 0 0 0 0 0 0 0 0 0 0 0 0 0 0 0 0 0 0 0 0 0 0 0 2.25e-05 
0 0 0 0 0 0 0 0 0 0 0 0 0 0 0 0 0 0 0 0 0 0 0 0 0 0 0 0 0 0 
0 0 0 0 0 0 0 0 0 0 0 0 0 0 0 0 0 0 0 0 0 0 0 0 0 0 0 0 0 0 
0 0 0 0 0 0 0 0 0 0 0 0 0 0 0 0 0 0 0 0 0 0 0 0 0 0 0 0 0 0 
0 0 0 0 0 0 0 0 0 0 0 0 0 0 0 0 0 0 0 0 0 0 0 0 0 0 0 0 0 1.5e-05 
0 0 0 0 0 0 0 0 0 0 0 0 0 0 0 0 0 0 0 0 0 0 0 0 0 0 0 0 0 0 
0 0 0 0 0 0 0 0 0 0 0 0 0 0 0 0 0 0 0 0 0 0 0 0 0 0 0 0 0 0 
0 0 0 0 0 0 0 0 0 0 0 0 0 0 0 0 0 0 0 0 0 0 0 0 0 0 0 0 0 0 
0 0 0 0 0 0 0 0 0 0 0 0 0 0 0 0 0 0 0 0 0 0 0 0 0 0 0 0 0 0 
0 0 0 0 0 0 0 0 0 0 0 0 0 0 0 0 0 0 0 0 0 0 0 0 0 0 0 0 0 0 
0 0 0 0 0 0 0 0 0 0 0 0 0 0 0 0 0 0 0 0 0 0 0 0 0 0 0 0 0 0 
0 0 0 0 0 0 0 0 0 0 0 0 0 0 0 0 0 0 0 0 0 0 0 0 0 0 0 0 0 0 
0 0 0 0 0 0 0 0 0 0 0 0 0 0 0 0 0 0 0 0 0 0 0 0 0 0 0 0 0 0 
0 0 0 0 0 0 0 0 0 0 0 0 0 0 0 0 0 0 0 0 0 0 0 0 0 0 0 0 0 0 
0 0 0 0 0 0 0 0 0 0 0 0 0 0 0 0 0 0 0 0 0 0 0 0 0 0 0 0 0 0 
0 0 0 0 0 0 0 0 0 0 0 0 0 0 0 0 0 0 0 0 0 0 0 0 0 0 0 0 0 0 
0 0 0 0 0 0 0 0 0 0 0 0 0 0 0 0 0 0 0 0 0 0 0 0 0 0 0 0 0 0 
0 0 0 0 0 0 0 0 0 0 0 0 0 0 0 0 0 0 0 0 0 0 0 0 0 0 0 0 0 0 
0 0 0 0 0 0 0 0 0 0 0 0 0 0 0 0 0 0 0 0 0 0 0 0 0 0 0 0 0 0 
0 0 0 0 0 0 0 0 0 0 0 0 0 0 0 0 0 0 0 0 0 0 0 0 0 0 0 0 0 0 
0 0 0 0 0 0 0 0 0 0 0 0 0 0 0 0 0 0 0 0 0 0 0 0 0 0 0 0 0 0 
0 0 0 0 0 0 0 0 0 0 0 0 0 0 0 0 0 0 0 0 0 0 0 0 0 0 0 0 0 0 
0 0 0 0 0 0 0 0 0 0 0 0 0 0 0 0 0 0 0 0 0 0 0 0 0 0 0 0 0 0 
0 0 0 0 0 0 0 0 0 0 0 0 0 0 0 0 0 0 0 0 0 0 0 0 0 0 0 0 0 0 
0 0 0 0 0 0 0 0 0 0 0 0 0 0 0 0 0 0 0 0 0 0 0 0 0 0 0 0 0 0 
0 0 0 0 0 0 0 0 0 0 0 0 0 0 0 0 0 0 0 0 0 0 0 0 0 0 0 0 0 7.5e-06 
0 0 0 0 0 0 0 0 0 0 0 0 0 0 0 0 0 0 0 0 0 0 0 0 0 0 0 0 0 0 
0 0 0 0 0 0 0 0 0 0 0 0 0 0 0 0 0 0 0 0 0 0 0 0 0 0 0 0 0 0 
0 0 0 0 0 0 0 0 0 0 0 0 0 0 0 0 0 0 0 0 0 0 0 0 0 0 0 0 0 0 
0 0 0 0 0 0 0 0 0 0 0 0 0 0 0 0 0 0 0 0 0 0 0 0 0 0 0 0 0 0 
0 0 0 0 0 0 0 0 0 0 0 0 0 0 0 0 0 0 0 0 0 0 0 0 0 0 0 0 0 0 
0 0 0 0 0 0 0 0 0 0 0 0 0 0 0 0 0 0 0 0 0 0 0 0 0 0 0 0 0 0 
0 0 0 0 0 0 0 0 0 0 0 0 0 0 0 0 0 0 0 0 0 0 0 0 0 0 0 0 0 0 
0 0 0 0 0 0 0 0 0 0 0 0 0 0 0 0 0 0 0 0 0 0 0 0 0 0 0 0 0 0 
0 0 0 0 0 0 0 0 0 0 0 0 0 0 0 0 0 0 0 0 0 0 0 0 0 0 0 0 0 0 
0 0 0 0 0 0 0 0 0 0 0 0 0 0 0 0 0 0 0 0 0 0 0 0 0 0 0 0 0 0 
0 0 0 0 0 0 0 0 0 0 0 0 0 0 0 0 0 0 0 0 0 0 0 0 0 0 0 0 0 0 
0 0 0 0 0 0 0 0 0 0 0 0 0 0 0 0 0 0 0 0 0 0 0 0 0 0 0 0 0 0 
0 0 0 0 0 0 0 0 0 0 0 0 0 0 0 0 0 0 0 0 0 0 0 0 0 0 0 0 0 0 
0 0 0 0 0 0 0 0 0 0 0 0 0 0 0 0 0 0 0 0 0 0 0 0 0 0 0 0 0 0 
0 0 0 0 0 0 0 0 0 0 0 0 0 0 0 0 0 0 0 0 0 0 0 0 0 0 0 0 0 0 
0 0 0 0 0 0 0 0 0 0 0 0 0 0 0 0 0 0 0 0 0 0 0 0 0 0 0 0 0 0 
0 0 0 0 0 0 0 0 0 0 0 0 0 0 0 0 0 0 0 0 0 0 0 0 0 0 0 0 0 0 
0 0 0 0 0 0 0 0 0 0 0 0 0 0 0 0 0 0 0 0 0 0 0 0 0 0 0 0 0 0 
0 0 0 0 0 0 0 0 0 0 0 0 0 0 0 0 0 0 0 0 0 0 0 0 0 0 0 0 0 0 
0 0 0 0 0 0 0 0 0 0 0 0 0 0 0 0 0 0 0 0 0 0 0 0 0 0 0 0 0 0 
0 0 0 0 0 0 0 0 0 0 0 0 0 0 0 0 0 0 0 0 0 0 0 0 0 0 0 0 0 0 
0 0 0 0 0 0 0 0 0 0 0 0 0 0 0 0 0 0 0 0 0 0 0 0 0 0 0 0 0 0 
0 0 0 0 0 0 0 0 0 0 0 0 0 0 0 0 0 0 0 0 0 0 0 0 0 0 0 0 0 0 
0 0 0 0 0 0 0 0 0 0 0 0 0 0 0 0 0 0 0 0 0 0 0 0 0 0 0 0 0 0 
0 0 0 0 0 0 0 0 0 0 0 0 0 0 0 0 0 0 0 0 0 0 0 0 0 0 0 0 0 0 
0 0 0 0 0 0 0 0 0 0 0 0 0 0 0 0 0 0 0 0 0 0 0 0 0 0 0 0 0 0 
0 0 0 0 0 0 0 0 0 0 0 0 0 0 0 0 0 0 0 0 0 0 0 0 0 0 0 0 0 0 
0 0 0 0 0 0 0 0 0 0 0 0 0 0 0 0 0 0 0 0 0 0 0 0 0 0 0 0 0 0 
