Half rod, albedo problem, Anisotropic scattering, exponential random flight, mu_t: 3 g: -0.5
Analogmu_t c: 0.7 maxx: 10 dx: 0.19802 numsamples: 10000000 numCollisionOrders: 20 numMoments: 10
total albedo: 0.359107
per-collision order albedos: 
0 0.262311 0.0459611 0.0262104 0.010858 0.0060946 0.0031786 0.0018469 0.0010471 0.0006186 0.0003804 0.0002293 0.000136 7.97e-05 5.88e-05 3.38e-05 2.32e-05 1.32e-05 8.3e-06 7.3e-06 
Collision density L:
0.897325 0.614753 0.421673 0.288439 0.197754 0.135682 0.0928841 0.0631518 0.0437103 0.0300268 0.020406 0.0141107 0.00958137 0.0064736 0.00454197 0.00313201 0.00203111 0.00146299 0.000963035 0.000688315 0.000453995 0.000317645 0.000229775 0.00016059 9.292e-05 6.4135e-05 5.8075e-05 3.03e-05 2.02e-05 1.2625e-05 5.555e-06 2.525e-06 2.02e-06 2.02e-06 2.525e-06 2.525e-06 0 0 1.01e-06 0 0 0 0 0 0 0 0 0 0 0 0 
Collision density R:
2.49789 1.71189 1.17329 0.804241 0.549596 0.376824 0.258324 0.177095 0.121385 0.0833184 0.057163 0.0393077 0.0267701 0.0181669 0.0124427 0.0087769 0.00585245 0.00400516 0.00272599 0.00188618 0.00132916 0.00086254 0.00062519 0.000421675 0.000298455 0.000173215 0.00012827 9.191e-05 7.2215e-05 3.4845e-05 3.03e-05 1.717e-05 1.0605e-05 6.565e-06 6.06e-06 4.545e-06 3.03e-06 1.01e-06 1.01e-06 1.01e-06 5.05e-07 0 0 0 0 0 0 0 0 0 0 
Density Moments:
2.13571 1.11846 1.17122 1.83816 3.83929 9.98896 31.0081 111.326 451.28 2025.88 
Per-collision Density Moments:
1 0.333337 0.222186 0.222017 0.295416 0.490184 0.97246 2.24013 5.86801 17.2215 
0.437532 0.204127 0.174917 0.21367 0.336216 0.644658 1.45401 3.76588 11.0088 35.8542 
0.26034 0.168467 0.173575 0.241602 0.421691 0.88278 2.15048 5.96138 18.4803 63.1607 
0.156075 0.117707 0.138412 0.215718 0.41552 0.950633 2.51876 7.59858 25.7795 97.3426 
0.0983685 0.0861168 0.112922 0.192634 0.401823 0.988429 2.79868 8.96214 32.0147 126.108 
0.0627739 0.0609842 0.0874535 0.161325 0.360529 0.942632 2.81808 9.4822 35.5237 147.142 
0.0407198 0.0434703 0.0672375 0.132246 0.312346 0.856821 2.67075 9.31728 35.9966 152.851 
0.0266739 0.0307469 0.0507664 0.105803 0.2633 0.757489 2.46588 8.94628 35.7708 156.284 
0.0176545 0.0217985 0.0381617 0.0837381 0.218128 0.653344 2.20344 8.24825 33.9396 152.519 
0.0116959 0.0153527 0.0283879 0.0655778 0.179473 0.563681 1.98693 7.72741 32.7056 148.936 
0.0077902 0.0108176 0.0209993 0.0506767 0.144364 0.471075 1.72559 6.99053 30.9448 148.153 
0.0052218 0.00759972 0.0153783 0.0385884 0.114076 0.385429 1.45729 6.06546 27.4147 133.013 
0.0035093 0.00535272 0.0113054 0.0295114 0.0904044 0.314906 1.21973 5.16263 23.5373 114.193 
0.0023658 0.00373972 0.00816459 0.02201 0.0696215 0.250589 1.00471 4.41559 20.9976 106.875 
0.0016058 0.00264243 0.00596377 0.0165001 0.0531488 0.193103 0.77422 3.37051 15.7341 77.9697 
0.0010859 0.00185325 0.00430787 0.0122236 0.04022 0.148616 0.602969 2.64186 12.3429 60.8902 
0.0007308 0.00128862 0.00307154 0.00891572 0.0299056 0.112008 0.457074 1.99565 9.19722 44.2866 
0.0004978 0.000912639 0.00226802 0.00687324 0.024178 0.095741 0.417778 1.97753 10.0286 53.9226 
0.0003389 0.000644712 0.00164492 0.00507513 0.0180832 0.0724256 0.32027 1.5433 8.016 44.4202 
0 0 0 0 0 0 0 0 0 0 
Per-collision Densities L:
0 0 0 0 0 0 0 0 0 0 0 0 0 0 0 0 0 0 0 0 0 0 0 0 0 0 0 0 0 0 0 0 0 0 0 0 0 0 0 0 0 0 0 0 0 0 0 0 0 0 0 
0.593727 0.327795 0.181003 0.0998425 0.0554273 0.0304505 0.0168306 0.00926877 0.00510454 0.00290325 0.00152157 0.000869105 0.00047268 0.000248965 0.000152005 9.09e-05 4.1915e-05 2.3735e-05 1.515e-05 5.555e-06 2.525e-06 2.525e-06 0 0 0 0 0 5.05e-07 0 0 0 0 0 0 0 0 0 0 0 0 0 0 0 0 0 0 0 0 0 0 0 
0.131405 0.106677 0.0778553 0.0533825 0.0351662 0.0225301 0.0142435 0.00879306 0.00539037 0.00329614 0.00192607 0.00116453 0.000720635 0.00042622 0.00024644 0.00014847 8.8375e-05 5.555e-05 2.727e-05 1.717e-05 6.565e-06 5.05e-06 5.05e-07 1.515e-06 5.05e-07 0 2.02e-06 0 0 5.05e-07 0 0 0 0 0 0 0 0 0 0 0 0 0 0 0 0 0 0 0 0 0 
0.0869322 0.0842673 0.068527 0.0508909 0.0359469 0.0245571 0.0164398 0.0104707 0.00686144 0.00432583 0.00270579 0.0016862 0.00101505 0.00061509 0.000374205 0.000238865 0.000148975 9.4435e-05 4.949e-05 3.3835e-05 1.919e-05 1.0605e-05 6.565e-06 4.545e-06 1.515e-06 5.05e-07 1.01e-06 5.05e-07 5.05e-07 5.05e-07 0 0 0 0 0 0 0 0 0 0 0 0 0 0 0 0 0 0 0 0 0 
0.0367928 0.0391208 0.035808 0.0295476 0.0230866 0.0172937 0.0124523 0.00861934 0.0060898 0.00398445 0.00264671 0.00175942 0.00115241 0.000709525 0.000434805 0.000284315 0.000179275 0.00011514 6.262e-05 4.848e-05 2.929e-05 1.313e-05 1.2625e-05 5.555e-06 1.515e-06 3.535e-06 5.05e-07 1.515e-06 0 5.05e-07 5.05e-07 0 0 0 5.05e-07 0 0 0 0 0 0 0 0 0 0 0 0 0 0 0 0 
0.0212378 0.0239819 0.0232946 0.0206085 0.0168458 0.0134128 0.00993436 0.00729018 0.00518787 0.00364257 0.00249874 0.00175084 0.00115191 0.00072316 0.00053025 0.00031613 0.000202505 0.000130795 9.4435e-05 6.8175e-05 3.3835e-05 2.1715e-05 1.717e-05 1.111e-05 4.04e-06 4.04e-06 3.03e-06 2.02e-06 1.01e-06 5.05e-07 0 1.01e-06 0 5.05e-07 0 0 0 0 0 0 0 0 0 0 0 0 0 0 0 0 0 
0.0111858 0.0132153 0.0134522 0.0124735 0.0108843 0.00898143 0.00707152 0.00541714 0.00406879 0.0030194 0.00214474 0.00151096 0.00103222 0.00071306 0.00048884 0.000335825 0.00021109 0.00014948 8.8375e-05 5.6055e-05 3.7875e-05 2.1715e-05 1.818e-05 1.1615e-05 8.08e-06 2.525e-06 3.535e-06 1.01e-06 5.05e-07 0 0 0 0 0 0 0 0 0 5.05e-07 0 0 0 0 0 0 0 0 0 0 0 0 
0.00644835 0.00785578 0.00832038 0.00806889 0.00715434 0.00622817 0.00514696 0.00401627 0.00313605 0.00246238 0.00179982 0.00129937 0.000923645 0.000603475 0.000460055 0.00031613 0.000216645 0.00013231 9.595e-05 8.0295e-05 4.747e-05 2.7775e-05 1.616e-05 1.3635e-05 7.07e-06 4.04e-06 4.04e-06 1.01e-06 2.02e-06 1.01e-06 0 0 5.05e-07 0 0 0 0 0 0 0 0 0 0 0 0 0 0 0 0 0 0 
0.00382386 0.00455864 0.00506616 0.00496264 0.00464651 0.0041208 0.00352844 0.00289567 0.00235179 0.00181093 0.00141602 0.00100243 0.000763055 0.000549945 0.000393395 0.00029997 0.000181295 0.00013534 8.787e-05 4.8985e-05 4.3935e-05 2.3735e-05 2.02e-05 9.595e-06 8.585e-06 4.04e-06 8.08e-06 1.01e-06 2.02e-06 0 5.05e-07 0 0 5.05e-07 0 0 0 0 0 0 0 0 0 0 0 0 0 0 0 0 0 
0.00224372 0.00283861 0.00310828 0.00316989 0.00303253 0.00276791 0.00237098 0.00202556 0.00167307 0.00132866 0.00103929 0.00081507 0.00061206 0.000452985 0.000338855 0.000244925 0.00013736 0.000121705 7.8275e-05 5.3025e-05 3.737e-05 3.3835e-05 1.9695e-05 9.09e-06 9.595e-06 4.04e-06 3.535e-06 1.515e-06 0 0 5.05e-07 0 0 0 0 0 0 0 0 0 0 0 0 0 0 0 0 0 0 0 0 
0.00133068 0.00169579 0.00189527 0.00195486 0.0019387 0.00184881 0.00160338 0.00135795 0.00118423 0.000970105 0.000783255 0.000644885 0.00046258 0.00035855 0.00025755 0.000206545 0.000133825 0.000113625 6.767e-05 5.555e-05 3.6865e-05 2.222e-05 2.525e-05 1.313e-05 6.565e-06 6.06e-06 5.05e-06 2.525e-06 2.02e-06 5.05e-07 5.05e-07 0 0 5.05e-07 0 0 0 0 0 0 0 0 0 0 0 0 0 0 0 0 0 
0.000794365 0.00104838 0.00121907 0.00127816 0.00126856 0.00119231 0.00106757 0.000936775 0.00084638 0.000704475 0.000561055 0.000426725 0.00033633 0.00028684 0.00022624 0.00015453 0.000117665 8.5345e-05 6.666e-05 4.141e-05 2.7775e-05 2.1715e-05 1.4645e-05 1.5655e-05 7.575e-06 6.06e-06 4.04e-06 2.525e-06 2.525e-06 1.01e-06 1.01e-06 0 0 0 0 0 0 0 5.05e-07 0 0 0 0 0 0 0 0 0 0 0 0 
0.00052419 0.000631755 0.00077164 0.00081608 0.00082214 0.0007878 0.0007373 0.000659025 0.000569135 0.000470155 0.00039188 0.00033431 0.000267145 0.00022018 0.0001616 0.00012625 9.494e-05 7.171e-05 5.252e-05 4.04e-05 2.929e-05 2.02e-05 9.09e-06 1.3635e-05 5.555e-06 9.595e-06 3.535e-06 3.535e-06 1.515e-06 1.01e-06 0 0 5.05e-07 5.05e-07 0 5.05e-07 0 0 0 0 0 0 0 0 0 0 0 0 0 0 0 
0.000317645 0.000390365 0.00049288 0.000520655 0.000559035 0.000513585 0.00048985 0.000448945 0.00038279 0.000336835 0.000299465 0.00025452 0.000177255 0.000161095 0.00012322 0.000103525 6.4135e-05 5.6055e-05 3.939e-05 3.8885e-05 2.4745e-05 1.0605e-05 1.515e-05 7.575e-06 7.07e-06 1.01e-06 2.525e-06 1.515e-06 1.515e-06 1.515e-06 1.515e-06 0 0 0 0 5.05e-07 0 0 0 0 0 0 0 0 0 0 0 0 0 0 0 
0.0002222 0.00025553 0.000308555 0.000319665 0.000354005 0.00033936 0.00031411 0.000312595 0.00028886 0.000236845 0.0002121 0.000160085 0.000136855 0.00011918 8.787e-05 7.373e-05 5.8075e-05 4.6965e-05 2.9795e-05 2.323e-05 1.717e-05 2.222e-05 7.07e-06 6.565e-06 5.05e-06 4.04e-06 4.04e-06 3.535e-06 5.05e-07 1.01e-06 0 0 0 0 0 0 0 0 0 0 0 0 0 0 0 0 0 0 0 0 0 
0.00012827 0.000147965 0.000200485 0.000199475 0.000231795 0.00022624 0.000207555 0.000197455 0.00018382 0.00016867 0.00014039 0.00013029 0.000106555 7.474e-05 7.3225e-05 6.2115e-05 4.444e-05 3.4845e-05 2.626e-05 1.818e-05 1.515e-05 1.01e-05 1.0605e-05 9.09e-06 4.04e-06 2.525e-06 2.02e-06 0 1.01e-06 1.01e-06 0 0 0 0 5.05e-07 0 0 0 0 0 0 0 0 0 0 0 0 0 0 0 0 
7.2215e-05 9.9485e-05 0.000128775 0.00013534 0.000145945 0.0001616 0.00015049 0.000140895 0.00013029 0.00011817 0.00010201 8.585e-05 7.474e-05 5.555e-05 5.555e-05 2.8785e-05 2.8785e-05 2.3735e-05 2.828e-05 1.414e-05 7.07e-06 1.01e-05 1.0605e-05 5.05e-06 3.535e-06 3.03e-06 2.02e-06 5.05e-07 5.05e-07 5.05e-07 0 5.05e-07 5.05e-07 0 0 0 0 0 0 0 0 0 0 0 0 0 0 0 0 0 0 
5.05e-05 6.565e-05 7.5245e-05 9.191e-05 8.686e-05 9.9485e-05 0.000101 8.5345e-05 8.686e-05 6.969e-05 6.464e-05 6.464e-05 5.2015e-05 4.3935e-05 3.4845e-05 2.0705e-05 2.222e-05 2.1715e-05 1.5655e-05 1.111e-05 1.111e-05 6.565e-06 8.585e-06 5.05e-06 3.03e-06 2.02e-06 1.515e-06 2.02e-06 5.05e-07 5.05e-07 0 0 0 0 0 0 0 0 0 0 0 0 0 0 0 0 0 0 0 0 0 
3.03e-05 3.8885e-05 5.252e-05 6.06e-05 6.1105e-05 5.05e-05 6.06e-05 7.6255e-05 5.9085e-05 5.4035e-05 5.6055e-05 4.8985e-05 3.636e-05 3.535e-05 2.9795e-05 2.4745e-05 1.4645e-05 1.4645e-05 9.595e-06 1.212e-05 9.09e-06 7.07e-06 4.545e-06 5.05e-06 2.02e-06 1.515e-06 5.05e-07 1.01e-06 5.05e-07 0 1.01e-06 0 0 0 0 5.05e-07 0 0 0 0 0 0 0 0 0 0 0 0 0 0 0 
0 0 0 0 0 0 0 0 0 0 0 0 0 0 0 0 0 0 0 0 0 0 0 0 0 0 0 0 0 0 0 0 0 0 0 0 0 0 0 0 0 0 0 0 0 0 0 0 0 0 0 
Per-collision Densities L:
2.26151 1.24883 0.689827 0.380908 0.209837 0.115941 0.0641582 0.0354212 0.0195011 0.0107717 0.00602415 0.00326584 0.00179679 0.000965055 0.00055449 0.000296435 0.00019089 8.787e-05 4.848e-05 3.3835e-05 9.09e-06 7.07e-06 1.515e-06 2.525e-06 0 0 0 5.05e-07 1.01e-06 0 0 0 0 0 0 0 0 0 0 0 0 0 0 0 0 0 0 0 0 0 0 
0.106051 0.188429 0.176044 0.136803 0.0967923 0.0654904 0.0428876 0.027267 0.0172427 0.0105404 0.00653218 0.00389355 0.00238411 0.00138623 0.00082719 0.000487325 0.00028482 0.000160085 0.000101505 5.555e-05 3.838e-05 1.3635e-05 9.09e-06 6.06e-06 3.03e-06 1.01e-06 1.01e-06 1.01e-06 0 1.515e-06 0 0 0 0 0 0 0 0 0 0 0 0 0 0 0 0 0 0 0 0 0 
0.0873988 0.163119 0.161004 0.132149 0.0991775 0.0704495 0.0482048 0.0322594 0.0210822 0.0136724 0.00861732 0.00538431 0.00330523 0.00207909 0.0012625 0.00079083 0.000455005 0.00029997 0.00017574 9.999e-05 6.4135e-05 3.939e-05 2.0705e-05 1.111e-05 9.09e-06 3.535e-06 1.01e-06 1.01e-06 1.01e-06 5.05e-07 0 5.05e-07 0 0 0 0 0 0 0 0 0 0 0 0 0 0 0 0 0 0 0 
0.0200738 0.0499016 0.0616549 0.0606768 0.0523584 0.0419049 0.0318054 0.0233765 0.0163701 0.0113913 0.00782397 0.00521665 0.00342441 0.00219221 0.00137512 0.00090294 0.00059489 0.00034138 0.00021917 0.0001414 7.7265e-05 4.848e-05 3.0805e-05 1.8685e-05 1.111e-05 6.06e-06 5.05e-06 2.525e-06 2.525e-06 3.03e-06 5.05e-07 5.05e-07 5.05e-07 0 0 5.05e-07 0 0 0 0 0 0 0 0 0 0 0 0 0 0 0 
0.0115196 0.0300995 0.0389577 0.0400985 0.0366539 0.0305919 0.0244597 0.0187961 0.0138456 0.00986215 0.00692305 0.00487174 0.00336633 0.00218918 0.00145794 0.00100293 0.000637815 0.00040602 0.00027068 0.00018786 0.00011817 6.4135e-05 5.05e-05 2.727e-05 1.6665e-05 9.09e-06 8.08e-06 3.535e-06 3.535e-06 1.01e-06 2.02e-06 5.05e-07 5.05e-07 0 5.05e-07 0 0 0 0 0 0 0 0 0 0 0 0 0 0 0 0 
0.00494244 0.0136037 0.0193062 0.0212959 0.020856 0.0187335 0.0160226 0.012827 0.0100303 0.0075952 0.00561156 0.00408444 0.00287295 0.00202303 0.00141249 0.000954955 0.000614585 0.00043026 0.00026563 0.00017473 0.00012423 7.878e-05 5.353e-05 4.04e-05 2.0705e-05 1.111e-05 7.07e-06 4.545e-06 2.525e-06 1.515e-06 1.515e-06 1.01e-06 0 0 0 0 0 0 0 5.05e-07 0 0 0 0 0 0 0 0 0 0 0 
0.00281487 0.00769519 0.0111135 0.0130189 0.0131042 0.0124427 0.0107535 0.00910263 0.00735482 0.00582922 0.00443037 0.00337441 0.00239219 0.00171296 0.00116403 0.000889305 0.000606 0.000404505 0.00027169 0.00018887 0.00013736 7.6255e-05 5.454e-05 3.434e-05 2.525e-05 1.414e-05 9.09e-06 4.04e-06 4.545e-06 2.02e-06 1.01e-06 1.01e-06 1.01e-06 5.05e-07 0 5.05e-07 0 0 0 0 0 0 0 0 0 0 0 0 0 0 0 
0.00148218 0.00416575 0.00627059 0.00750784 0.00783053 0.00777801 0.00702556 0.00597163 0.00512777 0.00413141 0.00330876 0.00253712 0.0018579 0.00139229 0.00101657 0.00075144 0.00052318 0.000374205 0.000247955 0.00015756 0.0001212 8.08e-05 4.949e-05 3.5855e-05 2.323e-05 1.4645e-05 1.0605e-05 5.555e-06 6.06e-06 3.535e-06 1.515e-06 5.05e-07 5.05e-07 5.05e-07 5.05e-07 0 0 0 0 5.05e-07 0 0 0 0 0 0 0 0 0 0 0 
0.000848905 0.0024341 0.00363045 0.00457227 0.00494951 0.00494345 0.00455207 0.00412787 0.00352086 0.00299667 0.00233462 0.00195082 0.00144935 0.00112615 0.00082315 0.00062923 0.00044541 0.000302495 0.00022826 0.000170185 0.00011716 8.4335e-05 5.151e-05 3.737e-05 2.4745e-05 1.111e-05 8.585e-06 1.01e-05 2.02e-06 2.02e-06 2.02e-06 5.05e-07 5.05e-07 0 5.05e-07 5.05e-07 0 0 0 0 5.05e-07 0 0 0 0 0 0 0 0 0 0 
0.000495405 0.0013933 0.00214373 0.00272801 0.00294264 0.00306586 0.00296688 0.00274973 0.00240279 0.00208363 0.00173316 0.00138421 0.00110848 0.000805475 0.000677205 0.00048884 0.000363095 0.00026664 0.00019392 0.00014544 0.000110595 7.373e-05 5.656e-05 3.434e-05 2.5755e-05 1.5655e-05 1.1615e-05 8.585e-06 6.565e-06 3.03e-06 3.03e-06 1.515e-06 1.01e-06 5.05e-07 1.01e-06 0 5.05e-07 0 0 0 0 0 0 0 0 0 0 0 0 0 0 
0.000286335 0.00088173 0.00124786 0.00171902 0.00188668 0.00197253 0.00190991 0.00174276 0.00163216 0.00144026 0.00118928 0.00100647 0.00081204 0.00063226 0.000529745 0.00040703 0.00029189 0.000199475 0.000159075 0.000114635 9.9485e-05 5.555e-05 3.939e-05 2.424e-05 2.323e-05 1.818e-05 1.313e-05 6.06e-06 5.555e-06 2.525e-06 1.515e-06 1.515e-06 1.01e-06 1.515e-06 1.01e-06 0 0 0 5.05e-07 0 0 0 0 0 0 0 0 0 0 0 0 
0.00016665 0.000519645 0.000822645 0.00101354 0.00115595 0.00125745 0.00123523 0.00118221 0.00109333 0.00100899 0.00082012 0.000707505 0.0005757 0.000492375 0.00036764 0.0003131 0.000225735 0.00018584 0.00013231 9.494e-05 5.858e-05 4.949e-05 3.232e-05 2.424e-05 2.1715e-05 1.4645e-05 1.111e-05 6.565e-06 7.07e-06 3.03e-06 3.03e-06 2.02e-06 0 5.05e-07 5.05e-07 5.05e-07 0 0 0 0 0 0 0 0 0 0 0 0 0 0 0 
0.000102515 0.00029694 0.000481265 0.00063933 0.00074841 0.000788305 0.000812545 0.00076154 0.00070397 0.00065852 0.00059287 0.00052116 0.00042622 0.000323705 0.00027573 0.000236845 0.00015251 0.00014342 0.00011312 8.2315e-05 6.262e-05 3.939e-05 2.9795e-05 2.424e-05 1.8685e-05 6.565e-06 8.585e-06 6.06e-06 6.565e-06 1.515e-06 5.05e-06 1.515e-06 1.01e-06 0 5.05e-07 0 0 0 0 0 0 0 0 0 0 0 0 0 0 0 0 
6.969e-05 0.00019897 0.000297445 0.000416625 0.00045753 0.000520655 0.000532775 0.00051409 0.000472175 0.000442885 0.00038077 0.00033936 0.00029189 0.00023634 0.000211595 0.000167155 0.00012524 0.000109585 7.171e-05 5.959e-05 4.444e-05 3.838e-05 3.3835e-05 1.515e-05 1.4645e-05 1.0605e-05 5.555e-06 1.0605e-05 4.545e-06 2.02e-06 3.03e-06 1.01e-06 1.01e-06 0 0 0 0 5.05e-07 5.05e-07 0 0 0 0 0 0 0 0 0 0 0 0 
4.4945e-05 0.000114635 0.00017675 0.00024745 0.000327745 0.000333805 0.000320675 0.000350975 0.000323705 0.00028482 0.000276235 0.00023028 0.000217655 0.0001818 0.00014544 0.00012928 0.00010201 7.7265e-05 6.6155e-05 3.9895e-05 3.838e-05 2.5755e-05 2.4745e-05 1.8685e-05 1.313e-05 6.565e-06 7.07e-06 3.535e-06 2.02e-06 2.525e-06 5.05e-07 1.515e-06 5.05e-07 1.01e-06 0 1.01e-06 0 0 0 0 0 0 0 0 0 0 0 0 0 0 0 
3.1815e-05 7.7265e-05 0.00011817 0.00016362 0.000189375 0.00022624 0.00023129 0.00021513 0.00023937 0.00020402 0.000172205 0.00017372 0.0001414 0.000137865 8.787e-05 9.3425e-05 6.6155e-05 5.8075e-05 4.646e-05 3.4845e-05 2.3735e-05 2.2725e-05 1.919e-05 1.7675e-05 9.595e-06 7.575e-06 4.04e-06 4.04e-06 4.545e-06 5.05e-07 1.01e-06 5.05e-07 5.05e-07 5.05e-07 5.05e-07 0 0 0 0 0 0 0 0 0 0 0 0 0 0 0 0 
1.5655e-05 4.343e-05 6.5145e-05 9.797e-05 0.00012524 0.00013736 0.00015958 0.000141905 0.00013837 0.000127765 0.000128775 0.00011312 0.00010403 8.08e-05 7.9285e-05 6.767e-05 4.747e-05 4.444e-05 3.131e-05 2.424e-05 2.323e-05 1.2625e-05 1.616e-05 1.2625e-05 9.595e-06 5.555e-06 3.03e-06 4.04e-06 3.03e-06 1.01e-06 1.01e-06 5.05e-07 0 0 0 0 0 0 0 0 0 0 0 0 0 0 0 0 0 0 0 
1.0605e-05 2.8785e-05 5.1005e-05 6.1105e-05 7.5245e-05 9.2415e-05 9.999e-05 9.4435e-05 0.000103525 9.2415e-05 8.9385e-05 8.282e-05 7.2215e-05 6.767e-05 5.555e-05 4.6965e-05 2.525e-05 3.3835e-05 2.727e-05 2.3735e-05 1.6665e-05 1.212e-05 1.2625e-05 9.595e-06 7.575e-06 3.535e-06 2.02e-06 3.03e-06 1.515e-06 5.05e-07 2.02e-06 5.05e-07 1.01e-06 1.01e-06 0 0 1.01e-06 0 0 0 0 0 0 0 0 0 0 0 0 0 0 
4.545e-06 2.3735e-05 2.8785e-05 4.04e-05 4.747e-05 5.05e-05 6.969e-05 5.454e-05 6.464e-05 5.858e-05 5.454e-05 5.858e-05 4.747e-05 4.444e-05 3.0805e-05 3.0805e-05 3.131e-05 2.1715e-05 1.4645e-05 1.5655e-05 1.4645e-05 1.212e-05 8.585e-06 7.07e-06 6.06e-06 1.515e-06 3.535e-06 1.515e-06 2.02e-06 5.05e-07 0 5.05e-07 0 0 5.05e-07 0 1.01e-06 0 0 0 0 0 0 0 0 0 0 0 0 0 0 
0 0 0 0 0 0 0 0 0 0 0 0 0 0 0 0 0 0 0 0 0 0 0 0 0 0 0 0 0 0 0 0 0 0 0 0 0 0 0 0 0 0 0 0 0 0 0 0 0 0 0 
