Half rod, albedo problem, Anisotropic scattering, exponential random flight, mu_t: 1 g: 0.9
Analogmu_t c: 0.99 maxx: 10 dx: 0.19802 numsamples: 1000000 numCollisionOrders: 20 numMoments: 10
total albedo: 0.535592
per-collision order albedos: 
0 0.02462 0.023514 0.022047 0.020421 0.019603 0.018268 0.017288 0.016452 0.01526 0.014599 0.013842 0.013172 0.012328 0.011787 0.011166 0.010612 0.010123 0.009479 0.009102 
Collision density L:
0.533568 0.534012 0.529376 0.523453 0.522852 0.514767 0.513984 0.509388 0.504131 0.503369 0.500364 0.497854 0.492476 0.48783 0.485588 0.485583 0.482189 0.476866 0.47418 0.47061 0.466317 0.464994 0.459434 0.458777 0.458161 0.452157 0.451354 0.447526 0.44187 0.442072 0.440007 0.435961 0.431058 0.43021 0.428881 0.425316 0.420822 0.42114 0.41561 0.413969 0.411964 0.411282 0.404167 0.40301 0.397496 0.401071 0.395117 0.395753 0.39186 0.388693 59.1917 
Collision density R:
0.993108 0.992179 0.97872 0.978533 0.970317 0.966156 0.957031 0.952486 0.949163 0.939174 0.933836 0.928523 0.921357 0.91352 0.907919 0.90542 0.895623 0.888931 0.884295 0.878114 0.876503 0.869812 0.859798 0.856621 0.852066 0.8469 0.843577 0.835033 0.828569 0.826448 0.817706 0.813303 0.810444 0.808126 0.797678 0.7888 0.789542 0.782306 0.775756 0.769706 0.769519 0.763136 0.756783 0.752293 0.744931 0.740345 0.736482 0.730765 0.731381 0.723685 110.43 
Density Moments:
46.555 1413.68 85912.2 7.83458e+06 9.51915e+08 1.43911e+11 2.57984e+13 5.28145e+15 1.19838e+18 2.94482e+20 
Per-collision Density Moments:
1 1.00158 2.00579 6.02881 24.1504 120.608 718.852 4954.26 38509 330598 
0.96537 1.90696 5.70157 22.7918 114.068 686.646 4849.42 39638 373209 4.04982e+06 
0.932382 2.72647 10.817 53.9063 323.175 2265.05 18189.4 164960 1.67205e+06 1.87974e+07 
0.901043 3.47012 17.1308 102.145 712.28 5680.47 50945 506985 5.53693e+06 6.57373e+07 
0.871579 4.14236 24.4197 169.414 1347.95 12085.8 120508 1.32251e+06 1.58399e+07 2.0556e+08 
0.843313 4.74994 32.5094 257.035 2295.69 22818.5 249573 2.97649e+06 3.84161e+07 5.33045e+08 
0.816835 5.29859 41.2243 365.565 3621.12 39561.7 472276 6.11542e+06 8.53917e+07 1.27974e+09 
0.791355 5.79385 50.4531 495.779 5393.81 64230.7 830321 1.1578e+07 1.73258e+08 2.77095e+09 
0.767082 6.24156 60.0845 647.751 7677.44 99000 1.37876e+06 2.0624e+07 3.29896e+08 5.62249e+09 
0.743932 6.64317 69.976 820.463 10512.4 145735 2.17137e+06 3.45989e+07 5.87333e+08 1.05888e+10 
0.721776 7.00488 80.0673 1013.81 13958.1 206953 3.28347e+06 5.54846e+07 9.94961e+08 1.88787e+10 
0.700764 7.33293 90.3262 1228.02 18080.7 285595 4.81044e+06 8.60194e+07 1.62734e+09 3.2477e+10 
0.680525 7.62632 100.633 1461.41 22905.5 383863 6.8385e+06 1.28975e+08 2.56723e+09 5.38009e+10 
0.661517 7.89008 110.95 1713.35 28476.3 504573 9.47619e+06 1.87847e+08 3.91771e+09 8.57364e+10 
0.643046 8.12436 121.196 1982.17 34806.3 649866 1.28256e+07 2.66432e+08 5.80648e+09 1.32387e+11 
0.625506 8.33551 131.39 2267.73 41939.8 823006 1.70372e+07 3.70552e+08 8.44108e+09 2.00871e+11 
0.608691 8.52137 141.394 2566.9 49853.6 1.02552e+06 2.22147e+07 5.04748e+08 1.19939e+10 2.97342e+11 
0.592524 8.68757 151.285 2880.66 58597.9 1.26039e+06 2.8499e+07 6.74774e+08 1.66813e+10 4.29567e+11 
0.577116 8.8341 161.016 3208.22 68214.2 1.53151e+06 3.60943e+07 8.895e+08 2.28566e+10 6.11025e+11 
0 0 0 0 0 0 0 0 0 0 
Per-collision Densities L:
0 0 0 0 0 0 0 0 0 0 0 0 0 0 0 0 0 0 0 0 0 0 0 0 0 0 0 0 0 0 0 0 0 0 0 0 0 0 0 0 0 0 0 0 0 0 0 0 0 0 0 
0.0218514 0.0190638 0.0152359 0.0121301 0.0104182 0.0086759 0.00707 0.0056863 0.00468135 0.0038279 0.00295425 0.0026058 0.00219675 0.0017776 0.001414 0.00115645 0.00088375 0.00076255 0.00058075 0.00049995 0.0004141 0.00035855 0.0003131 0.00022725 0.0001818 0.00014645 0.00015655 0.00011615 7.07e-05 8.585e-05 5.05e-05 6.06e-05 4.04e-05 3.535e-05 3.03e-05 2.525e-05 1.515e-05 1.515e-05 2.02e-05 2.02e-05 0 5.05e-06 5.05e-06 0 5.05e-06 0 0 5.05e-06 0 5.05e-06 5.05e-06 
0.0233967 0.0227705 0.0215989 0.0199677 0.0183972 0.0157813 0.0144531 0.0128977 0.0118928 0.0103778 0.0091607 0.0077366 0.0069589 0.00606505 0.00495405 0.00460055 0.00377235 0.0032724 0.0028583 0.0023836 0.001919 0.00186345 0.0014948 0.00122715 0.0009898 0.0008888 0.0007676 0.0006969 0.00049995 0.00049995 0.00043935 0.000404 0.0002323 0.00021715 0.00019695 0.00015655 0.0001414 0.00010605 5.555e-05 0.000101 7.575e-05 6.06e-05 5.05e-05 4.545e-05 1.515e-05 2.02e-05 1.515e-05 3.03e-05 3.03e-05 1.515e-05 7.575e-05 
0.0215938 0.0219776 0.0222251 0.0208919 0.0204525 0.0198768 0.0186547 0.0177811 0.0165236 0.0154732 0.0143673 0.0133169 0.0119483 0.0108676 0.00982225 0.0092617 0.00794365 0.00707 0.00622665 0.00573175 0.0049793 0.0045955 0.00384305 0.0034845 0.00305525 0.0025654 0.00226745 0.00198465 0.001919 0.00154025 0.0013332 0.00117665 0.0009999 0.0007474 0.00068175 0.00064135 0.00056055 0.00049995 0.000404 0.0002929 0.00033835 0.00022725 0.0002121 0.00015655 0.00013635 0.00010605 5.05e-05 8.585e-05 8.08e-05 6.565e-05 0.00039895 
0.0212908 0.0209525 0.0210181 0.0203414 0.0206091 0.0198263 0.0199324 0.0196344 0.0189527 0.0175791 0.017266 0.0161095 0.0161297 0.0147915 0.0138724 0.0127866 0.0123018 0.0111353 0.0105141 0.009696 0.0088678 0.0082113 0.0073528 0.00643875 0.0057974 0.00547925 0.0048076 0.0045046 0.0038683 0.00349965 0.00291385 0.0025957 0.00235835 0.0020099 0.0016968 0.0015958 0.00143925 0.00130795 0.0011211 0.00098475 0.00081305 0.0007272 0.00064135 0.0005555 0.00044945 0.00044945 0.00030805 0.00028785 0.00026765 0.00024745 0.00160085 
0.0197405 0.0195688 0.0193062 0.0200536 0.0193567 0.0186396 0.0191446 0.019493 0.018786 0.0180992 0.0178366 0.0176397 0.0174427 0.0170892 0.0166903 0.0160186 0.0151197 0.0143521 0.0136401 0.0124786 0.0119938 0.0112969 0.0105596 0.0096859 0.00908495 0.0083426 0.00799415 0.0068579 0.00622665 0.00587315 0.00546915 0.0050702 0.00434805 0.00416625 0.00380265 0.003131 0.0029896 0.0026967 0.00224725 0.00229775 0.00201495 0.00174225 0.0013029 0.00140895 0.00106555 0.00109585 0.00104535 0.00080295 0.0007373 0.0006464 0.00459045 
0.0188769 0.0179982 0.0184224 0.0183012 0.0184376 0.0180639 0.0183719 0.0191648 0.017978 0.0182457 0.0180891 0.0176902 0.017872 0.0168216 0.0168822 0.0165842 0.0166347 0.01565 0.0158015 0.0148824 0.0139532 0.0135795 0.0128725 0.0121049 0.0121251 0.0110393 0.0105899 0.0102313 0.00878195 0.00853955 0.0079285 0.00773155 0.0068882 0.0063933 0.0061408 0.0053833 0.00514595 0.0045854 0.00430765 0.0038582 0.003434 0.0033633 0.0026664 0.00262095 0.00229775 0.00208565 0.00195435 0.0017776 0.00162105 0.0013433 0.0110848 
0.0173417 0.0171953 0.0175942 0.0171448 0.0171549 0.0173821 0.0173064 0.0174023 0.0173165 0.0171347 0.0173165 0.01767 0.0171094 0.0168165 0.0171296 0.0165236 0.016564 0.0162055 0.0165539 0.0152813 0.0154934 0.0145794 0.0140744 0.0140946 0.0139128 0.0125493 0.013226 0.0121857 0.0114231 0.0106858 0.0106202 0.00946875 0.0092819 0.00888295 0.00861025 0.0078275 0.0071508 0.0066256 0.0060802 0.00606505 0.00521665 0.00486315 0.00452985 0.00424705 0.0038885 0.0034845 0.003333 0.00308555 0.0026765 0.00250985 0.0220736 
0.015852 0.0165034 0.0164832 0.0160641 0.0167761 0.016054 0.0168771 0.0165135 0.0158469 0.0163115 0.0162358 0.0158671 0.0165943 0.0156651 0.0164176 0.0162408 0.0162408 0.0162711 0.0157409 0.0159631 0.0153571 0.0152611 0.0151046 0.0144481 0.0148723 0.0143471 0.0139229 0.013332 0.0130947 0.0123675 0.0121857 0.0114029 0.0114534 0.0105848 0.0098071 0.0102515 0.00909 0.0084335 0.00813555 0.00778205 0.0071205 0.00718615 0.0063428 0.00608525 0.0055348 0.005353 0.00488335 0.0045248 0.00417635 0.00396425 0.0396425 
0.015352 0.0152157 0.0157005 0.015751 0.0151096 0.0156651 0.0157661 0.0150288 0.0154328 0.0153722 0.0153167 0.0156197 0.0158924 0.0155338 0.0156399 0.0154934 0.0153571 0.0156247 0.0149985 0.0156853 0.0151702 0.0149985 0.015044 0.0153419 0.0148167 0.0146299 0.0142915 0.0138623 0.0132209 0.0134785 0.0129129 0.0129785 0.0125644 0.0117211 0.0113272 0.0109484 0.0106959 0.0104939 0.00936775 0.00948895 0.0090294 0.00886275 0.0077467 0.0080699 0.0072114 0.00684275 0.00676195 0.0062014 0.00589335 0.0054742 0.0641098 
0.0149884 0.0145945 0.0147157 0.0146501 0.0145996 0.0145137 0.0142663 0.0148167 0.014842 0.0150995 0.0145945 0.014741 0.0149935 0.0152005 0.0148824 0.0142057 0.0146703 0.0145642 0.0147309 0.0145491 0.0142663 0.0144077 0.0148874 0.0145794 0.0141855 0.0143117 0.0141299 0.0135593 0.0139734 0.0135643 0.0136552 0.012923 0.0126705 0.0125341 0.0119584 0.0121402 0.0115696 0.0113221 0.0108626 0.0105747 0.0105899 0.00996365 0.00976165 0.0090294 0.0087769 0.00855975 0.0084133 0.00814565 0.0073629 0.00739825 0.0945865 
0.0139835 0.0138219 0.0141653 0.0137461 0.0140138 0.0138168 0.0140087 0.0135542 0.0138673 0.0140491 0.0140138 0.0139431 0.0136754 0.0142309 0.0136047 0.0137916 0.0139885 0.0141198 0.0143269 0.0136805 0.013731 0.0133825 0.014241 0.0134886 0.0138572 0.0141956 0.0134482 0.0136401 0.0134532 0.0133926 0.0134229 0.0130896 0.0130795 0.0129179 0.0124331 0.012519 0.0124533 0.0121049 0.0117059 0.0117716 0.0107262 0.0108828 0.010701 0.0101253 0.00990305 0.009999 0.0094637 0.00929705 0.00895365 0.00831735 0.129477 
0.0125139 0.0133472 0.0129331 0.0132361 0.013428 0.0131452 0.0132714 0.0131553 0.012822 0.0134886 0.0132512 0.0130442 0.0132967 0.01313 0.0132916 0.0132613 0.0135694 0.0128573 0.0132664 0.0132714 0.0131704 0.0129634 0.0131098 0.0133421 0.0133118 0.0131098 0.0135744 0.0134431 0.0129684 0.0129432 0.0132563 0.0128624 0.0125998 0.0124988 0.0124483 0.0127159 0.0122715 0.0120998 0.0118776 0.0117211 0.0111959 0.0115847 0.0109383 0.0107262 0.0105848 0.0100546 0.00984245 0.0101202 0.009696 0.00931725 0.16865 
0.0127462 0.0127058 0.0125897 0.0123018 0.0127109 0.0124533 0.0124079 0.0124937 0.0123877 0.0126654 0.0127311 0.0125947 0.0125947 0.0123675 0.0124988 0.0124735 0.0123321 0.0124735 0.0128422 0.0127058 0.0126099 0.0126301 0.0124937 0.0122715 0.0124382 0.0127816 0.0128119 0.0125695 0.0124533 0.0126301 0.0122715 0.0124937 0.0122513 0.0123271 0.0122968 0.0119988 0.0118877 0.0118877 0.0113575 0.0113928 0.0114181 0.0116958 0.0114787 0.0109939 0.0105192 0.0108222 0.0105596 0.010701 0.0103576 0.0100091 0.209696 
0.0120594 0.0114837 0.0119534 0.0120897 0.0121958 0.0118675 0.0119635 0.0119938 0.0117211 0.0121453 0.0117312 0.0120695 0.0117059 0.0115999 0.0115645 0.011817 0.0123574 0.011913 0.0117514 0.0122766 0.0118019 0.0121554 0.0119584 0.0119837 0.0124331 0.011509 0.012014 0.0122513 0.011615 0.0118827 0.0120897 0.0118423 0.011716 0.0117211 0.011211 0.0116958 0.0113827 0.0115898 0.0116201 0.0116504 0.010706 0.0118776 0.0113272 0.0112262 0.0108878 0.0108828 0.0106555 0.0108474 0.0103071 0.0105899 0.249586 
0.0114282 0.0114837 0.0114332 0.0114282 0.0115645 0.0112565 0.0113777 0.0108727 0.0108676 0.0114484 0.0110797 0.0115292 0.0111706 0.0109181 0.0114433 0.0114181 0.0113474 0.0113777 0.0113019 0.0116352 0.0113474 0.0116706 0.0111151 0.0113373 0.011307 0.0115544 0.0112363 0.0108979 0.0112413 0.0111403 0.0114332 0.0110191 0.011009 0.0113474 0.0114635 0.0109282 0.0112565 0.0110595 0.0108272 0.0112514 0.0112767 0.011009 0.0110797 0.0106454 0.0105394 0.0110595 0.0105242 0.0107414 0.0102717 0.0103424 0.288613 
0.0105798 0.0109939 0.0105545 0.0105949 0.0105293 0.010903 0.0105091 0.0108323 0.0104283 0.0110747 0.0107565 0.0105899 0.0108727 0.0107313 0.0105747 0.011009 0.0108474 0.0111201 0.0107616 0.0107464 0.0108727 0.0106 0.011004 0.0107363 0.0107515 0.0105444 0.0109686 0.0105091 0.0103778 0.0106808 0.0105192 0.0109232 0.0109484 0.011009 0.0108323 0.0108171 0.0109232 0.0108272 0.011105 0.0106505 0.0106606 0.0104939 0.0104485 0.0105697 0.010499 0.010196 0.010297 0.0105444 0.0103828 0.0105646 0.322296 
0.00997375 0.0102212 0.0101354 0.0103374 0.0097566 0.0101202 0.010201 0.0102465 0.0099283 0.0103626 0.0101556 0.0106303 0.0103273 0.010095 0.0100041 0.0106707 0.0099485 0.0102818 0.0103374 0.0103677 0.0102263 0.0101253 0.0103778 0.0100495 0.0101051 0.0101051 0.00984245 0.0104485 0.0101202 0.0106555 0.0104586 0.0102212 0.0103929 0.0101657 0.0103121 0.0106757 0.0102515 0.0103525 0.0102313 0.0101505 0.00995355 0.0105343 0.00999395 0.0103879 0.0101202 0.010095 0.00996365 0.0099586 0.0103626 0.0100344 0.353874 
0.00945865 0.0095445 0.00974145 0.00928695 0.00975155 0.009999 0.0099182 0.00936775 0.00956975 0.0097364 0.00992325 0.0098778 0.00978185 0.0095344 0.009898 0.00963035 0.00987275 0.009797 0.0096253 0.0098778 0.00996365 0.00979195 0.00917585 0.00955965 0.0102212 0.00967075 0.009696 0.010297 0.00983235 0.00994345 0.0101404 0.0098576 0.009999 0.0101455 0.00984245 0.0099586 0.0095243 0.0096152 0.0101202 0.0101202 0.0098374 0.0099586 0.0098778 0.00945865 0.009999 0.00972125 0.0097566 0.00920615 0.00969095 0.0096051 0.382633 
0 0 0 0 0 0 0 0 0 0 0 0 0 0 0 0 0 0 0 0 0 0 0 0 0 0 0 0 0 0 0 0 0 0 0 0 0 0 0 0 0 0 0 0 0 0 0 0 0 0 0 
Per-collision Densities L:
0.903294 0.744537 0.608737 0.502187 0.410595 0.338769 0.277472 0.227982 0.186209 0.151939 0.125836 0.102949 0.0843199 0.0695486 0.055747 0.0464095 0.0377993 0.0317999 0.0257601 0.0209676 0.017771 0.0139885 0.0116352 0.009696 0.00754975 0.0066357 0.00514595 0.0043834 0.00358045 0.0033027 0.00231795 0.0019594 0.0017069 0.0013534 0.00105545 0.00087365 0.00074235 0.0007575 0.00051005 0.0004444 0.00028785 0.0002727 0.00021715 0.00012625 0.0001515 0.0001313 0.00011615 8.08e-05 5.05e-05 5.05e-05 0.00024745 
0.0816232 0.206944 0.280033 0.325513 0.34294 0.342678 0.334012 0.315024 0.297455 0.268892 0.24496 0.220705 0.195344 0.173993 0.150682 0.135173 0.11668 0.101662 0.0882488 0.07625 0.0660086 0.0575801 0.0479447 0.0417231 0.0359459 0.0300627 0.0260782 0.0217857 0.0189527 0.0160742 0.0139582 0.0122311 0.00984245 0.008282 0.0069488 0.00588325 0.00498435 0.0043127 0.0035451 0.00302495 0.0024543 0.0021917 0.0016059 0.0014039 0.00113625 0.00103525 0.0009797 0.0007878 0.0005454 0.0004444 0.0026664 
0.0054439 0.0296385 0.0659328 0.10604 0.144122 0.177821 0.201758 0.21972 0.233795 0.238936 0.239173 0.235194 0.228624 0.217039 0.209631 0.193703 0.179926 0.163999 0.151182 0.138623 0.126129 0.113645 0.102227 0.0908647 0.0816838 0.0724776 0.0645289 0.056858 0.0493335 0.0441774 0.0382588 0.0335775 0.0294567 0.0266792 0.0222301 0.0191143 0.0170387 0.0141703 0.0123523 0.0110595 0.00909 0.00814565 0.00708515 0.00615595 0.00514595 0.00418645 0.00377235 0.00344915 0.00267145 0.0024947 0.0135441 
0.00040905 0.00320675 0.0109282 0.0239572 0.0411171 0.0614484 0.0810626 0.105106 0.123271 0.142036 0.155934 0.168625 0.17723 0.181906 0.186042 0.187703 0.184749 0.181174 0.176614 0.167524 0.161151 0.152914 0.141249 0.13232 0.124523 0.115655 0.106095 0.0958945 0.0885972 0.0803354 0.0726291 0.0652612 0.0591305 0.0539492 0.0481417 0.0425463 0.0385113 0.0339158 0.0306485 0.0261691 0.0243057 0.0207757 0.0182255 0.0157611 0.0142612 0.0125038 0.0108878 0.0096657 0.0084133 0.00706495 0.0472882 
0.00012625 0.0005858 0.0016059 0.0045046 0.00909 0.0167812 0.0256793 0.0372337 0.0495153 0.0636755 0.0778559 0.0903294 0.104277 0.115877 0.126245 0.136264 0.14195 0.147753 0.150419 0.154141 0.154611 0.153692 0.149975 0.146692 0.141041 0.137118 0.130886 0.124654 0.118175 0.110747 0.103172 0.0982478 0.089683 0.0837593 0.0759672 0.0703566 0.0643017 0.058984 0.0543582 0.0492628 0.0443946 0.0406828 0.0358045 0.0328048 0.0287093 0.0265378 0.0233967 0.0210131 0.0187204 0.0168519 0.125028 
9.09e-05 0.00037875 0.00073225 0.00105545 0.00228765 0.0042319 0.00723665 0.0114484 0.016867 0.0238865 0.0316635 0.0408394 0.0498132 0.0594789 0.0692557 0.0796789 0.0885215 0.0968641 0.10507 0.111539 0.118029 0.12221 0.127215 0.129351 0.131946 0.130088 0.129447 0.128331 0.12527 0.122629 0.118448 0.114029 0.110731 0.105252 0.0984144 0.0929099 0.0876832 0.0827796 0.0769267 0.0712202 0.0679377 0.062519 0.0580801 0.0521766 0.0494395 0.0446976 0.0411272 0.0372539 0.033628 0.0306788 0.266261 
0.0001111 0.00029795 0.0004949 0.00068175 0.00111605 0.00169175 0.00241895 0.00390365 0.00556005 0.0083527 0.0119534 0.0157409 0.0205434 0.0268559 0.0328351 0.0401324 0.0469852 0.0536058 0.0615595 0.0693921 0.0753056 0.0837391 0.0895012 0.0943694 0.10051 0.104793 0.107408 0.109302 0.111863 0.1136 0.112408 0.111312 0.110837 0.110014 0.106929 0.105358 0.101414 0.0972681 0.0937785 0.087264 0.0843603 0.0809061 0.0759672 0.0731392 0.0677357 0.0625342 0.0584336 0.0544996 0.0518433 0.0473539 0.479841 
0.00010605 0.00022725 0.0004444 0.00062115 0.0008282 0.0010807 0.0013938 0.00194425 0.00248965 0.0032926 0.00456015 0.00634785 0.00857995 0.0110747 0.0140441 0.0183921 0.0224523 0.026361 0.0322847 0.0380114 0.0433391 0.0485507 0.0546612 0.0611202 0.0661298 0.0716494 0.0774923 0.0824362 0.0848754 0.0901274 0.0930109 0.0944249 0.0963187 0.0993537 0.0993689 0.0979145 0.0990558 0.0973085 0.0959601 0.0946017 0.0928695 0.08938 0.0860217 0.083724 0.0809667 0.0778205 0.0739068 0.068478 0.0660035 0.0631301 0.758919 
6.06e-05 0.0003232 0.000404 0.00064135 0.00075245 0.00095445 0.0010504 0.00140895 0.0016968 0.00204525 0.0024341 0.0031108 0.0039592 0.00503485 0.00663065 0.0080699 0.0107212 0.0129028 0.0152207 0.0188264 0.0221796 0.0259419 0.0306384 0.0351581 0.0391123 0.0442633 0.0500556 0.0537169 0.058979 0.0632311 0.0667358 0.0698516 0.0742704 0.0776842 0.0813808 0.0828756 0.0846027 0.0869156 0.0870267 0.0876529 0.0886982 0.0868701 0.0862843 0.0852895 0.0827544 0.0829463 0.0810374 0.0770782 0.0757551 0.0723918 1.07557 
5.555e-05 0.0002323 0.0004343 0.0005858 0.0009191 0.00082315 0.00109585 0.0012322 0.0012524 0.0017574 0.0019392 0.00221695 0.00241895 0.0028886 0.00343905 0.004242 0.00524695 0.00630745 0.0078376 0.00951925 0.0115342 0.0135441 0.0158318 0.0184628 0.0216948 0.0249672 0.0289618 0.0327089 0.0361075 0.0401475 0.0437078 0.0479902 0.0522372 0.0549087 0.0589285 0.0623978 0.0653369 0.0679983 0.0706546 0.0719575 0.0746592 0.0767348 0.0776791 0.0772499 0.0771034 0.078477 0.0773357 0.0780074 0.0765782 0.0749723 1.39043 
7.575e-05 0.00028785 0.0003232 0.000505 0.00064135 0.00081305 0.00100495 0.0011009 0.0013231 0.00143925 0.001515 0.00180285 0.00222705 0.0021614 0.0026361 0.0027674 0.0034441 0.00395415 0.00459045 0.0049793 0.00648925 0.00744875 0.0086456 0.0102212 0.011711 0.0138774 0.0161348 0.0183113 0.0208262 0.023124 0.0271741 0.0297849 0.0334613 0.0366327 0.039587 0.0423998 0.0463136 0.0491365 0.0518635 0.0552925 0.057065 0.0601051 0.0616858 0.0644532 0.0654177 0.0663217 0.0686043 0.0694022 0.0713363 0.0706596 1.66501 
9.09e-05 0.00018685 0.0002929 0.00062115 0.00064135 0.000808 0.00087365 0.00109585 0.00130795 0.00138875 0.0016766 0.0016362 0.0018382 0.00205535 0.0023634 0.00217655 0.00263105 0.0029997 0.0032522 0.00349965 0.00404 0.0043935 0.005353 0.00627715 0.00677205 0.00768105 0.00924655 0.0104182 0.0118726 0.014135 0.0150995 0.0181346 0.0208767 0.0225887 0.0245531 0.026664 0.030098 0.0334765 0.0351379 0.038274 0.0415817 0.0439047 0.0461419 0.048177 0.0515706 0.0525301 0.0541411 0.0575852 0.0588376 0.0603879 1.8789 
6.06e-05 0.0002323 0.00032825 0.0005353 0.00075245 0.00080295 0.00084335 0.00100495 0.00106555 0.00132815 0.00165135 0.00163115 0.0016362 0.0019392 0.0020604 0.00205535 0.00213615 0.00258055 0.00267145 0.00276235 0.00306535 0.00344915 0.0037067 0.00420665 0.0046561 0.00524695 0.00592365 0.00640845 0.00756995 0.0078982 0.00916575 0.0108424 0.0118978 0.0141198 0.0152712 0.0166145 0.0185436 0.0210131 0.0231694 0.0251692 0.0282346 0.0295425 0.0329412 0.0338956 0.0366933 0.0392739 0.0418292 0.0432179 0.0457177 0.0474448 2.01927 
5.05e-05 0.00025755 0.0003838 0.0004747 0.00058075 0.00072215 0.00079285 0.0009595 0.0011211 0.00120695 0.0013433 0.00164125 0.001515 0.0017877 0.0019796 0.00195435 0.0021917 0.0021816 0.0024038 0.0025553 0.00261085 0.00287345 0.00298455 0.0033431 0.0036865 0.00388345 0.0042622 0.00461065 0.0051813 0.0055146 0.00622665 0.0070902 0.0077568 0.00847895 0.0097465 0.0107919 0.0121049 0.0130593 0.0141804 0.0162812 0.0182305 0.0195435 0.0215736 0.0235027 0.0256237 0.0264317 0.0295375 0.0314666 0.0332341 0.0357086 2.08986 
7.07e-05 0.00022725 0.00027775 0.0003737 0.0005151 0.0006464 0.00086355 0.00083325 0.00103525 0.0011211 0.0012322 0.0013938 0.0016968 0.0016564 0.0019796 0.00196445 0.00195435 0.00221695 0.00217655 0.00235835 0.0023533 0.0027674 0.00283305 0.0030098 0.00318655 0.00300475 0.00378245 0.0035754 0.0039188 0.0041713 0.00469145 0.0047874 0.005656 0.00585295 0.006666 0.007373 0.0081406 0.0090193 0.0098475 0.0103071 0.0116201 0.0129533 0.0139178 0.0155641 0.0165034 0.0184123 0.0198314 0.0217049 0.0236189 0.02525 2.10519 
6.06e-05 0.0001717 0.00027775 0.0003939 0.00049995 0.00058075 0.0007979 0.00090395 0.0009797 0.00101505 0.0011817 0.00128775 0.0016261 0.00165135 0.0016059 0.00192405 0.0019695 0.0021715 0.00219675 0.00223715 0.00233815 0.00251995 0.00250985 0.00302495 0.00274215 0.0030906 0.00297445 0.00337845 0.00365115 0.00369155 0.00375215 0.00403495 0.00432785 0.00460055 0.00488335 0.0055045 0.0055853 0.00646905 0.0067771 0.0075548 0.0078679 0.00896375 0.00983235 0.010802 0.0112716 0.0123473 0.0131654 0.0143572 0.0161853 0.0173468 2.0828 
8.585e-05 0.0002121 0.000303 0.00036865 0.0004646 0.0005858 0.00071205 0.0008787 0.00081305 0.00105545 0.00101505 0.0013635 0.0013534 0.00156045 0.00162105 0.00162105 0.0018382 0.0021715 0.00211595 0.00205535 0.002424 0.00238865 0.0024947 0.00260075 0.00270175 0.00282295 0.0028381 0.0030098 0.00316635 0.00318655 0.0035047 0.0037168 0.0038885 0.0038582 0.0039794 0.0045248 0.004747 0.00480255 0.00530755 0.00565095 0.00599435 0.0060802 0.00712555 0.00737805 0.00818605 0.00878195 0.009292 0.0101 0.0112211 0.0121251 2.03624 
4.545e-05 0.00015655 0.0002828 0.0002626 0.00053025 0.0006161 0.00060095 0.00082315 0.0009191 0.00098475 0.0010908 0.0012726 0.00116655 0.00145945 0.00135845 0.00162105 0.0017473 0.0017776 0.00192405 0.0020907 0.0021816 0.00228765 0.00251995 0.00249975 0.0026361 0.00264115 0.002727 0.00289365 0.0028987 0.0029391 0.00334815 0.00335825 0.0034138 0.0036057 0.00361075 0.0037976 0.00404 0.0041208 0.00444905 0.0046056 0.0046965 0.0053126 0.005555 0.00612565 0.0060297 0.0065852 0.0072518 0.00772145 0.0079891 0.0087769 1.97625 
5.05e-05 0.0001313 0.00022725 0.00038885 0.00044945 0.0006161 0.0006161 0.00074235 0.00088375 0.0010504 0.00106555 0.0010302 0.0013231 0.00132815 0.00141905 0.00147965 0.00148975 0.00170185 0.0018685 0.00180285 0.001919 0.002121 0.0023028 0.0024442 0.0023331 0.00257045 0.0026058 0.0026159 0.00277245 0.00285325 0.0029997 0.00308555 0.00319665 0.0032623 0.00338855 0.0033532 0.00373195 0.0035754 0.0040501 0.00406525 0.0041814 0.00436825 0.00481265 0.00479245 0.0052318 0.00521665 0.00563075 0.00583275 0.0063024 0.0066256 1.91112 
0 0 0 0 0 0 0 0 0 0 0 0 0 0 0 0 0 0 0 0 0 0 0 0 0 0 0 0 0 0 0 0 0 0 0 0 0 0 0 0 0 0 0 0 0 0 0 0 0 0 0 
