Half rod, albedo problem, Anisotropic scattering, exponential random flight, mu_t: 3 g: -0.7
Analogmu_t c: 0.95 maxx: 10 dx: 0.19802 numsamples: 1000000 numCollisionOrders: 20 numMoments: 10
total albedo: 0.704815
per-collision order albedos: 
0 0.403746 0.057124 0.074219 0.029215 0.029752 0.017246 0.015925 0.011018 0.009556 0.007428 0.006308 0.005241 0.004529 0.003923 0.003311 0.002848 0.002448 0.002173 0.001842 
Collision density L:
1.94631 1.63684 1.37971 1.16264 0.981427 0.820655 0.696082 0.583553 0.494996 0.415458 0.35247 0.294274 0.247622 0.208257 0.174427 0.147046 0.12418 0.104904 0.0901829 0.0746542 0.0624837 0.0522524 0.044637 0.0373145 0.0313656 0.0262398 0.0230331 0.0189527 0.016362 0.0133169 0.0117514 0.00978185 0.00799415 0.0063327 0.00579235 0.00472175 0.003838 0.00340875 0.00279265 0.0024543 0.00177255 0.0017271 0.00156045 0.00130795 0.0010605 0.0008585 0.000808 0.0005656 0.0004848 0.0004242 0.002424 
Collision density R:
2.76273 2.32264 1.95451 1.64988 1.39182 1.17095 0.984154 0.832695 0.698137 0.588658 0.493572 0.419216 0.352899 0.297521 0.250268 0.207318 0.175619 0.148243 0.12673 0.106398 0.0896628 0.075043 0.0639633 0.0531917 0.0448592 0.038274 0.0318251 0.0265327 0.0232401 0.0195233 0.0167458 0.0138774 0.0114484 0.00958995 0.00776185 0.00681245 0.0059489 0.00460055 0.0040299 0.0034542 0.00299465 0.00226745 0.00188365 0.00183315 0.0015453 0.0011918 0.00111605 0.00092415 0.00075245 0.0005555 0.00331785 
Density Moments:
5.90816 6.81851 15.7445 54.5389 251.631 1446.53 9913.47 78390.6 696879 6.81741e+06 
Per-collision Density Moments:
1 0.33335 0.222763 0.224191 0.30276 0.515586 1.06492 2.59562 7.30678 23.3129 
0.546347 0.229843 0.185204 0.21754 0.334212 0.63409 1.43306 3.75706 11.1712 36.8911 
0.461928 0.295585 0.296335 0.400798 0.680743 1.38893 3.29878 8.89779 26.6961 87.5072 
0.364732 0.253723 0.281508 0.419101 0.777289 1.72008 4.41212 12.8394 41.6572 148.442 
0.317272 0.268773 0.33745 0.55059 1.09955 2.5936 7.05586 21.7552 74.9348 284.478 
0.271622 0.247012 0.335115 0.588638 1.25834 3.15648 9.06384 29.2483 104.494 408.025 
0.240931 0.246292 0.363007 0.681175 1.53857 4.04431 12.0887 40.3781 148.552 594.246 
0.213039 0.231824 0.363264 0.721294 1.71481 4.72015 14.7072 51.019 194.438 804.673 
0.191454 0.225464 0.375495 0.785735 1.95947 5.64318 18.3716 66.5548 265.009 1147.82 
0.172276 0.213947 0.374939 0.821781 2.13462 6.36396 21.307 78.8656 318.962 1396.97 
0.156339 0.205856 0.378701 0.866699 2.3426 7.2479 25.1292 96.149 401.399 1812.69 
0.142216 0.195621 0.375011 0.891874 2.4978 7.98508 28.5273 112.133 479.073 2202.3 
0.129762 0.187111 0.373967 0.924363 2.684 8.88096 32.8158 133.448 590.518 2816.68 
0.11886 0.178623 0.370637 0.949233 2.85432 9.78461 37.4859 158.183 727.019 3606.54 
0.108946 0.170443 0.366423 0.969753 3.00759 10.6217 41.9154 182.343 865.534 4445.71 
0.100136 0.162375 0.3603 0.981442 3.12607 11.3211 45.7716 203.922 991.042 5208.35 
0.092293 0.154862 0.354513 0.994234 3.25414 12.0799 49.8911 226.035 1110.94 5868.93 
0.085236 0.14764 0.347605 1.00155 3.367 12.8515 54.77 257.979 1335.17 7566.75 
0.078835 0.140585 0.340811 1.01051 3.49354 13.6981 59.841 287.779 1510.76 8604.21 
0 0 0 0 0 0 0 0 0 0 
Per-collision Densities L:
0 0 0 0 0 0 0 0 0 0 0 0 0 0 0 0 0 0 0 0 0 0 0 0 0 0 0 0 0 0 0 0 0 0 0 0 0 0 0 0 0 0 0 0 0 0 0 0 0 0 0 
0.913202 0.504298 0.277755 0.15301 0.084941 0.0473589 0.0264166 0.0142915 0.00819615 0.0046965 0.00237855 0.00121705 0.00080295 0.0004545 0.0002929 0.0001919 7.575e-05 2.525e-05 4.04e-05 2.02e-05 0 1.01e-05 0 0 0 5.05e-06 0 0 0 0 0 0 0 0 0 0 0 0 0 0 0 0 0 0 0 0 0 0 0 0 0 
0.164782 0.133431 0.0982831 0.066958 0.0443441 0.02828 0.0174983 0.0107515 0.00681245 0.0039693 0.0023533 0.00158065 0.00088375 0.0005858 0.00027775 0.000202 9.595e-05 4.545e-05 4.04e-05 2.525e-05 2.525e-05 1.515e-05 1.01e-05 5.05e-06 0 0 0 0 0 0 0 0 0 0 0 0 0 0 0 0 0 0 0 0 0 0 0 0 0 0 0 
0.253157 0.248263 0.19901 0.144309 0.100202 0.0650844 0.0430412 0.0271084 0.0174276 0.0109535 0.00653975 0.0041309 0.0022826 0.0013332 0.00081305 0.00054035 0.00034845 0.0001717 0.00013635 7.07e-05 3.535e-05 2.02e-05 1.01e-05 0 0 1.01e-05 0 0 0 0 0 0 0 0 0 0 0 0 0 0 0 0 0 0 0 0 0 0 0 0 0 
0.100041 0.106964 0.0974246 0.0807091 0.0621958 0.0455712 0.0327695 0.0226846 0.0143168 0.010499 0.00687305 0.0046157 0.00286335 0.0016463 0.0009898 0.0006161 0.0004949 0.0002929 0.00014645 9.595e-05 8.08e-05 2.525e-05 2.525e-05 5.05e-06 0 1.01e-05 0 0 0 5.05e-06 0 0 0 0 0 0 0 0 0 0 0 0 0 0 0 0 0 0 0 0 0 
0.107545 0.12471 0.11914 0.104197 0.0829311 0.0627513 0.0462126 0.0332139 0.0232149 0.0156298 0.0104889 0.0070801 0.00460055 0.0028078 0.0017372 0.0011312 0.0008787 0.0005151 0.0002929 0.00015655 9.09e-05 7.07e-05 4.545e-05 3.535e-05 3.03e-05 0 1.01e-05 0 2.02e-05 5.05e-06 0 0 0 0 0 0 0 0 0 0 0 0 0 0 0 0 0 0 0 0 0 
0.0619534 0.0728614 0.0750935 0.0697153 0.0591507 0.0480003 0.0380417 0.0283962 0.0212201 0.0147814 0.0105545 0.0076154 0.00495405 0.00350975 0.00219675 0.0015352 0.0009595 0.00061105 0.00041915 0.00030805 0.00019695 0.0001212 5.555e-05 2.525e-05 1.515e-05 1.01e-05 5.05e-06 5.05e-06 1.01e-05 0 0 0 0 0 0 0 0 0 0 0 0 0 0 0 0 0 0 0 0 0 0 
0.0569842 0.070897 0.0757046 0.070897 0.0635795 0.0532068 0.0427937 0.0332896 0.0252096 0.0181952 0.0136754 0.00928695 0.0068175 0.00421675 0.0030502 0.00219675 0.00146955 0.0008585 0.00063125 0.00032825 0.00019695 0.00013635 0.0001212 6.06e-05 1.515e-05 4.545e-05 2.525e-05 1.515e-05 1.01e-05 1.01e-05 5.05e-06 0 0 0 0 0 0 0 0 0 0 0 0 0 0 0 0 0 0 0 0 
0.0396829 0.0503233 0.0539189 0.0537926 0.049586 0.0436825 0.0364762 0.0302344 0.0231644 0.0175488 0.0134179 0.0096455 0.0069488 0.0051712 0.0036158 0.0023331 0.00155035 0.00102515 0.00078275 0.0004646 0.00037875 0.000202 0.0001717 7.07e-05 4.04e-05 5.05e-05 1.515e-05 1.01e-05 5.05e-06 1.01e-05 5.05e-06 0 0 0 0 0 0 0 0 0 0 0 0 0 0 0 0 0 0 0 0 
0.0352137 0.0454046 0.0507424 0.0511616 0.0485204 0.0427786 0.0363752 0.0304061 0.0247753 0.0187052 0.0144784 0.011004 0.00790325 0.0057671 0.0041612 0.00288355 0.0022826 0.00147965 0.00096455 0.00064135 0.00055045 0.0002727 0.00021715 0.0001515 5.05e-05 4.545e-05 4.04e-05 1.515e-05 2.02e-05 1.01e-05 1.515e-05 1.01e-05 0 0 0 0 0 0 0 0 0 0 0 0 0 0 0 0 0 0 0 
0.0278407 0.034638 0.0389254 0.040299 0.0399506 0.0367994 0.0323099 0.0279467 0.0229371 0.0184426 0.0142814 0.0109535 0.0083022 0.00577215 0.00464095 0.00332795 0.00241895 0.00163115 0.0011817 0.00073225 0.00054035 0.0003535 0.0002121 0.00016665 0.00011615 5.05e-05 4.04e-05 4.04e-05 0 3.535e-05 1.01e-05 5.05e-06 0 0 0 0 0 0 0 0 0 0 0 0 0 0 0 0 0 0 0 
0.0244521 0.0309818 0.0352187 0.0371327 0.0366125 0.0339411 0.0308101 0.0262398 0.0229068 0.0181548 0.0150541 0.0111757 0.00896375 0.0068377 0.0050601 0.0036259 0.00289365 0.0018382 0.00143925 0.0009292 0.00072215 0.00051005 0.0002828 0.00021715 0.0001414 8.585e-05 5.05e-05 2.02e-05 1.515e-05 1.515e-05 1.01e-05 1.01e-05 5.05e-06 0 0 0 0 0 5.05e-06 0 0 0 0 0 0 0 0 0 0 0 0 
0.0194829 0.025548 0.029088 0.0315474 0.031209 0.0300475 0.0275427 0.0243663 0.0208919 0.0176952 0.013837 0.0110747 0.00864055 0.00666095 0.0052419 0.0040602 0.0029088 0.0021109 0.00160085 0.001212 0.000808 0.000505 0.0003737 0.00026765 0.00010605 0.00010605 0.0001111 4.04e-05 6.06e-05 2.02e-05 1.01e-05 3.535e-05 5.05e-06 1.01e-05 0 0 0 0 0 0 0 0 0 0 0 0 0 0 0 0 0 
0.0171448 0.0219776 0.0255126 0.0273761 0.0285224 0.0267044 0.0256288 0.0227604 0.019892 0.0169125 0.0140138 0.0112363 0.00941825 0.00718615 0.0055449 0.00423695 0.0033027 0.00244925 0.00174225 0.0011312 0.0008888 0.00064135 0.0004747 0.00030805 0.00019695 0.00014645 5.05e-05 9.09e-05 4.04e-05 2.02e-05 3.535e-05 1.01e-05 5.05e-06 1.01e-05 0 5.05e-06 0 5.05e-06 5.05e-06 0 0 0 0 0 0 0 0 0 0 0 0 
0.0143471 0.0183871 0.0223261 0.0237754 0.0243461 0.0242602 0.0227099 0.020801 0.0179629 0.0157964 0.01363 0.0112666 0.0090799 0.007171 0.00600445 0.00440865 0.00318655 0.0023836 0.00189375 0.00131805 0.00105545 0.000707 0.0005858 0.0004242 0.00031815 0.0001212 0.00012625 0.00012625 8.585e-05 3.535e-05 1.515e-05 3.535e-05 3.03e-05 0 0 5.05e-06 0 0 0 0 0 0 0 0 0 0 0 0 0 0 0 
0.0120493 0.0163065 0.0189931 0.0206495 0.0221392 0.0215181 0.0207505 0.0189072 0.0177003 0.0147157 0.0130341 0.010903 0.00911525 0.0076255 0.0056863 0.0044642 0.00359055 0.0026058 0.00204525 0.00166145 0.001212 0.00071205 0.0005353 0.0004848 0.00031815 0.0001919 0.0001616 0.000101 9.595e-05 6.06e-05 2.02e-05 3.03e-05 0 1.01e-05 5.05e-06 0 0 1.01e-05 0 5.05e-06 0 0 5.05e-06 0 0 0 0 0 0 0 0 
0.0106 0.0140946 0.0167711 0.0186396 0.0195738 0.0192809 0.0188163 0.0173013 0.0162004 0.0144178 0.012216 0.010302 0.0084436 0.00710535 0.0054742 0.0048682 0.00362085 0.00268155 0.00216645 0.0016665 0.00116655 0.00096455 0.0006565 0.00040905 0.00027775 0.0002626 0.00019695 0.00016665 8.08e-05 0.00010605 2.525e-05 1.01e-05 3.03e-05 5.05e-06 1.01e-05 0 1.01e-05 5.05e-06 0 5.05e-06 0 0 0 0 0 0 0 0 0 0 0 
0.00899405 0.0116302 0.0145087 0.0166903 0.0175437 0.0174579 0.0176397 0.0157257 0.0150288 0.0132209 0.0117615 0.0101152 0.0084739 0.00729725 0.00581255 0.00484295 0.0035754 0.0029088 0.00222705 0.00174225 0.00135845 0.00095445 0.000707 0.0005757 0.00041915 0.0003232 0.0001919 0.00019695 0.000101 8.08e-05 3.535e-05 5.05e-05 1.515e-05 5.05e-06 5.05e-06 1.515e-05 1.01e-05 5.05e-06 5.05e-06 0 0 0 0 0 0 0 0 0 0 0 0 
0.00807495 0.0109989 0.0131048 0.0142158 0.0157358 0.0160944 0.0157207 0.0144632 0.0135643 0.0122008 0.0114181 0.00923645 0.0082315 0.0065852 0.0058176 0.00473185 0.0037168 0.0027876 0.0022018 0.00187355 0.00127765 0.00100495 0.0007373 0.0006363 0.00042925 0.00029795 0.00022725 0.0001515 0.00011615 8.585e-05 6.565e-05 3.535e-05 3.535e-05 2.525e-05 1.01e-05 0 5.05e-06 0 5.05e-06 5.05e-06 0 0 5.05e-06 0 0 0 0 0 5.05e-06 0 0 
0 0 0 0 0 0 0 0 0 0 0 0 0 0 0 0 0 0 0 0 0 0 0 0 0 0 0 0 0 0 0 0 0 0 0 0 0 0 0 0 0 0 0 0 0 0 0 0 0 0 0 
Per-collision Densities L:
2.26342 1.24796 0.689966 0.379912 0.20902 0.116044 0.0645845 0.0347541 0.0200839 0.0107363 0.005858 0.0033229 0.0018988 0.00104535 0.00056055 0.0003333 0.0002525 8.08e-05 9.595e-05 4.04e-05 1.01e-05 1.01e-05 0 1.01e-05 0 0 5.05e-06 0 0 0 0 0 0 0 0 0 0 0 0 0 0 0 0 0 0 0 0 0 0 0 0 
0.0863752 0.154394 0.142637 0.110171 0.0801587 0.0534189 0.0341835 0.0228967 0.0137512 0.00864055 0.0051207 0.00303 0.0018988 0.00112615 0.00060095 0.00040905 0.00023735 0.0001515 6.06e-05 1.515e-05 4.04e-05 1.515e-05 1.515e-05 1.01e-05 1.515e-05 0 0 0 0 0 0 0 0 0 0 0 0 0 0 0 0 0 0 0 0 0 0 0 0 0 0 
0.20195 0.359782 0.341794 0.272195 0.197036 0.134345 0.0878801 0.0585396 0.036966 0.0236946 0.0147359 0.00909505 0.0053732 0.0031108 0.0019897 0.00118675 0.00071205 0.00047975 0.0002222 0.0002121 8.08e-05 4.545e-05 2.525e-05 1.01e-05 1.01e-05 5.05e-06 5.05e-06 0 0 0 0 0 0 0 0 0 0 0 0 0 0 0 0 0 0 0 0 0 0 0 0 
0.0388547 0.0960409 0.115165 0.112191 0.0964399 0.0769014 0.0565297 0.0402687 0.0283558 0.0190436 0.0129583 0.00888295 0.00557015 0.0034138 0.0025654 0.0013635 0.0008888 0.00060095 0.0003434 0.00016665 0.0001212 9.595e-05 4.04e-05 5.05e-05 2.525e-05 5.05e-06 5.05e-06 5.05e-06 0 5.05e-06 0 0 0 0 0 0 0 0 0 0 0 0 0 0 0 0 0 0 0 0 0 
0.0501314 0.125917 0.156262 0.154267 0.135593 0.108656 0.0838401 0.0610444 0.0436169 0.0305374 0.0206242 0.0137259 0.00934755 0.0060499 0.0036259 0.00266135 0.0015352 0.0010605 0.0007575 0.00038885 0.00021715 0.00017675 7.07e-05 5.05e-05 1.515e-05 3.535e-05 1.515e-05 5.05e-06 2.525e-05 1.01e-05 0 0 0 0 0 0 0 0 0 0 0 0 0 0 0 0 0 0 0 0 0 
0.0208111 0.0548127 0.0778306 0.0848198 0.081098 0.0718716 0.0592668 0.0475205 0.035749 0.0267398 0.0188012 0.0135795 0.00937785 0.00683265 0.0044945 0.0027573 0.00207555 0.00135845 0.00085345 0.00059085 0.00034845 0.0002121 0.0001313 9.09e-05 5.05e-05 2.525e-05 1.515e-05 2.02e-05 5.05e-06 5.05e-06 0 0 5.05e-06 0 0 0 0 0 0 0 0 0 0 0 0 0 0 0 0 0 0 
0.0212555 0.0567974 0.0797799 0.0905011 0.0877337 0.0800324 0.0677963 0.0555399 0.0431472 0.0321584 0.0232906 0.0171296 0.0124382 0.00843855 0.0061408 0.0041915 0.0027068 0.00200485 0.00113625 0.00081305 0.0004141 0.0002828 0.00029795 0.000101 6.565e-05 6.565e-05 4.545e-05 2.02e-05 2.02e-05 1.01e-05 2.525e-05 0 0 0 0 0 0 0 0 0 0 0 0 0 0 0 0 0 0 0 0 
0.0126806 0.0338754 0.0506465 0.0593375 0.0623726 0.0588477 0.0532725 0.0445511 0.0364055 0.028886 0.0219877 0.0164731 0.0128321 0.00892335 0.00625695 0.0048278 0.00335825 0.00199475 0.0015453 0.0009797 0.00066155 0.0004747 0.00026765 0.00014645 0.0001313 6.565e-05 3.03e-05 3.03e-05 1.515e-05 2.02e-05 5.05e-06 5.05e-06 5.05e-06 5.05e-06 0 0 0 0 0 0 0 0 0 0 0 0 0 0 0 0 0 
0.0110949 0.0313151 0.0463691 0.0562116 0.0600092 0.0577468 0.052919 0.0460813 0.0379356 0.0306434 0.024341 0.018579 0.0139936 0.0101606 0.0072518 0.0053328 0.0039491 0.002828 0.00188365 0.0012423 0.0007878 0.0006767 0.00038885 0.0002626 0.00020705 9.09e-05 8.08e-05 2.525e-05 4.04e-05 1.01e-05 3.03e-05 2.02e-05 5.05e-06 0 0 0 5.05e-06 0 0 0 0 0 0 0 0 0 0 0 0 0 0 
0.0078174 0.0230684 0.0330068 0.0414353 0.0449753 0.0449804 0.0435866 0.0395062 0.0336936 0.0280982 0.0228816 0.0181497 0.0137916 0.0104434 0.0075851 0.00593375 0.00415615 0.0030603 0.00219675 0.00153015 0.0010302 0.0006464 0.00052015 0.0002525 0.0002121 0.0001515 7.575e-05 7.575e-05 2.525e-05 2.02e-05 2.02e-05 1.01e-05 5.05e-06 0 0 0 0 0 5.05e-06 0 0 0 0 0 0 0 0 0 0 0 0 
0.0073225 0.0197708 0.0297496 0.0377993 0.0419352 0.0415009 0.0406576 0.0374559 0.0325624 0.0274165 0.0224574 0.0190688 0.0141148 0.0112615 0.0084638 0.0063933 0.00494395 0.00325725 0.0025149 0.00179275 0.0014039 0.00096455 0.0005151 0.00044945 0.00028785 0.0002121 0.00013635 8.585e-05 1.515e-05 4.545e-05 1.515e-05 1.01e-05 1.515e-05 0 1.01e-05 0 0 0 0 5.05e-06 0 0 0 0 0 0 0 0 0 0 0 
0.0054338 0.0151702 0.023932 0.0298708 0.0340623 0.0355823 0.0344208 0.0319211 0.029088 0.0256944 0.0208717 0.0176397 0.0140188 0.0108474 0.0086557 0.00643875 0.0048177 0.0039289 0.0027169 0.00201495 0.0014544 0.00105545 0.0006767 0.00048985 0.0003434 0.0002222 0.0001414 0.000101 7.575e-05 5.555e-05 2.525e-05 2.02e-05 3.535e-05 5.05e-06 5.05e-06 0 0 0 0 0 0 0 0 0 0 0 0 0 0 0 0 
0.00494395 0.0133472 0.0211545 0.0263711 0.029593 0.0314767 0.0307444 0.0302142 0.0267751 0.0235482 0.0206242 0.0171397 0.014034 0.0117514 0.00933745 0.0068882 0.00519645 0.00407535 0.00319665 0.0021816 0.0016261 0.0011009 0.0008787 0.0006262 0.00045955 0.0002525 0.0001818 8.08e-05 8.585e-05 6.565e-05 4.545e-05 3.03e-05 1.515e-05 1.01e-05 5.05e-06 0 5.05e-06 0 1.01e-05 0 0 0 0 0 0 0 0 0 0 0 0 
0.003737 0.0110545 0.0174124 0.0220534 0.0255025 0.0271589 0.026866 0.0263661 0.0248208 0.0217302 0.018983 0.016463 0.0139229 0.0111504 0.00909 0.00655995 0.005454 0.00426725 0.0031108 0.00235835 0.0018382 0.001212 0.00101505 0.000808 0.0005151 0.0003434 0.00027775 0.0001818 0.0001313 8.08e-05 4.04e-05 2.525e-05 4.04e-05 2.525e-05 1.01e-05 0 5.05e-06 0 0 0 0 5.05e-06 0 0 0 0 0 0 0 0 0 
0.00312595 0.00926675 0.0150086 0.0192355 0.022316 0.0240936 0.0244774 0.0243006 0.0221241 0.0202253 0.0177609 0.0158873 0.0131149 0.0109787 0.00923645 0.0072922 0.00554995 0.00437835 0.00343905 0.00259065 0.0019392 0.0014342 0.0010504 0.00070195 0.00061105 0.00038885 0.0002929 0.0001818 0.00011615 0.0001212 7.575e-05 3.03e-05 3.535e-05 2.02e-05 1.01e-05 5.05e-06 1.01e-05 5.05e-06 1.01e-05 0 5.05e-06 0 5.05e-06 0 0 0 0 0 0 0 0 
0.00259065 0.00788305 0.013125 0.0166246 0.0196041 0.0206596 0.0218261 0.0215635 0.0197607 0.0190082 0.0164883 0.0148723 0.0124685 0.0104939 0.0089991 0.00712555 0.00580245 0.00433795 0.00364105 0.00266135 0.0020907 0.00147965 0.0012019 0.00086355 0.00051005 0.0004444 0.000303 0.0002525 0.0001717 0.00015655 9.595e-05 3.03e-05 5.05e-05 3.03e-05 1.01e-05 1.01e-05 5.05e-06 1.01e-05 1.01e-05 0 5.05e-06 0 0 0 0 0 0 0 0 0 0 
0.0023533 0.006666 0.0108424 0.014337 0.016963 0.0181497 0.0192961 0.0190638 0.0191749 0.0170185 0.0155591 0.0136401 0.0121756 0.0105495 0.00881225 0.0073932 0.00607515 0.0045248 0.0035249 0.0028381 0.00209575 0.00176245 0.0011413 0.00089385 0.0007474 0.0005252 0.0003939 0.00024745 0.0002323 0.0001717 7.575e-05 7.07e-05 4.545e-05 3.535e-05 1.01e-05 5.05e-06 1.515e-05 5.05e-06 1.515e-05 0 0 0 0 5.05e-06 0 0 0 0 0 0 0 
0.00193415 0.0059388 0.009494 0.0125695 0.0147915 0.0168721 0.0172003 0.0170387 0.0166903 0.0157762 0.0146905 0.0131048 0.0112312 0.00982225 0.0079588 0.00700435 0.00566105 0.0046864 0.00373195 0.00292395 0.00226745 0.00163115 0.00143925 0.0009393 0.0008484 0.0004949 0.00048985 0.0002121 0.0001919 0.00014645 0.00013635 7.07e-05 4.04e-05 7.575e-05 3.03e-05 1.01e-05 1.515e-05 5.05e-06 5.05e-06 0 1.01e-05 0 0 5.05e-06 0 0 0 0 0 5.05e-06 0 
0.00153015 0.0051914 0.0078982 0.0111858 0.0132361 0.014443 0.0153167 0.0156449 0.0151904 0.0142764 0.0133573 0.0124786 0.0108222 0.0095344 0.00813555 0.00652965 0.0056964 0.0047874 0.00375215 0.0030401 0.002424 0.001919 0.00149985 0.00102515 0.0007878 0.00066155 0.00043935 0.0004141 0.0002828 0.000202 0.00015655 7.07e-05 6.565e-05 7.07e-05 2.525e-05 2.525e-05 1.01e-05 2.525e-05 2.02e-05 0 1.01e-05 0 0 0 0 0 0 0 0 0 0 
0 0 0 0 0 0 0 0 0 0 0 0 0 0 0 0 0 0 0 0 0 0 0 0 0 0 0 0 0 0 0 0 0 0 0 0 0 0 0 0 0 0 0 0 0 0 0 0 0 0 0 
