Half rod, albedo problem, isotropic scattering, exponential random flight, mu_t: 3
Analogmu_t c: 0.95 maxx: 10 dx: 0.19802 numsamples: 1000000 numCollisionOrders: 20 numMoments: 10
total albedo: 0.633904
per-collision order albedos: 
0 0.236915 0.112534 0.067129 0.044339 0.031289 0.023728 0.018173 0.014566 0.011592 0.009669 0.008212 0.006757 0.005733 0.004929 0.004272 0.003667 0.003168 0.002716 0.002433 
Collision density L:
1.78287 1.5613 1.36916 1.2026 1.05133 0.916297 0.80548 0.703712 0.616115 0.539305 0.475069 0.415166 0.364802 0.318312 0.279235 0.245011 0.212777 0.187254 0.16258 0.143491 0.127068 0.11059 0.095142 0.0852339 0.0734472 0.0646653 0.0569034 0.0501516 0.0441774 0.0382336 0.0333755 0.0290476 0.0254419 0.022624 0.0193567 0.0172256 0.0151652 0.0130038 0.0114383 0.0102313 0.0084234 0.0078679 0.00648925 0.0058883 0.004949 0.00449955 0.0038178 0.00359055 0.0032017 0.0029391 0.0174175 
Collision density R:
2.81185 2.45591 2.16306 1.89653 1.65971 1.4468 1.26691 1.10805 0.975115 0.853213 0.742815 0.655046 0.572786 0.501505 0.441693 0.382568 0.338486 0.294476 0.259666 0.225599 0.198864 0.174447 0.15201 0.131578 0.116125 0.102182 0.0884255 0.0796436 0.0687608 0.0599132 0.0521665 0.0463994 0.0399657 0.0352187 0.0301435 0.0264368 0.0238057 0.0204828 0.0185487 0.0166196 0.0142158 0.0120089 0.0102768 0.0090193 0.00797395 0.0070902 0.0062317 0.0055651 0.00488335 0.00427735 0.0278003 
Density Moments:
7.32799 10.9288 32.5053 144.11 842.169 6043.98 50801.6 483242 5.06959e+06 5.7501e+07 
Per-collision Density Moments:
1 0.333964 0.223078 0.223333 0.297733 0.495781 0.992525 2.3335 6.34711 19.7352 
0.713337 0.396756 0.370796 0.477336 0.778529 1.53271 3.52579 9.25532 27.2283 88.486 
0.565211 0.414729 0.477782 0.729717 1.37701 3.08308 7.96996 23.3053 75.8032 270.283 
0.469827 0.416747 0.558675 0.97043 2.04836 5.06314 14.2926 45.2074 157.709 598.467 
0.401868 0.410586 0.61898 1.19134 2.75541 7.39448 22.4863 76.1202 282.704 1137.3 
0.350516 0.400931 0.66594 1.39741 3.49274 10.0473 32.5 116.217 453.418 1910.12 
0.309151 0.388496 0.700595 1.58361 4.23775 12.9947 44.7054 170.058 707.901 3200.01 
0.27568 0.375233 0.726459 1.75417 4.99783 16.2759 59.3249 238.362 1043.32 4927 
0.247055 0.36146 0.746086 1.91204 5.76291 19.8076 76.0964 322.142 1486.22 7402.75 
0.223195 0.347718 0.759805 2.05295 6.50256 23.4247 94.0893 415.347 1991.9 10274.7 
0.202331 0.332998 0.765026 2.16426 7.15271 26.8216 112.047 514.977 2579.89 13980.4 
0.184053 0.319128 0.76769 2.26676 7.79502 30.3111 130.776 617.757 3163.01 17412.1 
0.167872 0.304827 0.765088 2.35282 8.42022 34.0599 152.795 749.845 3982.14 22672 
0.153708 0.291101 0.759623 2.42456 8.99497 37.673 174.709 884.443 4832.41 28225.2 
0.14113 0.278299 0.753788 2.49208 9.56495 41.4348 198.973 1046.37 5976.21 36860.6 
0.129791 0.265662 0.744412 2.54289 10.0832 45.1737 224.89 1230.74 7350.52 47658.4 
0.119573 0.253884 0.734962 2.58878 10.5683 48.6555 248.342 1389.54 8459.42 55747.4 
0.110491 0.242351 0.722954 2.6225 11.0198 52.1633 273.056 1559.42 9613.76 63420.6 
0.102197 0.230811 0.708458 2.6426 11.4093 55.4248 297.233 1735.07 10903.6 73107 
0 0 0 0 0 0 0 0 0 0 
Per-collision Densities L:
0 0 0 0 0 0 0 0 0 0 0 0 0 0 0 0 0 0 0 0 0 0 0 0 0 0 0 0 0 0 0 0 0 0 0 0 0 0 0 0 0 0 0 0 0 0 0 0 0 0 0 
0.536866 0.295082 0.163317 0.0900769 0.0498284 0.0278912 0.0153217 0.0085951 0.00472175 0.00245935 0.00140895 0.00071205 0.00046965 0.0002828 0.0001212 9.09e-05 4.04e-05 2.02e-05 1.515e-05 5.05e-06 0 0 0 0 0 0 0 0 0 0 0 0 0 0 0 0 0 0 0 0 0 0 0 0 0 0 0 0 0 0 0 
0.322836 0.261757 0.190764 0.131371 0.0871226 0.0552874 0.0353652 0.0221695 0.0132209 0.00809515 0.0049692 0.00305525 0.00168165 0.00107565 0.00060095 0.000404 0.0002222 0.0001212 0.000101 1.01e-05 4.04e-05 5.05e-06 1.01e-05 0 5.05e-06 0 0 0 0 0 0 0 0 0 0 0 0 0 0 0 0 0 0 0 0 0 0 0 0 0 0 
0.20405 0.196576 0.166524 0.132674 0.0982629 0.0707859 0.0494143 0.033835 0.0221241 0.0144481 0.0099687 0.0060802 0.0038784 0.0022523 0.001414 0.0009898 0.00059085 0.000404 0.0002121 0.0001717 7.575e-05 6.565e-05 2.525e-05 2.02e-05 1.01e-05 1.01e-05 0 0 0 0 0 0 0 0 0 0 0 0 0 0 0 0 0 0 0 0 0 0 0 0 0 
0.141304 0.144986 0.134608 0.117236 0.0957127 0.074836 0.0565045 0.0426877 0.0298051 0.0204172 0.0145693 0.00980205 0.00645895 0.0041006 0.0026765 0.00174225 0.0011817 0.0007575 0.0005252 0.00031815 0.0002525 0.00012625 5.555e-05 4.545e-05 4.04e-05 1.01e-05 5.05e-06 1.01e-05 1.01e-05 0 0 0 0 0 0 0 0 0 0 0 0 0 0 0 0 0 0 0 0 0 0 
0.103409 0.109388 0.10906 0.100758 0.0876074 0.0717454 0.0584285 0.0449299 0.0339562 0.0257146 0.0184224 0.01262 0.00930715 0.0064034 0.004242 0.0031007 0.0019594 0.0012928 0.0009292 0.00055045 0.00045955 0.0002121 0.0001515 5.05e-05 8.585e-05 3.535e-05 3.03e-05 4.545e-05 5.05e-06 1.515e-05 5.05e-06 0 0 0 0 0 0 0 0 0 0 0 0 0 0 0 0 0 0 0 0 
0.0777094 0.0867944 0.0879205 0.0844764 0.0768004 0.0661803 0.0560298 0.0458136 0.0362893 0.0276235 0.0214272 0.0157207 0.0117615 0.0083426 0.00615595 0.0041713 0.0028179 0.0019695 0.00154025 0.0008585 0.0005252 0.00044945 0.0002828 0.0001515 0.0001717 6.06e-05 4.545e-05 3.535e-05 3.03e-05 1.01e-05 0 0 0 0 5.05e-06 0 0 0 0 0 0 0 0 0 0 0 0 0 0 0 0 
0.0605546 0.0687255 0.0723009 0.0700839 0.067266 0.0595446 0.0517827 0.0437532 0.0364762 0.0290426 0.0227099 0.0183517 0.0134229 0.0101657 0.00727705 0.0055348 0.0040602 0.0027371 0.00204525 0.0012524 0.0009393 0.00060095 0.00040905 0.00033835 0.0001818 0.0001414 7.575e-05 7.575e-05 5.05e-05 1.01e-05 1.01e-05 1.515e-05 5.05e-06 0 0 0 5.05e-06 0 5.05e-06 0 0 0 0 0 0 0 0 0 0 0 0 
0.0481467 0.0547875 0.0595749 0.0588073 0.057772 0.0534543 0.0475508 0.0411424 0.0347541 0.0281689 0.02424 0.0192456 0.0146299 0.0113272 0.00865065 0.0066357 0.00457025 0.00333805 0.00248965 0.0018382 0.001414 0.0008282 0.0006969 0.0004848 0.00028785 0.00021715 0.00013635 8.585e-05 5.555e-05 2.525e-05 2.525e-05 0 1.01e-05 5.05e-06 5.05e-06 5.05e-06 5.05e-06 1.01e-05 5.05e-06 0 0 0 0 0 0 0 0 0 0 0 0 
0.0394001 0.0457227 0.0490658 0.0501667 0.0498536 0.047167 0.0429806 0.0382033 0.0333755 0.028381 0.023129 0.0187305 0.0154631 0.0126149 0.0097465 0.00765075 0.0056257 0.0039592 0.0031108 0.00231795 0.0017271 0.0012423 0.00081305 0.000606 0.00045955 0.00026765 0.0001919 0.0001313 7.07e-05 8.08e-05 3.535e-05 2.525e-05 1.515e-05 1.515e-05 1.01e-05 5.05e-06 1.01e-05 1.01e-05 5.05e-06 0 5.05e-06 0 0 0 0 0 0 0 0 0 0 
0.033022 0.0379962 0.0421069 0.0427786 0.0433442 0.0419807 0.0381881 0.0348753 0.0303 0.0270327 0.0229725 0.0193819 0.0163822 0.013024 0.010398 0.00836785 0.0063529 0.00487325 0.00355015 0.0028482 0.0022321 0.00154025 0.00123725 0.00082315 0.00052015 0.00048985 0.00027775 0.0002424 0.0001616 0.00016665 5.555e-05 3.03e-05 3.03e-05 2.525e-05 2.525e-05 0 1.01e-05 5.05e-06 5.05e-06 0 5.05e-06 0 0 0 0 0 0 0 0 0 0 
0.026058 0.0315928 0.0361631 0.0371175 0.0378245 0.0356884 0.0341986 0.032012 0.0284265 0.025856 0.0222806 0.0189628 0.0159328 0.0135391 0.0111201 0.00841835 0.0068377 0.00523685 0.004242 0.003333 0.00249975 0.00188365 0.00138875 0.0009898 0.00058075 0.00057065 0.0004141 0.00030805 0.00016665 0.00016665 8.585e-05 9.595e-05 3.535e-05 1.515e-05 3.03e-05 3.03e-05 1.515e-05 1.01e-05 5.05e-06 0 0 0 0 0 0 5.05e-06 0 0 0 0 0 
0.0228008 0.0272246 0.029689 0.0315827 0.0322796 0.0316534 0.0313908 0.0284315 0.0270074 0.0238562 0.0215029 0.0188466 0.0159934 0.013024 0.0114686 0.0089284 0.00720635 0.00592365 0.00484295 0.00364105 0.0027472 0.00214625 0.0016059 0.00115645 0.0008282 0.00065145 0.00053025 0.00030805 0.00026765 0.0001818 8.585e-05 7.07e-05 7.07e-05 5.05e-05 3.03e-05 4.04e-05 1.515e-05 1.515e-05 5.05e-06 0 1.01e-05 5.05e-06 0 0 0 1.01e-05 0 0 0 0 0 
0.0195486 0.0229422 0.0262045 0.0278609 0.0279467 0.0285931 0.0276993 0.0255025 0.0244723 0.0220938 0.0204778 0.0175488 0.015246 0.0131805 0.0109434 0.00944855 0.0075447 0.00630745 0.00455005 0.0040602 0.0030603 0.0023129 0.00182305 0.0014443 0.00114635 0.0008484 0.00056055 0.00043935 0.00026765 0.0001818 0.00016665 0.00011615 0.00010605 2.525e-05 6.06e-05 6.06e-05 2.02e-05 1.01e-05 2.02e-05 1.515e-05 5.05e-06 5.05e-06 0 0 5.05e-06 0 0 0 0 0 0 
0.0170539 0.0198718 0.0220483 0.0242198 0.0244067 0.0246289 0.0243511 0.0231745 0.0224069 0.0207909 0.0185739 0.0164933 0.0147612 0.0133017 0.010903 0.0091506 0.0074235 0.0064236 0.005252 0.00434805 0.0034239 0.002828 0.0021816 0.0016059 0.0012423 0.0008989 0.0006464 0.0004949 0.00041915 0.0003636 0.00018685 0.00019695 9.09e-05 7.07e-05 8.585e-05 8.08e-05 2.525e-05 1.01e-05 2.02e-05 2.02e-05 5.05e-06 0 0 0 0 0 0 0 0 0 0 
0.0143016 0.0171044 0.0190032 0.0209474 0.0215484 0.0222756 0.0219423 0.0209878 0.0202253 0.0189375 0.017675 0.01565 0.0143319 0.0121907 0.0108929 0.00906475 0.00748915 0.00657005 0.00537825 0.00449955 0.0036158 0.00273205 0.0020604 0.0018483 0.0013433 0.00104535 0.0008989 0.0006363 0.0004444 0.00038885 0.0002121 0.000202 0.00018685 0.00010605 8.08e-05 6.565e-05 3.535e-05 2.02e-05 0 1.01e-05 5.05e-06 1.01e-05 5.05e-06 5.05e-06 0 0 0 0 0 0 5.05e-06 
0.0125139 0.0144077 0.0164681 0.0180841 0.0187658 0.0193668 0.019493 0.0193466 0.0190385 0.0174074 0.0161297 0.0145592 0.0131755 0.012014 0.0103626 0.0090294 0.00763055 0.0061812 0.00564085 0.00447935 0.0035249 0.00293405 0.0024543 0.00190385 0.0014645 0.00103525 0.00085345 0.000707 0.00044945 0.0004848 0.00037875 0.0002828 0.00015655 0.00015655 8.585e-05 9.09e-05 3.535e-05 3.03e-05 2.525e-05 3.535e-05 2.02e-05 1.515e-05 1.515e-05 5.05e-06 0 0 5.05e-06 0 0 0 0 
0.0102919 0.0128775 0.0144279 0.0158318 0.017069 0.0175084 0.0179326 0.0171296 0.0172054 0.0158267 0.0146248 0.0139936 0.0127462 0.0111656 0.0101152 0.0088779 0.0074639 0.00627715 0.00537825 0.00465105 0.0038077 0.00326735 0.0025755 0.0019998 0.00152005 0.0011514 0.0008585 0.00087365 0.0005757 0.0004949 0.0003434 0.00026765 0.00021715 0.0001212 0.00012625 9.595e-05 4.04e-05 8.08e-05 1.515e-05 3.535e-05 2.525e-05 5.05e-06 5.05e-06 5.05e-06 0 0 0 0 0 5.05e-06 1.01e-05 
0.0095647 0.0113928 0.0124937 0.0143067 0.0150844 0.0158318 0.0164933 0.0157863 0.014847 0.0148622 0.0141754 0.0126957 0.0119635 0.0108474 0.00953945 0.0083426 0.00755985 0.0061913 0.0052823 0.00471165 0.00378245 0.00324715 0.0026462 0.00202505 0.00162105 0.0012322 0.0012322 0.0009393 0.00067165 0.0005454 0.0003333 0.00030805 0.00024745 0.00014645 0.0001515 9.09e-05 9.09e-05 6.06e-05 5.05e-05 4.04e-05 2.525e-05 3.535e-05 2.02e-05 2.02e-05 0 0 0 0 0 0 0 
0 0 0 0 0 0 0 0 0 0 0 0 0 0 0 0 0 0 0 0 0 0 0 0 0 0 0 0 0 0 0 0 0 0 0 0 0 0 0 0 0 0 0 0 0 0 0 0 0 0 0 
Per-collision Densities L:
2.25946 1.24595 0.692648 0.381588 0.208641 0.117125 0.0649683 0.0355217 0.0196597 0.0111605 0.0059792 0.00326735 0.0018483 0.0010201 0.0005151 0.00025755 0.00018685 9.595e-05 6.06e-05 2.525e-05 5.05e-06 0 0 1.01e-05 0 0 5.05e-06 0 0 0 0 0 0 0 0 0 0 0 0 0 0 0 0 0 0 0 0 0 0 0 0 
0.289431 0.51108 0.478679 0.370902 0.264458 0.179154 0.117357 0.0747754 0.0457227 0.0293052 0.017569 0.0107363 0.00653975 0.00374205 0.00226745 0.00143925 0.0007777 0.00048985 0.00022725 0.00017675 6.565e-05 6.565e-05 3.03e-05 1.01e-05 1.01e-05 1.01e-05 0 0 5.05e-06 0 0 0 0 0 0 0 0 0 0 0 0 0 0 0 0 0 0 0 0 0 0 
0.095445 0.230068 0.280512 0.271998 0.230512 0.179926 0.133305 0.0954198 0.0673064 0.0450965 0.0301485 0.0202101 0.0125998 0.00796385 0.0052015 0.00305525 0.0019998 0.00123725 0.0007373 0.00054035 0.0003232 0.0001515 0.00010605 6.565e-05 5.05e-05 1.01e-05 1.01e-05 5.05e-06 1.01e-05 1.01e-05 0 0 0 0 0 0 0 0 0 0 0 0 0 0 0 0 0 0 0 0 0 
0.0463641 0.125003 0.17371 0.187815 0.181032 0.156146 0.127896 0.101636 0.0777902 0.0556763 0.0394304 0.0281487 0.0195082 0.0127462 0.00867085 0.005757 0.0037774 0.0023533 0.00160085 0.0010605 0.0006363 0.00039895 0.00019695 0.0001414 7.575e-05 7.575e-05 6.565e-05 1.01e-05 2.02e-05 1.515e-05 5.05e-06 0 0 0 0 0 0 0 0 0 0 0 0 0 0 0 0 0 0 0 0 
0.0281235 0.0778155 0.114494 0.133956 0.13941 0.129613 0.112388 0.0961318 0.0775276 0.0601203 0.0450662 0.033532 0.0243663 0.0179023 0.0122109 0.0085143 0.0062519 0.00384305 0.00260075 0.00163115 0.0011716 0.0007474 0.00040905 0.0002626 0.0002424 0.000101 4.545e-05 5.555e-05 6.565e-05 2.525e-05 1.515e-05 5.05e-06 5.05e-06 0 0 0 0 0 0 0 0 0 0 0 0 0 0 0 0 0 0 
0.0186093 0.0528887 0.0809667 0.0984245 0.106641 0.104656 0.0974196 0.0863904 0.0730887 0.0597314 0.0479498 0.0367438 0.0287295 0.0211494 0.0154328 0.0110444 0.00789315 0.0054035 0.003939 0.0027674 0.00189375 0.00120695 0.00074235 0.00056055 0.00032825 0.00022725 0.00014645 8.585e-05 5.05e-05 4.545e-05 1.01e-05 1.01e-05 0 0 0 5.05e-06 5.05e-06 0 0 0 0 0 0 0 0 0 0 0 0 0 0 
0.0137007 0.0378043 0.0591759 0.0754571 0.0827039 0.0842997 0.0818555 0.0754571 0.0676296 0.0564792 0.0469751 0.0384659 0.0302293 0.0236391 0.0178366 0.0132058 0.00996365 0.0071508 0.00535805 0.0036663 0.00263105 0.00172205 0.0012322 0.00080295 0.00058075 0.00032825 0.0002121 0.00017675 0.00012625 7.07e-05 4.545e-05 2.02e-05 5.05e-06 1.01e-05 0 5.05e-06 1.01e-05 5.05e-06 0 0 5.05e-06 0 0 0 0 0 0 0 0 0 0 
0.0102869 0.0294668 0.0455308 0.0584033 0.0667408 0.069488 0.0690285 0.0659985 0.0594739 0.05252 0.0445764 0.0379659 0.0307848 0.0253864 0.0199829 0.0146854 0.0111252 0.0084335 0.00622665 0.0046359 0.0034138 0.0024745 0.00173215 0.0012928 0.00071205 0.0006969 0.0004141 0.0002929 0.00014645 9.595e-05 6.565e-05 5.05e-05 5.05e-05 2.02e-05 0 1.01e-05 1.01e-05 1.01e-05 5.05e-06 0 0 0 0 0 0 0 0 0 0 0 0 
0.0078881 0.0221089 0.0355924 0.0464499 0.0540401 0.0574185 0.0588325 0.0567418 0.0529442 0.0483487 0.0417534 0.0364408 0.030805 0.0249571 0.0208565 0.0162964 0.0129634 0.00962025 0.00754975 0.0058075 0.00413595 0.0029088 0.0022422 0.00169175 0.00117665 0.0007979 0.0005454 0.0004343 0.00024745 0.00017675 0.00012625 0.0001313 5.05e-05 3.535e-05 3.535e-05 1.515e-05 1.01e-05 1.01e-05 5.05e-06 5.05e-06 5.05e-06 0 0 0 0 0 0 0 0 0 0 
0.00612565 0.0181699 0.0283507 0.0375619 0.0432533 0.0481518 0.0498789 0.0483689 0.0469953 0.0431573 0.0387941 0.0349107 0.0302445 0.0248561 0.0207252 0.0170842 0.0138219 0.0107565 0.0086254 0.00645895 0.0048783 0.00366125 0.00291385 0.00182305 0.00145945 0.0010706 0.00081305 0.00048985 0.000404 0.00032825 0.00021715 0.00012625 6.565e-05 6.565e-05 6.565e-05 2.02e-05 5.05e-06 2.02e-05 1.01e-05 5.05e-06 5.05e-06 5.05e-06 0 0 0 0 0 0 0 0 0 
0.0050904 0.0145491 0.0235229 0.0306939 0.035749 0.0394254 0.0426422 0.0414302 0.0407939 0.0392789 0.0355823 0.0316787 0.0285073 0.0241996 0.0207303 0.0170943 0.0141754 0.0111807 0.008888 0.00736795 0.00565095 0.004242 0.00344915 0.00220685 0.0016564 0.001212 0.0009191 0.00054035 0.000404 0.00033835 0.00026765 0.000202 0.00013635 8.08e-05 7.575e-05 4.545e-05 5.05e-05 1.515e-05 1.01e-05 1.01e-05 0 5.05e-06 5.05e-06 5.05e-06 0 0 0 5.05e-06 0 0 0 
0.00411575 0.011913 0.0195082 0.0257348 0.0305929 0.0338603 0.0361681 0.0363954 0.0357389 0.0344915 0.0317039 0.0291335 0.0270882 0.0231795 0.0200435 0.0170741 0.0143723 0.0117514 0.0101202 0.0072922 0.0060701 0.0046359 0.0037673 0.0027674 0.0021513 0.0015756 0.00109585 0.0008181 0.00057065 0.0005353 0.00028785 0.0002121 0.000202 8.585e-05 0.00010605 5.555e-05 3.535e-05 3.03e-05 1.01e-05 1.515e-05 5.05e-06 1.01e-05 5.05e-06 0 0 0 5.05e-06 0 0 0 0 
0.003333 0.00986265 0.0161146 0.0215938 0.0263156 0.0287446 0.0306283 0.0313605 0.0317746 0.0311383 0.0287345 0.0269418 0.0240683 0.0214171 0.019392 0.0162055 0.0138724 0.0119584 0.0098475 0.0080598 0.00629735 0.0052015 0.00403495 0.0032017 0.002222 0.00193415 0.00146955 0.00105545 0.0008181 0.00053025 0.00039895 0.00031815 0.0002121 0.0001313 0.0001313 7.575e-05 0.000101 5.555e-05 2.02e-05 1.515e-05 2.02e-05 1.01e-05 5.05e-06 5.05e-06 0 0 0 0 0 0 0 
0.00290375 0.0080093 0.0138926 0.0180639 0.0220938 0.0243461 0.0265428 0.0274468 0.028174 0.0276235 0.0265125 0.0244269 0.0224018 0.0200536 0.018786 0.0161651 0.013635 0.0113524 0.0097768 0.00845875 0.0065246 0.00530755 0.00414605 0.00335825 0.0026361 0.00225735 0.0015352 0.0012827 0.00095445 0.0006969 0.0005454 0.0004141 0.0002929 0.0002222 0.00014645 7.575e-05 8.585e-05 7.07e-05 4.04e-05 3.03e-05 2.525e-05 2.525e-05 0 0 5.05e-06 5.05e-06 5.05e-06 0 0 0 0 
0.00228765 0.00722655 0.0116605 0.0159429 0.0191193 0.021306 0.0227705 0.0242097 0.0245632 0.0244067 0.0239976 0.0222453 0.0213413 0.01969 0.0168721 0.0150995 0.0132664 0.0109686 0.0099081 0.00846885 0.00682255 0.0055651 0.0043834 0.0033936 0.0028179 0.00237855 0.00182305 0.00144935 0.00109585 0.0006868 0.000606 0.00047975 0.0003838 0.0002828 0.00016665 0.0001616 0.0001313 8.08e-05 4.04e-05 2.525e-05 3.03e-05 1.01e-05 2.02e-05 5.05e-06 5.05e-06 5.05e-06 1.01e-05 1.01e-05 0 0 5.05e-06 
0.00215635 0.0063832 0.0099283 0.0135037 0.0161196 0.0185032 0.0201091 0.0212959 0.0221796 0.0216393 0.0214676 0.0206444 0.0189628 0.0178265 0.0163822 0.0139431 0.0130189 0.0111908 0.00962025 0.00800425 0.0072114 0.0058681 0.0049389 0.00376225 0.00299465 0.00240885 0.0018887 0.0015453 0.00112615 0.0008888 0.00069185 0.00049995 0.000404 0.0003434 0.00023735 0.00018685 0.00018685 0.00012625 6.06e-05 4.545e-05 7.07e-05 3.535e-05 1.515e-05 1.515e-05 1.515e-05 0 0 5.05e-06 0 0 1.515e-05 
0.00190385 0.00528735 0.0084537 0.0114736 0.0139178 0.0161903 0.0181497 0.0189678 0.0197506 0.0194021 0.0192203 0.0188365 0.0175488 0.0167458 0.0151399 0.0138067 0.01212 0.0108676 0.00899405 0.0081103 0.0071003 0.0062115 0.0051409 0.00365115 0.0033734 0.0026462 0.00221695 0.0016867 0.0013029 0.0010908 0.00075245 0.0005959 0.00047975 0.000303 0.00028785 0.00022725 0.00018685 0.00010605 8.585e-05 8.585e-05 5.555e-05 5.555e-05 5.05e-06 1.515e-05 2.02e-05 5.05e-06 1.01e-05 0 0 0 1.515e-05 
0.0016059 0.0045652 0.00753965 0.0102566 0.0120392 0.0138976 0.015751 0.0170135 0.017064 0.0178265 0.0175387 0.0169327 0.0160136 0.0153621 0.0141299 0.0130593 0.0118221 0.0102364 0.00887285 0.00791335 0.00682255 0.00597415 0.0046561 0.0040804 0.0033835 0.00276235 0.0023129 0.00182305 0.00145945 0.00128775 0.00098475 0.00063125 0.0005757 0.0004141 0.0003535 0.00027775 0.00019695 0.0001414 0.0001212 9.595e-05 4.545e-05 7.07e-05 6.565e-05 2.525e-05 2.525e-05 5.05e-06 1.515e-05 5.05e-06 1.01e-05 0 0 
0.0013332 0.00387335 0.0064236 0.0087264 0.0107515 0.0126654 0.0137007 0.0142562 0.0159025 0.0158419 0.0152308 0.0155439 0.0145339 0.0138219 0.013231 0.012014 0.0109888 0.0100495 0.0084941 0.0075043 0.0067872 0.0060499 0.0047369 0.00403495 0.00361075 0.0027068 0.00217655 0.00207555 0.00164125 0.00119685 0.0010201 0.00081305 0.0006363 0.00048985 0.0003838 0.0003434 0.00023735 0.0001818 0.0001111 0.0001212 9.09e-05 6.06e-05 6.06e-05 4.545e-05 1.515e-05 5.05e-06 5.05e-06 1.01e-05 5.05e-06 5.05e-06 1.515e-05 
0 0 0 0 0 0 0 0 0 0 0 0 0 0 0 0 0 0 0 0 0 0 0 0 0 0 0 0 0 0 0 0 0 0 0 0 0 0 0 0 0 0 0 0 0 0 0 0 0 0 0 
