Half rod, albedo problem, Anisotropic scattering, exponential random flight, mu_t: 1 g: 0.7
Analogmu_t c: 0.5 maxx: 10 dx: 0.19802 numsamples: 10000000 numCollisionOrders: 20 numMoments: 10
total albedo: 0.0655552
per-collision order albedos: 
0 0.0375597 0.0159197 0.0068143 0.0029693 0.0012756 0.0005636 0.0002509 0.0001111 5.1e-05 2.13e-05 8.7e-06 6.1e-06 2.2e-06 1e-06 5e-07 1e-07 0 0 1e-07 
Collision density L:
0.0620943 0.0555349 0.0494521 0.0441617 0.03964 0.0354768 0.0315408 0.0281861 0.0250253 0.0223766 0.0200505 0.0178507 0.0159787 0.0142455 0.0127285 0.0115413 0.0102232 0.00911323 0.00815424 0.00729574 0.00644481 0.00574993 0.00518534 0.00463843 0.00399253 0.00372842 0.00327139 0.00297344 0.00267499 0.00233108 0.00207555 0.00186345 0.00168721 0.00149581 0.00137966 0.00120746 0.00107464 0.00097566 0.000852945 0.00077366 0.000676195 0.00061509 0.000550955 0.000503485 0.000437835 0.00037673 0.00033128 0.00029088 0.000272195 0.000247955 0.00197455 
Collision density R:
0.9465 0.845147 0.753691 0.67272 0.602296 0.537812 0.480411 0.428618 0.383278 0.341865 0.305849 0.273648 0.24373 0.217547 0.194586 0.173488 0.155075 0.138783 0.123453 0.110291 0.098981 0.087871 0.0789593 0.0705081 0.0629937 0.056615 0.0502763 0.0448985 0.0400263 0.0361833 0.0318978 0.0284583 0.025652 0.0230048 0.0204227 0.0182068 0.0163327 0.0145854 0.0129522 0.0116216 0.0104485 0.00917787 0.00820373 0.00730382 0.00660591 0.00588325 0.00525907 0.00457328 0.00412434 0.00369913 0.0313151 
Density Moments:
1.86874 3.27763 11.5002 60.5293 424.954 3733.36 39419.8 486200 6.85119e+06 1.08239e+08 
Per-collision Density Moments:
1 0.999803 1.99961 5.99945 24.0123 120.304 725.521 5132.04 41796.2 385996 
0.46235 0.887266 2.6246 10.4248 51.8974 310.417 2168.19 17327.9 156030 1.56348e+06 
0.215269 0.595326 2.31369 11.4027 67.8467 472.526 3768.74 33849.9 337666 3.69552e+06 
0.100807 0.357673 1.70908 10.0081 68.9855 546.131 4881.33 48644.8 535491 6.46712e+06 
0.0475431 0.202929 1.14304 7.72888 60.5122 537.418 5341.94 58896.2 715965 9.55749e+06 
0.0224402 0.110843 0.715126 5.46377 47.7441 468.176 5088.04 60743.2 791374 1.11916e+07 
0.0106657 0.059469 0.43171 3.68009 35.5512 381.843 4502.81 57763 800287 1.19034e+07 
0.0050601 0.0311923 0.250162 2.34322 24.7245 288.386 3673.22 50639.5 750479 1.18911e+07 
0.0024081 0.0161907 0.141536 1.44112 16.4672 207.148 2833.26 41744 657461 1.09951e+07 
0.0011515 0.00837743 0.0794772 0.876 10.7863 145.391 2117.37 32984.6 545009 9.47883e+06 
0.0005516 0.00429304 0.0435534 0.512702 6.71645 95.8303 1469.56 24002.1 414754 7.54364e+06 
0.0002631 0.00215623 0.0231289 0.287025 3.94844 58.9277 940.975 15909.9 282411 5.22506e+06 
0.0001253 0.00107731 0.0122833 0.162772 2.39808 38.4382 661.322 12092.2 233100 4.70476e+06 
5.73e-05 0.000523517 0.00629156 0.0879703 1.36975 23.2048 421.448 8120.79 164675 3.49078e+06 
2.57e-05 0.000252451 0.00327973 0.0501731 0.859617 16.0618 321.851 6831.64 152065 3.51915e+06 
1.27e-05 0.000131598 0.001817 0.0297128 0.545436 10.9013 232.273 5193.22 120386 2.86749e+06 
6.5e-06 6.72948e-05 0.000947035 0.0158917 0.300528 6.19261 135.713 3107.62 73426 1.77479e+06 
3.1e-06 3.0493e-05 0.000428929 0.00722128 0.137582 2.87789 64.5909 1526.9 37474.1 944671 
2e-06 2.26711e-05 0.000365082 0.00674716 0.136332 2.95482 67.7243 1621.2 40109.4 1.01703e+06 
0 0 0 0 0 0 0 0 0 0 
Per-collision Densities L:
0 0 0 0 0 0 0 0 0 0 0 0 0 0 0 0 0 0 0 0 0 0 0 0 0 0 0 0 0 0 0 0 0 0 0 0 0 0 0 0 0 0 0 0 0 0 0 0 0 0 0 
0.0340557 0.0278689 0.0227942 0.0187799 0.0153949 0.0127856 0.0104176 0.00848097 0.00691295 0.00574488 0.00469852 0.00386325 0.0031709 0.00258964 0.00214272 0.00178871 0.0014337 0.00120544 0.00099182 0.00077871 0.00063327 0.000503485 0.00042824 0.00037471 0.000296435 0.00025351 0.00019897 0.0001616 0.000133825 0.000116655 8.383e-05 8.4335e-05 5.9085e-05 5.8075e-05 4.04e-05 3.535e-05 2.8785e-05 2.02e-05 1.212e-05 1.717e-05 1.818e-05 1.212e-05 1.313e-05 1.01e-05 5.05e-06 3.03e-06 3.03e-06 2.525e-06 3.03e-06 0 1.212e-05 
0.0159115 0.0153828 0.0146021 0.01358 0.0124442 0.0112085 0.0100955 0.00905617 0.00798506 0.00695537 0.00612464 0.00534442 0.00468489 0.00403243 0.00350369 0.0030906 0.00260378 0.00219524 0.00189375 0.00162004 0.00137512 0.00118322 0.00099283 0.00085749 0.00071811 0.000647915 0.00051712 0.000451975 0.000388345 0.000312595 0.000266135 0.00021715 0.000194425 0.000172205 0.00013837 0.000114635 8.989e-05 8.787e-05 7.3225e-05 6.4135e-05 4.8985e-05 4.04e-05 3.535e-05 3.434e-05 1.616e-05 2.424e-05 1.4645e-05 1.2625e-05 1.111e-05 8.585e-06 5.05e-05 
0.00685538 0.00689679 0.00674074 0.00656298 0.00648925 0.00624837 0.00586709 0.00559641 0.00520201 0.00479851 0.00444804 0.0040597 0.0037264 0.00344562 0.00304414 0.00273559 0.00248157 0.00225735 0.00199475 0.00177154 0.00155338 0.00141249 0.00122362 0.00108121 0.000903445 0.000839815 0.000730735 0.00062014 0.000580245 0.000460055 0.000401475 0.000330775 0.000305525 0.0002727 0.00023634 0.00019392 0.000178265 0.00014342 0.000127765 0.000106555 9.1405e-05 8.383e-05 7.9285e-05 6.1105e-05 6.2115e-05 4.747e-05 3.4845e-05 3.434e-05 2.6765e-05 2.5755e-05 0.000121705 
0.00295021 0.00303303 0.0030194 0.00296587 0.00294365 0.00288709 0.00283558 0.00278407 0.00264014 0.00260934 0.00251945 0.00236997 0.00227149 0.00206242 0.00198314 0.00189527 0.00178063 0.00160944 0.0014948 0.0013933 0.00124129 0.00114888 0.00105949 0.00092819 0.00081608 0.00075346 0.00065549 0.000622665 0.00053934 0.00047167 0.000414605 0.000399455 0.00035047 0.000295425 0.00027573 0.000228765 0.00021008 0.00020099 0.00015352 0.000148975 0.00010605 0.000119685 9.191e-05 8.989e-05 6.8175e-05 6.464e-05 5.757e-05 4.9995e-05 4.3935e-05 2.8785e-05 0.000197455 
0.00127816 0.00131199 0.00126301 0.00123877 0.00134835 0.00132159 0.00131149 0.00126301 0.00124533 0.00122513 0.00125493 0.0011711 0.0011615 0.00109989 0.0010706 0.00105343 0.00098576 0.00093526 0.00088173 0.00082012 0.000831735 0.000700435 0.00068579 0.000614585 0.000565095 0.000537825 0.000489345 0.000476215 0.000419655 0.00038683 0.00035653 0.0003232 0.00028583 0.00024846 0.000235835 0.00022119 0.00019594 0.0001717 0.00016968 0.00014746 0.00012726 0.000110595 0.000102515 8.585e-05 6.767e-05 6.363e-05 5.656e-05 5.2015e-05 3.939e-05 4.242e-05 0.00027775 
0.000591355 0.00056661 0.00058681 0.00058075 0.0005656 0.00056661 0.000573175 0.000544895 0.00057065 0.000575195 0.0005656 0.000572165 0.00053227 0.000539845 0.00052116 0.00051813 0.00049793 0.000477225 0.000467125 0.00048076 0.00042824 0.000411575 0.000394405 0.000383295 0.00033027 0.00033734 0.000324715 0.000291385 0.000284315 0.000261085 0.00025452 0.000219675 0.00021109 0.000195435 0.000183315 0.00017675 0.00015049 0.00014241 0.000130795 0.00010807 0.00010908 8.686e-05 8.1305e-05 8.3325e-05 6.565e-05 5.959e-05 4.545e-05 3.737e-05 4.747e-05 4.8985e-05 0.000314615 
0.00024846 0.00027371 0.000248965 0.000253005 0.000256035 0.00025654 0.00023735 0.000260075 0.000264115 0.00026462 0.00024139 0.000264115 0.00023836 0.00025654 0.00024341 0.000234825 0.000234825 0.000229775 0.000236845 0.00023129 0.00021513 0.00020806 0.000215635 0.0002121 0.000184325 0.000181295 0.00017271 0.00016463 0.000172205 0.000161095 0.000138875 0.0001313 0.00013736 0.000114635 0.00011817 9.494e-05 0.000101505 8.8375e-05 7.676e-05 6.868e-05 7.474e-05 6.4135e-05 5.8075e-05 6.363e-05 5.9085e-05 5.05e-05 5.151e-05 4.444e-05 4.0905e-05 2.7775e-05 0.00028482 
0.00011817 0.000112615 0.00010807 0.000100495 0.000108575 0.00011413 0.000108575 0.00010302 0.000108575 0.000118675 0.000107565 0.000119685 0.00010605 0.00011817 0.00012221 0.000113625 0.00011009 0.00010908 0.000106555 0.000112615 9.292e-05 9.2415e-05 9.696e-05 0.000103525 8.888e-05 9.191e-05 0.000101505 9.494e-05 8.484e-05 8.282e-05 8.8375e-05 7.676e-05 7.2215e-05 6.0095e-05 7.272e-05 6.262e-05 5.858e-05 5.5045e-05 4.949e-05 5.1005e-05 4.242e-05 4.7975e-05 4.1915e-05 3.131e-05 4.2925e-05 2.8785e-05 2.8785e-05 2.727e-05 1.9695e-05 2.727e-05 0.0002222 
5.6055e-05 5.2015e-05 4.646e-05 6.0095e-05 4.545e-05 4.2925e-05 5.454e-05 4.545e-05 4.9995e-05 4.8985e-05 5.656e-05 4.444e-05 4.848e-05 5.555e-05 4.9995e-05 5.555e-05 5.5045e-05 5.3025e-05 5.05e-05 4.747e-05 3.2825e-05 4.4945e-05 4.8985e-05 4.747e-05 5.3025e-05 3.9895e-05 4.2925e-05 4.747e-05 3.5855e-05 3.939e-05 3.434e-05 4.2925e-05 3.939e-05 4.3935e-05 4.141e-05 3.9895e-05 3.434e-05 2.626e-05 2.7775e-05 3.4845e-05 2.8785e-05 2.2725e-05 2.626e-05 2.2725e-05 2.0705e-05 1.8685e-05 1.818e-05 1.01e-05 1.4645e-05 1.4645e-05 0.000185335 
1.6665e-05 1.919e-05 2.727e-05 1.818e-05 2.121e-05 2.4745e-05 2.222e-05 2.424e-05 2.3735e-05 1.818e-05 1.8685e-05 2.4745e-05 2.121e-05 2.3735e-05 2.4745e-05 3.3835e-05 1.9695e-05 2.5755e-05 2.0705e-05 2.02e-05 2.3735e-05 2.222e-05 2.02e-05 2.121e-05 1.919e-05 2.424e-05 1.7675e-05 2.222e-05 1.9695e-05 1.9695e-05 2.2725e-05 2.1715e-05 1.919e-05 1.616e-05 2.4745e-05 2.3735e-05 1.6665e-05 2.02e-05 1.5655e-05 1.4645e-05 1.616e-05 1.414e-05 7.575e-06 9.595e-06 1.313e-05 7.07e-06 1.0605e-05 6.565e-06 1.01e-05 1.01e-05 0.000120695 
6.565e-06 9.09e-06 1.0605e-05 1.2625e-05 1.111e-05 1.0605e-05 1.01e-05 1.5655e-05 1.212e-05 8.08e-06 6.565e-06 8.585e-06 1.0605e-05 1.3635e-05 1.212e-05 1.0605e-05 1.3635e-05 8.08e-06 9.595e-06 1.111e-05 1.2625e-05 1.212e-05 8.585e-06 8.08e-06 9.595e-06 1.212e-05 1.212e-05 1.111e-05 8.08e-06 1.0605e-05 6.06e-06 6.565e-06 7.07e-06 1.01e-05 7.07e-06 8.585e-06 5.05e-06 1.1615e-05 9.595e-06 7.07e-06 6.06e-06 5.05e-06 9.09e-06 3.535e-06 7.575e-06 6.06e-06 4.04e-06 6.06e-06 6.565e-06 6.06e-06 8.8375e-05 
4.04e-06 4.545e-06 3.535e-06 6.565e-06 6.565e-06 6.06e-06 5.05e-06 7.07e-06 7.07e-06 4.545e-06 5.555e-06 4.545e-06 5.555e-06 5.05e-06 5.555e-06 6.565e-06 1.515e-06 5.555e-06 3.03e-06 4.545e-06 2.525e-06 5.555e-06 5.555e-06 3.03e-06 3.535e-06 5.555e-06 6.565e-06 3.535e-06 4.545e-06 5.05e-06 4.545e-06 5.05e-06 3.535e-06 3.03e-06 1.515e-06 3.03e-06 3.535e-06 4.04e-06 5.555e-06 2.525e-06 4.545e-06 4.545e-06 5.05e-07 5.05e-06 6.06e-06 1.515e-06 1.515e-06 4.04e-06 4.545e-06 2.525e-06 4.848e-05 
1.515e-06 2.525e-06 1.01e-06 5.05e-07 3.535e-06 2.02e-06 2.525e-06 2.02e-06 2.02e-06 2.02e-06 5.05e-07 2.02e-06 1.01e-06 1.515e-06 2.02e-06 1.515e-06 2.525e-06 5.05e-07 1.515e-06 2.525e-06 1.01e-06 2.02e-06 2.02e-06 5.05e-07 3.535e-06 1.515e-06 0 3.03e-06 4.04e-06 2.02e-06 2.525e-06 2.525e-06 1.515e-06 3.03e-06 2.02e-06 2.02e-06 0 2.02e-06 5.05e-07 1.01e-06 2.525e-06 1.01e-06 2.525e-06 5.05e-07 1.515e-06 5.05e-07 2.525e-06 1.01e-06 2.525e-06 3.03e-06 2.727e-05 
5.05e-07 5.05e-07 0 1.515e-06 0 5.05e-07 0 1.01e-06 5.05e-07 1.01e-06 1.515e-06 1.01e-06 0 1.01e-06 1.515e-06 2.02e-06 2.02e-06 0 5.05e-07 5.05e-07 0 1.515e-06 2.02e-06 2.02e-06 5.05e-07 1.01e-06 1.01e-06 1.01e-06 0 1.01e-06 1.01e-06 2.02e-06 0 1.01e-06 1.01e-06 1.01e-06 5.05e-07 1.01e-06 0 5.05e-07 0 1.01e-06 5.05e-07 5.05e-07 1.01e-06 5.05e-07 5.05e-07 2.02e-06 5.05e-07 1.515e-06 1.01e-05 
0 5.05e-07 0 0 0 5.05e-07 0 1.515e-06 0 5.05e-07 5.05e-07 1.01e-06 0 0 5.05e-07 5.05e-07 0 1.01e-06 1.01e-06 5.05e-07 5.05e-07 1.01e-06 5.05e-07 0 5.05e-07 1.01e-06 5.05e-07 1.01e-06 0 5.05e-07 0 0 0 5.05e-07 0 0 1.01e-06 0 5.05e-07 0 0 5.05e-07 0 1.515e-06 0 5.05e-07 1.01e-06 5.05e-07 0 5.05e-07 6.565e-06 
0 0 0 0 5.05e-07 5.05e-07 0 5.05e-07 0 5.05e-07 5.05e-07 0 0 5.05e-07 5.05e-07 0 0 0 0 0 5.05e-07 0 5.05e-07 1.01e-06 0 0 0 5.05e-07 0 0 0 0 0 5.05e-07 0 0 0 5.05e-07 0 0 0 5.05e-07 0 5.05e-07 1.01e-06 0 5.05e-07 0 5.05e-07 0 3.03e-06 
0 0 0 5.05e-07 5.05e-07 5.05e-07 0 0 5.05e-07 0 0 0 0 0 0 0 5.05e-07 5.05e-07 0 5.05e-07 0 0 0 0 0 0 0 0 0 0 0 0 0 0 1.01e-06 0 0 0 0 5.05e-07 0 0 5.05e-07 0 0 0 0 0 0 0 1.515e-06 
0 0 0 0 5.05e-07 0 0 0 0 5.05e-07 0 0 0 0 5.05e-07 5.05e-07 0 0 0 0 0 0 0 0 0 0 0 0 0 0 0 0 0 5.05e-07 0 0 0 0 0 0 0 0 0 0 0 0 0 0 0 0 1.515e-06 
0 0 0 0 0 0 0 0 0 0 0 0 0 0 0 0 0 0 0 0 0 0 0 0 0 0 0 0 0 0 0 0 0 0 0 0 0 0 0 0 0 0 0 0 0 0 0 0 0 0 0 
Per-collision Densities L:
0.908068 0.744814 0.610136 0.499566 0.411109 0.336766 0.276881 0.22662 0.186437 0.152725 0.125212 0.103007 0.0841678 0.0690335 0.0567327 0.0462868 0.0382997 0.031155 0.0255111 0.0211393 0.0173695 0.0142031 0.011511 0.00956016 0.00788608 0.00646602 0.0052823 0.00431826 0.00361075 0.00289567 0.00237956 0.00195637 0.00160035 0.00129785 0.0010903 0.000871125 0.000726695 0.00062115 0.00048379 0.000368145 0.000309565 0.000269165 0.000229775 0.000184325 0.000152005 0.000128775 0.00010403 7.9285e-05 6.6155e-05 6.2115e-05 0.000249975 
0.036918 0.0927766 0.12733 0.146893 0.154997 0.155885 0.150685 0.142641 0.132867 0.121466 0.110849 0.0996648 0.0885694 0.0783967 0.0688497 0.0605354 0.0527129 0.0461176 0.0397879 0.034391 0.029795 0.0254747 0.0221841 0.018986 0.0160474 0.013883 0.0115862 0.0100798 0.00839209 0.00727857 0.00613474 0.00518231 0.00442986 0.00378397 0.00313706 0.00265176 0.00229927 0.00190789 0.00157661 0.00128321 0.00114534 0.00094536 0.00079083 0.000653975 0.000558025 0.00043834 0.00040602 0.00029492 0.00028583 0.00023129 0.0011711 
0.00129078 0.0066554 0.014241 0.0226487 0.0305101 0.0369948 0.0421796 0.046009 0.0480977 0.0492824 0.0494481 0.0485164 0.0469867 0.0449591 0.0427917 0.0398586 0.0370503 0.0342829 0.0312832 0.0284118 0.02596 0.0231335 0.0209671 0.018891 0.0167231 0.0150394 0.0131477 0.011612 0.0102687 0.00906576 0.00785578 0.00680639 0.00603728 0.00534391 0.0046657 0.00392991 0.00337239 0.00304061 0.00262146 0.00222049 0.00194728 0.00165893 0.00141653 0.00120089 0.00110696 0.00089688 0.00080093 0.0006464 0.000541865 0.000458035 0.00275882 
0.00013332 0.000624685 0.00147763 0.00284921 0.00453389 0.00649986 0.008484 0.0104065 0.0122498 0.0139734 0.01515 0.0164201 0.0170927 0.017578 0.0178639 0.0178619 0.0175422 0.0173346 0.0166665 0.0158504 0.0151934 0.0143753 0.0134623 0.0125134 0.0117978 0.0107873 0.0100142 0.00901122 0.00832291 0.00775428 0.00685891 0.00612515 0.00559338 0.00510858 0.00448642 0.0039895 0.00355975 0.00313908 0.00282396 0.00254318 0.00220736 0.00189476 0.00167509 0.00152157 0.00130795 0.00116049 0.000990305 0.00089082 0.00077871 0.00067468 0.00432836 
5.2015e-05 0.000163115 0.00030906 0.00049288 0.00075548 0.0011913 0.00159176 0.00213969 0.00267852 0.00328907 0.00381578 0.00446016 0.00500304 0.00542219 0.00584689 0.00620847 0.0065549 0.00671044 0.00677155 0.00678215 0.00681498 0.00671196 0.00665338 0.006363 0.00622918 0.00605243 0.00580346 0.0054136 0.00514393 0.00480003 0.00446269 0.00426574 0.0039289 0.00354965 0.00329765 0.00309767 0.00285477 0.00252147 0.00233007 0.00213211 0.00191951 0.00174276 0.00152106 0.00141552 0.00122513 0.00116403 0.000991315 0.000860015 0.00077467 0.00071104 0.0052217 
2.02e-05 6.6155e-05 0.000118675 0.000166145 0.000233815 0.000291385 0.00037774 0.00051813 0.000617615 0.000778205 0.000953945 0.00108676 0.00131603 0.00151803 0.00176296 0.00189173 0.0020301 0.00214221 0.00232098 0.0024947 0.0025346 0.00258005 0.00269569 0.00267499 0.00267448 0.00271185 0.00275831 0.0027068 0.0025144 0.00258712 0.00239269 0.00235633 0.00221847 0.00209626 0.00197152 0.00190537 0.00177811 0.00164933 0.00151854 0.00149127 0.00138774 0.00122059 0.00116756 0.0010095 0.00095849 0.000879205 0.000792345 0.000702455 0.00064741 0.00059388 0.00511212 
1.212e-05 2.222e-05 4.747e-05 5.6055e-05 8.9385e-05 0.000109585 0.000121705 0.00015958 0.00021008 0.000205535 0.000261085 0.000309565 0.000379255 0.000407535 0.000486315 0.000573175 0.000594385 0.0006868 0.00075245 0.000812545 0.000873145 0.00092516 0.000951925 0.000987275 0.00105747 0.00105444 0.00107868 0.00107111 0.0011009 0.00109131 0.00109383 0.00105697 0.00109989 0.00105495 0.00103374 0.00096859 0.00094839 0.000904455 0.000856985 0.00084234 0.00079992 0.000738815 0.00070195 0.00064135 0.000622665 0.00056459 0.000550955 0.000517625 0.000482275 0.000436825 0.00436371 
2.525e-06 9.595e-06 2.2725e-05 2.727e-05 3.6865e-05 4.1915e-05 5.454e-05 7.6255e-05 6.5145e-05 8.6355e-05 8.8375e-05 0.000104535 0.00011918 0.0001313 0.000155035 0.000175235 0.000173215 0.00022018 0.000224725 0.000255025 0.0002929 0.00029997 0.00033431 0.000328755 0.00036158 0.00038279 0.000389355 0.00042622 0.00042117 0.000439855 0.000466115 0.000432785 0.00044339 0.000479245 0.000444905 0.000468135 0.000460055 0.00046864 0.000434805 0.000418645 0.000395415 0.000381275 0.000376225 0.000373195 0.00033128 0.000342895 0.00031613 0.000291385 0.000286335 0.000270175 0.00317393 
1.01e-06 1.01e-05 5.05e-06 1.0605e-05 1.6665e-05 2.0705e-05 2.121e-05 2.727e-05 2.727e-05 3.03e-05 4.04e-05 4.848e-05 5.1005e-05 5.6055e-05 5.9085e-05 6.0095e-05 6.464e-05 7.878e-05 8.484e-05 9.292e-05 9.09e-05 0.00010807 0.000121705 0.00012928 0.000127765 0.000141905 0.000137865 0.00016362 0.00015352 0.000163115 0.00015857 0.000163115 0.000183315 0.000178265 0.00017877 0.000201495 0.00018887 0.000202 0.00018483 0.00018685 0.000205535 0.00018584 0.000190385 0.00016059 0.00019493 0.00017372 0.00017574 0.000147965 0.000133825 0.000136855 0.0021205 
1.01e-06 3.03e-06 1.515e-06 4.04e-06 7.575e-06 7.07e-06 8.585e-06 9.595e-06 1.313e-05 1.4645e-05 1.919e-05 1.6665e-05 2.02e-05 2.4745e-05 1.818e-05 1.9695e-05 3.03e-05 3.434e-05 3.0805e-05 3.6865e-05 3.0805e-05 3.7875e-05 4.4945e-05 4.545e-05 5.3025e-05 5.757e-05 4.5955e-05 5.353e-05 5.858e-05 7.0195e-05 5.555e-05 7.373e-05 6.464e-05 7.4235e-05 6.666e-05 7.5245e-05 9.4435e-05 7.7265e-05 7.07e-05 7.5245e-05 8.0295e-05 8.1305e-05 7.7265e-05 8.181e-05 8.484e-05 6.7165e-05 7.474e-05 8.6355e-05 6.767e-05 6.4135e-05 0.00130341 
0 1.01e-06 1.01e-06 3.535e-06 4.545e-06 2.525e-06 3.535e-06 4.545e-06 7.07e-06 6.565e-06 8.585e-06 8.08e-06 1.212e-05 1.111e-05 1.414e-05 6.565e-06 1.2625e-05 1.1615e-05 1.111e-05 1.3635e-05 1.4645e-05 1.212e-05 2.02e-05 1.616e-05 1.9695e-05 2.2725e-05 1.8685e-05 2.5755e-05 2.222e-05 2.5755e-05 2.1715e-05 2.525e-05 2.9795e-05 2.222e-05 3.1815e-05 2.828e-05 3.1815e-05 3.4845e-05 2.828e-05 3.2825e-05 2.727e-05 3.2825e-05 3.434e-05 3.7875e-05 3.939e-05 3.131e-05 3.1815e-05 2.8785e-05 3.535e-05 3.5855e-05 0.000741845 
5.05e-07 0 1.01e-06 1.01e-06 1.01e-06 1.01e-06 1.01e-06 4.04e-06 6.06e-06 4.04e-06 2.02e-06 2.525e-06 4.545e-06 5.05e-06 2.525e-06 7.07e-06 5.555e-06 4.04e-06 3.535e-06 7.575e-06 6.06e-06 4.545e-06 7.575e-06 7.07e-06 8.08e-06 8.585e-06 7.07e-06 9.595e-06 9.09e-06 6.06e-06 1.4645e-05 7.575e-06 1.0605e-05 9.595e-06 1.0605e-05 1.212e-05 1.2625e-05 1.0605e-05 1.212e-05 1.414e-05 1.2625e-05 1.717e-05 1.212e-05 1.1615e-05 1.4645e-05 2.121e-05 1.3635e-05 1.4645e-05 1.6665e-05 1.4645e-05 0.0003838 
0 0 5.05e-07 0 5.05e-07 0 5.05e-07 1.01e-06 2.02e-06 2.02e-06 5.05e-07 1.515e-06 3.535e-06 2.525e-06 1.515e-06 1.515e-06 2.02e-06 1.515e-06 1.515e-06 2.02e-06 3.03e-06 3.535e-06 3.535e-06 3.535e-06 4.04e-06 3.03e-06 4.545e-06 3.535e-06 4.04e-06 3.03e-06 2.525e-06 5.555e-06 7.07e-06 2.02e-06 5.05e-06 3.03e-06 3.03e-06 3.535e-06 5.555e-06 8.08e-06 5.555e-06 5.555e-06 6.565e-06 8.585e-06 4.04e-06 9.09e-06 6.565e-06 5.05e-06 5.555e-06 7.575e-06 0.00019493 
0 5.05e-07 0 1.01e-06 5.05e-07 5.05e-07 0 5.05e-07 5.05e-07 2.02e-06 5.05e-07 1.01e-06 2.525e-06 1.01e-06 5.05e-07 1.01e-06 0 1.01e-06 1.515e-06 0 2.02e-06 1.01e-06 5.05e-07 5.05e-07 3.535e-06 2.525e-06 5.05e-07 2.02e-06 2.02e-06 2.02e-06 5.05e-07 1.01e-06 3.535e-06 3.03e-06 1.01e-06 3.03e-06 1.01e-06 2.525e-06 2.525e-06 3.03e-06 3.03e-06 2.525e-06 2.525e-06 1.515e-06 4.545e-06 3.03e-06 2.525e-06 4.04e-06 1.01e-06 1.515e-06 9.3425e-05 
0 0 0 0 0 0 0 5.05e-07 0 0 0 5.05e-07 1.01e-06 0 5.05e-07 5.05e-07 1.01e-06 1.01e-06 5.05e-07 1.01e-06 0 0 0 1.01e-06 0 1.01e-06 1.01e-06 5.05e-07 5.05e-07 5.05e-07 0 0 1.01e-06 5.05e-07 1.515e-06 1.01e-06 1.01e-06 5.05e-07 1.01e-06 1.515e-06 5.05e-07 1.01e-06 1.01e-06 1.01e-06 1.01e-06 1.515e-06 1.515e-06 2.525e-06 5.05e-07 5.05e-07 4.747e-05 
0 0 0 0 0 0 0 0 0 0 0 5.05e-07 0 0 5.05e-07 0 5.05e-07 0 0 5.05e-07 0 0 5.05e-07 5.05e-07 0 5.05e-07 5.05e-07 1.01e-06 1.01e-06 0 0 0 0 0 0 0 5.05e-07 1.01e-06 1.01e-06 5.05e-07 5.05e-07 0 5.05e-07 0 0 1.01e-06 0 1.01e-06 0 0 2.525e-05 
0 0 0 0 0 0 0 0 0 0 0 0 5.05e-07 0 0 0 1.01e-06 0 5.05e-07 0 0 0 5.05e-07 0 5.05e-07 0 0 0 5.05e-07 0 0 0 5.05e-07 5.05e-07 0 0 0 0 0 0 1.01e-06 0 0 5.05e-07 0 0 5.05e-07 0 0 0 1.313e-05 
0 0 0 0 0 0 0 0 0 0 0 0 0 0 0 5.05e-07 0 5.05e-07 0 0 0 0 0 0 0 0 0 0 0 0 0 0 0 0 0 5.05e-07 0 5.05e-07 0 0 0 0 0 0 0 0 0 0 5.05e-07 0 6.06e-06 
0 0 0 0 0 0 5.05e-07 0 0 0 0 0 0 0 0 0 0 0 5.05e-07 0 0 0 0 0 0 0 0 0 0 0 0 0 0 0 0 0 0 0 0 0 0 0 0 0 0 0 0 0 0 0 5.05e-06 
0 0 0 0 0 0 0 0 0 0 0 0 0 0 0 0 0 0 0 0 0 0 0 0 0 0 0 0 0 0 0 0 0 0 0 0 0 0 0 0 0 0 0 0 0 0 0 0 0 0 0 
