Half rod, albedo problem, Anisotropic scattering, exponential random flight, mu_t: 1 g: 0.9
Analogmu_t c: 0.98 maxx: 10 dx: 0.19802 numsamples: 1000000 numCollisionOrders: 20 numMoments: 10
total albedo: 0.417051
per-collision order albedos: 
0 0.024731 0.023007 0.021431 0.019593 0.018655 0.017198 0.015971 0.015096 0.01413 0.013237 0.01238 0.011719 0.010955 0.010362 0.009707 0.008872 0.008342 0.007838 0.007569 
Collision density L:
0.415352 0.412459 0.409424 0.401132 0.400733 0.393905 0.390582 0.387527 0.383073 0.381442 0.376008 0.37367 0.369902 0.367438 0.359843 0.358247 0.355222 0.350238 0.348354 0.345455 0.34084 0.33585 0.333204 0.331538 0.330891 0.326508 0.321609 0.320003 0.315595 0.314272 0.312741 0.307434 0.304833 0.303081 0.297753 0.297046 0.293486 0.289612 0.28731 0.286476 0.283532 0.27777 0.275422 0.274569 0.271337 0.269402 0.266418 0.261969 0.262191 0.259585 26.7584 
Collision density R:
0.995491 0.986871 0.973903 0.966045 0.958717 0.947966 0.939244 0.930321 0.922342 0.911858 0.907126 0.896516 0.886452 0.879609 0.870054 0.865929 0.853384 0.844203 0.833109 0.82823 0.821276 0.812974 0.806419 0.793855 0.789239 0.782195 0.775902 0.765686 0.759237 0.751728 0.744274 0.736901 0.727816 0.728584 0.720059 0.710293 0.704717 0.697254 0.689598 0.68429 0.680134 0.67214 0.662989 0.660181 0.652263 0.644658 0.639886 0.632043 0.627872 0.620958 64.2181 
Density Moments:
29.1488 599.823 24716.3 1.53043e+06 1.26362e+08 1.29766e+10 1.57836e+12 2.18991e+14 3.36481e+16 5.59487e+18 
Per-collision Density Moments:
1 1.00017 2.00029 5.9967 23.9325 118.933 703.829 4798.02 36698.5 308197 
0.955202 1.88315 5.61429 22.357 111.235 662.671 4590.16 36191.3 319632 3.1213e+06 
0.912918 2.66763 10.5738 52.6299 314.817 2196.55 17490.2 156301 1.54683e+06 1.67628e+07 
0.873503 3.36149 16.5827 98.7925 688.064 5477.17 48976.7 485042 5.25574e+06 6.16374e+07 
0.836134 3.97187 23.4074 162.321 1290.39 11552.3 114930 1.25762e+06 1.50133e+07 1.94268e+08 
0.801042 4.50988 30.8582 243.915 2177.46 21624 236156 2.80985e+06 3.61366e+07 4.98824e+08 
0.767985 4.98142 38.7521 343.61 3403.15 37168.3 443400 5.73316e+06 7.9815e+07 1.18918e+09 
0.736657 5.39187 46.9572 461.514 5021.9 59802 772676 1.07564e+07 1.60349e+08 2.54555e+09 
0.706779 5.74939 55.3407 596.394 7063.42 90955.6 1.26355e+06 1.88169e+07 2.9875e+08 5.03153e+09 
0.678539 6.05923 63.8377 748.556 9589.42 132851 1.97627e+06 3.13888e+07 5.29698e+08 9.45529e+09 
0.651563 6.32448 72.316 915.984 12614.9 187065 2.96738e+06 5.00979e+07 8.96365e+08 1.69327e+10 
0.626484 6.55592 80.771 1098.32 16173.2 255474 4.30223e+06 7.68798e+07 1.45216e+09 2.88931e+10 
0.602356 6.74988 89.0643 1293.14 20259.8 339291 6.03769e+06 1.13664e+08 2.25569e+09 4.70432e+10 
0.579473 6.91422 97.2042 1500.04 24903.4 440576 8.25718e+06 1.63242e+08 3.39259e+09 7.38995e+10 
0.557374 7.04668 105.075 1716.97 30111.9 561373 1.10608e+07 2.2938e+08 4.99074e+09 1.13614e+11 
0.536413 7.15486 112.734 1944.21 35917.9 703886 1.45479e+07 3.1583e+08 7.17948e+09 1.70441e+11 
0.516867 7.24233 120.108 2178.19 42241.6 867284 1.8743e+07 4.24665e+08 1.00571e+10 2.48339e+11 
0.498279 7.30955 127.225 2420.41 49177 1.05616e+06 2.38359e+07 5.63047e+08 1.38789e+10 3.56109e+11 
0.480456 7.35708 134.017 2667.77 56653.2 1.26999e+06 2.98737e+07 7.34475e+08 1.8819e+10 5.01344e+11 
0 0 0 0 0 0 0 0 0 0 
Per-collision Densities L:
0 0 0 0 0 0 0 0 0 0 0 0 0 0 0 0 0 0 0 0 0 0 0 0 0 0 0 0 0 0 0 0 0 0 0 0 0 0 0 0 0 0 0 0 0 0 0 0 0 0 0 
0.0218918 0.0183871 0.0152611 0.0121099 0.0104131 0.00833755 0.00695385 0.0059792 0.00464095 0.0039087 0.0030401 0.0025755 0.0019695 0.00175235 0.0014544 0.00113625 0.0009797 0.0006969 0.00063125 0.0004545 0.00047975 0.0003131 0.0002323 0.0001919 0.00014645 0.00016665 0.0001515 0.0001111 9.09e-05 8.08e-05 5.555e-05 6.565e-05 3.535e-05 2.525e-05 3.535e-05 2.02e-05 1.515e-05 1.515e-05 2.525e-05 5.05e-06 1.515e-05 1.515e-05 2.02e-05 5.05e-06 5.05e-06 1.01e-05 0 0 5.05e-06 0 5.05e-06 
0.0222907 0.0221342 0.0213514 0.0193567 0.0180184 0.0161398 0.0143824 0.0127311 0.011514 0.0101909 0.0088274 0.0075144 0.00654985 0.005858 0.0052621 0.00426725 0.00380265 0.0030502 0.00272195 0.00217655 0.0018988 0.0016665 0.0015049 0.0011615 0.0008989 0.0008888 0.00067165 0.0006565 0.000505 0.0004242 0.0004545 0.00035855 0.00024745 0.0001919 0.00020705 0.00016665 0.00013635 0.00012625 7.575e-05 9.595e-05 9.09e-05 3.535e-05 5.05e-05 5.05e-05 2.02e-05 2.525e-05 5.05e-06 2.02e-05 1.515e-05 0 5.555e-05 
0.0213413 0.0216544 0.0214979 0.0201091 0.019796 0.0186497 0.017978 0.0171397 0.0161045 0.0151399 0.0141754 0.0126806 0.0115494 0.0106101 0.00951925 0.00896375 0.00773155 0.00688315 0.0061307 0.00545905 0.0048278 0.00448945 0.0036057 0.00312595 0.0028078 0.0023735 0.00215635 0.0019392 0.00181295 0.00147965 0.00121705 0.0010201 0.00098475 0.00085345 0.0006767 0.0006262 0.0005555 0.00040905 0.00043935 0.0003333 0.000303 0.00016665 0.0001616 0.00019695 0.0001515 9.09e-05 8.585e-05 6.06e-05 0.00011615 6.06e-05 0.0004141 
0.0206596 0.020099 0.0199425 0.0191799 0.0194627 0.0188668 0.019286 0.0184931 0.0183315 0.0170842 0.0162509 0.0163671 0.0149177 0.0141501 0.0131098 0.0121907 0.0117817 0.0108171 0.00983235 0.0089991 0.00813555 0.00745885 0.00669125 0.00606 0.00564085 0.00538835 0.00452985 0.00436825 0.00369155 0.00330775 0.002828 0.00248965 0.00220685 0.00206545 0.00170185 0.00152005 0.00137865 0.00139885 0.0010504 0.0008787 0.00071205 0.0007979 0.00057065 0.0005757 0.000505 0.0003434 0.0004343 0.0003131 0.0002424 0.0002525 0.0015554 
0.0188769 0.0184426 0.0182962 0.0186143 0.0182507 0.0178366 0.0183366 0.0182659 0.018079 0.0171852 0.0175639 0.0166903 0.016761 0.0163368 0.0156045 0.0147612 0.0138219 0.0132664 0.0127513 0.0119433 0.0113221 0.0104434 0.0102768 0.0095041 0.00883245 0.00818605 0.00738815 0.0068276 0.0060095 0.00582265 0.0049692 0.0048581 0.00415615 0.00381275 0.00350975 0.0031613 0.00285325 0.00245935 0.0022018 0.00222705 0.00181295 0.00161095 0.00145945 0.0013029 0.00111605 0.00108575 0.0008282 0.00077265 0.00069185 0.0005555 0.00423695 
0.0173367 0.0174528 0.0173821 0.0169327 0.0169428 0.0172407 0.0176902 0.016963 0.0168872 0.0168115 0.0172256 0.0172559 0.0166852 0.0165135 0.0156045 0.0151702 0.0157358 0.0150238 0.0147713 0.0140188 0.0131906 0.0127765 0.0122917 0.0118221 0.0113171 0.0107515 0.0096051 0.0092314 0.008686 0.008282 0.00744875 0.00705485 0.00630745 0.0060297 0.00566105 0.00523685 0.0046258 0.0043329 0.0040299 0.00354005 0.00319665 0.0030603 0.0025856 0.002323 0.00206545 0.0018079 0.00184325 0.00159075 0.0013837 0.0011716 0.00995355 
0.0159883 0.0161752 0.0163317 0.0159277 0.0160994 0.0163671 0.0160338 0.0164277 0.0165287 0.0169024 0.0161954 0.0163115 0.0162661 0.0157005 0.0156904 0.0156449 0.015453 0.0151601 0.0148167 0.0145491 0.0143168 0.0139027 0.0130341 0.012928 0.0128068 0.0116756 0.0116857 0.0107969 0.010499 0.0101505 0.00969095 0.00883245 0.0090597 0.00801435 0.0079083 0.00727705 0.00661045 0.00599435 0.0057166 0.0055146 0.00500455 0.00443895 0.003939 0.00385315 0.00359055 0.00318655 0.00305525 0.00284315 0.0023129 0.00216645 0.0197304 
0.0151551 0.0154278 0.0150945 0.0148268 0.0153571 0.0156601 0.0151551 0.0153066 0.0151551 0.0154025 0.0150591 0.0148824 0.0150187 0.0148773 0.0149278 0.0149632 0.0146905 0.0141905 0.0148218 0.0143067 0.0140542 0.0139885 0.0135138 0.0137108 0.0134633 0.0130139 0.0125947 0.0125745 0.0121604 0.0117918 0.011206 0.0108121 0.0102212 0.009494 0.00902435 0.00911525 0.00833755 0.007777 0.007171 0.0071508 0.0065448 0.0063529 0.0060398 0.0052823 0.0052823 0.0047571 0.0045147 0.00407535 0.0039996 0.00376225 0.0358247 
0.0137865 0.0140542 0.0143269 0.0144026 0.0145642 0.0140895 0.0143521 0.0142966 0.014135 0.0138976 0.0137916 0.0145289 0.0141451 0.0144784 0.0140441 0.0140845 0.0140188 0.0142107 0.0137562 0.0140643 0.0135896 0.0140542 0.0134179 0.0135189 0.0133926 0.01313 0.0125998 0.0127412 0.0121958 0.012524 0.0119433 0.011514 0.0112716 0.0109383 0.0104081 0.010095 0.00960005 0.009393 0.00863045 0.0085345 0.00808 0.0077467 0.00756995 0.0072922 0.0066559 0.0060701 0.0061812 0.0056863 0.0055449 0.0050601 0.057368 
0.0131098 0.0133472 0.0138926 0.0131351 0.0137209 0.0132714 0.0131957 0.0130896 0.0133472 0.0129634 0.0133876 0.0131654 0.0134431 0.0139633 0.0132512 0.0129078 0.0134482 0.0130745 0.0132159 0.0127109 0.0127967 0.0126604 0.012827 0.0134482 0.0128876 0.0130644 0.0128573 0.0122766 0.0126553 0.0121806 0.0122109 0.0113524 0.0114989 0.0114383 0.0107313 0.0112363 0.0104283 0.0103475 0.00975155 0.00940815 0.0092213 0.00920615 0.0086557 0.00832745 0.00768105 0.00792345 0.00720635 0.00713565 0.00669125 0.00644885 0.0849915 
0.0124786 0.012423 0.012625 0.0126957 0.0124533 0.0122715 0.012115 0.0127715 0.0125089 0.0124584 0.0123321 0.0129937 0.0126654 0.0126957 0.0120241 0.0124331 0.0119382 0.0119584 0.0128371 0.0124634 0.0124483 0.0121402 0.0124432 0.0122109 0.0123422 0.0121655 0.0119887 0.0124079 0.0118372 0.0119584 0.0115948 0.0115443 0.0115494 0.0116807 0.0111605 0.011105 0.0109383 0.0107111 0.0106858 0.0102263 0.00981215 0.00952935 0.0096051 0.00913545 0.008686 0.008888 0.00814565 0.00751945 0.00773155 0.0072316 0.116211 
0.0115595 0.0117362 0.0117968 0.0115645 0.0114686 0.0118675 0.0118019 0.0119635 0.0117867 0.0116958 0.0116302 0.0114383 0.0119079 0.0116706 0.0114383 0.0114989 0.0115797 0.0114938 0.0117059 0.0115746 0.0115494 0.0116958 0.0119281 0.0117312 0.0117615 0.0115241 0.011413 0.0117867 0.0110747 0.0111757 0.0117968 0.0111807 0.0113171 0.011211 0.0109484 0.010908 0.0110444 0.0103879 0.0106858 0.0100243 0.0102263 0.0096556 0.00966065 0.00935765 0.00963035 0.00906475 0.0085951 0.0082921 0.0086557 0.00866075 0.149712 
0.0112514 0.0112312 0.011307 0.0108222 0.0111151 0.0108474 0.0107363 0.0106757 0.0109636 0.010701 0.0109232 0.0106505 0.0107717 0.0107414 0.0106707 0.0110242 0.0109484 0.0112464 0.0110191 0.0108979 0.0109737 0.0108222 0.0110393 0.0108676 0.0108323 0.0111908 0.0110494 0.0110141 0.0109989 0.0108828 0.0106303 0.0109333 0.0105192 0.0105545 0.010504 0.0103929 0.0106505 0.0105747 0.0102818 0.0099283 0.0100647 0.010201 0.0096657 0.009696 0.00938795 0.00940815 0.00923645 0.0091405 0.00906475 0.008383 0.183315 
0.0104889 0.0104081 0.0102465 0.0100041 0.0105848 0.00974145 0.0102212 0.0102465 0.0095647 0.0100445 0.0102061 0.0100798 0.0101051 0.0104889 0.010095 0.0102313 0.0103677 0.0106505 0.0106454 0.0104586 0.0103424 0.0103424 0.0102667 0.0098374 0.0101859 0.0108525 0.0103727 0.0102919 0.0099384 0.0102414 0.0101657 0.0098071 0.0101859 0.0102414 0.00971115 0.010302 0.0103778 0.0100798 0.0100243 0.00978185 0.0100798 0.009797 0.0097768 0.0096556 0.0091304 0.0093324 0.0092415 0.0092011 0.00914555 0.00923645 0.216382 
0.0096152 0.00969095 0.0091708 0.0090799 0.00952935 0.0097162 0.00989295 0.0089183 0.0093021 0.00983235 0.0096051 0.00952935 0.0094839 0.0093324 0.0097667 0.00987275 0.00992325 0.00987275 0.00966065 0.0096758 0.00974145 0.009797 0.0100445 0.00933745 0.0096354 0.00986265 0.0094132 0.0096051 0.00981215 0.00939805 0.0098374 0.00938795 0.00939805 0.0095041 0.00979195 0.00967075 0.00954955 0.0092516 0.00936775 0.00987275 0.00994345 0.0093324 0.0094031 0.00919605 0.00908495 0.00926675 0.0092819 0.0091203 0.0092011 0.00893345 0.247783 
0.0089183 0.008989 0.00878195 0.0086557 0.0089385 0.00879205 0.00902435 0.00868095 0.00890315 0.0089183 0.00914555 0.0090496 0.00923645 0.009393 0.00917585 0.0091203 0.0092415 0.0091001 0.0092617 0.00906475 0.0090294 0.00901425 0.0092516 0.00904455 0.00924655 0.00853955 0.00921625 0.0091304 0.00877185 0.00901425 0.00923645 0.00914555 0.00930715 0.0090294 0.00917585 0.00936775 0.00942835 0.00901425 0.0090395 0.0095041 0.00913545 0.00892335 0.00846885 0.0091708 0.0090799 0.00901425 0.008989 0.00874155 0.00853955 0.00869105 0.274468 
0.00804465 0.00836785 0.0083426 0.008282 0.00806485 0.0085446 0.0082921 0.00864055 0.0083426 0.00859005 0.0086355 0.00875165 0.00877185 0.00862035 0.0084032 0.0089991 0.00850925 0.0084941 0.00874155 0.00892335 0.0082921 0.008585 0.00855975 0.0084638 0.00845875 0.00854965 0.0084032 0.0089284 0.00833755 0.0086961 0.0086456 0.0089688 0.0086557 0.00871125 0.008989 0.0086557 0.00834765 0.008585 0.00891325 0.00824665 0.00840825 0.00875165 0.0087769 0.0086557 0.0085042 0.008787 0.00833755 0.00812545 0.0084133 0.0083931 0.299339 
0.0079487 0.00782245 0.00786285 0.00779215 0.00819615 0.00791335 0.00792345 0.00780225 0.00782245 0.00831735 0.00784265 0.007676 0.0080901 0.0080901 0.00857995 0.00815575 0.0080194 0.00808505 0.00850925 0.0081709 0.007979 0.00828705 0.0080699 0.00784265 0.00799415 0.0078679 0.00816585 0.0084436 0.00833755 0.0083426 0.00829715 0.00824665 0.008484 0.0080093 0.00817595 0.00814565 0.0081002 0.00789315 0.0081709 0.0085143 0.00786285 0.00828705 0.00807495 0.0082719 0.008181 0.00784265 0.0082113 0.0078275 0.00782245 0.00789315 0.320539 
0 0 0 0 0 0 0 0 0 0 0 0 0 0 0 0 0 0 0 0 0 0 0 0 0 0 0 0 0 0 0 0 0 0 0 0 0 0 0 0 0 0 0 0 0 0 0 0 0 0 0 
Per-collision Densities L:
0.907182 0.744557 0.61058 0.500485 0.410434 0.336355 0.276129 0.226836 0.186279 0.153379 0.125366 0.103045 0.0849511 0.0692658 0.0563984 0.0468691 0.0376983 0.0314363 0.0253207 0.0209222 0.0180033 0.0141198 0.0113676 0.00974145 0.0074538 0.0063731 0.00522675 0.00436825 0.0034138 0.00297445 0.0023836 0.00199475 0.00169175 0.0013938 0.0010605 0.00081305 0.0007171 0.00075245 0.0004848 0.000404 0.00032825 0.0002525 0.00018685 0.00017675 0.00016665 0.00012625 0.00010605 5.555e-05 7.07e-05 8.08e-05 0.0002222 
0.080997 0.203985 0.278053 0.322508 0.33988 0.339587 0.332169 0.312848 0.293339 0.266675 0.242966 0.217019 0.192789 0.172654 0.150783 0.133325 0.115251 0.100758 0.0861985 0.0760126 0.0641653 0.0562065 0.0479245 0.0404808 0.0350773 0.0295627 0.0258106 0.0216342 0.0186295 0.0153167 0.0135795 0.0113272 0.0100142 0.00856985 0.00680235 0.0058984 0.00484295 0.0039693 0.0033734 0.00295425 0.00234825 0.00214625 0.00161095 0.0014645 0.00127765 0.00105545 0.00099485 0.00071205 0.00052015 0.0004242 0.0023634 
0.0051409 0.0293456 0.0647966 0.103591 0.142435 0.174291 0.196915 0.214569 0.227437 0.233381 0.236547 0.230891 0.224013 0.213837 0.203535 0.189941 0.177154 0.162529 0.148657 0.135754 0.122836 0.11113 0.100333 0.0875216 0.0796032 0.0708212 0.0628372 0.0543633 0.0495102 0.0425564 0.0368398 0.032219 0.029088 0.0259318 0.0218766 0.0186547 0.0164529 0.01464 0.0120948 0.0105848 0.00925665 0.0081204 0.0067973 0.0060903 0.00528735 0.00421675 0.00372185 0.0030098 0.0028886 0.00230785 0.0130391 
0.00035855 0.0029896 0.0103172 0.0227149 0.0400213 0.0601304 0.0805475 0.102071 0.119852 0.137077 0.151005 0.163974 0.170796 0.177609 0.180431 0.182265 0.179209 0.175796 0.170852 0.163554 0.156247 0.147006 0.137708 0.128815 0.119801 0.111625 0.101853 0.0918141 0.0863449 0.0781437 0.0707404 0.0637159 0.0571559 0.0517878 0.0470812 0.04141 0.0368145 0.0327493 0.0299011 0.0254571 0.0231492 0.0205131 0.0180437 0.0156146 0.0132159 0.0119988 0.0109333 0.00939805 0.0081911 0.00688315 0.0448541 
0.00014645 0.0005656 0.00152005 0.00427735 0.00943845 0.0156146 0.0246945 0.0362742 0.0476518 0.0606051 0.0753309 0.0885467 0.100778 0.111529 0.121139 0.131527 0.137108 0.141249 0.144006 0.147758 0.149132 0.145763 0.144576 0.140663 0.135113 0.130846 0.124988 0.119508 0.11158 0.107035 0.0989245 0.0917939 0.085951 0.0806485 0.0738563 0.0685942 0.0614989 0.0572317 0.0522524 0.0473993 0.0417938 0.0388093 0.0349208 0.0311585 0.0283558 0.0254066 0.0228361 0.0202808 0.0179578 0.0164176 0.118513 
0.00011615 0.0003434 0.00064135 0.00104535 0.00212605 0.00414605 0.00689325 0.0110848 0.0159227 0.0225634 0.0303455 0.0384962 0.0471721 0.0572014 0.0667863 0.0766136 0.0846279 0.0929352 0.100409 0.106343 0.112403 0.117226 0.119761 0.122528 0.124291 0.122816 0.12275 0.121195 0.118832 0.11616 0.112236 0.10855 0.102773 0.0988285 0.0943391 0.0877337 0.0849158 0.0789871 0.0732503 0.0678619 0.0638623 0.0595345 0.0537219 0.0504647 0.0470559 0.0426422 0.0385416 0.0354005 0.0324311 0.029588 0.252793 
7.07e-05 0.00032825 0.0004242 0.00060095 0.00096455 0.0014746 0.0022321 0.0034239 0.0052419 0.00772145 0.010807 0.0149783 0.0198213 0.025245 0.0305929 0.0376326 0.0441421 0.0511616 0.0583679 0.0653824 0.0713717 0.0777397 0.0855571 0.0888346 0.095243 0.098672 0.100727 0.103343 0.104247 0.106055 0.105091 0.105434 0.10298 0.103581 0.10103 0.0972378 0.0944906 0.0914303 0.0877488 0.0833503 0.080598 0.0755026 0.0705132 0.0674529 0.0640138 0.0602364 0.055848 0.0520655 0.0475609 0.0448339 0.452076 
0.0001313 0.0002424 0.00045955 0.0005959 0.0007878 0.00084335 0.0012827 0.00178265 0.0022321 0.00301485 0.0043127 0.00581255 0.0083224 0.0103374 0.0134785 0.0167711 0.0206899 0.0247753 0.0297597 0.035042 0.0403596 0.0463691 0.0509545 0.0559692 0.0613171 0.0676094 0.072917 0.0755632 0.0800526 0.0823352 0.0867994 0.0889659 0.089991 0.0912687 0.0925261 0.0922029 0.0916323 0.0899254 0.0883902 0.0879104 0.0860217 0.0831887 0.0803253 0.0784265 0.0758056 0.071609 0.0689679 0.0642865 0.0620746 0.0589032 0.707672 
6.06e-05 0.0002323 0.0003737 0.00052015 0.0007474 0.00086355 0.0009191 0.00131805 0.00141905 0.0017978 0.0023836 0.0028078 0.0036865 0.00498435 0.0059186 0.0075043 0.0094031 0.011413 0.013933 0.0170438 0.0205131 0.0245279 0.0287547 0.0327998 0.0359813 0.0403243 0.0463186 0.0503536 0.0534543 0.0575397 0.0609434 0.0643522 0.0685033 0.0715585 0.074538 0.0766287 0.0789517 0.0795123 0.0799062 0.0804011 0.082214 0.0798254 0.0805879 0.0791133 0.0764772 0.075649 0.0734018 0.0714575 0.0704728 0.0661298 0.992825 
5.05e-05 0.0002525 0.00048985 0.0004747 0.0008181 0.0008989 0.00100495 0.001111 0.00128775 0.0014847 0.0016665 0.0018988 0.0023937 0.00273205 0.0031411 0.0037673 0.00491365 0.00579235 0.00682255 0.00845875 0.0101051 0.0121756 0.0147006 0.0171094 0.0204323 0.0232048 0.0263762 0.0305778 0.0336583 0.036052 0.0397284 0.0434401 0.0466317 0.050197 0.0528634 0.0573579 0.0599082 0.0627463 0.064029 0.0667156 0.0686952 0.0694931 0.0697203 0.0709727 0.0704223 0.0709424 0.0707505 0.0705788 0.0688719 0.0675488 1.27138 
6.565e-05 0.00024745 0.00041915 0.0004747 0.0005858 0.00082315 0.00101505 0.0009797 0.00118675 0.00131805 0.0014645 0.00172205 0.0018584 0.00210585 0.00215635 0.00250985 0.00299465 0.0035956 0.0038986 0.0045955 0.0056257 0.0064034 0.00755985 0.009292 0.0107666 0.0126806 0.0147056 0.0171145 0.0194981 0.0215736 0.0244016 0.0269165 0.0294163 0.0330876 0.0355268 0.0382487 0.0407283 0.0443693 0.0469903 0.0501516 0.0518686 0.0550602 0.0564691 0.0579589 0.0595496 0.0599334 0.0619282 0.062817 0.0631755 0.0632816 1.50409 
4.04e-05 0.0001717 0.0002828 0.0004545 0.0005555 0.0007676 0.00084335 0.0009797 0.0011817 0.00133825 0.0014645 0.0013938 0.00159075 0.0017978 0.0023634 0.001919 0.0022624 0.0026563 0.00288355 0.0032421 0.003636 0.0039087 0.0045046 0.00560045 0.006161 0.00695385 0.00813555 0.00926675 0.011105 0.0127664 0.0144531 0.0164832 0.017675 0.0202909 0.0219574 0.0242905 0.0270377 0.0293557 0.0322089 0.0337997 0.0368246 0.0396324 0.0416322 0.0436472 0.0457783 0.0472882 0.0491113 0.0511666 0.0528584 0.0539492 1.6793 
3.535e-05 0.00024745 0.0002727 0.0004545 0.0005959 0.0006767 0.0008484 0.00085345 0.00086355 0.00112615 0.00145945 0.00135845 0.00150995 0.001616 0.0018887 0.00210585 0.0018483 0.0023634 0.0022927 0.0026058 0.00282295 0.0032724 0.00329765 0.00345925 0.00436825 0.0045854 0.00513585 0.00569135 0.00654985 0.0072417 0.008383 0.009797 0.0108575 0.0122109 0.0138421 0.0150945 0.0163216 0.0190436 0.0203465 0.022619 0.0245329 0.0264267 0.0288608 0.0304414 0.0327139 0.0344208 0.0374155 0.0384154 0.0407081 0.0426069 1.78556 
6.565e-05 0.00015655 0.000303 0.0004848 0.0004747 0.0005959 0.000707 0.00082315 0.0009999 0.00105545 0.00115645 0.00136855 0.0013938 0.0014847 0.00163115 0.0017372 0.0020301 0.0020301 0.00209575 0.002222 0.002323 0.00254015 0.00285325 0.0029593 0.0032825 0.00355015 0.00366125 0.0042521 0.00459045 0.0047975 0.00545905 0.0059792 0.0066357 0.007676 0.0083325 0.0097263 0.010706 0.0112363 0.0126705 0.0143824 0.0154379 0.0169276 0.0195738 0.0205889 0.0221039 0.0239269 0.026053 0.0276841 0.0291688 0.0312141 1.83248 
4.04e-05 0.00016665 0.00024745 0.0003232 0.00041915 0.00057065 0.00066155 0.0007171 0.0007575 0.00103525 0.00114635 0.0011211 0.0013837 0.0012928 0.00167155 0.00160085 0.001717 0.0018483 0.00209575 0.00214625 0.0019796 0.00257045 0.0025048 0.00282295 0.00251995 0.00280275 0.00343905 0.00348955 0.00340875 0.0037067 0.0040198 0.00412585 0.00472175 0.0051813 0.00571155 0.00609535 0.00691345 0.0075548 0.00833755 0.0093425 0.0102414 0.010807 0.0119079 0.0135744 0.0145844 0.0161247 0.0173973 0.0189325 0.0199879 0.0220837 1.82768 
5.05e-05 0.0001818 0.0002424 0.0003838 0.00039895 0.000505 0.00062115 0.00070195 0.00078275 0.0009494 0.0010201 0.00115645 0.00123725 0.0012928 0.00135845 0.0015453 0.00168165 0.0016968 0.00184325 0.00203515 0.00201495 0.00223715 0.0022321 0.0023432 0.0024038 0.0027068 0.0024947 0.00292395 0.0029795 0.00338855 0.00326735 0.00361075 0.00355015 0.00410565 0.0042016 0.00449955 0.00488335 0.00544895 0.00594385 0.0065044 0.00677205 0.00768105 0.0080194 0.0088981 0.00987275 0.0101657 0.0118877 0.0126957 0.0136401 0.0148066 1.78873 
3.535e-05 0.0001818 0.0002727 0.00029795 0.00037875 0.0004848 0.00063125 0.0007575 0.0006868 0.00082315 0.00084335 0.0010908 0.00116655 0.0013029 0.00138875 0.00133825 0.0015756 0.00177255 0.00170185 0.00170185 0.0019695 0.0018685 0.00214625 0.00230785 0.0023735 0.0022119 0.0023634 0.0025351 0.00276235 0.00290375 0.0031714 0.003232 0.00340875 0.0035451 0.0033835 0.00360065 0.0039693 0.00388345 0.0043329 0.0046763 0.0052116 0.0050803 0.00617615 0.00631755 0.0066761 0.0077164 0.0075144 0.0085547 0.0093829 0.0103475 1.732 
2.525e-05 0.0001717 0.00022725 0.00029795 0.00040905 0.00053025 0.0005353 0.00058075 0.00081305 0.00076255 0.0008888 0.00104535 0.0010201 0.00113625 0.0013029 0.00132815 0.0015352 0.00156045 0.00149985 0.00170185 0.00188365 0.00182305 0.00208565 0.00190385 0.0021311 0.0023533 0.0021816 0.0022321 0.002525 0.00242905 0.0026866 0.00302495 0.0029997 0.00321685 0.00320675 0.0034441 0.0034239 0.00334815 0.003737 0.00374205 0.0038582 0.0044642 0.0043935 0.0049288 0.00507525 0.00554995 0.0061509 0.00599435 0.0066458 0.0070296 1.66362 
3.535e-05 7.575e-05 0.00016665 0.0003131 0.0003939 0.00046965 0.00046965 0.0006666 0.00078275 0.0007676 0.0008282 0.00097465 0.0009595 0.0010706 0.00121705 0.00133825 0.0012322 0.0014544 0.00148975 0.001515 0.00167155 0.00195435 0.00184325 0.0019291 0.00206545 0.0022624 0.00219675 0.0020806 0.0022018 0.002222 0.0024745 0.0026462 0.002626 0.0026866 0.00297445 0.00295425 0.00320675 0.0030704 0.00326735 0.0033229 0.00331785 0.00354005 0.003939 0.0040602 0.00442885 0.00449955 0.0048177 0.0049894 0.00526715 0.0056055 1.59116 
0 0 0 0 0 0 0 0 0 0 0 0 0 0 0 0 0 0 0 0 0 0 0 0 0 0 0 0 0 0 0 0 0 0 0 0 0 0 0 0 0 0 0 0 0 0 0 0 0 0 0 
