Half rod, albedo problem, Anisotropic scattering, exponential random flight, mu_t: 3 g: -0.1
Analogmu_t c: 0.3 maxx: 10 dx: 0.19802 numsamples: 10000000 numCollisionOrders: 20 numMoments: 10
total albedo: 0.0962906
per-collision order albedos: 
0 0.0825351 0.0111167 0.0020896 0.0004255 9.41e-05 2.21e-05 5.6e-06 1.4e-06 4e-07 1e-07 0 0 0 0 0 0 0 0 0 
Collision density L:
0.227001 0.137012 0.0824079 0.0498299 0.0300854 0.0181189 0.0109873 0.00669176 0.00400566 0.00247652 0.00152207 0.0008383 0.000538835 0.000333805 0.000193415 0.00011615 6.6155e-05 5.05e-05 2.1715e-05 1.7675e-05 7.575e-06 2.525e-06 3.535e-06 4.545e-06 5.05e-07 2.525e-06 1.515e-06 0 0 5.05e-07 0 0 0 0 0 0 0 0 0 0 0 0 0 0 0 0 0 0 0 0 0 
Collision density R:
2.3554 1.42299 0.858368 0.519486 0.313645 0.188694 0.114135 0.069034 0.041509 0.0252288 0.0152126 0.00909152 0.0054944 0.00332442 0.00205788 0.00120695 0.00075144 0.00045955 0.00028078 0.00017877 0.000101 5.3025e-05 3.131e-05 2.121e-05 1.313e-05 7.575e-06 4.04e-06 3.03e-06 0 1.01e-06 1.01e-06 5.05e-07 5.05e-07 0 0 0 0 0 0 0 0 0 0 0 0 0 0 0 0 0 0 
Density Moments:
1.29092 0.506762 0.397916 0.468798 0.73664 1.44686 3.40721 9.3396 29.1374 101.607 
Per-collision Density Moments:
1 0.333415 0.222273 0.222239 0.296274 0.493468 0.984223 2.27926 5.98307 17.462 
0.217361 0.117358 0.108213 0.138312 0.225003 0.444468 1.03496 2.78252 8.49962 29.0875 
0.0541665 0.0384628 0.0433351 0.0651402 0.121506 0.269963 0.696168 2.04796 6.78915 25.1125 
0.0141237 0.0121094 0.0158452 0.0270701 0.0565723 0.139349 0.394542 1.25952 4.45962 17.2533 
0.003809 0.0037507 0.00547375 0.0102005 0.0227732 0.0586028 0.1691 0.535734 1.83325 6.69046 
0.00105 0.00116109 0.00187788 0.00384027 0.00930865 0.0257131 0.0787623 0.262235 0.93474 3.52526 
0.0002949 0.000358961 0.000625583 0.00135834 0.00345417 0.00991571 0.0313478 0.107165 0.390459 1.49832 
8.18e-05 0.000106863 0.00019665 0.000448499 0.00119445 0.00357889 0.0117602 0.0415853 0.15588 0.611817 
2.15e-05 2.93472e-05 5.89402e-05 0.000149162 0.000439767 0.00144036 0.00508233 0.0189239 0.0733008 0.29242 
6e-06 8.28597e-06 1.62045e-05 3.94183e-05 0.000112537 0.000361529 0.00126476 0.00470199 0.0182528 0.0730674 
1.1e-06 9.98142e-07 1.13689e-06 1.40348e-06 1.80198e-06 2.37202e-06 3.17952e-06 4.32297e-06 5.94668e-06 8.26147e-06 
2e-07 1.13718e-07 9.63968e-08 9.0902e-08 8.75046e-08 8.45455e-08 8.17398e-08 7.90363e-08 7.64237e-08 7.38977e-08 
1e-07 6.4033e-08 4.10022e-08 2.62549e-08 1.68118e-08 1.07651e-08 6.8932e-09 4.41392e-09 2.82636e-09 1.8098e-09 
0 0 0 0 0 0 0 0 0 0 
0 0 0 0 0 0 0 0 0 0 
0 0 0 0 0 0 0 0 0 0 
0 0 0 0 0 0 0 0 0 0 
0 0 0 0 0 0 0 0 0 0 
0 0 0 0 0 0 0 0 0 0 
0 0 0 0 0 0 0 0 0 0 
Per-collision Densities L:
0 0 0 0 0 0 0 0 0 0 0 0 0 0 0 0 0 0 0 0 0 0 0 0 0 0 0 0 0 0 0 0 0 0 0 0 0 0 0 0 0 0 0 0 0 0 0 0 0 0 0 
0.186551 0.103146 0.0567226 0.0313918 0.0173468 0.00945764 0.00526261 0.00292345 0.00161752 0.000911525 0.000536815 0.00025957 0.000146955 8.6355e-05 4.242e-05 2.424e-05 1.01e-05 1.01e-05 3.03e-06 3.03e-06 1.515e-06 0 5.05e-07 5.05e-07 0 0 0 0 0 0 0 0 0 0 0 0 0 0 0 0 0 0 0 0 0 0 0 0 0 0 0 
0.0322443 0.0258348 0.0187875 0.0128588 0.00851228 0.00548834 0.00342592 0.00217453 0.00127614 0.000805475 0.00047369 0.000256035 0.00016867 9.999e-05 6.161e-05 3.636e-05 2.0705e-05 1.515e-05 6.06e-06 4.545e-06 0 1.01e-06 5.05e-07 1.01e-06 0 5.05e-07 1.01e-06 0 0 0 0 0 0 0 0 0 0 0 0 0 0 0 0 0 0 0 0 0 0 0 0 
0.00638522 0.0061504 0.00513585 0.00402586 0.00294314 0.00213817 0.0014847 0.00100748 0.00068882 0.00045753 0.000284315 0.000169175 0.000113625 7.2215e-05 4.343e-05 2.7775e-05 1.6665e-05 8.585e-06 2.525e-06 4.04e-06 2.525e-06 5.05e-07 5.05e-07 1.01e-06 5.05e-07 5.05e-07 5.05e-07 0 0 5.05e-07 0 0 0 0 0 0 0 0 0 0 0 0 0 0 0 0 0 0 0 0 0 
0.00139633 0.00142764 0.00132967 0.00111757 0.000912535 0.000720635 0.000559035 0.00038582 0.000286335 0.00019998 0.000132815 9.393e-05 6.4135e-05 4.2925e-05 2.02e-05 1.3635e-05 9.595e-06 1.0605e-05 6.565e-06 3.03e-06 1.01e-06 1.01e-06 1.515e-06 5.05e-07 0 5.05e-07 0 0 0 0 0 0 0 0 0 0 0 0 0 0 0 0 0 0 0 0 0 0 0 0 0 
0.000318655 0.00035249 0.000316635 0.000312595 0.000273205 0.000221695 0.00018382 0.00013534 9.7465e-05 7.2215e-05 6.06e-05 3.4845e-05 2.323e-05 1.9695e-05 1.2625e-05 9.09e-06 4.04e-06 3.535e-06 2.525e-06 1.515e-06 1.515e-06 0 0 0 0 1.01e-06 0 0 0 0 0 0 0 0 0 0 0 0 0 0 0 0 0 0 0 0 0 0 0 0 0 
8.0295e-05 7.777e-05 8.282e-05 9.494e-05 7.0195e-05 6.464e-05 5.2015e-05 4.3935e-05 2.6765e-05 2.121e-05 2.626e-05 1.515e-05 1.5655e-05 1.0605e-05 8.08e-06 2.525e-06 3.03e-06 2.525e-06 1.01e-06 5.05e-07 5.05e-07 0 0 1.01e-06 0 0 0 0 0 0 0 0 0 0 0 0 0 0 0 0 0 0 0 0 0 0 0 0 0 0 0 
1.8685e-05 1.717e-05 2.424e-05 1.919e-05 2.02e-05 2.02e-05 1.313e-05 1.515e-05 8.585e-06 7.07e-06 7.07e-06 8.08e-06 4.04e-06 1.01e-06 2.525e-06 2.525e-06 1.01e-06 0 0 5.05e-07 0 0 5.05e-07 0 0 0 0 0 0 0 0 0 0 0 0 0 0 0 0 0 0 0 0 0 0 0 0 0 0 0 0 
5.05e-06 4.04e-06 6.06e-06 8.08e-06 6.06e-06 5.05e-06 4.545e-06 3.535e-06 3.535e-06 1.515e-06 5.05e-07 1.515e-06 2.02e-06 5.05e-07 1.515e-06 0 1.01e-06 0 0 5.05e-07 5.05e-07 0 0 5.05e-07 0 0 0 0 0 0 0 0 0 0 0 0 0 0 0 0 0 0 0 0 0 0 0 0 0 0 0 
1.515e-06 1.515e-06 2.02e-06 0 0 1.515e-06 1.515e-06 2.525e-06 5.05e-07 0 0 0 5.05e-07 5.05e-07 1.01e-06 0 0 0 0 0 0 0 0 0 0 0 0 0 0 0 0 0 0 0 0 0 0 0 0 0 0 0 0 0 0 0 0 0 0 0 0 
5.05e-07 0 5.05e-07 5.05e-07 5.05e-07 1.01e-06 0 0 0 0 0 0 0 0 0 0 0 0 0 0 0 0 0 0 0 0 0 0 0 0 0 0 0 0 0 0 0 0 0 0 0 0 0 0 0 0 0 0 0 0 0 
0 0 0 0 5.05e-07 0 0 0 0 0 0 0 0 0 0 0 0 0 0 0 0 0 0 0 0 0 0 0 0 0 0 0 0 0 0 0 0 0 0 0 0 0 0 0 0 0 0 0 0 0 0 
0 0 0 5.05e-07 0 0 0 0 0 0 0 0 0 0 0 0 0 0 0 0 0 0 0 0 0 0 0 0 0 0 0 0 0 0 0 0 0 0 0 0 0 0 0 0 0 0 0 0 0 0 0 
0 0 0 0 0 0 0 0 0 0 0 0 0 0 0 0 0 0 0 0 0 0 0 0 0 0 0 0 0 0 0 0 0 0 0 0 0 0 0 0 0 0 0 0 0 0 0 0 0 0 0 
0 0 0 0 0 0 0 0 0 0 0 0 0 0 0 0 0 0 0 0 0 0 0 0 0 0 0 0 0 0 0 0 0 0 0 0 0 0 0 0 0 0 0 0 0 0 0 0 0 0 0 
0 0 0 0 0 0 0 0 0 0 0 0 0 0 0 0 0 0 0 0 0 0 0 0 0 0 0 0 0 0 0 0 0 0 0 0 0 0 0 0 0 0 0 0 0 0 0 0 0 0 0 
0 0 0 0 0 0 0 0 0 0 0 0 0 0 0 0 0 0 0 0 0 0 0 0 0 0 0 0 0 0 0 0 0 0 0 0 0 0 0 0 0 0 0 0 0 0 0 0 0 0 0 
0 0 0 0 0 0 0 0 0 0 0 0 0 0 0 0 0 0 0 0 0 0 0 0 0 0 0 0 0 0 0 0 0 0 0 0 0 0 0 0 0 0 0 0 0 0 0 0 0 0 0 
0 0 0 0 0 0 0 0 0 0 0 0 0 0 0 0 0 0 0 0 0 0 0 0 0 0 0 0 0 0 0 0 0 0 0 0 0 0 0 0 0 0 0 0 0 0 0 0 0 0 0 
0 0 0 0 0 0 0 0 0 0 0 0 0 0 0 0 0 0 0 0 0 0 0 0 0 0 0 0 0 0 0 0 0 0 0 0 0 0 0 0 0 0 0 0 0 0 0 0 0 0 0 
Per-collision Densities L:
2.2612 1.24909 0.688862 0.381632 0.210512 0.11577 0.0640926 0.0353475 0.0194178 0.0107939 0.00597718 0.00324008 0.00179124 0.00100091 0.00056358 0.00031815 0.000178265 9.595e-05 4.9995e-05 3.535e-05 1.414e-05 8.08e-06 1.515e-06 1.515e-06 1.515e-06 5.05e-07 1.01e-06 0 0 0 0 0 0 0 0 0 0 0 0 0 0 0 0 0 0 0 0 0 0 0 0 
0.0818858 0.145344 0.135368 0.10523 0.0747915 0.0505152 0.0331214 0.0211297 0.0133224 0.00815878 0.0049692 0.00297344 0.0017776 0.0010605 0.000646905 0.00035754 0.00023432 0.00013332 8.585e-05 4.1915e-05 2.9795e-05 1.6665e-05 9.595e-06 3.535e-06 5.05e-06 1.515e-06 1.515e-06 1.01e-06 0 1.01e-06 5.05e-07 0 0 0 0 0 0 0 0 0 0 0 0 0 0 0 0 0 0 0 0 
0.010302 0.0234057 0.0272235 0.0252909 0.021162 0.0162337 0.0119003 0.00847845 0.00570448 0.00405263 0.00258156 0.00168721 0.00111706 0.000694375 0.000455005 0.000263105 0.0001717 0.000102515 5.7065e-05 4.2925e-05 2.5755e-05 1.1615e-05 9.595e-06 5.05e-06 2.525e-06 2.525e-06 1.01e-06 5.05e-07 0 0 0 5.05e-07 5.05e-07 0 0 0 0 0 0 0 0 0 0 0 0 0 0 0 0 0 0 
0.00161802 0.00409959 0.00541714 0.00564944 0.00538583 0.0045647 0.00362186 0.00286588 0.00207959 0.00148672 0.00109131 0.00076558 0.00049894 0.000344915 0.000234825 0.00015251 9.0395e-05 7.6255e-05 3.838e-05 3.0805e-05 1.8685e-05 8.08e-06 6.06e-06 7.07e-06 2.02e-06 2.02e-06 5.05e-07 1.01e-06 0 0 5.05e-07 0 0 0 0 0 0 0 0 0 0 0 0 0 0 0 0 0 0 0 0 
0.000312595 0.00079487 0.0011716 0.00128876 0.00135239 0.00118423 0.0010196 0.000865065 0.000689325 0.000507525 0.00040905 0.00027775 0.00019594 0.000143925 8.6355e-05 6.262e-05 4.646e-05 3.131e-05 3.03e-05 1.313e-05 6.06e-06 3.03e-06 2.02e-06 2.525e-06 5.05e-07 5.05e-07 0 5.05e-07 0 0 0 0 0 0 0 0 0 0 0 0 0 0 0 0 0 0 0 0 0 0 0 
6.6155e-05 0.000195435 0.00024644 0.00030502 0.00032421 0.00030401 0.000271185 0.000251995 0.000214625 0.0001616 0.000121705 0.00010302 7.575e-05 5.9085e-05 4.3935e-05 3.5855e-05 1.6665e-05 1.515e-05 1.2625e-05 9.09e-06 4.04e-06 4.04e-06 5.05e-07 1.515e-06 0 5.05e-07 0 0 0 0 0 0 0 0 0 0 0 0 0 0 0 0 0 0 0 0 0 0 0 0 0 
1.1615e-05 4.2925e-05 6.262e-05 6.161e-05 9.2415e-05 8.8375e-05 8.181e-05 6.363e-05 6.1105e-05 4.8985e-05 4.545e-05 3.333e-05 2.6765e-05 1.414e-05 1.5655e-05 1.313e-05 9.09e-06 2.525e-06 4.04e-06 4.545e-06 2.02e-06 5.05e-07 5.05e-07 0 1.01e-06 0 0 0 0 0 0 0 0 0 0 0 0 0 0 0 0 0 0 0 0 0 0 0 0 0 0 
3.535e-06 9.595e-06 1.212e-05 2.121e-05 1.8685e-05 2.7775e-05 2.222e-05 2.424e-05 1.2625e-05 1.414e-05 1.2625e-05 9.595e-06 7.575e-06 4.04e-06 8.585e-06 3.535e-06 4.545e-06 1.515e-06 1.01e-06 1.01e-06 0 5.05e-07 1.01e-06 0 5.05e-07 0 0 0 0 0 0 0 0 0 0 0 0 0 0 0 0 0 0 0 0 0 0 0 0 0 0 
1.515e-06 2.525e-06 3.03e-06 5.05e-06 5.05e-06 4.545e-06 2.02e-06 5.05e-06 5.05e-06 3.03e-06 3.535e-06 1.01e-06 3.535e-06 1.515e-06 2.525e-06 5.05e-07 0 1.01e-06 1.01e-06 0 5.05e-07 0 5.05e-07 0 0 0 0 0 0 0 0 0 0 0 0 0 0 0 0 0 0 0 0 0 0 0 0 0 0 0 0 
5.05e-07 0 1.01e-06 2.525e-06 1.515e-06 2.02e-06 5.05e-07 1.515e-06 2.02e-06 1.515e-06 1.01e-06 5.05e-07 0 1.01e-06 5.05e-07 0 0 0 5.05e-07 0 0 5.05e-07 0 0 0 0 0 0 0 0 0 0 0 0 0 0 0 0 0 0 0 0 0 0 0 0 0 0 0 0 0 
5.05e-07 0 0 0 0 0 1.01e-06 1.01e-06 0 0 0 0 0 0 0 0 0 0 0 0 0 0 0 0 0 0 0 0 0 0 0 0 0 0 0 0 0 0 0 0 0 0 0 0 0 0 0 0 0 0 0 
5.05e-07 0 0 0 0 0 0 0 0 0 0 0 0 0 0 0 0 0 0 0 0 0 0 0 0 0 0 0 0 0 0 0 0 0 0 0 0 0 0 0 0 0 0 0 0 0 0 0 0 0 0 
0 0 0 0 0 0 0 0 0 0 0 0 0 0 0 0 0 0 0 0 0 0 0 0 0 0 0 0 0 0 0 0 0 0 0 0 0 0 0 0 0 0 0 0 0 0 0 0 0 0 0 
0 0 0 0 0 0 0 0 0 0 0 0 0 0 0 0 0 0 0 0 0 0 0 0 0 0 0 0 0 0 0 0 0 0 0 0 0 0 0 0 0 0 0 0 0 0 0 0 0 0 0 
0 0 0 0 0 0 0 0 0 0 0 0 0 0 0 0 0 0 0 0 0 0 0 0 0 0 0 0 0 0 0 0 0 0 0 0 0 0 0 0 0 0 0 0 0 0 0 0 0 0 0 
0 0 0 0 0 0 0 0 0 0 0 0 0 0 0 0 0 0 0 0 0 0 0 0 0 0 0 0 0 0 0 0 0 0 0 0 0 0 0 0 0 0 0 0 0 0 0 0 0 0 0 
0 0 0 0 0 0 0 0 0 0 0 0 0 0 0 0 0 0 0 0 0 0 0 0 0 0 0 0 0 0 0 0 0 0 0 0 0 0 0 0 0 0 0 0 0 0 0 0 0 0 0 
0 0 0 0 0 0 0 0 0 0 0 0 0 0 0 0 0 0 0 0 0 0 0 0 0 0 0 0 0 0 0 0 0 0 0 0 0 0 0 0 0 0 0 0 0 0 0 0 0 0 0 
0 0 0 0 0 0 0 0 0 0 0 0 0 0 0 0 0 0 0 0 0 0 0 0 0 0 0 0 0 0 0 0 0 0 0 0 0 0 0 0 0 0 0 0 0 0 0 0 0 0 0 
0 0 0 0 0 0 0 0 0 0 0 0 0 0 0 0 0 0 0 0 0 0 0 0 0 0 0 0 0 0 0 0 0 0 0 0 0 0 0 0 0 0 0 0 0 0 0 0 0 0 0 
