Half rod, albedo problem, Anisotropic scattering, exponential random flight, mu_t: 3 g: 0.3
Analogmu_t c: 0.1 maxx: 10 dx: 0.19802 numsamples: 10000000 numCollisionOrders: 20 numMoments: 10
total albedo: 0.0186917
per-collision order albedos: 
0 0.0174774 0.0011294 7.99e-05 4.5e-06 4e-07 1e-07 0 0 0 0 0 0 0 0 0 0 0 0 0 
Collision density L:
0.0432325 0.0248677 0.0144314 0.00817545 0.00469246 0.00262196 0.00149177 0.0008989 0.00052621 0.00027775 0.000155035 9.595e-05 4.8985e-05 3.737e-05 1.8685e-05 8.585e-06 6.565e-06 5.555e-06 2.02e-06 1.01e-06 2.525e-06 5.05e-07 5.05e-07 0 0 0 0 0 0 0 0 0 0 0 0 0 0 0 0 0 0 0 0 0 0 0 0 0 0 0 0 
Collision density R:
2.30404 1.31929 0.758911 0.436249 0.249513 0.143304 0.0825145 0.0470089 0.0271705 0.0157156 0.00888901 0.00513888 0.00292092 0.00168569 0.000960005 0.000588325 0.000324715 0.000183315 0.000108575 5.555e-05 3.535e-05 2.222e-05 1.01e-05 5.555e-06 3.535e-06 1.01e-06 2.02e-06 1.01e-06 5.05e-07 0 0 0 0 0 5.05e-07 5.05e-07 0 0 0 0 0 0 0 0 0 0 0 0 0 0 0 
Density Moments:
1.09035 0.388863 0.277437 0.29701 0.424294 0.759129 1.63766 4.1673 12.3879 42.9559 
Per-collision Density Moments:
1 0.333276 0.222166 0.22212 0.296041 0.492937 0.98351 2.28235 6.02152 17.7371 
0.0825113 0.0491008 0.0471446 0.0616125 0.101603 0.202204 0.471287 1.25781 3.77307 12.5114 
0.0071202 0.00577057 0.00707511 0.0113063 0.022162 0.0516418 0.141048 0.450296 1.68145 7.29688 
0.0006528 0.000645387 0.000937442 0.00174134 0.00395461 0.0109555 0.0378403 0.164631 0.871889 5.27276 
5.74e-05 6.33524e-05 0.0001012 0.000200593 0.00046454 0.00121489 0.00350448 0.0109466 0.036462 0.127838 
4.9e-06 5.60094e-06 9.45238e-06 1.96876e-05 4.5854e-05 0.000113935 0.000295092 0.000786603 0.00214131 0.00592262 
8e-07 1.33466e-06 2.96459e-06 7.40522e-06 1.95516e-05 5.34146e-05 0.000149642 0.000427732 0.00124301 0.00366225 
2e-07 3.0665e-07 6.38756e-07 1.49634e-06 3.62533e-06 8.86068e-06 2.17046e-05 5.31957e-05 0.000130396 0.000319643 
0 0 0 0 0 0 0 0 0 0 
0 0 0 0 0 0 0 0 0 0 
0 0 0 0 0 0 0 0 0 0 
0 0 0 0 0 0 0 0 0 0 
0 0 0 0 0 0 0 0 0 0 
0 0 0 0 0 0 0 0 0 0 
0 0 0 0 0 0 0 0 0 0 
0 0 0 0 0 0 0 0 0 0 
0 0 0 0 0 0 0 0 0 0 
0 0 0 0 0 0 0 0 0 0 
0 0 0 0 0 0 0 0 0 0 
0 0 0 0 0 0 0 0 0 0 
Per-collision Densities L:
0 0 0 0 0 0 0 0 0 0 0 0 0 0 0 0 0 0 0 0 0 0 0 0 0 0 0 0 0 0 0 0 0 0 0 0 0 0 0 0 0 0 0 0 0 0 0 0 0 0 0 
0.0396824 0.0219377 0.0122644 0.0066963 0.00370367 0.00200687 0.00112211 0.00061004 0.000362085 0.00018483 9.797e-05 6.1105e-05 2.4745e-05 2.0705e-05 1.2625e-05 4.545e-06 4.04e-06 2.02e-06 1.515e-06 1.01e-06 1.515e-06 0 0 0 0 0 0 0 0 0 0 0 0 0 0 0 0 0 0 0 0 0 0 0 0 0 0 0 0 0 0 
0.00327745 0.00267802 0.00193314 0.00130442 0.000862035 0.000536815 0.000310575 0.00023331 0.000127765 7.1205e-05 4.747e-05 2.4745e-05 1.8685e-05 1.313e-05 5.05e-06 3.03e-06 2.02e-06 3.03e-06 5.05e-07 0 0 5.05e-07 5.05e-07 0 0 0 0 0 0 0 0 0 0 0 0 0 0 0 0 0 0 0 0 0 0 0 0 0 0 0 0 
0.0002525 0.00022725 0.000214625 0.00015352 0.000117665 6.7165e-05 5.1005e-05 4.4945e-05 3.3835e-05 1.6665e-05 9.09e-06 8.585e-06 4.545e-06 2.02e-06 1.01e-06 1.01e-06 5.05e-07 5.05e-07 0 0 1.01e-06 0 0 0 0 0 0 0 0 0 0 0 0 0 0 0 0 0 0 0 0 0 0 0 0 0 0 0 0 0 0 
1.9695e-05 2.222e-05 1.6665e-05 2.02e-05 9.09e-06 9.09e-06 8.08e-06 9.595e-06 2.02e-06 4.04e-06 5.05e-07 1.01e-06 1.01e-06 1.01e-06 0 0 0 0 0 0 0 0 0 0 0 0 0 0 0 0 0 0 0 0 0 0 0 0 0 0 0 0 0 0 0 0 0 0 0 0 0 
5.05e-07 2.525e-06 2.02e-06 1.01e-06 0 2.02e-06 0 5.05e-07 5.05e-07 1.01e-06 0 0 0 5.05e-07 0 0 0 0 0 0 0 0 0 0 0 0 0 0 0 0 0 0 0 0 0 0 0 0 0 0 0 0 0 0 0 0 0 0 0 0 0 
0 0 5.05e-07 0 0 0 0 5.05e-07 0 0 0 5.05e-07 0 0 0 0 0 0 0 0 0 0 0 0 0 0 0 0 0 0 0 0 0 0 0 0 0 0 0 0 0 0 0 0 0 0 0 0 0 0 0 
0 0 0 0 0 0 0 0 0 0 0 0 0 0 0 0 0 0 0 0 0 0 0 0 0 0 0 0 0 0 0 0 0 0 0 0 0 0 0 0 0 0 0 0 0 0 0 0 0 0 0 
0 0 0 0 0 0 0 0 0 0 0 0 0 0 0 0 0 0 0 0 0 0 0 0 0 0 0 0 0 0 0 0 0 0 0 0 0 0 0 0 0 0 0 0 0 0 0 0 0 0 0 
0 0 0 0 0 0 0 0 0 0 0 0 0 0 0 0 0 0 0 0 0 0 0 0 0 0 0 0 0 0 0 0 0 0 0 0 0 0 0 0 0 0 0 0 0 0 0 0 0 0 0 
0 0 0 0 0 0 0 0 0 0 0 0 0 0 0 0 0 0 0 0 0 0 0 0 0 0 0 0 0 0 0 0 0 0 0 0 0 0 0 0 0 0 0 0 0 0 0 0 0 0 0 
0 0 0 0 0 0 0 0 0 0 0 0 0 0 0 0 0 0 0 0 0 0 0 0 0 0 0 0 0 0 0 0 0 0 0 0 0 0 0 0 0 0 0 0 0 0 0 0 0 0 0 
0 0 0 0 0 0 0 0 0 0 0 0 0 0 0 0 0 0 0 0 0 0 0 0 0 0 0 0 0 0 0 0 0 0 0 0 0 0 0 0 0 0 0 0 0 0 0 0 0 0 0 
0 0 0 0 0 0 0 0 0 0 0 0 0 0 0 0 0 0 0 0 0 0 0 0 0 0 0 0 0 0 0 0 0 0 0 0 0 0 0 0 0 0 0 0 0 0 0 0 0 0 0 
0 0 0 0 0 0 0 0 0 0 0 0 0 0 0 0 0 0 0 0 0 0 0 0 0 0 0 0 0 0 0 0 0 0 0 0 0 0 0 0 0 0 0 0 0 0 0 0 0 0 0 
0 0 0 0 0 0 0 0 0 0 0 0 0 0 0 0 0 0 0 0 0 0 0 0 0 0 0 0 0 0 0 0 0 0 0 0 0 0 0 0 0 0 0 0 0 0 0 0 0 0 0 
0 0 0 0 0 0 0 0 0 0 0 0 0 0 0 0 0 0 0 0 0 0 0 0 0 0 0 0 0 0 0 0 0 0 0 0 0 0 0 0 0 0 0 0 0 0 0 0 0 0 0 
0 0 0 0 0 0 0 0 0 0 0 0 0 0 0 0 0 0 0 0 0 0 0 0 0 0 0 0 0 0 0 0 0 0 0 0 0 0 0 0 0 0 0 0 0 0 0 0 0 0 0 
0 0 0 0 0 0 0 0 0 0 0 0 0 0 0 0 0 0 0 0 0 0 0 0 0 0 0 0 0 0 0 0 0 0 0 0 0 0 0 0 0 0 0 0 0 0 0 0 0 0 0 
0 0 0 0 0 0 0 0 0 0 0 0 0 0 0 0 0 0 0 0 0 0 0 0 0 0 0 0 0 0 0 0 0 0 0 0 0 0 0 0 0 0 0 0 0 0 0 0 0 0 0 
Per-collision Densities L:
2.26349 1.24665 0.68973 0.381356 0.210015 0.115741 0.0641577 0.0351722 0.019595 0.0109166 0.00591709 0.00322645 0.00179225 0.00097566 0.00054843 0.000341885 0.00016766 9.2415e-05 5.353e-05 2.727e-05 1.717e-05 7.07e-06 4.545e-06 2.02e-06 1.01e-06 0 5.05e-07 0 5.05e-07 0 0 0 0 0 0 0 0 0 0 0 0 0 0 0 0 0 0 0 0 0 0 
0.0396289 0.0698056 0.0651945 0.0507242 0.0357363 0.0244955 0.0159696 0.0100944 0.00632008 0.00390012 0.00240532 0.00148975 0.000847895 0.000524695 0.000311585 0.00017069 0.000105545 6.4135e-05 3.9895e-05 1.6665e-05 1.414e-05 1.0605e-05 3.535e-06 1.515e-06 2.525e-06 0 1.01e-06 1.01e-06 0 0 0 0 0 0 0 0 0 0 0 0 0 0 0 0 0 0 0 0 0 0 0 
0.00088173 0.00269418 0.00375114 0.00388345 0.00348198 0.00278407 0.00214171 0.00154833 0.00109282 0.00078073 0.00048985 0.00035956 0.00022725 0.000154025 8.08e-05 5.7065e-05 4.04e-05 2.0705e-05 1.2625e-05 9.09e-06 3.535e-06 3.03e-06 2.02e-06 1.515e-06 0 1.01e-06 5.05e-07 0 0 0 0 0 0 0 5.05e-07 0 0 0 0 0 0 0 0 0 0 0 0 0 0 0 0 
3.6865e-05 0.00013029 0.000221695 0.000266135 0.00026058 0.00026361 0.00022624 0.00017776 0.000147965 0.000108575 6.666e-05 5.555e-05 4.646e-05 2.5755e-05 1.818e-05 1.4645e-05 1.01e-05 5.555e-06 2.02e-06 2.02e-06 5.05e-07 1.01e-06 0 5.05e-07 0 0 0 0 0 0 0 0 0 0 0 5.05e-07 0 0 0 0 0 0 0 0 0 0 0 0 0 0 0 
1.01e-06 1.111e-05 1.111e-05 1.6665e-05 1.717e-05 1.8685e-05 1.8685e-05 1.5655e-05 1.414e-05 9.09e-06 8.08e-06 7.575e-06 5.05e-06 5.05e-06 1.01e-06 2.525e-06 1.01e-06 5.05e-07 5.05e-07 5.05e-07 0 5.05e-07 0 0 0 0 0 0 0 0 0 0 0 0 0 0 0 0 0 0 0 0 0 0 0 0 0 0 0 0 0 
0 1.01e-06 2.02e-06 2.02e-06 2.02e-06 1.01e-06 5.05e-07 5.05e-07 5.05e-07 5.05e-07 1.515e-06 0 1.01e-06 5.05e-07 0 1.01e-06 0 0 0 0 0 0 0 0 0 0 0 0 0 0 0 0 0 0 0 0 0 0 0 0 0 0 0 0 0 0 0 0 0 0 0 
0 0 5.05e-07 0 5.05e-07 0 0 0 0 0 5.05e-07 0 5.05e-07 0 0 5.05e-07 0 0 0 0 0 0 0 0 0 0 0 0 0 0 0 0 0 0 0 0 0 0 0 0 0 0 0 0 0 0 0 0 0 0 0 
0 0 0 5.05e-07 0 0 0 0 0 0 0 0 5.05e-07 0 0 0 0 0 0 0 0 0 0 0 0 0 0 0 0 0 0 0 0 0 0 0 0 0 0 0 0 0 0 0 0 0 0 0 0 0 0 
0 0 0 0 0 0 0 0 0 0 0 0 0 0 0 0 0 0 0 0 0 0 0 0 0 0 0 0 0 0 0 0 0 0 0 0 0 0 0 0 0 0 0 0 0 0 0 0 0 0 0 
0 0 0 0 0 0 0 0 0 0 0 0 0 0 0 0 0 0 0 0 0 0 0 0 0 0 0 0 0 0 0 0 0 0 0 0 0 0 0 0 0 0 0 0 0 0 0 0 0 0 0 
0 0 0 0 0 0 0 0 0 0 0 0 0 0 0 0 0 0 0 0 0 0 0 0 0 0 0 0 0 0 0 0 0 0 0 0 0 0 0 0 0 0 0 0 0 0 0 0 0 0 0 
0 0 0 0 0 0 0 0 0 0 0 0 0 0 0 0 0 0 0 0 0 0 0 0 0 0 0 0 0 0 0 0 0 0 0 0 0 0 0 0 0 0 0 0 0 0 0 0 0 0 0 
0 0 0 0 0 0 0 0 0 0 0 0 0 0 0 0 0 0 0 0 0 0 0 0 0 0 0 0 0 0 0 0 0 0 0 0 0 0 0 0 0 0 0 0 0 0 0 0 0 0 0 
0 0 0 0 0 0 0 0 0 0 0 0 0 0 0 0 0 0 0 0 0 0 0 0 0 0 0 0 0 0 0 0 0 0 0 0 0 0 0 0 0 0 0 0 0 0 0 0 0 0 0 
0 0 0 0 0 0 0 0 0 0 0 0 0 0 0 0 0 0 0 0 0 0 0 0 0 0 0 0 0 0 0 0 0 0 0 0 0 0 0 0 0 0 0 0 0 0 0 0 0 0 0 
0 0 0 0 0 0 0 0 0 0 0 0 0 0 0 0 0 0 0 0 0 0 0 0 0 0 0 0 0 0 0 0 0 0 0 0 0 0 0 0 0 0 0 0 0 0 0 0 0 0 0 
0 0 0 0 0 0 0 0 0 0 0 0 0 0 0 0 0 0 0 0 0 0 0 0 0 0 0 0 0 0 0 0 0 0 0 0 0 0 0 0 0 0 0 0 0 0 0 0 0 0 0 
0 0 0 0 0 0 0 0 0 0 0 0 0 0 0 0 0 0 0 0 0 0 0 0 0 0 0 0 0 0 0 0 0 0 0 0 0 0 0 0 0 0 0 0 0 0 0 0 0 0 0 
0 0 0 0 0 0 0 0 0 0 0 0 0 0 0 0 0 0 0 0 0 0 0 0 0 0 0 0 0 0 0 0 0 0 0 0 0 0 0 0 0 0 0 0 0 0 0 0 0 0 0 
0 0 0 0 0 0 0 0 0 0 0 0 0 0 0 0 0 0 0 0 0 0 0 0 0 0 0 0 0 0 0 0 0 0 0 0 0 0 0 0 0 0 0 0 0 0 0 0 0 0 0 
