Half rod, albedo problem, Anisotropic scattering, exponential random flight, mu_t: 1 g: -0.1
Analogmu_t c: 0.3 maxx: 10 dx: 0.19802 numsamples: 10000000 numCollisionOrders: 20 numMoments: 10
total albedo: 0.0962906
per-collision order albedos: 
0 0.0825351 0.0111167 0.0020896 0.0004255 9.41e-05 2.21e-05 5.6e-06 1.4e-06 4e-07 1e-07 0 0 0 0 0 0 0 0 0 
Collision density L:
0.0887416 0.0751087 0.0631508 0.0536214 0.0451137 0.038277 0.0321882 0.0272033 0.0230164 0.019546 0.0164731 0.0138107 0.0117423 0.00999193 0.00835119 0.00707758 0.00599435 0.00504697 0.004292 0.00366933 0.00302596 0.00261641 0.00221241 0.00186295 0.0015453 0.00134785 0.00111252 0.000981215 0.000817595 0.00067771 0.000580245 0.000504495 0.00043733 0.00031007 0.00028179 0.00024644 0.000213615 0.000190385 0.000134835 0.000133825 0.00010908 9.09e-05 7.8275e-05 7.272e-05 4.242e-05 4.7975e-05 3.232e-05 3.5855e-05 2.6765e-05 1.717e-05 0.00013534 
Collision density R:
0.920201 0.777549 0.657653 0.556513 0.46961 0.396865 0.334628 0.283621 0.240119 0.202792 0.171611 0.145083 0.122588 0.103413 0.0876443 0.0737972 0.0620701 0.052827 0.0446925 0.0378174 0.0316246 0.0268766 0.0228851 0.0192723 0.0160883 0.0138956 0.0115251 0.00983589 0.00838553 0.00700738 0.0059691 0.00497425 0.00426927 0.00356379 0.00299213 0.00253561 0.00213817 0.00188668 0.00146955 0.00128725 0.00109737 0.000939805 0.000808505 0.00066862 0.00058075 0.00047571 0.00040602 0.00032522 0.000284315 0.000251995 0.00137158 
Density Moments:
1.29092 1.52028 3.58125 12.6576 59.6678 351.588 2483.86 20425.7 191170 1.99992e+06 
Per-collision Density Moments:
1 1.00025 2.00045 6.00045 23.9982 119.913 717.499 4984.74 39254.9 343704 
0.217361 0.352073 0.973916 3.73441 18.2252 108.006 754.483 6085.36 55766 572529 
0.0541665 0.115389 0.390016 1.75879 9.84198 65.6011 507.507 4478.89 44543.6 494288 
0.0141237 0.0363281 0.142607 0.730891 4.58236 33.8617 287.621 2754.57 29259.6 339597 
0.003809 0.0112521 0.0492638 0.275413 1.84463 14.2405 123.274 1171.65 12028 131688 
0.00105 0.00348326 0.0169009 0.103687 0.754 6.24828 57.4177 573.509 6132.83 69387.8 
0.0002949 0.00107688 0.00563025 0.0366752 0.279788 2.40952 22.8525 234.37 2561.8 29491.4 
8.18e-05 0.000320588 0.00176985 0.0121095 0.0967501 0.86967 8.57321 90.947 1022.73 12042.4 
2.15e-05 8.80417e-05 0.000530462 0.00402737 0.0356211 0.350007 3.70502 41.3866 480.927 5755.71 
6e-06 2.48579e-05 0.00014584 0.00106429 0.0091155 0.0878517 0.92201 10.2833 119.756 1438.19 
1.1e-06 2.99443e-06 1.0232e-05 3.78939e-05 0.00014596 0.0005764 0.00231787 0.00945433 0.0390161 0.162611 
2e-07 3.41154e-07 8.67571e-07 2.45435e-06 7.08787e-06 2.05446e-05 5.95883e-05 0.000172852 0.000501416 0.00145453 
1e-07 1.92099e-07 3.6902e-07 7.08883e-07 1.36176e-06 2.61592e-06 5.02514e-06 9.65325e-06 1.85438e-05 3.56224e-05 
0 0 0 0 0 0 0 0 0 0 
0 0 0 0 0 0 0 0 0 0 
0 0 0 0 0 0 0 0 0 0 
0 0 0 0 0 0 0 0 0 0 
0 0 0 0 0 0 0 0 0 0 
0 0 0 0 0 0 0 0 0 0 
0 0 0 0 0 0 0 0 0 0 
Per-collision Densities L:
0 0 0 0 0 0 0 0 0 0 0 0 0 0 0 0 0 0 0 0 0 0 0 0 0 0 0 0 0 0 0 0 0 0 0 0 0 0 0 0 0 0 0 0 0 0 0 0 0 0 0 
0.0748627 0.0614146 0.0502733 0.0414595 0.0338173 0.0278694 0.0227614 0.0187108 0.0152505 0.0126179 0.0103449 0.00842896 0.00694577 0.00571862 0.00468236 0.00381225 0.00310727 0.00253813 0.00209828 0.00175589 0.00140845 0.00113373 0.00098071 0.00080901 0.000625695 0.00055247 0.00043935 0.0003636 0.00029997 0.000247955 0.000202505 0.00017978 0.00015453 9.2415e-05 9.4435e-05 7.272e-05 5.8075e-05 4.343e-05 4.545e-05 3.131e-05 3.2825e-05 2.222e-05 1.7675e-05 1.616e-05 8.585e-06 1.0605e-05 7.575e-06 6.06e-06 4.04e-06 2.525e-06 2.222e-05 
0.0111883 0.0109721 0.0100838 0.00940815 0.00859359 0.00783306 0.00696446 0.006211 0.00561207 0.00489648 0.00425715 0.00370519 0.00326028 0.00282396 0.00242804 0.00213716 0.00180386 0.00154732 0.00132361 0.00112009 0.000982225 0.000866075 0.000713565 0.00059489 0.000488335 0.000429755 0.000358045 0.00033128 0.00025654 0.000217655 0.000183315 0.000153015 0.00013736 8.686e-05 9.1405e-05 7.777e-05 6.3125e-05 6.7165e-05 3.838e-05 4.545e-05 2.828e-05 2.626e-05 2.828e-05 2.0705e-05 1.2625e-05 1.5655e-05 1.0605e-05 1.01e-05 9.09e-06 6.565e-06 3.4845e-05 
0.0021003 0.00213211 0.00215282 0.00212151 0.00204727 0.00198162 0.00185537 0.00168367 0.00159681 0.00148218 0.0013433 0.00120039 0.00109939 0.00100748 0.00083628 0.000764065 0.000738815 0.00063529 0.000568125 0.000507525 0.00040905 0.000399455 0.000325725 0.000282295 0.000265125 0.00023129 0.000192405 0.000178265 0.00015958 0.000119685 0.00010908 9.494e-05 8.0295e-05 7.0195e-05 4.949e-05 4.949e-05 4.3935e-05 4.2925e-05 2.6765e-05 2.7775e-05 2.3735e-05 2.0705e-05 1.313e-05 1.7675e-05 1.2625e-05 1.313e-05 6.06e-06 8.585e-06 8.585e-06 2.525e-06 2.727e-05 
0.00046258 0.00045248 0.000481265 0.000481265 0.000504495 0.000441875 0.00046561 0.00044844 0.000415615 0.000388345 0.00038279 0.00034643 0.00030603 0.00031512 0.000291385 0.00025553 0.000243915 0.00022119 0.00020806 0.000195435 0.00015554 0.000142915 0.00012524 0.000117665 0.000114635 8.787e-05 8.383e-05 7.7265e-05 6.5145e-05 5.757e-05 5.252e-05 3.9895e-05 4.04e-05 3.838e-05 2.6765e-05 2.8785e-05 2.525e-05 2.424e-05 1.4645e-05 1.818e-05 1.414e-05 1.0605e-05 8.08e-06 7.07e-06 5.05e-06 3.535e-06 4.04e-06 6.06e-06 3.03e-06 2.525e-06 2.8785e-05 
9.7465e-05 0.000104535 0.000116655 0.00011918 0.000110595 0.000122715 0.00011009 0.000108575 9.797e-05 0.000118675 0.000103525 9.0395e-05 9.797e-05 9.5445e-05 7.979e-05 7.4235e-05 7.5245e-05 7.2215e-05 6.6155e-05 6.868e-05 4.8985e-05 4.848e-05 4.646e-05 4.04e-05 3.333e-05 3.636e-05 2.7775e-05 2.2725e-05 2.626e-05 2.323e-05 1.9695e-05 2.727e-05 1.3635e-05 1.1615e-05 1.4645e-05 8.585e-06 1.2625e-05 7.07e-06 3.535e-06 7.07e-06 5.05e-06 7.575e-06 6.565e-06 5.05e-06 1.01e-06 4.04e-06 1.515e-06 3.535e-06 1.01e-06 1.01e-06 1.212e-05 
2.121e-05 2.5755e-05 3.333e-05 2.525e-05 3.0805e-05 2.1715e-05 2.2725e-05 3.03e-05 2.9795e-05 3.232e-05 3.0805e-05 3.1815e-05 2.222e-05 2.02e-05 2.7775e-05 2.323e-05 1.8685e-05 2.2725e-05 2.0705e-05 1.5655e-05 1.5655e-05 1.616e-05 1.4645e-05 1.313e-05 1.212e-05 6.06e-06 8.585e-06 5.555e-06 8.585e-06 7.07e-06 1.0605e-05 8.08e-06 7.575e-06 8.08e-06 2.02e-06 5.05e-06 6.565e-06 4.04e-06 5.05e-06 3.535e-06 4.545e-06 2.525e-06 3.535e-06 3.535e-06 1.01e-06 1.01e-06 1.01e-06 5.05e-07 1.01e-06 1.01e-06 6.565e-06 
7.07e-06 6.06e-06 5.555e-06 5.05e-06 7.575e-06 4.545e-06 5.555e-06 8.08e-06 1.0605e-05 6.565e-06 6.565e-06 6.06e-06 8.08e-06 8.585e-06 3.535e-06 8.585e-06 5.05e-06 6.565e-06 4.545e-06 4.04e-06 4.545e-06 7.07e-06 4.545e-06 3.535e-06 4.545e-06 2.02e-06 2.02e-06 1.515e-06 1.515e-06 4.04e-06 2.525e-06 1.01e-06 3.535e-06 2.525e-06 2.525e-06 3.03e-06 2.525e-06 5.05e-07 1.01e-06 0 5.05e-07 5.05e-07 5.05e-07 1.01e-06 1.01e-06 0 1.515e-06 1.01e-06 0 1.01e-06 1.01e-06 
1.515e-06 5.05e-07 3.03e-06 1.515e-06 1.515e-06 1.01e-06 1.515e-06 2.02e-06 2.525e-06 3.03e-06 3.535e-06 1.515e-06 2.525e-06 2.02e-06 1.515e-06 1.515e-06 1.01e-06 2.525e-06 2.525e-06 1.01e-06 1.01e-06 2.02e-06 1.01e-06 5.05e-07 1.515e-06 1.515e-06 5.05e-07 1.01e-06 0 5.05e-07 0 5.05e-07 0 0 5.05e-07 1.01e-06 1.01e-06 1.01e-06 0 5.05e-07 0 0 0 1.515e-06 0 0 0 0 0 0 2.525e-06 
5.05e-07 5.05e-07 5.05e-07 0 5.05e-07 1.01e-06 1.01e-06 5.05e-07 5.05e-07 0 0 0 0 0 0 5.05e-07 5.05e-07 5.05e-07 0 1.01e-06 5.05e-07 5.05e-07 5.05e-07 1.515e-06 0 5.05e-07 0 0 0 0 0 0 0 0 0 0 5.05e-07 0 0 0 0 5.05e-07 5.05e-07 0 5.05e-07 0 0 0 0 0 0 
0 0 5.05e-07 0 0 0 5.05e-07 0 0 0 5.05e-07 0 0 5.05e-07 0 5.05e-07 0 5.05e-07 0 0 0 0 0 0 0 0 0 0 0 0 0 0 0 0 0 0 0 0 0 0 0 0 0 0 0 0 0 0 0 0 0 
0 0 0 0 0 0 0 0 0 0 0 0 0 0 5.05e-07 0 0 0 0 0 0 0 0 0 0 0 0 0 0 0 0 0 0 0 0 0 0 0 0 0 0 0 0 0 0 0 0 0 0 0 0 
0 0 0 0 0 0 0 0 0 5.05e-07 0 0 0 0 0 0 0 0 0 0 0 0 0 0 0 0 0 0 0 0 0 0 0 0 0 0 0 0 0 0 0 0 0 0 0 0 0 0 0 0 0 
0 0 0 0 0 0 0 0 0 0 0 0 0 0 0 0 0 0 0 0 0 0 0 0 0 0 0 0 0 0 0 0 0 0 0 0 0 0 0 0 0 0 0 0 0 0 0 0 0 0 0 
0 0 0 0 0 0 0 0 0 0 0 0 0 0 0 0 0 0 0 0 0 0 0 0 0 0 0 0 0 0 0 0 0 0 0 0 0 0 0 0 0 0 0 0 0 0 0 0 0 0 0 
0 0 0 0 0 0 0 0 0 0 0 0 0 0 0 0 0 0 0 0 0 0 0 0 0 0 0 0 0 0 0 0 0 0 0 0 0 0 0 0 0 0 0 0 0 0 0 0 0 0 0 
0 0 0 0 0 0 0 0 0 0 0 0 0 0 0 0 0 0 0 0 0 0 0 0 0 0 0 0 0 0 0 0 0 0 0 0 0 0 0 0 0 0 0 0 0 0 0 0 0 0 0 
0 0 0 0 0 0 0 0 0 0 0 0 0 0 0 0 0 0 0 0 0 0 0 0 0 0 0 0 0 0 0 0 0 0 0 0 0 0 0 0 0 0 0 0 0 0 0 0 0 0 0 
0 0 0 0 0 0 0 0 0 0 0 0 0 0 0 0 0 0 0 0 0 0 0 0 0 0 0 0 0 0 0 0 0 0 0 0 0 0 0 0 0 0 0 0 0 0 0 0 0 0 0 
0 0 0 0 0 0 0 0 0 0 0 0 0 0 0 0 0 0 0 0 0 0 0 0 0 0 0 0 0 0 0 0 0 0 0 0 0 0 0 0 0 0 0 0 0 0 0 0 0 0 0 
Per-collision Densities L:
0.906993 0.743718 0.61049 0.501422 0.410795 0.336875 0.275649 0.226849 0.186365 0.15289 0.125732 0.10301 0.0844552 0.0691067 0.0569499 0.0464469 0.0380391 0.0312837 0.0257383 0.0211171 0.0172372 0.0142046 0.011667 0.00947582 0.00771034 0.006464 0.00524342 0.00432987 0.00358803 0.00287598 0.0023932 0.00193819 0.0016458 0.00128725 0.00109787 0.000854965 0.00071508 0.00059489 0.000481265 0.000396425 0.000327745 0.00027674 0.00022725 0.00018887 0.00014746 0.00012726 0.00010706 8.383e-05 6.868e-05 6.666e-05 0.0002525 
0.0117054 0.0294849 0.0406954 0.0468125 0.0491643 0.0493673 0.047772 0.0453576 0.0422382 0.0386608 0.0349682 0.0316009 0.0280896 0.0247662 0.0219357 0.0192445 0.0166307 0.01464 0.0127543 0.0110464 0.00932079 0.00808606 0.00706697 0.00597668 0.00508636 0.00446622 0.00376983 0.00315221 0.00270074 0.00230583 0.00195233 0.0016256 0.00139128 0.00118019 0.000976165 0.00081709 0.00070498 0.000633775 0.000438845 0.000400465 0.00034946 0.000310575 0.000260075 0.000202505 0.000184325 0.00013433 0.00012221 0.000101 9.0395e-05 6.9185e-05 0.00040602 
0.00128573 0.00363752 0.00537876 0.00691093 0.00790073 0.00859409 0.00899961 0.00914252 0.00908142 0.00877084 0.00847037 0.0080497 0.00758258 0.00714575 0.0064337 0.00590598 0.00535553 0.00497223 0.00441118 0.00396072 0.00352844 0.00314817 0.00280023 0.00253005 0.00218867 0.00192203 0.00159378 0.00152662 0.00134078 0.00118524 0.00099586 0.00084638 0.00073932 0.000654985 0.000543885 0.000488335 0.000428745 0.00037269 0.000315625 0.0002727 0.000230785 0.00019089 0.00016665 0.00014948 0.000138875 9.898e-05 9.393e-05 7.0195e-05 6.06e-05 5.5045e-05 0.00031815 
0.000169175 0.00058075 0.000868095 0.00108474 0.00140289 0.00161196 0.00174326 0.0017877 0.00188618 0.00193011 0.00185083 0.0018685 0.0018579 0.00180285 0.00172508 0.00164277 0.00150389 0.00141804 0.00130997 0.00120594 0.00110595 0.00101707 0.000963035 0.00088577 0.00075952 0.00069892 0.00062115 0.000568125 0.0004949 0.000423695 0.00041612 0.000362085 0.0003131 0.000284315 0.00023634 0.000244925 0.000178265 0.000174225 0.00014645 0.00013534 0.000114635 9.494e-05 9.191e-05 8.181e-05 6.1105e-05 6.2115e-05 5.05e-05 3.9895e-05 3.4845e-05 3.0805e-05 0.00021614 
3.838e-05 0.000101 0.000173215 0.00021109 0.00026058 0.0003232 0.00035855 0.0003737 0.00043935 0.000419655 0.00044844 0.000420665 0.000459045 0.00043531 0.000458035 0.000413595 0.000389355 0.000381275 0.000351985 0.00035148 0.00031613 0.000300475 0.000283305 0.000281285 0.00023432 0.00023735 0.000217655 0.00017776 0.000175235 0.00015453 0.000141905 0.00013837 0.000128775 0.00010504 9.1405e-05 8.1305e-05 6.5145e-05 7.474e-05 5.6055e-05 5.6055e-05 4.545e-05 4.242e-05 2.9795e-05 2.828e-05 2.828e-05 2.525e-05 1.7675e-05 1.9695e-05 1.6665e-05 1.6665e-05 0.00010302 
7.07e-06 2.121e-05 3.7875e-05 5.555e-05 6.767e-05 7.2215e-05 8.08e-05 8.1305e-05 8.4335e-05 9.0395e-05 0.00010706 0.000107565 0.000104535 0.00011615 0.000103525 0.00010302 0.000107565 9.3425e-05 9.0395e-05 9.9485e-05 8.1305e-05 8.888e-05 7.6255e-05 8.686e-05 7.777e-05 7.878e-05 5.8075e-05 5.656e-05 6.464e-05 4.04e-05 4.8985e-05 3.9895e-05 3.2825e-05 3.5855e-05 2.7775e-05 3.939e-05 2.8785e-05 2.5755e-05 2.121e-05 1.8685e-05 2.323e-05 1.717e-05 2.0705e-05 1.0605e-05 1.2625e-05 1.818e-05 1.111e-05 6.565e-06 7.07e-06 8.585e-06 4.848e-05 
2.02e-06 4.545e-06 5.05e-06 1.3635e-05 1.4645e-05 1.4645e-05 1.9695e-05 2.2725e-05 2.02e-05 2.0705e-05 2.1715e-05 1.919e-05 3.0805e-05 2.9795e-05 3.1815e-05 3.1815e-05 3.03e-05 2.626e-05 2.828e-05 2.525e-05 2.828e-05 1.9695e-05 1.919e-05 2.4745e-05 2.4745e-05 2.121e-05 1.515e-05 1.717e-05 1.5655e-05 1.616e-05 1.6665e-05 1.5655e-05 1.313e-05 1.1615e-05 1.3635e-05 8.08e-06 1.3635e-05 7.575e-06 5.555e-06 5.05e-06 4.04e-06 5.05e-06 8.08e-06 3.535e-06 4.04e-06 6.06e-06 3.535e-06 3.535e-06 5.05e-06 2.525e-06 1.6665e-05 
0 5.05e-07 3.03e-06 2.02e-06 2.525e-06 5.05e-06 3.535e-06 4.04e-06 4.545e-06 6.06e-06 1.01e-05 5.05e-06 7.07e-06 7.575e-06 4.04e-06 7.07e-06 1.212e-05 8.585e-06 7.575e-06 9.09e-06 5.555e-06 9.09e-06 6.565e-06 8.585e-06 4.04e-06 4.545e-06 4.04e-06 5.555e-06 4.04e-06 4.545e-06 3.535e-06 6.06e-06 3.03e-06 4.545e-06 3.535e-06 1.515e-06 2.525e-06 2.525e-06 2.525e-06 5.05e-07 2.02e-06 1.515e-06 3.03e-06 3.03e-06 2.525e-06 3.03e-06 0 5.05e-07 1.01e-06 2.525e-06 6.565e-06 
5.05e-07 0 1.01e-06 0 1.01e-06 1.515e-06 1.515e-06 1.515e-06 0 2.02e-06 1.515e-06 1.515e-06 1.01e-06 3.03e-06 1.01e-06 1.01e-06 1.01e-06 2.525e-06 5.05e-07 5.05e-07 1.01e-06 1.01e-06 2.02e-06 2.02e-06 1.01e-06 2.02e-06 2.02e-06 2.02e-06 5.05e-07 5.05e-07 0 2.02e-06 1.515e-06 0 1.01e-06 0 1.01e-06 5.05e-07 2.02e-06 1.01e-06 0 5.05e-07 1.01e-06 5.05e-07 1.01e-06 5.05e-07 0 0 0 0 3.03e-06 
0 5.05e-07 0 0 0 0 0 1.01e-06 0 1.515e-06 5.05e-07 5.05e-07 0 0 1.515e-06 5.05e-07 5.05e-07 1.01e-06 0 5.05e-07 0 1.01e-06 0 5.05e-07 1.515e-06 5.05e-07 0 0 1.01e-06 5.05e-07 5.05e-07 0 5.05e-07 0 5.05e-07 0 0 0 0 1.01e-06 0 0 0 0 5.05e-07 0 0 0 0 0 1.01e-06 
0 0 5.05e-07 0 0 0 0 0 0 0 0 0 0 0 0 0 0 0 0 1.01e-06 0 5.05e-07 5.05e-07 0 0 0 0 0 0 0 0 0 0 0 0 0 0 0 0 0 0 0 0 0 0 0 0 0 0 0 0 
0 0 5.05e-07 0 0 0 0 0 0 0 0 0 0 0 0 0 0 0 0 0 0 0 0 0 0 0 0 0 0 0 0 0 0 0 0 0 0 0 0 0 0 0 0 0 0 0 0 0 0 0 0 
0 0 0 0 0 0 0 0 0 0 0 0 0 0 0 0 0 0 0 0 0 0 0 0 0 0 0 0 0 0 0 0 0 0 0 0 0 0 0 0 0 0 0 0 0 0 0 0 0 0 0 
0 0 0 0 0 0 0 0 0 0 0 0 0 0 0 0 0 0 0 0 0 0 0 0 0 0 0 0 0 0 0 0 0 0 0 0 0 0 0 0 0 0 0 0 0 0 0 0 0 0 0 
0 0 0 0 0 0 0 0 0 0 0 0 0 0 0 0 0 0 0 0 0 0 0 0 0 0 0 0 0 0 0 0 0 0 0 0 0 0 0 0 0 0 0 0 0 0 0 0 0 0 0 
0 0 0 0 0 0 0 0 0 0 0 0 0 0 0 0 0 0 0 0 0 0 0 0 0 0 0 0 0 0 0 0 0 0 0 0 0 0 0 0 0 0 0 0 0 0 0 0 0 0 0 
0 0 0 0 0 0 0 0 0 0 0 0 0 0 0 0 0 0 0 0 0 0 0 0 0 0 0 0 0 0 0 0 0 0 0 0 0 0 0 0 0 0 0 0 0 0 0 0 0 0 0 
0 0 0 0 0 0 0 0 0 0 0 0 0 0 0 0 0 0 0 0 0 0 0 0 0 0 0 0 0 0 0 0 0 0 0 0 0 0 0 0 0 0 0 0 0 0 0 0 0 0 0 
0 0 0 0 0 0 0 0 0 0 0 0 0 0 0 0 0 0 0 0 0 0 0 0 0 0 0 0 0 0 0 0 0 0 0 0 0 0 0 0 0 0 0 0 0 0 0 0 0 0 0 
0 0 0 0 0 0 0 0 0 0 0 0 0 0 0 0 0 0 0 0 0 0 0 0 0 0 0 0 0 0 0 0 0 0 0 0 0 0 0 0 0 0 0 0 0 0 0 0 0 0 0 
