Half rod, albedo problem, Anisotropic scattering, exponential random flight, mu_t: 1 g: -0.3
Analogmu_t c: 0.9 maxx: 10 dx: 0.19802 numsamples: 10000000 numCollisionOrders: 20 numMoments: 10
total albedo: 0.561737
per-collision order albedos: 
0 0.292526 0.0920765 0.0541005 0.0327727 0.0220147 0.0154847 0.0112877 0.0084283 0.0064468 0.0050097 0.0039347 0.0031067 0.0024762 0.0020309 0.0016548 0.0013583 0.0011165 0.0009049 0.0007508 
Collision density L:
0.542119 0.505067 0.471986 0.439504 0.408918 0.380551 0.355455 0.331504 0.308468 0.287357 0.268659 0.249596 0.232711 0.216581 0.201717 0.188157 0.175523 0.163568 0.152072 0.141589 0.131992 0.123086 0.114717 0.106863 0.0994002 0.0926468 0.08641 0.0805813 0.075092 0.0701743 0.0653465 0.0608131 0.0568494 0.0530119 0.0493521 0.0458752 0.0427644 0.0399233 0.0369392 0.0344678 0.0320024 0.0299687 0.0279053 0.0261146 0.0243476 0.0226154 0.020955 0.0195354 0.0184754 0.0169857 0.233684 
Collision density R:
0.965942 0.900981 0.838568 0.781178 0.729146 0.67732 0.632151 0.588968 0.549334 0.512106 0.477105 0.444608 0.413864 0.385529 0.359825 0.334823 0.311831 0.290882 0.270667 0.253054 0.234921 0.219203 0.204487 0.189867 0.177501 0.16492 0.15403 0.143488 0.134219 0.124532 0.116297 0.1082 0.101019 0.0942476 0.0876422 0.0815368 0.0763116 0.0710252 0.0660878 0.0615413 0.0574448 0.0534088 0.0497556 0.0461318 0.0432522 0.0402036 0.0376437 0.0348995 0.0326897 0.0305227 0.414968 
Density Moments:
4.38215 12.2906 68.9337 579.488 6482.92 90336.5 1.50168e+06 2.88589e+07 6.25446e+08 1.49733e+10 
Per-collision Density Moments:
1 0.999736 1.99946 6.00021 24.0308 120.537 727.791 5149.06 41851.2 384628 
0.60757 0.922279 2.47339 9.30794 44.8058 262.136 1803.97 14273.2 127613 1.2709e+06 
0.454714 0.916465 2.95623 12.8424 69.6663 451.407 3390.64 28887.8 274560 2.87255e+06 
0.355153 0.855532 3.17406 15.4936 92.962 658.826 5369.66 49369 504577 5.66602e+06 
0.286935 0.794751 3.29286 17.6594 115.128 879.476 7679.59 75267.7 816263 9.67998e+06 
0.236214 0.730995 3.32005 19.2817 134.851 1096.08 10105.6 103791 1.17074e+06 1.43365e+07 
0.197039 0.669051 3.28483 20.4355 152.112 1309.57 12741.7 137701 1.6303e+06 2.09037e+07 
0.166064 0.610327 3.20851 21.2306 167.285 1519.63 15574 177259 2.21388e+06 3.00517e+07 
0.141 0.555373 3.10079 21.6594 179.285 1703.84 18199.8 215109 2.77867e+06 3.88249e+07 
0.120453 0.504455 2.97239 21.8136 189.095 1877.52 20920 257783 3.47453e+06 5.07877e+07 
0.103408 0.457684 2.83321 21.7715 197.14 2040.43 23653.7 302660 4.22781e+06 6.3928e+07 
0.0891572 0.41496 2.68604 21.509 202.401 2172.01 26054.3 344403 4.96454e+06 7.74465e+07 
0.0771005 0.37551 2.53157 21.0482 205.114 2274.18 28129.3 382805 5.67446e+06 9.09494e+07 
0.066898 0.339646 2.37831 20.4904 206.544 2365.53 30194.4 423775 6.47568e+06 1.06941e+08 
0.0581834 0.30716 2.22957 19.8651 206.737 2442.08 32139.7 465305 7.34465e+06 1.25583e+08 
0.050738 0.277854 2.08636 19.2046 206.253 2511.7 34044.7 507117 8.22687e+06 1.44387e+08 
0.0442679 0.250961 1.94542 18.4623 204.265 2561.13 35725.2 547394 9.13085e+06 1.6472e+08 
0.038692 0.226775 1.81303 17.7168 201.54 2594.39 37101.7 582102 9.93536e+06 1.83468e+08 
0.0338905 0.20468 1.68207 16.8647 196.516 2587.47 37799 605136 1.05292e+07 1.98043e+08 
0 0 0 0 0 0 0 0 0 0 
Per-collision Densities L:
0 0 0 0 0 0 0 0 0 0 0 0 0 0 0 0 0 0 0 0 0 0 0 0 0 0 0 0 0 0 0 0 0 0 0 0 0 0 0 0 0 0 0 0 0 0 0 0 0 0 0 
0.265393 0.217328 0.179097 0.146398 0.120021 0.0985164 0.0808641 0.0664939 0.0543769 0.0446294 0.0368867 0.0299026 0.0249955 0.0201808 0.0166564 0.0135082 0.0111918 0.00919454 0.00746037 0.00616151 0.00498536 0.00409404 0.00338199 0.00277902 0.0022826 0.00190133 0.00155288 0.00130492 0.00104131 0.000856985 0.00067165 0.000545905 0.00047773 0.00038582 0.000308555 0.00025957 0.00020099 0.00017372 0.000145945 0.0001212 0.00010807 7.1205e-05 6.363e-05 5.252e-05 4.646e-05 3.535e-05 3.3835e-05 2.727e-05 2.4745e-05 1.919e-05 6.9185e-05 
0.0914328 0.0886502 0.0841396 0.078372 0.0714216 0.0645289 0.0580694 0.0520887 0.0461489 0.0403833 0.0352743 0.0311272 0.0266231 0.0233956 0.0201914 0.0175397 0.0150167 0.0128654 0.0110226 0.00933089 0.00796032 0.00678973 0.00577518 0.00493587 0.00420615 0.00353551 0.00301536 0.00257904 0.00217605 0.00186244 0.00153066 0.00122715 0.00109989 0.00090092 0.000794365 0.00067165 0.00054136 0.000476215 0.000384305 0.000322695 0.000299465 0.00021513 0.00019594 0.000164125 0.00013231 0.000117665 9.3425e-05 8.7365e-05 5.656e-05 5.7065e-05 0.000304515 
0.0561222 0.0585154 0.0586275 0.0578255 0.0557151 0.053026 0.0498243 0.0460479 0.0422271 0.0386613 0.0353798 0.0320488 0.0283391 0.0254818 0.0227179 0.0200672 0.0179129 0.0157959 0.0137148 0.0121256 0.0105868 0.00927433 0.00808202 0.0070796 0.00605798 0.00528382 0.00455611 0.00396577 0.00347087 0.00298001 0.0025351 0.00214726 0.00187557 0.00162105 0.0013938 0.00118069 0.0010201 0.00089991 0.000724675 0.000610545 0.000513585 0.000445915 0.0003838 0.000335825 0.000279265 0.000237855 0.000216645 0.000152005 0.00015453 0.00011413 0.0006666 
0.0340991 0.0362433 0.0378801 0.0382957 0.0383714 0.0375639 0.0366004 0.035094 0.0334143 0.03151 0.0294173 0.0273897 0.0253838 0.023133 0.0211681 0.0193688 0.0175897 0.0158615 0.0144763 0.0127745 0.0114216 0.0103166 0.00902536 0.00821635 0.00714171 0.00633068 0.00560197 0.00492072 0.00442128 0.00385265 0.00332593 0.0029391 0.00257752 0.00221039 0.00195991 0.00173417 0.00144935 0.00127159 0.0011312 0.000953945 0.0008282 0.00073427 0.000584285 0.000546915 0.00047874 0.00039592 0.000334815 0.00032219 0.00025856 0.00022119 0.00128876 
0.0231017 0.0250389 0.0264913 0.0274563 0.0276937 0.0278992 0.0277437 0.027216 0.0264176 0.025347 0.0244395 0.0228472 0.0217332 0.0204086 0.0190294 0.0177649 0.0163403 0.0151854 0.0137784 0.0126104 0.0115953 0.0104363 0.009595 0.00851481 0.007625 0.00699829 0.00627463 0.00559439 0.00498789 0.00438946 0.00386426 0.00353197 0.00308909 0.0027775 0.00239219 0.00219322 0.00187759 0.00172205 0.00144582 0.00123826 0.00112565 0.00096758 0.000816585 0.0007474 0.00067064 0.000568125 0.000477225 0.000438845 0.000365115 0.00031007 0.0021104 
0.0163797 0.0178437 0.0188102 0.019748 0.0203333 0.0205323 0.020904 0.020957 0.0205924 0.0199904 0.0195915 0.0187865 0.0181512 0.0172771 0.0164206 0.0155 0.0145066 0.0135436 0.0128507 0.0117519 0.010908 0.0100379 0.00923494 0.00839411 0.00779316 0.00711747 0.00638169 0.00581205 0.00535199 0.0047869 0.00428796 0.00395769 0.00346683 0.00308707 0.0027871 0.00243814 0.0022619 0.00196092 0.0017064 0.00156348 0.00136956 0.00116605 0.00110242 0.000931725 0.000868095 0.00073528 0.00062418 0.00055045 0.00052015 0.000429755 0.0030901 
0.0118832 0.0128548 0.0139557 0.0148263 0.0153404 0.0156979 0.0160459 0.0163135 0.0160797 0.0159378 0.0158277 0.0153884 0.0150318 0.0144334 0.0138774 0.0132108 0.012575 0.0120013 0.0113256 0.0106611 0.00988588 0.00923847 0.00865318 0.00797345 0.00739371 0.00683215 0.00626251 0.00570398 0.00525049 0.00485911 0.00443794 0.00396122 0.0036355 0.00334613 0.00302344 0.00270327 0.00245784 0.00220938 0.00195031 0.00178114 0.00158116 0.00140542 0.0012524 0.00111353 0.000992325 0.00087668 0.00078477 0.00069993 0.000617615 0.000563075 0.00399455 
0.00889305 0.00980963 0.0106232 0.0111519 0.011611 0.0120877 0.0124422 0.012576 0.012625 0.0127805 0.0126467 0.0124786 0.0122306 0.0119801 0.0115978 0.0112721 0.0108949 0.0103156 0.00975711 0.00936472 0.00893042 0.00839664 0.00781538 0.00728917 0.00685437 0.00636048 0.00594032 0.00553278 0.0051 0.00473337 0.00444451 0.00393092 0.003737 0.0033532 0.00303303 0.00283305 0.00257298 0.00232805 0.00205586 0.00187204 0.00171953 0.00153318 0.00142158 0.00121756 0.00111555 0.00102263 0.000904455 0.000798405 0.00076154 0.000650945 0.00513333 
0.00672004 0.00750784 0.0082113 0.00855824 0.00910263 0.0094632 0.00969045 0.00979902 0.0102076 0.0101409 0.0102101 0.0101359 0.0100828 0.0097566 0.00963641 0.00940866 0.00908546 0.00880367 0.00838401 0.00826534 0.00769923 0.00723716 0.00702455 0.00660237 0.0062615 0.00596557 0.00565903 0.0052015 0.00482326 0.00450157 0.00418898 0.00390264 0.0036658 0.00327089 0.00311838 0.00271236 0.00260277 0.00236795 0.00220231 0.00205485 0.00178871 0.00167105 0.00145339 0.0013529 0.00119837 0.00110141 0.00096354 0.000900415 0.000827695 0.0007272 0.00598728 
0.00529998 0.00585194 0.00628927 0.00668115 0.00710687 0.00742249 0.00764065 0.00794517 0.00804162 0.00821029 0.00829766 0.00819615 0.00825625 0.00824261 0.00800274 0.00782548 0.00773408 0.00754218 0.0072917 0.00696143 0.00675741 0.00645239 0.00623625 0.00596658 0.0055651 0.00530705 0.00498334 0.00470307 0.00436118 0.00416019 0.0039087 0.00364863 0.00336078 0.0032012 0.00292951 0.00276286 0.0025452 0.00232603 0.00214019 0.00196395 0.00177407 0.00170791 0.00151197 0.00143774 0.0012721 0.0011509 0.00107565 0.00094435 0.000868095 0.000775175 0.00688871 
0.00407535 0.00458591 0.00497678 0.00528432 0.00572872 0.00580548 0.00618272 0.0064236 0.00644885 0.00678316 0.00669327 0.0068069 0.00671903 0.006716 0.00667964 0.00657056 0.00654733 0.006262 0.00618928 0.00598526 0.00579791 0.00568378 0.005403 0.00525604 0.00501263 0.00460611 0.00449753 0.0042819 0.00402839 0.00385517 0.00359611 0.00348349 0.00318807 0.00301738 0.00286739 0.00268761 0.00244774 0.00228412 0.00204576 0.00185234 0.0017675 0.00163923 0.00153217 0.00140996 0.00124937 0.00120695 0.00108424 0.00100142 0.000916575 0.00080598 0.00774216 
0.00330169 0.0035451 0.00395213 0.00427836 0.00456773 0.00477074 0.00498334 0.00519342 0.00530099 0.00539997 0.00558631 0.0055651 0.00558934 0.0055752 0.00563277 0.00549238 0.00548077 0.00537876 0.00520857 0.00517524 0.00501112 0.00487679 0.0047263 0.0045349 0.00441572 0.00424655 0.00397587 0.00385164 0.00368246 0.00347642 0.0033527 0.00311131 0.00292143 0.00273104 0.00267145 0.00244875 0.0023129 0.00207656 0.00198869 0.00183063 0.00171094 0.00157308 0.00150036 0.00140491 0.00126806 0.00117615 0.00109333 0.00100142 0.000916575 0.00083426 0.0083926 
0.00261994 0.0029386 0.00318706 0.0035148 0.00361631 0.00388042 0.00403142 0.0041304 0.00438088 0.00451319 0.00450612 0.00460055 0.00466216 0.00464196 0.0046056 0.00468994 0.00459803 0.00449299 0.00448895 0.00436825 0.00433038 0.00417938 0.00408394 0.00401576 0.0037976 0.00371024 0.00356631 0.00341481 0.00326735 0.00313656 0.00296435 0.00284921 0.0026462 0.00253712 0.00243865 0.00232704 0.00214979 0.00202101 0.00190436 0.00174932 0.00167559 0.00157661 0.00140592 0.0012928 0.00123877 0.00115191 0.00102818 0.000969095 0.000917585 0.000795375 0.00884154 
0.00218867 0.00239522 0.0026255 0.0028578 0.00299617 0.00314363 0.00331482 0.00346885 0.00357237 0.00364812 0.00380871 0.00386578 0.00379912 0.00389911 0.00388901 0.00388901 0.00381477 0.00380417 0.00378548 0.00371428 0.00372236 0.00363196 0.00350167 0.0034138 0.00339007 0.00318554 0.00313908 0.00299213 0.00289315 0.0027068 0.00270882 0.00259116 0.00244723 0.0023634 0.00212504 0.00204424 0.0019589 0.00182558 0.00174831 0.00167054 0.00150642 0.00147763 0.0013332 0.00127563 0.00122261 0.00109282 0.00105798 0.000943845 0.0008888 0.00081709 0.00915212 
0.00170337 0.00198465 0.00214423 0.00230533 0.00241744 0.00258661 0.00278154 0.00276791 0.00291486 0.00304717 0.00308101 0.00312444 0.00325574 0.00325826 0.00324059 0.00321433 0.0032113 0.00333149 0.00328907 0.00320827 0.00319463 0.00314666 0.00307747 0.00303808 0.00283204 0.0028073 0.00269317 0.00266539 0.00258964 0.00251086 0.00239269 0.00226543 0.00219574 0.00207757 0.00202051 0.00186497 0.00182709 0.00171246 0.00161499 0.00152561 0.00144127 0.00136956 0.00130038 0.0011918 0.00114585 0.00101859 0.00098172 0.000899405 0.00090092 0.000809515 0.00922989 
0.00143218 0.00156045 0.0017776 0.0018983 0.00207959 0.00215888 0.00221493 0.00231795 0.00241946 0.00253965 0.00264317 0.00256944 0.00272145 0.00268862 0.00271842 0.00281235 0.00276993 0.00273761 0.00272195 0.00267297 0.00265378 0.00263105 0.00266539 0.00254924 0.00250127 0.00233613 0.00241845 0.0022725 0.0022119 0.00213211 0.00210383 0.00205586 0.0019488 0.00187052 0.001767 0.00168165 0.00164378 0.00147965 0.00147511 0.00140138 0.00132613 0.00123877 0.0011509 0.00115292 0.00105848 0.000991315 0.000933745 0.000873145 0.000848905 0.000756995 0.0093223 
0.00116655 0.00131957 0.00142057 0.00153116 0.00163822 0.00177104 0.00187456 0.00193466 0.00209575 0.00210484 0.00216544 0.00222453 0.00220281 0.00231391 0.0022821 0.00223614 0.00234623 0.0023124 0.0022927 0.00235229 0.00236138 0.00228917 0.00224675 0.00216898 0.00219625 0.00215332 0.00203768 0.00204374 0.00190789 0.00191092 0.00185689 0.00181346 0.00176144 0.00168014 0.00159176 0.00153975 0.00144784 0.00141653 0.00132361 0.00125998 0.00119281 0.00112363 0.00109787 0.00107212 0.000979195 0.00092617 0.000899405 0.00079386 0.00078073 0.000711545 0.00933695 
0.000935765 0.00111151 0.00116201 0.00133219 0.00142612 0.00148268 0.00153672 0.00159732 0.00167509 0.00176498 0.00182457 0.00184729 0.00189476 0.00193971 0.00192456 0.00196597 0.00198263 0.00197708 0.001969 0.00198465 0.00193011 0.00193213 0.0018781 0.0018579 0.00187961 0.00187961 0.00182911 0.00177962 0.00169983 0.00166145 0.00164782 0.00151854 0.00154732 0.00156601 0.00141451 0.00131401 0.00134027 0.0012524 0.0012423 0.00116251 0.00110595 0.00107464 0.00101657 0.000998385 0.000914555 0.000848905 0.000806485 0.000748915 0.000747905 0.000663065 0.00909909 
0 0 0 0 0 0 0 0 0 0 0 0 0 0 0 0 0 0 0 0 0 0 0 0 0 0 0 0 0 0 0 0 0 0 0 0 0 0 0 0 0 0 0 0 0 0 0 0 0 0 0 
Per-collision Densities L:
0.907597 0.745141 0.610049 0.500834 0.411369 0.335928 0.276714 0.226624 0.185981 0.152589 0.125295 0.102625 0.084334 0.0690118 0.0570882 0.0466075 0.0381765 0.031207 0.0256383 0.0212004 0.0172867 0.0142097 0.0116135 0.00939553 0.00769873 0.00632412 0.00540754 0.00429048 0.00356631 0.00286083 0.00244875 0.00193163 0.00162711 0.00129331 0.00110999 0.000886275 0.00071003 0.000629735 0.000487325 0.00038279 0.000315625 0.000266135 0.000207555 0.000190385 0.00014342 0.000120695 0.000105545 8.181e-05 7.5245e-05 6.2115e-05 0.000263105 
0.0272791 0.0693087 0.0945693 0.108863 0.114944 0.115206 0.111594 0.105963 0.0988022 0.0905773 0.082114 0.0738335 0.0652415 0.0579639 0.0511974 0.0448501 0.0392476 0.0342622 0.0293683 0.0257257 0.0220387 0.0189557 0.0162246 0.0139415 0.0120488 0.010148 0.00865318 0.00731846 0.00631452 0.00543683 0.00450662 0.00378952 0.00323705 0.00274367 0.00234421 0.00195031 0.00165539 0.00137562 0.00119584 0.000977175 0.00086456 0.00069185 0.000596405 0.000505 0.00040299 0.000327745 0.000295425 0.00025048 0.000197455 0.000170185 0.00087971 
0.0155247 0.0405783 0.0593516 0.0707939 0.0787431 0.0824862 0.0834583 0.0819756 0.0795218 0.0759555 0.0712449 0.066458 0.061306 0.0562186 0.0508626 0.0461868 0.041506 0.0373119 0.0330533 0.0295041 0.0260474 0.0230452 0.020255 0.0179255 0.0156338 0.0136325 0.011812 0.0104065 0.00910061 0.00778306 0.00692204 0.00585295 0.00507323 0.00443693 0.00377286 0.00324412 0.0027371 0.00237906 0.00209525 0.00174579 0.00154227 0.00127765 0.00109585 0.000894355 0.000812545 0.00070296 0.000660035 0.000474195 0.000421675 0.00036562 0.00198465 
0.00528887 0.0154373 0.0247369 0.0325543 0.038736 0.0434492 0.0469791 0.0489037 0.0498021 0.0500364 0.0490133 0.0475473 0.0457873 0.0433199 0.0408515 0.0382305 0.0354399 0.0327614 0.0302041 0.027725 0.0250823 0.022675 0.0204863 0.0182785 0.0166165 0.0148414 0.0131901 0.0117352 0.0105323 0.00933998 0.00819363 0.00716696 0.00637613 0.00550854 0.00484447 0.00424099 0.00378851 0.00331078 0.00286689 0.00248763 0.00216898 0.00196041 0.00166095 0.00140087 0.00121857 0.00105848 0.000929705 0.00081709 0.00069892 0.00060802 0.00361025 
0.00318958 0.00912535 0.0149692 0.0199253 0.024491 0.0281245 0.0310519 0.0331416 0.0348682 0.0353854 0.0359434 0.0357464 0.0350303 0.0339981 0.0329543 0.0315251 0.0296501 0.0280846 0.0265524 0.0246975 0.0229245 0.0211832 0.0195299 0.0180411 0.016313 0.0148561 0.0135865 0.0121937 0.0110706 0.0100035 0.00895719 0.00802597 0.00724423 0.00641401 0.00573327 0.00506061 0.00452682 0.00394759 0.00352995 0.0030805 0.00273205 0.00244016 0.00210939 0.0018882 0.00162964 0.00143117 0.00127462 0.00106858 0.000962025 0.00086759 0.00551157 
0.00185588 0.0056358 0.00919807 0.0124892 0.0156747 0.0182911 0.0205762 0.0225553 0.023883 0.0251111 0.02565 0.0260631 0.0262039 0.0260893 0.0256737 0.0249586 0.0239814 0.0230765 0.0221028 0.0212459 0.0198904 0.018781 0.0174654 0.0161681 0.0153096 0.0140834 0.0129654 0.0118281 0.01091 0.00990861 0.00906273 0.00833907 0.00750683 0.0067973 0.00615393 0.00556813 0.00492426 0.00446774 0.00404859 0.00360318 0.00321534 0.00282649 0.00255076 0.00219928 0.00200788 0.00178518 0.0015448 0.00140946 0.00120342 0.00112514 0.00763207 
0.00124786 0.00385972 0.00615898 0.00849966 0.0107191 0.0125614 0.0142945 0.0160676 0.0172629 0.0181805 0.0189723 0.0195188 0.0199823 0.0199212 0.0199142 0.0198935 0.0194228 0.0188769 0.0184189 0.017419 0.0168741 0.0160944 0.0152949 0.014338 0.01369 0.0127008 0.0118801 0.0110848 0.0103121 0.00949299 0.00867944 0.00798102 0.00754066 0.00686952 0.00619029 0.00549137 0.00524493 0.00471519 0.00423039 0.00383295 0.0034941 0.00316787 0.00281437 0.00249369 0.00227149 0.00204828 0.00178366 0.00167155 0.00144228 0.00125139 0.0096854 
0.00090294 0.00273256 0.0044642 0.00612111 0.0076154 0.00897234 0.0103475 0.0115145 0.0126649 0.0134774 0.0141794 0.0147127 0.0151535 0.0154712 0.0155202 0.0155868 0.0154207 0.0153379 0.0148212 0.0145056 0.0141249 0.0134699 0.0131285 0.0123659 0.0119049 0.0112489 0.0105646 0.0100818 0.00953087 0.00879963 0.0083022 0.00773509 0.00708616 0.00663469 0.00603526 0.00553581 0.00518736 0.00473791 0.00434603 0.00391375 0.00355672 0.00326483 0.00299465 0.00268711 0.00238057 0.00221544 0.00198718 0.00173215 0.00161802 0.00143976 0.0117842 
0.000648925 0.00196193 0.00319615 0.00445006 0.00569943 0.00672105 0.00772398 0.00864661 0.00951673 0.0102571 0.0107898 0.0113726 0.0116418 0.0120261 0.0121139 0.0122614 0.0123765 0.0123589 0.0120331 0.0120503 0.011566 0.0113282 0.0111504 0.0105813 0.010104 0.00979448 0.00927635 0.00893244 0.0084739 0.00803152 0.00759924 0.00709121 0.00668014 0.00617211 0.00568529 0.00532119 0.00489446 0.00462429 0.00420766 0.00391224 0.00364408 0.00332593 0.00305576 0.00270882 0.00253359 0.00230785 0.00207505 0.00191345 0.00175235 0.00154934 0.0133815 
0.000503485 0.00150389 0.00247147 0.00332896 0.00417989 0.00511565 0.00576761 0.00659227 0.00727604 0.00780831 0.00838755 0.00883397 0.00920464 0.00943492 0.00968944 0.00979296 0.00998739 0.00991871 0.00992679 0.00993638 0.00972782 0.00941623 0.00935361 0.00913646 0.00864459 0.0083825 0.00818302 0.00777448 0.007474 0.00701092 0.00666297 0.00639179 0.00596708 0.00569691 0.00530705 0.0049485 0.00465105 0.00431624 0.00397132 0.0037269 0.00341582 0.00324008 0.00301738 0.0027169 0.00250682 0.00222857 0.0021715 0.0019392 0.00178063 0.00161903 0.0150414 
0.000382285 0.00108525 0.00186143 0.00254268 0.00330018 0.00388598 0.00448339 0.00511212 0.00563126 0.00617464 0.00652359 0.00695991 0.00712656 0.00757248 0.007726 0.00789618 0.00809465 0.00805627 0.00813454 0.00810828 0.00807142 0.00781084 0.00776842 0.0075548 0.00751642 0.00713565 0.00704172 0.00677256 0.00648269 0.00622968 0.0060595 0.00565853 0.00541663 0.00516565 0.00483033 0.00466974 0.00432028 0.00398344 0.00377437 0.00355621 0.00330422 0.00306687 0.00284416 0.00264267 0.00246592 0.00221241 0.00205889 0.00194728 0.00182255 0.00167054 0.0161726 
0.00028785 0.00085042 0.00142966 0.00200485 0.00250379 0.00305626 0.00354106 0.00396678 0.00444148 0.00479649 0.00512424 0.00560702 0.00574892 0.00603021 0.00623473 0.00633119 0.00659126 0.00649582 0.00661146 0.00675539 0.00663419 0.00662712 0.00658116 0.00641603 0.00638118 0.00613272 0.00592971 0.00585699 0.00559439 0.00548683 0.00517221 0.00501061 0.00479094 0.00454753 0.00438441 0.00413393 0.00396021 0.00373498 0.00351632 0.00326584 0.00308303 0.00282396 0.00268155 0.00255581 0.00236189 0.00219675 0.0020301 0.00187355 0.00173872 0.00162509 0.0169953 
0.00021715 0.000677205 0.0010807 0.00154278 0.00200485 0.00244673 0.00275831 0.00316787 0.00340926 0.00387739 0.00415615 0.004393 0.00465913 0.00489901 0.00503586 0.00514545 0.00531614 0.00529644 0.00545198 0.00547218 0.00542774 0.00553127 0.00547723 0.00537775 0.00535098 0.00519595 0.00512929 0.00508182 0.00489244 0.00467883 0.00453137 0.00443996 0.00417484 0.00406525 0.00382487 0.00371478 0.00366529 0.00339007 0.00321786 0.00299061 0.00286436 0.00268307 0.00251339 0.00239471 0.00221695 0.00210232 0.0019695 0.00183871 0.00167913 0.00145289 0.0173841 
0.00018382 0.000540855 0.000875165 0.00125846 0.00157055 0.00195233 0.00219877 0.002575 0.00283154 0.00303455 0.00335472 0.00352541 0.00374458 0.00399152 0.00416019 0.00419504 0.00432836 0.00453137 0.00451016 0.00443643 0.00453137 0.00461772 0.00455712 0.00454046 0.00446723 0.00446824 0.00444703 0.00426018 0.0042516 0.00400263 0.00398243 0.00381629 0.00368448 0.00359308 0.00344966 0.00334159 0.00310979 0.00300374 0.00286891 0.0027467 0.00253813 0.00241491 0.0023331 0.00216241 0.00213615 0.00198465 0.00182861 0.00170993 0.00164226 0.00151298 0.0175826 
0.000160085 0.00041208 0.00076154 0.00100445 0.00130846 0.0015044 0.00180235 0.00202808 0.00225331 0.00240128 0.00269165 0.00289567 0.00303909 0.00323352 0.00344612 0.00333098 0.00354258 0.0036865 0.00372943 0.00377387 0.0037365 0.00387487 0.00387638 0.00385164 0.00380568 0.00380619 0.00370822 0.00368044 0.00356631 0.00349309 0.00342744 0.00336179 0.00324362 0.00315272 0.00308 0.00295476 0.00284669 0.00270024 0.00256944 0.00248814 0.00234472 0.00223463 0.00215989 0.00199475 0.00194122 0.00178821 0.00170993 0.00159984 0.00157055 0.00140087 0.0175437 
0.000121705 0.00035956 0.00055449 0.00083123 0.00104535 0.00126149 0.00148117 0.00171599 0.00187709 0.00203919 0.00223665 0.00239926 0.00251945 0.00264065 0.00277195 0.00284063 0.00298051 0.00299112 0.00310121 0.00319312 0.00314615 0.00322241 0.00322039 0.00323604 0.00317746 0.00313403 0.00315726 0.00309969 0.00304818 0.00301637 0.00296284 0.00284972 0.00280225 0.00272448 0.00269115 0.0025548 0.00243511 0.002424 0.00229674 0.00222099 0.00213666 0.00205485 0.00192254 0.0018483 0.00177306 0.0016256 0.00158823 0.00150844 0.00140289 0.00135037 0.0174255 
7.979e-05 0.00028987 0.00045248 0.00067569 0.000834765 0.00102616 0.00118524 0.00136552 0.00146753 0.00168064 0.00182911 0.00195334 0.0020801 0.00216797 0.00234522 0.00232906 0.00241037 0.00253056 0.0026053 0.00261893 0.00270933 0.00272549 0.00270175 0.00280629 0.00277245 0.00279568 0.00272145 0.00273104 0.00263812 0.00259419 0.00259318 0.00247349 0.00252753 0.00234674 0.00237805 0.00224574 0.0021912 0.00212151 0.00209424 0.00200839 0.00188315 0.00182204 0.00174831 0.0016862 0.00159176 0.00153116 0.00141501 0.00137613 0.00127563 0.00125341 0.0169589 
7.272e-05 0.00022624 0.000380265 0.00058984 0.0007171 0.0007979 0.000990305 0.00115393 0.00122008 0.00137663 0.00148874 0.00158267 0.00176195 0.00173468 0.00189729 0.00203364 0.00205737 0.00213666 0.00213161 0.00216292 0.00220938 0.00230735 0.00226493 0.00229472 0.00233866 0.00231593 0.00231644 0.0022821 0.00223715 0.00222857 0.00221998 0.00217049 0.00205687 0.00211696 0.00206343 0.0020296 0.00195031 0.00186648 0.00176296 0.00177558 0.00171347 0.00161853 0.0015751 0.00149985 0.00145743 0.00142309 0.00129937 0.00124331 0.00121604 0.00114736 0.0163736 
6.868e-05 0.00018281 0.00030502 0.00043834 0.000570145 0.000709525 0.0008181 0.000914555 0.00105697 0.0011509 0.0013024 0.00129583 0.00140794 0.00150389 0.00160035 0.00165792 0.00166701 0.00179124 0.00180942 0.00183012 0.0018786 0.00196849 0.00196344 0.00192607 0.00191143 0.00200586 0.00197001 0.00201142 0.00197001 0.00189678 0.0018988 0.00188214 0.00178467 0.00182204 0.00172761 0.00175134 0.0016968 0.00161701 0.00162358 0.00155237 0.00152611 0.00148622 0.00140845 0.00132613 0.00128422 0.00126553 0.00116403 0.00113423 0.00106555 0.00109585 0.015759 
0 0 0 0 0 0 0 0 0 0 0 0 0 0 0 0 0 0 0 0 0 0 0 0 0 0 0 0 0 0 0 0 0 0 0 0 0 0 0 0 0 0 0 0 0 0 0 0 0 0 0 
