Half rod, albedo problem, Anisotropic scattering, exponential random flight, mu_t: 1 g: 0.1
Analogmu_t c: 0.3 maxx: 10 dx: 0.19802 numsamples: 10000000 numCollisionOrders: 20 numMoments: 10
total albedo: 0.0814318
per-collision order albedos: 
0 0.0675651 0.0111226 0.0021618 0.0004518 9.81e-05 2.38e-05 6.4e-06 1.9e-06 2e-07 1e-07 0 0 0 0 0 0 0 0 0 
Collision density L:
0.0751541 0.0639401 0.0539431 0.0460802 0.03904 0.0332734 0.028025 0.0239698 0.0203636 0.0173008 0.0146304 0.0123841 0.0105126 0.00902031 0.00760682 0.00650036 0.00550501 0.00462833 0.00400869 0.00340623 0.00284871 0.00244976 0.00206394 0.00178669 0.00145339 0.00127816 0.00108525 0.00094334 0.000787295 0.00065852 0.000564085 0.000480255 0.00042117 0.00030906 0.0002828 0.000261085 0.00021715 0.000198465 0.00014746 0.000132815 0.000109585 9.0395e-05 8.3325e-05 7.676e-05 4.848e-05 5.151e-05 3.939e-05 3.5855e-05 2.9795e-05 2.02e-05 0.000158065 
Collision density R:
0.922519 0.783448 0.665812 0.56607 0.480045 0.407567 0.345498 0.294115 0.250628 0.212529 0.18088 0.153936 0.13012 0.110593 0.0940603 0.0794946 0.0672973 0.0576149 0.0490239 0.0415681 0.0350263 0.0298632 0.0255646 0.0216514 0.0182744 0.0157015 0.0132376 0.0113019 0.00966368 0.00814111 0.00693365 0.00582922 0.00503485 0.00425715 0.00353197 0.00301637 0.00257702 0.00227957 0.00181295 0.0015655 0.00136098 0.00114787 0.00100596 0.00084133 0.000727705 0.00059186 0.00051611 0.000420665 0.00036764 0.00031714 0.00178215 
Density Moments:
1.31199 1.59224 3.8661 14.088 68.4763 415.98 3028.39 25640.8 246715 2.64734e+06 
Per-collision Density Moments:
1 1.00034 2.00104 6.00403 24.0259 120.203 721.278 5038.65 40044.3 355312 
0.232226 0.396807 1.1234 4.364 21.4708 127.864 895.254 7220.31 66028 675471 
0.0586043 0.133307 0.471055 2.19351 12.5759 85.4176 670.717 5989.57 60113.7 671359 
0.0153865 0.0424864 0.176127 0.941147 6.08895 45.9858 395.309 3793.53 39991.2 456753 
0.0041694 0.0133166 0.0623282 0.369275 2.60736 21.1854 193.452 1951.28 21456.8 254555 
0.0011575 0.00415714 0.0216425 0.141099 1.08305 9.43655 90.9668 951.339 10625.8 125150 
0.0003239 0.0012781 0.00720821 0.0506114 0.416776 3.88753 40.1287 450.564 5426.88 69302.4 
9.29e-05 0.000397844 0.00236596 0.0172444 0.1468 1.4199 15.2889 180.023 2280.26 30617.9 
2.41e-05 0.00011023 0.000702113 0.00541752 0.0477682 0.464697 4.86279 53.7011 616.992 7299.37 
7e-06 3.12977e-05 0.000182583 0.00127693 0.010326 0.0941523 0.945134 10.2126 116.521 1382.69 
1.5e-06 6.73112e-06 4.06915e-05 0.000291994 0.00232704 0.0197736 0.174801 1.58439 14.5973 135.976 
3e-07 1.42212e-06 7.338e-06 4.02197e-05 0.000229507 0.00134495 0.00802535 0.0485064 0.295994 1.81955 
1e-07 1.92099e-07 3.6902e-07 7.08883e-07 1.36176e-06 2.61592e-06 5.02514e-06 9.65325e-06 1.85438e-05 3.56224e-05 
0 0 0 0 0 0 0 0 0 0 
0 0 0 0 0 0 0 0 0 0 
0 0 0 0 0 0 0 0 0 0 
0 0 0 0 0 0 0 0 0 0 
0 0 0 0 0 0 0 0 0 0 
0 0 0 0 0 0 0 0 0 0 
0 0 0 0 0 0 0 0 0 0 
Per-collision Densities L:
0 0 0 0 0 0 0 0 0 0 0 0 0 0 0 0 0 0 0 0 0 0 0 0 0 0 0 0 0 0 0 0 0 0 0 0 0 0 0 0 0 0 0 0 0 0 0 0 0 0 0 
0.0612651 0.0502056 0.0410893 0.0339643 0.0277159 0.0228487 0.0186239 0.015356 0.0125816 0.0103081 0.00844411 0.0068882 0.0056858 0.00466065 0.00384507 0.00313656 0.00256944 0.0020705 0.00172407 0.00142309 0.00115494 0.000930715 0.00078578 0.000657005 0.000518635 0.00044743 0.000363095 0.00029795 0.00023836 0.000208565 0.000164125 0.000140895 0.000130795 7.9285e-05 7.8275e-05 6.0095e-05 4.2925e-05 3.4845e-05 3.7875e-05 2.323e-05 2.828e-05 1.919e-05 1.414e-05 1.2625e-05 7.575e-06 8.08e-06 6.06e-06 3.03e-06 4.545e-06 2.02e-06 2.121e-05 
0.0111347 0.0108792 0.0100798 0.00932836 0.00860116 0.00782144 0.00697052 0.00625544 0.00557571 0.00489547 0.00424251 0.00371983 0.00322493 0.00281437 0.00240128 0.00216746 0.00178316 0.00154025 0.00132967 0.00112363 0.00098576 0.000843855 0.00069791 0.000595395 0.000484295 0.000427735 0.000354005 0.00033734 0.000250985 0.000210585 0.00018584 0.000147965 0.000131805 9.393e-05 9.999e-05 7.878e-05 5.8075e-05 6.6155e-05 4.242e-05 4.242e-05 2.5755e-05 2.323e-05 2.5755e-05 1.7675e-05 1.515e-05 1.616e-05 1.313e-05 9.595e-06 8.585e-06 5.555e-06 3.333e-05 
0.00215534 0.0022417 0.00212757 0.00213464 0.00207656 0.00201041 0.00181952 0.00173468 0.00162358 0.00154227 0.00140946 0.0012721 0.0011408 0.0010802 0.000926675 0.00082315 0.000791335 0.000652965 0.00063529 0.000557015 0.000460055 0.00042521 0.000359055 0.00032017 0.00027775 0.000243915 0.00022119 0.00017978 0.000176245 0.000136855 0.000118675 0.00010403 8.686e-05 7.777e-05 5.151e-05 6.565e-05 5.2015e-05 5.5045e-05 3.1815e-05 3.1815e-05 2.3735e-05 2.2725e-05 2.0705e-05 2.0705e-05 1.313e-05 1.2625e-05 6.565e-06 7.575e-06 9.595e-06 5.05e-06 3.434e-05 
0.00046763 0.00046662 0.000484295 0.00049894 0.00049793 0.000438845 0.000468135 0.00047268 0.00043228 0.000396425 0.00038279 0.0003737 0.00033128 0.000338855 0.000314615 0.00026765 0.00025452 0.000255025 0.00021715 0.00021008 0.000172205 0.00016665 0.00014443 0.000136855 0.000112615 0.00010201 0.000100495 8.686e-05 8.0295e-05 6.3125e-05 6.1105e-05 4.8985e-05 4.747e-05 3.737e-05 3.333e-05 3.737e-05 3.4845e-05 2.5755e-05 1.8685e-05 1.6665e-05 1.3635e-05 1.313e-05 1.1615e-05 1.212e-05 5.555e-06 6.565e-06 7.575e-06 7.575e-06 5.555e-06 3.535e-06 3.5855e-05 
0.000100495 0.00011009 0.000121705 0.00011817 0.00010908 0.00012221 0.000115645 0.0001111 0.0001111 0.00011514 0.000107565 8.585e-05 9.595e-05 8.888e-05 8.181e-05 7.8275e-05 7.7265e-05 7.575e-05 7.373e-05 6.666e-05 5.2015e-05 5.555e-05 5.151e-05 5.2015e-05 3.7875e-05 3.9895e-05 3.232e-05 3.03e-05 2.828e-05 2.7775e-05 2.2725e-05 2.525e-05 1.4645e-05 1.1615e-05 1.0605e-05 1.111e-05 1.818e-05 1.2625e-05 6.565e-06 1.111e-05 1.111e-05 7.07e-06 6.06e-06 7.575e-06 2.525e-06 5.555e-06 4.545e-06 6.06e-06 5.05e-07 2.02e-06 1.818e-05 
2.222e-05 2.727e-05 3.131e-05 2.929e-05 3.0805e-05 2.525e-05 1.9695e-05 2.929e-05 2.7775e-05 3.0805e-05 3.333e-05 3.4845e-05 2.424e-05 2.6765e-05 2.828e-05 2.02e-05 2.0705e-05 2.323e-05 2.02e-05 1.8685e-05 1.7675e-05 1.9695e-05 1.717e-05 1.5655e-05 1.515e-05 9.595e-06 1.01e-05 6.06e-06 7.575e-06 6.06e-06 9.09e-06 1.111e-05 6.06e-06 6.06e-06 4.04e-06 5.555e-06 7.07e-06 3.535e-06 7.07e-06 5.05e-06 5.555e-06 3.535e-06 4.04e-06 4.545e-06 3.535e-06 2.02e-06 5.05e-07 1.01e-06 5.05e-07 1.01e-06 1.01e-05 
7.07e-06 8.08e-06 6.06e-06 4.04e-06 7.07e-06 6.06e-06 6.06e-06 6.06e-06 8.585e-06 8.585e-06 7.575e-06 7.575e-06 7.07e-06 9.09e-06 6.565e-06 4.545e-06 6.06e-06 7.07e-06 6.06e-06 4.545e-06 4.04e-06 6.565e-06 5.555e-06 6.06e-06 3.535e-06 4.545e-06 3.535e-06 3.03e-06 4.545e-06 4.545e-06 1.515e-06 1.515e-06 3.535e-06 2.02e-06 3.03e-06 2.02e-06 3.535e-06 0 3.03e-06 2.02e-06 1.01e-06 5.05e-07 5.05e-07 5.05e-07 1.01e-06 0 5.05e-07 5.05e-07 0 1.01e-06 2.02e-06 
1.515e-06 1.01e-06 2.02e-06 2.525e-06 1.01e-06 0 1.01e-06 4.04e-06 2.02e-06 3.03e-06 1.515e-06 1.515e-06 1.01e-06 1.515e-06 2.02e-06 1.515e-06 1.515e-06 3.03e-06 2.02e-06 1.515e-06 2.02e-06 1.515e-06 1.01e-06 1.515e-06 2.02e-06 2.02e-06 5.05e-07 2.02e-06 5.05e-07 5.05e-07 5.05e-07 0 0 5.05e-07 1.515e-06 5.05e-07 5.05e-07 5.05e-07 0 5.05e-07 5.05e-07 5.05e-07 5.05e-07 1.01e-06 0 0 0 5.05e-07 0 0 3.03e-06 
0 5.05e-07 5.05e-07 0 5.05e-07 5.05e-07 0 5.05e-07 1.01e-06 5.05e-07 5.05e-07 5.05e-07 1.515e-06 0 0 5.05e-07 1.01e-06 0 5.05e-07 1.01e-06 0 0 1.515e-06 1.515e-06 1.515e-06 1.01e-06 0 0 5.05e-07 0 5.05e-07 5.05e-07 0 5.05e-07 5.05e-07 0 0 0 0 0 0 5.05e-07 0 0 0 5.05e-07 5.05e-07 0 5.05e-07 0 0 
0 0 5.05e-07 0 0 0 5.05e-07 0 0 0 1.01e-06 0 0 0 0 5.05e-07 0 5.05e-07 0 0 0 0 0 5.05e-07 0 0 0 0 0 5.05e-07 0 0 0 0 0 0 0 0 0 0 0 0 0 0 0 0 0 0 0 0 0 
0 0 0 0 0 0 0 0 0 0 0 0 0 0 5.05e-07 0 0 0 0 0 0 0 0 0 0 0 0 0 0 0 0 0 0 0 0 0 0 0 0 0 0 0 0 0 0 0 0 0 0 0 0 
0 0 0 0 0 0 0 0 0 5.05e-07 0 0 0 0 0 0 0 0 0 0 0 0 0 0 0 0 0 0 0 0 0 0 0 0 0 0 0 0 0 0 0 0 0 0 0 0 0 0 0 0 0 
0 0 0 0 0 0 0 0 0 0 0 0 0 0 0 0 0 0 0 0 0 0 0 0 0 0 0 0 0 0 0 0 0 0 0 0 0 0 0 0 0 0 0 0 0 0 0 0 0 0 0 
0 0 0 0 0 0 0 0 0 0 0 0 0 0 0 0 0 0 0 0 0 0 0 0 0 0 0 0 0 0 0 0 0 0 0 0 0 0 0 0 0 0 0 0 0 0 0 0 0 0 0 
0 0 0 0 0 0 0 0 0 0 0 0 0 0 0 0 0 0 0 0 0 0 0 0 0 0 0 0 0 0 0 0 0 0 0 0 0 0 0 0 0 0 0 0 0 0 0 0 0 0 0 
0 0 0 0 0 0 0 0 0 0 0 0 0 0 0 0 0 0 0 0 0 0 0 0 0 0 0 0 0 0 0 0 0 0 0 0 0 0 0 0 0 0 0 0 0 0 0 0 0 0 0 
0 0 0 0 0 0 0 0 0 0 0 0 0 0 0 0 0 0 0 0 0 0 0 0 0 0 0 0 0 0 0 0 0 0 0 0 0 0 0 0 0 0 0 0 0 0 0 0 0 0 0 
0 0 0 0 0 0 0 0 0 0 0 0 0 0 0 0 0 0 0 0 0 0 0 0 0 0 0 0 0 0 0 0 0 0 0 0 0 0 0 0 0 0 0 0 0 0 0 0 0 0 0 
0 0 0 0 0 0 0 0 0 0 0 0 0 0 0 0 0 0 0 0 0 0 0 0 0 0 0 0 0 0 0 0 0 0 0 0 0 0 0 0 0 0 0 0 0 0 0 0 0 0 0 
Per-collision Densities L:
0.90707 0.743834 0.610429 0.501239 0.410703 0.336752 0.275725 0.226713 0.186586 0.152937 0.125759 0.1031 0.0842906 0.0692426 0.0568963 0.0463211 0.0380305 0.0313211 0.0257257 0.0210974 0.0172862 0.0141557 0.0116625 0.00951218 0.00775832 0.00649582 0.00524897 0.00436825 0.00359964 0.00286436 0.00239017 0.0019594 0.00163469 0.00128371 0.00109535 0.00085547 0.00070296 0.00059893 0.00048783 0.00039895 0.00032825 0.00027371 0.00022725 0.000186345 0.000158065 0.000123725 0.00010403 8.0295e-05 6.767e-05 6.363e-05 0.000256035 
0.0143253 0.0360429 0.0497465 0.0571241 0.060041 0.0602152 0.0582725 0.0553541 0.0516251 0.0471251 0.0427629 0.0387285 0.0341653 0.0302838 0.0267509 0.0233997 0.0202864 0.0178593 0.0155686 0.0134795 0.0114201 0.0099076 0.00860217 0.00731695 0.00625695 0.00541007 0.00460914 0.0038481 0.00330624 0.00284416 0.00240077 0.00198364 0.00169377 0.00145794 0.00119231 0.00100192 0.00087971 0.00076255 0.00056257 0.00048783 0.00042824 0.000367135 0.00032118 0.00025048 0.00022422 0.00016261 0.00014645 0.00012726 0.0001111 8.8375e-05 0.00048682 
0.00093728 0.00296031 0.00474044 0.00649329 0.00773155 0.00875014 0.00942027 0.0097965 0.00997678 0.0099384 0.00979094 0.0094536 0.00898395 0.00846178 0.00782649 0.00728564 0.00661146 0.00613424 0.00555955 0.00497122 0.0044334 0.00400364 0.00360823 0.00324968 0.0028381 0.00249268 0.00214676 0.0019897 0.00176599 0.00154177 0.00132613 0.00112767 0.00103273 0.00089991 0.000726695 0.00064539 0.00058479 0.000519645 0.0004141 0.00036865 0.00033431 0.00025755 0.00024139 0.000199475 0.00018887 0.00014645 0.000125745 9.6455e-05 8.7365e-05 7.5245e-05 0.00044137 
0.000140895 0.00049894 0.000697405 0.00096051 0.00126604 0.00147864 0.00167105 0.00177255 0.00188214 0.00200334 0.0019892 0.00208818 0.00206798 0.0019993 0.00195334 0.00188618 0.00178871 0.00171195 0.00160742 0.001464 0.00135946 0.00129381 0.00120342 0.00110444 0.000990305 0.000888295 0.000824665 0.000743865 0.000654985 0.000594385 0.000539845 0.00049187 0.00043632 0.00040097 0.000323705 0.00033734 0.0002424 0.000246945 0.000212605 0.00018584 0.00016564 0.00014847 0.00012221 0.000119685 8.484e-05 8.9385e-05 8.686e-05 6.1105e-05 5.757e-05 4.747e-05 0.00030805 
3.636e-05 8.787e-05 0.000146955 0.000192405 0.000233815 0.00028583 0.00031613 0.000371175 0.00042925 0.000406525 0.00044945 0.000433795 0.000453995 0.000465105 0.00047773 0.00045349 0.00044238 0.000446925 0.000411575 0.00041006 0.000380265 0.000368145 0.00035552 0.000331785 0.00030199 0.000296435 0.00028583 0.000237855 0.000228765 0.000216645 0.00018079 0.00018584 0.00016463 0.000145945 0.000127765 0.00010908 9.9485e-05 9.595e-05 8.9385e-05 8.3325e-05 6.7165e-05 6.5145e-05 5.454e-05 5.4035e-05 4.343e-05 4.04e-05 2.9795e-05 3.4845e-05 3.03e-05 2.323e-05 0.000157055 
8.08e-06 1.9695e-05 4.141e-05 4.545e-05 5.4035e-05 6.8175e-05 7.171e-05 7.8275e-05 9.797e-05 9.09e-05 9.8475e-05 0.00010201 0.00012423 0.00010605 0.00012019 0.00010302 0.000101505 0.000103525 0.00011009 0.000110595 0.00010403 9.797e-05 9.898e-05 9.7465e-05 9.393e-05 9.0395e-05 8.989e-05 7.7265e-05 8.1305e-05 5.7065e-05 6.3125e-05 5.3025e-05 4.7975e-05 5.3025e-05 3.939e-05 4.747e-05 4.242e-05 4.0905e-05 2.9795e-05 2.7775e-05 2.525e-05 2.5755e-05 2.5755e-05 2.323e-05 1.7675e-05 1.8685e-05 1.515e-05 1.414e-05 7.575e-06 1.212e-05 8.181e-05 
1.01e-06 3.535e-06 7.07e-06 1.212e-05 1.111e-05 1.3635e-05 1.6665e-05 2.222e-05 2.2725e-05 2.121e-05 2.323e-05 2.121e-05 2.727e-05 2.727e-05 2.626e-05 3.636e-05 2.4745e-05 2.626e-05 3.131e-05 2.6765e-05 3.333e-05 2.828e-05 2.4745e-05 2.424e-05 2.727e-05 2.02e-05 2.1715e-05 2.525e-05 1.919e-05 1.7675e-05 2.2725e-05 1.717e-05 1.616e-05 1.212e-05 1.7675e-05 1.4645e-05 1.6665e-05 1.01e-05 1.0605e-05 9.09e-06 5.555e-06 7.07e-06 8.585e-06 6.06e-06 6.565e-06 7.575e-06 6.06e-06 4.545e-06 4.545e-06 3.535e-06 3.4845e-05 
5.05e-07 1.01e-06 3.03e-06 2.02e-06 2.525e-06 2.525e-06 3.03e-06 4.04e-06 7.07e-06 5.555e-06 6.565e-06 6.565e-06 5.555e-06 5.05e-06 5.05e-06 8.08e-06 1.111e-05 9.595e-06 8.08e-06 6.565e-06 8.585e-06 5.05e-06 7.575e-06 1.212e-05 5.05e-06 6.06e-06 6.565e-06 9.09e-06 6.565e-06 3.03e-06 8.08e-06 7.07e-06 4.04e-06 3.535e-06 5.05e-06 4.04e-06 6.06e-06 4.04e-06 4.04e-06 3.535e-06 6.06e-06 3.03e-06 3.03e-06 5.05e-07 2.02e-06 2.02e-06 1.515e-06 2.02e-06 1.515e-06 3.03e-06 1.212e-05 
0 0 5.05e-07 1.01e-06 1.515e-06 1.01e-06 1.01e-06 1.515e-06 1.01e-06 5.05e-07 1.01e-06 1.01e-06 1.515e-06 1.515e-06 3.03e-06 5.05e-07 5.05e-07 1.515e-06 1.515e-06 1.01e-06 5.05e-07 2.525e-06 1.515e-06 2.02e-06 1.01e-06 0 3.535e-06 2.525e-06 5.05e-07 1.01e-06 1.01e-06 3.03e-06 3.535e-06 0 3.03e-06 5.05e-07 2.02e-06 5.05e-07 2.02e-06 5.05e-07 5.05e-07 0 2.02e-06 1.515e-06 1.515e-06 5.05e-07 0 0 0 0 3.535e-06 
0 0 0 0 0 5.05e-07 0 1.01e-06 5.05e-07 0 0 1.01e-06 0 5.05e-07 1.01e-06 5.05e-07 0 5.05e-07 0 0 5.05e-07 0 0 5.05e-07 1.515e-06 1.01e-06 5.05e-07 0 5.05e-07 1.01e-06 1.01e-06 0 5.05e-07 0 1.01e-06 5.05e-07 0 0 0 0 0 0 0 0 5.05e-07 5.05e-07 0 0 0 0 5.05e-07 
0 0 0 0 0 0 0 0 0 0 0 0 0 0 0 0 0 0 0 1.01e-06 0 5.05e-07 0 0 0 0 0 0 0 0 0 0 5.05e-07 0 0 0 5.05e-07 0 0 0 0 0 0 0 0 0 5.05e-07 0 0 5.05e-07 0 
0 0 0 0 0 0 0 0 0 0 0 0 0 0 0 0 0 0 0 0 0 0 0 0 0 5.05e-07 0 0 0 0 0 5.05e-07 0 0 0 0 0 0 0 0 0 0 0 0 0 0 0 0 0 0 0 
0 0 0 0 0 0 0 0 0 0 0 0 0 0 0 0 0 0 0 0 0 0 0 0 0 0 0 0 0 0 0 0 0 0 0 0 0 0 0 0 0 0 0 0 0 0 0 0 0 0 0 
0 0 0 0 0 0 0 0 0 0 0 0 0 0 0 0 0 0 0 0 0 0 0 0 0 0 0 0 0 0 0 0 0 0 0 0 0 0 0 0 0 0 0 0 0 0 0 0 0 0 0 
0 0 0 0 0 0 0 0 0 0 0 0 0 0 0 0 0 0 0 0 0 0 0 0 0 0 0 0 0 0 0 0 0 0 0 0 0 0 0 0 0 0 0 0 0 0 0 0 0 0 0 
0 0 0 0 0 0 0 0 0 0 0 0 0 0 0 0 0 0 0 0 0 0 0 0 0 0 0 0 0 0 0 0 0 0 0 0 0 0 0 0 0 0 0 0 0 0 0 0 0 0 0 
0 0 0 0 0 0 0 0 0 0 0 0 0 0 0 0 0 0 0 0 0 0 0 0 0 0 0 0 0 0 0 0 0 0 0 0 0 0 0 0 0 0 0 0 0 0 0 0 0 0 0 
0 0 0 0 0 0 0 0 0 0 0 0 0 0 0 0 0 0 0 0 0 0 0 0 0 0 0 0 0 0 0 0 0 0 0 0 0 0 0 0 0 0 0 0 0 0 0 0 0 0 0 
0 0 0 0 0 0 0 0 0 0 0 0 0 0 0 0 0 0 0 0 0 0 0 0 0 0 0 0 0 0 0 0 0 0 0 0 0 0 0 0 0 0 0 0 0 0 0 0 0 0 0 
0 0 0 0 0 0 0 0 0 0 0 0 0 0 0 0 0 0 0 0 0 0 0 0 0 0 0 0 0 0 0 0 0 0 0 0 0 0 0 0 0 0 0 0 0 0 0 0 0 0 0 
