Half rod, albedo problem, isotropic scattering, exponential random flight, mu_t: 3
Analogmu_t c: 0.99 maxx: 10 dx: 0.19802 numsamples: 1000000 numCollisionOrders: 20 numMoments: 10
total albedo: 0.818082
per-collision order albedos: 
0 0.247108 0.122198 0.076075 0.052501 0.039366 0.030539 0.024466 0.020101 0.016946 0.01445 0.012497 0.010953 0.009698 0.008703 0.007911 0.00685 0.006439 0.005724 0.005367 
Collision density L:
2.38819 2.24681 2.11751 1.99819 1.88192 1.77234 1.67104 1.57522 1.49084 1.40449 1.31851 1.24238 1.1679 1.09834 1.03972 0.978301 0.923115 0.86503 0.814004 0.769307 0.727705 0.683371 0.642279 0.60851 0.570968 0.53985 0.507055 0.479952 0.450581 0.423892 0.396516 0.374266 0.352556 0.333108 0.312792 0.295263 0.279588 0.263943 0.24846 0.235916 0.221771 0.209797 0.195369 0.185052 0.1712 0.162065 0.150137 0.142809 0.135017 0.125482 2.08219 
Collision density R:
2.90915 2.74347 2.58845 2.45185 2.30188 2.16105 2.04411 1.92544 1.81431 1.71457 1.60867 1.52123 1.42971 1.34325 1.26368 1.19538 1.1282 1.05812 0.99842 0.939032 0.886235 0.835134 0.787755 0.742355 0.699521 0.656242 0.625912 0.584992 0.552021 0.519347 0.491501 0.456197 0.429826 0.404101 0.382305 0.364065 0.341951 0.321417 0.305035 0.287103 0.269842 0.254894 0.24143 0.227957 0.211863 0.198081 0.18637 0.174058 0.165069 0.154525 2.54412 
Density Moments:
18.1608 60.2366 398.683 3940.8 51504.6 830753 1.58111e+07 3.43907e+08 8.34272e+09 2.21309e+11 
Per-collision Density Moments:
1 0.334084 0.223226 0.223888 0.299614 0.500722 0.999696 2.30627 5.98581 17.0969 
0.742756 0.412235 0.384277 0.493536 0.80355 1.57974 3.62705 9.485 27.6929 88.7883 
0.613046 0.448639 0.515427 0.78461 1.47444 3.28326 8.42367 24.3656 78.01 271.992 
0.530873 0.469494 0.628146 1.0903 2.30276 5.7029 16.1545 51.3922 180.968 696.676 
0.473039 0.482346 0.727245 1.40274 3.26 8.82199 27.1892 94.0104 360.993 1529.06 
0.42892 0.49007 0.814143 1.71126 4.29607 12.4756 41.1121 152.122 629.352 2909.76 
0.394056 0.495244 0.893883 2.02485 5.44021 16.7951 58.4242 226.284 969.535 4583.35 
0.365684 0.497962 0.964589 2.33119 6.65027 21.7018 79.4195 321.756 1431.22 6953.24 
0.341846 0.499347 1.0299 2.63753 7.94417 27.2878 104.776 443.435 2046.98 10221.1 
0.321428 0.500179 1.0911 2.94226 9.29629 33.374 133.403 585.076 2783.7 14234.4 
0.30378 0.499514 1.14479 3.23315 10.6764 40.0022 166.756 762.73 3787.42 20241.6 
0.288371 0.49915 1.19866 3.54026 12.2135 47.7862 208.002 993.591 5154.33 28785.6 
0.274567 0.498124 1.24805 3.83671 13.7531 55.8267 251.725 1243.44 6656 38253.3 
0.262125 0.496055 1.29316 4.12925 15.355 64.5909 301.564 1541.73 8542.68 50874.1 
0.250731 0.49412 1.33709 4.42274 17.0075 73.8595 355.305 1866.8 10594.1 64332.4 
0.240337 0.491579 1.37617 4.70158 18.6452 83.3689 412.21 2222.03 12914.3 80180.4 
0.23112 0.489117 1.41453 4.98352 20.3481 93.5733 475.696 2638.34 15804.9 101418 
0.222319 0.486217 1.44951 5.25816 22.0934 104.52 546.644 3122.31 19325 129059 
0.214467 0.483423 1.48216 5.5213 23.793 115.339 618.046 3622.11 23103.4 160466 
0 0 0 0 0 0 0 0 0 0 
Per-collision Densities L:
0 0 0 0 0 0 0 0 0 0 0 0 0 0 0 0 0 0 0 0 0 0 0 0 0 0 0 0 0 0 0 0 0 0 0 0 0 0 0 0 0 0 0 0 0 0 0 0 0 0 0 
0.560661 0.310171 0.172377 0.0937179 0.0524089 0.0286386 0.0162105 0.0089587 0.0046157 0.0029391 0.00140895 0.00090395 0.00052015 0.0002525 0.00013635 9.595e-05 2.02e-05 3.535e-05 5.05e-06 5.05e-06 0 0 0 0 0 0 0 0 0 0 0 0 0 0 0 0 0 0 0 0 0 0 0 0 0 0 0 0 0 0 0 
0.352803 0.28537 0.207242 0.142577 0.0936826 0.0596052 0.0367842 0.0238108 0.0148117 0.0090395 0.00540855 0.00311585 0.0018685 0.0012221 0.00062115 0.0003939 0.0002525 0.0001414 0.00011615 4.545e-05 5.05e-06 1.515e-05 0 5.05e-06 0 1.01e-05 0 0 0 0 0 0 0 0 0 0 0 0 0 0 0 0 0 0 0 0 0 0 0 0 0 
0.233542 0.220372 0.189931 0.148223 0.110317 0.0807546 0.0560803 0.0392638 0.0252096 0.0160742 0.0107767 0.0066559 0.00435815 0.0025755 0.00176245 0.0010605 0.00058075 0.00040905 0.0003131 0.00010605 9.595e-05 5.05e-05 3.535e-05 3.03e-05 1.515e-05 0 0 0 0 0 0 0 0 0 0 0 0 0 0 0 0 0 0 0 0 0 0 0 0 0 0 
0.166665 0.17322 0.159565 0.1379 0.111898 0.0888093 0.0663368 0.0483134 0.0349965 0.0240633 0.016761 0.0114181 0.00705485 0.0049692 0.0032724 0.00217655 0.0013231 0.0007878 0.0005252 0.0003434 0.00023735 9.595e-05 8.08e-05 7.575e-05 2.525e-05 2.525e-05 0 1.515e-05 5.05e-06 5.05e-06 0 5.05e-06 0 0 0 0 0 0 0 0 0 0 0 0 0 0 0 0 0 0 0 
0.126831 0.135451 0.133098 0.123028 0.106717 0.0889103 0.070801 0.054742 0.0421372 0.0309363 0.0217049 0.0158065 0.0112464 0.00746895 0.00542875 0.0037269 0.00231795 0.00163115 0.00116655 0.00072215 0.00053025 0.00032825 0.00020705 0.00011615 9.595e-05 4.04e-05 1.515e-05 2.525e-05 5.05e-06 1.01e-05 5.05e-06 0 0 0 0 0 0 0 0 0 0 0 0 0 0 0 0 0 0 0 0 
0.0996618 0.110014 0.11157 0.107297 0.0983639 0.0842492 0.0710434 0.0574236 0.0468085 0.034739 0.026861 0.0202505 0.0148066 0.0106959 0.00760025 0.00520655 0.0037067 0.00241895 0.0018483 0.00127765 0.0007474 0.0005656 0.00027775 0.000202 0.0001313 0.00010605 5.555e-05 3.03e-05 3.03e-05 1.515e-05 1.01e-05 1.01e-05 5.05e-06 5.05e-06 0 0 0 0 0 0 0 0 0 0 0 0 0 0 0 0 0 
0.0809111 0.0908344 0.0949754 0.0941623 0.0876478 0.0797345 0.0689628 0.0583528 0.0481972 0.0381932 0.0308252 0.0235381 0.0181598 0.0133674 0.00956975 0.007171 0.00526715 0.0036865 0.00265125 0.00170185 0.00133825 0.0008585 0.0006161 0.0003535 0.0002727 0.0001616 0.00014645 7.07e-05 6.565e-05 4.545e-05 1.515e-05 1.515e-05 5.05e-06 5.05e-06 5.05e-06 5.05e-06 0 0 5.05e-06 0 0 0 0 0 5.05e-06 0 0 0 0 0 0 
0.0671196 0.0769216 0.0822342 0.0830069 0.0801132 0.0724928 0.065948 0.0572569 0.0482225 0.0397132 0.0326887 0.0264368 0.0200384 0.0161449 0.0119635 0.00918595 0.0070498 0.00468135 0.0037673 0.00246945 0.00199475 0.0011413 0.00085345 0.00057065 0.0004444 0.0002626 0.0001616 0.0001414 8.08e-05 3.535e-05 2.525e-05 1.515e-05 2.525e-05 1.01e-05 1.01e-05 5.05e-06 0 0 5.05e-06 0 0 5.05e-06 0 5.05e-06 0 0 0 0 0 0 0 
0.0565802 0.0655793 0.0706495 0.0722251 0.0711293 0.0678468 0.0622059 0.0549693 0.0480912 0.0412939 0.0338754 0.0273963 0.0228715 0.0176245 0.0135138 0.0108272 0.0081709 0.00581255 0.00450965 0.0034239 0.00242905 0.0017473 0.00129785 0.000909 0.00062115 0.00042925 0.00031815 0.00018685 0.0001111 0.00010605 6.06e-05 6.06e-05 3.03e-05 2.525e-05 1.01e-05 5.05e-06 5.05e-06 5.05e-06 0 1.01e-05 0 0 0 0 0 0 0 0 0 0 0 
0.0488386 0.0563277 0.0633826 0.0641502 0.064135 0.0622766 0.0581962 0.0529543 0.0468691 0.0416676 0.0353854 0.0287446 0.0242905 0.0193466 0.0151349 0.0128169 0.0096152 0.00734775 0.00544895 0.0044036 0.00303505 0.00242905 0.0016261 0.0011817 0.0008686 0.00062115 0.00041915 0.000303 0.0002323 0.0001111 0.00012625 3.03e-05 2.525e-05 2.02e-05 1.515e-05 2.02e-05 5.05e-06 1.01e-05 1.01e-05 5.05e-06 0 0 0 0 0 0 0 0 0 0 0 
0.0417938 0.0496668 0.0551157 0.0577872 0.0585144 0.0570044 0.0537623 0.0502677 0.0460914 0.0409101 0.0345168 0.0300172 0.0253662 0.0210535 0.0169781 0.0137865 0.0107969 0.00836785 0.00674175 0.00477225 0.00370165 0.00285325 0.0020604 0.00158065 0.0013332 0.0008989 0.00055045 0.0003535 0.0002828 0.00022725 0.00012625 0.00014645 6.06e-05 5.05e-05 3.535e-05 1.01e-05 5.05e-06 3.535e-05 1.515e-05 0 1.01e-05 0 0 0 5.05e-06 0 0 0 0 0 0 
0.0370014 0.0433997 0.0477831 0.0519342 0.0529442 0.0520605 0.0513787 0.0472125 0.0437179 0.0396072 0.0346986 0.0297799 0.0258863 0.0211343 0.0181901 0.0140693 0.0119584 0.00919605 0.0075952 0.00592365 0.00442885 0.00364105 0.00276235 0.00199475 0.00143925 0.00102515 0.0008383 0.0005959 0.00040905 0.0003434 0.0002222 0.0001414 8.585e-05 6.565e-05 4.04e-05 3.03e-05 2.525e-05 1.01e-05 3.03e-05 1.01e-05 5.05e-06 0 1.01e-05 0 0 0 5.05e-06 0 0 0 0 
0.0335825 0.0393294 0.0434098 0.0468236 0.0491163 0.0485507 0.0478185 0.0444855 0.0415615 0.038476 0.034234 0.0299364 0.0259116 0.0222301 0.018483 0.0156146 0.0127967 0.0101 0.0078578 0.0065448 0.00545905 0.0039592 0.0033128 0.0023432 0.00203515 0.0013534 0.00100495 0.00075245 0.0004848 0.0003838 0.0002727 0.0002727 0.0001313 0.00011615 8.585e-05 6.565e-05 2.525e-05 3.03e-05 3.03e-05 1.01e-05 5.05e-06 0 1.01e-05 1.01e-05 0 0 0 0 0 0 0 
0.0298203 0.0344562 0.0385921 0.0428796 0.0448289 0.0453288 0.043728 0.0431321 0.0399405 0.0365671 0.0331886 0.0290325 0.0258409 0.0231442 0.018988 0.0164327 0.0135744 0.0110444 0.0093324 0.0073225 0.0058378 0.00467125 0.00379255 0.002828 0.0021917 0.001616 0.0012524 0.00089385 0.0007575 0.00049995 0.00041915 0.000303 0.00016665 0.00017675 0.0001515 8.585e-05 4.04e-05 3.03e-05 2.525e-05 2.02e-05 5.05e-06 1.515e-05 1.515e-05 0 5.05e-06 5.05e-06 0 0 1.01e-05 0 0 
0.0257803 0.0310727 0.0349814 0.0395415 0.0404202 0.0423089 0.0404404 0.0400213 0.0381982 0.0346784 0.0324564 0.0286689 0.0264772 0.0225079 0.0196597 0.0168115 0.0143269 0.012322 0.0095243 0.00770125 0.00639835 0.004949 0.00415615 0.0030199 0.0028179 0.00188365 0.0014746 0.00118675 0.00089385 0.00070195 0.0004848 0.0003535 0.0003434 0.0001919 0.00014645 7.575e-05 7.575e-05 5.05e-05 8.585e-05 1.515e-05 2.02e-05 1.01e-05 1.515e-05 0 1.515e-05 5.05e-06 0 1.01e-05 0 0 0 
0.0237502 0.0290123 0.0326079 0.0360267 0.0371933 0.0375417 0.0383649 0.037572 0.0352793 0.0334411 0.0316635 0.0284265 0.0255934 0.0223109 0.0194526 0.0173771 0.0142814 0.0125644 0.00990305 0.00838805 0.00729725 0.00560045 0.00453995 0.00373195 0.002929 0.0022523 0.0017776 0.00168165 0.00124735 0.000808 0.00059085 0.0004242 0.00030805 0.00026765 0.0002222 0.00017675 0.00010605 8.08e-05 7.07e-05 1.515e-05 1.515e-05 5.05e-06 1.515e-05 1.515e-05 5.05e-06 1.01e-05 1.515e-05 0 0 0 0 
0.0220029 0.025856 0.0295274 0.0324059 0.033936 0.035042 0.0364004 0.034335 0.0338653 0.032522 0.0299011 0.0278407 0.0249319 0.0220433 0.0204879 0.0179982 0.0146501 0.0126503 0.0109131 0.0094334 0.0074538 0.0062216 0.00521665 0.00423695 0.003232 0.00270175 0.002121 0.001616 0.00117665 0.00102515 0.00069185 0.00055045 0.00043935 0.00029795 0.00024745 0.0001818 0.0001212 7.575e-05 7.07e-05 6.06e-05 3.03e-05 2.525e-05 3.03e-05 5.05e-06 1.515e-05 5.05e-06 5.05e-06 1.01e-05 0 0 0 
0.0200233 0.0242148 0.0267297 0.0295779 0.031512 0.0328301 0.033734 0.0328301 0.0333502 0.030699 0.0286537 0.0270529 0.0248965 0.0220685 0.020094 0.0173872 0.0155591 0.0130189 0.01111 0.0094536 0.0080901 0.00695385 0.00537825 0.00463085 0.00375215 0.00317645 0.0023735 0.00186345 0.0014544 0.00113625 0.00087365 0.00066155 0.00049995 0.00037875 0.0003131 0.00023735 0.00015655 0.00012625 0.00012625 5.555e-05 5.555e-05 4.04e-05 3.03e-05 1.515e-05 5.05e-06 1.01e-05 1.515e-05 0 0 5.05e-06 0 
0 0 0 0 0 0 0 0 0 0 0 0 0 0 0 0 0 0 0 0 0 0 0 0 0 0 0 0 0 0 0 0 0 0 0 0 0 0 0 0 0 0 0 0 0 0 0 0 0 0 0 
Per-collision Densities L:
2.25793 1.24922 0.689931 0.382113 0.210721 0.116372 0.0640542 0.0356631 0.0196092 0.0107868 0.0060802 0.0031714 0.00187355 0.00116655 0.00067165 0.0002929 0.0001414 7.07e-05 6.565e-05 3.03e-05 2.525e-05 5.05e-06 5.05e-06 0 0 0 0 0 0 0 0 0 0 0 0 0 0 0 0 0 0 0 0 0 0 0 0 0 0 0 0 
0.299975 0.53073 0.496905 0.387653 0.275407 0.18585 0.120978 0.0762298 0.0479296 0.0298405 0.0181649 0.0110292 0.00648925 0.00384305 0.0024543 0.00137865 0.0008383 0.00049995 0.0002525 0.00018685 8.08e-05 4.545e-05 4.04e-05 2.02e-05 0 5.05e-06 1.01e-05 0 0 0 0 0 0 0 0 0 0 0 0 0 0 0 0 0 0 0 0 0 0 0 0 
0.102672 0.249531 0.305419 0.294607 0.249218 0.19539 0.145359 0.103904 0.0720181 0.0491062 0.0324665 0.0207757 0.0136249 0.008383 0.00553985 0.00354005 0.00208565 0.001212 0.0008484 0.00046965 0.00031815 0.00014645 0.00011615 7.575e-05 6.06e-05 3.03e-05 1.515e-05 5.05e-06 0 0 0 0 0 0 0 0 0 0 0 0 0 0 0 0 0 0 0 0 0 0 0 
0.0524695 0.142779 0.196299 0.214105 0.203631 0.176179 0.146097 0.113226 0.0859106 0.0617868 0.0437179 0.0320928 0.0213767 0.0141602 0.0100243 0.0065246 0.00449955 0.00257045 0.0018584 0.0011413 0.0007272 0.00041915 0.00025755 0.00013635 0.00011615 7.575e-05 6.06e-05 3.03e-05 3.03e-05 0 5.05e-06 0 1.01e-05 0 0 0 0 0 0 0 0 0 0 0 0 0 0 0 0 0 0 
0.0337896 0.0916676 0.134269 0.157797 0.162388 0.15253 0.133517 0.113867 0.0908243 0.0700789 0.0536512 0.0389052 0.0280376 0.0208666 0.0142713 0.0101253 0.0074134 0.0045753 0.0031411 0.0021513 0.0015352 0.00093425 0.00047975 0.00037875 0.0001919 0.0001919 0.0001111 6.565e-05 5.555e-05 3.03e-05 1.515e-05 1.01e-05 0 0 5.05e-06 0 0 0 0 5.05e-06 0 0 0 0 0 0 0 0 0 0 0 
0.0230028 0.0659631 0.0988336 0.120847 0.128351 0.128649 0.119079 0.105419 0.0896375 0.0735886 0.0586861 0.0455005 0.0342845 0.0256136 0.0187608 0.0135542 0.00965055 0.00658015 0.00463085 0.0035451 0.0021715 0.001515 0.00103525 0.00066155 0.0004343 0.00027775 0.0002121 0.00010605 6.06e-05 6.06e-05 5.05e-06 1.515e-05 2.525e-05 1.515e-05 5.05e-06 5.05e-06 5.05e-06 0 0 0 0 5.05e-06 5.05e-06 0 0 0 0 0 0 0 0 
0.0170387 0.0491113 0.0755026 0.0966469 0.105005 0.108141 0.104818 0.0967277 0.0850269 0.0729978 0.0598375 0.0485356 0.0395264 0.0293405 0.0227351 0.0173064 0.0121958 0.00946875 0.00681245 0.00482275 0.00314615 0.0023533 0.00153015 0.00115645 0.0007777 0.00043935 0.0003434 0.00019695 0.00016665 8.585e-05 4.04e-05 3.535e-05 4.04e-05 5.05e-06 5.05e-06 1.01e-05 5.05e-06 5.05e-06 0 0 5.05e-06 0 0 0 0 5.05e-06 0 0 0 0 0 
0.0135492 0.0383699 0.0603728 0.0782548 0.0883447 0.0917484 0.0917989 0.0875923 0.0795527 0.069584 0.0590951 0.0500657 0.0412939 0.0331129 0.0260126 0.0201849 0.014741 0.0113878 0.00838805 0.0061105 0.0046258 0.00313605 0.00254015 0.00154025 0.0011413 0.0007878 0.0005151 0.0003131 0.00023735 0.0001515 7.575e-05 3.03e-05 6.06e-05 3.535e-05 1.515e-05 1.515e-05 1.01e-05 0 5.05e-06 5.05e-06 0 5.05e-06 0 0 0 0 0 0 0 0 0 
0.0109434 0.0313353 0.0493638 0.0643623 0.0728715 0.0788608 0.0806687 0.0790376 0.0739219 0.0665792 0.0584639 0.0504344 0.042117 0.0348248 0.027972 0.0218413 0.017574 0.0133118 0.0101455 0.00772145 0.0057974 0.00429755 0.0030906 0.00228765 0.0016059 0.00108575 0.00080295 0.00061105 0.00031815 0.0002525 0.0001919 0.0001414 9.595e-05 6.06e-05 2.525e-05 2.525e-05 5.05e-06 1.01e-05 5.05e-06 1.01e-05 5.05e-06 0 0 0 0 0 0 0 0 0 0 
0.00883245 0.0257449 0.0415716 0.0551208 0.0629786 0.0687154 0.0717605 0.0693264 0.0679225 0.062822 0.0556965 0.0502576 0.0425513 0.0364913 0.0292749 0.024336 0.0201798 0.0154025 0.01212 0.00860015 0.0070195 0.00522675 0.0040501 0.00291385 0.0021917 0.0015655 0.0010807 0.0007474 0.00053025 0.000404 0.0002828 0.00016665 0.00012625 7.07e-05 5.555e-05 3.535e-05 1.515e-05 2.02e-05 1.515e-05 1.01e-05 1.01e-05 5.05e-06 0 0 0 0 0 0 0 0 0 
0.00733765 0.02171 0.0346784 0.0463641 0.0547319 0.0608576 0.0628473 0.0629584 0.0620948 0.0593123 0.0537472 0.047571 0.0416827 0.035956 0.0300273 0.0257045 0.0207959 0.0168266 0.0136401 0.010605 0.00806485 0.0059388 0.0048278 0.00344915 0.00264115 0.0022422 0.00155035 0.00101 0.00070195 0.00042925 0.0004343 0.00025755 0.00022725 0.0001111 0.00011615 8.585e-05 2.525e-05 2.525e-05 3.03e-05 1.515e-05 1.01e-05 5.05e-06 1.01e-05 0 0 0 5.05e-06 0 0 0 0 
0.0064438 0.0182406 0.0298001 0.0410262 0.0477225 0.0534139 0.057267 0.057161 0.0564742 0.0546562 0.0508838 0.0465509 0.0408949 0.0356278 0.0309616 0.0259065 0.021614 0.0178821 0.014746 0.0116605 0.00924655 0.0074033 0.00606 0.0043329 0.00323705 0.00261085 0.00178265 0.00136855 0.00104535 0.0007474 0.0005858 0.00036865 0.00028785 0.00015655 0.0001212 8.585e-05 6.565e-05 4.545e-05 3.535e-05 4.545e-05 1.515e-05 2.02e-05 0 1.01e-05 5.05e-06 0 0 5.05e-06 0 0 0 
0.0053227 0.0159631 0.0264772 0.0353551 0.0422685 0.0476165 0.0514696 0.0527271 0.0527574 0.0506111 0.0480811 0.0440916 0.0405616 0.0357288 0.031204 0.0269872 0.0226089 0.0186749 0.0158419 0.0125897 0.0101657 0.00828705 0.00655995 0.0052217 0.003838 0.00313605 0.0023533 0.00169175 0.00124735 0.0008989 0.0006767 0.00047975 0.00047975 0.00028785 0.0001616 0.0001212 0.00012625 8.08e-05 5.05e-05 4.545e-05 2.525e-05 1.515e-05 1.01e-05 2.525e-05 0 1.01e-05 0 0 0 0 0 
0.00460055 0.0139633 0.0224574 0.0305525 0.036865 0.0424453 0.0461873 0.0477478 0.0477882 0.0477023 0.045243 0.0425867 0.0378397 0.0350167 0.0314413 0.0269923 0.0223917 0.0195385 0.0167812 0.0139279 0.0113726 0.00897385 0.00741845 0.00564085 0.0046359 0.0035855 0.00266135 0.00203515 0.0015857 0.00118675 0.0010201 0.00071205 0.0004343 0.00042925 0.0003131 0.0001515 0.000101 0.00012625 6.06e-05 5.05e-05 5.555e-05 3.535e-05 5.05e-06 2.02e-05 5.05e-06 1.515e-05 0 5.05e-06 5.05e-06 0 5.05e-06 
0.00430765 0.0128119 0.0202909 0.0267044 0.0330119 0.0379407 0.0415868 0.0433543 0.0440916 0.0435159 0.0420665 0.0407434 0.0376175 0.0337542 0.0302041 0.0270579 0.0239017 0.0199324 0.0172155 0.0143471 0.0113928 0.00980205 0.00800425 0.0065145 0.00528735 0.0040703 0.00330775 0.0025654 0.00208565 0.00145945 0.00100495 0.0008181 0.00066155 0.0004949 0.0003232 0.00030805 0.0001111 0.00015655 0.000101 7.575e-05 6.06e-05 4.545e-05 3.03e-05 2.525e-05 2.02e-05 1.515e-05 0 5.05e-06 0 0 0 
0.0039188 0.0115443 0.0183012 0.024341 0.0308151 0.0334664 0.037471 0.0400566 0.041208 0.0401021 0.0399556 0.0383396 0.0354763 0.0328503 0.0298455 0.02626 0.023432 0.0210484 0.0177659 0.014948 0.012524 0.0104131 0.00837795 0.00731745 0.00576205 0.0047066 0.0035653 0.00290375 0.00254015 0.00183315 0.00142915 0.00088375 0.00068175 0.00066155 0.00046965 0.00030805 0.00026765 0.0001919 0.00010605 8.08e-05 7.575e-05 4.545e-05 4.04e-05 3.03e-05 5.05e-06 2.525e-05 1.01e-05 1.515e-05 5.05e-06 0 0 
0.00355015 0.0100041 0.0166297 0.0221847 0.0271892 0.0312747 0.0343097 0.036961 0.0378851 0.038885 0.0369559 0.0355369 0.0340774 0.0317595 0.0290123 0.0267549 0.0235785 0.0205434 0.0183568 0.0152157 0.0134734 0.0111201 0.00948895 0.00746895 0.00632765 0.0053025 0.0040602 0.00337845 0.00236845 0.00192405 0.00160085 0.0012423 0.00095445 0.00066155 0.000606 0.00037875 0.00030805 0.0002222 0.00017675 0.00011615 9.09e-05 7.575e-05 5.555e-05 3.03e-05 1.515e-05 2.02e-05 1.01e-05 1.515e-05 1.515e-05 1.01e-05 1.515e-05 
0.00288355 0.00944855 0.0152763 0.0201849 0.025346 0.0285275 0.0313201 0.0333906 0.0353349 0.0360469 0.0348097 0.0339764 0.0330321 0.0303354 0.0281841 0.0257045 0.0236896 0.0205434 0.0180235 0.0153015 0.0137714 0.0114332 0.009393 0.00789315 0.0069993 0.0056459 0.00438845 0.0035754 0.0031411 0.0023129 0.00178265 0.00153015 0.0011514 0.00092415 0.00075245 0.00051005 0.00036865 0.0002929 0.0002424 0.00018685 0.0001111 5.555e-05 0.000101 6.565e-05 3.535e-05 2.525e-05 5.05e-06 2.02e-05 1.01e-05 0 2.02e-05 
0.0026866 0.0086557 0.0138825 0.0187759 0.0230684 0.0262196 0.0293254 0.030699 0.0318706 0.0331886 0.0333351 0.0320221 0.030598 0.0295173 0.0267044 0.02575 0.023028 0.0210131 0.0178417 0.0161499 0.0139431 0.0120695 0.00998385 0.0086557 0.0071912 0.00566105 0.00470155 0.00406525 0.0031411 0.0026664 0.0021412 0.0014746 0.00132815 0.0009797 0.00090395 0.0007474 0.00048985 0.00036865 0.00023735 0.00020705 0.0001313 9.595e-05 0.00010605 8.585e-05 4.04e-05 3.535e-05 2.02e-05 2.02e-05 5.05e-06 0 2.02e-05 
0 0 0 0 0 0 0 0 0 0 0 0 0 0 0 0 0 0 0 0 0 0 0 0 0 0 0 0 0 0 0 0 0 0 0 0 0 0 0 0 0 0 0 0 0 0 0 0 0 0 0 
