Half rod, albedo problem, isotropic scattering, exponential random flight, mu_t: 1
Analogmu_t c: 0.5 maxx: 10 dx: 0.19802 numsamples: 10000000 numCollisionOrders: 20 numMoments: 10
total albedo: 0.17156
per-collision order albedos: 
0 0.125038 0.0311851 0.0097744 0.0034348 0.0012853 0.0004891 0.0002034 8.56e-05 3.55e-05 1.61e-05 6.6e-06 3.1e-06 2.4e-06 4e-07 2e-07 1e-07 0 0 1e-07 
Collision density L:
0.160425 0.139364 0.120642 0.104991 0.0913106 0.0791062 0.0692002 0.0598092 0.0522311 0.0454182 0.0394112 0.0343011 0.0299465 0.0260136 0.0225907 0.0196395 0.0167044 0.0146647 0.0130179 0.011208 0.00974903 0.00851733 0.00729826 0.00642663 0.00546966 0.00479548 0.00419352 0.0036153 0.00314615 0.00276336 0.00246289 0.00203515 0.00176043 0.00155288 0.00136704 0.00117261 0.00108272 0.00088981 0.00075548 0.000672155 0.000599435 0.000505505 0.00045854 0.00041915 0.000336835 0.00028583 0.00025755 0.00022826 0.00022826 0.00018281 0.00113575 
Collision density R:
0.933965 0.811531 0.704799 0.612033 0.532695 0.463341 0.402507 0.3496 0.304397 0.26444 0.230781 0.199975 0.173596 0.151372 0.13143 0.114176 0.0989694 0.0860217 0.0747521 0.0649758 0.0567756 0.0494632 0.0428291 0.0374851 0.0324851 0.0281558 0.0243193 0.021258 0.0183204 0.0160954 0.0139506 0.012119 0.0105994 0.00916878 0.0080694 0.00689628 0.0060595 0.00534947 0.0045652 0.00390416 0.00339512 0.00297597 0.00253308 0.00230482 0.00196092 0.00170791 0.00150945 0.00129331 0.00112413 0.00098879 0.00664984 
Density Moments:
1.65624 2.34196 6.62766 28.1665 159.897 1137.11 9720.1 96915.4 1.10013e+06 1.39229e+07 
Per-collision Density Moments:
1 1.00005 2.00064 6.00393 24.0323 120.363 724.814 5107.69 41284.6 376522 
0.374667 0.624324 1.74737 6.73516 32.8956 194.111 1340.6 10584.6 93749.1 916538 
0.156064 0.343204 1.18593 5.43566 30.8303 208.258 1636.81 14756 151277 1.75317e+06 
0.0682635 0.181506 0.731194 3.82134 24.298 181.292 1550.47 14947.8 160332 1.89146e+06 
0.0308063 0.0944128 0.428056 2.48233 17.3057 139.797 1275.43 12886.2 141879 1.67925e+06 
0.0140987 0.0483748 0.241893 1.53191 11.5749 100.763 986.885 10682.8 125991 1.59957e+06 
0.0065598 0.0248092 0.135175 0.926756 7.55057 70.7089 743.811 8633.04 108900 1.47348e+06 
0.0030522 0.01253 0.0732116 0.534841 4.62609 45.9349 513.161 6354.31 86133.5 1.2637e+06 
0.001435 0.00631692 0.0393866 0.306331 2.81578 29.6108 347.808 4473.32 61920.1 908861 
0.0006792 0.00319901 0.0211929 0.174494 1.69313 18.7207 229.968 3074.78 43998 664571 
0.000324 0.00162944 0.0114494 0.0994478 1.01242 11.6789 148.9 2057.91 30361.9 472337 
0.0001592 0.000840632 0.00617692 0.0561528 0.599038 7.25354 97.2781 1417.15 22072.5 362755 
7.34e-05 0.000396277 0.00299121 0.0278602 0.303909 3.77228 52.2121 791.412 12909.6 222998 
3.25e-05 0.00019217 0.00162376 0.017283 0.216905 3.06478 47.1658 772.204 13227.7 234302 
1.54e-05 9.05804e-05 0.000722062 0.00699437 0.0789071 1.01176 14.4344 224.161 3710.51 64308.6 
6.8e-06 4.00978e-05 0.000311241 0.0028896 0.0308632 0.371377 4.9375 71.0162 1082.59 17191.7 
3.6e-06 2.1243e-05 0.000171773 0.00171939 0.0204911 0.281293 4.28474 69.9019 1188.99 20719.5 
2e-06 1.11482e-05 7.89603e-05 0.000638818 0.00554491 0.0500239 0.462128 4.34237 41.3765 399.216 
1.4e-06 6.80975e-06 5.14456e-05 0.000458088 0.00439138 0.0436739 0.443174 4.55184 47.1314 490.93 
0 0 0 0 0 0 0 0 0 0 
Per-collision Densities L:
0 0 0 0 0 0 0 0 0 0 0 0 0 0 0 0 0 0 0 0 0 0 0 0 0 0 0 0 0 0 0 0 0 0 0 0 0 0 0 0 0 0 0 0 0 0 0 0 0 0 0 
0.113513 0.0929442 0.0760813 0.0625629 0.0514009 0.0417842 0.0348071 0.0281871 0.0232906 0.0190375 0.0156096 0.0129654 0.0106419 0.00861227 0.00714878 0.0058474 0.00471569 0.00384154 0.00321534 0.00265176 0.00215585 0.00177508 0.00146652 0.00120796 0.00098576 0.00084234 0.000647915 0.000554995 0.000431775 0.000366125 0.000302495 0.000244925 0.00019493 0.00015554 0.000143925 0.00011716 9.191e-05 6.8175e-05 5.656e-05 4.848e-05 4.242e-05 3.3835e-05 2.8785e-05 2.3735e-05 1.616e-05 1.7675e-05 1.0605e-05 1.7675e-05 1.5655e-05 7.07e-06 3.3835e-05 
0.0312332 0.0302354 0.0285158 0.0263847 0.0241239 0.0218726 0.019648 0.0175745 0.0154944 0.0137597 0.0119877 0.0104767 0.00897537 0.00797294 0.00694375 0.00592062 0.00496971 0.00433745 0.00381578 0.00318504 0.00272094 0.00236593 0.001919 0.00171145 0.00143521 0.00115999 0.00103525 0.0008484 0.00074235 0.000651955 0.000553985 0.00043329 0.000352995 0.000315625 0.000238865 0.00019594 0.00018786 0.000144935 0.00012423 0.000118675 8.989e-05 7.474e-05 6.8175e-05 6.06e-05 4.8985e-05 3.7875e-05 3.2825e-05 1.818e-05 2.525e-05 2.7775e-05 8.5345e-05 
0.00990911 0.0102384 0.00999092 0.00983134 0.00950612 0.00913646 0.00854864 0.0080396 0.00751339 0.00699678 0.00636553 0.005757 0.00544542 0.00475811 0.00424655 0.00383447 0.00335573 0.00300122 0.00278154 0.00237199 0.00214827 0.00186446 0.00163469 0.00142309 0.00118928 0.00107565 0.00095546 0.00077972 0.00070801 0.000596405 0.000538835 0.000446925 0.000366125 0.000342895 0.000303 0.000242905 0.00022321 0.00019392 0.000161095 0.00012625 0.000115645 9.595e-05 8.08e-05 7.272e-05 5.656e-05 4.9995e-05 4.9995e-05 3.939e-05 3.9895e-05 2.8785e-05 0.00016261 
0.0035042 0.0036057 0.0036658 0.00371276 0.00374054 0.00379558 0.00357894 0.00340774 0.00337997 0.00315322 0.00301283 0.00279366 0.00264721 0.00248915 0.00221039 0.00210333 0.00188971 0.00169125 0.00159833 0.00145339 0.00129785 0.00117716 0.00105899 0.000945865 0.00083426 0.00074538 0.000685285 0.00059388 0.00051005 0.000482275 0.00041612 0.00034037 0.00033128 0.00027573 0.000241895 0.000217655 0.00020301 0.00014948 0.000132815 0.00012726 0.00010605 9.393e-05 8.2315e-05 7.7265e-05 6.7165e-05 5.757e-05 4.848e-05 4.8985e-05 3.7875e-05 3.7875e-05 0.00019089 
0.00136249 0.00137259 0.00142208 0.00149733 0.00149783 0.0014337 0.00152662 0.00150945 0.00145693 0.00139279 0.00135138 0.00125442 0.0012216 0.00116807 0.00106959 0.00103071 0.000906475 0.00094334 0.000832745 0.00077467 0.00069993 0.00065044 0.000583275 0.000545905 0.00049086 0.000459045 0.00039188 0.00037067 0.0003333 0.00029997 0.00028583 0.000239875 0.000207555 0.000188365 0.000174225 0.00016564 0.000142915 0.000122715 0.000119685 9.393e-05 8.989e-05 7.878e-05 6.767e-05 6.666e-05 5.353e-05 3.5855e-05 3.4845e-05 3.131e-05 3.9895e-05 2.5755e-05 0.00017978 
0.000533785 0.000572165 0.000560045 0.000574185 0.00060903 0.00062822 0.000637815 0.000619635 0.00063529 0.000607515 0.00060903 0.000586305 0.00055146 0.000541865 0.000492375 0.00050298 0.00048076 0.0004747 0.000406525 0.000407535 0.000364105 0.000332795 0.000331785 0.000299465 0.00025856 0.000245935 0.000207555 0.000221695 0.000201495 0.000164125 0.000162105 0.000145945 0.00013938 0.00011716 0.00012019 0.000103525 0.000102515 9.2415e-05 6.9185e-05 6.6155e-05 7.373e-05 5.2015e-05 5.05e-05 4.4945e-05 3.3835e-05 3.2825e-05 3.131e-05 2.5755e-05 2.929e-05 2.02e-05 0.00015049 
0.00020402 0.00022422 0.000234825 0.000255025 0.00023836 0.000265125 0.0002525 0.00025957 0.000267145 0.000259065 0.00026159 0.00024038 0.000256035 0.000262095 0.000255025 0.00021715 0.00020907 0.0001919 0.00019392 0.000187355 0.00019998 0.00018281 0.000149985 0.000149985 0.0001313 0.000133825 0.00012625 0.00011009 0.00010908 0.000107565 9.1405e-05 8.0295e-05 8.3325e-05 7.8275e-05 6.767e-05 5.5045e-05 5.454e-05 5.4035e-05 3.939e-05 3.939e-05 3.0805e-05 3.131e-05 3.131e-05 3.333e-05 2.3735e-05 1.818e-05 1.9695e-05 1.8685e-05 2.0705e-05 1.2625e-05 0.00011716 
8.686e-05 9.4435e-05 9.7465e-05 0.00010201 0.00011918 0.00010605 0.000119685 0.000121705 0.00010706 0.000115645 0.000121705 0.0001313 0.00011211 0.000113625 0.0001212 9.7465e-05 0.000101 0.000105545 9.0395e-05 9.393e-05 8.1305e-05 9.292e-05 7.979e-05 7.8275e-05 7.474e-05 6.7165e-05 6.5145e-05 7.0195e-05 6.4135e-05 4.6965e-05 5.555e-05 4.3935e-05 4.242e-05 3.5855e-05 3.6865e-05 3.1815e-05 3.838e-05 3.434e-05 2.626e-05 2.4745e-05 2.5755e-05 1.919e-05 2.323e-05 1.6665e-05 1.8685e-05 1.3635e-05 1.1615e-05 1.111e-05 8.08e-06 1.1615e-05 7.878e-05 
4.444e-05 4.4945e-05 4.141e-05 3.939e-05 4.242e-05 4.747e-05 5.1005e-05 4.545e-05 5.2015e-05 5.252e-05 4.04e-05 4.9995e-05 5.3025e-05 5.9085e-05 5.858e-05 4.848e-05 3.939e-05 4.343e-05 4.545e-05 4.444e-05 3.5855e-05 4.04e-05 3.8885e-05 3.232e-05 3.5855e-05 3.2825e-05 3.838e-05 3.3835e-05 2.121e-05 2.929e-05 3.03e-05 3.232e-05 2.121e-05 2.0705e-05 2.121e-05 2.121e-05 1.818e-05 1.313e-05 1.111e-05 1.414e-05 1.212e-05 1.1615e-05 1.0605e-05 1.01e-05 8.585e-06 9.595e-06 7.575e-06 9.09e-06 6.06e-06 6.565e-06 5.3025e-05 
1.818e-05 1.7675e-05 1.919e-05 1.616e-05 1.919e-05 2.5755e-05 1.3635e-05 2.3735e-05 1.5655e-05 1.9695e-05 3.0805e-05 2.4745e-05 2.7775e-05 1.4645e-05 2.222e-05 1.717e-05 1.9695e-05 1.6665e-05 2.0705e-05 1.717e-05 2.2725e-05 1.8685e-05 1.9695e-05 1.818e-05 1.5655e-05 1.818e-05 1.717e-05 1.616e-05 1.1615e-05 1.111e-05 1.515e-05 1.3635e-05 8.585e-06 7.575e-06 1.111e-05 9.595e-06 1.01e-05 8.08e-06 8.08e-06 6.06e-06 6.06e-06 6.565e-06 7.575e-06 5.555e-06 5.555e-06 4.04e-06 5.05e-06 2.525e-06 3.03e-06 1.515e-06 3.131e-05 
8.08e-06 7.575e-06 7.07e-06 9.595e-06 7.07e-06 7.575e-06 1.01e-05 1.0605e-05 7.07e-06 1.5655e-05 1.4645e-05 1.212e-05 5.05e-06 1.1615e-05 1.313e-05 1.01e-05 1.111e-05 1.0605e-05 1.01e-05 1.1615e-05 1.1615e-05 8.08e-06 9.595e-06 6.06e-06 9.09e-06 8.585e-06 1.3635e-05 7.575e-06 5.555e-06 6.565e-06 5.555e-06 8.585e-06 6.06e-06 9.595e-06 4.545e-06 6.06e-06 5.555e-06 5.555e-06 3.03e-06 6.06e-06 4.545e-06 4.04e-06 3.535e-06 3.535e-06 1.01e-06 2.02e-06 3.535e-06 2.525e-06 1.515e-06 2.02e-06 2.424e-05 
4.04e-06 4.04e-06 4.545e-06 4.04e-06 3.535e-06 2.525e-06 3.535e-06 4.04e-06 5.555e-06 5.05e-06 3.535e-06 4.545e-06 5.555e-06 6.565e-06 5.05e-06 5.555e-06 4.04e-06 2.525e-06 3.535e-06 5.05e-06 7.07e-06 4.545e-06 3.03e-06 3.535e-06 4.04e-06 4.545e-06 6.06e-06 3.03e-06 4.545e-06 5.05e-07 2.02e-06 3.535e-06 4.04e-06 1.515e-06 0 4.04e-06 2.02e-06 1.01e-06 2.525e-06 5.05e-07 5.05e-07 2.525e-06 2.525e-06 1.01e-06 1.515e-06 1.515e-06 5.05e-07 1.01e-06 5.05e-07 0 1.717e-05 
2.02e-06 2.525e-06 1.515e-06 5.05e-07 1.01e-06 0 1.01e-06 4.04e-06 3.03e-06 1.515e-06 1.01e-06 2.525e-06 1.515e-06 1.515e-06 2.02e-06 1.515e-06 1.01e-06 2.525e-06 1.01e-06 3.535e-06 2.525e-06 2.02e-06 2.02e-06 1.01e-06 2.525e-06 5.05e-07 2.02e-06 2.525e-06 1.515e-06 0 3.03e-06 5.05e-07 1.515e-06 1.515e-06 2.02e-06 1.01e-06 1.515e-06 1.01e-06 5.05e-07 0 1.01e-06 5.05e-07 5.05e-07 2.02e-06 5.05e-07 1.01e-06 0 5.05e-07 5.05e-07 0 4.545e-06 
5.05e-07 5.05e-07 5.05e-07 1.01e-06 1.01e-06 0 0 5.05e-07 2.02e-06 1.01e-06 5.05e-07 5.05e-07 2.525e-06 1.515e-06 1.01e-06 1.515e-06 1.01e-06 5.05e-07 2.02e-06 0 5.05e-07 1.01e-06 5.05e-07 1.515e-06 1.515e-06 1.01e-06 5.05e-07 2.02e-06 5.05e-07 0 0 5.05e-07 5.05e-07 2.525e-06 5.05e-07 5.05e-07 5.05e-07 1.01e-06 5.05e-07 0 5.05e-07 0 5.05e-07 0 0 2.02e-06 5.05e-07 1.515e-06 0 1.01e-06 4.04e-06 
0 0 0 0 0 1.01e-06 5.05e-07 1.01e-06 5.05e-07 5.05e-07 5.05e-07 5.05e-07 0 0 5.05e-07 5.05e-07 0 5.05e-07 5.05e-07 0 0 5.05e-07 0 5.05e-07 0 5.05e-07 5.05e-07 5.05e-07 1.01e-06 0 5.05e-07 5.05e-07 0 0 5.05e-07 5.05e-07 0 0 5.05e-07 5.05e-07 5.05e-07 5.05e-07 0 0 5.05e-07 1.01e-06 5.05e-07 0 0 0 1.515e-06 
5.05e-07 0 0 0 0 0 5.05e-07 0 5.05e-07 0 0 5.05e-07 0 0 5.05e-07 5.05e-07 0 0 0 5.05e-07 0 0 5.05e-07 1.515e-06 5.05e-07 0 5.05e-07 0 0 5.05e-07 0 0 5.05e-07 0 5.05e-07 0 5.05e-07 0 0 0 0 0 0 5.05e-07 5.05e-07 5.05e-07 5.05e-07 0 0 0 5.05e-07 
0 0 0 0 0 0 0 5.05e-07 0 0 0 5.05e-07 0 0 0 0 0 1.01e-06 0 0 5.05e-07 5.05e-07 0 0 0 0 0 0 0 0 0 0 0 0 0 0 0 0 0 0 0 0 5.05e-07 5.05e-07 0 5.05e-07 0 0 0 0 0 
5.05e-07 0 0 0 5.05e-07 0 5.05e-07 0 0 0 5.05e-07 0 0 0 0 0 0 0 0 0 0 0 0 0 5.05e-07 0 0 0 0 0 0 0 0 0 0 0 0 0 0 0 0 0 0 0 0 0 0 0 0 0 5.05e-07 
0 0 0 0 0 0 0 0 0 0 0 0 0 0 0 0 0 0 0 0 0 0 0 0 0 0 0 0 0 0 0 0 0 0 0 0 0 0 0 0 0 0 0 0 0 0 0 0 0 0 0 
Per-collision Densities L:
0.907911 0.744632 0.610008 0.50017 0.411078 0.336833 0.276235 0.226534 0.186071 0.152757 0.125637 0.103071 0.0842481 0.06898 0.0570004 0.0465499 0.0380694 0.0311863 0.0255384 0.0209999 0.0173538 0.0142183 0.0116423 0.00956773 0.00789265 0.00647915 0.00520352 0.00433139 0.00362287 0.00292446 0.00238663 0.00196395 0.00158974 0.00130745 0.00111151 0.00085042 0.000733765 0.000630745 0.00047167 0.000381275 0.00032118 0.000258055 0.000205535 0.00019493 0.00015049 0.0001212 0.00010504 8.5345e-05 7.171e-05 6.767e-05 0.00024644 
0.0217766 0.0545067 0.0751632 0.0860172 0.0908505 0.0917115 0.0887235 0.0839477 0.0780568 0.0714418 0.0653031 0.0585098 0.0519494 0.0461964 0.0402707 0.0357555 0.031054 0.0268953 0.0235234 0.0202268 0.0174715 0.0151596 0.0130512 0.0112065 0.00937987 0.00811586 0.00687659 0.00587113 0.00490608 0.00427129 0.00358449 0.0030093 0.00258813 0.00219574 0.00184628 0.00153874 0.00131856 0.00110999 0.00091809 0.0007878 0.00065246 0.000501465 0.0004545 0.000396425 0.00033532 0.000277245 0.00023735 0.000181295 0.00015554 0.000128775 0.00069488 
0.00312343 0.00891073 0.0140279 0.01833 0.0214484 0.0237643 0.0253919 0.0260227 0.026206 0.0257707 0.0250455 0.0235891 0.0224907 0.0213999 0.019791 0.0180487 0.0165206 0.0152384 0.013588 0.0123306 0.0110696 0.00997022 0.00868701 0.00790426 0.0069488 0.00611404 0.00538027 0.00475458 0.00409202 0.00359358 0.00317847 0.00275225 0.00239269 0.00210232 0.00182305 0.00155793 0.00136754 0.00119079 0.00101404 0.000843855 0.000706495 0.000647915 0.00052419 0.00046056 0.00039592 0.00034037 0.000301485 0.000256035 0.00020705 0.00018483 0.00106707 
0.0007474 0.00235532 0.00373902 0.00497223 0.00615191 0.00722403 0.00785528 0.00836937 0.00887588 0.00902688 0.00913596 0.0089991 0.00887841 0.00879912 0.00838553 0.00794668 0.00762197 0.00707758 0.00661197 0.00621453 0.00579336 0.00536209 0.00485507 0.00442532 0.00410161 0.00365923 0.00334058 0.00298657 0.00268963 0.00242299 0.00217706 0.0019594 0.00175336 0.00154884 0.00135845 0.00118322 0.00105141 0.000936775 0.0008282 0.000725685 0.000650945 0.000565095 0.00046662 0.000413595 0.000350975 0.0003232 0.000282295 0.000240885 0.00020705 0.000195435 0.00114686 
0.00025149 0.0007272 0.00118473 0.00162358 0.00202101 0.00242552 0.00270226 0.00289971 0.00315979 0.00330523 0.00345471 0.00346481 0.00363348 0.00356227 0.00354207 0.00343501 0.00324059 0.00313504 0.00308505 0.00290123 0.00275074 0.00253864 0.00248662 0.00230028 0.00215029 0.00194425 0.00179174 0.00165438 0.00147662 0.00142259 0.00124382 0.00112262 0.00103677 0.00094637 0.00085648 0.000786285 0.000703465 0.00063125 0.00058681 0.00049692 0.00043935 0.0004343 0.00036461 0.000325725 0.0002727 0.000248965 0.000220685 0.00019089 0.00015756 0.00014746 0.00103929 
9.09e-05 0.00023735 0.00041107 0.000585295 0.00070902 0.00085042 0.000991315 0.00109484 0.00121402 0.00131805 0.00128068 0.00139582 0.00142309 0.00142814 0.00141653 0.00138976 0.00141097 0.00141905 0.00137158 0.00128472 0.00130038 0.00122059 0.00112716 0.00112009 0.00106757 0.000941825 0.000912535 0.00084032 0.00077871 0.000728715 0.00068882 0.0006363 0.00057873 0.00054136 0.00050702 0.000462075 0.00039996 0.00039693 0.000339865 0.000308555 0.00027977 0.00024442 0.000240885 0.000214625 0.000181295 0.00016362 0.000150995 0.00013736 0.000129785 0.000111605 0.00082921 
3.6865e-05 9.2415e-05 0.00016463 0.00019291 0.00026563 0.0003333 0.000370165 0.000442885 0.00049692 0.00047571 0.00054742 0.000548935 0.000556005 0.0005757 0.00058075 0.00060398 0.000588325 0.000609535 0.00056964 0.000579235 0.00058782 0.000553985 0.000509545 0.000507525 0.000514595 0.000479245 0.000433795 0.000425715 0.000383295 0.00036966 0.00037673 0.00033431 0.0003535 0.000251995 0.0002929 0.000247955 0.000238865 0.000212605 0.00018988 0.00017675 0.000160085 0.000154025 0.000114635 0.000135845 0.00013231 0.000104535 8.8375e-05 8.888e-05 7.979e-05 6.5145e-05 0.000609535 
1.5655e-05 4.141e-05 5.959e-05 8.787e-05 9.999e-05 0.000123725 0.00012423 0.00017978 0.000189375 0.00020503 0.00023129 0.000223715 0.00024947 0.000247955 0.00024139 0.00024644 0.000267145 0.000270175 0.00027674 0.00024846 0.000260075 0.00024644 0.00027068 0.00022624 0.000234825 0.00023735 0.00018887 0.000202 0.000189375 0.00019594 0.00016362 0.00016766 0.00015756 0.00012524 0.00014241 0.00013029 0.00011918 0.00011615 0.00011716 9.595e-05 8.383e-05 8.686e-05 7.575e-05 7.9285e-05 7.0195e-05 6.565e-05 6.06e-05 5.3025e-05 5.7065e-05 4.1915e-05 0.00038683 
8.585e-06 1.8685e-05 2.424e-05 3.1815e-05 3.8885e-05 4.242e-05 6.262e-05 6.4135e-05 7.5245e-05 7.474e-05 8.888e-05 9.6455e-05 9.393e-05 9.696e-05 0.00011615 0.00010605 0.000108575 0.00011413 0.00010403 0.00010807 9.7465e-05 0.000105545 0.0001111 0.000120695 0.00011009 9.898e-05 0.000100495 9.7465e-05 8.8375e-05 8.0295e-05 7.8275e-05 9.7465e-05 6.9185e-05 7.171e-05 6.666e-05 6.7165e-05 6.363e-05 6.4135e-05 5.2015e-05 4.2925e-05 5.3025e-05 4.242e-05 4.3935e-05 3.5855e-05 3.131e-05 2.8785e-05 3.131e-05 2.5755e-05 2.6765e-05 2.525e-05 0.00025654 
2.02e-06 5.555e-06 6.565e-06 1.4645e-05 1.7675e-05 1.616e-05 3.03e-05 2.5755e-05 2.727e-05 3.9895e-05 3.535e-05 4.545e-05 4.1915e-05 5.2015e-05 4.848e-05 4.646e-05 4.141e-05 4.343e-05 4.3935e-05 4.444e-05 5.05e-05 4.7975e-05 4.7975e-05 6.161e-05 4.646e-05 4.343e-05 5.151e-05 5.151e-05 5.6055e-05 4.3935e-05 4.2925e-05 3.737e-05 4.141e-05 3.1815e-05 3.232e-05 3.535e-05 3.2825e-05 2.8785e-05 2.5755e-05 2.2725e-05 2.6765e-05 2.2725e-05 1.8685e-05 1.8685e-05 1.818e-05 2.02e-05 1.6665e-05 1.313e-05 1.4645e-05 9.09e-06 0.00015958 
5.05e-07 2.525e-06 5.555e-06 5.555e-06 8.08e-06 9.09e-06 1.1615e-05 1.2625e-05 1.4645e-05 1.414e-05 1.3635e-05 1.6665e-05 1.7675e-05 1.616e-05 2.323e-05 2.121e-05 2.525e-05 2.121e-05 2.0705e-05 1.919e-05 2.02e-05 2.3735e-05 2.525e-05 2.5755e-05 2.4745e-05 2.121e-05 2.7775e-05 2.222e-05 2.121e-05 2.424e-05 1.717e-05 1.919e-05 2.02e-05 2.4745e-05 1.6665e-05 2.1715e-05 1.9695e-05 1.6665e-05 1.01e-05 1.0605e-05 1.01e-05 9.09e-06 1.5655e-05 1.212e-05 8.585e-06 6.06e-06 8.08e-06 1.01e-05 7.575e-06 5.05e-06 0.00010504 
5.05e-07 1.515e-06 2.525e-06 5.05e-07 2.525e-06 3.03e-06 6.06e-06 6.06e-06 6.06e-06 4.545e-06 4.04e-06 7.07e-06 9.595e-06 7.575e-06 8.08e-06 1.4645e-05 1.212e-05 5.555e-06 9.595e-06 1.212e-05 1.0605e-05 8.585e-06 9.09e-06 1.111e-05 7.575e-06 1.1615e-05 5.555e-06 1.212e-05 7.575e-06 1.01e-05 6.06e-06 1.212e-05 1.1615e-05 1.313e-05 5.555e-06 1.01e-05 5.555e-06 9.595e-06 5.555e-06 5.555e-06 6.06e-06 4.545e-06 3.535e-06 7.07e-06 7.07e-06 5.05e-06 3.03e-06 4.545e-06 3.03e-06 5.05e-06 5.252e-05 
0 0 1.515e-06 1.01e-06 2.02e-06 1.515e-06 1.515e-06 1.01e-06 2.02e-06 5.05e-06 3.03e-06 3.03e-06 3.535e-06 6.565e-06 3.03e-06 6.565e-06 4.04e-06 3.03e-06 5.555e-06 3.535e-06 5.05e-06 4.545e-06 5.05e-06 4.545e-06 3.535e-06 4.545e-06 4.545e-06 3.535e-06 5.05e-06 4.04e-06 3.03e-06 3.03e-06 4.545e-06 4.04e-06 7.07e-06 3.535e-06 2.525e-06 2.525e-06 3.535e-06 3.03e-06 3.535e-06 3.03e-06 2.02e-06 5.555e-06 4.04e-06 1.01e-06 2.02e-06 4.04e-06 4.545e-06 5.05e-07 2.3735e-05 
0 0 0 1.01e-06 1.01e-06 1.01e-06 5.05e-07 0 1.515e-06 5.05e-07 0 2.525e-06 5.05e-07 2.525e-06 1.01e-06 3.03e-06 2.525e-06 2.525e-06 2.525e-06 2.02e-06 1.515e-06 2.02e-06 5.05e-07 1.01e-06 5.05e-07 4.545e-06 5.05e-07 4.04e-06 1.01e-06 2.525e-06 5.05e-07 3.03e-06 1.515e-06 2.02e-06 1.515e-06 5.05e-07 1.515e-06 1.01e-06 2.02e-06 1.01e-06 5.05e-07 1.01e-06 1.01e-06 3.03e-06 5.05e-07 1.01e-06 0 5.05e-07 1.01e-06 1.01e-06 2.121e-05 
0 0 5.05e-07 0 5.05e-07 5.05e-07 0 0 5.05e-07 5.05e-07 0 1.01e-06 5.05e-07 5.05e-07 5.05e-07 5.05e-07 1.515e-06 0 5.05e-07 5.05e-07 1.01e-06 0 0 2.02e-06 1.01e-06 5.05e-07 5.05e-07 5.05e-07 5.05e-07 5.05e-07 2.02e-06 1.01e-06 0 1.01e-06 5.05e-07 1.01e-06 1.01e-06 1.01e-06 5.05e-07 5.05e-07 1.01e-06 5.05e-07 1.01e-06 5.05e-07 5.05e-07 0 1.01e-06 5.05e-07 0 0 5.555e-06 
0 0 0 0 0 5.05e-07 5.05e-07 0 0 0 1.01e-06 0 0 0 0 5.05e-07 5.05e-07 5.05e-07 5.05e-07 5.05e-07 0 5.05e-07 5.05e-07 0 5.05e-07 0 5.05e-07 5.05e-07 1.515e-06 5.05e-07 1.01e-06 0 5.05e-07 5.05e-07 0 0 0 0 0 5.05e-07 0 5.05e-07 0 0 0 1.01e-06 0 5.05e-07 1.01e-06 0 2.02e-06 
0 0 0 0 0 5.05e-07 0 0 0 0 0 5.05e-07 0 5.05e-07 0 5.05e-07 5.05e-07 0 0 0 0 5.05e-07 0 0 0 0 0 0 0 0 0 0 0 5.05e-07 0 0 0 5.05e-07 0 0 0 0 0 5.05e-07 5.05e-07 0 5.05e-07 0 0 0 1.515e-06 
0 0 0 0 0 5.05e-07 0 0 0 0 0 0 0 0 5.05e-07 0 0 0 0 0 1.515e-06 0 0 0 5.05e-07 0 0 0 0 0 0 0 0 0 0 0 0 0 0 5.05e-07 0 0 5.05e-07 5.05e-07 0 0 0 5.05e-07 0 0 5.05e-07 
0 0 0 0 0 0 0 0 5.05e-07 0 0 0 0 0 5.05e-07 0 0 0 0 0 5.05e-07 0 0 5.05e-07 0 0 0 0 5.05e-07 0 0 0 0 0 0 0 0 0 0 0 0 0 0 0 5.05e-07 0 0 0 0 0 1.01e-06 
0 0 0 0 0 0 0 0 0 0 0 0 0 0 0 0 0 0 0 0 0 0 0 0 0 0 0 0 0 0 0 0 0 0 0 0 0 0 0 0 0 0 0 0 0 0 0 0 0 0 0 
