Half rod, albedo problem, Anisotropic scattering, exponential random flight, mu_t: 1 g: 0.5
Analogmu_t c: 0.1 maxx: 10 dx: 0.19802 numsamples: 10000000 numCollisionOrders: 20 numMoments: 10
total albedo: 0.0135172
per-collision order albedos: 
0 0.0124841 0.000951 7.63e-05 5.2e-06 4e-07 1e-07 1e-07 0 0 0 0 0 0 0 0 0 0 0 0 
Collision density L:
0.012477 0.0104182 0.0085042 0.00715484 0.00593375 0.00501617 0.00415161 0.00353248 0.00285376 0.00238714 0.00194476 0.00164277 0.00136098 0.001161 0.000966065 0.000772145 0.00062418 0.00053833 0.000445915 0.00036966 0.000306535 0.00027068 0.000224725 0.00018988 0.000157055 0.00012928 0.000113625 7.878e-05 7.878e-05 5.353e-05 4.4945e-05 3.9895e-05 3.5855e-05 2.828e-05 2.4745e-05 1.9695e-05 1.5655e-05 1.414e-05 7.575e-06 1.111e-05 1.111e-05 7.575e-06 5.05e-06 7.07e-06 2.525e-06 2.02e-06 4.545e-06 2.02e-06 2.525e-06 1.01e-06 1.0605e-05 
Collision density R:
0.914445 0.761113 0.634269 0.527224 0.438655 0.36469 0.304871 0.25375 0.211298 0.176264 0.146761 0.121911 0.101554 0.0840088 0.0703748 0.0583502 0.0486552 0.0407187 0.0339335 0.0283628 0.0234325 0.0194713 0.0160792 0.0134921 0.0112509 0.00942179 0.00782094 0.00658318 0.00548127 0.00450864 0.00374559 0.00312242 0.00260075 0.00218766 0.00179982 0.00150945 0.00121352 0.00106505 0.00085446 0.00070498 0.000621655 0.0005151 0.000432785 0.000331785 0.00027674 0.00025553 0.00020907 0.00016665 0.000139885 0.000120695 0.000578225 
Density Moments:
1.09611 1.18501 2.56293 8.31742 36.0112 195.147 1273.37 9776.9 87348 905542 
Per-collision Density Moments:
1 0.999876 1.99982 5.99938 23.9914 119.828 716.745 4982.1 39328.3 346203 
0.0875027 0.162228 0.474053 1.87312 9.31528 55.8462 391.887 3147.59 28398.4 282987 
0.0078093 0.0202775 0.0768261 0.373713 2.20933 15.4036 124.786 1170.2 12724 160111 
0.0007263 0.0023561 0.0108245 0.0623639 0.431891 3.56635 35.625 437.302 6512.04 112332 
6.53e-05 0.00024276 0.00124689 0.00776894 0.0556805 0.444686 3.8701 36.0806 355.436 3659.25 
5.8e-06 2.43184e-05 0.000136619 0.000885432 0.00620528 0.0457388 0.3497 2.75028 22.1223 181.212 
8e-07 3.18481e-06 1.99624e-05 0.000148839 0.0011941 0.0100016 0.0863281 0.761688 6.83028 61.985 
2e-07 9.1995e-07 5.74881e-06 4.04012e-05 0.000293651 0.00215315 0.0158226 0.116339 0.855526 6.29154 
0 0 0 0 0 0 0 0 0 0 
0 0 0 0 0 0 0 0 0 0 
0 0 0 0 0 0 0 0 0 0 
0 0 0 0 0 0 0 0 0 0 
0 0 0 0 0 0 0 0 0 0 
0 0 0 0 0 0 0 0 0 0 
0 0 0 0 0 0 0 0 0 0 
0 0 0 0 0 0 0 0 0 0 
0 0 0 0 0 0 0 0 0 0 
0 0 0 0 0 0 0 0 0 0 
0 0 0 0 0 0 0 0 0 0 
0 0 0 0 0 0 0 0 0 0 
Per-collision Densities L:
0 0 0 0 0 0 0 0 0 0 0 0 0 0 0 0 0 0 0 0 0 0 0 0 0 0 0 0 0 0 0 0 0 0 0 0 0 0 0 0 0 0 0 0 0 0 0 0 0 0 0 
0.0114746 0.0094127 0.007575 0.00626857 0.00511818 0.00426119 0.00350824 0.00291486 0.00232603 0.00192708 0.00153318 0.00127361 0.00104434 0.00086658 0.00072316 0.00057065 0.00045652 0.00038178 0.0003131 0.000263105 0.000218665 0.00017271 0.00014241 0.000123725 9.191e-05 8.989e-05 6.868e-05 5.05e-05 4.8985e-05 3.737e-05 2.2725e-05 2.1715e-05 2.323e-05 1.3635e-05 1.3635e-05 1.111e-05 8.585e-06 5.05e-06 2.02e-06 6.565e-06 3.535e-06 3.535e-06 4.04e-06 3.535e-06 2.02e-06 1.01e-06 2.02e-06 1.01e-06 2.02e-06 5.05e-07 3.03e-06 
0.000934755 0.0009191 0.000851935 0.000807495 0.00073629 0.00067771 0.000572165 0.000546915 0.000458035 0.00040804 0.000352995 0.0003232 0.00027169 0.00024038 0.000206545 0.000172205 0.00014443 0.00013231 0.00011413 8.4335e-05 7.4235e-05 7.676e-05 6.464e-05 5.151e-05 4.6965e-05 3.03e-05 3.7875e-05 2.424e-05 2.424e-05 1.111e-05 1.717e-05 1.515e-05 8.585e-06 1.212e-05 6.565e-06 6.565e-06 5.05e-06 5.05e-06 4.04e-06 3.535e-06 6.06e-06 3.535e-06 1.01e-06 2.525e-06 5.05e-07 0 1.515e-06 5.05e-07 5.05e-07 5.05e-07 5.555e-06 
6.2115e-05 8.08e-05 7.171e-05 7.1205e-05 7.0195e-05 7.2215e-05 6.5145e-05 6.3125e-05 6.5145e-05 4.8985e-05 4.949e-05 3.6865e-05 4.1915e-05 5.05e-05 3.131e-05 2.2725e-05 1.9695e-05 1.919e-05 1.616e-05 1.919e-05 1.1615e-05 1.919e-05 1.4645e-05 1.1615e-05 1.717e-05 9.09e-06 7.07e-06 3.535e-06 4.545e-06 4.545e-06 2.525e-06 2.525e-06 4.04e-06 1.515e-06 3.535e-06 1.515e-06 1.01e-06 2.525e-06 1.515e-06 5.05e-07 1.01e-06 5.05e-07 0 1.01e-06 0 1.01e-06 1.01e-06 5.05e-07 0 0 2.02e-06 
5.555e-06 5.555e-06 5.05e-06 7.575e-06 8.08e-06 4.04e-06 5.05e-06 7.575e-06 3.03e-06 2.525e-06 8.585e-06 8.585e-06 3.03e-06 3.535e-06 5.05e-06 5.555e-06 3.535e-06 4.04e-06 2.525e-06 3.03e-06 2.02e-06 1.515e-06 2.525e-06 3.03e-06 1.01e-06 0 0 5.05e-07 5.05e-07 5.05e-07 1.515e-06 5.05e-07 0 1.01e-06 5.05e-07 0 5.05e-07 1.515e-06 0 0 5.05e-07 0 0 0 0 0 0 0 0 0 0 
0 0 5.05e-07 0 5.05e-07 1.01e-06 5.05e-07 0 1.01e-06 5.05e-07 5.05e-07 5.05e-07 0 0 0 1.01e-06 0 1.01e-06 0 0 0 0 5.05e-07 0 0 0 0 0 5.05e-07 0 5.05e-07 0 0 0 5.05e-07 0 5.05e-07 0 0 5.05e-07 0 0 0 0 0 0 0 0 0 0 0 
0 0 0 0 5.05e-07 0 5.05e-07 0 5.05e-07 0 0 0 0 0 0 0 0 0 0 0 0 5.05e-07 0 0 0 0 0 0 0 0 5.05e-07 0 0 0 0 5.05e-07 0 0 0 0 0 0 0 0 0 0 0 0 0 0 0 
0 0 0 0 0 0 0 0 0 0 0 0 0 0 0 0 0 0 0 0 0 0 0 0 0 0 0 0 0 0 0 0 0 0 0 0 0 0 0 0 0 0 0 0 0 0 0 0 0 0 0 
0 0 0 0 0 0 0 0 0 0 0 0 0 0 0 0 0 0 0 0 0 0 0 0 0 0 0 0 0 0 0 0 0 0 0 0 0 0 0 0 0 0 0 0 0 0 0 0 0 0 0 
0 0 0 0 0 0 0 0 0 0 0 0 0 0 0 0 0 0 0 0 0 0 0 0 0 0 0 0 0 0 0 0 0 0 0 0 0 0 0 0 0 0 0 0 0 0 0 0 0 0 0 
0 0 0 0 0 0 0 0 0 0 0 0 0 0 0 0 0 0 0 0 0 0 0 0 0 0 0 0 0 0 0 0 0 0 0 0 0 0 0 0 0 0 0 0 0 0 0 0 0 0 0 
0 0 0 0 0 0 0 0 0 0 0 0 0 0 0 0 0 0 0 0 0 0 0 0 0 0 0 0 0 0 0 0 0 0 0 0 0 0 0 0 0 0 0 0 0 0 0 0 0 0 0 
0 0 0 0 0 0 0 0 0 0 0 0 0 0 0 0 0 0 0 0 0 0 0 0 0 0 0 0 0 0 0 0 0 0 0 0 0 0 0 0 0 0 0 0 0 0 0 0 0 0 0 
0 0 0 0 0 0 0 0 0 0 0 0 0 0 0 0 0 0 0 0 0 0 0 0 0 0 0 0 0 0 0 0 0 0 0 0 0 0 0 0 0 0 0 0 0 0 0 0 0 0 0 
0 0 0 0 0 0 0 0 0 0 0 0 0 0 0 0 0 0 0 0 0 0 0 0 0 0 0 0 0 0 0 0 0 0 0 0 0 0 0 0 0 0 0 0 0 0 0 0 0 0 0 
0 0 0 0 0 0 0 0 0 0 0 0 0 0 0 0 0 0 0 0 0 0 0 0 0 0 0 0 0 0 0 0 0 0 0 0 0 0 0 0 0 0 0 0 0 0 0 0 0 0 0 
0 0 0 0 0 0 0 0 0 0 0 0 0 0 0 0 0 0 0 0 0 0 0 0 0 0 0 0 0 0 0 0 0 0 0 0 0 0 0 0 0 0 0 0 0 0 0 0 0 0 0 
0 0 0 0 0 0 0 0 0 0 0 0 0 0 0 0 0 0 0 0 0 0 0 0 0 0 0 0 0 0 0 0 0 0 0 0 0 0 0 0 0 0 0 0 0 0 0 0 0 0 0 
0 0 0 0 0 0 0 0 0 0 0 0 0 0 0 0 0 0 0 0 0 0 0 0 0 0 0 0 0 0 0 0 0 0 0 0 0 0 0 0 0 0 0 0 0 0 0 0 0 0 0 
0 0 0 0 0 0 0 0 0 0 0 0 0 0 0 0 0 0 0 0 0 0 0 0 0 0 0 0 0 0 0 0 0 0 0 0 0 0 0 0 0 0 0 0 0 0 0 0 0 0 0 
Per-collision Densities L:
0.907793 0.744452 0.611082 0.500261 0.410461 0.336046 0.276742 0.226977 0.186109 0.153064 0.125483 0.102758 0.0845001 0.0687366 0.0567413 0.0462817 0.0379972 0.031364 0.0256596 0.0212918 0.0172988 0.0142067 0.0114963 0.00947835 0.00789366 0.00648976 0.00520504 0.00442178 0.00357944 0.00291335 0.00239219 0.00195334 0.00159833 0.00127664 0.00107717 0.00088375 0.000692355 0.000618625 0.00047975 0.00039087 0.00032724 0.000267145 0.00022119 0.000181295 0.000141905 0.000140895 0.00011009 9.09e-05 6.4135e-05 6.06e-05 0.00024846 
0.00659177 0.0163888 0.0226361 0.0261307 0.0271599 0.0273609 0.0266297 0.0251995 0.0235406 0.0214908 0.0195733 0.0174599 0.0154601 0.0137138 0.0121215 0.0106742 0.00935462 0.00819565 0.0071407 0.00605243 0.00524594 0.00444097 0.00384709 0.00333199 0.002777 0.00240279 0.002121 0.00172205 0.00149379 0.00126705 0.00107565 0.00092011 0.00079083 0.00070195 0.00054338 0.000467125 0.000381275 0.000322695 0.00026967 0.00022725 0.00020907 0.000177255 0.00015554 0.00010504 0.00010201 7.8275e-05 6.868e-05 5.151e-05 5.1005e-05 3.6865e-05 0.00021715 
5.9085e-05 0.000264115 0.00052823 0.000791335 0.00099586 0.00123675 0.00142259 0.00150591 0.00154581 0.0016059 0.00159479 0.00158671 0.00148066 0.00144481 0.00140239 0.00127816 0.00117716 0.0010403 0.00101909 0.00092011 0.000792345 0.00073528 0.00065549 0.00059792 0.00050702 0.00045652 0.00042016 0.00037471 0.000351985 0.00027068 0.000238865 0.000210585 0.000180285 0.000177255 0.000148975 0.000131805 0.00011514 9.393e-05 8.585e-05 6.969e-05 6.868e-05 5.959e-05 4.444e-05 3.232e-05 2.323e-05 2.727e-05 2.323e-05 1.9695e-05 1.9695e-05 1.9695e-05 8.2315e-05 
1.01e-06 7.575e-06 2.0705e-05 3.7875e-05 3.3835e-05 4.4945e-05 7.272e-05 6.6155e-05 9.797e-05 9.5445e-05 0.00010201 0.000101 0.000106555 0.00010908 9.898e-05 0.0001111 0.00011716 0.00010908 0.000105545 9.09e-05 8.7365e-05 8.08e-05 7.4235e-05 7.676e-05 6.8175e-05 6.565e-05 6.4135e-05 5.757e-05 5.151e-05 5.05e-05 3.434e-05 3.2825e-05 2.5755e-05 2.7775e-05 2.6765e-05 2.3735e-05 1.919e-05 2.626e-05 1.717e-05 1.414e-05 1.515e-05 7.575e-06 1.0605e-05 1.313e-05 9.595e-06 6.565e-06 6.06e-06 2.525e-06 5.05e-06 3.03e-06 2.525e-05 
0 0 1.515e-06 2.525e-06 3.03e-06 1.01e-06 3.535e-06 1.01e-06 5.05e-06 6.565e-06 7.07e-06 5.05e-06 6.565e-06 4.545e-06 9.595e-06 4.545e-06 9.09e-06 8.585e-06 8.585e-06 7.07e-06 8.08e-06 7.07e-06 6.06e-06 7.07e-06 5.05e-06 6.565e-06 8.08e-06 6.565e-06 4.545e-06 6.06e-06 3.535e-06 4.545e-06 5.555e-06 4.04e-06 3.535e-06 2.525e-06 5.05e-06 2.525e-06 1.515e-06 2.525e-06 1.515e-06 3.535e-06 1.01e-06 0 0 1.01e-06 1.01e-06 1.515e-06 0 5.05e-07 5.05e-06 
0 0 0 5.05e-07 5.05e-07 5.05e-07 5.05e-07 5.05e-07 0 1.01e-06 5.05e-07 5.05e-07 5.05e-07 0 1.01e-06 5.05e-07 0 1.01e-06 0 5.05e-07 0 5.05e-07 0 0 0 5.05e-07 2.525e-06 5.05e-07 0 1.01e-06 1.01e-06 1.01e-06 0 0 0 5.05e-07 5.05e-07 5.05e-07 5.05e-07 5.05e-07 0 0 0 0 0 1.515e-06 0 0 0 0 0 
0 0 0 0 0 0 0 5.05e-07 0 0 0 0 0 0 0 0 0 0 0 0 0 0 0 0 0 0 0 0 0 0 0 0 0 0 0 0 0 0 0 0 0 0 0 0 0 0 0 5.05e-07 0 0 0 
0 0 0 0 0 0 0 0 0 5.05e-07 0 0 0 0 0 0 0 0 0 0 0 0 0 0 0 0 0 0 0 0 0 0 0 0 0 0 0 5.05e-07 0 0 0 0 0 0 0 0 0 0 0 0 0 
0 0 0 0 0 0 0 0 0 0 0 0 0 0 0 0 0 0 0 0 0 0 0 0 0 0 0 0 0 0 0 0 0 0 0 0 0 0 0 0 0 0 0 0 0 0 0 0 0 0 0 
0 0 0 0 0 0 0 0 0 0 0 0 0 0 0 0 0 0 0 0 0 0 0 0 0 0 0 0 0 0 0 0 0 0 0 0 0 0 0 0 0 0 0 0 0 0 0 0 0 0 0 
0 0 0 0 0 0 0 0 0 0 0 0 0 0 0 0 0 0 0 0 0 0 0 0 0 0 0 0 0 0 0 0 0 0 0 0 0 0 0 0 0 0 0 0 0 0 0 0 0 0 0 
0 0 0 0 0 0 0 0 0 0 0 0 0 0 0 0 0 0 0 0 0 0 0 0 0 0 0 0 0 0 0 0 0 0 0 0 0 0 0 0 0 0 0 0 0 0 0 0 0 0 0 
0 0 0 0 0 0 0 0 0 0 0 0 0 0 0 0 0 0 0 0 0 0 0 0 0 0 0 0 0 0 0 0 0 0 0 0 0 0 0 0 0 0 0 0 0 0 0 0 0 0 0 
0 0 0 0 0 0 0 0 0 0 0 0 0 0 0 0 0 0 0 0 0 0 0 0 0 0 0 0 0 0 0 0 0 0 0 0 0 0 0 0 0 0 0 0 0 0 0 0 0 0 0 
0 0 0 0 0 0 0 0 0 0 0 0 0 0 0 0 0 0 0 0 0 0 0 0 0 0 0 0 0 0 0 0 0 0 0 0 0 0 0 0 0 0 0 0 0 0 0 0 0 0 0 
0 0 0 0 0 0 0 0 0 0 0 0 0 0 0 0 0 0 0 0 0 0 0 0 0 0 0 0 0 0 0 0 0 0 0 0 0 0 0 0 0 0 0 0 0 0 0 0 0 0 0 
0 0 0 0 0 0 0 0 0 0 0 0 0 0 0 0 0 0 0 0 0 0 0 0 0 0 0 0 0 0 0 0 0 0 0 0 0 0 0 0 0 0 0 0 0 0 0 0 0 0 0 
0 0 0 0 0 0 0 0 0 0 0 0 0 0 0 0 0 0 0 0 0 0 0 0 0 0 0 0 0 0 0 0 0 0 0 0 0 0 0 0 0 0 0 0 0 0 0 0 0 0 0 
0 0 0 0 0 0 0 0 0 0 0 0 0 0 0 0 0 0 0 0 0 0 0 0 0 0 0 0 0 0 0 0 0 0 0 0 0 0 0 0 0 0 0 0 0 0 0 0 0 0 0 
0 0 0 0 0 0 0 0 0 0 0 0 0 0 0 0 0 0 0 0 0 0 0 0 0 0 0 0 0 0 0 0 0 0 0 0 0 0 0 0 0 0 0 0 0 0 0 0 0 0 0 
