Half rod, albedo problem, Anisotropic scattering, exponential random flight, mu_t: 3 g: -0.3
Analogmu_t c: 0.9 maxx: 10 dx: 0.19802 numsamples: 10000000 numCollisionOrders: 20 numMoments: 10
total albedo: 0.561737
per-collision order albedos: 
0 0.292526 0.0920765 0.0541005 0.0327727 0.0220147 0.0154847 0.0112877 0.0084283 0.0064468 0.0050097 0.0039347 0.0031067 0.0024762 0.0020309 0.0016548 0.0013583 0.0011165 0.0009049 0.0007508 
Collision density L:
1.51917 1.22897 0.995427 0.805611 0.65101 0.527248 0.425652 0.344666 0.278457 0.225848 0.183009 0.148239 0.119627 0.0964388 0.0783674 0.0631058 0.0513691 0.0413711 0.0336588 0.0272054 0.0220321 0.0178497 0.0144531 0.0117625 0.00949299 0.00764419 0.00616706 0.0049485 0.00415868 0.00330371 0.0026558 0.00212807 0.00175033 0.00142966 0.00110848 0.00091405 0.000725685 0.000596405 0.000470155 0.000377235 0.00029492 0.00024644 0.00020301 0.000162105 0.000119685 9.999e-05 8.484e-05 7.07e-05 6.0095e-05 4.3935e-05 0.000186345 
Collision density R:
2.70549 2.18764 1.77045 1.43382 1.15922 0.937535 0.758642 0.613557 0.49645 0.40224 0.325515 0.263427 0.213425 0.172395 0.13914 0.112747 0.0912848 0.0738073 0.059794 0.0483265 0.0388946 0.0317524 0.0257292 0.0207762 0.0167711 0.0136188 0.0108636 0.00897688 0.00718817 0.0058378 0.00466267 0.0038481 0.00315221 0.00250682 0.00197556 0.00162661 0.00131906 0.00108323 0.000827695 0.000710535 0.000527725 0.000450965 0.00035653 0.00028785 0.000211595 0.00019594 0.00016261 0.0001313 0.00011312 7.7265e-05 0.000331785 
Density Moments:
4.38215 4.09688 7.65931 21.4625 80.0361 371.755 2059.92 13195.7 95327.8 760721 
Per-collision Density Moments:
1 0.333245 0.222162 0.22223 0.296676 0.496035 0.998342 2.3544 6.37879 19.5411 
0.60757 0.307426 0.274821 0.344738 0.553158 1.07875 2.47458 6.52638 19.4502 64.5684 
0.454714 0.305488 0.32847 0.475643 0.860078 1.85764 4.65108 13.2089 41.8473 145.941 
0.355153 0.285177 0.352674 0.573836 1.14768 2.71122 7.36579 22.5739 76.9055 287.864 
0.286935 0.264917 0.365874 0.654051 1.42134 3.61924 10.5344 34.416 124.411 491.794 
0.236214 0.243665 0.368894 0.714138 1.66483 4.51063 13.8623 47.4581 178.44 728.369 
0.197039 0.223017 0.364981 0.756872 1.87793 5.38918 17.4783 62.9634 248.483 1062.02 
0.166064 0.203442 0.356501 0.786317 2.06524 6.25364 21.3635 81.0513 337.43 1526.78 
0.141 0.185124 0.344532 0.802199 2.2134 7.0117 24.9655 98.3581 423.513 1972.51 
0.120453 0.168152 0.330266 0.807911 2.33451 7.72644 28.6968 117.87 529.573 2580.28 
0.103408 0.152561 0.314801 0.806353 2.43383 8.39684 32.4468 138.39 644.386 3247.88 
0.0891572 0.13832 0.298449 0.796628 2.49878 8.9383 35.7398 157.478 756.674 3934.69 
0.0771005 0.12517 0.281286 0.779563 2.53227 9.35876 38.5861 175.037 864.878 4620.71 
0.066898 0.113215 0.264257 0.758905 2.54993 9.73471 41.4189 193.77 986.995 5433.17 
0.0581834 0.102387 0.24773 0.735746 2.55231 10.0497 44.0874 212.76 1119.44 6380.26 
0.050738 0.0926178 0.231817 0.71128 2.54633 10.3362 46.7005 231.878 1253.9 7335.62 
0.0442679 0.0836537 0.216158 0.683788 2.52179 10.5396 49.0058 250.295 1391.69 8368.65 
0.038692 0.0755917 0.201448 0.656177 2.48815 10.6765 50.8939 266.164 1514.31 9321.12 
0.0338905 0.0682265 0.186897 0.62462 2.42612 10.648 51.8505 276.697 1604.82 10061.6 
0 0 0 0 0 0 0 0 0 0 
Per-collision Densities L:
0 0 0 0 0 0 0 0 0 0 0 0 0 0 0 0 0 0 0 0 0 0 0 0 0 0 0 0 0 0 0 0 0 0 0 0 0 0 0 0 0 0 0 0 0 0 0 0 0 0 0 
0.661818 0.364936 0.201735 0.111419 0.0618327 0.0338946 0.0186072 0.010255 0.0057368 0.00320322 0.00169529 0.000953945 0.000520655 0.000300475 0.00016261 9.6455e-05 5.353e-05 2.626e-05 1.616e-05 8.585e-06 4.04e-06 1.515e-06 1.01e-06 0 5.05e-07 5.05e-07 1.01e-06 0 0 0 0 0 0 0 0 0 0 0 0 0 0 0 0 0 0 0 0 0 0 0 0 
0.264223 0.214323 0.156307 0.106785 0.0702102 0.0454217 0.0283138 0.0175008 0.010757 0.00661752 0.0038577 0.00236694 0.00140188 0.00083729 0.000492375 0.000298455 0.00017069 0.00010605 6.4135e-05 3.434e-05 1.6665e-05 8.585e-06 5.555e-06 5.05e-06 1.515e-06 2.02e-06 1.515e-06 1.515e-06 0 5.05e-07 0 0 0 0 0 0 0 0 0 0 0 0 0 0 0 0 0 0 0 0 0 
0.173265 0.166567 0.138099 0.10609 0.0765388 0.0537759 0.0364272 0.0244359 0.0158979 0.0104166 0.00655793 0.00419554 0.00264469 0.00157005 0.00099889 0.000606505 0.00037774 0.00022826 0.000132815 8.484e-05 4.04e-05 2.7775e-05 1.9695e-05 8.08e-06 5.555e-06 5.05e-06 2.525e-06 1.01e-06 5.05e-07 0 1.01e-06 0 0 0 0 0 0 0 0 0 0 0 0 0 0 0 0 0 0 0 0 
0.108223 0.114231 0.105109 0.0883169 0.069685 0.05282 0.0386724 0.0275584 0.0190744 0.0131946 0.00884255 0.00590446 0.00385214 0.00251642 0.00160994 0.00105293 0.000669125 0.000427735 0.000251995 0.0001515 0.000115645 6.3125e-05 3.4845e-05 2.3735e-05 1.2625e-05 7.07e-06 2.525e-06 4.04e-06 1.515e-06 1.01e-06 5.05e-07 5.05e-07 5.05e-07 5.05e-07 0 0 0 0 0 0 0 0 0 0 0 0 0 0 0 0 0 
0.0746319 0.0830493 0.0813772 0.0726336 0.0611712 0.0492905 0.0379841 0.0285461 0.0208979 0.0149717 0.0104853 0.0073629 0.00504546 0.00333149 0.00223463 0.0014842 0.000954955 0.00063933 0.00043329 0.000276235 0.00018079 0.000111605 7.3225e-05 4.4945e-05 2.727e-05 1.919e-05 1.1615e-05 3.03e-06 4.545e-06 2.02e-06 5.05e-07 2.02e-06 5.05e-07 0 0 5.05e-07 0 0 0 0 0 0 0 0 0 0 0 0 0 0 0 
0.0530336 0.0606136 0.0624534 0.0583684 0.0518489 0.0435502 0.0355106 0.0276669 0.0212923 0.0159509 0.0117125 0.0083123 0.00592921 0.00409909 0.00290224 0.00190991 0.00135744 0.000941825 0.000583275 0.00042117 0.000259065 0.000165135 0.00011413 7.676e-05 4.9995e-05 2.828e-05 1.8685e-05 8.585e-06 8.585e-06 2.02e-06 1.01e-06 5.05e-07 1.515e-06 5.05e-07 1.01e-06 5.05e-07 0 0 0 0 0 0 0 0 0 0 0 0 0 0 0 
0.0386936 0.0458646 0.0484391 0.0471539 0.0433426 0.0377871 0.0318726 0.0258651 0.0204884 0.0158136 0.0120347 0.00907283 0.00661752 0.00476771 0.00335825 0.00236138 0.00167155 0.00111201 0.00077871 0.000533785 0.00037168 0.0002525 0.00016261 0.00010605 6.464e-05 4.343e-05 3.2825e-05 1.6665e-05 8.08e-06 7.07e-06 7.07e-06 2.525e-06 2.525e-06 1.515e-06 0 0 0 0 0 0 0 0 0 0 0 0 0 0 0 0 0 
0.0293259 0.0348506 0.0376432 0.0379058 0.0358085 0.0324826 0.0280522 0.0235012 0.0191552 0.0153661 0.0121124 0.00921928 0.00695688 0.00512474 0.00375468 0.00272549 0.00198364 0.00140845 0.00097768 0.00069387 0.000485305 0.00033431 0.000208565 0.000150995 0.000111605 6.868e-05 3.939e-05 2.8785e-05 2.323e-05 1.212e-05 5.05e-06 3.03e-06 4.545e-06 2.525e-06 5.05e-07 1.01e-06 0 1.515e-06 5.05e-07 0 5.05e-07 0 0 0 0 0 0 0 0 0 0 
0.0224392 0.0271241 0.029697 0.0304869 0.0294758 0.0272978 0.0243486 0.0208641 0.0178861 0.0145263 0.0117574 0.00910162 0.00717302 0.0055146 0.00400465 0.00296536 0.00218413 0.00158974 0.00110242 0.000820625 0.00057267 0.00042016 0.000304515 0.00017069 0.00012322 8.6355e-05 6.06e-05 3.737e-05 2.323e-05 1.8685e-05 7.575e-06 5.05e-06 5.05e-06 4.04e-06 4.04e-06 1.515e-06 0 0 0 5.05e-07 0 0 0 0 0 0 0 0 0 0 0 
0.0174412 0.0212105 0.0236274 0.0247041 0.0245016 0.0231017 0.0210105 0.0186552 0.0158555 0.0132244 0.0109181 0.00889356 0.00701142 0.00544592 0.0042218 0.0031709 0.00237653 0.00169327 0.00130644 0.000950915 0.000674175 0.00045955 0.00032421 0.00023937 0.00014544 0.0001111 8.4335e-05 5.7065e-05 3.939e-05 2.2725e-05 1.313e-05 7.575e-06 1.01e-05 5.555e-06 4.04e-06 3.03e-06 5.05e-07 2.02e-06 1.01e-06 5.05e-07 0 0 0 0 0 0 0 0 0 0 0 
0.013638 0.0168185 0.0190552 0.0202833 0.0201147 0.0193799 0.0179724 0.0163428 0.0141163 0.0121655 0.0102677 0.00857238 0.00677761 0.00525907 0.0041915 0.0032926 0.00246238 0.00182659 0.00139835 0.0010701 0.00076962 0.000569135 0.0004141 0.00029593 0.000207555 0.0001414 9.494e-05 6.969e-05 4.9995e-05 3.333e-05 1.7675e-05 1.313e-05 1.313e-05 4.04e-06 4.04e-06 4.04e-06 1.515e-06 2.525e-06 0 1.01e-06 5.05e-07 0 0 0 0 0 0 0 0 0 0 
0.0107989 0.0136168 0.0154777 0.0165514 0.0167973 0.0163519 0.0153949 0.014138 0.0126381 0.0110105 0.00938543 0.00785124 0.00637815 0.00511464 0.00417332 0.00327089 0.00254571 0.00192961 0.00147359 0.00112615 0.000853955 0.00061812 0.0004545 0.00033936 0.000246945 0.00016362 0.0001111 8.4335e-05 6.9185e-05 4.7975e-05 2.6765e-05 1.5655e-05 1.414e-05 7.575e-06 4.04e-06 4.04e-06 1.515e-06 1.515e-06 2.02e-06 5.05e-07 5.05e-07 5.05e-07 0 0 0 0 0 0 0 0 5.05e-07 
0.00874559 0.0110115 0.0125427 0.0136199 0.0139097 0.0137809 0.0131876 0.0122791 0.0110741 0.00981872 0.00845976 0.00730281 0.00607515 0.00500152 0.00393749 0.00314918 0.00247046 0.00199526 0.00152813 0.00122917 0.00087163 0.00066761 0.00049692 0.000377235 0.000270175 0.00018887 0.00013938 9.898e-05 7.575e-05 4.04e-05 3.3835e-05 2.3735e-05 1.313e-05 1.1615e-05 9.09e-06 2.525e-06 2.02e-06 4.04e-06 2.02e-06 5.05e-07 5.05e-07 5.05e-07 0 5.05e-07 0 0 0 0 0 0 5.05e-07 
0.00720938 0.00899759 0.010356 0.0113226 0.0115872 0.0115079 0.0112221 0.0105474 0.00971469 0.00859207 0.00774721 0.00653268 0.00553278 0.00465459 0.00383144 0.00309464 0.00247248 0.00194526 0.00158318 0.00123725 0.0008989 0.000700435 0.00054237 0.000390365 0.000283305 0.00022725 0.00016564 0.00013029 8.6355e-05 6.464e-05 4.0905e-05 2.727e-05 1.919e-05 1.2625e-05 8.585e-06 5.555e-06 4.04e-06 5.555e-06 2.02e-06 1.01e-06 1.515e-06 5.05e-07 5.05e-07 5.05e-07 0 5.05e-07 0 0 0 0 0 
0.00583225 0.00730937 0.00846431 0.00925261 0.00975458 0.00975711 0.00969196 0.00926221 0.0083325 0.00776589 0.00685386 0.00596304 0.00515454 0.00433644 0.00363802 0.00289971 0.00245279 0.00193062 0.00153419 0.00115342 0.00096051 0.00071205 0.00055348 0.000441875 0.00031209 0.00023836 0.00017877 0.000141905 9.8475e-05 7.0195e-05 4.3935e-05 3.1815e-05 2.424e-05 2.2725e-05 1.1615e-05 9.09e-06 5.05e-06 4.545e-06 1.01e-06 2.525e-06 5.05e-07 1.01e-06 1.01e-06 0 1.01e-06 0 5.05e-07 0 1.01e-06 0 0 
0.00477023 0.00613676 0.00695234 0.00775226 0.00812848 0.00831988 0.00804869 0.00784568 0.00725584 0.00661651 0.00610848 0.00531917 0.00459853 0.00396627 0.00336229 0.00279821 0.00234674 0.00182103 0.00153823 0.00120342 0.000967075 0.00072215 0.000573175 0.000428745 0.000314615 0.00027169 0.000200485 0.000141905 0.00010403 7.474e-05 7.373e-05 4.1915e-05 2.4745e-05 2.222e-05 1.7675e-05 1.2625e-05 8.08e-06 4.545e-06 4.04e-06 2.525e-06 2.02e-06 1.01e-06 2.525e-06 0 1.01e-06 5.05e-07 0 5.05e-07 0 0 5.05e-07 
0.00390668 0.00494042 0.00590497 0.00649481 0.00679882 0.00689477 0.00700637 0.00670489 0.00638724 0.00586255 0.00543178 0.00481164 0.00418797 0.00357641 0.00314918 0.00261944 0.00218059 0.00179831 0.00144178 0.0011913 0.00094435 0.00073629 0.00059994 0.000470155 0.00036158 0.00027068 0.00021917 0.000156045 0.0001313 8.6355e-05 7.171e-05 3.939e-05 3.939e-05 2.424e-05 2.02e-05 1.1615e-05 1.1615e-05 6.565e-06 3.03e-06 3.03e-06 2.02e-06 2.02e-06 2.02e-06 0 5.05e-07 2.02e-06 1.01e-06 0 1.01e-06 0 0 
0.00320928 0.00424099 0.00480912 0.00543683 0.00575902 0.00592567 0.00588376 0.00566812 0.00558833 0.0051409 0.00471367 0.00429452 0.00383497 0.0033431 0.00292951 0.00240431 0.00206747 0.00167155 0.00143067 0.00110949 0.00093425 0.00074538 0.00057267 0.000453995 0.000354005 0.00027977 0.00022725 0.00017271 0.00013433 9.494e-05 7.474e-05 4.9995e-05 3.5855e-05 2.626e-05 2.222e-05 1.818e-05 1.3635e-05 5.05e-06 2.525e-06 2.02e-06 4.545e-06 5.05e-07 2.02e-06 1.01e-06 5.05e-07 1.01e-06 0 5.05e-07 0 0 1.01e-06 
0 0 0 0 0 0 0 0 0 0 0 0 0 0 0 0 0 0 0 0 0 0 0 0 0 0 0 0 0 0 0 0 0 0 0 0 0 0 0 0 0 0 0 0 0 0 0 0 0 0 0 
Per-collision Densities L:
2.26279 1.24813 0.689319 0.380508 0.210434 0.115991 0.0641254 0.0352187 0.0194304 0.0107176 0.00600748 0.00328957 0.00182709 0.00096455 0.00054136 0.00030805 0.00017877 0.00010302 5.1005e-05 3.232e-05 1.6665e-05 6.565e-06 5.555e-06 2.525e-06 5.05e-07 1.515e-06 5.05e-07 1.01e-06 5.05e-07 0 0 0 0 0 0 0 0 0 0 0 0 0 0 0 0 0 0 0 0 0 0 
0.191157 0.339014 0.31636 0.246525 0.174403 0.11836 0.0771327 0.0491219 0.0308499 0.0190698 0.0115332 0.00703819 0.00422685 0.00253359 0.0015044 0.00087365 0.000521665 0.00031916 0.000172205 8.787e-05 5.757e-05 3.7875e-05 2.0705e-05 1.2625e-05 8.08e-06 4.04e-06 1.515e-06 1.515e-06 5.05e-07 2.02e-06 0 0 0 0 0 0 0 0 0 0 0 0 0 0 0 0 0 0 0 0 0 
0.115455 0.232023 0.244956 0.213658 0.168387 0.125005 0.0886048 0.0612257 0.0410782 0.0272902 0.0178482 0.0114539 0.0072114 0.00456571 0.00280275 0.00183719 0.00107262 0.00069589 0.000424705 0.00023735 0.000140895 7.6255e-05 5.252e-05 2.9795e-05 1.919e-05 9.595e-06 5.555e-06 4.04e-06 5.05e-07 1.515e-06 5.05e-07 5.05e-07 5.05e-07 0 0 0 0 0 0 0 0 0 0 0 0 0 0 0 0 0 0 
0.0454631 0.11474 0.145685 0.146597 0.129959 0.106432 0.0830114 0.0614398 0.0446481 0.0316074 0.0217367 0.014594 0.00996618 0.00661702 0.00428038 0.00280528 0.00182962 0.00116756 0.00073427 0.00045652 0.00026664 0.00018483 0.00011413 6.363e-05 4.04e-05 2.4745e-05 1.313e-05 8.08e-06 5.555e-06 2.525e-06 2.02e-06 2.02e-06 0 5.05e-07 1.01e-06 0 0 0 0 0 0 0 0 0 0 0 0 0 0 0 0 
0.0272841 0.0725407 0.0990618 0.107075 0.101983 0.0892598 0.0741744 0.0587542 0.0447556 0.0332679 0.0242274 0.0172079 0.0120044 0.00825271 0.00562722 0.00377437 0.00253561 0.00171852 0.00109686 0.000726695 0.00044541 0.000300475 0.000194425 0.0001111 8.08e-05 5.2015e-05 3.535e-05 1.616e-05 1.01e-05 7.575e-06 2.525e-06 3.03e-06 2.02e-06 1.515e-06 0 5.05e-07 5.05e-07 0 0 0 0 0 0 0 0 0 0 0 0 0 0 
0.0166897 0.046455 0.0670145 0.0768241 0.077967 0.0720165 0.0632391 0.0524145 0.0423584 0.0326467 0.0249086 0.0185194 0.0134406 0.009645 0.00675791 0.00473943 0.00326887 0.00225483 0.00150238 0.00101909 0.000703465 0.000421675 0.00028886 0.00018281 0.00012625 7.1205e-05 4.747e-05 2.727e-05 1.717e-05 1.3635e-05 6.06e-06 4.04e-06 1.515e-06 1.515e-06 2.02e-06 0 5.05e-07 0 0 0 0 0 0 0 0 0 0 0 0 0 0 
0.0112666 0.0317802 0.047625 0.0566716 0.0598178 0.0581932 0.0527119 0.0457272 0.0382709 0.0308898 0.0242011 0.0185512 0.0141905 0.0104949 0.00757955 0.00550349 0.00384103 0.00268761 0.00184527 0.00133522 0.00087466 0.00060802 0.00043127 0.0002626 0.00015857 0.000119685 7.878e-05 5.1005e-05 3.0805e-05 2.0705e-05 1.3635e-05 6.565e-06 5.555e-06 5.05e-06 1.515e-06 5.05e-07 5.05e-07 0 5.05e-07 0 0 0 0 0 0 0 0 0 0 0 0 
0.0080997 0.0227088 0.0345269 0.0423695 0.0461449 0.0463454 0.0434517 0.0389643 0.0337183 0.0284123 0.0231234 0.0182058 0.0142713 0.0107353 0.00806233 0.00593476 0.00435664 0.00309919 0.00222756 0.00162307 0.00112312 0.00078073 0.00052318 0.00039087 0.000238865 0.000169175 9.898e-05 7.272e-05 4.848e-05 3.434e-05 1.717e-05 1.212e-05 7.575e-06 5.05e-06 4.545e-06 4.04e-06 1.515e-06 1.01e-06 1.01e-06 0 0 1.01e-06 0 0 0 0 0 0 0 0 0 
0.005807 0.0168705 0.0258873 0.0324195 0.0357818 0.0369968 0.0356495 0.0330598 0.0291749 0.0254379 0.0213706 0.0171786 0.0137264 0.0108822 0.00829816 0.00629634 0.00469549 0.00340471 0.00248056 0.00180891 0.00133472 0.0009292 0.000629735 0.00046157 0.00029896 0.00019897 0.000146955 0.000101 6.2115e-05 4.949e-05 2.626e-05 1.717e-05 1.515e-05 7.07e-06 5.05e-06 5.05e-06 2.02e-06 1.515e-06 1.01e-06 0 5.05e-07 0 0 0 0 0 0 0 0 0 0 
0.00447885 0.0126245 0.0196359 0.0250298 0.028329 0.0296991 0.029591 0.0279063 0.0252101 0.0222594 0.0190218 0.0159524 0.0129386 0.0103828 0.0082411 0.00633927 0.00487679 0.00364863 0.00273205 0.00203364 0.00151298 0.00108929 0.0007676 0.000554995 0.00037673 0.000253005 0.00018685 0.00013332 9.4435e-05 6.06e-05 3.3835e-05 2.9795e-05 2.121e-05 9.09e-06 7.575e-06 7.575e-06 2.525e-06 2.02e-06 3.535e-06 1.515e-06 1.01e-06 0 0 0 0 0 5.05e-07 0 0 0 0 
0.00332896 0.00972883 0.0152268 0.0196581 0.022425 0.0240471 0.0243142 0.0231341 0.0216938 0.0194849 0.0171347 0.0146657 0.0120781 0.00992729 0.00795274 0.00621857 0.00498233 0.00372185 0.002878 0.00214373 0.00159378 0.00120796 0.00092112 0.000655995 0.000483285 0.000332795 0.000235835 0.000158065 0.00011211 7.676e-05 5.858e-05 2.828e-05 2.121e-05 1.919e-05 1.212e-05 6.565e-06 5.05e-06 4.04e-06 2.02e-06 1.01e-06 2.02e-06 1.515e-06 0 0 0 0 0 0 5.05e-07 0 0 
0.00256793 0.0075649 0.0119493 0.0155277 0.0180139 0.0194183 0.020001 0.0196243 0.0184436 0.0169382 0.0149738 0.0130659 0.0112115 0.00917282 0.00759924 0.0061004 0.00485911 0.00385214 0.00298607 0.00223513 0.00169731 0.00126907 0.000955965 0.00068377 0.000521665 0.000376225 0.00026058 0.000209575 0.000135845 9.9485e-05 7.171e-05 5.2015e-05 2.8785e-05 1.7675e-05 1.212e-05 1.3635e-05 6.565e-06 4.04e-06 4.545e-06 2.02e-06 1.01e-06 2.02e-06 5.05e-07 0 0 0 0 0 0 0 5.05e-07 
0.00197506 0.00599435 0.00933543 0.0124265 0.014594 0.015758 0.0163519 0.0163862 0.0156762 0.0146531 0.0131462 0.0116049 0.0102732 0.00853804 0.00712505 0.00591052 0.00454652 0.00373448 0.00297496 0.00226846 0.00179073 0.00134583 0.00104131 0.000769115 0.000558025 0.000426725 0.000304515 0.00022321 0.00015655 0.000122715 7.6255e-05 5.353e-05 3.737e-05 2.727e-05 1.6665e-05 8.585e-06 1.01e-05 8.08e-06 5.555e-06 4.545e-06 1.01e-06 2.02e-06 5.05e-07 1.01e-06 0 0 5.05e-07 0 0 0 0 
0.00159984 0.00478134 0.0076053 0.00991467 0.0118963 0.0130548 0.0134779 0.0137153 0.0133825 0.0125144 0.0114832 0.0103843 0.00898244 0.00769974 0.00663166 0.00552319 0.00454551 0.00358702 0.00294062 0.0022821 0.00176043 0.00143117 0.0010903 0.00078982 0.00060903 0.000455005 0.00034643 0.000250985 0.000184325 0.000144935 9.4435e-05 6.6155e-05 5.2015e-05 3.3835e-05 2.2725e-05 1.5655e-05 9.09e-06 6.565e-06 6.565e-06 3.535e-06 1.01e-06 3.535e-06 1.01e-06 2.525e-06 0 1.01e-06 5.05e-07 0 0 0 0 
0.00133371 0.0038173 0.00608374 0.0079886 0.00971873 0.0105601 0.0112398 0.0116029 0.0113201 0.0107398 0.0100328 0.00918747 0.00811636 0.00706748 0.00609586 0.00509798 0.00429301 0.00348804 0.0028482 0.00228917 0.00173922 0.00142865 0.00107212 0.00084941 0.000645895 0.00050399 0.00035451 0.000280275 0.000197455 0.000136855 0.00011514 7.9285e-05 5.353e-05 4.3935e-05 3.0805e-05 2.1715e-05 1.4645e-05 8.08e-06 5.555e-06 4.04e-06 2.525e-06 1.01e-06 2.02e-06 1.515e-06 2.02e-06 0 5.05e-07 0 5.05e-07 5.05e-07 1.01e-06 
0.00103576 0.00313807 0.00507424 0.00667509 0.00793204 0.00881225 0.00944047 0.00967883 0.00946875 0.00916424 0.0086148 0.00797042 0.00715585 0.00641249 0.00554389 0.00472226 0.00400617 0.00333401 0.00270175 0.00223766 0.00181699 0.00135239 0.00112211 0.00088173 0.00065044 0.000515605 0.00039996 0.000301485 0.000233815 0.00017271 0.00013332 9.797e-05 6.6155e-05 4.444e-05 3.131e-05 2.2725e-05 1.616e-05 9.09e-06 9.09e-06 7.07e-06 3.535e-06 2.02e-06 2.525e-06 5.05e-07 2.525e-06 2.02e-06 0 5.05e-07 0 0 1.01e-06 
0.00082214 0.00253662 0.00401829 0.00546309 0.00659328 0.00726998 0.00793355 0.00823352 0.00828958 0.00796335 0.00759419 0.00697052 0.00640694 0.00571357 0.00502627 0.0043223 0.00368448 0.00313454 0.00259671 0.00209727 0.00170034 0.00138724 0.00109585 0.000887285 0.00070296 0.00052722 0.0003838 0.00033431 0.000257045 0.00019594 0.000138875 0.000101505 7.0195e-05 5.757e-05 3.5855e-05 2.929e-05 2.424e-05 1.919e-05 7.07e-06 3.535e-06 2.525e-06 4.04e-06 1.01e-06 1.515e-06 1.01e-06 2.02e-06 5.05e-07 0 1.515e-06 5.05e-07 1.01e-06 
0.000679225 0.00210484 0.00336431 0.00444804 0.00539391 0.00622766 0.0065039 0.00686699 0.00697102 0.00674781 0.00644734 0.00620999 0.00557975 0.00510757 0.00453238 0.00396577 0.00345723 0.00285881 0.00246844 0.00198162 0.00162711 0.00134532 0.00111252 0.00087466 0.00068074 0.000529745 0.000442885 0.00034239 0.00024947 0.000206545 0.000147965 0.000106555 8.5345e-05 5.757e-05 4.141e-05 3.535e-05 2.828e-05 1.6665e-05 1.2625e-05 7.575e-06 6.06e-06 4.545e-06 4.04e-06 1.515e-06 1.01e-06 1.01e-06 5.05e-07 0 5.05e-07 0 1.01e-06 
0.00055651 0.00171801 0.00278962 0.00374912 0.00451218 0.00511616 0.00551814 0.005858 0.00588729 0.0058782 0.00556561 0.00530099 0.00493739 0.0045647 0.00401879 0.00356379 0.00313555 0.00271488 0.00223816 0.00193112 0.00157156 0.00130139 0.00103778 0.00085648 0.00072821 0.00054742 0.000439855 0.000328755 0.000279265 0.000205535 0.00014241 0.000123725 9.393e-05 6.06e-05 5.252e-05 3.5855e-05 2.2725e-05 2.3735e-05 1.2625e-05 1.2625e-05 6.06e-06 5.05e-06 3.535e-06 2.02e-06 1.515e-06 2.02e-06 2.02e-06 5.05e-07 5.05e-07 0 5.05e-07 
0 0 0 0 0 0 0 0 0 0 0 0 0 0 0 0 0 0 0 0 0 0 0 0 0 0 0 0 0 0 0 0 0 0 0 0 0 0 0 0 0 0 0 0 0 0 0 0 0 0 0 
