Half rod, albedo problem, Anisotropic scattering, exponential random flight, mu_t: 3 g: 0.7
Analogmu_t c: 0.98 maxx: 10 dx: 0.19802 numsamples: 1000000 numCollisionOrders: 20 numMoments: 10
total albedo: 0.596986
per-collision order albedos: 
0 0.073845 0.061289 0.05124 0.043341 0.037252 0.031832 0.027635 0.023777 0.021104 0.01843 0.016079 0.014483 0.012809 0.011456 0.010539 0.009522 0.00856 0.007747 0.007038 
Collision density L:
1.74988 1.66687 1.59352 1.52062 1.44903 1.3826 1.3166 1.25396 1.19998 1.14636 1.09211 1.04247 0.990936 0.944946 0.905157 0.862894 0.826094 0.783603 0.745971 0.719888 0.684568 0.654132 0.623579 0.59744 0.566211 0.541698 0.517797 0.492622 0.469615 0.452197 0.429422 0.409929 0.391511 0.372205 0.357156 0.339335 0.323649 0.309136 0.29342 0.282305 0.269433 0.257964 0.243375 0.233749 0.22325 0.213413 0.20246 0.1939 0.184992 0.176927 3.64829 
Collision density R:
2.93127 2.7942 2.66823 2.54459 2.42715 2.3194 2.20518 2.10116 2.01497 1.91564 1.82972 1.74477 1.66119 1.59219 1.51703 1.44599 1.37813 1.31946 1.25604 1.19851 1.14454 1.08993 1.04491 0.990386 0.948501 0.90543 0.863237 0.822408 0.788209 0.748137 0.719792 0.684674 0.652283 0.622453 0.594254 0.570196 0.539714 0.516135 0.493117 0.46811 0.447066 0.426932 0.406677 0.389092 0.370524 0.355232 0.340163 0.323069 0.309257 0.295536 6.11699 
Density Moments:
20.1982 85.2405 718.725 9071.19 151929 3.14837e+06 7.69246e+07 2.13816e+09 6.57991e+10 2.19604e+12 
Per-collision Density Moments:
1 0.333682 0.223298 0.22477 0.302736 0.511871 1.04312 2.48674 6.76472 20.5304 
0.906086 0.580002 0.572616 0.759793 1.26529 2.53439 5.9266 15.8161 47.2841 155.888 
0.826629 0.761844 0.986911 1.62197 3.2188 7.47339 19.8529 59.3616 197.382 723.276 
0.758837 0.897222 1.42985 2.7956 6.43806 17.0228 50.7293 167.919 609.933 2405.98 
0.700377 0.996338 1.87205 4.22459 11.0299 32.5763 107.087 386.836 1519.19 6425.8 
0.649256 1.06913 2.3006 5.86309 17.0754 55.6894 200.547 788.757 3356.93 15333.1 
0.604384 1.12186 2.70938 7.68118 24.67 88.0526 344.793 1467 6729.58 33065.5 
0.564739 1.15942 3.09142 9.62059 33.702 130.416 550.764 2516.41 12355.9 64854.1 
0.529552 1.18528 3.4467 11.6555 44.1666 184.043 833.459 4067.86 21261.9 118405 
0.497802 1.20242 3.77678 13.7633 56.0026 249.622 1204.66 6242.66 34515.3 202496 
0.469282 1.21219 4.07625 15.8801 68.8997 326.541 1671.05 9161.8 53507.4 331352 
0.443845 1.2168 4.35279 18.0311 83.0362 416.68 2251.34 12991.9 79592.5 515113 
0.420518 1.21665 4.6007 20.1415 97.8991 517.522 2939.05 17782 113893 768247 
0.399398 1.21381 4.83014 22.2608 113.815 631.946 3762.14 23805.2 159042 1.1158e+06 
0.380002 1.20843 5.04132 24.3756 130.721 760.662 4740.38 31359.2 218773 1.60114e+06 
0.361823 1.20019 5.22951 26.4299 148.133 900.205 5852.04 40328.4 292650 2.22451e+06 
0.345165 1.19137 5.40539 28.4712 166.353 1053.77 7139.2 51267.3 387729 3.07337e+06 
0.329662 1.17984 5.55794 30.4289 184.906 1218.41 8586.72 64137.6 504481 4.15821e+06 
0.315307 1.16761 5.69865 32.3573 204.012 1394.89 10198.8 79016.3 644538 5.50879e+06 
0 0 0 0 0 0 0 0 0 0 
Per-collision Densities L:
0 0 0 0 0 0 0 0 0 0 0 0 0 0 0 0 0 0 0 0 0 0 0 0 0 0 0 0 0 0 0 0 0 0 0 0 0 0 0 0 0 0 0 0 0 0 0 0 0 0 0 
0.165882 0.0905415 0.0505505 0.0281033 0.0152157 0.0085143 0.0045652 0.00261085 0.00157055 0.00081305 0.00042925 0.00026765 0.00011615 8.08e-05 7.575e-05 2.525e-05 1.01e-05 1.01e-05 0 0 0 0 0 5.05e-06 0 0 0 0 0 0 0 0 0 0 0 0 0 0 0 0 0 0 0 0 0 0 0 0 0 0 0 
0.175952 0.141945 0.103283 0.0715333 0.0477629 0.0301384 0.0189426 0.0115797 0.0071003 0.00458035 0.0026563 0.00147965 0.00084335 0.00060095 0.00031815 0.0002727 0.0001414 9.09e-05 3.03e-05 1.01e-05 2.02e-05 1.01e-05 0 5.05e-06 0 0 0 0 0 0 0 0 0 0 0 0 0 0 0 0 0 0 0 0 0 0 0 0 0 0 0 
0.152899 0.145283 0.124902 0.102116 0.0777094 0.0563277 0.0398243 0.0277397 0.0182659 0.0124432 0.0077467 0.0053833 0.00362085 0.00189375 0.0012827 0.00090395 0.0004949 0.000303 0.00018685 0.000101 7.07e-05 5.05e-05 4.545e-05 1.01e-05 1.01e-05 0 5.05e-06 0 0 0 0 0 0 0 0 0 0 0 0 0 0 0 0 0 0 0 0 0 0 0 0 
0.130426 0.130487 0.123932 0.110681 0.0935361 0.0750481 0.0600849 0.0449804 0.0333098 0.0244016 0.0168064 0.0118069 0.00830725 0.0053025 0.0036663 0.0024139 0.00155035 0.0009595 0.00075245 0.000404 0.0002626 0.00014645 0.0001818 3.535e-05 2.525e-05 2.525e-05 5.05e-06 5.05e-06 1.01e-05 5.05e-06 0 0 5.05e-06 0 5.05e-06 0 0 0 0 0 0 0 0 0 0 0 0 0 0 0 0 
0.11162 0.112554 0.111145 0.105646 0.0956571 0.0850117 0.0726493 0.0589891 0.0480306 0.0369357 0.0281891 0.020907 0.014847 0.0103626 0.00776185 0.0056055 0.0037976 0.0024745 0.0017877 0.0011009 0.0008989 0.0004343 0.00034845 0.00020705 0.00016665 0.0001111 3.03e-05 4.04e-05 3.03e-05 2.02e-05 1.01e-05 1.01e-05 0 0 5.05e-06 0 0 0 0 0 0 0 0 0 0 0 0 0 0 0 0 
0.0966924 0.0978539 0.0966419 0.0951067 0.0898143 0.0849006 0.0770378 0.0667661 0.0570953 0.0472175 0.0380063 0.0302647 0.0225028 0.0173569 0.0130795 0.00961015 0.0068175 0.00499445 0.0036764 0.002323 0.0016968 0.0010908 0.0008181 0.0005757 0.00032825 0.0002424 0.0001414 7.575e-05 6.06e-05 5.555e-05 4.545e-05 1.515e-05 1.515e-05 1.01e-05 5.05e-06 0 5.05e-06 0 0 0 0 0 0 0 0 0 0 0 0 0 0 
0.0839411 0.0833402 0.0842542 0.0848501 0.0827039 0.0790022 0.0746794 0.0699173 0.0604384 0.0533533 0.0450662 0.0378548 0.0306333 0.0246188 0.0189628 0.0147511 0.0110949 0.00830725 0.0061206 0.0044945 0.0030098 0.0023836 0.00164125 0.0011918 0.00075245 0.0005353 0.00039895 0.00025755 0.0001515 0.0001212 9.09e-05 3.03e-05 5.05e-05 2.02e-05 1.01e-05 1.01e-05 0 1.01e-05 0 0 0 0 0 0 0 0 0 0 0 0 0 
0.0734119 0.07373 0.0740987 0.074336 0.0734169 0.0721999 0.0696799 0.0659884 0.06161 0.0556005 0.0499799 0.0429149 0.0366832 0.0303404 0.0250985 0.0195688 0.0160994 0.0120897 0.00947885 0.0072114 0.0054237 0.0040602 0.00301485 0.00216645 0.001616 0.0010302 0.00073225 0.0006969 0.00040905 0.00023735 0.0001717 0.0001111 8.08e-05 7.07e-05 3.535e-05 5.05e-05 0 0 5.05e-06 1.01e-05 0 0 5.05e-06 0 0 0 0 0 0 0 0 
0.0632008 0.0644885 0.0654632 0.0664429 0.0665338 0.0656551 0.0629735 0.0627109 0.0586507 0.0541714 0.0507879 0.0455409 0.0401172 0.034138 0.0293405 0.0246188 0.0205182 0.0168468 0.0134583 0.0105545 0.00808 0.00622665 0.00485305 0.0033936 0.0027068 0.00188365 0.0015352 0.00092415 0.00066155 0.00052015 0.0003737 0.0002222 0.0001919 0.0001313 7.575e-05 6.565e-05 3.03e-05 1.01e-05 2.02e-05 1.515e-05 0 0 0 5.05e-06 0 5.05e-06 0 5.05e-06 0 0 0 
0.0552773 0.0573428 0.0587972 0.0577316 0.059282 0.0585194 0.0576407 0.0568529 0.0541007 0.0522877 0.0494496 0.0458641 0.0417534 0.0368246 0.0324261 0.0282245 0.0247198 0.0199122 0.0166145 0.0143976 0.0108424 0.0084436 0.00692355 0.00538835 0.00409555 0.00315625 0.0022725 0.001717 0.00126755 0.0009696 0.00068175 0.0005656 0.000303 0.0002525 0.000101 0.00012625 7.07e-05 4.04e-05 2.525e-05 4.545e-05 1.01e-05 0 2.02e-05 5.05e-06 5.05e-06 5.05e-06 5.05e-06 0 0 0 0 
0.049788 0.0505505 0.0520554 0.0526968 0.0532927 0.0534593 0.0527978 0.0504596 0.0503889 0.048884 0.0474246 0.0439401 0.0421423 0.0376074 0.034032 0.0306283 0.0271892 0.0228513 0.01969 0.0167963 0.0141552 0.0114787 0.0097162 0.0075043 0.00578225 0.0047268 0.0035148 0.0027573 0.00204525 0.0014544 0.00113625 0.00079285 0.00065145 0.00043935 0.0002525 0.00023735 0.0001515 9.09e-05 8.08e-05 7.07e-05 2.525e-05 3.535e-05 1.515e-05 2.525e-05 0 1.515e-05 0 5.05e-06 0 0 5.05e-06 
0.0442986 0.0451773 0.0463691 0.0469347 0.047975 0.0477377 0.0479902 0.0475811 0.0461368 0.0450713 0.0438946 0.0418797 0.0395264 0.0368398 0.0346279 0.0313959 0.0290628 0.0247753 0.021912 0.0197304 0.0164277 0.0136805 0.012115 0.00984245 0.00792345 0.00633775 0.0048581 0.0039592 0.00302495 0.0023937 0.00177255 0.00133825 0.00083325 0.00065145 0.00053025 0.000404 0.00035855 0.000202 0.00014645 0.00011615 0.00010605 5.05e-05 5.05e-05 2.02e-05 1.515e-05 1.01e-05 3.03e-05 1.01e-05 0 1.01e-05 0 
0.0392133 0.0409909 0.0423039 0.0420817 0.0434452 0.043834 0.043324 0.042521 0.0430563 0.0414252 0.0413444 0.0387638 0.0373599 0.0361429 0.0345117 0.0311131 0.0286891 0.0261994 0.0239471 0.0211494 0.0184931 0.0159883 0.0135744 0.0116403 0.0094132 0.007676 0.0063933 0.0049692 0.0041713 0.00329765 0.0026563 0.0019998 0.0014443 0.00118675 0.00077265 0.0007272 0.0005252 0.00032825 0.00021715 0.00020705 0.0001515 0.0001212 5.555e-05 4.04e-05 2.02e-05 3.03e-05 5.05e-06 2.525e-05 5.05e-06 5.05e-06 2.525e-05 
0.0358752 0.0368095 0.0377286 0.0388598 0.0386376 0.0398799 0.0392537 0.039188 0.0388093 0.0382487 0.0379003 0.0358449 0.035451 0.0348753 0.0328755 0.0303606 0.0287194 0.0261489 0.0254773 0.0224372 0.0195486 0.0172306 0.0145592 0.0136401 0.0114585 0.0094334 0.007979 0.00638825 0.0054136 0.00426725 0.0033431 0.00271185 0.0020604 0.0016362 0.00128775 0.0009595 0.00086355 0.00054035 0.00044945 0.0002727 0.0002626 0.00018685 8.585e-05 8.585e-05 8.08e-05 6.565e-05 3.535e-05 3.03e-05 1.01e-05 1.515e-05 2.525e-05 
0.0325877 0.0326685 0.0342037 0.0352692 0.035648 0.036557 0.035749 0.0357187 0.0355672 0.0360015 0.0354005 0.0345016 0.0335169 0.0328149 0.0304515 0.0296031 0.0278659 0.0265681 0.0243663 0.022422 0.0197506 0.0184426 0.0163671 0.014438 0.0129533 0.0109383 0.0092213 0.0076962 0.00653975 0.00568125 0.0044137 0.0035754 0.00294415 0.0021816 0.0019089 0.0014443 0.0010605 0.0008686 0.0006363 0.00044945 0.0004343 0.00028785 0.0002222 0.00016665 0.0001616 0.00011615 6.565e-05 6.565e-05 4.04e-05 2.02e-05 5.05e-05 
0.0286234 0.0297395 0.0313757 0.0317797 0.0322695 0.0323099 0.0340926 0.0334613 0.0328755 0.0325523 0.0327392 0.0325675 0.0314868 0.0300728 0.0293607 0.0289971 0.0271539 0.0253914 0.0237653 0.02222 0.0202606 0.0189123 0.0171498 0.0152561 0.0135997 0.0119483 0.0108222 0.0091001 0.00769115 0.00648925 0.0055651 0.00458035 0.00379255 0.00295425 0.00246945 0.00191395 0.00149985 0.00136855 0.000909 0.0007676 0.0005555 0.000404 0.000303 0.0002929 0.0002222 0.00014645 0.0001313 8.585e-05 5.05e-05 1.01e-05 6.06e-05 
0.0258661 0.0277296 0.0281891 0.029391 0.0289921 0.0304919 0.0308909 0.029997 0.030598 0.0317595 0.030295 0.0302394 0.0292698 0.0285275 0.0280275 0.0273458 0.0263004 0.0239421 0.0229725 0.0211696 0.0206949 0.0186244 0.0177053 0.0160388 0.0142865 0.0131805 0.0118423 0.0100192 0.00859005 0.0075043 0.00632765 0.0055651 0.0047066 0.003636 0.003232 0.002525 0.0020907 0.00170185 0.0013635 0.00109585 0.00085345 0.00063125 0.000505 0.0004747 0.00040905 0.0002222 0.00016665 0.0001212 5.555e-05 7.07e-05 0.0001717 
0.0236542 0.0255025 0.0262802 0.0262196 0.0270731 0.0282194 0.0275983 0.0282346 0.0288355 0.02929 0.0282194 0.0279972 0.0277195 0.0267145 0.0264671 0.025851 0.0242804 0.0229876 0.0218059 0.0211848 0.0202101 0.0192456 0.0176447 0.0160489 0.0147915 0.0135239 0.0124281 0.0104485 0.0095142 0.0082416 0.007373 0.0064236 0.0057671 0.00444905 0.0035552 0.0030805 0.00271185 0.0023129 0.0018483 0.00145945 0.00102515 0.00096455 0.0007474 0.00062115 0.0004747 0.00037875 0.0002929 0.00013635 0.00014645 8.08e-05 0.0003636 
0 0 0 0 0 0 0 0 0 0 0 0 0 0 0 0 0 0 0 0 0 0 0 0 0 0 0 0 0 0 0 0 0 0 0 0 0 0 0 0 0 0 0 0 0 0 0 0 0 0 0 
Per-collision Densities L:
2.26371 1.24579 0.689123 0.380083 0.210115 0.117226 0.0636452 0.0358096 0.0195233 0.0112514 0.0059691 0.0034946 0.00192405 0.00098475 0.0006262 0.0002828 0.00019695 0.000101 5.05e-05 2.02e-05 3.535e-05 2.02e-05 5.05e-06 5.05e-06 5.05e-06 0 0 0 0 0 0 0 0 0 0 0 0 0 0 0 0 0 0 0 0 0 0 0 0 0 0 
0.504056 0.895501 0.838199 0.648723 0.462641 0.313595 0.203656 0.131032 0.0809061 0.0507576 0.0307293 0.0187759 0.0113019 0.0065852 0.00402485 0.0023836 0.0014039 0.0008686 0.00054035 0.0002626 0.000202 0.000101 4.04e-05 1.515e-05 1.01e-05 1.515e-05 1.01e-05 5.05e-06 5.05e-06 0 0 0 0 0 0 0 0 0 0 0 0 0 0 0 0 0 0 0 0 0 0 
0.0853147 0.347405 0.523039 0.566125 0.517635 0.427811 0.32821 0.240572 0.172978 0.117811 0.0799971 0.0531008 0.0347491 0.0223513 0.0142208 0.0088072 0.00594385 0.00359055 0.00218665 0.00130795 0.00085345 0.00043935 0.0002525 0.00022725 0.00014645 5.05e-05 5.05e-06 2.02e-05 1.01e-05 0 5.05e-06 5.05e-06 5.05e-06 0 5.05e-06 0 0 0 0 0 0 0 0 0 0 0 0 0 0 0 0 
0.0170892 0.104288 0.236088 0.343299 0.395713 0.3969 0.359419 0.30397 0.244678 0.186108 0.139027 0.101076 0.0725281 0.0506667 0.0345117 0.0230634 0.0155742 0.0102212 0.0064741 0.00410565 0.00292395 0.0016968 0.0011514 0.00075245 0.00041915 0.0003232 0.00019695 0.0001313 6.06e-05 1.515e-05 1.515e-05 0 1.01e-05 5.05e-06 5.05e-06 5.05e-06 0 0 0 0 0 0 0 0 0 0 0 0 0 0 0 
0.00773155 0.0364459 0.0942886 0.172104 0.241516 0.286077 0.302222 0.291188 0.265413 0.225432 0.182941 0.147808 0.111938 0.0839007 0.0635644 0.0443794 0.0317393 0.0222857 0.0152258 0.0106101 0.00715585 0.0046965 0.0030906 0.00189375 0.0012524 0.0008181 0.0006464 0.00042925 0.0002525 0.0001111 8.08e-05 4.04e-05 2.02e-05 1.515e-05 1.01e-05 5.05e-06 0 5.05e-06 0 0 0 0 0 0 0 0 0 0 0 0 0 
0.00571155 0.0200889 0.0434452 0.0831937 0.131361 0.177482 0.214822 0.231123 0.235365 0.221887 0.200904 0.171003 0.142092 0.116493 0.0911778 0.0711444 0.0516009 0.0387941 0.0281336 0.020195 0.0145036 0.0097869 0.0069892 0.0046258 0.0031108 0.00214625 0.0014948 0.0009494 0.0005757 0.00042925 0.00027775 0.00012625 0.00011615 8.585e-05 5.555e-05 3.535e-05 1.01e-05 1.01e-05 1.01e-05 0 0 0 0 0 0 0 0 0 0 0 0 
0.00500455 0.0147713 0.0280326 0.0459904 0.0730079 0.104919 0.136522 0.163731 0.18183 0.1884 0.185386 0.173952 0.153747 0.134785 0.11263 0.0919302 0.0733917 0.0574438 0.0440865 0.0332543 0.0244168 0.0180841 0.0134532 0.00928695 0.00663065 0.00461065 0.0032825 0.00225735 0.00145945 0.0009494 0.00060095 0.0004747 0.0003333 0.0001919 0.0001111 8.585e-05 4.545e-05 5.05e-05 3.03e-05 1.515e-05 5.05e-06 5.05e-06 0 0 0 5.05e-06 0 0 0 0 0 
0.00417635 0.0127159 0.0212403 0.0326331 0.0457076 0.0659985 0.086148 0.109454 0.129437 0.144026 0.153717 0.153399 0.148344 0.136668 0.121756 0.104192 0.08938 0.0738664 0.0594335 0.0478286 0.0367539 0.0279619 0.0215585 0.0162964 0.0115595 0.0084537 0.00604485 0.0041915 0.0033128 0.002121 0.0013332 0.00103525 0.0006565 0.0005252 0.0002727 0.00025755 0.0001818 9.595e-05 4.04e-05 2.525e-05 3.535e-05 3.03e-05 0 1.01e-05 0 0 5.05e-06 0 0 5.05e-06 0 
0.00350975 0.0107868 0.0177255 0.0259419 0.0344208 0.0445764 0.0591355 0.0744926 0.0913444 0.1045 0.117301 0.124038 0.12878 0.126265 0.116822 0.108065 0.0965005 0.0840775 0.072311 0.0603172 0.047773 0.0390668 0.0304364 0.0233664 0.0182154 0.0139734 0.0106353 0.0072417 0.00566105 0.003939 0.002828 0.002121 0.0014645 0.0009393 0.00062115 0.00046965 0.00040905 0.00023735 0.00017675 9.09e-05 7.07e-05 4.545e-05 2.02e-05 2.525e-05 0 5.05e-06 2.02e-05 0 5.05e-06 0 5.05e-06 
0.0029997 0.0095748 0.0154379 0.0217201 0.0279265 0.0351935 0.0436825 0.0529695 0.0654531 0.0767348 0.0862035 0.0961672 0.104449 0.106358 0.105904 0.102273 0.0957733 0.0873852 0.0773256 0.0676801 0.0578023 0.0482932 0.0393799 0.0328755 0.0253914 0.0202556 0.0155086 0.0118776 0.00881225 0.0064034 0.0049793 0.0038784 0.00266135 0.00193415 0.00127765 0.00098475 0.0006767 0.00044945 0.00028785 0.00020705 0.00022725 0.000101 0.0001515 5.555e-05 2.525e-05 5.05e-06 3.03e-05 5.05e-06 0 0 5.05e-06 
0.0026866 0.0081608 0.0134886 0.019084 0.024437 0.0294314 0.0353652 0.0420463 0.049687 0.0575852 0.0658621 0.0727907 0.0812343 0.0873044 0.0901173 0.0905768 0.0877993 0.0842138 0.0791941 0.070195 0.0616908 0.0545703 0.0472024 0.0394607 0.0328654 0.0266842 0.0210787 0.0171751 0.0129836 0.0101707 0.0075851 0.0058681 0.0042117 0.00338855 0.0023129 0.00165135 0.00128775 0.0009393 0.000606 0.00044945 0.00029795 0.00019695 0.00016665 0.00016665 8.08e-05 5.555e-05 2.02e-05 3.03e-05 3.535e-05 5.05e-06 2.02e-05 
0.0022523 0.00732755 0.0121453 0.0167105 0.0214524 0.0255581 0.0295476 0.0347491 0.0399708 0.0461015 0.0519241 0.058378 0.0632967 0.0689174 0.073326 0.076452 0.0775024 0.0757399 0.0733361 0.0693719 0.0639684 0.0569893 0.0508889 0.0447986 0.0381275 0.0323301 0.0268408 0.0215029 0.0178013 0.0143673 0.0111353 0.0087466 0.00648925 0.00502475 0.00395415 0.0028179 0.00212605 0.00161095 0.00111605 0.0008282 0.00060095 0.0003737 0.0003333 0.00024745 0.00014645 0.00010605 7.575e-05 3.535e-05 5.555e-05 2.02e-05 6.06e-05 
0.00215635 0.0065549 0.0110242 0.0149531 0.0193163 0.0223008 0.0259166 0.0302091 0.0340269 0.0381275 0.0427432 0.0472377 0.0512323 0.0560197 0.0605293 0.0634886 0.0655945 0.0670893 0.0653016 0.0643825 0.0611707 0.0575296 0.0522322 0.0466772 0.0414454 0.036658 0.0316938 0.0258762 0.021816 0.0179225 0.014741 0.0120897 0.0094031 0.0073427 0.00550955 0.00447935 0.0033027 0.0022624 0.00203515 0.00129785 0.0010504 0.00074235 0.0005858 0.0004343 0.00026765 0.0002525 0.00015655 7.07e-05 9.09e-05 3.535e-05 0.00010605 
0.00186345 0.0057267 0.00984245 0.0135239 0.0167004 0.0205485 0.0234623 0.0264923 0.0297748 0.0334159 0.0365772 0.0389305 0.042824 0.046657 0.0496769 0.052924 0.0557369 0.0570044 0.0582164 0.0572519 0.0563479 0.0539744 0.0514191 0.0470206 0.0428695 0.0389305 0.0349006 0.0296536 0.0257449 0.02171 0.0178518 0.0155793 0.0121604 0.0099687 0.00767095 0.00631755 0.0050197 0.00381275 0.00287345 0.00211595 0.00160085 0.00115645 0.000909 0.0006363 0.0005757 0.0004444 0.0003535 0.00024745 0.00011615 8.08e-05 0.00016665 
0.0017271 0.0052217 0.00840825 0.0118473 0.0151904 0.018584 0.0216999 0.0241542 0.0266691 0.0294718 0.0322746 0.0345572 0.0370418 0.0395718 0.0418696 0.0449501 0.047162 0.0484699 0.0500556 0.0500304 0.0504697 0.049894 0.0474902 0.045652 0.0431119 0.0393244 0.0360065 0.0319514 0.0279871 0.0242905 0.0211242 0.018483 0.0149379 0.0125038 0.010403 0.0082113 0.00696395 0.00537825 0.004343 0.0030401 0.00254015 0.00185335 0.00137865 0.0011211 0.0009292 0.0006767 0.0004949 0.0003838 0.00027775 0.00019695 0.00032825 
0.0015453 0.00464095 0.0074639 0.0105394 0.0136047 0.0165539 0.0192355 0.0213817 0.0243107 0.0263206 0.0284972 0.0302041 0.0324261 0.0347895 0.0372892 0.0387133 0.0401526 0.0414656 0.0437886 0.0447077 0.0440865 0.0442835 0.0434149 0.0428139 0.0411424 0.0380972 0.0359156 0.0327644 0.0295324 0.026558 0.0235381 0.0200435 0.0176498 0.0150086 0.012322 0.0105293 0.00870115 0.0068882 0.00581255 0.0044945 0.0036158 0.00282295 0.00218665 0.00163115 0.0013837 0.0009595 0.0007676 0.00056055 0.00035855 0.00034845 0.00072215 
0.0014544 0.0041915 0.00680235 0.0092819 0.0120998 0.0152258 0.0175033 0.0193062 0.0217403 0.0239067 0.0254369 0.0275377 0.0292597 0.0306283 0.0329917 0.0341027 0.0353803 0.0363903 0.0385871 0.0389658 0.0398496 0.0394658 0.0387739 0.0380972 0.0386426 0.0367287 0.0344309 0.0326786 0.0301435 0.0270125 0.0251591 0.0218312 0.0194577 0.016963 0.0145945 0.0122362 0.0105343 0.00828705 0.00694375 0.00606 0.00481265 0.00377235 0.00298455 0.00255025 0.00202 0.0015554 0.00120695 0.00077265 0.0006767 0.0005151 0.00138875 
0.00121705 0.0037168 0.0060297 0.00847895 0.0110343 0.0132108 0.0160742 0.0175942 0.0193971 0.0213817 0.0242956 0.0251743 0.0260176 0.0275326 0.0292547 0.030901 0.0312141 0.0325574 0.0333957 0.0347188 0.0353298 0.0354561 0.0360015 0.0351228 0.0342239 0.0340673 0.0326533 0.0309565 0.0294466 0.0276134 0.0249925 0.0233967 0.020301 0.0179831 0.0159277 0.0137764 0.011918 0.0103273 0.00861025 0.00697405 0.0060398 0.005151 0.00397435 0.0030906 0.0026361 0.0021614 0.00170185 0.0013635 0.0009494 0.00071205 0.0023331 
0.001111 0.00345925 0.00546915 0.00745885 0.0100091 0.0119736 0.0142158 0.0158166 0.0183416 0.019589 0.0216241 0.0229422 0.0239067 0.0255631 0.0262146 0.0284265 0.0289012 0.0293102 0.0295678 0.0306788 0.0318352 0.0320877 0.0323857 0.0310525 0.0316837 0.0307495 0.0305626 0.0298354 0.0280023 0.0262095 0.0251844 0.0230836 0.0208818 0.0195587 0.0170236 0.0152005 0.0131452 0.011817 0.00983235 0.0082618 0.00746895 0.00618625 0.00500455 0.0040299 0.00312595 0.0028684 0.0022523 0.00168165 0.00147965 0.0011817 0.0036057 
0 0 0 0 0 0 0 0 0 0 0 0 0 0 0 0 0 0 0 0 0 0 0 0 0 0 0 0 0 0 0 0 0 0 0 0 0 0 0 0 0 0 0 0 0 0 0 0 0 0 0 
