Half rod, albedo problem, Anisotropic scattering, exponential random flight, mu_t: 3 g: 0.1
Analogmu_t c: 0.98 maxx: 10 dx: 0.19802 numsamples: 1000000 numCollisionOrders: 20 numMoments: 10
total albedo: 0.739656
per-collision order albedos: 
0 0.219554 0.118729 0.074889 0.052073 0.038072 0.029554 0.023603 0.019303 0.016268 0.01372 0.011655 0.010021 0.009085 0.007892 0.006926 0.006287 0.005656 0.004941 0.004643 
Collision density L:
2.13482 1.96977 1.81975 1.68618 1.56491 1.43634 1.32108 1.22534 1.13495 1.04277 0.963303 0.888856 0.821766 0.759576 0.703339 0.649713 0.603879 0.553712 0.514171 0.474028 0.439628 0.406858 0.372352 0.344041 0.318423 0.29547 0.271958 0.250849 0.229805 0.215039 0.195506 0.18027 0.166751 0.156191 0.141834 0.130896 0.119291 0.109353 0.100439 0.095036 0.0869257 0.0787497 0.0738411 0.0670186 0.0625544 0.0571559 0.0532371 0.0489143 0.046157 0.041511 0.509621 
Collision density R:
2.8871 2.655 2.4577 2.27244 2.10055 1.94291 1.78937 1.65708 1.52556 1.40818 1.30149 1.20033 1.11109 1.0239 0.952162 0.87319 0.809268 0.747885 0.693375 0.640476 0.593511 0.546622 0.506131 0.465878 0.427806 0.396935 0.36768 0.33832 0.309929 0.286744 0.265574 0.24593 0.226063 0.208434 0.191728 0.177533 0.162156 0.149485 0.137496 0.126508 0.11714 0.107116 0.0992527 0.0918545 0.0830422 0.0783912 0.0720383 0.0671701 0.062317 0.0560348 0.693138 
Density Moments:
12.9982 32.2464 159.488 1180.08 11569.2 139743 1.9765e+06 3.15351e+07 5.52162e+08 1.03971e+10 
Per-collision Density Moments:
1 0.333817 0.222857 0.223087 0.297793 0.49773 1.00314 2.38254 6.57423 20.8447 
0.760426 0.433784 0.409195 0.528279 0.860417 1.68589 3.85083 10.0284 29.2917 94.7328 
0.626641 0.475394 0.559386 0.86645 1.65115 3.7274 9.74021 29.065 98.3491 376.029 
0.53915 0.496015 0.683995 1.21386 2.60535 6.53189 18.7114 60.3604 217.173 865.885 
0.476204 0.506668 0.79139 1.56813 3.71262 10.1545 31.4064 108.295 412.498 1725.5 
0.428734 0.511617 0.883592 1.92008 4.95705 14.7242 49.2836 183.063 745.181 3286.59 
0.390605 0.512954 0.963651 2.26295 6.28083 19.9565 71.0609 279.096 1193.58 5496.97 
0.35912 0.511668 1.03377 2.59704 7.68277 25.9456 97.9718 407.259 1840.1 8937.38 
0.332528 0.508625 1.09465 2.9147 9.1003 32.3172 127.986 557.613 2647.04 13598.4 
0.309666 0.504404 1.14844 3.22453 10.5883 39.4467 163.49 743.683 3676.96 19616.6 
0.28973 0.499715 1.19836 3.53153 12.1324 47.1398 203.075 956.315 4870.16 26589.1 
0.272201 0.493926 1.24086 3.81999 13.6816 55.3413 247.948 1213.54 6420.69 36417.4 
0.256841 0.487943 1.27934 4.10181 15.2777 64.2112 298.881 1520.67 8374.49 49523.5 
0.242682 0.481726 1.31426 4.37379 16.8758 73.3267 352.039 1842.42 10404.1 62865.2 
0.229892 0.474931 1.34374 4.62926 18.4607 82.7743 409.352 2201.81 12740.2 78574.9 
0.218328 0.468201 1.37231 4.89332 20.1954 93.7674 480.681 2683.67 16143.5 103697 
0.207714 0.461197 1.39714 5.1436 21.8981 104.799 553.348 3179.76 19671.9 129840 
0.19786 0.454077 1.41836 5.37832 23.5609 115.926 628.964 3713.66 23618.1 160404 
0.188947 0.447051 1.43734 5.60365 25.2147 127.317 708.325 4286.15 27932 194456 
0 0 0 0 0 0 0 0 0 0 
Per-collision Densities L:
0 0 0 0 0 0 0 0 0 0 0 0 0 0 0 0 0 0 0 0 0 0 0 0 0 0 0 0 0 0 0 0 0 0 0 0 0 0 0 0 0 0 0 0 0 0 0 0 0 0 0 
0.49947 0.274008 0.15199 0.0843805 0.0466317 0.0260429 0.0143521 0.0076962 0.0042622 0.00240885 0.001313 0.0007676 0.0003737 0.0002222 0.00012625 8.08e-05 4.04e-05 1.515e-05 5.05e-06 5.05e-06 5.05e-06 5.05e-06 0 0 0 0 0 0 0 0 0 0 0 0 0 0 0 0 0 0 0 0 0 0 0 0 0 0 0 0 0 
0.341052 0.2788 0.200556 0.138905 0.0926322 0.0594133 0.0365065 0.0225079 0.0144986 0.0091203 0.0054035 0.0032118 0.00182305 0.0010807 0.00063125 0.00038885 0.0001616 7.575e-05 7.07e-05 2.525e-05 2.525e-05 2.02e-05 0 1.01e-05 0 0 0 0 0 0 0 0 0 0 0 0 0 0 0 0 0 0 0 0 0 0 0 0 0 0 0 
0.228578 0.217307 0.183068 0.147349 0.112671 0.0798254 0.0559591 0.0382487 0.0257045 0.017569 0.0111151 0.00722655 0.0041208 0.00275225 0.0018382 0.00112615 0.00066155 0.00038885 0.00026765 0.0001313 0.0001111 5.05e-05 4.545e-05 1.515e-05 1.01e-05 1.01e-05 0 0 0 0 0 5.05e-06 0 0 0 0 0 0 0 0 0 0 0 0 0 0 0 0 0 0 0 
0.163539 0.164413 0.155752 0.13586 0.111858 0.087971 0.0669782 0.0493486 0.0355621 0.0252399 0.0178164 0.0117059 0.0079588 0.00548935 0.00365115 0.0023129 0.001515 0.0008787 0.0006262 0.00038885 0.0001818 0.00017675 8.08e-05 7.575e-05 3.03e-05 2.02e-05 1.515e-05 1.01e-05 0 5.05e-06 0 0 5.05e-06 0 0 0 0 0 0 0 0 0 0 0 0 0 0 0 0 0 0 
0.122685 0.128437 0.128982 0.117155 0.105151 0.0874559 0.0707808 0.0558126 0.0422534 0.0317847 0.0231492 0.0175387 0.01161 0.00829715 0.00619635 0.0037976 0.0027472 0.0017877 0.0011413 0.0008686 0.00054035 0.000303 0.0001414 0.00013635 9.09e-05 5.05e-05 3.535e-05 5.05e-06 1.01e-05 1.01e-05 0 0 5.05e-06 0 5.05e-06 5.05e-06 0 0 0 0 0 0 0 0 0 0 0 0 0 0 0 
0.0945663 0.104909 0.105495 0.102177 0.0934099 0.0826938 0.0699981 0.0570044 0.0462782 0.0368499 0.0279619 0.0212504 0.016256 0.0116605 0.00869105 0.00597415 0.0041915 0.0028583 0.0020503 0.00125745 0.00087365 0.0004949 0.00036865 0.0002929 0.00018685 9.09e-05 8.585e-05 5.05e-05 5.05e-05 1.515e-05 3.535e-05 1.01e-05 1.01e-05 5.05e-06 1.01e-05 0 0 0 0 0 0 0 0 0 0 0 0 0 0 0 0 
0.0771034 0.0864308 0.0887033 0.0874206 0.083017 0.0766843 0.0663873 0.0575397 0.0481922 0.0387133 0.0312747 0.024235 0.0193971 0.0142511 0.0107363 0.0079184 0.00568125 0.0040198 0.0028684 0.0021008 0.0012423 0.0009393 0.00068175 0.00043935 0.0002424 0.00023735 0.00016665 0.0001212 8.08e-05 4.04e-05 2.02e-05 3.535e-05 2.525e-05 1.01e-05 5.05e-06 5.05e-06 0 5.05e-06 0 0 0 0 0 0 0 0 0 0 0 0 0 
0.0636502 0.0713363 0.075245 0.0747451 0.0735634 0.0691951 0.0627109 0.0567115 0.0480255 0.0408343 0.0324109 0.0262802 0.0209979 0.0166751 0.0129987 0.0096556 0.0074336 0.00533785 0.00400465 0.0028583 0.00205535 0.001515 0.0010302 0.0007777 0.00053025 0.00037875 0.00021715 0.00020705 0.00010605 8.585e-05 6.565e-05 3.535e-05 4.545e-05 1.01e-05 2.02e-05 0 5.05e-06 0 5.05e-06 0 0 0 0 0 0 0 0 0 0 0 0 
0.0521968 0.0599536 0.0649986 0.066963 0.0663469 0.0622665 0.0585043 0.0535704 0.0470559 0.0400819 0.0341178 0.0278609 0.0231492 0.0182103 0.0142309 0.0111706 0.00874155 0.00657005 0.0053429 0.00372185 0.00277245 0.00191395 0.00155035 0.00107565 0.00082315 0.0004646 0.0003333 0.0002727 0.0001818 0.0001414 0.00011615 8.08e-05 6.565e-05 3.03e-05 1.515e-05 5.05e-06 5.05e-06 0 5.05e-06 0 0 0 5.05e-06 0 0 0 0 5.05e-06 0 0 0 
0.0440714 0.0513585 0.0559742 0.0586962 0.0601102 0.0565499 0.0541209 0.0498132 0.0442784 0.0389002 0.03434 0.028477 0.0236239 0.019897 0.0158116 0.0126856 0.0106505 0.0078881 0.00593375 0.0044945 0.00359055 0.0027674 0.00203515 0.00140895 0.00102515 0.0007979 0.000505 0.0003838 0.0002525 0.0002222 0.0001111 5.555e-05 7.07e-05 6.06e-05 2.02e-05 1.515e-05 1.515e-05 3.03e-05 0 5.05e-06 5.05e-06 0 5.05e-06 0 5.05e-06 0 0 0 0 0 0 
0.0385214 0.0452581 0.0490204 0.0522928 0.0529594 0.0513333 0.0499041 0.046561 0.0421574 0.0378397 0.0340926 0.0288961 0.024947 0.0203768 0.0166499 0.0141804 0.0113373 0.00867085 0.0072518 0.0055348 0.00435815 0.00316635 0.00254015 0.0019493 0.00133825 0.00091405 0.00076255 0.00055045 0.00040905 0.00027775 0.0001515 0.00016665 0.00010605 9.09e-05 3.03e-05 4.545e-05 1.515e-05 2.525e-05 1.515e-05 5.05e-06 1.01e-05 1.01e-05 0 5.05e-06 0 0 0 0 0 0 0 
0.0338704 0.0393042 0.0433997 0.0454702 0.0479195 0.0471822 0.0451723 0.0437886 0.0408646 0.0357439 0.0328553 0.0286992 0.024341 0.0214928 0.017973 0.0144834 0.0124937 0.0100445 0.0078275 0.00620645 0.00476215 0.003939 0.0029997 0.00221695 0.00169175 0.00131805 0.00099485 0.0006767 0.0005353 0.00031815 0.000303 0.00016665 0.00010605 0.0001414 4.04e-05 4.545e-05 2.525e-05 2.525e-05 1.01e-05 5.05e-06 0 5.05e-06 5.05e-06 0 1.01e-05 0 0 0 0 0 0 
0.030194 0.0344259 0.0382336 0.0405465 0.0432987 0.0423443 0.0410616 0.0401223 0.0374306 0.0345067 0.0321887 0.0284719 0.0249874 0.0221695 0.0183214 0.0152106 0.0125341 0.0105697 0.00906475 0.00702455 0.0055146 0.004444 0.00350975 0.00269165 0.00205535 0.0015352 0.001212 0.00089385 0.00080295 0.00043935 0.0003636 0.00027775 0.00017675 0.0001313 9.595e-05 3.535e-05 5.555e-05 4.04e-05 3.03e-05 1.515e-05 2.02e-05 5.05e-06 5.05e-06 1.515e-05 0 0 0 5.05e-06 0 5.05e-06 0 
0.0259217 0.0300677 0.0345067 0.0373902 0.0380922 0.0393799 0.0382588 0.0369307 0.035855 0.033426 0.0300021 0.0272599 0.024947 0.0216241 0.0183517 0.015852 0.0134381 0.0114534 0.0093021 0.0075043 0.00628725 0.0049591 0.0041006 0.0030906 0.0023432 0.00195435 0.0015352 0.0012524 0.00084335 0.0006969 0.0004848 0.00029795 0.00024745 0.0001616 0.00011615 8.585e-05 7.07e-05 9.09e-05 5.05e-05 2.02e-05 2.525e-05 1.01e-05 1.01e-05 1.01e-05 5.05e-06 5.05e-06 5.05e-06 5.05e-06 0 0 0 
0.0229826 0.0275932 0.0310777 0.0338956 0.0352137 0.0357843 0.0344663 0.0354106 0.0338603 0.0312595 0.0290729 0.0264974 0.0237047 0.021311 0.0184679 0.0160085 0.0134886 0.0118827 0.009999 0.00830725 0.0068781 0.00561055 0.00416625 0.0033936 0.0027472 0.00232805 0.0019695 0.00139885 0.0008181 0.000808 0.00059085 0.0003737 0.000303 0.0003434 0.0001111 8.585e-05 8.08e-05 8.08e-05 7.07e-05 5.05e-05 2.525e-05 1.01e-05 2.525e-05 1.515e-05 5.05e-06 5.05e-06 0 0 0 0 0 
0.0208919 0.0250278 0.0277346 0.0312141 0.0316433 0.0330119 0.0324968 0.0325523 0.0317746 0.0297294 0.027669 0.0249925 0.023331 0.0209474 0.0185133 0.0161853 0.0144127 0.0123675 0.0100293 0.00888295 0.0071609 0.0059691 0.0046258 0.00403495 0.00332795 0.0024745 0.0018887 0.00163115 0.0012524 0.0009494 0.0007373 0.00047975 0.00042925 0.00025755 0.0002424 0.0001818 0.00018685 0.000101 0.0001212 5.555e-05 3.535e-05 2.525e-05 1.515e-05 2.02e-05 5.05e-06 0 0 1.515e-05 5.05e-06 0 0 
0.0186042 0.0219524 0.0248107 0.0279366 0.0291587 0.0298001 0.0297698 0.0296082 0.0294062 0.0279669 0.0262651 0.0242703 0.0223059 0.0203414 0.0181952 0.0163267 0.0144531 0.0120241 0.0101051 0.00901425 0.00761035 0.0061307 0.0050803 0.0042723 0.00357035 0.0027674 0.0020806 0.00183315 0.00134835 0.00124735 0.0009292 0.00066155 0.0004848 0.0003737 0.00034845 0.00023735 0.00020705 0.0001313 9.595e-05 7.07e-05 9.09e-05 4.04e-05 5.05e-05 1.515e-05 2.525e-05 0 5.05e-06 0 5.05e-06 5.05e-06 1.01e-05 
0.0169529 0.0200889 0.0231341 0.0253409 0.026159 0.0279871 0.0279871 0.0278356 0.0272902 0.0265176 0.0243006 0.0235532 0.0214524 0.0199273 0.0177407 0.0160439 0.0144329 0.012625 0.0109787 0.00920615 0.0077366 0.0066054 0.0055045 0.0047369 0.00377235 0.00295425 0.0026765 0.0020301 0.00167155 0.00123725 0.0010302 0.0006666 0.00058075 0.0004949 0.0003333 0.0002626 0.0002424 0.0001818 0.000101 8.585e-05 5.555e-05 9.595e-05 5.05e-05 2.525e-05 3.03e-05 5.05e-06 0 2.525e-05 1.01e-05 0 5.05e-06 
0 0 0 0 0 0 0 0 0 0 0 0 0 0 0 0 0 0 0 0 0 0 0 0 0 0 0 0 0 0 0 0 0 0 0 0 0 0 0 0 0 0 0 0 0 0 0 0 0 0 0 
Per-collision Densities L:
2.26097 1.24694 0.689562 0.381538 0.210595 0.116579 0.0644027 0.0356985 0.0197354 0.010807 0.00569135 0.00326735 0.0019594 0.00103525 0.0005555 0.0002727 0.00019695 8.08e-05 6.565e-05 2.02e-05 2.02e-05 0 0 5.05e-06 0 0 0 5.05e-06 0 0 0 0 0 0 0 0 0 0 0 0 0 0 0 0 0 0 0 0 0 0 0 
0.3267 0.578114 0.542825 0.422367 0.29995 0.203803 0.132573 0.0840017 0.0527422 0.0328553 0.0201394 0.0123574 0.00733765 0.00415615 0.0025048 0.00156045 0.0008686 0.00037875 0.0003333 0.0001717 0.0001313 3.535e-05 1.515e-05 1.01e-05 5.05e-06 0 5.05e-06 1.01e-05 0 0 0 0 0 0 0 0 0 0 0 0 0 0 0 0 0 0 0 0 0 0 0 
0.0925059 0.242632 0.311247 0.311292 0.269261 0.21357 0.160484 0.116781 0.0808657 0.0550703 0.0365317 0.0244117 0.0159429 0.0101152 0.00628725 0.0040299 0.0028179 0.00131805 0.00092415 0.0006262 0.00035855 0.00023735 0.0001212 4.545e-05 6.565e-05 4.545e-05 1.515e-05 0 0 0 5.05e-06 0 5.05e-06 0 0 5.05e-06 0 0 0 0 0 0 0 0 0 0 0 0 0 0 0 
0.0468893 0.129391 0.187613 0.211272 0.209333 0.188385 0.157287 0.125553 0.0960056 0.0718413 0.0511616 0.0360065 0.0251743 0.0173316 0.0116251 0.0077871 0.00510555 0.0031209 0.0020503 0.0013534 0.00084335 0.00052015 0.0003535 0.0002222 0.0001313 6.06e-05 6.06e-05 3.535e-05 1.515e-05 1.01e-05 0 0 5.05e-06 5.05e-06 0 0 0 5.05e-06 0 0 0 0 0 0 0 0 0 0 0 0 0 
0.0293203 0.082512 0.124735 0.149096 0.158752 0.154676 0.139279 0.120564 0.0977125 0.0787346 0.060999 0.0461217 0.0339158 0.0245582 0.0176397 0.0116302 0.00841835 0.00544895 0.00392385 0.00268155 0.0015554 0.0012322 0.0006666 0.00049995 0.0002525 0.0001313 0.0001313 6.06e-05 4.04e-05 4.04e-05 5.05e-06 2.02e-05 0 0 0 0 0 5.05e-06 0 5.05e-06 0 0 0 0 0 0 0 0 0 0 0 
0.0210989 0.0576357 0.0911677 0.112312 0.124099 0.125417 0.119326 0.108727 0.093728 0.0784871 0.0653167 0.0513535 0.0396223 0.030093 0.0226291 0.0165135 0.0118726 0.00848905 0.00563075 0.00414605 0.0027371 0.00188365 0.00122715 0.00084335 0.0005959 0.00042925 0.00020705 0.0002121 0.0001212 7.07e-05 5.555e-05 3.535e-05 2.525e-05 2.02e-05 5.05e-06 5.05e-06 0 0 0 0 0 0 0 0 0 0 0 0 0 0 0 
0.0154833 0.0432937 0.0686093 0.0873347 0.0991618 0.103939 0.102939 0.0976064 0.0868095 0.0757652 0.0640239 0.0527018 0.0429149 0.0339714 0.0259924 0.0199374 0.0153066 0.0112716 0.00765075 0.00603475 0.0041006 0.00301485 0.0021008 0.00140895 0.0009898 0.0007171 0.0004646 0.0003333 0.00019695 0.0001414 7.575e-05 5.05e-05 4.04e-05 3.535e-05 5.05e-06 5.05e-06 5.05e-06 1.01e-05 0 0 0 0 0 0 0 0 0 0 0 0 0 
0.011615 0.0340825 0.053626 0.0683215 0.0808 0.0863752 0.0874963 0.0867287 0.079078 0.0713818 0.0620342 0.0533078 0.0443693 0.0363903 0.028982 0.022725 0.017978 0.0137461 0.0101455 0.0075447 0.0058075 0.00415615 0.00292395 0.0021513 0.0015352 0.0010302 0.0006464 0.000505 0.00031815 0.00025755 0.00015655 0.0001313 0.0001212 4.545e-05 2.02e-05 2.525e-05 1.01e-05 5.05e-06 0 1.01e-05 0 0 0 0 0 0 0 0 0 0 0 
0.00961015 0.0268004 0.0433745 0.0576104 0.0668267 0.0739573 0.0749168 0.0743259 0.0711747 0.0662712 0.0600294 0.0517373 0.0446319 0.0372488 0.0316888 0.0244319 0.019796 0.0155187 0.0121655 0.00950915 0.0068074 0.00536815 0.00392385 0.00281285 0.00211595 0.00160085 0.00101 0.00067165 0.00043935 0.00033835 0.0002424 0.00015655 0.0001313 0.000101 7.575e-05 1.515e-05 2.525e-05 2.02e-05 1.01e-05 5.05e-06 0 0 5.05e-06 0 0 0 0 5.05e-06 0 0 0 
0.007676 0.0225887 0.035653 0.0464196 0.0556207 0.0625443 0.0659631 0.0666499 0.0641451 0.0608374 0.0555702 0.0496971 0.0437381 0.036961 0.0320978 0.0256742 0.0220281 0.017271 0.0137663 0.0107565 0.00818605 0.00657005 0.00526715 0.00366125 0.00271185 0.00184325 0.0015756 0.0009595 0.0008989 0.0003939 0.00037875 0.0002525 0.0001717 0.0001212 6.565e-05 3.535e-05 5.05e-05 2.525e-05 3.03e-05 1.01e-05 1.01e-05 1.515e-05 0 5.05e-06 0 0 0 0 0 0 0 
0.00655995 0.0184628 0.0301889 0.0395718 0.0476013 0.0539744 0.056459 0.0588881 0.0578983 0.0549844 0.0522574 0.0475256 0.0429301 0.0370771 0.032017 0.0264721 0.0228462 0.0183719 0.0153672 0.0120746 0.00962025 0.00779215 0.0057267 0.0047773 0.00335825 0.0022826 0.00198465 0.00139885 0.0011009 0.0007777 0.00045955 0.00041915 0.00028785 0.00017675 0.0001414 8.585e-05 3.535e-05 3.535e-05 3.03e-05 1.01e-05 1.01e-05 1.515e-05 5.05e-06 1.515e-05 0 0 0 0 0 0 0 
0.00542875 0.015751 0.0243006 0.0343754 0.0411525 0.0465812 0.0497021 0.051813 0.0519292 0.0507727 0.0477781 0.0447178 0.0403596 0.0361934 0.0321281 0.0275124 0.0233411 0.0194577 0.0162206 0.0130997 0.0109181 0.0083426 0.0066761 0.00510555 0.0042218 0.00303505 0.0024644 0.0017372 0.00131805 0.00098475 0.0007676 0.00043935 0.0003333 0.0002727 0.00021715 0.00015655 9.595e-05 7.575e-05 2.02e-05 3.535e-05 1.515e-05 5.05e-06 1.01e-05 1.01e-05 0 5.05e-06 5.05e-06 0 5.05e-06 0 0 
0.00463085 0.0143774 0.0220887 0.0291486 0.0357793 0.0415161 0.0434805 0.0460055 0.0463994 0.0469196 0.0435765 0.0422887 0.0389759 0.0347996 0.031209 0.0275427 0.0230735 0.0200586 0.0172407 0.0142764 0.011206 0.0092314 0.0077467 0.0060196 0.0047672 0.0037673 0.00288355 0.0021917 0.0017372 0.0012524 0.0008989 0.00065145 0.0005353 0.0003434 0.0002727 0.0001313 0.0001515 9.595e-05 9.09e-05 7.575e-05 4.04e-05 2.02e-05 2.02e-05 2.02e-05 2.02e-05 5.05e-06 0 5.05e-06 0 0 5.05e-06 
0.0041309 0.0117615 0.018988 0.0259368 0.0309717 0.036663 0.0394456 0.04141 0.0421675 0.042723 0.041304 0.038678 0.0370923 0.0333906 0.0305576 0.0266842 0.0229068 0.0201394 0.0173064 0.0150642 0.0125493 0.0101909 0.00827695 0.0066761 0.00519645 0.00417635 0.0033835 0.00270175 0.0020301 0.0014948 0.0012928 0.0008181 0.0006363 0.00049995 0.0003333 0.0002626 0.00014645 8.585e-05 0.0001313 0.00010605 4.545e-05 3.03e-05 5.05e-06 2.02e-05 2.525e-05 1.515e-05 0 1.01e-05 0 0 0 
0.00370165 0.0103071 0.0168872 0.0224069 0.0279518 0.0319261 0.0359106 0.0374306 0.0375821 0.0380265 0.0382386 0.0369963 0.0345774 0.0320271 0.0290628 0.0265176 0.023225 0.0202909 0.0174124 0.014741 0.0135845 0.0109686 0.00872135 0.00714575 0.0058378 0.00458035 0.00404505 0.0029189 0.0022523 0.00188365 0.0012726 0.0010302 0.0008282 0.00066155 0.00046965 0.0003434 0.00023735 0.0001515 0.00016665 5.05e-05 8.585e-05 4.545e-05 3.535e-05 3.535e-05 1.515e-05 2.525e-05 5.05e-06 1.01e-05 0 0 0 
0.0031108 0.00914555 0.0146955 0.0205283 0.0241441 0.0276841 0.0319059 0.0332593 0.0352591 0.0346582 0.0354662 0.0336633 0.0322847 0.0305525 0.0283962 0.0255833 0.0231038 0.0207656 0.0176447 0.0156247 0.0131048 0.0113524 0.0092819 0.00776185 0.00630745 0.00511565 0.0041713 0.003333 0.00275225 0.00220685 0.00170185 0.0013029 0.00101505 0.00083325 0.0004545 0.0004141 0.00037875 0.00026765 0.0001717 0.0001919 0.00011615 8.08e-05 5.555e-05 3.535e-05 2.02e-05 2.02e-05 5.05e-06 2.525e-05 5.05e-06 5.05e-06 1.515e-05 
0.00264115 0.007878 0.0131755 0.0184325 0.0218766 0.025245 0.0278104 0.029694 0.0324564 0.031911 0.0326129 0.0309818 0.0306283 0.0294011 0.0265226 0.0243612 0.0220029 0.0204121 0.0174932 0.0157207 0.0134532 0.0121352 0.00984245 0.0079083 0.00680235 0.0055348 0.00463085 0.0039188 0.00303505 0.00240885 0.0018584 0.0014948 0.0012019 0.0009393 0.00067165 0.00056055 0.00041915 0.0002929 0.0002525 0.0001616 0.0001212 9.595e-05 9.595e-05 8.08e-05 6.565e-05 1.515e-05 1.01e-05 1.01e-05 1.515e-05 1.515e-05 1.515e-05 
0.0024341 0.00695385 0.0120847 0.0168216 0.0201899 0.0234674 0.0255934 0.0278053 0.0292749 0.0296385 0.0305576 0.0294163 0.0285881 0.0274114 0.0253965 0.0232704 0.0217605 0.0196647 0.0179174 0.0156399 0.0137815 0.0117413 0.0105394 0.0086961 0.0075245 0.00604485 0.0046359 0.00433795 0.0035552 0.0028785 0.00220685 0.00153015 0.00119685 0.0010807 0.0008484 0.0006767 0.00044945 0.0003838 0.0002929 0.00021715 0.00014645 0.0001212 9.595e-05 7.07e-05 6.06e-05 4.04e-05 2.525e-05 2.525e-05 1.515e-05 1.515e-05 3.03e-05 
0.0022826 0.0065145 0.0102162 0.0143016 0.0187204 0.020801 0.024336 0.0248763 0.0273609 0.0271236 0.0277599 0.0278053 0.0271034 0.0249117 0.0242047 0.0228715 0.0211696 0.0193062 0.0174427 0.0154328 0.0135694 0.011716 0.0104081 0.00902435 0.0076558 0.0063226 0.00518635 0.0045753 0.00363095 0.00304515 0.0027068 0.0019796 0.00146955 0.00121705 0.00105545 0.0008181 0.00067165 0.000404 0.0003232 0.00026765 0.00026765 0.00012625 7.575e-05 9.595e-05 8.08e-05 3.535e-05 2.525e-05 4.04e-05 2.525e-05 1.01e-05 5.05e-05 
0 0 0 0 0 0 0 0 0 0 0 0 0 0 0 0 0 0 0 0 0 0 0 0 0 0 0 0 0 0 0 0 0 0 0 0 0 0 0 0 0 0 0 0 0 0 0 0 0 0 0 
