Half rod, albedo problem, Anisotropic scattering, exponential random flight, mu_t: 1 g: 0.5
Analogmu_t c: 0.3 maxx: 10 dx: 0.19802 numsamples: 10000000 numCollisionOrders: 20 numMoments: 10
total albedo: 0.0485121
per-collision order albedos: 
0 0.0375234 0.0084295 0.001947 0.000468 0.0001096 2.52e-05 6.5e-06 2.3e-06 5e-07 1e-07 0 0 0 0 0 0 0 0 0 
Collision density L:
0.0450824 0.0388608 0.0331457 0.0286037 0.0245162 0.0210216 0.0178755 0.0156454 0.0133022 0.0113413 0.00973539 0.0083219 0.00715434 0.00619029 0.0052717 0.00455308 0.00385416 0.00329715 0.00292345 0.00243865 0.00210181 0.00184275 0.00151803 0.00137764 0.00114989 0.000983235 0.000804465 0.000708515 0.0006262 0.00053328 0.000455005 0.000394405 0.00034845 0.00027169 0.00024543 0.00022422 0.00018887 0.00016968 0.000142915 0.000120695 0.000101505 8.8375e-05 8.08e-05 5.656e-05 5.151e-05 5.2015e-05 4.343e-05 3.8885e-05 2.929e-05 2.1715e-05 0.00016059 
Collision density R:
0.927684 0.795835 0.683409 0.586948 0.50325 0.431711 0.370488 0.317866 0.273942 0.234474 0.201302 0.173594 0.148341 0.126945 0.109443 0.0935513 0.0800178 0.069083 0.0594375 0.051052 0.0434689 0.0371907 0.0320842 0.0276341 0.0235537 0.0204177 0.0173154 0.0150344 0.0128432 0.0109969 0.00947229 0.00802344 0.00707202 0.00608626 0.00505556 0.00435462 0.00378599 0.00330119 0.00277599 0.00233866 0.00207454 0.00173619 0.00158621 0.00127462 0.00112615 0.00091001 0.000840825 0.00071508 0.000612565 0.0005353 0.00315979 
Density Moments:
1.35917 1.76093 4.56333 17.7476 92.111 598.192 4665.99 42466.9 440907 5.12192e+06 
Per-collision Density Moments:
1 0.999844 1.99893 5.99399 23.9735 119.948 720.841 5058.56 40599.2 366645 
0.262386 0.486872 1.42303 5.62078 27.9297 167.383 1177.55 9550.59 88178.5 917357 
0.0703525 0.182681 0.691166 3.35736 19.8198 137.657 1101.09 9992.19 101689 1.14863e+06 
0.019102 0.0620053 0.284033 1.62402 11.0394 86.7777 774.808 7759.56 86292.1 1.05543e+06 
0.0052782 0.0201919 0.107244 0.698715 5.32156 46.0536 443.781 4686.22 53519.1 653762 
0.0014711 0.00641382 0.038672 0.282643 2.38269 22.5258 234.206 2637.79 31782.3 405374 
0.0004225 0.0020325 0.0134409 0.106795 0.970625 9.83019 108.974 1303.22 16597.5 222529 
0.0001179 0.000632764 0.00468239 0.0415973 0.42194 4.75643 58.5275 775.375 10931.2 162294 
3.08e-05 0.000178006 0.00144315 0.0141393 0.159596 2.02666 28.3886 430.274 6931.82 116926 
8.2e-06 5.30856e-05 0.000489188 0.00543829 0.069139 0.972567 14.7456 236.041 3928.58 67250.6 
1.8e-06 1.27708e-05 0.000114163 0.00112832 0.0118864 0.131114 1.49812 17.5998 211.382 2583.88 
6e-07 5.58997e-06 5.60221e-05 0.000601599 0.00685356 0.0817982 1.01069 12.8041 165.134 2157.25 
4e-07 3.73413e-06 3.70662e-05 0.000388775 0.00426682 0.0484925 0.565538 6.72043 80.9568 985.075 
0 0 0 0 0 0 0 0 0 0 
0 0 0 0 0 0 0 0 0 0 
0 0 0 0 0 0 0 0 0 0 
0 0 0 0 0 0 0 0 0 0 
0 0 0 0 0 0 0 0 0 0 
0 0 0 0 0 0 0 0 0 0 
0 0 0 0 0 0 0 0 0 0 
Per-collision Densities L:
0 0 0 0 0 0 0 0 0 0 0 0 0 0 0 0 0 0 0 0 0 0 0 0 0 0 0 0 0 0 0 0 0 0 0 0 0 0 0 0 0 0 0 0 0 0 0 0 0 0 0 
0.0341158 0.0280225 0.02283 0.0189052 0.0153682 0.0127906 0.0104171 0.00859813 0.00696698 0.00572115 0.00465661 0.00380417 0.00319211 0.00261136 0.00218362 0.0017569 0.00141097 0.00112464 0.000970105 0.000803455 0.00063226 0.00051308 0.00044541 0.000367135 0.00028684 0.000241895 0.000198465 0.000155035 0.00013938 0.00011312 8.787e-05 7.07e-05 7.07e-05 4.949e-05 4.646e-05 3.6865e-05 2.5755e-05 2.0705e-05 2.222e-05 1.5655e-05 1.313e-05 1.2625e-05 1.1615e-05 5.555e-06 3.535e-06 4.545e-06 2.525e-06 1.515e-06 3.03e-06 1.515e-06 1.0605e-05 
0.00839563 0.00823605 0.00774165 0.007171 0.00662964 0.00588022 0.00522776 0.0047975 0.00423039 0.00367539 0.00327139 0.00284012 0.0024235 0.00214524 0.00177609 0.00161752 0.00135593 0.00116251 0.00101556 0.000827695 0.0007575 0.00066357 0.000509545 0.0004545 0.00038279 0.00033027 0.000260075 0.000245935 0.000196445 0.000155035 0.00014443 0.000119685 0.00010605 7.3225e-05 7.0195e-05 6.7165e-05 4.4945e-05 4.9995e-05 3.939e-05 3.4845e-05 2.222e-05 1.818e-05 1.8685e-05 9.595e-06 1.111e-05 1.3635e-05 7.575e-06 1.01e-05 5.05e-06 4.545e-06 2.3735e-05 
0.00197001 0.00197102 0.00194425 0.00190486 0.0018786 0.00174276 0.00163469 0.00162156 0.00152914 0.00141855 0.00125493 0.00118574 0.00104434 0.000973135 0.000862035 0.000761035 0.000707505 0.000621655 0.000603475 0.00049187 0.000424705 0.000404 0.000332795 0.000312595 0.00027977 0.00023432 0.000189375 0.00016463 0.000154025 0.00015049 0.000111605 0.00010201 8.08e-05 8.1305e-05 6.1105e-05 5.151e-05 5.6055e-05 4.4945e-05 3.636e-05 2.626e-05 2.727e-05 2.424e-05 1.9695e-05 1.515e-05 1.5655e-05 8.585e-06 1.212e-05 9.09e-06 9.09e-06 6.565e-06 3.434e-05 
0.000448945 0.000469145 0.000472175 0.00046258 0.000481265 0.000437835 0.000443895 0.00045955 0.000422685 0.00037774 0.000406525 0.000357035 0.000347945 0.00032825 0.000330775 0.000293405 0.000265125 0.00027573 0.000225735 0.000210585 0.00018887 0.00017675 0.000154025 0.000157055 0.00011918 0.00011009 0.000103525 9.1405e-05 8.787e-05 7.575e-05 5.656e-05 6.1105e-05 5.3025e-05 4.2925e-05 3.737e-05 4.141e-05 2.929e-05 2.727e-05 2.3735e-05 2.121e-05 1.8685e-05 1.515e-05 1.6665e-05 1.212e-05 9.09e-06 1.111e-05 9.595e-06 1.2625e-05 7.575e-06 5.05e-06 3.7875e-05 
0.000113625 0.000120695 0.000118675 0.00012019 0.00011009 0.000129785 0.000112615 0.000125745 0.00011514 0.000113625 0.000109585 9.8475e-05 0.000101505 9.4435e-05 8.787e-05 8.7365e-05 8.3325e-05 7.676e-05 7.9285e-05 7.373e-05 6.868e-05 6.2115e-05 5.3025e-05 6.2115e-05 5.7065e-05 4.1915e-05 3.737e-05 3.636e-05 3.1815e-05 2.525e-05 3.2825e-05 2.727e-05 2.626e-05 1.3635e-05 1.414e-05 1.8685e-05 2.121e-05 1.515e-05 1.212e-05 1.212e-05 1.313e-05 7.07e-06 6.06e-06 1.01e-05 6.06e-06 7.07e-06 7.07e-06 4.04e-06 2.02e-06 1.01e-06 2.525e-05 
2.9795e-05 3.1815e-05 2.6765e-05 2.929e-05 3.535e-05 3.03e-05 2.929e-05 3.131e-05 3.131e-05 2.525e-05 2.929e-05 2.9795e-05 2.9795e-05 2.7775e-05 2.1715e-05 2.8785e-05 2.2725e-05 2.7775e-05 2.2725e-05 2.525e-05 2.2725e-05 1.515e-05 1.7675e-05 1.616e-05 1.7675e-05 1.616e-05 1.212e-05 1.111e-05 1.0605e-05 9.595e-06 1.616e-05 9.09e-06 8.08e-06 8.585e-06 1.0605e-05 7.575e-06 7.07e-06 7.575e-06 6.565e-06 6.06e-06 5.05e-06 7.575e-06 5.555e-06 3.535e-06 3.535e-06 4.545e-06 4.545e-06 1.515e-06 1.01e-06 2.02e-06 1.313e-05 
6.565e-06 7.07e-06 1.1615e-05 7.575e-06 9.595e-06 6.565e-06 8.585e-06 8.585e-06 5.555e-06 6.06e-06 5.555e-06 4.04e-06 1.0605e-05 7.07e-06 6.565e-06 5.555e-06 7.575e-06 7.07e-06 4.545e-06 4.545e-06 6.06e-06 7.07e-06 3.535e-06 6.06e-06 6.565e-06 5.555e-06 1.515e-06 3.03e-06 4.545e-06 3.535e-06 2.525e-06 3.535e-06 2.525e-06 1.01e-06 3.535e-06 5.05e-07 4.545e-06 2.525e-06 2.02e-06 4.04e-06 1.01e-06 2.525e-06 1.515e-06 5.05e-07 5.05e-07 1.01e-06 0 0 5.05e-07 5.05e-07 8.585e-06 
2.02e-06 1.01e-06 0 2.02e-06 3.535e-06 2.02e-06 1.01e-06 1.515e-06 1.01e-06 3.535e-06 1.515e-06 2.02e-06 3.535e-06 2.02e-06 3.03e-06 2.525e-06 1.01e-06 5.05e-07 2.02e-06 1.01e-06 5.05e-07 5.05e-07 1.515e-06 1.515e-06 0 1.01e-06 1.515e-06 5.05e-07 1.01e-06 5.05e-07 2.525e-06 5.05e-07 1.01e-06 1.01e-06 1.515e-06 0 0 1.01e-06 0 5.05e-07 1.01e-06 5.05e-07 1.01e-06 0 1.515e-06 1.01e-06 0 0 1.01e-06 5.05e-07 4.04e-06 
0 1.515e-06 5.05e-07 1.01e-06 0 1.515e-06 5.05e-07 1.515e-06 0 0 0 5.05e-07 1.01e-06 1.01e-06 0 0 0 0 0 5.05e-07 0 5.05e-07 5.05e-07 5.05e-07 0 1.01e-06 5.05e-07 5.05e-07 5.05e-07 0 5.05e-07 5.05e-07 0 0 0 5.05e-07 0 5.05e-07 5.05e-07 0 0 5.05e-07 0 0 5.05e-07 0 0 0 0 0 2.02e-06 
0 0 0 0 0 0 0 0 0 0 0 0 0 0 0 0 0 5.05e-07 0 0 5.05e-07 0 0 0 0 1.01e-06 0 0 0 0 0 0 0 5.05e-07 0 0 0 0 0 0 0 0 0 0 0 5.05e-07 0 0 0 0 1.01e-06 
0 0 0 0 0 0 0 0 0 0 0 0 0 0 0 0 0 0 0 0 0 0 0 0 0 0 0 0 0 0 0 0 0 0 5.05e-07 0 0 0 0 0 0 0 0 0 0 0 0 0 0 0 0 
0 0 0 0 0 0 0 0 0 0 0 0 0 0 0 0 0 0 0 0 0 0 0 0 0 0 0 0 0 0 0 0 0 0 0 0 0 0 0 0 0 0 0 0 0 0 0 0 0 0 0 
0 0 0 0 0 0 0 0 0 0 0 0 0 0 0 0 0 0 0 0 0 0 0 0 0 0 0 0 0 0 0 0 0 0 0 0 0 0 0 0 0 0 0 0 0 0 0 0 0 0 0 
0 0 0 0 0 0 0 0 0 0 0 0 0 0 0 0 0 0 0 0 0 0 0 0 0 0 0 0 0 0 0 0 0 0 0 0 0 0 0 0 0 0 0 0 0 0 0 0 0 0 0 
0 0 0 0 0 0 0 0 0 0 0 0 0 0 0 0 0 0 0 0 0 0 0 0 0 0 0 0 0 0 0 0 0 0 0 0 0 0 0 0 0 0 0 0 0 0 0 0 0 0 0 
0 0 0 0 0 0 0 0 0 0 0 0 0 0 0 0 0 0 0 0 0 0 0 0 0 0 0 0 0 0 0 0 0 0 0 0 0 0 0 0 0 0 0 0 0 0 0 0 0 0 0 
0 0 0 0 0 0 0 0 0 0 0 0 0 0 0 0 0 0 0 0 0 0 0 0 0 0 0 0 0 0 0 0 0 0 0 0 0 0 0 0 0 0 0 0 0 0 0 0 0 0 0 
0 0 0 0 0 0 0 0 0 0 0 0 0 0 0 0 0 0 0 0 0 0 0 0 0 0 0 0 0 0 0 0 0 0 0 0 0 0 0 0 0 0 0 0 0 0 0 0 0 0 0 
0 0 0 0 0 0 0 0 0 0 0 0 0 0 0 0 0 0 0 0 0 0 0 0 0 0 0 0 0 0 0 0 0 0 0 0 0 0 0 0 0 0 0 0 0 0 0 0 0 0 0 
Per-collision Densities L:
0.907511 0.74399 0.610479 0.501094 0.410856 0.336918 0.276161 0.226476 0.186501 0.152865 0.125413 0.102978 0.0842582 0.069085 0.0568893 0.0464014 0.0380341 0.0313241 0.0256399 0.021159 0.0172826 0.0141289 0.0116731 0.00942482 0.00779064 0.00646501 0.00521009 0.00433492 0.0035951 0.00285931 0.00236542 0.0019291 0.00162913 0.00130038 0.00107717 0.000847895 0.00071609 0.00058782 0.00049187 0.00039693 0.0003232 0.000269165 0.000232805 0.00018483 0.000158065 0.000120695 0.00010807 8.3325e-05 6.666e-05 6.1105e-05 0.00025351 
0.0195319 0.0492516 0.0678048 0.0779356 0.0819559 0.08206 0.0797799 0.0755379 0.0705601 0.064231 0.0582694 0.0528553 0.0468029 0.041308 0.0365251 0.0319963 0.0277336 0.0244001 0.0212257 0.0183174 0.0155722 0.0134295 0.011663 0.0100475 0.00847744 0.00737906 0.00625594 0.00523332 0.00445915 0.00386578 0.00325624 0.00272246 0.00234674 0.00201344 0.00162812 0.00140643 0.00116655 0.00101253 0.00079992 0.00067771 0.000598425 0.000492375 0.00043935 0.00034542 0.000299465 0.000226745 0.00019998 0.00017675 0.00014948 0.000128775 0.000637815 
0.0005454 0.00231846 0.00460005 0.00707253 0.00922686 0.0111605 0.0125644 0.0135593 0.0142597 0.0144102 0.0144824 0.0143339 0.0137315 0.0129497 0.0123089 0.0114973 0.0105383 0.00978135 0.00906627 0.00817141 0.00741492 0.0065347 0.0058575 0.00540148 0.00473791 0.00415312 0.00364307 0.00335421 0.00295072 0.00253106 0.0022624 0.00192052 0.00175841 0.00152611 0.00127563 0.00109838 0.0010196 0.00085648 0.000754975 0.000613575 0.00056358 0.00045349 0.000410565 0.000318655 0.000301485 0.00024442 0.000222705 0.00017877 0.000147965 0.00013332 0.000791335 
6.969e-05 0.00021917 0.000419655 0.00069084 0.00101758 0.00131401 0.00165186 0.00191496 0.00217453 0.00245834 0.00259772 0.00282144 0.00288456 0.00289214 0.00294718 0.00290072 0.0029189 0.00274872 0.00267549 0.00256995 0.00237047 0.00228664 0.00212959 0.00196496 0.00181245 0.00166499 0.00150642 0.00142814 0.0012418 0.00114282 0.00105444 0.000935765 0.00085547 0.00079386 0.000659025 0.0006161 0.000530755 0.00049288 0.000422685 0.00037168 0.00034946 0.00029492 0.000272195 0.00024543 0.00018786 0.00016665 0.000170185 0.00013534 0.000124735 0.000101 0.00064741 
2.0705e-05 4.1915e-05 7.373e-05 0.00012221 0.00015049 0.000208565 0.00026361 0.00030401 0.000365115 0.00039996 0.000427735 0.000493385 0.000525705 0.00057772 0.0006161 0.000610545 0.000629735 0.000666095 0.00065549 0.0006464 0.000639835 0.00061206 0.000594385 0.000577215 0.000538835 0.000563075 0.00049793 0.000482275 0.000421675 0.00042218 0.00037673 0.000362085 0.000326735 0.000297445 0.00027876 0.00026765 0.000231795 0.00022119 0.00020705 0.000165135 0.00015049 0.00013433 0.000148975 9.9485e-05 0.000114635 9.191e-05 7.575e-05 8.08e-05 7.3225e-05 5.555e-05 0.000415615 
4.04e-06 8.08e-06 2.6765e-05 2.4745e-05 3.434e-05 3.636e-05 4.646e-05 5.1005e-05 6.6155e-05 8.3325e-05 8.585e-05 8.1305e-05 0.00010403 0.00010403 0.000128775 0.000117665 0.000121705 0.000130795 0.000135845 0.00014241 0.0001414 0.00015655 0.000134835 0.000166145 0.000140895 0.00014746 0.00015251 0.00015049 0.000131805 0.00012524 0.000108575 0.00010908 0.00010807 0.00011009 9.09e-05 8.686e-05 7.878e-05 9.3425e-05 6.969e-05 8.5345e-05 5.6055e-05 5.656e-05 5.4035e-05 4.747e-05 4.343e-05 3.7875e-05 4.3935e-05 3.535e-05 3.333e-05 3.535e-05 0.00023331 
1.515e-06 4.545e-06 3.03e-06 6.06e-06 7.07e-06 9.09e-06 1.313e-05 1.9695e-05 1.2625e-05 1.8685e-05 2.121e-05 2.222e-05 2.626e-05 2.4745e-05 2.222e-05 2.3735e-05 3.1815e-05 2.222e-05 3.131e-05 3.2825e-05 3.4845e-05 3.636e-05 2.5755e-05 4.04e-05 4.343e-05 3.3835e-05 3.9895e-05 3.6865e-05 3.232e-05 4.04e-05 3.03e-05 3.4845e-05 3.333e-05 3.232e-05 3.3835e-05 2.121e-05 3.03e-05 2.5755e-05 2.02e-05 2.121e-05 2.1715e-05 2.4745e-05 2.121e-05 2.222e-05 1.5655e-05 1.4645e-05 1.3635e-05 2.02e-05 1.0605e-05 1.212e-05 0.000101 
0 1.01e-06 1.01e-06 5.05e-07 1.01e-06 3.535e-06 5.05e-06 2.02e-06 2.02e-06 7.07e-06 3.535e-06 5.05e-06 6.06e-06 3.03e-06 5.555e-06 3.535e-06 7.575e-06 8.08e-06 7.575e-06 1.0605e-05 1.01e-05 4.545e-06 5.05e-06 9.595e-06 1.01e-05 9.09e-06 9.09e-06 1.212e-05 7.575e-06 8.08e-06 1.414e-05 6.06e-06 1.0605e-05 1.01e-05 9.09e-06 6.565e-06 9.09e-06 8.585e-06 7.07e-06 4.545e-06 7.575e-06 6.565e-06 4.545e-06 7.575e-06 3.03e-06 6.06e-06 5.555e-06 2.02e-06 5.555e-06 6.06e-06 5.4035e-05 
5.05e-07 0 5.05e-07 1.515e-06 5.05e-07 5.05e-07 3.03e-06 1.01e-06 5.05e-07 1.01e-06 1.515e-06 2.02e-06 2.02e-06 1.01e-06 0 0 5.05e-07 1.515e-06 0 2.02e-06 2.02e-06 1.01e-06 1.01e-06 1.515e-06 2.02e-06 1.01e-06 5.05e-07 1.515e-06 2.525e-06 1.515e-06 3.535e-06 3.03e-06 3.535e-06 1.515e-06 2.02e-06 3.03e-06 2.02e-06 2.525e-06 1.515e-06 2.02e-06 2.525e-06 3.03e-06 2.02e-06 2.02e-06 1.515e-06 5.05e-07 5.05e-07 2.02e-06 5.05e-07 1.515e-06 1.616e-05 
0 0 0 0 0 0 0 0 5.05e-07 0 0 1.01e-06 0 0 0 0 1.01e-06 0 0 0 5.05e-07 5.05e-07 0 5.05e-07 0 1.01e-06 0 5.05e-07 5.05e-07 5.05e-07 5.05e-07 5.05e-07 0 5.05e-07 5.05e-07 5.05e-07 5.05e-07 0 5.05e-07 5.05e-07 1.01e-06 1.01e-06 5.05e-07 0 5.05e-07 5.05e-07 0 5.05e-07 5.05e-07 5.05e-07 6.565e-06 
0 0 5.05e-07 0 5.05e-07 0 0 0 0 0 0 0 0 0 0 0 5.05e-07 0 0 0 0 0 0 0 0 0 0 0 0 0 0 0 0 0 0 0 0 0 5.05e-07 0 0 0 0 1.515e-06 0 0 5.05e-07 0 0 0 1.01e-06 
0 0 0 0 0 0 0 0 0 0 0 0 0 0 0 0 0 0 0 0 0 0 0 0 0 0 0 0 0 0 0 0 0 5.05e-07 0 0 0 0 0 0 5.05e-07 0 0 0 5.05e-07 0 0 0 0 0 1.01e-06 
0 0 0 0 0 0 0 0 0 0 0 0 0 0 0 0 0 0 0 0 0 0 0 0 0 0 0 0 0 0 0 0 0 0 5.05e-07 0 5.05e-07 0 0 0 0 0 0 0 0 0 0 0 0 0 1.01e-06 
0 0 0 0 0 0 0 0 0 0 0 0 0 0 0 0 0 0 0 0 0 0 0 0 0 0 0 0 0 0 0 0 0 0 0 0 0 0 0 0 0 0 0 0 0 0 0 0 0 0 0 
0 0 0 0 0 0 0 0 0 0 0 0 0 0 0 0 0 0 0 0 0 0 0 0 0 0 0 0 0 0 0 0 0 0 0 0 0 0 0 0 0 0 0 0 0 0 0 0 0 0 0 
0 0 0 0 0 0 0 0 0 0 0 0 0 0 0 0 0 0 0 0 0 0 0 0 0 0 0 0 0 0 0 0 0 0 0 0 0 0 0 0 0 0 0 0 0 0 0 0 0 0 0 
0 0 0 0 0 0 0 0 0 0 0 0 0 0 0 0 0 0 0 0 0 0 0 0 0 0 0 0 0 0 0 0 0 0 0 0 0 0 0 0 0 0 0 0 0 0 0 0 0 0 0 
0 0 0 0 0 0 0 0 0 0 0 0 0 0 0 0 0 0 0 0 0 0 0 0 0 0 0 0 0 0 0 0 0 0 0 0 0 0 0 0 0 0 0 0 0 0 0 0 0 0 0 
0 0 0 0 0 0 0 0 0 0 0 0 0 0 0 0 0 0 0 0 0 0 0 0 0 0 0 0 0 0 0 0 0 0 0 0 0 0 0 0 0 0 0 0 0 0 0 0 0 0 0 
0 0 0 0 0 0 0 0 0 0 0 0 0 0 0 0 0 0 0 0 0 0 0 0 0 0 0 0 0 0 0 0 0 0 0 0 0 0 0 0 0 0 0 0 0 0 0 0 0 0 0 
