Half rod, albedo problem, Anisotropic scattering, exponential random flight, mu_t: 3 g: 0.9
Analogmu_t c: 0.95 maxx: 10 dx: 0.19802 numsamples: 1000000 numCollisionOrders: 20 numMoments: 10
total albedo: 0.259878
per-collision order albedos: 
0 0.023709 0.021387 0.019218 0.017693 0.015751 0.01433 0.013076 0.011719 0.010726 0.009574 0.008771 0.007889 0.007221 0.006603 0.006038 0.00552 0.00489 0.004545 0.0041 
Collision density L:
0.762595 0.721867 0.684098 0.655061 0.622554 0.592219 0.564267 0.534755 0.511419 0.484063 0.460171 0.436775 0.416378 0.394173 0.373978 0.356828 0.338279 0.319205 0.307732 0.292188 0.27829 0.264726 0.250167 0.237714 0.225952 0.215453 0.203338 0.193551 0.187234 0.175462 0.166514 0.157499 0.151692 0.142779 0.136057 0.13126 0.123594 0.117221 0.111105 0.10555 0.100227 0.0944249 0.089486 0.0867287 0.0830978 0.0773155 0.0742148 0.0692961 0.0664277 0.0628069 1.2252 
Collision density R:
2.92113 2.77938 2.6495 2.51417 2.38397 2.2739 2.16147 2.05307 1.95394 1.85729 1.76276 1.67993 1.59544 1.51941 1.44053 1.36414 1.30284 1.23374 1.17607 1.1196 1.06789 1.0131 0.962777 0.91203 0.86761 0.826725 0.785381 0.744855 0.707566 0.676362 0.642607 0.610348 0.579023 0.55192 0.524422 0.499425 0.468635 0.451076 0.427786 0.407141 0.386007 0.364767 0.347602 0.331805 0.315388 0.299909 0.285689 0.269039 0.258924 0.243966 4.7128 
Density Moments:
14.7956 57.8544 452.133 5290.32 82128.1 1.57797e+06 3.57899e+07 9.25127e+08 2.65249e+10 8.26068e+11 
Per-collision Density Moments:
1 0.33365 0.222469 0.222532 0.297235 0.49746 1.00135 2.35372 6.31186 18.9379 
0.926389 0.610098 0.607936 0.810018 1.35232 2.71679 6.38709 17.1986 52.0657 174.134 
0.858302 0.836691 1.1063 1.83744 3.673 8.59598 23.1123 70.4313 240.667 913.305 
0.79593 1.02107 1.67955 3.33783 7.76477 20.696 62.2088 208.238 767.987 3090.47 
0.738345 1.16926 2.29623 5.30564 14.056 41.9441 139.052 506.313 2004.8 8555.2 
0.685778 1.28672 2.93342 7.72561 22.9883 76.1586 277.81 1105.84 4766.79 22100.8 
0.637326 1.37772 3.57185 10.5561 34.8536 126.944 505.229 2180.56 10140 50512.4 
0.592573 1.44603 4.19637 13.7428 49.8343 197.818 852.503 3962.73 19762.3 105253 
0.551482 1.49566 4.7989 17.2413 68.0889 292.463 1356.15 6749.39 35883.5 202993 
0.513222 1.52826 5.36651 20.979 89.6357 414.382 2058.28 10925 61686.5 369064 
0.4778 1.54566 5.88941 24.8638 114.159 564.522 2987.03 16826.1 100471 633460 
0.445138 1.55171 6.36771 28.8445 141.511 744.802 4179.39 24885.1 156594 1.03766e+06 
0.415045 1.5494 6.81331 32.9793 172.311 962.638 5715.89 35911.7 237862 1.65554e+06 
0.387263 1.53911 7.21309 37.1327 205.786 1216.18 7620.67 50421.1 351103 2.56604e+06 
0.361235 1.52091 7.56252 41.2401 241.548 1505.07 9919.58 68874 502187 3.83493e+06 
0.337089 1.49702 7.8647 45.2536 279.1 1827.14 12624.2 91692.1 697947 5.55335e+06 
0.314684 1.46841 8.12266 49.1712 318.542 2186.5 15811.3 119987 952708 7.89597e+06 
0.293994 1.43542 8.3298 52.8747 358.697 2574.26 19432.6 153713 1.27051e+06 1.09485e+07 
0.274633 1.40085 8.50928 56.5113 400.61 3000.17 23599.9 194263 1.66875e+06 1.49268e+07 
0 0 0 0 0 0 0 0 0 0 
Per-collision Densities L:
0 0 0 0 0 0 0 0 0 0 0 0 0 0 0 0 0 0 0 0 0 0 0 0 0 0 0 0 0 0 0 0 0 0 0 0 0 0 0 0 0 0 0 0 0 0 0 0 0 0 0 
0.053323 0.0298102 0.0161651 0.0089082 0.00531765 0.0030603 0.00160085 0.0007171 0.00045955 0.00027775 0.00011615 4.545e-05 6.565e-05 3.535e-05 1.01e-05 0 5.05e-06 0 5.05e-06 0 0 0 0 0 0 0 0 0 0 0 0 0 0 0 0 0 0 0 0 0 0 0 0 0 0 0 0 0 0 0 0 
0.0615292 0.0500556 0.0359358 0.0254874 0.0169024 0.010398 0.0064034 0.003838 0.0024341 0.00148975 0.00092415 0.0004646 0.0003636 0.00012625 0.000101 6.06e-05 3.535e-05 2.02e-05 2.525e-05 5.05e-06 5.05e-06 5.05e-06 0 5.05e-06 0 0 0 0 0 0 0 0 0 0 0 0 0 0 0 0 0 0 0 0 0 0 0 0 0 0 0 
0.0595951 0.0533634 0.0475407 0.0377033 0.0290931 0.0207404 0.014943 0.0104838 0.0068781 0.0045753 0.00305525 0.0018887 0.00123725 0.00065145 0.00048985 0.00023735 0.00022725 0.00014645 6.565e-05 4.545e-05 3.535e-05 2.02e-05 5.05e-06 1.01e-05 0 5.05e-06 5.05e-06 0 5.05e-06 0 0 5.05e-06 0 0 0 0 0 0 0 0 0 0 0 0 0 0 0 0 0 0 0 
0.052621 0.051914 0.0485659 0.0437633 0.0378548 0.0308252 0.0247854 0.0181649 0.0135593 0.0098273 0.0071609 0.0048682 0.00308555 0.002222 0.0014847 0.00091405 0.0005656 0.00049995 0.0003434 0.00021715 0.00013635 5.05e-05 3.535e-05 3.535e-05 2.02e-05 2.02e-05 1.01e-05 1.01e-05 1.01e-05 0 0 0 0 0 0 0 0 0 0 0 0 0 0 0 0 0 0 0 0 0 0 
0.0476872 0.0471721 0.0460308 0.0442532 0.0416373 0.036865 0.0316585 0.0254874 0.0208111 0.0156702 0.0124079 0.0089284 0.0063428 0.0044945 0.00335825 0.00234825 0.00163115 0.0010403 0.0008989 0.0004242 0.0002626 0.00018685 0.0001717 5.555e-05 9.09e-05 2.525e-05 3.535e-05 2.02e-05 1.01e-05 0 0 0 0 5.05e-06 0 0 0 0 0 0 0 0 0 0 0 0 0 0 0 0 0 
0.0426372 0.0428745 0.0428139 0.0425867 0.040698 0.0381477 0.0345673 0.0305576 0.0258257 0.0215837 0.0174781 0.0138673 0.0106101 0.00786285 0.00626705 0.0045854 0.0032825 0.0022119 0.0015857 0.0010302 0.00078275 0.0004747 0.0003636 0.00029795 0.000202 9.595e-05 0.000101 4.545e-05 4.04e-05 3.03e-05 5.05e-06 2.02e-05 1.01e-05 1.515e-05 0 0 0 0 0 0 0 0 0 0 0 0 0 0 0 0 0 
0.0383851 0.0387386 0.0391981 0.0388749 0.0381275 0.0371074 0.0348198 0.0332038 0.0295324 0.0258156 0.0215686 0.0187254 0.0153924 0.0124129 0.00932735 0.0071609 0.0053429 0.00381275 0.00298455 0.0021917 0.00150995 0.0011009 0.00089385 0.0006161 0.00039895 0.00027775 0.0001717 0.00015655 7.07e-05 5.05e-05 4.04e-05 2.525e-05 2.02e-05 5.05e-06 1.515e-05 0 0 0 0 5.05e-06 0 0 5.05e-06 0 0 0 0 0 0 0 0 
0.0354712 0.0352086 0.0353046 0.0351682 0.0351278 0.0347137 0.0341986 0.0321887 0.0303707 0.0277144 0.0252399 0.0228715 0.0189022 0.0156651 0.0129836 0.0102566 0.00834765 0.006363 0.0049591 0.00398445 0.0028078 0.0020503 0.0015857 0.0011514 0.0008686 0.00052015 0.00037875 0.00025755 0.0002323 0.00015655 0.0001111 5.555e-05 5.555e-05 5.555e-05 1.515e-05 1.01e-05 0 1.515e-05 5.05e-06 0 0 0 5.05e-06 0 5.05e-06 0 0 0 0 0 0 
0.031512 0.0316736 0.0317191 0.0322948 0.0322392 0.0318706 0.0317999 0.0308606 0.0299061 0.029088 0.0265883 0.0240027 0.0214878 0.0191092 0.0161499 0.0135896 0.0112161 0.0088981 0.0072619 0.00580245 0.00448945 0.0036865 0.0028482 0.00199475 0.00130795 0.0010605 0.00085345 0.00061105 0.00043935 0.000202 0.0002727 0.00014645 9.09e-05 7.575e-05 2.525e-05 2.02e-05 3.03e-05 2.525e-05 5.05e-06 0 1.515e-05 1.01e-05 5.05e-06 5.05e-06 5.05e-06 5.05e-06 0 5.05e-06 0 0 0 
0.0290628 0.0291284 0.0289315 0.0294163 0.0290325 0.0292395 0.0292193 0.0293001 0.0280275 0.0273761 0.0265277 0.0249016 0.023225 0.0202404 0.0178922 0.0163469 0.0133573 0.0116908 0.00979195 0.0083426 0.00657005 0.0052823 0.0040198 0.0030805 0.0024745 0.0019291 0.00149985 0.0010504 0.00083325 0.0005757 0.0004343 0.000303 0.00020705 0.0001414 6.06e-05 9.09e-05 5.555e-05 5.555e-05 2.02e-05 2.02e-05 2.525e-05 5.05e-06 1.01e-05 0 1.01e-05 0 0 0 0 0 0 
0.0268155 0.025548 0.0262045 0.026962 0.0268559 0.027164 0.0264873 0.0268458 0.0262954 0.0256995 0.0247602 0.0240835 0.023028 0.021306 0.0194476 0.0177962 0.0156752 0.0138269 0.0122311 0.0105343 0.00818605 0.00730735 0.0056358 0.00455005 0.0038683 0.0029492 0.00238865 0.0017473 0.00135845 0.00087365 0.0008585 0.0005555 0.00045955 0.00027775 0.0002222 0.00012625 0.00014645 8.08e-05 5.05e-05 3.03e-05 3.03e-05 3.535e-05 5.05e-06 1.01e-05 1.515e-05 1.01e-05 0 5.05e-06 0 0 0 
0.0241643 0.0239168 0.0244168 0.024235 0.0242956 0.0243259 0.0246642 0.0240279 0.0238007 0.0234068 0.0234825 0.0224725 0.0227957 0.0208616 0.0199223 0.0189072 0.0171145 0.0156197 0.0138673 0.0120443 0.0104485 0.00910515 0.0074134 0.00617615 0.00541865 0.00430765 0.00329765 0.00254015 0.00209575 0.0016766 0.0011615 0.0009494 0.0007777 0.0004646 0.00041915 0.0002525 0.0002323 0.0001414 0.0001212 5.555e-05 4.04e-05 6.565e-05 1.515e-05 2.525e-05 3.03e-05 2.02e-05 0 5.05e-06 1.515e-05 0 0 
0.0217302 0.0221039 0.0220837 0.0218362 0.0219574 0.0226139 0.0223917 0.021614 0.0217605 0.0222402 0.0218059 0.0214726 0.0212302 0.0207151 0.0198314 0.0185588 0.0172104 0.0160035 0.0150692 0.0128068 0.0118776 0.0106757 0.0091203 0.0077972 0.0066357 0.00561055 0.004444 0.0037168 0.0030098 0.00210585 0.0018382 0.0014443 0.0011918 0.0009393 0.00065145 0.0004949 0.00041915 0.000303 0.0002121 0.0001515 7.575e-05 9.595e-05 5.555e-05 4.545e-05 5.05e-05 1.515e-05 2.525e-05 5.05e-06 1.01e-05 0 1.515e-05 
0.019791 0.0199879 0.0203212 0.0200586 0.0207909 0.0196344 0.0199122 0.0201697 0.0204222 0.0199172 0.0200182 0.0197102 0.0195385 0.0196849 0.0183972 0.0181295 0.017574 0.016059 0.0155389 0.0141501 0.0128775 0.0118069 0.0108676 0.00891325 0.00804465 0.0068478 0.0057772 0.0045955 0.0039895 0.0030401 0.00258055 0.00202505 0.00172205 0.00145945 0.00104535 0.0008989 0.0007171 0.0004242 0.0003737 0.0002929 0.0001717 0.00016665 0.00012625 9.09e-05 4.545e-05 2.525e-05 4.545e-05 2.02e-05 1.01e-05 1.01e-05 2.02e-05 
0.0180689 0.0181901 0.0179629 0.0184628 0.0184628 0.0187153 0.0182103 0.0179578 0.0184174 0.0182659 0.0185537 0.0183618 0.0179932 0.0182053 0.0175488 0.017271 0.0165388 0.0157661 0.0156702 0.014236 0.0133724 0.0126503 0.0111959 0.0098071 0.0088173 0.0079386 0.00704475 0.0055449 0.00481265 0.0044945 0.0034946 0.003131 0.00244925 0.0018584 0.00149985 0.00126755 0.0008484 0.00074235 0.000606 0.0005252 0.00026765 0.0002828 0.0002424 0.00014645 8.585e-05 0.0001111 2.02e-05 4.04e-05 3.03e-05 3.535e-05 4.04e-05 
0.0166095 0.0164984 0.0164832 0.0171902 0.0160944 0.0167913 0.0166751 0.0164428 0.0176397 0.0176043 0.0160944 0.0168872 0.0167408 0.0163822 0.0161701 0.01616 0.0155237 0.0152409 0.0146854 0.0144077 0.0134987 0.0127917 0.0115746 0.0107212 0.00969095 0.009191 0.0077467 0.0068276 0.0064135 0.00525705 0.0042824 0.0036764 0.0031411 0.00265125 0.0022826 0.0015958 0.00123725 0.0012019 0.00083325 0.0006666 0.0004646 0.00044945 0.0003333 0.00024745 0.0002222 0.00011615 0.00013635 8.08e-05 5.05e-05 5.555e-05 0.00013635 
0.0149884 0.0151349 0.0153066 0.01515 0.0157409 0.0152157 0.0153924 0.015453 0.0154631 0.0154328 0.0152308 0.015251 0.0153217 0.0150945 0.0152813 0.0150238 0.0151551 0.0140441 0.0138471 0.013635 0.013837 0.0124988 0.0118322 0.0113827 0.0103222 0.009191 0.00859005 0.0076558 0.0068377 0.0062721 0.00514595 0.0045955 0.0040198 0.003131 0.0028583 0.00217655 0.00189375 0.0014342 0.00113625 0.000909 0.000808 0.00072215 0.0004444 0.00036865 0.0002727 0.00029795 0.0001515 0.0001212 0.0001212 6.06e-05 0.00021715 
0.0136047 0.0140542 0.0135795 0.0140592 0.0142208 0.0137613 0.0138673 0.0139279 0.0141198 0.0141047 0.0140491 0.0141097 0.0138774 0.0139986 0.0137865 0.013731 0.0135391 0.0132361 0.0133068 0.013029 0.012418 0.0124331 0.0115999 0.0107363 0.0107515 0.0095849 0.0085547 0.0082012 0.007878 0.00694375 0.00629735 0.0054136 0.0044945 0.00360065 0.0033431 0.0030199 0.002323 0.00205535 0.00170185 0.00129785 0.0013231 0.0008888 0.00063125 0.0006262 0.0004848 0.00037875 0.0002222 0.00016665 0.00013635 9.595e-05 0.00039895 
0 0 0 0 0 0 0 0 0 0 0 0 0 0 0 0 0 0 0 0 0 0 0 0 0 0 0 0 0 0 0 0 0 0 0 0 0 0 0 0 0 0 0 0 0 0 0 0 0 0 0 
Per-collision Densities L:
2.25879 1.24886 0.691441 0.381103 0.211297 0.115286 0.0644077 0.0353147 0.0195486 0.0108828 0.00568125 0.00316635 0.001919 0.0009494 0.00062115 0.0003131 0.00021715 7.07e-05 6.565e-05 3.03e-05 1.515e-05 5.05e-06 1.01e-05 0 0 5.05e-06 0 0 0 0 0 0 0 0 0 0 0 0 0 0 0 0 0 0 0 0 0 0 0 0 0 
0.545996 0.969878 0.906556 0.704228 0.503212 0.339224 0.22121 0.140819 0.0885821 0.0552167 0.0329361 0.0206141 0.0122109 0.00735785 0.00408545 0.00258055 0.0014746 0.00091405 0.000505 0.00024745 0.00018685 0.0001313 6.06e-05 5.05e-05 2.02e-05 2.525e-05 2.02e-05 0 0 0 0 0 0 0 0 0 0 0 0 0 0 0 0 0 0 0 0 0 0 0 0 
0.0928746 0.393986 0.603965 0.657182 0.599511 0.497869 0.383204 0.282431 0.201207 0.138951 0.0936674 0.0617312 0.0405364 0.0266287 0.016761 0.0103424 0.00660035 0.00407535 0.0023432 0.0014241 0.00097465 0.000606 0.0002828 0.0002222 0.0001616 0.000101 8.585e-05 3.535e-05 1.515e-05 2.02e-05 5.05e-06 5.05e-06 0 0 0 5.05e-06 0 0 0 0 0 0 0 0 0 0 0 0 0 0 0 
0.0126452 0.110848 0.274962 0.412292 0.480659 0.489547 0.446723 0.377604 0.304045 0.235017 0.175301 0.127528 0.0893295 0.0628372 0.0429503 0.0290981 0.0196142 0.0126301 0.00812545 0.00526715 0.00333805 0.0022321 0.0014039 0.0008787 0.0004949 0.0003333 0.00026765 0.00018685 0.0001111 6.565e-05 3.03e-05 1.01e-05 5.05e-06 5.05e-06 0 5.05e-06 0 5.05e-06 0 0 0 0 0 0 0 0 0 0 0 0 0 
0.00217655 0.0257197 0.0974751 0.196738 0.291648 0.361918 0.388138 0.380507 0.347364 0.299319 0.24647 0.197556 0.150636 0.112575 0.082512 0.0595446 0.0426877 0.0297597 0.0208111 0.0140643 0.00939805 0.0063428 0.0042016 0.00267145 0.0016362 0.0010403 0.00080295 0.00054035 0.0003232 0.00019695 0.00013635 5.555e-05 5.05e-05 3.535e-05 5.05e-06 5.05e-06 0 1.01e-05 0 0 0 0 0 0 0 0 0 0 0 0 0 
0.0008686 0.0065246 0.0296334 0.0778963 0.144435 0.217675 0.272892 0.30707 0.318271 0.304081 0.277543 0.241905 0.203343 0.165029 0.129219 0.0993083 0.0758308 0.0554793 0.0407788 0.0295274 0.0207757 0.0145592 0.00998385 0.0067468 0.0045652 0.00300475 0.0020402 0.0014746 0.00088375 0.0006464 0.00047975 0.00023735 0.00018685 0.0001111 7.575e-05 2.525e-05 1.515e-05 2.525e-05 0 1.01e-05 0 5.05e-06 5.05e-06 0 0 0 0 0 0 0 0 
0.00063125 0.002828 0.00936775 0.027977 0.0621857 0.10955 0.163443 0.209126 0.243562 0.261716 0.261701 0.248526 0.227457 0.19948 0.168675 0.137724 0.110731 0.0872489 0.0686447 0.0517625 0.0377639 0.0275781 0.0201344 0.0140895 0.0102919 0.0072013 0.00488335 0.00346935 0.0023432 0.00159075 0.00104535 0.0007676 0.00055045 0.0003434 0.00017675 0.00012625 8.08e-05 5.555e-05 3.535e-05 2.525e-05 2.02e-05 1.01e-05 5.05e-06 1.01e-05 5.05e-06 0 0 0 0 0 0 
0.0006161 0.0018079 0.00435815 0.0104485 0.0254672 0.049692 0.0852945 0.123786 0.162474 0.192294 0.214039 0.221756 0.217251 0.206252 0.18837 0.165292 0.140784 0.116968 0.0959803 0.0765631 0.0603021 0.0462984 0.0350622 0.0261742 0.0186749 0.0142107 0.0103424 0.0070599 0.00531765 0.0035047 0.00257045 0.001717 0.00116655 0.00078275 0.0006262 0.00037875 0.00022725 0.00017675 0.0001212 6.06e-05 4.04e-05 4.545e-05 5.05e-06 1.515e-05 2.02e-05 5.05e-06 0 5.05e-06 0 5.05e-06 0 
0.00047975 0.0016362 0.00287345 0.00539845 0.011206 0.0223463 0.0406525 0.066857 0.0945512 0.125987 0.15202 0.174382 0.186229 0.188618 0.18334 0.172942 0.156681 0.13839 0.118847 0.0996062 0.0831079 0.0669933 0.0532674 0.0414959 0.0324513 0.0232553 0.0180336 0.0134684 0.0100142 0.0072215 0.00494395 0.00381275 0.0024947 0.00188365 0.0012827 0.0008989 0.0006363 0.00041915 0.000303 0.0001818 0.0001515 7.575e-05 5.555e-05 4.04e-05 2.02e-05 5.05e-06 2.02e-05 5.05e-06 1.01e-05 0 1.01e-05 
0.00054035 0.00147965 0.0024543 0.00385315 0.005757 0.0106909 0.019892 0.033426 0.0522625 0.0754723 0.0980003 0.121836 0.141759 0.154682 0.159999 0.160585 0.155222 0.145218 0.131805 0.117468 0.101697 0.0853753 0.0705536 0.0582821 0.0466166 0.0370569 0.0283002 0.0216999 0.0168266 0.0134785 0.0095243 0.007373 0.00474195 0.0034946 0.0026765 0.0019392 0.00124735 0.00091405 0.0007474 0.000505 0.0003232 0.00025755 0.00013635 0.00014645 4.04e-05 3.03e-05 2.525e-05 1.01e-05 5.05e-06 2.02e-05 2.02e-05 
0.0004141 0.00136855 0.00222705 0.0035653 0.00453995 0.00645895 0.0105091 0.017569 0.0272195 0.0418797 0.0590194 0.0783407 0.0968287 0.115544 0.12721 0.135502 0.139229 0.136845 0.133068 0.123351 0.112231 0.0986669 0.0861328 0.0731291 0.0613878 0.051404 0.041713 0.0312747 0.0253359 0.0205081 0.0152561 0.01212 0.0093021 0.0065448 0.0048884 0.003434 0.0024745 0.0017978 0.00135845 0.0010807 0.00069185 0.0004444 0.00037875 0.00030805 0.0001919 0.00010605 9.595e-05 4.04e-05 3.03e-05 2.525e-05 4.545e-05 
0.00034845 0.00112615 0.00218665 0.00295425 0.00385315 0.00494395 0.00725685 0.0102212 0.0151551 0.0231795 0.0340926 0.0480457 0.0623221 0.0784114 0.092617 0.103717 0.115292 0.118968 0.120508 0.119397 0.11214 0.106055 0.0960864 0.085042 0.0730735 0.06262 0.0540148 0.0442178 0.0346733 0.0280679 0.0227604 0.0185487 0.0137461 0.0114787 0.0083022 0.00616605 0.0043935 0.0034239 0.0025654 0.0017473 0.0013534 0.0009595 0.00084335 0.00054035 0.0003535 0.0002525 0.0001717 0.0001515 9.09e-05 5.555e-05 0.00010605 
0.00038885 0.0010302 0.001717 0.00249975 0.0035451 0.00441875 0.00560045 0.006969 0.00970105 0.0133876 0.0199425 0.0285022 0.0387083 0.0505404 0.0633472 0.0747198 0.087057 0.0958389 0.101136 0.104772 0.105091 0.101859 0.096758 0.0892184 0.0812848 0.0730129 0.0629584 0.0554591 0.0456571 0.0383245 0.0312545 0.025952 0.0200687 0.0166095 0.0126654 0.0102162 0.00764065 0.0057166 0.0042824 0.0033734 0.0023533 0.00180285 0.0013837 0.00113625 0.00064135 0.0005353 0.0004242 0.00028785 0.0001818 0.00010605 0.00028785 
0.00036865 0.00109585 0.00159075 0.00242905 0.0029694 0.0039289 0.00455005 0.00560045 0.0069185 0.0088779 0.0123978 0.0171852 0.0236643 0.0313252 0.0419251 0.0510808 0.0613525 0.0714575 0.0796385 0.0866075 0.0904203 0.0922888 0.091506 0.0873701 0.0831735 0.0768257 0.0704021 0.0625493 0.0548986 0.0472579 0.0401475 0.0332745 0.0276589 0.0223008 0.0184881 0.0143723 0.0118726 0.00899405 0.0072518 0.0053732 0.0040501 0.00310575 0.0023028 0.00179275 0.00132815 0.0009898 0.0007676 0.00060095 0.0003535 0.0002929 0.0006363 
0.0003636 0.00083325 0.00138875 0.0022422 0.00281285 0.00330775 0.00432785 0.0048783 0.0055651 0.00667105 0.008383 0.0111858 0.014842 0.0200384 0.0263307 0.0335876 0.0427584 0.0504041 0.0591961 0.066251 0.0741189 0.0769873 0.0801839 0.07979 0.0786235 0.0760429 0.0722908 0.0662358 0.0604334 0.0537118 0.0471216 0.0406677 0.0348501 0.0289668 0.0247097 0.0202455 0.0160944 0.0130088 0.0106909 0.008181 0.00658015 0.00477225 0.0037067 0.00311585 0.00236845 0.0016261 0.0012928 0.00084335 0.0008888 0.00049995 0.0013837 
0.0003737 0.00085345 0.00135845 0.0019392 0.00268155 0.0030603 0.0037875 0.00417635 0.00482275 0.00557015 0.00661045 0.00786285 0.0100849 0.0129331 0.0174074 0.0221392 0.0276336 0.0345824 0.0423342 0.0492274 0.0558429 0.0618272 0.0661853 0.0698365 0.0703162 0.0705687 0.0698567 0.0654581 0.0617817 0.057065 0.0526311 0.0462934 0.0407232 0.0349915 0.0306333 0.0256338 0.0209474 0.0176144 0.0144228 0.0118271 0.00910515 0.00771135 0.00580245 0.00453995 0.00377235 0.00292395 0.00202 0.0015655 0.0012221 0.0008484 0.00263105 
0.0003232 0.00070195 0.0012625 0.00170185 0.00237855 0.00270175 0.00333805 0.00393395 0.0045854 0.0048076 0.00561055 0.00634785 0.0072518 0.00941825 0.0116201 0.0145794 0.0188971 0.0233058 0.0288002 0.0355015 0.0412232 0.0464903 0.0514646 0.0560146 0.0599486 0.062115 0.0629129 0.0615848 0.0604687 0.0574185 0.0539997 0.0497425 0.0447026 0.0402182 0.0341279 0.0309212 0.0260479 0.0226796 0.01818 0.0156904 0.0127917 0.0103071 0.0087365 0.0066155 0.00549945 0.004343 0.0033936 0.0024846 0.0021008 0.00156045 0.00440865 
0.00029795 0.0007474 0.00115645 0.00174225 0.0020099 0.0024745 0.00306535 0.003535 0.0039996 0.00471165 0.0049389 0.00547925 0.00606 0.00712555 0.00865065 0.0102465 0.0128371 0.0161146 0.019387 0.0243259 0.0299667 0.0343754 0.0388951 0.0437381 0.048172 0.0511212 0.0533331 0.054636 0.0551814 0.0545855 0.053429 0.0501061 0.0462631 0.0433745 0.0387386 0.0343653 0.0300273 0.0261085 0.0227957 0.019493 0.016761 0.013736 0.0113777 0.00903445 0.0076457 0.00647915 0.00500455 0.00381275 0.0028381 0.0023634 0.00753965 
0.00021715 0.0006868 0.00114635 0.0014847 0.00181295 0.0023533 0.0027472 0.0031108 0.00379255 0.0040198 0.0044743 0.0048379 0.0055651 0.00596405 0.00676195 0.0079386 0.0095748 0.0109989 0.013837 0.0168721 0.0207404 0.0253157 0.0291032 0.0330573 0.0368145 0.0412535 0.042617 0.0473337 0.0480053 0.0485507 0.0494345 0.0481669 0.0463439 0.0430109 0.0408192 0.0378346 0.0332745 0.0303354 0.0257651 0.0230886 0.019796 0.0170135 0.0147056 0.0120544 0.0100445 0.00811535 0.006666 0.0054237 0.0044238 0.00358045 0.0120493 
0 0 0 0 0 0 0 0 0 0 0 0 0 0 0 0 0 0 0 0 0 0 0 0 0 0 0 0 0 0 0 0 0 0 0 0 0 0 0 0 0 0 0 0 0 0 0 0 0 0 0 
