Half rod, albedo problem, Anisotropic scattering, exponential random flight, mu_t: 3 g: -0.7
Analogmu_t c: 0.7 maxx: 10 dx: 0.19802 numsamples: 10000000 numCollisionOrders: 20 numMoments: 10
total albedo: 0.380517
per-collision order albedos: 
0 0.297388 0.0312759 0.0296494 0.008631 0.0064633 0.0027627 0.0018492 0.0009463 0.0006065 0.0003614 0.0002228 0.0001332 7.78e-05 5.56e-05 3.19e-05 2.36e-05 1.32e-05 9.8e-06 5.9e-06 
Collision density L:
0.942179 0.632335 0.425668 0.285776 0.19282 0.12948 0.0866328 0.0579321 0.039493 0.0264322 0.0176614 0.0119473 0.00786386 0.00535098 0.00357944 0.00246238 0.0015453 0.00104636 0.00068579 0.00048884 0.000315625 0.00021109 0.000158065 0.00010908 6.666e-05 5.151e-05 2.9795e-05 1.3635e-05 1.01e-05 4.545e-06 6.06e-06 2.02e-06 3.535e-06 2.02e-06 2.02e-06 1.01e-06 0 1.01e-06 0 5.05e-07 0 0 0 0 0 0 0 0 0 0 0 
Collision density R:
2.4765 1.66412 1.11898 0.751384 0.505048 0.339296 0.228759 0.153778 0.103056 0.0697213 0.0468372 0.0313474 0.0209429 0.0139552 0.00936674 0.0064034 0.00425665 0.00281437 0.00183164 0.00129028 0.00088072 0.00057469 0.00038885 0.00026563 0.000192405 0.000122715 7.979e-05 5.656e-05 3.5855e-05 2.02e-05 1.2625e-05 1.1615e-05 7.575e-06 6.06e-06 3.535e-06 4.545e-06 1.01e-06 0 1.515e-06 5.05e-07 1.01e-06 1.01e-06 0 0 0 0 0 0 0 0 0 
Density Moments:
2.0643 1.02858 1.02431 1.52842 3.03851 7.55148 22.5459 78.6727 314.273 1412.84 
Per-collision Density Moments:
1 0.333284 0.222195 0.222177 0.296094 0.493009 0.984986 2.29844 6.14787 18.5893 
0.402512 0.169169 0.136129 0.159463 0.243654 0.457747 1.01955 2.62791 7.70363 25.3303 
0.250476 0.160278 0.160558 0.216801 0.367535 0.749325 1.78378 4.8478 14.7645 49.5859 
0.145623 0.101485 0.112681 0.16764 0.310393 0.685733 1.75878 5.13592 16.8184 60.9617 
0.0932861 0.0791311 0.0994695 0.162444 0.324381 0.763365 2.06357 6.28699 21.2757 79.0924 
0.0588453 0.0535467 0.072636 0.127452 0.271874 0.679534 1.94067 6.21678 22.0249 85.3361 
0.0384402 0.0392802 0.057836 0.108369 0.24427 0.640008 1.90216 6.29167 22.7995 89.3386 
0.0250722 0.0272301 0.0425781 0.0844463 0.200965 0.555412 1.74342 6.11228 23.6082 99.2645 
0.0166378 0.0195015 0.0323428 0.0674013 0.167527 0.481555 1.56709 5.6797 22.623 97.9167 
0.0110212 0.0135915 0.0236807 0.0516946 0.134174 0.401923 1.36386 5.18148 21.8868 102.363 
0.0073411 0.00961877 0.0175728 0.0399762 0.10786 0.33602 1.18987 4.74602 21.1927 105.204 
0.004899 0.00670498 0.0127758 0.0302296 0.0844811 0.271043 0.98108 3.96447 17.7737 87.982 
0.0032831 0.00471449 0.00936633 0.0230428 0.0669011 0.223179 0.841828 3.55574 16.7135 86.9227 
0.0022058 0.00329004 0.00675832 0.0171219 0.0509125 0.172376 0.65005 2.6825 11.9332 56.5008 
0.0015025 0.00232258 0.00494591 0.0129946 0.0400901 0.140929 0.552227 2.36885 10.9514 53.8338 
0.0010155 0.00162067 0.00355701 0.0096579 0.0308988 0.112934 0.460531 2.05513 9.87939 50.5262 
0.0006781 0.00112375 0.00254914 0.00711162 0.0232746 0.0867481 0.359624 1.62469 7.86113 40.1672 
0.0004631 0.00079789 0.00186992 0.00540647 0.018543 0.0736546 0.332148 1.67006 9.21473 55.032 
0.0003185 0.000570292 0.00138838 0.00417202 0.0148264 0.0606122 0.278394 1.40541 7.64671 44.1115 
0 0 0 0 0 0 0 0 0 0 
Per-collision Densities L:
0 0 0 0 0 0 0 0 0 0 0 0 0 0 0 0 0 0 0 0 0 0 0 0 0 0 0 0 0 0 0 0 0 0 0 0 0 0 0 0 0 0 0 0 0 0 0 0 0 0 0 
0.673078 0.371166 0.205192 0.11329 0.0628392 0.0343986 0.0190774 0.0104197 0.00586204 0.0032522 0.00175235 0.00102566 0.0005252 0.000291385 0.000168165 0.000102515 4.545e-05 2.626e-05 1.414e-05 1.0605e-05 4.04e-06 4.04e-06 5.05e-07 0 1.01e-06 1.01e-06 0 5.05e-07 0 0 0 0 0 0 0 0 0 0 0 0 0 0 0 0 0 0 0 0 0 0 0 
0.0894204 0.0725872 0.0527629 0.0362338 0.0239971 0.0153343 0.00959046 0.00594385 0.00366277 0.0022821 0.00131704 0.00078982 0.00047773 0.0002727 0.00015554 0.00010403 5.1005e-05 3.636e-05 1.616e-05 1.3635e-05 5.555e-06 3.535e-06 1.515e-06 1.515e-06 5.05e-07 0 1.515e-06 0 0 5.05e-07 0 0 0 0 0 0 0 0 0 0 0 0 0 0 0 0 0 0 0 0 0 
0.101149 0.0986194 0.0791487 0.057419 0.0397854 0.0264857 0.0171397 0.0108211 0.00700435 0.0043026 0.00256136 0.00160035 0.000933745 0.000573175 0.00033633 0.000209575 0.00012524 8.282e-05 4.2925e-05 2.7775e-05 1.919e-05 8.585e-06 5.555e-06 2.02e-06 1.515e-06 5.05e-07 1.01e-06 5.05e-07 5.05e-07 0 0 0 0 0 0 0 0 0 0 0 0 0 0 0 0 0 0 0 0 0 0 
0.0293203 0.0313681 0.0287264 0.0235865 0.018277 0.0135345 0.00960409 0.00655288 0.00457025 0.00293557 0.00199778 0.00126099 0.000834765 0.00050702 0.00030906 0.000212605 0.000119685 7.6255e-05 4.5955e-05 3.0805e-05 1.7675e-05 1.0605e-05 4.545e-06 5.05e-06 2.525e-06 3.535e-06 5.05e-07 5.05e-07 0 0 5.05e-07 0 0 0 0 0 0 0 0 0 0 0 0 0 0 0 0 0 0 0 0 
0.0232987 0.0268392 0.0257848 0.0223867 0.0179841 0.0137451 0.0100606 0.00717807 0.00496213 0.00343804 0.00225331 0.00152914 0.00097061 0.00062317 0.000420665 0.000269165 0.00016665 0.000101505 6.3125e-05 4.8985e-05 2.5755e-05 1.5655e-05 8.08e-06 9.595e-06 1.515e-06 1.01e-06 1.01e-06 5.05e-07 0 0 0 0 0 5.05e-07 0 0 0 0 0 0 0 0 0 0 0 0 0 0 0 0 0 
0.00991214 0.011567 0.0119256 0.0110353 0.00962076 0.00787144 0.00596961 0.00449046 0.00336381 0.00238815 0.00165943 0.00116504 0.000805475 0.00055146 0.000368145 0.000237855 0.000147965 9.393e-05 6.0095e-05 4.141e-05 2.727e-05 1.515e-05 9.595e-06 6.06e-06 2.525e-06 3.535e-06 1.01e-06 5.05e-07 5.05e-07 0 0 0 0 0 0 0 0 0 0 0 0 0 0 0 0 0 0 0 0 0 0 
0.00672509 0.00841482 0.0088673 0.00847946 0.00744017 0.00636199 0.00501364 0.00394708 0.00290123 0.00216443 0.00160035 0.00111807 0.00074336 0.00054439 0.000371175 0.000248965 0.00016766 9.8475e-05 6.464e-05 5.454e-05 3.535e-05 1.7675e-05 1.2625e-05 1.111e-05 4.545e-06 4.04e-06 2.02e-06 5.05e-07 1.01e-06 0 0 0 0 0 0 0 0 0 0 0 0 0 0 0 0 0 0 0 0 0 0 
0.00352995 0.00434603 0.00476619 0.00461924 0.00432785 0.00378397 0.00324059 0.00254823 0.0020402 0.00154025 0.00117261 0.00083224 0.00056863 0.000419655 0.00028078 0.0002222 0.000128775 8.9385e-05 5.454e-05 3.9895e-05 2.3735e-05 1.5655e-05 1.5655e-05 9.09e-06 5.05e-06 3.03e-06 3.535e-06 5.05e-07 5.05e-07 5.05e-07 5.05e-07 0 0 0 0 0 0 0 0 0 0 0 0 0 0 0 0 0 0 0 0 
0.00226745 0.00295728 0.00329058 0.00323453 0.00307343 0.00279871 0.00233361 0.00193971 0.00154227 0.00120796 0.000913545 0.00068983 0.000505 0.00037471 0.000279265 0.0001818 0.000117665 7.9285e-05 5.858e-05 4.0905e-05 2.6765e-05 2.4745e-05 1.616e-05 1.0605e-05 7.575e-06 3.535e-06 2.02e-06 0 5.05e-07 0 0 0 5.05e-07 5.05e-07 0 0 0 0 0 0 0 0 0 0 0 0 0 0 0 0 0 
0.00130391 0.00167105 0.00185386 0.00190537 0.00184224 0.0017271 0.00152712 0.00127715 0.00108929 0.00086355 0.00067266 0.000511565 0.00038683 0.00030401 0.00019493 0.000153015 0.000104535 7.878e-05 4.4945e-05 3.2825e-05 2.02e-05 1.4645e-05 1.313e-05 6.565e-06 9.09e-06 4.04e-06 1.515e-06 0 0 0 0 5.05e-07 0 0 0 0 0 0 0 5.05e-07 0 0 0 0 0 0 0 0 0 0 0 
0.000816585 0.00107161 0.0012418 0.00130088 0.0013024 0.00117665 0.00101859 0.000908495 0.000787295 0.00061913 0.00050399 0.000388345 0.000302495 0.000217655 0.00016665 0.00012726 7.676e-05 5.8075e-05 4.8985e-05 3.232e-05 2.424e-05 1.313e-05 1.212e-05 6.565e-06 6.06e-06 4.04e-06 1.515e-06 0 0 0 5.05e-07 5.05e-07 5.05e-07 0 0 5.05e-07 0 5.05e-07 0 0 0 0 0 0 0 0 0 0 0 0 0 
0.00051106 0.000617615 0.000739825 0.000804465 0.00081709 0.00074639 0.00068074 0.000603475 0.000539845 0.000411575 0.000369155 0.000288355 0.000223715 0.00017372 0.00013332 8.9385e-05 6.5145e-05 5.252e-05 4.0905e-05 2.424e-05 1.7675e-05 1.3635e-05 1.0605e-05 8.08e-06 2.525e-06 4.04e-06 1.515e-06 5.05e-07 0 5.05e-07 0 5.05e-07 5.05e-07 0 0 0 0 0 0 0 0 0 0 0 0 0 0 0 0 0 0 
0.00030401 0.000384305 0.00048379 0.0005252 0.00053328 0.00050803 0.00047975 0.00043632 0.00039188 0.00031815 0.00025452 0.0002121 0.000153015 0.00012726 9.1405e-05 8.6355e-05 5.7065e-05 3.8885e-05 2.7775e-05 2.6765e-05 1.717e-05 1.111e-05 6.565e-06 8.08e-06 4.545e-06 1.515e-06 1.515e-06 1.515e-06 5.05e-07 0 5.05e-07 0 0 5.05e-07 0 0 0 0 0 0 0 0 0 0 0 0 0 0 0 0 0 
0.000205535 0.000269165 0.000305525 0.000338855 0.00033431 0.000357035 0.000300475 0.000289365 0.00023028 0.00022624 0.00017978 0.000144935 0.000121705 0.00010201 8.6355e-05 6.262e-05 4.5955e-05 3.3835e-05 2.7775e-05 1.2625e-05 9.595e-06 1.313e-05 7.575e-06 4.545e-06 2.525e-06 2.02e-06 1.515e-06 0 5.05e-07 0 2.02e-06 0 5.05e-07 0 0 0 0 0 0 0 0 0 0 0 0 0 0 0 0 0 0 
0.000120695 0.00016059 0.00020705 0.000211595 0.000222705 0.000227755 0.000196445 0.00019392 0.00016665 0.000156045 0.00013635 0.000115645 8.989e-05 7.171e-05 6.363e-05 3.6865e-05 3.535e-05 2.525e-05 2.02e-05 1.212e-05 7.575e-06 4.04e-06 9.595e-06 4.545e-06 5.555e-06 3.03e-06 3.03e-06 2.02e-06 2.02e-06 0 5.05e-07 0 0 0 0 0 0 0 0 0 0 0 0 0 0 0 0 0 0 0 0 
7.7265e-05 0.000109585 0.00013837 0.000141905 0.000150995 0.000137865 0.000122715 0.00012423 0.00012019 0.00010302 9.292e-05 7.777e-05 6.7165e-05 5.05e-05 3.6865e-05 3.1815e-05 2.02e-05 1.717e-05 1.414e-05 1.111e-05 5.05e-06 5.555e-06 8.08e-06 4.04e-06 1.01e-06 3.535e-06 5.05e-07 1.01e-06 5.05e-07 1.01e-06 0 0 0 0 0 5.05e-07 0 0 0 0 0 0 0 0 0 0 0 0 0 0 0 
5.3025e-05 6.363e-05 8.383e-05 8.5345e-05 8.4335e-05 9.8475e-05 9.7465e-05 8.08e-05 7.4235e-05 7.575e-05 7.373e-05 6.2115e-05 4.848e-05 4.141e-05 3.2825e-05 2.0705e-05 2.1715e-05 1.4645e-05 1.111e-05 5.05e-06 5.05e-06 6.06e-06 4.545e-06 1.515e-06 2.525e-06 3.03e-06 5.05e-07 1.515e-06 5.05e-07 1.01e-06 0 0 5.05e-07 0 0 0 0 0 0 0 0 0 0 0 0 0 0 0 0 0 0 
2.6765e-05 4.4945e-05 5.05e-05 5.9085e-05 6.565e-05 6.7165e-05 5.656e-05 4.848e-05 6.464e-05 5.4035e-05 4.2925e-05 4.2925e-05 3.1815e-05 2.9795e-05 1.6665e-05 1.5655e-05 1.1615e-05 9.595e-06 5.05e-06 6.06e-06 6.565e-06 2.02e-06 3.03e-06 3.03e-06 1.01e-06 1.515e-06 1.01e-06 1.01e-06 0 0 1.01e-06 0 0 0 0 0 0 5.05e-07 0 0 0 0 0 0 0 0 0 0 0 0 0 
0 0 0 0 0 0 0 0 0 0 0 0 0 0 0 0 0 0 0 0 0 0 0 0 0 0 0 0 0 0 0 0 0 0 0 0 0 0 0 0 0 0 0 0 0 0 0 0 0 0 0 
Per-collision Densities L:
2.26222 1.24884 0.689585 0.380321 0.210084 0.115782 0.0641451 0.035454 0.0194698 0.0107843 0.00601405 0.00330371 0.00180336 0.000953945 0.000559035 0.00030401 0.000180285 9.2415e-05 4.848e-05 2.929e-05 1.414e-05 8.08e-06 1.515e-06 3.03e-06 5.05e-07 5.05e-07 1.01e-06 5.05e-07 1.01e-06 0 0 0 0 0 0 0 0 0 0 0 0 0 0 0 0 0 0 0 0 0 0 
0.0636916 0.113003 0.105515 0.0819731 0.0581381 0.0392057 0.0258494 0.0163999 0.0103111 0.00633523 0.00395062 0.00231896 0.00143622 0.000850925 0.00046561 0.000294415 0.000161095 9.595e-05 6.06e-05 3.434e-05 2.4745e-05 1.0605e-05 3.535e-06 2.525e-06 3.03e-06 5.05e-07 5.05e-07 1.01e-06 0 1.01e-06 0 0 0 0 0 0 0 0 0 0 0 0 0 0 0 0 0 0 0 0 0 
0.109 0.19557 0.185886 0.146699 0.10643 0.0732962 0.0486977 0.0314595 0.0201172 0.012779 0.00780781 0.00481619 0.00288305 0.00175589 0.00106353 0.000629735 0.00037673 0.00023129 0.000138875 7.7265e-05 5.656e-05 3.232e-05 1.5655e-05 7.07e-06 7.575e-06 2.02e-06 2.02e-06 1.01e-06 1.01e-06 0 0 0 0 0 0 0 0 0 0 0 0 0 0 0 0 0 0 0 0 0 0 
0.0154025 0.0380932 0.0463752 0.0450824 0.0385068 0.0302894 0.0228018 0.0164933 0.0113322 0.00784366 0.00522928 0.00348602 0.00224119 0.00144683 0.00087264 0.00056661 0.000366125 0.000214625 0.00012928 8.4335e-05 4.747e-05 3.5855e-05 1.4645e-05 1.1615e-05 6.565e-06 6.06e-06 2.525e-06 2.02e-06 5.05e-07 5.05e-07 5.05e-07 5.05e-07 5.05e-07 0 0 0 0 0 0 0 0 0 0 0 0 0 0 0 0 0 0 
0.014696 0.0369327 0.046058 0.0453647 0.039747 0.031911 0.0245258 0.0181482 0.0128896 0.00897638 0.00613525 0.0041001 0.00274114 0.0017574 0.00113575 0.00075245 0.000489345 0.000303505 0.00018988 0.000122715 8.5345e-05 4.4945e-05 3.1815e-05 1.919e-05 1.111e-05 3.03e-06 2.525e-06 1.515e-06 5.05e-07 5.05e-07 5.05e-07 5.05e-07 0 0 5.05e-07 0 0 0 0 0 0 0 0 0 0 0 0 0 0 0 0 
0.00445259 0.0120518 0.01682 0.0181845 0.0176881 0.0156661 0.012983 0.0101934 0.00775781 0.00580952 0.00416928 0.00292395 0.00204273 0.00142057 0.000987275 0.000642865 0.00041814 0.000280275 0.000161095 0.00011413 7.8275e-05 6.0095e-05 2.6765e-05 2.0705e-05 1.212e-05 5.05e-06 5.05e-06 2.02e-06 1.515e-06 0 5.05e-07 2.02e-06 0 0 0 0 0 0 0 0 0 0 0 0 0 0 0 0 0 0 0 
0.0032926 0.00908495 0.0128538 0.0144395 0.0139244 0.0127664 0.0108434 0.00877943 0.00676852 0.00521867 0.00385467 0.00280427 0.00195587 0.00133169 0.000914555 0.0006666 0.00043127 0.000288355 0.00018079 0.00013736 9.09e-05 5.5045e-05 3.939e-05 2.02e-05 1.8685e-05 9.09e-06 3.535e-06 4.04e-06 2.525e-06 5.05e-07 0 5.05e-07 0 5.05e-07 0 0 0 0 0 0 0 0 0 0 0 0 0 0 0 0 0 
0.00145491 0.0039794 0.00594991 0.0070291 0.00721948 0.00700284 0.00622665 0.00525907 0.00427382 0.00336785 0.00265125 0.0019796 0.00142006 0.00100849 0.00072922 0.000540855 0.000362085 0.000243915 0.00016261 0.00011615 7.3225e-05 5.2015e-05 3.131e-05 1.9695e-05 1.515e-05 1.3635e-05 5.555e-06 2.525e-06 2.525e-06 2.02e-06 1.515e-06 5.05e-07 5.05e-07 1.515e-06 0 0 0 0 0 0 0 0 0 0 0 0 0 0 0 0 0 
0.00098273 0.00277902 0.00407485 0.00488992 0.00513434 0.00502677 0.00460762 0.00397637 0.00329664 0.00272549 0.00206394 0.00159328 0.00121301 0.000877185 0.000644885 0.00046965 0.000315625 0.00022927 0.000158065 0.000107565 7.474e-05 4.3935e-05 3.8885e-05 2.424e-05 1.515e-05 1.01e-05 9.09e-06 3.03e-06 2.525e-06 1.01e-06 1.01e-06 0 5.05e-07 5.05e-07 5.05e-07 5.05e-07 0 0 0 0 0 0 0 0 0 0 0 0 0 0 0 
0.000507525 0.00146551 0.00217453 0.00275528 0.00287446 0.00287901 0.00274114 0.00249773 0.00216696 0.00177558 0.00147511 0.00114181 0.00086759 0.000637815 0.000502475 0.00035451 0.000270175 0.000178265 0.000125745 8.888e-05 6.565e-05 4.1915e-05 2.727e-05 1.8685e-05 1.8685e-05 1.0605e-05 5.05e-06 4.04e-06 1.01e-06 1.515e-06 5.05e-07 1.01e-06 1.01e-06 5.05e-07 0 0 0 0 0 0 5.05e-07 0 0 0 0 0 0 0 0 0 0 
0.00030603 0.00092314 0.00140188 0.0017877 0.0019791 0.00199879 0.001919 0.00177154 0.00155237 0.00128725 0.00110343 0.000843855 0.000665085 0.000494395 0.00038279 0.000301485 0.000217655 0.00014241 9.999e-05 8.484e-05 6.767e-05 4.04e-05 2.626e-05 1.818e-05 1.818e-05 1.0605e-05 5.555e-06 1.515e-06 1.515e-06 5.05e-07 0 1.01e-06 1.01e-06 5.05e-07 5.05e-07 5.05e-07 5.05e-07 0 5.05e-07 0 0 0 0 0 0 0 0 0 0 0 0 
0.000189375 0.00050904 0.00085042 0.00100293 0.00120746 0.00120847 0.00116453 0.00111807 0.00104283 0.00090193 0.00070801 0.00060297 0.000484295 0.00039188 0.00029088 0.00023634 0.00015756 0.000127765 8.989e-05 6.363e-05 4.1915e-05 3.0805e-05 2.626e-05 2.02e-05 1.212e-05 1.01e-05 5.555e-06 5.05e-06 1.515e-06 5.05e-07 1.01e-06 0 0 0 0 0 0 0 0 0 5.05e-07 0 0 0 0 0 0 0 0 0 0 
0.00011716 0.00033532 0.000519645 0.00069791 0.00076154 0.000812545 0.000784265 0.00073326 0.00069589 0.00063125 0.00054641 0.000429755 0.00035451 0.00027977 0.000221695 0.00017675 0.00013332 9.1405e-05 6.969e-05 5.757e-05 3.5855e-05 2.727e-05 2.0705e-05 1.4645e-05 1.2625e-05 8.08e-06 6.06e-06 5.05e-06 3.03e-06 1.01e-06 5.05e-07 1.01e-06 5.05e-07 0 0 0 0 0 5.05e-07 0 0 5.05e-07 0 0 0 0 0 0 0 0 0 
8.08e-05 0.000216645 0.000331785 0.00041107 0.000468135 0.00048682 0.00049086 0.00050803 0.00045551 0.00040703 0.00034845 0.000305525 0.000248965 0.00022119 0.00016867 0.00011918 9.292e-05 8.181e-05 5.353e-05 4.04e-05 2.8785e-05 1.9695e-05 1.919e-05 8.585e-06 1.0605e-05 6.06e-06 3.535e-06 5.05e-06 3.03e-06 1.01e-06 1.515e-06 5.05e-07 5.05e-07 5.05e-07 0 0 0 0 0 0 0 0 0 0 0 0 0 0 0 0 0 
4.7975e-05 0.000124735 0.000203515 0.00027068 0.00031815 0.000339865 0.000329765 0.00032623 0.0003232 0.000296435 0.000241895 0.00020402 0.000172205 0.000155035 0.000123725 8.989e-05 8.6355e-05 4.9995e-05 4.0905e-05 2.828e-05 2.2725e-05 1.4645e-05 1.717e-05 1.414e-05 6.565e-06 7.07e-06 3.535e-06 2.525e-06 4.04e-06 1.515e-06 1.01e-06 5.05e-07 0 0 1.01e-06 0 0 0 0 0 0 0 0 0 0 0 0 0 0 0 0 
2.626e-05 8.282e-05 0.000141905 0.00018584 0.000212605 0.000226745 0.00019796 0.00023735 0.00019897 0.00018685 0.000178265 0.000140895 0.000119685 0.00010403 7.979e-05 7.3225e-05 5.454e-05 4.04e-05 2.6765e-05 2.7775e-05 1.4645e-05 1.414e-05 1.212e-05 1.01e-05 5.05e-06 6.06e-06 1.515e-06 4.04e-06 1.01e-06 2.02e-06 5.05e-07 5.05e-07 5.05e-07 0 0 5.05e-07 5.05e-07 0 0 0 0 0 0 0 0 0 0 0 0 0 0 
9.09e-06 5.7065e-05 8.787e-05 0.000103525 0.000116655 0.00013231 0.000149985 0.00014241 0.000134835 0.000123725 0.00011514 0.00011312 9.393e-05 8.08e-05 6.464e-05 5.1005e-05 3.838e-05 3.2825e-05 2.525e-05 1.616e-05 1.313e-05 8.08e-06 1.0605e-05 7.07e-06 4.04e-06 2.525e-06 3.535e-06 3.535e-06 1.515e-06 2.02e-06 2.02e-06 5.05e-07 5.05e-07 0 0 0 0 0 0 0 0 0 0 0 0 0 0 0 0 0 0 
1.0605e-05 2.929e-05 5.3025e-05 6.3125e-05 7.9285e-05 9.797e-05 0.00010403 8.686e-05 8.181e-05 9.4435e-05 8.08e-05 7.3225e-05 6.06e-05 6.767e-05 4.848e-05 3.2825e-05 2.3735e-05 2.222e-05 1.0605e-05 1.3635e-05 1.01e-05 9.595e-06 2.525e-06 9.09e-06 2.525e-06 1.515e-06 4.04e-06 2.525e-06 3.535e-06 0 5.05e-07 5.05e-07 1.01e-06 1.01e-06 0 0 0 0 0 0 0 5.05e-07 0 0 0 0 0 0 0 0 0 
5.555e-06 2.1715e-05 2.9795e-05 4.7975e-05 5.252e-05 5.959e-05 6.9185e-05 5.454e-05 5.858e-05 5.8075e-05 6.4135e-05 5.05e-05 4.343e-05 4.04e-05 3.9895e-05 2.6765e-05 2.3735e-05 2.0705e-05 1.8685e-05 1.111e-05 1.1615e-05 5.555e-06 2.525e-06 3.03e-06 3.535e-06 2.02e-06 3.535e-06 2.525e-06 1.515e-06 1.515e-06 1.01e-06 5.05e-07 0 5.05e-07 1.01e-06 5.05e-07 0 0 0 0 0 0 0 0 0 0 0 0 0 0 0 
0 0 0 0 0 0 0 0 0 0 0 0 0 0 0 0 0 0 0 0 0 0 0 0 0 0 0 0 0 0 0 0 0 0 0 0 0 0 0 0 0 0 0 0 0 0 0 0 0 0 0 
