Half rod, albedo problem, Anisotropic scattering, exponential random flight, mu_t: 3 g: 0.9
Analogmu_t c: 0.9 maxx: 10 dx: 0.19802 numsamples: 10000000 numCollisionOrders: 20 numMoments: 10
total albedo: 0.158985
per-collision order albedos: 
0 0.0223627 0.0191991 0.0165007 0.0140942 0.0121094 0.0103636 0.0088957 0.0076539 0.0065356 0.0056277 0.0048234 0.0041825 0.003605 0.0030591 0.0026781 0.0023123 0.002008 0.0017126 0.0014524 
Collision density L:
0.458768 0.422299 0.38954 0.358657 0.330012 0.303322 0.280868 0.257688 0.237634 0.218744 0.201784 0.185593 0.171434 0.157936 0.145407 0.133992 0.123607 0.113716 0.104747 0.0966626 0.0890684 0.0821438 0.0759475 0.0694446 0.0644057 0.0593057 0.0545365 0.0501687 0.0462075 0.0425367 0.0392643 0.0361388 0.0334593 0.0307277 0.0283699 0.0262853 0.0242688 0.0225311 0.020655 0.0187734 0.0174175 0.0160322 0.0147339 0.0137653 0.0126104 0.0113761 0.0106727 0.00978034 0.00901122 0.0082613 0.0975089 
Collision density R:
2.88075 2.65436 2.44517 2.25422 2.07657 1.91288 1.76208 1.62427 1.4974 1.37894 1.2706 1.17221 1.07819 0.992139 0.915278 0.842626 0.777236 0.716504 0.660721 0.6076 0.559907 0.51631 0.476022 0.438829 0.405174 0.372443 0.343186 0.315835 0.291658 0.26875 0.247287 0.228363 0.210083 0.193205 0.177576 0.163742 0.151057 0.139384 0.128723 0.11844 0.108796 0.100688 0.0925746 0.0852783 0.0787376 0.072109 0.0666938 0.0614262 0.0564736 0.0523407 0.611615 
Density Moments:
8.41193 20.3504 98.4507 714.061 6901.29 83369.2 1.21057e+06 2.0611e+07 4.04852e+08 9.06415e+09 
Per-collision Density Moments:
1 0.333154 0.221904 0.221802 0.296102 0.495851 1.00205 2.38024 6.51404 20.1879 
0.877657 0.577429 0.574696 0.764368 1.27259 2.5463 5.95519 15.9521 48.1711 161.827 
0.770644 0.750934 0.992212 1.64612 3.28411 7.65442 20.408 61.2413 204.172 748.181 
0.677169 0.868829 1.4287 2.83785 6.59516 17.545 52.5626 175.076 641.64 2565.45 
0.595387 0.942926 1.85223 4.2824 11.3577 33.9552 112.928 413.455 1652.28 7156.87 
0.523684 0.982798 2.24166 5.9085 17.6006 58.3888 213.336 850.95 3679.13 17141.1 
0.460979 0.99677 2.58521 7.64393 25.2521 92.0143 366.255 1580.06 7339.23 36493.8 
0.405972 0.990985 2.87751 9.4298 34.2159 135.879 585.537 2719.26 13531.9 71806.3 
0.357718 0.970572 3.11609 11.2034 44.2777 190.315 882.841 4393.16 23331.6 131664 
0.315436 0.939371 3.29958 12.9004 55.1126 254.676 1263.98 6700.33 37761.9 225359 
0.278282 0.900696 3.43301 14.4964 66.567 329.19 1741.72 9809.98 58575.2 369448 
0.245751 0.857463 3.52136 15.9616 78.3583 412.664 2316.87 13802.2 86905.5 576407 
0.216994 0.810782 3.56669 17.2685 90.2442 504.265 2994.86 18822.2 124743 869213 
0.191696 0.762508 3.5741 18.3967 101.917 601.981 3768.92 24907.9 173189 1.26351e+06 
0.169477 0.713841 3.54919 19.3482 113.273 705.425 4646.71 32247.6 235074 1.79568e+06 
0.149833 0.665631 3.49697 20.1192 124.059 811.91 5607.32 40704.7 309641 2.46223e+06 
0.132567 0.618769 3.42297 20.7192 134.19 920.652 6652.54 50429 399831 3.30772e+06 
0.117302 0.573448 3.32949 21.1417 143.454 1029.57 7770.32 61429.6 507239 4.3645e+06 
0.10383 0.530086 3.22182 21.4102 151.871 1137.91 8953.05 73687.2 632608 5.65219e+06 
0 0 0 0 0 0 0 0 0 0 
Per-collision Densities L:
0 0 0 0 0 0 0 0 0 0 0 0 0 0 0 0 0 0 0 0 0 0 0 0 0 0 0 0 0 0 0 0 0 0 0 0 0 0 0 0 0 0 0 0 0 0 0 0 0 0 0 
0.0509934 0.0279331 0.0155116 0.00848047 0.00472226 0.0026159 0.00146602 0.00079386 0.000435815 0.000228765 0.00014645 7.373e-05 3.333e-05 2.323e-05 1.212e-05 8.08e-06 1.515e-06 3.03e-06 1.515e-06 1.01e-06 0 1.01e-06 5.05e-07 0 0 0 0 0 0 0 0 0 0 0 0 0 0 0 0 0 0 0 0 0 0 0 0 0 0 0 0 
0.0552526 0.0446915 0.0326387 0.0224134 0.0148758 0.0094536 0.00590547 0.00363146 0.00226543 0.00131199 0.000802445 0.000490355 0.000283305 0.000181295 8.989e-05 5.6055e-05 3.03e-05 2.1715e-05 1.01e-05 9.595e-06 3.535e-06 4.04e-06 1.01e-06 2.02e-06 0 0 5.05e-07 0 0 0 0 0 0 0 0 0 0 0 0 0 0 0 0 0 0 0 0 0 0 0 0 
0.0492006 0.0460974 0.0402637 0.0324048 0.0247384 0.0181255 0.0127896 0.00896931 0.00594385 0.00392234 0.00253611 0.0015953 0.00108474 0.00065549 0.000404 0.00024745 0.000161095 0.00010807 6.262e-05 3.8885e-05 2.0705e-05 1.111e-05 5.555e-06 3.535e-06 0 3.535e-06 5.05e-07 5.05e-07 5.05e-07 0 0 0 0 0 0 0 0 0 0 0 0 0 0 0 0 0 0 0 0 0 0 
0.0424109 0.0416847 0.0396152 0.0356974 0.0303328 0.0249056 0.0195688 0.0148581 0.0108176 0.00785376 0.00550804 0.0038481 0.00263156 0.00177811 0.00120897 0.000782245 0.00052419 0.000360065 0.00021614 0.000139885 7.171e-05 4.646e-05 3.232e-05 2.2725e-05 1.616e-05 9.09e-06 3.03e-06 2.525e-06 1.515e-06 0 0 5.05e-07 1.01e-06 0 5.05e-07 0 0 0 0 0 0 0 0 0 0 0 0 0 0 0 0 
0.0361247 0.036255 0.0356202 0.0341633 0.0314787 0.027724 0.0238734 0.0195354 0.0155868 0.0121195 0.00909707 0.00692658 0.00504596 0.00353601 0.00248814 0.00176346 0.00120948 0.000802445 0.00056055 0.00037875 0.000239875 0.00015251 0.00010807 6.1105e-05 4.9995e-05 3.636e-05 1.616e-05 1.01e-05 4.04e-06 6.06e-06 2.525e-06 1.515e-06 2.02e-06 5.05e-07 5.05e-07 0 0 0 0 0 0 0 0 0 0 0 0 0 0 0 0 
0.0310434 0.0311681 0.031056 0.0304459 0.0293814 0.0273685 0.0251248 0.0220554 0.0187133 0.0155136 0.0127467 0.00999597 0.00775478 0.00583174 0.00443239 0.00319009 0.00230634 0.0016357 0.00115746 0.00077871 0.00058277 0.000393395 0.000231795 0.000171195 0.00011413 7.9285e-05 4.9995e-05 3.232e-05 1.919e-05 1.616e-05 4.545e-06 6.06e-06 5.555e-06 2.525e-06 1.515e-06 5.05e-07 1.01e-06 0 5.05e-07 0 0 0 5.05e-07 0 0 0 0 0 0 0 0 
0.0266297 0.0266615 0.0268054 0.0266615 0.0258979 0.0252182 0.0239734 0.0222346 0.0201849 0.0175442 0.0150975 0.0127048 0.0103828 0.00832947 0.00641552 0.00495405 0.00379306 0.00278255 0.0020806 0.00152914 0.00106555 0.000756995 0.000554995 0.000397435 0.00025149 0.00017271 0.000126755 8.08e-05 6.3125e-05 3.939e-05 2.828e-05 1.8685e-05 1.4645e-05 9.09e-06 4.545e-06 2.02e-06 1.01e-06 2.525e-06 1.515e-06 0 0 0 5.05e-07 0 0 0 0 0 0 0 0 
0.0229856 0.0230785 0.0227952 0.0227866 0.0228109 0.0222705 0.0219412 0.0209075 0.0196809 0.0179987 0.0161666 0.0142627 0.0121155 0.0101848 0.00835927 0.00677054 0.00542017 0.00426877 0.00325018 0.00257752 0.00184578 0.00134128 0.00104737 0.00072417 0.00052217 0.000400465 0.000272195 0.000201495 0.000138875 8.08e-05 7.474e-05 3.5855e-05 3.4845e-05 2.02e-05 1.111e-05 9.09e-06 6.06e-06 3.535e-06 3.535e-06 0 5.05e-07 1.01e-06 5.05e-07 0 0 0 0 5.05e-07 0 0 0 
0.0196061 0.0198192 0.0197278 0.0197147 0.0196718 0.0194314 0.0192551 0.0190188 0.0182532 0.0173422 0.0160817 0.0145819 0.0129452 0.0115903 0.00997931 0.00834513 0.00702051 0.00561863 0.00457732 0.00359863 0.00277902 0.00217453 0.00161954 0.00127311 0.00094334 0.000701445 0.00053328 0.00036057 0.000276235 0.00017271 0.000121705 9.1405e-05 6.363e-05 4.242e-05 2.9795e-05 1.6665e-05 1.414e-05 1.01e-05 6.565e-06 3.03e-06 2.02e-06 4.04e-06 1.515e-06 1.515e-06 1.01e-06 1.515e-06 0 0 0 0 0 
0.0169473 0.0170508 0.0169079 0.0170357 0.016914 0.0168756 0.0168923 0.0167034 0.0163085 0.0159974 0.0150535 0.0141193 0.0131886 0.0121059 0.0106903 0.00950511 0.00798658 0.00687962 0.00574589 0.00466317 0.00381124 0.00297546 0.00242804 0.00187204 0.00149783 0.00110393 0.0008484 0.00061307 0.000455005 0.00031613 0.000259065 0.000153015 0.000126755 8.5345e-05 6.363e-05 4.7975e-05 3.131e-05 1.9695e-05 1.5655e-05 9.09e-06 4.545e-06 5.05e-06 3.535e-06 2.525e-06 1.515e-06 5.05e-07 5.05e-07 0 0 0 0 
0.0146617 0.0145203 0.0146753 0.014644 0.0147197 0.0144854 0.0145925 0.0145788 0.0144551 0.0141097 0.0137693 0.0130548 0.0126548 0.0118008 0.0108504 0.00986518 0.00870418 0.00773963 0.00658621 0.00574741 0.00469499 0.00391375 0.00318049 0.00257954 0.00202202 0.00161247 0.00124129 0.000925665 0.000737805 0.000535805 0.00040299 0.000303505 0.000208565 0.000157055 0.000120695 8.3325e-05 6.3125e-05 4.949e-05 2.6765e-05 1.717e-05 1.414e-05 1.1615e-05 9.09e-06 5.05e-06 4.04e-06 2.525e-06 1.515e-06 2.02e-06 0 1.01e-06 1.515e-06 
0.0125619 0.0125462 0.0126619 0.0125912 0.0125967 0.0126654 0.0126755 0.0126487 0.0124806 0.0123104 0.0121387 0.0119443 0.0116206 0.0111767 0.0104232 0.00969146 0.00896426 0.00803708 0.00714626 0.0062817 0.00544946 0.00468388 0.00383699 0.00322897 0.00261388 0.00217908 0.00174528 0.00140037 0.00106808 0.00083325 0.000628725 0.00048783 0.00035956 0.000266135 0.00021311 0.00016059 0.000100495 8.181e-05 6.2115e-05 4.343e-05 2.929e-05 1.5655e-05 1.6665e-05 1.01e-05 6.06e-06 6.06e-06 3.03e-06 2.525e-06 1.515e-06 2.525e-06 3.535e-06 
0.0107696 0.0108115 0.010906 0.0109681 0.0108227 0.010809 0.0109863 0.0107893 0.0107802 0.0107757 0.0107454 0.0106085 0.0104434 0.0100096 0.00971065 0.00924049 0.00860722 0.00804516 0.00736088 0.00654632 0.00589032 0.00513888 0.00452076 0.00381982 0.00320524 0.00271993 0.00223564 0.00183164 0.00146804 0.00116201 0.00088981 0.00069791 0.000539845 0.000426725 0.000321685 0.000253005 0.000172205 0.00013938 0.000102515 7.9285e-05 5.353e-05 3.8885e-05 2.3735e-05 2.121e-05 1.5655e-05 9.09e-06 5.05e-06 4.545e-06 4.545e-06 3.03e-06 5.555e-06 
0.00943189 0.00932836 0.00946875 0.0093122 0.00937381 0.00943643 0.00951824 0.00919757 0.0094233 0.00939603 0.00938745 0.00931574 0.00918545 0.00907485 0.008736 0.00849713 0.00817595 0.00762096 0.00721898 0.00650895 0.00609131 0.0054737 0.00497223 0.00421221 0.00370014 0.00323352 0.00267347 0.0022321 0.00187709 0.00150238 0.00120594 0.000951925 0.000779215 0.000611555 0.00048076 0.00039794 0.00028785 0.0002222 0.00016766 0.00012322 9.1405e-05 7.0195e-05 4.747e-05 4.242e-05 3.03e-05 1.414e-05 1.01e-05 1.212e-05 9.09e-06 4.545e-06 1.01e-05 
0.00808859 0.00808707 0.00801082 0.00824665 0.00802849 0.00815929 0.00815424 0.00807192 0.00817646 0.00805172 0.00816383 0.0081406 0.00806485 0.00799314 0.00776084 0.00762904 0.0074033 0.00711091 0.00673165 0.00638219 0.00595244 0.00557773 0.00503233 0.00451066 0.00398445 0.00355066 0.0030199 0.00258005 0.00227604 0.00180588 0.00150945 0.00126351 0.00109333 0.000816585 0.000662055 0.000532775 0.00041915 0.00033734 0.000257045 0.00018382 0.000154025 0.000120695 8.2315e-05 6.5145e-05 4.141e-05 3.131e-05 2.3735e-05 1.9695e-05 1.2625e-05 9.09e-06 1.8685e-05 
0.0070397 0.00696395 0.00698062 0.00703718 0.00697607 0.00699425 0.00706243 0.00701445 0.0071407 0.0070897 0.0070498 0.00700132 0.00712757 0.00689982 0.00689426 0.00672206 0.00654228 0.00634836 0.00622312 0.0059994 0.0056959 0.00538785 0.00503687 0.00460813 0.00409808 0.00369913 0.00323806 0.00289113 0.00251793 0.00212555 0.00181952 0.00157964 0.0012726 0.00109232 0.00084335 0.000699425 0.00060196 0.000438845 0.00036865 0.00029391 0.00025149 0.000172205 0.000132815 0.00010403 7.171e-05 6.262e-05 3.535e-05 3.636e-05 1.8685e-05 1.4645e-05 4.0905e-05 
0.00595446 0.00606556 0.00598577 0.00593224 0.00611505 0.00608828 0.00615898 0.00608677 0.00612313 0.0061302 0.00616403 0.00614737 0.0060696 0.00599789 0.00599637 0.00588931 0.00581508 0.00571559 0.00567721 0.00542623 0.00532775 0.00500152 0.0047263 0.00441471 0.00411272 0.00366176 0.00344865 0.00304313 0.00267145 0.00238714 0.00204374 0.00179982 0.0014741 0.00130189 0.00107464 0.00090092 0.000745885 0.00059893 0.00049086 0.00040703 0.00030502 0.0002525 0.00019089 0.000145945 0.000113625 8.888e-05 6.767e-05 4.848e-05 3.9895e-05 3.333e-05 7.676e-05 
0.00507879 0.00514999 0.00517171 0.00524796 0.00530856 0.00533937 0.00535199 0.00529392 0.00529897 0.00529998 0.00538886 0.00526968 0.0052318 0.00527321 0.00514898 0.00517827 0.00516666 0.00515252 0.0049889 0.00493789 0.0046864 0.0045955 0.00443239 0.00414959 0.00398445 0.00368549 0.0033835 0.00303859 0.0028785 0.0025553 0.00221645 0.00198768 0.00169832 0.00146349 0.00124281 0.0010706 0.000917585 0.000784265 0.000635795 0.00048379 0.000423695 0.000345925 0.000259065 0.000224725 0.000176245 0.000135845 0.000101 8.484e-05 6.565e-05 4.141e-05 0.00013029 
0 0 0 0 0 0 0 0 0 0 0 0 0 0 0 0 0 0 0 0 0 0 0 0 0 0 0 0 0 0 0 0 0 0 0 0 0 0 0 0 0 0 0 0 0 0 0 0 0 0 0 
Per-collision Densities L:
2.26194 1.24931 0.689856 0.380724 0.210346 0.115286 0.0639719 0.0352121 0.0194359 0.0107722 0.00589739 0.0032517 0.00176851 0.00094637 0.00057368 0.00030401 0.000177255 9.999e-05 5.6055e-05 3.434e-05 1.5655e-05 8.585e-06 6.06e-06 1.515e-06 3.03e-06 1.01e-06 1.01e-06 1.01e-06 5.05e-07 0 0 0 0 0 0 0 0 0 0 0 0 0 0 0 0 0 0 0 0 0 0 
0.518566 0.920168 0.858114 0.667689 0.47539 0.321727 0.209608 0.13346 0.0834422 0.0517787 0.0316181 0.0191642 0.0114206 0.00675236 0.00405717 0.00236391 0.00135946 0.000805475 0.00049288 0.00029189 0.00018079 9.4435e-05 5.9085e-05 3.0805e-05 1.616e-05 1.1615e-05 6.565e-06 4.04e-06 2.02e-06 2.02e-06 1.515e-06 0 0 5.05e-07 0 0 0 0 0 0 0 0 0 0 0 0 0 0 0 0 0 
0.0834629 0.353498 0.542378 0.589695 0.540245 0.446538 0.344602 0.254087 0.180059 0.124414 0.0838138 0.0552808 0.0363464 0.0233583 0.0148278 0.00936018 0.00585447 0.00365267 0.00227806 0.00142764 0.00083325 0.000530755 0.00030906 0.00019897 0.000102515 7.0195e-05 4.242e-05 2.5755e-05 1.4645e-05 1.0605e-05 6.06e-06 1.01e-06 1.01e-06 5.05e-07 5.05e-07 5.05e-07 0 0 5.05e-07 0 0 0 0 0 0 0 0 0 0 0 0 
0.0109237 0.0946693 0.232425 0.350911 0.411659 0.415065 0.379304 0.321957 0.258961 0.199652 0.148721 0.108301 0.0767241 0.053223 0.0364186 0.0246056 0.0163509 0.0108206 0.00711596 0.00452177 0.00290022 0.00190133 0.00120695 0.000717605 0.00048278 0.00028583 0.000192405 0.00011918 7.8275e-05 4.343e-05 1.818e-05 1.1615e-05 8.08e-06 5.555e-06 3.535e-06 3.03e-06 5.05e-07 5.05e-07 0 1.01e-06 0 5.05e-07 0 0 0 0 0 0 0 0 0 
0.00167812 0.0208408 0.077465 0.158644 0.236988 0.291438 0.313595 0.306688 0.280059 0.240308 0.198853 0.158147 0.121547 0.0915565 0.0672004 0.0481911 0.0343087 0.0239623 0.0165645 0.0112585 0.00761439 0.00515757 0.00339259 0.00223008 0.00144077 0.000931725 0.0006161 0.000414605 0.00025755 0.000160085 8.9385e-05 6.4135e-05 3.4845e-05 2.0705e-05 1.0605e-05 1.111e-05 4.545e-06 7.07e-06 1.515e-06 1.515e-06 0 1.01e-06 0 0 0 0 5.05e-07 0 0 0 0 
0.00064135 0.00488891 0.0223917 0.0596385 0.111157 0.164964 0.208699 0.235227 0.242177 0.233197 0.211987 0.185141 0.154366 0.12518 0.0989936 0.0763858 0.0576882 0.0426185 0.0310504 0.0223346 0.0158449 0.0111746 0.00769671 0.00542522 0.00357793 0.00242855 0.00166196 0.00106404 0.000723665 0.000474195 0.00028987 0.00018584 0.000133825 7.6255e-05 5.353e-05 2.828e-05 1.7675e-05 1.2625e-05 9.09e-06 4.545e-06 6.06e-06 1.01e-06 1.01e-06 2.02e-06 0 5.05e-07 1.01e-06 0 0 0 0 
0.000499445 0.00188769 0.00659076 0.0203061 0.0451521 0.0797516 0.116932 0.151536 0.176492 0.188769 0.189623 0.180545 0.164603 0.143396 0.121629 0.100166 0.0805935 0.0635487 0.0484992 0.0368847 0.0274382 0.0202798 0.0147561 0.010502 0.00748814 0.00519494 0.00366277 0.00253763 0.00178922 0.00118928 0.00078578 0.000509545 0.00035047 0.00022321 0.000145945 9.7465e-05 6.868e-05 3.2825e-05 2.7775e-05 1.616e-05 1.1615e-05 6.565e-06 6.06e-06 3.03e-06 2.02e-06 1.01e-06 5.05e-07 0 5.05e-07 0 0 
0.000422685 0.00132108 0.00292143 0.00726291 0.017318 0.0345395 0.0579952 0.0847092 0.111185 0.132031 0.146026 0.151839 0.149378 0.141137 0.128867 0.11316 0.0967418 0.0806803 0.0657005 0.0522008 0.0409005 0.0314469 0.0241239 0.0180083 0.0133825 0.00960662 0.00711495 0.00509444 0.00358853 0.00250076 0.00177356 0.00121301 0.0008383 0.00054035 0.00036562 0.0002626 0.000161095 0.000110595 8.0295e-05 5.151e-05 3.03e-05 1.9695e-05 9.09e-06 8.585e-06 7.07e-06 4.545e-06 3.03e-06 2.02e-06 0 5.05e-07 1.515e-06 
0.000352995 0.00110292 0.00186244 0.00349056 0.00712555 0.0145788 0.0264761 0.042778 0.0624236 0.0818989 0.0992194 0.112586 0.120351 0.121627 0.119195 0.111926 0.101697 0.0901359 0.0775387 0.0650112 0.0535825 0.0432224 0.0344329 0.0267059 0.0207777 0.015756 0.0117761 0.00880064 0.00651854 0.00471418 0.00337896 0.00240784 0.00173215 0.00121301 0.00083729 0.00060297 0.00038986 0.000264115 0.00018685 0.000135845 8.8375e-05 5.555e-05 4.141e-05 2.222e-05 1.5655e-05 1.1615e-05 4.545e-06 4.545e-06 2.525e-06 3.03e-06 4.545e-06 
0.0003232 0.000911525 0.00153823 0.00231088 0.00375266 0.00667509 0.0121947 0.0204899 0.0321029 0.0463035 0.0610712 0.0750632 0.0865373 0.0947501 0.098521 0.0987568 0.0954061 0.0896557 0.0812121 0.0717145 0.0622675 0.0526321 0.0436365 0.0355894 0.0287113 0.0226311 0.017778 0.013688 0.0103666 0.00796789 0.00577468 0.00426725 0.00313807 0.00228058 0.0016261 0.0011509 0.000853955 0.00058984 0.000387335 0.000289365 0.000202505 0.00014544 8.686e-05 6.06e-05 3.333e-05 2.4745e-05 1.8685e-05 1.2625e-05 5.05e-06 7.07e-06 1.2625e-05 
0.000248965 0.000801435 0.00130139 0.00187557 0.00259823 0.00384204 0.00605748 0.0102293 0.0160358 0.0245587 0.0343622 0.0459585 0.0567059 0.06656 0.0742431 0.079083 0.0812989 0.0801137 0.0772463 0.071812 0.0648824 0.0576771 0.0502425 0.0429053 0.0357767 0.0295213 0.0238345 0.0190203 0.0150611 0.0118079 0.00900213 0.00694072 0.00518231 0.00385214 0.00288002 0.00208767 0.00155641 0.00113272 0.0007979 0.000586305 0.000390365 0.00029189 0.000207555 0.00013534 0.00010403 5.5045e-05 3.636e-05 2.8785e-05 2.1715e-05 1.8685e-05 3.333e-05 
0.000221695 0.000686295 0.00112211 0.00158722 0.00204222 0.00271488 0.00378144 0.00558631 0.00833099 0.0128548 0.0189602 0.0261736 0.0347768 0.0431901 0.0513807 0.0579482 0.0631442 0.0660399 0.0667125 0.0654924 0.0622291 0.0578882 0.0526968 0.0468524 0.0406833 0.0349132 0.0292688 0.0244738 0.019847 0.0159984 0.0127346 0.0100561 0.00781488 0.00601758 0.00455712 0.00350773 0.00257449 0.00193011 0.00140592 0.0010605 0.00077164 0.000544895 0.000399455 0.00027573 0.00019392 0.000142915 8.888e-05 6.868e-05 5.151e-05 3.3835e-05 6.868e-05 
0.000194425 0.0005959 0.000923645 0.00137007 0.00175033 0.00212302 0.00275781 0.00353046 0.00495456 0.00708869 0.0104833 0.0146884 0.0201601 0.0264671 0.0331063 0.0396092 0.0453904 0.0500516 0.0535749 0.0546208 0.0549147 0.0534724 0.0508197 0.0468009 0.0425952 0.0379295 0.0330512 0.0286123 0.0241309 0.0201631 0.0163625 0.013587 0.0107217 0.00863651 0.00674478 0.00514494 0.00400415 0.00313403 0.00235027 0.00175993 0.00127311 0.00095041 0.00071003 0.00051914 0.00038481 0.000265125 0.000186345 0.00013029 9.393e-05 6.666e-05 0.000161095 
0.00018281 0.000483285 0.000873145 0.00117918 0.0014741 0.00181295 0.00221544 0.00265883 0.00336583 0.00445713 0.00610141 0.00849966 0.0116387 0.0156803 0.020347 0.0255429 0.0307242 0.0355005 0.0397061 0.0429366 0.0449086 0.045447 0.0451308 0.0438941 0.0414206 0.038182 0.0345728 0.0307343 0.0271256 0.0232497 0.0197935 0.0167731 0.0137789 0.0111999 0.00915363 0.00729523 0.00572216 0.00450258 0.003484 0.00274266 0.00205838 0.00156146 0.00117413 0.000889305 0.00066054 0.000463085 0.000354005 0.000257045 0.000172205 0.00011817 0.00032825 
0.00015049 0.000455005 0.00070902 0.00102667 0.00130694 0.00156752 0.00185992 0.00213565 0.00255934 0.00316837 0.00405616 0.00513131 0.00693668 0.00945916 0.0122649 0.0157838 0.0199273 0.0237956 0.0279351 0.0313792 0.0344203 0.036608 0.0374796 0.037829 0.0374321 0.0358904 0.0336577 0.0309287 0.0282724 0.0250076 0.0221392 0.0192067 0.0163352 0.0136512 0.011467 0.00939199 0.00765984 0.00614838 0.00496769 0.00389103 0.00306788 0.00237704 0.00182204 0.00137007 0.00107818 0.00080699 0.0005959 0.000418645 0.00031613 0.000231795 0.000636805 
0.000121705 0.000361075 0.000640845 0.00087365 0.00115039 0.00135138 0.0016054 0.00186446 0.00213868 0.00247804 0.00292951 0.00356379 0.00446824 0.00583023 0.00764166 0.00976822 0.0125048 0.0154141 0.018581 0.0219761 0.0248359 0.0274584 0.0294693 0.0310626 0.0317488 0.0314206 0.030708 0.0290971 0.0277306 0.0255045 0.0230336 0.0204833 0.0179442 0.0156505 0.0135426 0.0113509 0.00960106 0.00786033 0.00649481 0.0051606 0.00419706 0.00333755 0.00268307 0.00208262 0.00159934 0.00125392 0.000926675 0.000708515 0.000530755 0.0004141 0.00110444 
0.000119685 0.000305525 0.00052419 0.000756995 0.000966065 0.00121806 0.00136502 0.00159782 0.00184123 0.00207202 0.00232401 0.00273609 0.0031411 0.00393395 0.00489042 0.0062519 0.00783962 0.00998688 0.0121503 0.0147046 0.0172033 0.019644 0.021964 0.0238875 0.0254096 0.0259075 0.0264448 0.0261843 0.0253111 0.02424 0.0227068 0.020854 0.0187825 0.0168407 0.0148228 0.0128765 0.0110433 0.00947027 0.00794416 0.00654985 0.00549238 0.00447178 0.00344915 0.00292446 0.00229725 0.00180487 0.00141905 0.00110595 0.000818605 0.00064337 0.00186547 
0.00010302 0.000285325 0.000460055 0.00065044 0.00081305 0.00102313 0.00121857 0.00141956 0.00154581 0.00178013 0.00198869 0.00219372 0.00245885 0.00287295 0.00347895 0.00411171 0.00512424 0.00653369 0.00798658 0.0096556 0.0116094 0.0136618 0.0157848 0.0174276 0.0192683 0.0205848 0.0216115 0.0219801 0.0221735 0.0218125 0.021003 0.0199228 0.0185335 0.0171033 0.0153969 0.0137769 0.0122543 0.0105323 0.00918343 0.00786235 0.00658369 0.00553076 0.004646 0.00369105 0.00305677 0.00244016 0.00199475 0.00152409 0.00120998 0.00094839 0.0030295 
8.0295e-05 0.00024442 0.000396425 0.000529745 0.00071609 0.00089587 0.00102818 0.00122513 0.0013332 0.00153621 0.00168822 0.00184881 0.0020195 0.00227301 0.00259267 0.00305929 0.00355369 0.00422433 0.00533179 0.00641653 0.00773559 0.00933543 0.0108686 0.0124993 0.0140274 0.0155606 0.0165948 0.0176558 0.0181967 0.018585 0.0186355 0.018082 0.0174205 0.0163181 0.0151434 0.0141148 0.0127174 0.0114206 0.00999951 0.00893396 0.00747148 0.0064736 0.0055045 0.00464701 0.00384962 0.00315979 0.00253914 0.00209828 0.00162055 0.00135795 0.00462277 
0 0 0 0 0 0 0 0 0 0 0 0 0 0 0 0 0 0 0 0 0 0 0 0 0 0 0 0 0 0 0 0 0 0 0 0 0 0 0 0 0 0 0 0 0 0 0 0 0 0 0 
