Half rod, albedo problem, Anisotropic scattering, exponential random flight, mu_t: 3 g: -0.1
Analogmu_t c: 0.5 maxx: 10 dx: 0.19802 numsamples: 10000000 numCollisionOrders: 20 numMoments: 10
total albedo: 0.183428
per-collision order albedos: 
0 0.137526 0.0308888 0.0096004 0.0033384 0.0012559 0.0004857 0.000191 8.23e-05 3.22e-05 1.37e-05 8e-06 3.3e-06 1.6e-06 5e-07 1e-07 2e-07 0 0 1e-07 
Collision density L:
0.446701 0.290825 0.189472 0.122743 0.0798733 0.0516524 0.0339188 0.0220589 0.0143223 0.00938543 0.00606455 0.00394759 0.00258712 0.0016665 0.00113878 0.00070902 0.00047167 0.00030502 0.000188365 0.000115645 7.979e-05 4.1915e-05 3.737e-05 2.929e-05 1.5655e-05 1.0605e-05 9.595e-06 3.03e-06 1.515e-06 2.02e-06 0 0 2.02e-06 5.05e-07 5.05e-07 0 5.05e-07 0 0 0 0 0 0 0 0 0 0 0 0 0 0 
Collision density R:
2.43926 1.58513 1.03013 0.670424 0.436251 0.282536 0.183485 0.119611 0.0777402 0.0506555 0.032929 0.0214771 0.014038 0.00886881 0.00591355 0.00387335 0.00251086 0.0015958 0.00106656 0.00068276 0.000471165 0.000282295 0.000174225 0.000122715 8.686e-05 5.1005e-05 3.535e-05 2.424e-05 1.3635e-05 8.08e-06 5.555e-06 4.04e-06 3.535e-06 2.02e-06 5.05e-07 5.05e-07 5.05e-07 0 0 0 0 0 0 0 0 0 0 0 0 0 0 
Density Moments:
1.63324 0.751183 0.69129 0.954743 1.75869 4.04906 11.1763 35.9012 131.13 534.1 
Per-collision Density Moments:
1 0.333172 0.222032 0.222044 0.296474 0.496161 1.0007 2.36796 6.44197 19.8056 
0.362463 0.195873 0.180672 0.230992 0.375718 0.740896 1.71657 4.56835 13.7195 45.8033 
0.150365 0.10675 0.120278 0.181018 0.338431 0.753847 1.94478 5.68658 18.5084 65.9926 
0.0656525 0.0561641 0.0733052 0.124799 0.259255 0.632152 1.76217 5.50517 18.9636 71.0201 
0.0295103 0.0290849 0.0425892 0.0800929 0.181902 0.481353 1.44783 4.85543 17.8619 71.0541 
0.0135006 0.0148807 0.0239839 0.0491733 0.120997 0.345565 1.1194 4.0387 15.976 68.3164 
0.0062376 0.00757565 0.0132295 0.0290569 0.0759252 0.228707 0.777629 2.9362 12.1373 54.1988 
0.0029165 0.00383506 0.00717233 0.0167558 0.0462975 0.146779 0.523768 2.07441 9.00866 42.3886 
0.001362 0.00191944 0.00380325 0.00935185 0.0270568 0.0894631 0.332012 1.36536 6.1545 30.0784 
0.0006447 0.000964371 0.00201606 0.00521727 0.0158717 0.0551454 0.21465 0.921706 4.30487 21.5735 
0.000306 0.000481355 0.00106543 0.00292772 0.0095262 0.0357864 0.152383 0.722934 3.75435 20.9708 
0.0001475 0.00024576 0.000567027 0.00160752 0.00533769 0.0202011 0.0855013 0.398673 2.02169 11.0188 
7.11e-05 0.000119624 0.000277831 0.000790993 0.00263803 0.0100434 0.0428713 0.2021 1.03675 5.70181 
3.24e-05 5.86787e-05 0.00014361 0.000429393 0.00149215 0.00582971 0.0249813 0.115132 0.561661 2.86324 
1.5e-05 2.84637e-05 7.21406e-05 0.000222809 0.000793667 0.00313456 0.0133269 0.0596879 0.277334 1.32285 
7.5e-06 1.54187e-05 4.12047e-05 0.000133921 0.000505647 0.00212801 0.00964758 0.0459569 0.226188 1.1378 
3.3e-06 6.76745e-06 1.7136e-05 5.19439e-05 0.000185288 0.000755932 0.00339904 0.0162858 0.0811478 0.414078 
1.8e-06 3.91138e-06 1.08834e-05 3.65602e-05 0.000140972 0.000598668 0.00271303 0.012831 0.0623983 0.309072 
1.2e-06 2.61903e-06 7.67448e-06 2.58928e-05 9.46944e-05 0.000365975 0.00147407 0.00612961 0.0261277 0.113522 
0 0 0 0 0 0 0 0 0 0 
Per-collision Densities L:
0 0 0 0 0 0 0 0 0 0 0 0 0 0 0 0 0 0 0 0 0 0 0 0 0 0 0 0 0 0 0 0 0 0 0 0 0 0 0 0 0 0 0 0 0 0 0 0 0 0 0 
0.310465 0.17161 0.0949723 0.0522736 0.0289461 0.0158924 0.00884356 0.00480508 0.00269822 0.00148824 0.000839815 0.000457025 0.000223715 0.00014847 8.3325e-05 4.04e-05 2.323e-05 1.5655e-05 9.595e-06 3.535e-06 1.01e-06 2.02e-06 1.01e-06 5.05e-07 5.05e-07 5.05e-07 0 5.05e-07 0 0 0 0 0 0 0 0 0 0 0 0 0 0 0 0 0 0 0 0 0 0 0 
0.0888967 0.0722352 0.0525139 0.0358707 0.0237623 0.0151672 0.00963944 0.00599637 0.00357136 0.00225584 0.00134482 0.000803455 0.000497425 0.00027674 0.000170185 9.5445e-05 6.0095e-05 3.434e-05 1.212e-05 1.5655e-05 5.555e-06 4.04e-06 2.525e-06 2.02e-06 1.01e-06 5.05e-07 5.05e-07 5.05e-07 0 5.05e-07 0 0 0 0 0 0 0 0 0 0 0 0 0 0 0 0 0 0 0 0 0 
0.0297586 0.0284113 0.0240855 0.0186239 0.0138628 0.00982377 0.00678569 0.00475862 0.00310474 0.00201697 0.00127816 0.00083931 0.000510555 0.000322695 0.000225735 0.00013433 7.4235e-05 4.848e-05 3.131e-05 1.616e-05 1.1615e-05 7.575e-06 7.07e-06 3.03e-06 5.05e-07 1.515e-06 1.01e-06 5.05e-07 0 0 0 0 0 0 0 0 0 0 0 0 0 0 0 0 0 0 0 0 0 0 0 
0.0107515 0.0110489 0.0102828 0.00887184 0.00705536 0.0054439 0.00417686 0.00295425 0.00217504 0.00145036 0.00102465 0.00067872 0.000476215 0.00030906 0.00020301 0.00012423 8.6355e-05 5.151e-05 3.434e-05 1.818e-05 1.111e-05 3.535e-06 4.545e-06 4.545e-06 3.03e-06 1.01e-06 1.01e-06 5.05e-07 0 0 0 0 0 0 0 0 0 0 0 0 0 0 0 0 0 0 0 0 0 0 0 
0.0041107 0.00443239 0.0044637 0.00398092 0.00339613 0.00277498 0.00226695 0.00171397 0.00129583 0.000975155 0.00066155 0.00046864 0.000352995 0.000225735 0.000150995 9.898e-05 6.8175e-05 5.252e-05 2.5755e-05 2.0705e-05 1.6665e-05 5.05e-06 4.04e-06 3.535e-06 2.02e-06 2.525e-06 1.515e-06 5.05e-07 0 5.05e-07 0 0 0 0 0 0 0 0 0 0 0 0 0 0 0 0 0 0 0 0 0 
0.00160944 0.00178871 0.00179275 0.0017069 0.00153369 0.00135694 0.00117716 0.000903445 0.00071104 0.000577215 0.000423695 0.00030603 0.00022119 0.000157055 0.00011514 8.484e-05 5.151e-05 3.636e-05 3.0805e-05 1.3635e-05 9.09e-06 6.565e-06 3.03e-06 4.545e-06 1.01e-06 1.515e-06 5.05e-07 0 0 5.05e-07 0 0 5.05e-07 0 0 0 0 0 0 0 0 0 0 0 0 0 0 0 0 0 0 
0.000648925 0.000736795 0.00075952 0.000785275 0.00073023 0.00065246 0.00054237 0.000459045 0.000389355 0.00029391 0.000224725 0.00017675 0.000130795 9.9485e-05 7.2215e-05 5.05e-05 4.444e-05 2.424e-05 2.1715e-05 1.0605e-05 1.01e-05 5.555e-06 4.545e-06 2.525e-06 2.02e-06 5.05e-07 1.515e-06 0 5.05e-07 0 0 0 5.05e-07 0 0 0 0 0 0 0 0 0 0 0 0 0 0 0 0 0 0 
0.000253005 0.000318655 0.0003333 0.000352995 0.00031916 0.0002929 0.00025654 0.000238865 0.000186345 0.000158065 0.000125745 0.000107565 7.9285e-05 5.757e-05 5.151e-05 3.535e-05 2.424e-05 1.6665e-05 1.0605e-05 9.09e-06 5.05e-06 2.02e-06 3.535e-06 3.03e-06 1.515e-06 1.01e-06 5.05e-07 0 0 0 0 0 0 0 0 0 0 0 0 0 0 0 0 0 0 0 0 0 0 0 0 
0.00011009 0.000134835 0.00014948 0.0001515 0.00015554 0.000134835 0.000118675 0.000107565 0.000104535 8.686e-05 6.161e-05 6.0095e-05 3.8885e-05 2.9795e-05 3.03e-05 1.7675e-05 1.9695e-05 1.0605e-05 7.575e-06 4.545e-06 4.04e-06 2.525e-06 1.515e-06 5.05e-07 0 0 1.01e-06 0 5.05e-07 5.05e-07 0 0 5.05e-07 5.05e-07 0 0 0 0 0 0 0 0 0 0 0 0 0 0 0 0 0 
5.4035e-05 6.565e-05 6.7165e-05 6.767e-05 6.666e-05 5.4035e-05 6.0095e-05 6.2115e-05 4.1915e-05 3.8885e-05 3.636e-05 2.222e-05 2.2725e-05 2.121e-05 1.3635e-05 1.3635e-05 9.09e-06 5.05e-06 2.525e-06 5.05e-07 3.03e-06 1.515e-06 1.515e-06 5.05e-07 2.525e-06 1.01e-06 0 0 5.05e-07 0 0 0 5.05e-07 0 0 0 0 0 0 0 0 0 0 0 0 0 0 0 0 0 0 
2.3735e-05 2.323e-05 3.1815e-05 2.9795e-05 2.4745e-05 2.8785e-05 2.626e-05 2.828e-05 2.1715e-05 2.2725e-05 2.323e-05 1.8685e-05 1.818e-05 1.01e-05 9.595e-06 8.08e-06 4.04e-06 4.04e-06 5.05e-07 1.515e-06 5.05e-07 1.01e-06 2.02e-06 2.02e-06 1.01e-06 5.05e-07 1.01e-06 0 0 0 0 0 0 0 0 0 5.05e-07 0 0 0 0 0 0 0 0 0 0 0 0 0 0 
1.414e-05 1.2625e-05 1.3635e-05 1.4645e-05 1.313e-05 1.313e-05 1.313e-05 1.5655e-05 1.111e-05 1.3635e-05 1.1615e-05 4.545e-06 7.575e-06 3.535e-06 4.04e-06 3.535e-06 4.04e-06 2.525e-06 5.05e-07 1.515e-06 5.05e-07 5.05e-07 5.05e-07 1.515e-06 0 0 5.05e-07 0 0 0 0 0 0 0 5.05e-07 0 0 0 0 0 0 0 0 0 0 0 0 0 0 0 0 
2.525e-06 4.545e-06 5.05e-06 6.06e-06 4.04e-06 9.09e-06 7.07e-06 9.09e-06 2.525e-06 4.545e-06 2.525e-06 3.03e-06 3.03e-06 3.535e-06 3.535e-06 2.02e-06 2.525e-06 1.01e-06 5.05e-07 0 5.05e-07 0 5.05e-07 0 0 0 0 0 0 0 0 0 0 0 0 0 0 0 0 0 0 0 0 0 0 0 0 0 0 0 0 
1.515e-06 1.515e-06 5.05e-07 2.525e-06 3.03e-06 4.545e-06 3.03e-06 3.03e-06 5.05e-06 1.01e-06 4.545e-06 5.05e-07 2.02e-06 5.05e-07 1.515e-06 0 0 5.05e-07 5.05e-07 0 5.05e-07 0 5.05e-07 5.05e-07 0 0 0 5.05e-07 0 0 0 0 0 0 0 0 0 0 0 0 0 0 0 0 0 0 0 0 0 0 0 
1.01e-06 0 0 3.03e-06 0 2.02e-06 1.01e-06 3.03e-06 2.525e-06 0 1.01e-06 5.05e-07 1.515e-06 5.05e-07 1.515e-06 0 0 1.515e-06 0 0 0 0 5.05e-07 0 5.05e-07 0 0 0 0 0 0 0 0 0 0 0 0 0 0 0 0 0 0 0 0 0 0 0 0 0 0 
0 5.05e-07 0 1.01e-06 0 5.05e-07 1.01e-06 5.05e-07 5.05e-07 1.515e-06 5.05e-07 0 1.01e-06 5.05e-07 1.01e-06 0 0 0 0 0 0 0 0 0 0 0 0 0 0 0 0 0 0 0 0 0 0 0 0 0 0 0 0 0 0 0 0 0 0 0 0 
0 0 0 5.05e-07 0 0 0 0 5.05e-07 5.05e-07 0 5.05e-07 0 0 0 0 0 0 0 0 5.05e-07 0 0 0 0 0 5.05e-07 0 0 0 0 0 0 0 0 0 0 0 0 0 0 0 0 0 0 0 0 0 0 0 0 
0 0 1.01e-06 0 5.05e-07 5.05e-07 0 0 0 0 0 0 0 0 0 0 0 0 0 0 0 0 0 5.05e-07 0 0 0 0 0 0 0 0 0 0 0 0 0 0 0 0 0 0 0 0 0 0 0 0 0 0 0 
0 0 0 0 0 0 0 0 0 0 0 0 0 0 0 0 0 0 0 0 0 0 0 0 0 0 0 0 0 0 0 0 0 0 0 0 0 0 0 0 0 0 0 0 0 0 0 0 0 0 0 
Per-collision Densities L:
2.26323 1.24827 0.689029 0.38105 0.210174 0.115644 0.0638143 0.0352768 0.0194693 0.0107853 0.00596961 0.00325624 0.0017973 0.0009595 0.00056358 0.0003131 0.000176245 8.9385e-05 5.353e-05 3.838e-05 1.7675e-05 8.585e-06 3.535e-06 3.03e-06 2.02e-06 5.05e-07 1.515e-06 5.05e-07 5.05e-07 0 0 0 0 0 0 0 0 0 0 0 0 0 0 0 0 0 0 0 0 0 0 
0.136368 0.242371 0.225688 0.175865 0.125269 0.0842259 0.0551228 0.035203 0.0219862 0.0136663 0.0083017 0.00507172 0.00308858 0.001767 0.00108777 0.000595395 0.00037673 0.00021513 0.000145945 6.7165e-05 4.7975e-05 2.828e-05 1.212e-05 1.0605e-05 8.08e-06 2.525e-06 5.05e-07 1.01e-06 0 5.05e-07 0 5.05e-07 0 0 0 0 0 0 0 0 0 0 0 0 0 0 0 0 0 0 0 
0.0286103 0.0652319 0.0754258 0.0699667 0.0585356 0.0451238 0.0327402 0.0233956 0.0161191 0.0109343 0.00715888 0.00473589 0.00300324 0.00188668 0.0012216 0.000764065 0.000489345 0.000291385 0.00017978 0.00011413 6.969e-05 3.838e-05 2.727e-05 1.4645e-05 1.414e-05 8.08e-06 1.01e-06 3.03e-06 0 0 0 5.05e-07 0 0 0 0 0 0 0 0 0 0 0 0 0 0 0 0 0 0 0 
0.00740684 0.0192582 0.0254156 0.0266221 0.0247203 0.0211171 0.0169705 0.0130835 0.00972075 0.00701395 0.00499546 0.0034643 0.00241289 0.00159075 0.00106404 0.000713565 0.000440865 0.0002929 0.000176245 0.00012726 7.878e-05 4.1915e-05 2.4745e-05 1.818e-05 1.0605e-05 6.565e-06 4.545e-06 3.535e-06 3.03e-06 0 0 5.05e-07 0 0 0 0 0 0 0 0 0 0 0 0 0 0 0 0 0 0 0 
0.00230028 0.00629584 0.00898294 0.0102454 0.0102919 0.00928544 0.00811434 0.00672054 0.00525049 0.00399607 0.00305475 0.00219776 0.00157106 0.00109181 0.000764065 0.000537825 0.00035451 0.000246945 0.00016968 0.00010201 7.777e-05 4.5955e-05 2.5755e-05 2.323e-05 1.1615e-05 8.08e-06 6.06e-06 3.03e-06 2.02e-06 2.02e-06 1.01e-06 5.05e-07 0 0 0 0 0 0 0 0 0 0 0 0 0 0 0 0 0 0 0 
0.00082719 0.00225331 0.00332745 0.00395971 0.00418797 0.00402738 0.00369357 0.00317443 0.00266691 0.00214373 0.00166802 0.00131452 0.000970105 0.00067165 0.000510555 0.000401475 0.00025654 0.000157055 0.00012625 8.282e-05 6.5145e-05 4.04e-05 2.828e-05 1.3635e-05 1.2625e-05 7.07e-06 7.07e-06 3.535e-06 2.525e-06 1.01e-06 1.515e-06 1.01e-06 5.05e-07 0 0 0 0 0 0 0 0 0 0 0 0 0 0 0 0 0 0 
0.00031108 0.000861025 0.00135492 0.00157308 0.0017973 0.00172205 0.00171044 0.00147359 0.00132967 0.00108525 0.0008787 0.00067872 0.00056863 0.000418645 0.000307545 0.00023432 0.000181295 0.00011817 8.585e-05 5.8075e-05 3.6865e-05 2.525e-05 2.121e-05 1.414e-05 8.585e-06 6.06e-06 5.05e-06 3.535e-06 2.02e-06 5.05e-07 1.515e-06 1.01e-06 1.01e-06 0 0 0 0 0 0 0 0 0 0 0 0 0 0 0 0 0 0 
0.000118675 0.00035451 0.000538835 0.000646905 0.00073831 0.000773155 0.000721645 0.00071205 0.000641855 0.000540855 0.000444905 0.000384305 0.000298455 0.00023735 0.00019594 0.00012928 0.000107565 8.08e-05 6.3125e-05 3.535e-05 2.929e-05 1.4645e-05 8.585e-06 9.09e-06 6.06e-06 4.545e-06 4.545e-06 2.525e-06 1.01e-06 5.05e-07 5.05e-07 0 1.515e-06 0 5.05e-07 0 0 0 0 0 0 0 0 0 0 0 0 0 0 0 0 
4.3935e-05 0.00015049 0.000213615 0.00028381 0.00029088 0.0003535 0.0003232 0.000317645 0.000295425 0.000264115 0.000233815 0.00018786 0.00015756 0.000113625 9.6455e-05 8.484e-05 5.9085e-05 4.3935e-05 3.0805e-05 2.727e-05 2.02e-05 1.818e-05 7.575e-06 2.02e-06 3.03e-06 4.545e-06 5.05e-07 1.01e-06 1.515e-06 2.02e-06 0 0 5.05e-07 5.05e-07 0 5.05e-07 0 0 0 0 0 0 0 0 0 0 0 0 0 0 0 
2.1715e-05 5.05e-05 8.787e-05 0.000124735 0.00014443 0.000148975 0.000144935 0.000137865 0.000137865 0.000122715 0.000114635 9.595e-05 8.8375e-05 6.161e-05 4.4945e-05 4.949e-05 3.3835e-05 2.323e-05 2.0705e-05 1.0605e-05 1.2625e-05 1.111e-05 7.07e-06 4.04e-06 3.535e-06 2.02e-06 1.515e-06 5.05e-07 5.05e-07 1.01e-06 0 0 0 5.05e-07 0 0 0 0 0 0 0 0 0 0 0 0 0 0 0 0 0 
1.1615e-05 2.323e-05 3.8885e-05 4.848e-05 5.8075e-05 6.161e-05 7.171e-05 6.363e-05 5.454e-05 5.6055e-05 6.0095e-05 5.1005e-05 4.646e-05 4.141e-05 2.2725e-05 2.2725e-05 1.414e-05 1.7675e-05 5.555e-06 1.0605e-05 8.08e-06 4.545e-06 6.06e-06 4.545e-06 2.02e-06 5.05e-07 5.05e-07 5.05e-07 0 0 5.05e-07 0 0 1.01e-06 0 0 5.05e-07 0 0 0 0 0 0 0 0 0 0 0 0 0 0 
4.04e-06 9.595e-06 2.02e-05 2.121e-05 2.6765e-05 3.3835e-05 2.8785e-05 2.626e-05 3.131e-05 2.525e-05 2.5755e-05 1.9695e-05 1.717e-05 1.5655e-05 1.616e-05 1.3635e-05 1.111e-05 7.575e-06 3.535e-06 6.06e-06 4.04e-06 3.535e-06 5.05e-07 1.515e-06 1.515e-06 0 2.02e-06 0 5.05e-07 0 0 0 0 0 0 0 0 0 0 0 0 0 0 0 0 0 0 0 0 0 0 
2.02e-06 3.03e-06 7.07e-06 8.585e-06 1.01e-05 1.0605e-05 1.6665e-05 1.414e-05 2.0705e-05 1.212e-05 1.1615e-05 7.07e-06 1.1615e-05 6.06e-06 8.08e-06 6.565e-06 4.04e-06 5.05e-06 4.545e-06 1.515e-06 1.01e-06 5.05e-07 1.01e-06 1.01e-06 1.515e-06 0 0 5.05e-07 0 0 0 0 0 0 0 0 0 0 0 0 0 0 0 0 0 0 0 0 0 0 0 
1.01e-06 3.03e-06 2.525e-06 3.535e-06 3.03e-06 4.545e-06 8.585e-06 8.08e-06 8.585e-06 4.545e-06 5.05e-06 6.565e-06 4.545e-06 2.525e-06 4.04e-06 1.515e-06 2.525e-06 4.04e-06 5.05e-07 1.515e-06 1.515e-06 5.05e-07 0 2.525e-06 5.05e-07 0 0 0 0 5.05e-07 5.05e-07 0 0 0 0 0 0 0 0 0 0 0 0 0 0 0 0 0 0 0 0 
0 0 1.01e-06 3.535e-06 2.525e-06 3.03e-06 1.01e-06 1.01e-06 3.535e-06 2.525e-06 2.525e-06 2.525e-06 1.01e-06 3.03e-06 2.02e-06 3.03e-06 1.515e-06 1.01e-06 5.05e-07 0 5.05e-07 0 5.05e-07 0 1.01e-06 5.05e-07 0 0 0 0 0 0 0 0 0 0 0 0 0 0 0 0 0 0 0 0 0 0 0 0 0 
0 0 0 1.01e-06 0 1.01e-06 1.01e-06 1.515e-06 1.01e-06 2.02e-06 2.525e-06 1.515e-06 5.05e-07 5.05e-07 5.05e-07 2.02e-06 1.01e-06 0 0 0 0 0 0 5.05e-07 0 0 5.05e-07 5.05e-07 0 0 0 0 0 0 0 0 0 0 0 0 0 0 0 0 0 0 0 0 0 0 0 
0 0 0 5.05e-07 0 0 0 1.01e-06 1.515e-06 0 1.01e-06 1.01e-06 0 1.01e-06 1.01e-06 0 0 0 0 0 0 5.05e-07 0 0 0 0 0 5.05e-07 0 0 0 0 0 0 0 0 0 0 0 0 0 0 0 0 0 0 0 0 0 0 0 
0 0 0 5.05e-07 5.05e-07 0 1.01e-06 5.05e-07 5.05e-07 5.05e-07 0 5.05e-07 0 0 2.02e-06 0 0 0 0 0 0 0 0 0 0 0 0 0 0 0 0 0 0 0 0 0 0 0 0 0 0 0 0 0 0 0 0 0 0 0 0 
0 0 0 0 0 0 0 0 1.01e-06 0 0 0 5.05e-07 0 5.05e-07 5.05e-07 0 1.01e-06 0 0 0 0 0 0 0 0 0 0 0 0 0 0 0 0 0 0 0 0 0 0 0 0 0 0 0 0 0 0 0 0 0 
0 0 0 0 0 0 0 0 0 0 0 0 0 0 0 0 0 0 0 0 0 0 0 0 0 0 0 0 0 0 0 0 0 0 0 0 0 0 0 0 0 0 0 0 0 0 0 0 0 0 0 
