Half rod, albedo problem, Anisotropic scattering, exponential random flight, mu_t: 3 g: -0.9
Analogmu_t c: 0.999 maxx: 10 dx: 0.19802 numsamples: 1000000 numCollisionOrders: 20 numMoments: 10
total albedo: 0.955061
per-collision order albedos: 
0 0.474883 0.023679 0.108297 0.016038 0.049541 0.012008 0.029009 0.009457 0.018919 0.007956 0.013503 0.006625 0.010173 0.005769 0.007937 0.004883 0.006424 0.004437 0.005178 
Collision density L:
2.82568 2.74765 2.67952 2.62108 2.54952 2.4871 2.4169 2.35584 2.2917 2.24479 2.18887 2.13742 2.07849 2.02354 1.98542 1.92671 1.87018 1.82809 1.7785 1.73225 1.67753 1.64054 1.59978 1.55033 1.51708 1.4826 1.43847 1.39505 1.36171 1.32835 1.29416 1.26031 1.23456 1.20197 1.16994 1.13743 1.11093 1.08362 1.05394 1.02614 0.994557 0.969827 0.945724 0.920312 0.897713 0.878109 0.854374 0.832679 0.807571 0.788381 30.3153 
Collision density R:
2.95892 2.88936 2.79906 2.73412 2.67254 2.6024 2.54078 2.46758 2.40165 2.34208 2.28594 2.23454 2.17649 2.11904 2.0737 2.01776 1.96166 1.92005 1.8632 1.8135 1.76783 1.72104 1.67193 1.62918 1.58523 1.54603 1.50954 1.46998 1.4252 1.39177 1.35421 1.31982 1.28662 1.26018 1.22531 1.19687 1.16345 1.13246 1.10394 1.07443 1.04839 1.01593 0.988987 0.964409 0.939527 0.918428 0.896956 0.869903 0.849274 0.827877 31.7312 
Density Moments:
44.8116 341.874 5174.52 115618 3.36824e+06 1.19343e+08 4.9196e+09 2.2896e+11 1.17791e+13 6.59403e+14 
Per-collision Density Moments:
1 0.333402 0.222436 0.222695 0.296877 0.493125 0.978319 2.25101 5.87487 17.0751 
0.524113 0.19135 0.138782 0.149824 0.213606 0.376098 0.782481 1.86308 4.95306 14.4166 
0.499922 0.326409 0.325436 0.43472 0.726506 1.45453 3.3844 8.9454 26.3655 85.2738 
0.39112 0.240479 0.244539 0.339202 0.591427 1.23676 3.00669 8.30499 25.5837 86.4889 
0.374675 0.322767 0.400511 0.640443 1.24746 2.85785 7.51945 22.3357 73.9004 269.187 
0.324756 0.264797 0.331408 0.543981 1.09553 2.60786 7.17575 22.5331 80.2165 322.362 
0.31243 0.32034 0.461979 0.842044 1.84224 4.68986 13.6067 44.3186 160.119 634.876 
0.283118 0.27982 0.407621 0.761702 1.72026 4.54004 13.7116 46.7565 178.373 755.432 
0.273384 0.319384 0.517608 1.04847 2.52486 7.01244 22.0049 76.8383 294.872 1229.78 
0.254201 0.289616 0.474118 0.979591 2.41578 6.88651 22.2156 79.8408 315.561 1355.72 
0.245973 0.318416 0.566759 1.25024 3.2548 9.71021 32.5411 120.683 489.326 2146.54 
0.232215 0.296386 0.5343 1.20305 3.20729 9.81434 33.7542 128.416 533.295 2389.28 
0.225336 0.317846 0.61284 1.45572 4.05821 12.8976 45.8046 178.994 759.725 3462.64 
0.214926 0.301473 0.589075 1.42656 4.06707 13.2513 48.3727 194.892 855.846 4051.21 
0.208933 0.317105 0.654451 1.65712 4.90766 16.5212 61.9921 255.403 1140.95 5466.31 
0.200791 0.3046 0.637343 1.64231 4.95766 17.0281 65.2357 274.521 1252.64 6127.47 
0.19569 0.316828 0.694502 1.86223 5.82889 20.7091 81.894 354.954 1664.29 8344.56 
0.189071 0.307241 0.683091 1.86276 5.93517 21.4678 86.3892 380.679 1812.48 9215.99 
0.184455 0.316807 0.733465 2.07031 6.80156 25.2924 104.405 471.186 2295.39 11936.3 
0 0 0 0 0 0 0 0 0 0 
Per-collision Densities L:
0 0 0 0 0 0 0 0 0 0 0 0 0 0 0 0 0 0 0 0 0 0 0 0 0 0 0 0 0 0 0 0 0 0 0 0 0 0 0 0 0 0 0 0 0 0 0 0 0 0 0 
1.07512 0.590936 0.325028 0.18075 0.0991416 0.0557268 0.029997 0.0170135 0.00951925 0.0052924 0.00295425 0.0016564 0.0008181 0.00046965 0.0002525 0.00018685 7.07e-05 1.515e-05 3.535e-05 1.515e-05 0 5.05e-06 0 5.05e-06 0 0 0 0 0 0 0 0 0 0 0 0 0 0 0 0 0 0 0 0 0 0 0 0 0 0 0 
0.0674226 0.0545754 0.0404909 0.0275882 0.018584 0.0115746 0.0073225 0.00441875 0.0026866 0.0015554 0.0009797 0.0005454 0.0004444 0.00015655 0.0001111 9.09e-05 4.545e-05 2.525e-05 1.515e-05 1.01e-05 5.05e-06 0 0 0 0 0 0 0 0 0 0 0 0 0 0 0 0 0 0 0 0 0 0 0 0 0 0 0 0 0 0 
0.377316 0.36415 0.288274 0.209641 0.143026 0.0940361 0.0594284 0.0376377 0.0242148 0.0148521 0.0089385 0.00546915 0.00321685 0.00196445 0.00106555 0.00070195 0.0003232 0.0001818 0.0001313 7.07e-05 8.08e-05 2.525e-05 2.02e-05 5.05e-06 1.01e-05 0 0 0 0 0 0 0 0 0 0 0 0 0 0 0 0 0 0 0 0 0 0 0 0 0 0 
0.0540047 0.0590396 0.0537876 0.0437027 0.0344057 0.024846 0.0178417 0.0122362 0.0081103 0.00541865 0.00346935 0.00225735 0.00143925 0.00088375 0.00058075 0.0003535 0.0002424 0.00011615 8.08e-05 3.535e-05 1.515e-05 2.02e-05 1.515e-05 0 0 0 0 5.05e-06 0 0 0 0 0 0 0 0 0 0 0 0 0 0 0 0 0 0 0 0 0 0 0 
0.18328 0.21509 0.206621 0.176896 0.138693 0.103747 0.0748713 0.052414 0.0351733 0.0240532 0.0162812 0.0102717 0.0065549 0.00410565 0.00259065 0.001717 0.00101 0.0006969 0.00042925 0.00017675 0.000101 4.545e-05 5.05e-05 4.545e-05 1.01e-05 1.515e-05 0 0 5.05e-06 5.05e-06 0 0 0 0 0 0 0 0 0 0 0 0 0 0 0 0 0 0 0 0 0 
0.04393 0.0521665 0.0541512 0.0499092 0.0416171 0.0338098 0.0263509 0.0194728 0.0143117 0.0104788 0.0069387 0.00498435 0.00325725 0.00201495 0.0015352 0.00088375 0.0005959 0.000404 0.00020705 0.0001616 0.00011615 5.05e-05 3.03e-05 3.03e-05 2.02e-05 0 0 5.05e-06 0 1.01e-05 0 0 0 5.05e-06 0 0 0 0 0 0 0 0 0 0 0 0 0 0 0 0 0 
0.10704 0.136946 0.146001 0.137855 0.118619 0.0980155 0.0765227 0.0585043 0.0429755 0.0312494 0.0221493 0.0155086 0.0100495 0.0070599 0.00444905 0.0029189 0.00203515 0.0013534 0.000909 0.00049995 0.000303 0.0002121 0.00013635 6.06e-05 6.06e-05 3.03e-05 2.02e-05 5.05e-06 0 1.01e-05 0 5.05e-06 5.05e-06 0 0 0 0 0 0 0 0 0 0 0 0 0 0 0 0 0 0 
0.0353147 0.0446622 0.0487325 0.0489446 0.0444602 0.0384457 0.0324917 0.0254975 0.0204374 0.0146652 0.0108323 0.00787295 0.0058176 0.0039087 0.0026058 0.00200485 0.00135845 0.0009191 0.00053025 0.0004141 0.0002525 0.00012625 8.08e-05 7.07e-05 3.03e-05 3.03e-05 0 3.03e-05 5.05e-06 0 0 1.01e-05 5.05e-06 0 0 0 0 0 0 0 0 0 0 0 0 0 0 0 0 0 0 
0.0719524 0.0947027 0.104182 0.106323 0.0984952 0.0867439 0.0719423 0.0577821 0.0463641 0.0347895 0.0264267 0.0194678 0.0138219 0.0100697 0.00655995 0.00491365 0.00291385 0.00195435 0.0014443 0.00098475 0.00065145 0.00042925 0.00021715 0.0001616 0.000101 6.565e-05 4.04e-05 1.515e-05 2.525e-05 1.515e-05 5.05e-06 5.05e-06 5.05e-06 0 0 0 0 0 0 0 0 0 0 0 0 0 0 0 0 0 0 
0.029083 0.0387184 0.0443693 0.0450056 0.0433492 0.0396021 0.0349208 0.0291789 0.0239067 0.0191143 0.0142057 0.0110999 0.0082113 0.0060802 0.00435815 0.00309565 0.0022018 0.00153015 0.00107565 0.00066155 0.00038885 0.0002727 0.00021715 0.00012625 8.08e-05 6.565e-05 6.06e-05 4.04e-05 3.03e-05 1.01e-05 1.01e-05 1.01e-05 0 5.05e-06 0 0 0 0 0 0 0 0 0 0 0 0 0 0 0 0 0 
0.0519393 0.0683215 0.0789366 0.0834058 0.0801082 0.0746895 0.0646552 0.0551713 0.0459449 0.0372892 0.0294062 0.0224372 0.0163115 0.0119584 0.00903445 0.00626705 0.00453995 0.00305525 0.00205535 0.0015453 0.0009393 0.00074235 0.0005555 0.0003232 0.00018685 0.00014645 6.565e-05 5.555e-05 4.04e-05 2.02e-05 1.01e-05 0 5.05e-06 0 5.05e-06 1.01e-05 0 0 0 0 0 0 0 0 0 0 0 0 0 0 0 
0.0251591 0.0337037 0.038077 0.0418443 0.0417837 0.0394809 0.0353854 0.0297243 0.0263004 0.0216645 0.0172761 0.013731 0.0107464 0.0083325 0.00633775 0.00446925 0.0033532 0.0023937 0.00163115 0.00117665 0.0006464 0.00044945 0.0004747 0.0002424 0.00013635 9.595e-05 8.585e-05 0.00010605 5.555e-05 3.03e-05 0 0 2.525e-05 0 0 0 0 0 0 0 0 0 0 0 0 0 0 0 0 0 0 
0.0379962 0.0527574 0.0612414 0.066352 0.0668772 0.0636502 0.0576054 0.0518433 0.043223 0.0365519 0.0309919 0.0237249 0.0189123 0.0142865 0.0105394 0.00800425 0.0060701 0.00404505 0.0030805 0.00206545 0.00137865 0.00113625 0.0006868 0.0004545 0.00032825 0.00023735 0.00016665 9.595e-05 6.565e-05 4.04e-05 3.03e-05 1.515e-05 5.05e-06 1.01e-05 5.05e-06 5.05e-06 0 0 0 0 0 0 0 0 0 0 0 0 0 0 0 
0.0213868 0.0288658 0.0346178 0.0376629 0.0380265 0.0377791 0.0345117 0.0312292 0.0281588 0.0231593 0.0195183 0.0157762 0.012822 0.0103879 0.0078477 0.0060802 0.0044339 0.0031613 0.00229775 0.0016463 0.0011615 0.0007272 0.00064135 0.00040905 0.00026765 0.0002424 0.00016665 0.0001616 8.585e-05 2.525e-05 4.04e-05 1.515e-05 1.01e-05 1.01e-05 0 5.05e-06 1.01e-05 0 0 0 0 0 0 0 0 0 0 0 0 0 0 
0.0304515 0.0410464 0.0498435 0.0540855 0.0557369 0.0550147 0.0513636 0.0462378 0.0416221 0.0358601 0.0299415 0.0244269 0.0195183 0.0158318 0.0124937 0.00936775 0.00712555 0.00522675 0.00404 0.002828 0.00214625 0.0014645 0.00096455 0.00070195 0.00052015 0.00027775 0.00020705 0.0001414 0.0001414 9.595e-05 7.575e-05 3.03e-05 1.515e-05 2.02e-05 5.05e-06 1.01e-05 0 0 0 0 0 0 0 0 0 0 0 0 0 0 0 
0.0189274 0.0253359 0.030396 0.0332492 0.0354662 0.0358853 0.0333401 0.0313151 0.0278508 0.0244168 0.020498 0.0177962 0.014741 0.0116453 0.00939805 0.00715585 0.00569135 0.00416625 0.00299465 0.0022624 0.0016968 0.0012625 0.0007777 0.00062115 0.0003535 0.0003434 0.0002828 0.0002323 0.0001717 4.545e-05 4.04e-05 4.04e-05 2.02e-05 2.02e-05 0 3.03e-05 5.05e-06 0 0 0 0 0 0 0 0 0 0 0 0 0 0 
0.0245127 0.0334411 0.0402031 0.0451218 0.0471822 0.0476619 0.0456773 0.0427129 0.0390719 0.0333351 0.0297748 0.0251288 0.0201798 0.0167357 0.0132916 0.0104737 0.00808505 0.00657005 0.00481265 0.00354005 0.0025048 0.00175235 0.0012827 0.0010706 0.0006767 0.00047975 0.0003939 0.00029795 0.0001414 0.00018685 0.000101 5.555e-05 4.04e-05 3.535e-05 1.515e-05 1.01e-05 1.01e-05 0 0 0 0 0 0 0 0 0 0 0 0 0 0 
0.0163014 0.0224877 0.0265883 0.0305626 0.0323251 0.0325523 0.032214 0.0306889 0.0279568 0.0246339 0.0219574 0.0187759 0.0157863 0.0131856 0.0102768 0.0083527 0.0066761 0.0050601 0.00394405 0.0030502 0.002222 0.00165135 0.0011918 0.0009393 0.00065145 0.00045955 0.00035855 0.00028785 0.0002121 0.00012625 0.000101 6.565e-05 4.04e-05 2.525e-05 1.515e-05 1.515e-05 2.02e-05 1.01e-05 0 0 0 0 0 0 0 0 0 0 0 0 0 
0 0 0 0 0 0 0 0 0 0 0 0 0 0 0 0 0 0 0 0 0 0 0 0 0 0 0 0 0 0 0 0 0 0 0 0 0 0 0 0 0 0 0 0 0 0 0 0 0 0 0 
Per-collision Densities L:
2.26071 1.2526 0.688032 0.379649 0.209439 0.116357 0.0634179 0.0358146 0.0196597 0.0109131 0.0061105 0.0031714 0.0019493 0.00101505 0.0005353 0.0002525 0.0001717 8.585e-05 5.05e-05 2.525e-05 2.02e-05 5.05e-06 0 5.05e-06 5.05e-06 0 0 0 0 0 0 0 0 0 0 0 0 0 0 0 0 0 0 0 0 0 0 0 0 0 0 
0.0299364 0.053626 0.0497122 0.0398193 0.0276993 0.0186396 0.0121806 0.00803455 0.0046662 0.00291385 0.0018382 0.00107565 0.000707 0.0003939 0.00019695 0.0001313 9.595e-05 4.545e-05 2.02e-05 1.515e-05 1.01e-05 5.05e-06 0 0 0 0 0 0 0 0 0 0 0 0 0 0 0 0 0 0 0 0 0 0 0 0 0 0 0 0 0 
0.273867 0.489411 0.44991 0.35147 0.251268 0.170331 0.112464 0.0708919 0.0445966 0.0284012 0.0171599 0.0105697 0.00643875 0.0037875 0.0023028 0.00135845 0.00071205 0.00045955 0.0001919 0.0001414 0.0001111 5.555e-05 2.02e-05 5.05e-06 2.525e-05 1.01e-05 0 0 0 0 0 0 0 0 0 0 0 0 0 0 0 0 0 0 0 0 0 0 0 0 0 
0.0187709 0.045551 0.0557318 0.0534442 0.0459954 0.0356227 0.02727 0.0190941 0.013332 0.00908495 0.0058176 0.00381275 0.0025553 0.0016463 0.00100495 0.0006666 0.0003737 0.00024745 0.0001313 0.0001111 4.04e-05 1.515e-05 3.03e-05 5.05e-06 1.01e-05 0 5.05e-06 5.05e-06 0 0 0 0 0 0 0 0 0 0 0 0 0 0 0 0 0 0 0 0 0 0 0 
0.0854561 0.209222 0.254964 0.247985 0.208762 0.165337 0.12478 0.0878852 0.0615696 0.0422483 0.0288709 0.0190537 0.012216 0.0078477 0.00493385 0.00296435 0.0019594 0.0012827 0.00078275 0.00046965 0.00021715 0.0001313 0.0001111 4.04e-05 4.04e-05 3.535e-05 1.515e-05 1.01e-05 0 0 5.05e-06 5.05e-06 0 0 0 0 0 0 0 0 0 0 0 0 0 0 0 0 0 0 0 
0.0126048 0.0356783 0.049485 0.0529947 0.0506263 0.0449046 0.0370216 0.0288557 0.021715 0.015751 0.011413 0.0078376 0.00535805 0.0037471 0.00239875 0.00170185 0.00108575 0.00067165 0.0004747 0.00022725 0.00016665 0.00013635 0.000101 3.535e-05 3.535e-05 1.515e-05 5.05e-06 0 5.05e-06 5.05e-06 0 5.05e-06 0 0 0 0 5.05e-06 0 0 0 0 0 0 0 0 0 0 0 0 0 0 
0.0411373 0.110585 0.151242 0.166514 0.159585 0.139027 0.115231 0.0903243 0.0698668 0.0502526 0.0365418 0.0265075 0.0179427 0.0121503 0.00814565 0.0053025 0.0034441 0.0024745 0.001515 0.0009595 0.00054035 0.00035855 0.0002525 0.00018685 8.585e-05 4.04e-05 5.555e-05 2.525e-05 5.05e-06 1.515e-05 0 0 1.01e-05 0 0 0 0 0 0 0 0 0 0 0 0 0 0 0 0 0 0 
0.0100798 0.0279922 0.0411626 0.0486063 0.0490254 0.0470862 0.0421221 0.0343956 0.0275882 0.0219524 0.0162408 0.0125493 0.0089991 0.0063933 0.004444 0.00303 0.0020503 0.00158065 0.0011211 0.00057065 0.00053025 0.00020705 0.00020705 0.000101 7.07e-05 3.535e-05 3.535e-05 1.515e-05 1.01e-05 1.515e-05 0 5.05e-06 0 1.01e-05 0 0 5.05e-06 0 0 0 0 0 0 0 0 0 0 0 0 0 0 
0.0235785 0.0672004 0.0985306 0.115771 0.120634 0.112696 0.0995002 0.0834311 0.0677306 0.05403 0.0411979 0.0302091 0.0231896 0.0161348 0.0116403 0.00797395 0.0055752 0.00374205 0.00238865 0.0017776 0.0010403 0.0007272 0.00048985 0.000303 0.00018685 0.00013635 5.05e-05 6.06e-05 5.05e-05 3.03e-05 0 1.01e-05 1.01e-05 5.05e-06 0 0 0 0 0 0 0 0 0 0 0 0 0 0 0 0 0 
0.0082618 0.0230583 0.0344006 0.0422382 0.0462631 0.0455813 0.042016 0.0380669 0.0319968 0.026558 0.0206596 0.0162206 0.0124634 0.0093324 0.00682255 0.00478235 0.00360065 0.002525 0.001717 0.0011413 0.00089385 0.00051005 0.00029795 0.00021715 0.00017675 0.0001212 7.07e-05 6.565e-05 5.05e-06 3.535e-05 1.515e-05 1.515e-05 5.05e-06 0 1.01e-05 0 0 0 0 0 0 0 0 0 0 0 0 0 0 0 0 
0.0157964 0.045142 0.0684073 0.0838906 0.091602 0.0903849 0.0843653 0.0748663 0.0634583 0.0520655 0.0430412 0.034239 0.0257803 0.018781 0.0145844 0.0104434 0.00765075 0.0051106 0.0035047 0.002727 0.00169175 0.0012221 0.00078275 0.00056055 0.0003131 0.0002424 0.0001717 9.09e-05 5.05e-05 4.545e-05 3.03e-05 1.01e-05 5.05e-06 5.05e-06 0 1.01e-05 5.05e-06 0 0 0 0 0 0 0 0 0 0 0 0 0 0 
0.00668115 0.0192355 0.0295526 0.0369913 0.0413949 0.0424958 0.0418191 0.03787 0.0336785 0.0286588 0.0237704 0.018983 0.0155288 0.0122564 0.00889305 0.00713565 0.0051106 0.003636 0.00282295 0.00185335 0.00132815 0.00090395 0.0005353 0.0004444 0.0002626 0.00020705 0.00011615 0.0001111 9.595e-05 5.05e-05 4.545e-05 5.05e-06 2.525e-05 1.01e-05 0 0 0 0 0 0 0 0 0 0 0 0 0 0 0 0 0 
0.0113777 0.03282 0.050293 0.0632917 0.0702859 0.0730079 0.0711798 0.065044 0.0581912 0.0494799 0.0427786 0.0340219 0.0285426 0.0217049 0.015958 0.0123675 0.00940815 0.00701445 0.004848 0.0034744 0.0023735 0.00179275 0.0012019 0.000808 0.00054035 0.00037875 0.0003232 0.00019695 0.0001212 7.575e-05 4.04e-05 3.03e-05 2.02e-05 2.02e-05 0 5.05e-06 1.01e-05 0 0 0 0 0 0 0 0 0 0 0 0 0 0 
0.0056156 0.0163216 0.0251389 0.0327493 0.0377589 0.0391072 0.0391375 0.0370822 0.0338047 0.0301031 0.0254672 0.0212858 0.0175841 0.0142309 0.01161 0.0091203 0.0070195 0.0048783 0.0037168 0.002727 0.0018786 0.0012524 0.0009494 0.0006363 0.00054035 0.000303 0.0002929 0.00019695 0.0001414 8.585e-05 6.06e-05 2.525e-05 2.525e-05 1.515e-05 2.02e-05 0 5.05e-06 5.05e-06 5.05e-06 0 0 0 0 0 0 0 0 0 0 0 0 
0.00874155 0.0247198 0.0389355 0.0485558 0.0571206 0.0601657 0.0597718 0.0571256 0.0519595 0.046253 0.0403142 0.0342037 0.0279871 0.0227503 0.0180134 0.0139431 0.0111908 0.00811535 0.0061307 0.00460055 0.0032219 0.00241895 0.0016059 0.00122715 0.0008686 0.00064135 0.00034845 0.00022725 0.0001717 0.00016665 0.0001111 6.06e-05 4.04e-05 1.515e-05 1.515e-05 5.05e-06 1.515e-05 5.05e-06 0 0 0 0 0 0 0 0 0 0 0 0 0 
0.0049187 0.0137411 0.0221544 0.028275 0.0332038 0.0356783 0.0366479 0.0355015 0.0338906 0.0298354 0.0271185 0.0231341 0.0192001 0.0156045 0.0135744 0.0104636 0.0083123 0.0064539 0.00464095 0.0033633 0.00264115 0.00190385 0.00132815 0.0010403 0.0006666 0.0004444 0.0003737 0.0003939 0.00021715 0.00012625 9.09e-05 5.05e-05 3.535e-05 5.05e-05 5.05e-06 5.05e-06 2.02e-05 5.05e-06 0 5.05e-06 0 0 0 0 0 0 0 0 0 0 0 
0.0067569 0.0185638 0.0313454 0.0400061 0.0465459 0.050394 0.0505455 0.0490254 0.0474498 0.0424806 0.0387083 0.0331331 0.0282245 0.0237805 0.0187355 0.0148672 0.0117817 0.0096556 0.00749925 0.0055146 0.00402485 0.0029795 0.0021816 0.0014443 0.00129785 0.00081305 0.00057065 0.0003737 0.0003636 0.00020705 0.00016665 0.000101 8.585e-05 4.545e-05 5.05e-05 1.515e-05 1.01e-05 1.01e-05 0 5.05e-06 0 0 0 0 0 0 0 0 0 0 0 
0.00406525 0.0124432 0.0194223 0.0251339 0.0291789 0.0327745 0.0334462 0.0337997 0.0325574 0.0302243 0.0269519 0.0235734 0.0210484 0.0173518 0.0143572 0.0116908 0.009494 0.00773155 0.0055449 0.00450965 0.00345925 0.00263105 0.001717 0.0014645 0.00092415 0.0006969 0.0005757 0.00048985 0.0003333 0.00018685 0.0001717 0.000101 5.555e-05 3.03e-05 4.545e-05 2.02e-05 5.05e-06 2.02e-05 1.515e-05 0 0 0 0 0 0 0 0 0 0 0 0 
0.00536815 0.0153823 0.0247046 0.0331179 0.0386881 0.0418039 0.0444148 0.0435765 0.0418544 0.0391274 0.0355419 0.0320221 0.0276286 0.0236593 0.0199829 0.0159631 0.0128422 0.0108272 0.0084133 0.0062317 0.0044945 0.0037976 0.00289365 0.002121 0.00150995 0.0009595 0.0007575 0.0005757 0.0004343 0.0002828 0.0002525 0.000202 9.09e-05 6.565e-05 3.03e-05 5.05e-05 2.02e-05 2.02e-05 1.01e-05 1.01e-05 0 0 0 0 0 0 0 0 0 0 0 
0 0 0 0 0 0 0 0 0 0 0 0 0 0 0 0 0 0 0 0 0 0 0 0 0 0 0 0 0 0 0 0 0 0 0 0 0 0 0 0 0 0 0 0 0 0 0 0 0 0 0 
