Half rod, albedo problem, Anisotropic scattering, exponential random flight, mu_t: 3 g: 0.1
Analogmu_t c: 0.9 maxx: 10 dx: 0.19802 numsamples: 10000000 numCollisionOrders: 20 numMoments: 10
total albedo: 0.50213
per-collision order albedos: 
0 0.202534 0.100108 0.0578676 0.0369696 0.0250314 0.0178507 0.013057 0.0098249 0.0075096 0.0058334 0.0045695 0.0036705 0.0029487 0.002384 0.0019356 0.0016005 0.001325 0.0011096 0.0009168 
Collision density L:
1.37974 1.15225 0.964435 0.805109 0.673872 0.562867 0.470899 0.39345 0.329382 0.274828 0.229064 0.192018 0.160503 0.134343 0.112201 0.0934578 0.0786235 0.0656949 0.054794 0.0457985 0.0383159 0.0319003 0.026464 0.0221276 0.0184865 0.0154081 0.0130644 0.0108944 0.00923797 0.00766085 0.00639482 0.00530604 0.00450107 0.00383093 0.00315777 0.0026457 0.00210636 0.00184628 0.00153571 0.00129078 0.00102667 0.00087668 0.000742855 0.00059792 0.000501465 0.00046864 0.000356025 0.000318655 0.000254015 0.000215635 0.00108121 
Collision density R:
2.74939 2.29591 1.91984 1.60519 1.34085 1.12201 0.937613 0.783323 0.655241 0.547797 0.457924 0.383217 0.319591 0.267133 0.224029 0.186568 0.156105 0.130287 0.109251 0.0907753 0.0764151 0.0635189 0.0532371 0.0446516 0.037164 0.0308121 0.025852 0.02161 0.0183133 0.0153919 0.0126694 0.0105964 0.00893194 0.00737553 0.00627968 0.00523938 0.00432583 0.00351884 0.00305273 0.00248561 0.00214575 0.00178972 0.001464 0.00122614 0.00104788 0.0008686 0.000699425 0.000631755 0.000528735 0.00040097 0.00215989 
Density Moments:
4.98067 5.50209 12.1566 40.2944 178.106 983.949 6519.04 50322.7 442863 4.36598e+06 
Per-collision Density Moments:
1 0.333201 0.222034 0.221825 0.29532 0.491 0.977583 2.2609 5.92937 17.2843 
0.69758 0.397399 0.374768 0.484616 0.793073 1.56885 3.64139 9.71718 29.4089 100.116 
0.527762 0.400048 0.47071 0.729601 1.392 3.14463 8.20105 24.2651 80.4851 296.856 
0.417187 0.383456 0.528932 0.940136 2.02304 5.08766 14.6148 47.1991 169.413 669.823 
0.338499 0.35943 0.560616 1.11132 2.63943 7.26485 22.6754 79.0317 304.044 1279.2 
0.279606 0.333104 0.574145 1.24557 3.21266 9.54096 31.9563 118.975 487.076 2173.76 
0.233749 0.306384 0.57452 1.34646 3.73069 11.8441 42.2191 166.569 719.631 3375.46 
0.197248 0.280631 0.566141 1.41969 4.19051 14.119 53.2283 221.384 1005.05 4937.91 
0.167702 0.256234 0.551135 1.46683 4.57754 16.2474 64.2935 279.599 1321.38 6723.54 
0.143449 0.233498 0.531479 1.49131 4.89345 18.2244 75.546 343.734 1698.28 9030.49 
0.123322 0.21247 0.509209 1.49996 5.1545 20.0639 86.7971 411.802 2121.93 11788 
0.106487 0.192987 0.484635 1.492 5.34659 21.6527 97.2004 477.05 2533.55 14445.6 
0.0921834 0.175041 0.458851 1.47155 5.48512 23.0817 107.603 548.414 3025.87 17936.2 
0.0800119 0.158636 0.432542 1.43998 5.56344 24.2352 116.824 615.086 3503.67 21437.9 
0.0696115 0.143633 0.406364 1.40146 5.60283 25.2251 125.467 679.903 3971.06 24779.3 
0.0607304 0.129996 0.380586 1.3559 5.59137 25.9347 132.777 740.163 4445.42 28518.8 
0.0530696 0.117655 0.356007 1.30925 5.56651 26.5863 139.959 801.024 4931.69 32383.1 
0.0464385 0.106443 0.332119 1.2577 5.5009 27.0051 146.02 857.924 5421.23 36544.5 
0.0406926 0.0962256 0.309346 1.20588 5.42405 27.3581 151.833 914.56 5915.93 40742.5 
0 0 0 0 0 0 0 0 0 0 
Per-collision Densities L:
0 0 0 0 0 0 0 0 0 0 0 0 0 0 0 0 0 0 0 0 0 0 0 0 0 0 0 0 0 0 0 0 0 0 0 0 0 0 0 0 0 0 0 0 0 0 0 0 0 0 0 
0.45797 0.252367 0.139758 0.0768979 0.0428897 0.0233381 0.0130032 0.00710182 0.00399607 0.00215989 0.00122968 0.000646905 0.0003636 0.00021513 0.000110595 5.7065e-05 3.6865e-05 1.919e-05 1.0605e-05 5.05e-06 2.02e-06 2.02e-06 0 0 0 5.05e-07 0 0 0 0 0 0 0 0 0 0 0 0 0 0 0 0 0 0 0 0 0 0 0 0 0 
0.287881 0.232938 0.169406 0.116416 0.0769686 0.0491734 0.0310848 0.0191759 0.0117882 0.00710939 0.00421322 0.00251187 0.00152359 0.000871125 0.000532775 0.000310575 0.000180285 0.00011918 7.0195e-05 3.2825e-05 2.4745e-05 1.3635e-05 6.06e-06 5.05e-06 1.515e-06 1.01e-06 1.01e-06 5.05e-07 0 0 0 5.05e-07 0 0 0 0 0 0 0 0 0 0 0 0 0 0 0 0 0 0 0 
0.176739 0.167161 0.14336 0.113844 0.0852895 0.0618979 0.0432048 0.0295965 0.0198207 0.012929 0.00843653 0.00537623 0.0034239 0.002121 0.00137764 0.00085446 0.000530755 0.000303505 0.000187355 0.00011817 7.575e-05 3.7875e-05 2.0705e-05 1.2625e-05 9.09e-06 7.07e-06 2.525e-06 1.515e-06 0 1.01e-06 1.01e-06 1.01e-06 0 0 0 0 0 0 5.05e-07 0 0 0 0 0 0 0 0 0 0 0 0 
0.116107 0.118068 0.110087 0.095899 0.0790987 0.0622953 0.0479094 0.0351793 0.025549 0.0178497 0.012422 0.0084229 0.00573276 0.00383346 0.00255328 0.00165236 0.00107262 0.000668115 0.000451975 0.00027169 0.00017776 0.00010706 6.3125e-05 4.646e-05 1.8685e-05 1.616e-05 8.08e-06 4.545e-06 5.555e-06 4.04e-06 1.01e-06 1.01e-06 1.01e-06 1.01e-06 0 1.01e-06 0 0 0 0 0 0 0 0 0 0 0 0 0 0 0 
0.0800834 0.0848541 0.0840174 0.0767019 0.0679664 0.057212 0.0462651 0.0365878 0.0277917 0.0208085 0.0151157 0.0109161 0.0078982 0.0054338 0.00369155 0.00255631 0.00174225 0.00117413 0.00078679 0.00050197 0.000337845 0.000223715 0.00014241 8.383e-05 6.363e-05 4.4945e-05 1.919e-05 1.3635e-05 9.09e-06 7.575e-06 3.03e-06 3.03e-06 1.515e-06 1.01e-06 0 1.01e-06 5.05e-07 0 0 0 0 0 0 0 0 0 0 0 0 0 0 
0.0575054 0.0630927 0.0636967 0.0612883 0.0558515 0.049487 0.0419367 0.0347571 0.0280997 0.0218039 0.0167569 0.0127649 0.00940159 0.00675842 0.00493537 0.00349006 0.00243764 0.00169832 0.00120645 0.000819615 0.000546915 0.00035451 0.000251995 0.000167155 0.00011615 6.7165e-05 4.6965e-05 3.03e-05 1.919e-05 1.111e-05 8.585e-06 5.555e-06 2.02e-06 2.02e-06 1.515e-06 2.02e-06 1.515e-06 1.01e-06 0 0 0 5.05e-07 0 0 0 0 0 0 0 0 0 
0.0424801 0.047116 0.0490597 0.0486987 0.0457858 0.0415832 0.036864 0.0315352 0.0261908 0.0215251 0.01712 0.0134623 0.0102449 0.00784114 0.00577165 0.0042723 0.00310222 0.00234623 0.00159176 0.001161 0.000763055 0.00054742 0.000374205 0.00025856 0.000156045 0.000116655 8.484e-05 5.5045e-05 3.4845e-05 2.5755e-05 1.5655e-05 7.07e-06 5.555e-06 4.545e-06 2.02e-06 2.02e-06 2.02e-06 2.02e-06 1.515e-06 0 5.05e-07 0 0 0 0 0 0 0 0 0 0 
0.0322286 0.0361434 0.0382477 0.0388113 0.0372932 0.0351778 0.0319125 0.0279649 0.0240415 0.0203793 0.0165842 0.0134022 0.0106469 0.00831735 0.00636957 0.00495506 0.0036764 0.002727 0.00197657 0.00147258 0.00104636 0.000764065 0.000532775 0.000375215 0.00024543 0.00017675 0.00012019 9.2415e-05 5.959e-05 3.333e-05 2.1715e-05 1.616e-05 1.1615e-05 4.545e-06 3.535e-06 3.535e-06 3.03e-06 2.02e-06 1.515e-06 1.01e-06 0 0 0 5.05e-07 0 0 0 0 0 0 0 
0.0245597 0.0280699 0.030144 0.0305338 0.030607 0.0291607 0.027166 0.0245556 0.0215453 0.0185951 0.0156722 0.0129841 0.010652 0.0085042 0.00673721 0.00524746 0.00402435 0.00309969 0.00234623 0.00174377 0.00129634 0.00095647 0.000665085 0.000438845 0.000343905 0.0002424 0.00016261 0.00011817 7.979e-05 6.06e-05 3.6865e-05 3.1815e-05 1.515e-05 9.595e-06 6.06e-06 6.565e-06 2.02e-06 3.535e-06 2.02e-06 2.02e-06 5.05e-07 5.05e-07 5.05e-07 0 5.05e-07 0 0 0 0 0 0 
0.018991 0.0220316 0.0239163 0.024994 0.0251126 0.0242238 0.0229028 0.0213216 0.0189183 0.0167226 0.0144662 0.0123493 0.0101843 0.00833806 0.00681599 0.00548885 0.004292 0.00337593 0.00260378 0.00196496 0.00149682 0.00109888 0.00082618 0.00061004 0.000410565 0.00031916 0.00023432 0.000168165 0.00010908 7.777e-05 5.858e-05 3.737e-05 3.1815e-05 1.616e-05 1.5655e-05 1.01e-05 8.585e-06 4.04e-06 1.515e-06 1.515e-06 2.02e-06 1.01e-06 1.01e-06 5.05e-07 0 0 0 0 0 0 0 
0.0152096 0.0176715 0.019439 0.020452 0.0203252 0.0203237 0.0192521 0.0180386 0.0168342 0.0146465 0.0130548 0.0114216 0.00969348 0.00811737 0.0067867 0.00547319 0.00446723 0.00356328 0.00269822 0.00214928 0.00170084 0.00122564 0.000982225 0.000699425 0.00049288 0.000373195 0.00027472 0.000188365 0.00014342 0.00011918 8.6355e-05 5.7065e-05 3.232e-05 3.333e-05 1.7675e-05 1.818e-05 9.09e-06 4.04e-06 4.545e-06 3.535e-06 1.515e-06 5.05e-07 5.05e-07 1.01e-06 0 0 0 0 0 0 5.05e-07 
0.012173 0.0140703 0.0157984 0.0164539 0.0169438 0.0169549 0.016466 0.015454 0.0144374 0.0131633 0.0117226 0.0104 0.00897335 0.00763459 0.00644027 0.00523281 0.00435815 0.00356581 0.00278912 0.00230381 0.00174579 0.00137562 0.0010802 0.000800425 0.000610545 0.00044137 0.00034845 0.000269165 0.00018887 0.000145945 0.00010807 5.858e-05 5.454e-05 3.232e-05 2.727e-05 1.01e-05 1.313e-05 9.09e-06 7.575e-06 5.05e-06 2.02e-06 2.02e-06 5.05e-07 1.01e-06 0 5.05e-07 0 5.05e-07 0 0 5.05e-07 
0.00975711 0.0115029 0.0126407 0.0134835 0.014191 0.0139728 0.0138754 0.0133113 0.0122548 0.0115544 0.0103434 0.00939603 0.00810323 0.0071099 0.00602869 0.00507576 0.0042218 0.00350975 0.00284416 0.00229018 0.00182709 0.0014539 0.00115595 0.000879205 0.00067872 0.000505505 0.00038784 0.000312595 0.00022321 0.00016261 0.0001313 8.8375e-05 7.0195e-05 4.8985e-05 3.1815e-05 2.0705e-05 1.9695e-05 1.212e-05 8.585e-06 5.05e-06 4.04e-06 2.02e-06 1.515e-06 1.515e-06 1.01e-06 1.01e-06 5.05e-07 5.05e-07 0 0 5.05e-07 
0.00795476 0.00936119 0.01045 0.0112847 0.0116801 0.0117473 0.0116004 0.0111964 0.0106641 0.0100227 0.00917383 0.00814111 0.00746744 0.00656601 0.00564287 0.00474044 0.00412636 0.00338805 0.00281841 0.00233209 0.00190638 0.00151955 0.00119483 0.000916575 0.00071306 0.000599435 0.000446925 0.00032724 0.000254015 0.000195435 0.000144935 0.000100495 7.979e-05 5.959e-05 3.939e-05 3.838e-05 1.717e-05 1.414e-05 1.212e-05 9.09e-06 8.08e-06 6.565e-06 3.535e-06 2.02e-06 1.01e-06 2.525e-06 5.05e-07 0 0 5.05e-07 5.05e-07 
0.00649784 0.00770933 0.00862742 0.00931776 0.00966267 0.0100046 0.00993032 0.00962227 0.00918141 0.00864409 0.00797547 0.00727099 0.00670135 0.00594284 0.00514191 0.00443693 0.003888 0.00313555 0.00269468 0.00228614 0.00191345 0.00152864 0.00120392 0.000969095 0.00077669 0.000638825 0.00047975 0.000371175 0.00028482 0.000212605 0.000185335 0.000114635 0.000101505 8.1305e-05 5.252e-05 3.4845e-05 2.4745e-05 1.919e-05 1.3635e-05 1.111e-05 5.05e-06 6.565e-06 7.07e-06 3.535e-06 2.525e-06 1.515e-06 5.05e-07 5.05e-07 1.01e-06 0 1.01e-06 
0.00528887 0.00635694 0.00721494 0.00776741 0.00811889 0.00843653 0.00827544 0.0081603 0.00791032 0.00752349 0.00705081 0.00654783 0.00588275 0.00531866 0.00462176 0.00401829 0.00362085 0.00304919 0.00259065 0.00215686 0.00181194 0.00152106 0.00123725 0.00098677 0.000799415 0.00062923 0.000503485 0.00039087 0.000317645 0.000257045 0.00018988 0.00013736 0.0001111 9.696e-05 6.06e-05 5.5045e-05 3.8885e-05 2.1715e-05 2.1715e-05 1.111e-05 7.07e-06 1.0605e-05 4.04e-06 6.06e-06 1.01e-06 2.525e-06 5.05e-07 5.05e-07 1.515e-06 0 1.01e-06 
0.00444956 0.00529897 0.00589285 0.00642613 0.00684326 0.00698365 0.00707101 0.00696951 0.0068478 0.00655793 0.00620191 0.00579387 0.00520908 0.00478589 0.00424756 0.00383346 0.00329816 0.00289921 0.00248006 0.00206293 0.00175134 0.00147713 0.00117514 0.00100798 0.00080598 0.0006363 0.000504495 0.000423695 0.00032724 0.00026866 0.00021614 0.0001717 0.000130795 9.8475e-05 6.464e-05 5.151e-05 4.444e-05 3.737e-05 2.1715e-05 1.212e-05 1.5655e-05 9.595e-06 7.07e-06 3.535e-06 4.04e-06 1.01e-06 5.05e-07 1.515e-06 5.05e-07 0 2.02e-06 
0.00367135 0.00443188 0.00493941 0.00534896 0.00583477 0.00589689 0.00602263 0.0058883 0.00590345 0.00572519 0.00532321 0.00503283 0.00459096 0.0042723 0.00387638 0.00341986 0.00311535 0.00263661 0.00231038 0.00190688 0.00169781 0.00142208 0.00117918 0.00100849 0.000811535 0.000653975 0.00052217 0.000405515 0.000345925 0.000302495 0.000230785 0.000193415 0.00012423 0.000101 7.3225e-05 6.0095e-05 4.747e-05 3.5855e-05 1.4645e-05 1.818e-05 1.3635e-05 1.111e-05 3.03e-06 4.545e-06 5.05e-06 2.525e-06 2.02e-06 2.525e-06 5.05e-07 1.01e-06 2.02e-06 
0 0 0 0 0 0 0 0 0 0 0 0 0 0 0 0 0 0 0 0 0 0 0 0 0 0 0 0 0 0 0 0 0 0 0 0 0 0 0 0 0 0 0 0 0 0 0 0 0 0 0 
Per-collision Densities L:
2.26303 1.24767 0.689787 0.380658 0.210153 0.115877 0.0642663 0.0350753 0.01954 0.0107035 0.00597415 0.00329816 0.00176144 0.00097364 0.000559035 0.0002828 0.000178265 9.8475e-05 5.454e-05 2.7775e-05 1.5655e-05 8.585e-06 5.05e-06 1.01e-06 1.515e-06 0 5.05e-07 0 0 0 0 0 0 0 0 0 0 0 0 0 0 0 0 0 0 0 0 0 0 0 0 
0.300842 0.532949 0.496528 0.386356 0.275247 0.186442 0.121076 0.0770994 0.0485507 0.0300419 0.0181643 0.0110736 0.00666499 0.00386376 0.00235078 0.0013534 0.000823655 0.00048379 0.00028684 0.000161095 9.8475e-05 6.262e-05 3.5855e-05 2.1715e-05 8.585e-06 7.575e-06 1.515e-06 1.515e-06 5.05e-07 1.515e-06 0 5.05e-07 0 0 0 0 5.05e-07 0 0 0 0 0 0 0 0 0 0 0 0 0 0 
0.0780462 0.2066 0.263714 0.261716 0.225912 0.180775 0.135509 0.0977104 0.0685113 0.0466999 0.0310828 0.0204964 0.0132896 0.00843754 0.00537876 0.0033931 0.00215635 0.00131654 0.000865065 0.000486315 0.000298455 0.000185335 0.000102515 5.5045e-05 4.04e-05 2.6765e-05 1.0605e-05 9.09e-06 4.04e-06 2.525e-06 3.03e-06 1.515e-06 2.02e-06 0 5.05e-07 0 0 0 5.05e-07 0 0 0 0 0 0 0 0 0 0 0 0 
0.0360676 0.10135 0.146102 0.164898 0.161843 0.145233 0.121512 0.0969913 0.0741704 0.0552445 0.0397682 0.0282017 0.0193284 0.0133062 0.00893598 0.00602011 0.00396728 0.00250834 0.00171801 0.00106151 0.000671145 0.000459045 0.000265125 0.000170185 9.9485e-05 5.8075e-05 3.4845e-05 2.222e-05 1.616e-05 9.09e-06 5.05e-06 4.545e-06 3.03e-06 2.525e-06 2.02e-06 5.05e-07 5.05e-07 0 0 0 0 0 0 0 0 0 0 0 0 0 0 
0.0207585 0.059039 0.0890148 0.107342 0.113457 0.109714 0.0995769 0.0851516 0.0700248 0.0556672 0.0429568 0.0319796 0.023782 0.0169145 0.0120937 0.00850117 0.00579841 0.00404101 0.0027164 0.00183113 0.00119079 0.00084335 0.000500455 0.00034441 0.00021311 0.00014342 9.5445e-05 5.1005e-05 3.6865e-05 2.222e-05 1.212e-05 6.06e-06 7.575e-06 4.04e-06 4.04e-06 5.05e-07 2.02e-06 0 5.05e-07 0 5.05e-07 0 0 0 0 0 0 0 0 0 0 
0.0132507 0.0381548 0.058632 0.0733245 0.0808333 0.0819923 0.0784351 0.0710666 0.0615999 0.0515287 0.0419403 0.0332573 0.025499 0.0194142 0.0144895 0.0105141 0.00752753 0.00543734 0.00382487 0.0026765 0.00181851 0.00125897 0.000804465 0.000578225 0.00037168 0.00025452 0.000173215 0.000101505 6.565e-05 4.646e-05 2.7775e-05 1.616e-05 9.595e-06 6.06e-06 6.565e-06 3.535e-06 4.545e-06 2.525e-06 1.01e-06 1.01e-06 0 5.05e-07 0 0 0 0 0 0 0 0 0 
0.00899304 0.0260287 0.0406581 0.0516317 0.059334 0.0619701 0.0613267 0.0579321 0.0523523 0.0454338 0.0385148 0.031918 0.0255262 0.0202611 0.0155449 0.0118175 0.00881629 0.00659126 0.00482679 0.00351632 0.00249218 0.0016968 0.00124432 0.00082113 0.00056762 0.000377235 0.00028179 0.000188365 0.00013029 7.4235e-05 4.8985e-05 3.232e-05 1.8685e-05 1.1615e-05 1.01e-05 5.555e-06 3.535e-06 4.545e-06 1.515e-06 2.02e-06 2.02e-06 1.01e-06 0 0 0 0 0 0 0 0 0 
0.00632159 0.0187133 0.0294163 0.0384047 0.0440118 0.0472508 0.0481826 0.0465898 0.0437194 0.039293 0.0344986 0.0293046 0.0243981 0.0199217 0.0159454 0.0125094 0.00966368 0.00741088 0.0055242 0.00418746 0.00307444 0.00217807 0.00160237 0.00117009 0.00082921 0.00053631 0.00037976 0.000276235 0.000205535 0.000128775 7.8275e-05 5.5045e-05 3.232e-05 2.727e-05 1.414e-05 1.414e-05 5.555e-06 5.555e-06 4.04e-06 2.525e-06 1.515e-06 1.515e-06 5.05e-07 0 5.05e-07 5.05e-07 0 0 0 0 0 
0.00461166 0.0135699 0.0218433 0.0285613 0.0335679 0.0365746 0.0379401 0.0377169 0.0357515 0.0332467 0.0299687 0.0262635 0.0224452 0.0189794 0.0155793 0.0126785 0.0101167 0.00788962 0.00604889 0.00462429 0.00357035 0.00261792 0.00193971 0.00141552 0.00103121 0.00073629 0.00053429 0.00037471 0.000267145 0.00017978 0.000133825 8.7365e-05 5.8075e-05 3.4845e-05 3.131e-05 1.9695e-05 1.414e-05 9.595e-06 6.06e-06 4.545e-06 1.515e-06 2.02e-06 1.01e-06 0 0 5.05e-07 0 0 0 0 0 
0.00351531 0.0104212 0.0165852 0.0217448 0.0259166 0.0288673 0.0303864 0.030557 0.0297344 0.0280704 0.0256681 0.0231406 0.0201601 0.0174175 0.0149106 0.0123114 0.00998537 0.00803354 0.00639431 0.00496011 0.0038577 0.00294062 0.00222554 0.0016766 0.00124988 0.000884255 0.00067367 0.000511565 0.000360065 0.00025755 0.000174225 0.00012221 8.484e-05 5.858e-05 3.232e-05 3.1815e-05 2.2725e-05 1.3635e-05 1.111e-05 2.525e-06 5.555e-06 3.535e-06 1.515e-06 2.02e-06 1.01e-06 5.05e-07 5.05e-07 0 0 0 0 
0.00274316 0.00799466 0.0129583 0.0168811 0.020249 0.0226634 0.0242617 0.0248758 0.0246379 0.0235517 0.0220847 0.0200581 0.018027 0.0156969 0.0137481 0.0115165 0.00965257 0.00795224 0.00646148 0.0051005 0.00413191 0.00318958 0.00250228 0.00191446 0.00144077 0.00104333 0.000764065 0.000577215 0.000426725 0.000341885 0.0002222 0.00016766 0.00011918 7.3225e-05 5.959e-05 3.6865e-05 3.131e-05 1.7675e-05 1.717e-05 1.01e-05 7.07e-06 3.535e-06 2.02e-06 3.03e-06 2.525e-06 0 1.01e-06 0 0 0 5.05e-07 
0.00205182 0.00611 0.0101121 0.0134027 0.0161201 0.0182366 0.0195576 0.0200854 0.0203313 0.0197167 0.0187254 0.017724 0.0158555 0.0139744 0.0124094 0.0105792 0.0091506 0.00759066 0.00629634 0.00508939 0.00413848 0.00334866 0.00260025 0.00210181 0.00160792 0.00124079 0.000889305 0.00069488 0.00051207 0.00042016 0.00028785 0.000204525 0.0001515 0.000103525 7.4235e-05 5.151e-05 3.7875e-05 2.1715e-05 2.02e-05 1.3635e-05 1.313e-05 5.555e-06 7.575e-06 1.515e-06 1.01e-06 5.05e-07 0 1.01e-06 1.01e-06 0 0 
0.00160843 0.00495557 0.00795224 0.0106606 0.012873 0.0147915 0.0158888 0.0165312 0.0165771 0.0165191 0.0157782 0.0150596 0.0139774 0.0125442 0.0112337 0.00980508 0.00830877 0.00718969 0.00610596 0.00501162 0.00411626 0.00337795 0.00271488 0.00218918 0.00170741 0.00132007 0.0009999 0.000749925 0.000589335 0.000464095 0.000326735 0.000248965 0.000189375 0.00013938 9.7465e-05 7.1205e-05 4.949e-05 3.5855e-05 2.626e-05 1.919e-05 1.414e-05 1.01e-05 6.06e-06 6.06e-06 3.535e-06 1.515e-06 3.535e-06 5.05e-07 5.05e-07 5.05e-07 5.05e-07 
0.00131048 0.0039087 0.00632109 0.00847895 0.0104207 0.0119968 0.013131 0.0137638 0.0138926 0.0139506 0.0134689 0.0128386 0.0120387 0.0110802 0.0100727 0.00881932 0.00787346 0.00668469 0.0056762 0.00477629 0.00405313 0.00333502 0.00270983 0.00221241 0.00177205 0.00141602 0.00107717 0.00082113 0.000679225 0.00050197 0.000368145 0.000290375 0.00021311 0.00016564 0.000126755 8.8375e-05 6.666e-05 4.242e-05 2.424e-05 2.929e-05 1.5655e-05 1.414e-05 9.09e-06 6.06e-06 6.06e-06 2.525e-06 2.02e-06 1.515e-06 5.05e-07 5.05e-07 2.525e-06 
0.00110444 0.00306737 0.00511212 0.00680791 0.00834715 0.00970812 0.0107328 0.0115185 0.0117473 0.0116776 0.0114994 0.0110459 0.0104399 0.00967126 0.00889558 0.00802849 0.00711949 0.00612464 0.00527119 0.00452026 0.00380821 0.0031714 0.00268054 0.00217251 0.00182204 0.00140592 0.00114383 0.00090597 0.000711545 0.00055348 0.000427735 0.000338855 0.00024038 0.000194425 0.000165135 0.000100495 7.777e-05 6.7165e-05 3.6865e-05 2.7775e-05 2.0705e-05 1.3635e-05 1.414e-05 8.08e-06 3.535e-06 7.07e-06 1.515e-06 1.515e-06 1.01e-06 2.02e-06 1.515e-06 
0.000868095 0.00256793 0.00421675 0.00555551 0.00688972 0.00797951 0.00872741 0.00940159 0.00977781 0.00989144 0.00973842 0.00949754 0.00908243 0.00855824 0.00782397 0.00713313 0.00630089 0.00559944 0.00496365 0.00433795 0.00364358 0.00312999 0.00258257 0.00217251 0.0017468 0.00145794 0.00113272 0.000931725 0.000774165 0.00056459 0.00044844 0.000365115 0.00026765 0.000205535 0.00016362 0.000112615 9.292e-05 6.969e-05 5.4035e-05 4.4945e-05 2.626e-05 2.4745e-05 1.4645e-05 5.555e-06 8.08e-06 5.555e-06 2.02e-06 4.545e-06 2.02e-06 2.525e-06 1.515e-06 
0.0006868 0.00207303 0.00347289 0.0046662 0.00572064 0.00646703 0.00732351 0.00784972 0.0080997 0.00825524 0.00838654 0.00811283 0.0078068 0.00742502 0.00691345 0.00636906 0.00572115 0.00519494 0.00448087 0.00395011 0.00349965 0.00296435 0.00247501 0.00207959 0.00171246 0.00145996 0.00119483 0.000980205 0.000791335 0.000603475 0.0004949 0.00038885 0.000299465 0.00021715 0.0001818 0.00012019 0.00010302 8.1305e-05 6.969e-05 3.232e-05 3.8885e-05 2.4745e-05 2.2725e-05 1.313e-05 1.1615e-05 6.06e-06 2.525e-06 3.03e-06 3.03e-06 3.03e-06 3.03e-06 
0.000547925 0.00166852 0.00280427 0.00380114 0.00469751 0.00550046 0.00609182 0.00657914 0.00674529 0.00702708 0.00707 0.00694224 0.00660439 0.00647158 0.00609737 0.00550905 0.00513636 0.00465055 0.0041708 0.00365974 0.00319665 0.00273559 0.00237552 0.00202253 0.00166903 0.0014135 0.00118271 0.00096455 0.00078881 0.000650945 0.00050904 0.00041814 0.000304515 0.000243915 0.000212605 0.00016362 0.000107565 8.5345e-05 7.2215e-05 4.747e-05 3.939e-05 2.7775e-05 2.222e-05 1.4645e-05 1.1615e-05 1.0605e-05 1.01e-05 5.05e-06 1.01e-06 1.515e-06 6.06e-06 
0.000494395 0.00142764 0.00228513 0.00313656 0.00387083 0.00458793 0.00514292 0.00547774 0.00568378 0.00592719 0.00602011 0.00599688 0.00572569 0.0055141 0.00525503 0.00491365 0.00461924 0.00415615 0.00371882 0.00328149 0.00296688 0.00256944 0.0022518 0.00196395 0.00161146 0.00138926 0.00114938 0.000968085 0.000807495 0.000649935 0.00049692 0.000428745 0.00033734 0.00028078 0.00021412 0.000170185 0.000132815 0.000101505 8.3325e-05 5.858e-05 4.444e-05 3.1815e-05 2.626e-05 2.1715e-05 2.222e-05 1.1615e-05 8.585e-06 7.575e-06 4.545e-06 3.03e-06 5.05e-06 
0 0 0 0 0 0 0 0 0 0 0 0 0 0 0 0 0 0 0 0 0 0 0 0 0 0 0 0 0 0 0 0 0 0 0 0 0 0 0 0 0 0 0 0 0 0 0 0 0 0 0 
