Half rod, albedo problem, Anisotropic scattering, exponential random flight, mu_t: 1 g: -0.5
Analogmu_t c: 0.95 maxx: 10 dx: 0.19802 numsamples: 1000000 numCollisionOrders: 20 numMoments: 10
total albedo: 0.688995
per-collision order albedos: 
0 0.356906 0.08414 0.065128 0.036865 0.027989 0.019898 0.015535 0.01231 0.009812 0.008245 0.006734 0.005534 0.004675 0.004152 0.003447 0.00296 0.002539 0.002326 0.001955 
Collision density L:
0.6722 0.637406 0.600526 0.569372 0.541259 0.514176 0.489163 0.461514 0.434517 0.415145 0.391022 0.370912 0.351722 0.334421 0.317271 0.299854 0.284653 0.268069 0.254929 0.240375 0.230325 0.21763 0.204257 0.194531 0.18383 0.175796 0.166802 0.155863 0.148354 0.140329 0.133815 0.127457 0.120291 0.113817 0.107358 0.102833 0.0974802 0.0924807 0.0864712 0.0835775 0.0780427 0.0739421 0.0698264 0.0671246 0.0618878 0.0590497 0.0553834 0.0535048 0.0493587 0.0472428 0.863631 
Collision density R:
0.977079 0.921867 0.873463 0.82716 0.784674 0.741911 0.705899 0.667544 0.633916 0.602884 0.568675 0.538421 0.510348 0.483694 0.458399 0.436143 0.413125 0.390971 0.370256 0.348076 0.331139 0.314393 0.299066 0.283159 0.268231 0.253333 0.242415 0.228558 0.21614 0.205545 0.193733 0.18377 0.173478 0.165049 0.155868 0.148021 0.141476 0.133355 0.127437 0.120528 0.11315 0.107651 0.101884 0.096551 0.0914808 0.08635 0.0816686 0.0768509 0.0727352 0.0690032 1.25753 
Density Moments:
6.21878 22.867 168.233 1862.91 27720.8 521664 1.19219e+07 3.20062e+08 9.79415e+09 3.3257e+11 
Per-collision Density Moments:
1 1.00003 2.00296 6.03074 24.3181 123.305 753.918 5379.41 43561.4 390888 
0.593466 0.831704 2.14093 7.8586 37.2262 215.629 1474.73 11596.6 102509 998271 
0.479648 0.931285 2.87904 12.0258 63.0142 396.201 2899.4 24136 224395 2.29466e+06 
0.390663 0.882588 3.10964 14.5191 83.6609 570.487 4476.97 39638.5 390084 4.21535e+06 
0.334346 0.877406 3.44509 17.5573 108.984 793.04 6588.64 61272.9 627898 6.99825e+06 
0.289537 0.843098 3.61752 19.9281 132.585 1026.99 9029.6 88403.8 949048 1.1028e+07 
0.255143 0.81709 3.78941 22.3517 158.155 1295.12 11966.8 122372 1.36364e+06 1.63502e+07 
0.226946 0.785298 3.89606 24.411 182.651 1578.82 15409.4 166876 1.97665e+06 2.52939e+07 
0.203247 0.753259 3.96661 26.2109 205.724 1855.94 18810.1 210468 2.56346e+06 3.35927e+07 
0.183227 0.721704 4.00583 27.7824 228.397 2157.72 22929.8 269605 3.45944e+06 4.78705e+07 
0.165859 0.690059 4.01695 29.0931 249.017 2443.66 26923.3 327710 4.34864e+06 6.21969e+07 
0.150916 0.660318 4.02053 30.3428 269.841 2746.9 31408.2 398003 5.53322e+06 8.37119e+07 
0.137818 0.630784 4.00155 31.4168 290.531 3077.24 36672.7 485762 7.08656e+06 1.12997e+08 
0.126205 0.601906 3.96119 32.1562 306.551 3337.34 40757.6 551507 8.19022e+06 1.32381e+08 
0.115658 0.574142 3.91815 32.8816 323.041 3611.92 45135.3 622424 9.37938e+06 1.53117e+08 
0.106259 0.546049 3.84751 33.2793 336.485 3868.94 49725.1 705967 1.09694e+07 1.84947e+08 
0.097932 0.520658 3.78296 33.6832 350.185 4135.35 54489.5 790902 1.25149e+07 2.13866e+08 
0.090423 0.496903 3.72073 34.0897 364.382 4421.29 59810.4 890136 1.4415e+07 2.51502e+08 
0.083569 0.473498 3.64933 34.3914 377.982 4715.3 65584.3 1.00348e+06 1.6697e+07 2.98885e+08 
0 0 0 0 0 0 0 0 0 0 
Per-collision Densities L:
0 0 0 0 0 0 0 0 0 0 0 0 0 0 0 0 0 0 0 0 0 0 0 0 0 0 0 0 0 0 0 0 0 0 0 0 0 0 0 0 0 0 0 0 0 0 0 0 0 0 0 
0.323276 0.265004 0.216847 0.177785 0.146935 0.120155 0.0991517 0.0808808 0.0654581 0.0550703 0.0446774 0.0363247 0.0302546 0.0246996 0.0207303 0.0162509 0.0138219 0.0112211 0.0092213 0.00783255 0.0061307 0.00492375 0.0040804 0.0031916 0.0028381 0.0024341 0.0018483 0.0015554 0.00118675 0.00102515 0.00084335 0.0005757 0.00051005 0.0005757 0.00031815 0.0002929 0.0002323 0.0002525 0.0001616 0.00015655 0.0001313 8.08e-05 9.595e-05 4.545e-05 6.06e-05 5.05e-05 4.545e-05 6.06e-05 2.525e-05 3.535e-05 0.00013635 
0.08433 0.0820524 0.076659 0.071503 0.0655945 0.0588628 0.0537169 0.047162 0.0417484 0.0371327 0.0324412 0.0289517 0.0246541 0.0214373 0.0190032 0.0163267 0.0140895 0.0122816 0.0102364 0.0085345 0.00735785 0.0060297 0.0055146 0.0044743 0.00405515 0.0032926 0.00280275 0.0022826 0.00204525 0.00162105 0.0014948 0.00112615 0.00089385 0.0008787 0.00072215 0.00054035 0.0004848 0.00040905 0.00037875 0.00035855 0.00027775 0.00019695 0.00016665 0.0001313 0.0001111 0.00010605 0.00012625 9.595e-05 3.535e-05 5.555e-05 0.00028785 
0.0694476 0.0735129 0.0742552 0.0725029 0.0712252 0.0683215 0.0623877 0.056762 0.0510404 0.0475357 0.042622 0.0379255 0.0337845 0.0296435 0.0266943 0.023023 0.0204828 0.0180336 0.0154581 0.0137966 0.011307 0.0102364 0.008484 0.00787295 0.00622665 0.00589335 0.0050298 0.00413595 0.00339865 0.003232 0.0026563 0.0022927 0.00197455 0.00172205 0.00143925 0.00109585 0.0010403 0.00086355 0.0006565 0.0006666 0.0004747 0.00042925 0.0004747 0.00036865 0.00021715 0.0002525 0.0001919 0.0001919 0.00014645 0.0001111 0.00062115 
0.0391426 0.0420918 0.0433088 0.0442582 0.0447531 0.0443996 0.0417332 0.040602 0.0384659 0.0357086 0.0331533 0.0312242 0.0289113 0.0260328 0.0237098 0.0213312 0.019796 0.0173619 0.0155742 0.0135239 0.0127765 0.0111858 0.00962025 0.0085951 0.0075144 0.006565 0.00578225 0.00507525 0.0046864 0.003939 0.0034845 0.00284315 0.0025553 0.0023937 0.001919 0.0016261 0.0014039 0.00131805 0.00103525 0.00093425 0.0007979 0.0006868 0.00066155 0.0004444 0.0004343 0.000404 0.0003838 0.00025755 0.00020705 0.00023735 0.0011514 
0.0297395 0.0325473 0.0350672 0.036764 0.0370165 0.036865 0.0373599 0.0361631 0.034946 0.0340421 0.0317999 0.029795 0.0280174 0.0263863 0.0237552 0.0224473 0.0203667 0.0183467 0.0166751 0.0150642 0.0143067 0.0126957 0.0114383 0.0101253 0.00892335 0.00795375 0.00717605 0.00636805 0.0054035 0.00489345 0.0043228 0.00383295 0.00333805 0.00314615 0.00264115 0.0023634 0.00203515 0.00178265 0.00157055 0.00124735 0.0011716 0.00099485 0.0007575 0.0007676 0.000707 0.00057065 0.0004545 0.00038885 0.0003737 0.00028785 0.00199475 
0.0211696 0.0241895 0.0249167 0.0264873 0.0267903 0.028381 0.0279669 0.028583 0.0277094 0.0260984 0.0262449 0.0254924 0.0235229 0.0230381 0.0213817 0.0205788 0.0187759 0.0171801 0.0158974 0.0148016 0.0138017 0.0126402 0.0115393 0.0099485 0.00935765 0.00849915 0.0076053 0.0067973 0.00612565 0.0056358 0.00529745 0.00435815 0.00383295 0.003434 0.00319665 0.0028482 0.0023432 0.0019998 0.0020806 0.0019695 0.0015352 0.001313 0.0009898 0.0009393 0.0008484 0.00088375 0.00057065 0.00065145 0.00061105 0.0003939 0.0027674 
0.0164428 0.018781 0.0203263 0.0215383 0.0223665 0.0233209 0.0240936 0.0240532 0.0233765 0.0228361 0.0229068 0.0225432 0.0213464 0.0207454 0.0192961 0.018579 0.0175185 0.0161398 0.0154379 0.0143269 0.0138673 0.0127816 0.011211 0.010504 0.0095748 0.00871125 0.0085749 0.00745885 0.0065347 0.00597415 0.00556005 0.00503485 0.0046561 0.00403495 0.00373195 0.00320675 0.0029391 0.00255025 0.002222 0.0020604 0.0018887 0.00165135 0.001616 0.0012221 0.0010504 0.00103525 0.00089385 0.0007979 0.0006969 0.00055045 0.0043127 
0.0129937 0.0151803 0.0160792 0.0173569 0.0180891 0.0182659 0.0194173 0.0188971 0.0191395 0.0196193 0.0189628 0.0184376 0.0180689 0.0179326 0.0174225 0.0162509 0.0160792 0.0154884 0.0142865 0.0134785 0.0128725 0.0125139 0.0110848 0.0105242 0.0094334 0.00933745 0.00796385 0.0073831 0.006868 0.00624685 0.00549945 0.005151 0.0049389 0.00420665 0.0039592 0.00388345 0.003131 0.0029896 0.0025351 0.0024947 0.00203515 0.0017978 0.0016968 0.0015857 0.0012625 0.00117665 0.00110595 0.00085345 0.0007878 0.00072215 0.0053227 
0.0104535 0.0119837 0.0129482 0.0132613 0.0147763 0.015852 0.016054 0.0161146 0.0169276 0.0164832 0.016665 0.0164428 0.0157005 0.0158419 0.0154025 0.01464 0.0142107 0.0139077 0.0132916 0.0126452 0.011817 0.0109434 0.0105343 0.009999 0.0092314 0.0089284 0.00803455 0.00713565 0.0067973 0.0064539 0.00595395 0.00559035 0.00502475 0.00452985 0.00446925 0.0041309 0.0035552 0.00318655 0.0027977 0.0027674 0.00249975 0.0022018 0.00213615 0.0017574 0.00148975 0.00126755 0.0012221 0.00112615 0.00099485 0.00096455 0.0070195 
0.00867085 0.00947885 0.0107616 0.0111403 0.0120493 0.0127361 0.0132563 0.0137966 0.0137057 0.01414 0.0141905 0.0136552 0.0140239 0.0137966 0.0137916 0.0128775 0.0128674 0.0124887 0.0120241 0.0116251 0.011004 0.0107515 0.0102869 0.0096354 0.0090294 0.00817595 0.0078073 0.0072417 0.0069387 0.006464 0.00591355 0.0054439 0.0051005 0.00463085 0.00400465 0.00370165 0.0035754 0.0035249 0.0032623 0.0026058 0.0026058 0.00217655 0.00212605 0.001919 0.00184325 0.00153015 0.0013736 0.00131805 0.0010605 0.0009393 0.00811535 
0.0073629 0.0076558 0.0090092 0.00957985 0.0102061 0.0110141 0.0114787 0.0113726 0.0117564 0.0121554 0.0121453 0.0121958 0.0121806 0.0123119 0.0117716 0.01212 0.0112312 0.0109737 0.0109787 0.010398 0.0102869 0.0098273 0.00910515 0.0088577 0.00841835 0.00823655 0.0071003 0.00675185 0.00650945 0.00627715 0.00591355 0.00553985 0.00513585 0.00462075 0.00428745 0.0040602 0.00382285 0.0035956 0.003131 0.0030906 0.0025452 0.00263105 0.0023028 0.00214625 0.00190385 0.00169175 0.0014241 0.0013433 0.00102515 0.00122715 0.00995355 
0.0060095 0.0068781 0.0073124 0.0076154 0.0082618 0.00862035 0.0096253 0.0103475 0.0105848 0.0106555 0.0102364 0.0104535 0.0107919 0.0103778 0.0105697 0.0108121 0.0104485 0.0104283 0.0098172 0.00964045 0.0093728 0.0091405 0.0082012 0.0080497 0.00782245 0.0075447 0.0072922 0.00694375 0.00657005 0.00618625 0.0056762 0.0055146 0.0051005 0.00468135 0.00417635 0.00417635 0.00375215 0.0033835 0.0031108 0.0028583 0.0028987 0.0024745 0.0023331 0.0021715 0.0018988 0.00183315 0.0015958 0.0016362 0.00132815 0.0013837 0.0111555 
0.00511565 0.00590345 0.00613575 0.00677205 0.0074942 0.00761035 0.0083123 0.00860015 0.00851935 0.00894355 0.0091304 0.00915565 0.0095344 0.0090395 0.0096556 0.00946875 0.00915565 0.00892335 0.0085547 0.008787 0.00812545 0.00796385 0.00782245 0.00788305 0.0074639 0.00723665 0.00676195 0.0064539 0.0059994 0.0056762 0.0057267 0.0051308 0.0050298 0.00458035 0.00440865 0.00406525 0.00352995 0.0033027 0.00327745 0.0029593 0.00278255 0.0025553 0.0026159 0.00207555 0.00200485 0.0017574 0.0016564 0.0015251 0.0014039 0.00128775 0.0131048 
0.00442885 0.00494395 0.0052217 0.0061711 0.00629735 0.0062721 0.0069589 0.0073023 0.00774165 0.0078578 0.0080194 0.0079184 0.007979 0.0084537 0.00809515 0.00865065 0.0082315 0.0080194 0.00826685 0.00735785 0.0073124 0.0077265 0.0069993 0.00737805 0.0065751 0.0065953 0.0062822 0.0059893 0.00582265 0.0056358 0.00524695 0.00487325 0.0047571 0.00438845 0.0039592 0.00375215 0.00364105 0.00350975 0.0031714 0.0032219 0.00268155 0.0026462 0.0026159 0.00230785 0.00202 0.00194425 0.00172205 0.00159075 0.0014342 0.00130795 0.01414 
0.00371175 0.0041006 0.0045248 0.00531765 0.0053631 0.0057368 0.0060398 0.00643875 0.00654985 0.00707 0.00699425 0.0072821 0.0074336 0.00732755 0.0073932 0.00713565 0.00719625 0.00740835 0.0071306 0.0068377 0.0069791 0.00660035 0.0067872 0.00635795 0.00628725 0.0058176 0.00615595 0.0053025 0.00541865 0.0052722 0.00495405 0.00449955 0.0042925 0.00423695 0.00383295 0.00400465 0.00362085 0.0034037 0.00317645 0.00310575 0.0026866 0.00250985 0.0024341 0.00228765 0.00201495 0.0019291 0.00176245 0.0018079 0.0015049 0.0014241 0.0153621 
0.00331785 0.00349965 0.00391375 0.00440865 0.00474195 0.00508535 0.00552975 0.00572165 0.0059792 0.0063832 0.00583275 0.00627715 0.0064741 0.0065347 0.0066256 0.00671145 0.00670135 0.00639835 0.00646905 0.00626705 0.00644885 0.0059085 0.0058883 0.0056964 0.0057065 0.0055045 0.0054742 0.0051207 0.00474195 0.004646 0.0044642 0.0044642 0.00397435 0.0041713 0.00382285 0.00378245 0.0035451 0.0032118 0.00318655 0.00279265 0.00288355 0.00250985 0.00244925 0.00228765 0.00195435 0.00200485 0.00187355 0.00175235 0.00163115 0.0016362 0.016261 
0.0028987 0.00303505 0.0035552 0.0038077 0.003939 0.0043329 0.0046864 0.0048783 0.0051409 0.0054237 0.0054641 0.005555 0.0055651 0.00591355 0.0058378 0.00539845 0.0056863 0.00590345 0.00562065 0.0058277 0.0057671 0.0054641 0.0054742 0.0054136 0.00508535 0.0051005 0.00532775 0.00481265 0.0047975 0.00433795 0.00408545 0.004242 0.0038683 0.00378245 0.0035956 0.00372185 0.0033229 0.0031512 0.00300475 0.00280275 0.00259065 0.0025856 0.00241895 0.00225735 0.0021715 0.001818 0.0018382 0.00157055 0.001515 0.00138875 0.0171549 
0.00235835 0.00272195 0.0030199 0.00336835 0.00369155 0.003737 0.0041915 0.00427735 0.00449955 0.00457025 0.00488335 0.00474195 0.0053732 0.0051611 0.0051712 0.0053025 0.0055348 0.00505 0.00550955 0.00508535 0.0052419 0.0050702 0.00490355 0.0045753 0.0048379 0.00452985 0.0047672 0.00438845 0.0043935 0.00426725 0.00419655 0.00394405 0.0039491 0.00355015 0.0032825 0.0032926 0.0030906 0.0028987 0.00289365 0.00293405 0.0024139 0.00271185 0.00232805 0.00234825 0.00222705 0.0018281 0.00183315 0.00160085 0.00163115 0.00152005 0.0179376 
0 0 0 0 0 0 0 0 0 0 0 0 0 0 0 0 0 0 0 0 0 0 0 0 0 0 0 0 0 0 0 0 0 0 0 0 0 0 0 0 0 0 0 0 0 0 0 0 0 0 0 
Per-collision Densities L:
0.910167 0.743365 0.608767 0.499854 0.412191 0.336375 0.277205 0.226482 0.184855 0.152828 0.125508 0.102121 0.0848956 0.0696042 0.0560803 0.0467782 0.0381932 0.0316383 0.0255631 0.0213918 0.0174528 0.0145238 0.0109737 0.00950915 0.0076861 0.0065852 0.005353 0.0041309 0.0037168 0.0029088 0.00239875 0.00185335 0.00149985 0.0013635 0.00098475 0.0008787 0.0007272 0.0006161 0.0005757 0.0004444 0.0003131 0.0002626 0.0002121 0.00020705 0.00018685 0.00012625 8.08e-05 5.555e-05 9.09e-05 7.575e-05 0.0003434 
0.0204778 0.0523029 0.0713161 0.081805 0.0852592 0.0873347 0.0843653 0.0783811 0.0742148 0.0678922 0.062009 0.0556409 0.0489295 0.0432078 0.0386729 0.034239 0.0294718 0.0263661 0.0226695 0.0192304 0.0165135 0.0146703 0.0121958 0.0107868 0.00876175 0.00758005 0.0068781 0.00550955 0.0046662 0.00417635 0.00352995 0.0029795 0.00257045 0.0021513 0.0018887 0.0013635 0.00119685 0.0010403 0.0007777 0.0006666 0.0005454 0.0005858 0.0004848 0.00025755 0.00031815 0.00025755 0.00024745 0.00016665 0.0001818 0.00013635 0.0006363 
0.0228109 0.0570751 0.0802193 0.0937432 0.102055 0.104363 0.102929 0.099384 0.0957177 0.087966 0.0808152 0.0746845 0.0665085 0.0602617 0.0554642 0.0493032 0.0427281 0.0379962 0.0331886 0.0293961 0.0254975 0.0228866 0.0194122 0.0170892 0.0149228 0.012625 0.0110646 0.0096455 0.0082315 0.00683265 0.00644885 0.00534795 0.0042925 0.00396425 0.00328755 0.00288355 0.00257045 0.00201495 0.0018281 0.00158065 0.00114635 0.00099485 0.0010201 0.00073225 0.00070195 0.0006161 0.0004848 0.00031815 0.0003232 0.00025755 0.00152005 
0.00583275 0.017675 0.027568 0.0359207 0.0425917 0.0460156 0.0502172 0.0521514 0.0526261 0.0517928 0.0511111 0.0496668 0.0465661 0.0436522 0.0408949 0.0379609 0.0345269 0.0321786 0.0292749 0.0262499 0.0240178 0.0210535 0.0191597 0.0170286 0.0154631 0.0134684 0.0120291 0.0109232 0.00911525 0.00835775 0.0072821 0.00633775 0.00552975 0.00479245 0.00410565 0.0040299 0.00325725 0.00292395 0.0024543 0.0018988 0.001919 0.0015352 0.0011615 0.00135845 0.0010605 0.000909 0.00082315 0.00061105 0.00049995 0.00047975 0.00263105 
0.0047571 0.013534 0.0215938 0.0288557 0.0340421 0.0394506 0.0424049 0.0443794 0.0452632 0.0465762 0.0457732 0.0447026 0.0436573 0.0418393 0.039794 0.0375316 0.0340673 0.0325422 0.0305273 0.0275023 0.0256338 0.0234573 0.0207353 0.0192153 0.0174478 0.0154985 0.0143976 0.0128321 0.011004 0.0097768 0.0087668 0.0079689 0.0071508 0.00643875 0.00532775 0.00491365 0.00435815 0.0037168 0.00349965 0.00288355 0.0024644 0.00216645 0.0018483 0.0015251 0.0014746 0.00124735 0.00099485 0.0009797 0.0008282 0.0007575 0.004343 
0.00261085 0.00756995 0.0125745 0.0171145 0.0208161 0.0241491 0.027366 0.0302293 0.0317595 0.0325018 0.032623 0.0326331 0.0326129 0.0322392 0.0311787 0.0299718 0.0290173 0.0274518 0.0266186 0.0245329 0.0234219 0.0207353 0.0203263 0.0185133 0.0163469 0.0153369 0.0137613 0.0125493 0.0118827 0.0104535 0.00942835 0.00869105 0.0076457 0.00690335 0.0061711 0.0054944 0.00487325 0.00446925 0.00382285 0.00369155 0.0031916 0.00269165 0.00239875 0.00206545 0.00187355 0.00166145 0.0012928 0.00117665 0.00115645 0.00104535 0.0063226 
0.00189375 0.00571155 0.00936775 0.0131452 0.0161247 0.0192203 0.0214827 0.0237249 0.0249975 0.0268307 0.0276942 0.0275528 0.0274973 0.0283861 0.0278154 0.0269317 0.0262954 0.024336 0.0236997 0.0220635 0.0214171 0.0208919 0.0195385 0.0178568 0.0166095 0.0152258 0.0140441 0.0131856 0.0116504 0.0105394 0.0101 0.008585 0.00806485 0.007878 0.00689325 0.0058176 0.00598425 0.0051207 0.00463085 0.00404 0.00373195 0.0031613 0.00271185 0.0026765 0.0022725 0.00211595 0.0018079 0.0015554 0.0012726 0.00142915 0.00887285 
0.00146955 0.00405515 0.0069892 0.0094738 0.0117463 0.0136704 0.0157005 0.0181952 0.0190082 0.0207454 0.020801 0.0216797 0.0215585 0.0228159 0.0221241 0.0224069 0.0221342 0.0214019 0.0206545 0.0198465 0.0192708 0.0179427 0.0171044 0.0163014 0.015852 0.0149834 0.0140693 0.0123422 0.0115494 0.0108929 0.00977175 0.00945865 0.0082719 0.0075144 0.00708515 0.00653975 0.00609535 0.0051813 0.00530755 0.0044339 0.00401475 0.00370165 0.00308555 0.0028482 0.0023533 0.00250985 0.0021513 0.0017069 0.00176245 0.0015049 0.0111151 
0.00114635 0.00322695 0.00582265 0.00723665 0.00904455 0.0110141 0.012726 0.0146854 0.0152005 0.0169731 0.0172306 0.0183315 0.0185335 0.0188719 0.018781 0.0188365 0.0186749 0.0186093 0.0177407 0.017675 0.0168367 0.016867 0.0159934 0.0146097 0.0140744 0.0138774 0.0128826 0.0118524 0.0112312 0.0109434 0.0092718 0.00954955 0.00859005 0.00768105 0.00731745 0.00678215 0.00604485 0.00558025 0.00548935 0.0048884 0.00430765 0.00392385 0.0036461 0.0031815 0.0029997 0.0027573 0.00229775 0.00219675 0.00184325 0.00178265 0.0139279 
0.0007777 0.0026563 0.0045854 0.0056762 0.00780225 0.00851935 0.0101455 0.0110898 0.012418 0.0132613 0.0143673 0.0148975 0.0155995 0.0156601 0.0157611 0.0155389 0.0165438 0.015958 0.0155591 0.0152813 0.0147612 0.0146854 0.0142663 0.0141148 0.0136805 0.0122261 0.0124533 0.0114635 0.0102869 0.0108979 0.0094132 0.008888 0.0083022 0.00776185 0.0069791 0.00683265 0.0062822 0.00533785 0.00528735 0.00466115 0.004444 0.00408545 0.0035451 0.00319665 0.0033027 0.0029795 0.00272195 0.00229775 0.0019998 0.00181295 0.0160691 
0.0007676 0.0020907 0.0035754 0.0049086 0.0057368 0.0073427 0.0085951 0.0091001 0.010095 0.0111959 0.0119534 0.0124685 0.0128472 0.0129078 0.0133926 0.0137057 0.0144632 0.0136148 0.0134027 0.0128977 0.0130593 0.0131351 0.0129028 0.0124836 0.0120695 0.0120089 0.0112413 0.0109282 0.00987275 0.00952935 0.00913545 0.00820625 0.0077568 0.0076053 0.00726695 0.00664075 0.0063529 0.00600445 0.0052015 0.0051308 0.0047066 0.00423695 0.00372185 0.00361075 0.00348955 0.00299465 0.00266135 0.00257045 0.00213615 0.00186345 0.0188214 
0.00061105 0.00162105 0.00275225 0.00395415 0.0048177 0.00583275 0.0067165 0.0076053 0.008383 0.0095142 0.009696 0.010398 0.0108474 0.0112413 0.0112918 0.0115342 0.0118625 0.0123271 0.0118069 0.0118928 0.0117817 0.0114837 0.0114282 0.0112767 0.0112565 0.0102414 0.0100798 0.0099081 0.00978185 0.00872135 0.00861025 0.00817595 0.00758005 0.007373 0.0068781 0.0060499 0.00600445 0.00553985 0.00533785 0.0051409 0.00431775 0.00437835 0.00420665 0.0037572 0.00328755 0.00296435 0.00295425 0.0026159 0.0024644 0.00211595 0.0210484 
0.00044945 0.00142915 0.0024543 0.0031613 0.0044642 0.0048379 0.00592365 0.0061913 0.00733765 0.0079285 0.0084537 0.008888 0.0092516 0.0094435 0.00979195 0.0099586 0.0104384 0.0101303 0.0105798 0.0103424 0.0105242 0.00987275 0.0101152 0.0098475 0.00967075 0.00978185 0.00910515 0.008989 0.0087466 0.00800425 0.0076053 0.00771135 0.00718615 0.00683265 0.00641855 0.00600445 0.00598425 0.00573175 0.004949 0.00506515 0.00434805 0.00418645 0.00408545 0.00373195 0.00361075 0.0030098 0.00295425 0.0025553 0.00241895 0.00219675 0.023533 
0.00040905 0.00106555 0.00189375 0.00290375 0.0035653 0.004141 0.00490355 0.0052924 0.00618625 0.0068478 0.0068175 0.0074437 0.0082719 0.0081305 0.008686 0.0087264 0.00926675 0.00917585 0.0096758 0.00920615 0.008787 0.00905465 0.00901425 0.00898395 0.008787 0.0084234 0.0085446 0.0079891 0.00802445 0.00752955 0.00748915 0.00712555 0.0066256 0.0066963 0.00607515 0.00585295 0.00558025 0.00517625 0.00495405 0.00471165 0.0043935 0.00432785 0.0040198 0.003434 0.00358045 0.00308555 0.0029694 0.00280275 0.00251995 0.00220685 0.0249824 
0.0003636 0.00100495 0.0015958 0.00226745 0.0030098 0.003838 0.00418645 0.0043935 0.005151 0.00575195 0.0062317 0.0058681 0.00682255 0.0072013 0.007676 0.0076053 0.0077669 0.0078073 0.00795375 0.0081103 0.00807495 0.00843855 0.00821635 0.00818605 0.00781235 0.00778205 0.0073932 0.00720635 0.0070902 0.00734775 0.00702455 0.0064135 0.0064438 0.0058479 0.0057267 0.00549945 0.0052015 0.0051207 0.0049894 0.0043935 0.0044844 0.00392385 0.0037976 0.00357035 0.0034239 0.0031209 0.0028987 0.0025856 0.0024442 0.00234825 0.0272246 
0.00037875 0.00088375 0.00137865 0.00185335 0.0025553 0.00305525 0.00335825 0.0040097 0.0047773 0.00487325 0.0056358 0.00573175 0.0056863 0.0061711 0.0062014 0.00673165 0.0069084 0.0066761 0.00706495 0.0072316 0.0071609 0.0074841 0.00721645 0.00711545 0.00742855 0.0069791 0.00670135 0.0068983 0.00666095 0.0062317 0.00608525 0.0058378 0.00568125 0.0056661 0.00541865 0.00516615 0.00495405 0.00500455 0.00464095 0.00436825 0.00397435 0.0039592 0.0036057 0.0034542 0.00315625 0.00294415 0.0028583 0.00267145 0.0022826 0.00248965 0.0285275 
0.0002323 0.000707 0.00120695 0.00171195 0.0019493 0.0026361 0.00292395 0.0034946 0.0040198 0.00409555 0.00440865 0.00448945 0.005252 0.005454 0.00600445 0.0058176 0.0057974 0.0062519 0.00640845 0.0063125 0.0063125 0.0064842 0.0064135 0.0064539 0.0063428 0.00648925 0.0062721 0.0061913 0.00594385 0.006262 0.0057166 0.00582265 0.0056156 0.00507525 0.00483285 0.004646 0.0047773 0.0045753 0.0042824 0.0040602 0.0039491 0.003737 0.00401475 0.0033532 0.00299465 0.0029694 0.00279265 0.0026361 0.00243915 0.00244925 0.0288103 
0.0002424 0.0006767 0.00101 0.00131805 0.00179275 0.0021412 0.0027068 0.00297445 0.0034845 0.0038683 0.0038986 0.00407535 0.00474195 0.004848 0.00527725 0.0052015 0.00521665 0.0053833 0.00552975 0.00570145 0.0059287 0.00598425 0.0059792 0.0056964 0.00530755 0.0055853 0.0056762 0.0056156 0.0053328 0.00541865 0.00531765 0.0050601 0.00513585 0.0049187 0.00479245 0.00459045 0.0043935 0.0042016 0.00406525 0.0040905 0.0036158 0.00361075 0.00356025 0.0033633 0.00324715 0.0029189 0.00283305 0.0024846 0.00254015 0.00220685 0.0301384 
0.00019695 0.00059085 0.00099485 0.00134835 0.0014645 0.0018483 0.0022725 0.002626 0.00287345 0.00318655 0.0034643 0.0037269 0.0040804 0.00412585 0.00449955 0.00462075 0.00458035 0.0046864 0.0049591 0.00499445 0.0052823 0.00489345 0.0053126 0.00533785 0.00483285 0.0052621 0.0049288 0.0053631 0.00510555 0.00501465 0.00467125 0.0045551 0.00467125 0.00422685 0.0042925 0.00422685 0.0042925 0.0038683 0.00382285 0.00355015 0.00360065 0.0035249 0.0031916 0.0032522 0.0029391 0.0027472 0.00295425 0.00227755 0.00234825 0.002323 0.0305778 
0 0 0 0 0 0 0 0 0 0 0 0 0 0 0 0 0 0 0 0 0 0 0 0 0 0 0 0 0 0 0 0 0 0 0 0 0 0 0 0 0 0 0 0 0 0 0 0 0 0 0 
