Half rod, albedo problem, Anisotropic scattering, exponential random flight, mu_t: 1 g: -0.7
Analogmu_t c: 0.7 maxx: 10 dx: 0.19802 numsamples: 10000000 numCollisionOrders: 20 numMoments: 10
total albedo: 0.380517
per-collision order albedos: 
0 0.297388 0.0312759 0.0296494 0.008631 0.0064633 0.0027627 0.0018492 0.0009463 0.0006065 0.0003614 0.0002228 0.0001332 7.78e-05 5.56e-05 3.19e-05 2.36e-05 1.32e-05 9.8e-06 5.9e-06 
Collision density L:
0.356212 0.312481 0.273485 0.239474 0.209453 0.183408 0.161104 0.141096 0.123468 0.107986 0.0948799 0.0829104 0.0727629 0.0640542 0.0560025 0.0489113 0.0427144 0.0378543 0.0327548 0.0287497 0.0251283 0.0218998 0.0192147 0.0168175 0.0148824 0.0131007 0.01151 0.0100838 0.0086759 0.00767247 0.00670893 0.00581104 0.00514141 0.00452884 0.00402081 0.00339764 0.00297142 0.00262247 0.00226998 0.00202354 0.00179427 0.00153318 0.00132159 0.00117615 0.00108171 0.000900415 0.00084133 0.000720635 0.000592365 0.00051106 0.00365115 
Collision density R:
0.937238 0.821187 0.71808 0.629975 0.551087 0.483061 0.42309 0.370956 0.324931 0.283787 0.249301 0.218295 0.190815 0.167436 0.146797 0.128531 0.112171 0.0985942 0.086756 0.0756278 0.0663757 0.0581992 0.0508459 0.0447324 0.0389941 0.0341789 0.0298829 0.0261302 0.0232497 0.0203414 0.0177856 0.0155166 0.013535 0.0118534 0.0103914 0.00910263 0.00793406 0.00694931 0.0060595 0.0052313 0.00467024 0.00405364 0.00354662 0.00307949 0.00274064 0.00244824 0.0021205 0.00183467 0.00165236 0.00136249 0.00984649 
Density Moments:
2.0643 3.08574 9.21881 41.2674 246.119 1835.01 16435.9 172057 2.06194e+06 2.78089e+07 
Per-collision Density Moments:
1 0.999852 1.99976 5.99878 23.9836 119.801 718.055 5026.7 40336.1 365893 
0.402512 0.507507 1.22516 4.3055 19.736 111.233 743.254 5747.24 50543.5 498577 
0.250476 0.480834 1.44502 5.85364 29.7703 182.086 1300.38 10602.1 96869.9 976000 
0.145623 0.304456 1.01412 4.52628 25.1419 166.633 1282.15 11232.2 110345 1.19991e+06 
0.0932861 0.237393 0.895225 4.38598 26.2748 185.498 1504.35 13749.6 139590 1.55678e+06 
0.0588453 0.16064 0.653724 3.44121 22.0218 165.127 1414.75 13596.1 144506 1.67967e+06 
0.0384402 0.117841 0.520524 2.92596 19.7859 155.522 1386.68 13759.9 149588 1.75845e+06 
0.0250722 0.0816904 0.383203 2.28005 16.2781 134.965 1270.96 13367.6 154894 1.95382e+06 
0.0166378 0.0585044 0.291086 1.81983 13.5697 117.018 1142.41 12421.5 148429 1.92729e+06 
0.0110212 0.0407744 0.213126 1.39575 10.8681 97.6672 994.256 11331.9 143599 2.01481e+06 
0.0073411 0.0288563 0.158155 1.07936 8.73666 81.6527 867.418 10379.5 139046 2.07074e+06 
0.004899 0.0201149 0.114983 0.8162 6.84297 65.8636 715.207 8670.31 116613 1.73175e+06 
0.0032831 0.0141435 0.084297 0.622155 5.41899 54.2326 613.692 7776.41 109657 1.7109e+06 
0.0022058 0.00987012 0.0608249 0.462292 4.12391 41.8873 473.886 5866.64 78293.9 1.1121e+06 
0.0015025 0.00696775 0.0445131 0.350855 3.24729 34.2457 402.573 5180.68 71852.4 1.05961e+06 
0.0010155 0.00486202 0.0320131 0.260763 2.5028 27.4429 335.727 4494.57 64818.7 994507 
0.0006781 0.00337125 0.0229423 0.192014 1.88524 21.0798 262.166 3553.21 51576.9 790610 
0.0004631 0.00239367 0.0168292 0.145975 1.50198 17.8981 242.136 3652.43 60457.9 1.0832e+06 
0.0003185 0.00171088 0.0124955 0.112645 1.20094 14.7288 202.949 3073.63 50170.1 868247 
0 0 0 0 0 0 0 0 0 0 
Per-collision Densities L:
0 0 0 0 0 0 0 0 0 0 0 0 0 0 0 0 0 0 0 0 0 0 0 0 0 0 0 0 0 0 0 0 0 0 0 0 0 0 0 0 0 0 0 0 0 0 0 0 0 0 0 
0.269943 0.221416 0.18172 0.149052 0.12204 0.100074 0.082265 0.0674539 0.0554732 0.0454177 0.037324 0.0305485 0.0251157 0.0206585 0.017065 0.0137239 0.0112857 0.00938896 0.00765277 0.00633624 0.00508838 0.00415565 0.00347541 0.00278861 0.00239926 0.00189981 0.00156298 0.00133169 0.00103879 0.00088173 0.000690335 0.00058479 0.000477225 0.00041309 0.00033532 0.000277245 0.00021513 0.00016665 0.00014342 0.000116655 0.000101505 7.3225e-05 6.161e-05 5.858e-05 4.7975e-05 3.6865e-05 3.5855e-05 2.9795e-05 1.818e-05 1.7675e-05 7.171e-05 
0.0309146 0.0301339 0.0283719 0.0264196 0.0241092 0.0220584 0.0196354 0.0176705 0.015457 0.013791 0.0119907 0.010452 0.00914151 0.00801637 0.00683922 0.00594385 0.00498991 0.00440057 0.00368549 0.00313201 0.00277296 0.00235229 0.00192456 0.00166701 0.00146349 0.00117463 0.00102465 0.00091102 0.000741845 0.00062923 0.000539845 0.000410565 0.00036663 0.00030805 0.000258055 0.000223715 0.00018483 0.000161095 0.000131805 0.00010302 9.3425e-05 7.6255e-05 6.0095e-05 5.454e-05 4.0905e-05 4.2925e-05 2.929e-05 3.1815e-05 1.9695e-05 1.8685e-05 9.3425e-05 
0.0316842 0.0344698 0.0349955 0.0343925 0.0331346 0.0310923 0.0289582 0.02636 0.0238304 0.0212746 0.0191264 0.017018 0.0149889 0.0132451 0.0115514 0.0100303 0.00881781 0.00763762 0.00658066 0.00565954 0.00489951 0.00419251 0.00354611 0.00308252 0.00266792 0.00235835 0.00197809 0.00165337 0.00141552 0.00123372 0.00097465 0.000863045 0.000723665 0.000607515 0.000538835 0.000453995 0.00035653 0.000320675 0.00025654 0.000205535 0.000206545 0.000161095 0.000129785 0.000112615 9.393e-05 8.1305e-05 7.474e-05 5.353e-05 5.05e-05 4.343e-05 0.00022422 
0.00903698 0.00984649 0.0104368 0.0106131 0.0105787 0.0101763 0.0100323 0.00963439 0.0090597 0.00840724 0.00789618 0.00728311 0.00668822 0.00604485 0.00554389 0.00503536 0.0044536 0.00404556 0.0035951 0.00318706 0.00282194 0.00244723 0.00218918 0.00191648 0.00170135 0.0015044 0.00136451 0.00113878 0.000968085 0.000828705 0.00076053 0.00064539 0.00059186 0.000500455 0.000419655 0.000340875 0.0003333 0.00025957 0.000241895 0.00020301 0.0001616 0.00014241 0.00011615 9.898e-05 9.393e-05 8.5345e-05 7.07e-05 5.656e-05 3.9895e-05 4.747e-05 0.000230785 
0.00692608 0.00791234 0.00846027 0.00886275 0.00897335 0.00900314 0.00886679 0.00867237 0.00824564 0.00792396 0.00754066 0.00692204 0.00651652 0.00599284 0.00547471 0.00503283 0.00455258 0.00415969 0.0037163 0.00335926 0.00298506 0.00269771 0.00238764 0.00209272 0.00185992 0.00164327 0.00145895 0.00133674 0.00111151 0.0009898 0.0008989 0.00072316 0.00063125 0.000580245 0.000503485 0.00044541 0.000371175 0.000321685 0.00027775 0.000239875 0.00021008 0.000173215 0.00014847 0.000139885 0.00013231 9.292e-05 9.292e-05 8.3325e-05 6.363e-05 5.5045e-05 0.00032522 
0.00296738 0.0033325 0.00361227 0.00375518 0.00385315 0.0039587 0.00405616 0.00398142 0.003888 0.00378397 0.00371125 0.00354005 0.00340168 0.00321837 0.00300071 0.0028376 0.00261691 0.00241693 0.00214777 0.00198566 0.00183618 0.0016458 0.00148874 0.00135593 0.00124079 0.00112868 0.000994345 0.000878195 0.00082719 0.00068276 0.00061206 0.000554995 0.000492375 0.000428745 0.000407535 0.000328755 0.000305525 0.000262095 0.000237855 0.00022018 0.00017372 0.00015756 0.000144935 0.00011009 0.00011312 9.5445e-05 8.0295e-05 6.2115e-05 5.656e-05 4.3935e-05 0.00030906 
0.00201546 0.00222251 0.00248713 0.00265125 0.00286537 0.0028982 0.00295779 0.00293658 0.00297294 0.00288456 0.00284366 0.00275124 0.00254571 0.00253965 0.00235482 0.0022619 0.00209474 0.00200536 0.00180083 0.001666 0.00154682 0.00139835 0.00132815 0.00122059 0.00103475 0.00099182 0.00087466 0.00078982 0.000721645 0.000652965 0.000585295 0.000543885 0.000471165 0.000414605 0.000370165 0.0003333 0.000272195 0.00024341 0.000227755 0.000197455 0.00018483 0.000162105 0.000126755 0.00013029 0.00011413 8.787e-05 8.282e-05 7.8275e-05 6.2115e-05 4.9995e-05 0.000362085 
0.00102061 0.0012014 0.00130795 0.00139128 0.00141299 0.00154177 0.00160641 0.00154278 0.00161701 0.00161449 0.00154025 0.0014645 0.0014943 0.00147208 0.00136148 0.0013332 0.00123271 0.00121806 0.00115999 0.0010802 0.00100041 0.00089183 0.00086355 0.00079285 0.00073932 0.00067266 0.00062822 0.00057368 0.000491365 0.000475205 0.00043026 0.00040299 0.00033936 0.00031411 0.000290375 0.000227755 0.00020806 0.00019897 0.0001616 0.000152005 0.00014241 0.00012524 0.00010201 9.292e-05 8.585e-05 7.272e-05 8.2315e-05 6.7165e-05 4.747e-05 4.04e-05 0.000302495 
0.000676195 0.000769115 0.00082214 0.000938795 0.00098778 0.00103071 0.00108626 0.0011004 0.00110393 0.00107919 0.00109131 0.00106404 0.00101455 0.00101202 0.00104687 0.00097162 0.000920615 0.000906475 0.00081709 0.000779215 0.0007373 0.000705485 0.00065953 0.00057469 0.000558025 0.00051308 0.000471165 0.000423695 0.000400465 0.0003838 0.000332795 0.00029189 0.00028886 0.000254015 0.000235835 0.00019998 0.000187355 0.000164125 0.00015352 0.000138875 0.000125745 0.00011009 0.000108575 8.5345e-05 8.5345e-05 6.262e-05 6.4135e-05 5.5045e-05 4.7975e-05 4.0905e-05 0.000300475 
0.00037673 0.000459045 0.000468135 0.000518635 0.00056055 0.00059186 0.00055348 0.00064842 0.000651955 0.000626705 0.000632765 0.000645895 0.000640845 0.000601455 0.00059994 0.00058984 0.000565095 0.000572165 0.000546915 0.000512575 0.00046763 0.0004343 0.00041006 0.000432785 0.000390365 0.00036158 0.00033734 0.000305525 0.000284315 0.00027371 0.00025351 0.00022018 0.00019897 0.000189375 0.000177255 0.000144935 0.00013938 0.00013736 0.00011009 0.000110595 0.00010302 9.0395e-05 7.474e-05 6.262e-05 5.757e-05 5.353e-05 5.353e-05 4.5955e-05 4.4945e-05 3.1815e-05 0.00025452 
0.00025452 0.000266135 0.00029593 0.00032724 0.00036865 0.00037572 0.00041713 0.000400465 0.0004242 0.00042319 0.00043329 0.0004444 0.0004545 0.000441875 0.00040602 0.00040198 0.000401475 0.000373195 0.0003434 0.00034845 0.000326735 0.00030502 0.000308555 0.00029492 0.00024846 0.000266135 0.0002727 0.000228765 0.000201495 0.00018887 0.00019089 0.00015251 0.00016059 0.000140895 0.00013231 0.00011514 0.000116655 0.00010504 8.08e-05 9.2415e-05 6.969e-05 5.555e-05 6.06e-05 4.9995e-05 5.6055e-05 4.444e-05 4.5955e-05 3.6865e-05 3.1815e-05 2.3735e-05 0.000230785 
0.00014544 0.00016564 0.00019998 0.00021008 0.000184325 0.00022321 0.00023432 0.00024745 0.000258055 0.00026866 0.000265125 0.00027068 0.00026563 0.00028886 0.0002626 0.000257045 0.000270175 0.00021917 0.000224725 0.000237855 0.00021816 0.000218665 0.00019796 0.00018685 0.000174225 0.00020099 0.00016463 0.00016867 0.00012928 0.000113625 0.00012827 0.000119685 0.0001212 0.00010302 0.00010403 8.1305e-05 8.08e-05 7.575e-05 6.7165e-05 6.9185e-05 5.858e-05 4.5955e-05 4.545e-05 4.343e-05 4.444e-05 3.434e-05 2.929e-05 2.5755e-05 2.6765e-05 2.1715e-05 0.000194425 
9.595e-05 0.00010302 0.00010504 0.000128775 0.00012322 0.00013231 0.000155035 0.000152005 0.00017675 0.00016463 0.00017978 0.00018079 0.000175235 0.000180285 0.00017776 0.000166145 0.000182305 0.00015958 0.00017574 0.000172205 0.000131805 0.00014847 0.00015453 0.00013332 0.00012827 0.000137865 0.000125745 0.00010302 0.00010605 0.00010908 9.6455e-05 8.4335e-05 7.373e-05 7.272e-05 7.0195e-05 6.9185e-05 5.252e-05 5.3025e-05 4.747e-05 4.646e-05 3.434e-05 4.646e-05 3.7875e-05 2.9795e-05 2.3735e-05 3.232e-05 2.727e-05 2.6765e-05 2.525e-05 1.6665e-05 0.000162105 
5.757e-05 7.7265e-05 7.07e-05 7.373e-05 0.000105545 8.989e-05 9.0395e-05 0.00011009 0.00010504 0.000121705 0.00010504 0.00011211 0.000104535 0.000118675 0.0001111 0.000124735 0.00011514 0.00011716 0.000105545 9.898e-05 9.595e-05 0.00011009 8.888e-05 9.0395e-05 8.989e-05 7.07e-05 6.969e-05 7.4235e-05 8.383e-05 6.8175e-05 6.363e-05 6.2115e-05 5.4035e-05 5.353e-05 4.8985e-05 4.242e-05 4.4945e-05 4.04e-05 3.636e-05 3.6865e-05 3.737e-05 2.7775e-05 2.424e-05 3.2825e-05 2.929e-05 2.1715e-05 1.818e-05 2.2725e-05 1.616e-05 1.5655e-05 0.00013231 
3.737e-05 3.737e-05 4.5955e-05 5.252e-05 5.6055e-05 5.2015e-05 6.2115e-05 7.575e-05 6.9185e-05 6.7165e-05 6.969e-05 7.474e-05 7.272e-05 7.676e-05 7.3225e-05 7.272e-05 7.979e-05 7.5245e-05 6.363e-05 6.262e-05 7.0195e-05 6.7165e-05 5.8075e-05 6.868e-05 6.161e-05 5.555e-05 4.949e-05 5.05e-05 5.2015e-05 5.353e-05 4.2925e-05 4.8985e-05 4.444e-05 4.646e-05 4.0905e-05 2.828e-05 2.828e-05 3.7875e-05 2.3735e-05 2.424e-05 2.424e-05 2.323e-05 2.626e-05 2.121e-05 1.616e-05 1.414e-05 1.0605e-05 1.212e-05 1.515e-05 1.111e-05 0.000108575 
2.3735e-05 2.3735e-05 2.9795e-05 3.2825e-05 3.6865e-05 3.9895e-05 4.646e-05 4.1915e-05 4.9995e-05 4.6965e-05 4.646e-05 4.848e-05 4.7975e-05 5.151e-05 5.151e-05 3.939e-05 4.444e-05 5.4035e-05 3.939e-05 3.838e-05 4.4945e-05 4.343e-05 4.242e-05 3.838e-05 3.4845e-05 3.7875e-05 4.747e-05 3.737e-05 2.9795e-05 3.5855e-05 3.1815e-05 3.3835e-05 2.727e-05 2.6765e-05 2.828e-05 2.2725e-05 2.323e-05 2.222e-05 2.1715e-05 1.4645e-05 1.515e-05 2.0705e-05 1.313e-05 1.3635e-05 1.01e-05 1.1615e-05 1.01e-05 1.01e-05 5.555e-06 7.575e-06 8.0295e-05 
1.4645e-05 1.6665e-05 2.1715e-05 2.0705e-05 2.0705e-05 2.222e-05 2.7775e-05 2.727e-05 2.8785e-05 3.333e-05 2.323e-05 2.8785e-05 2.828e-05 3.232e-05 2.3735e-05 3.535e-05 3.03e-05 3.2825e-05 3.3835e-05 3.333e-05 3.03e-05 2.6765e-05 2.525e-05 2.8785e-05 2.323e-05 2.727e-05 2.3735e-05 2.525e-05 2.3735e-05 2.6765e-05 2.5755e-05 2.323e-05 2.4745e-05 2.1715e-05 1.8685e-05 2.1715e-05 1.5655e-05 1.6665e-05 1.616e-05 1.3635e-05 1.616e-05 1.1615e-05 1.0605e-05 1.1615e-05 1.0605e-05 5.05e-06 9.595e-06 6.06e-06 6.565e-06 7.07e-06 6.565e-05 
6.565e-06 1.01e-05 1.01e-05 1.6665e-05 1.212e-05 1.616e-05 1.8685e-05 1.717e-05 1.4645e-05 1.8685e-05 1.8685e-05 2.1715e-05 2.8785e-05 1.9695e-05 1.717e-05 2.3735e-05 1.919e-05 2.424e-05 1.9695e-05 1.6665e-05 2.02e-05 1.818e-05 1.919e-05 1.111e-05 2.222e-05 2.1715e-05 2.0705e-05 1.919e-05 1.6665e-05 1.818e-05 1.6665e-05 1.111e-05 1.515e-05 1.5655e-05 1.616e-05 1.111e-05 9.595e-06 1.111e-05 1.111e-05 1.111e-05 9.595e-06 9.09e-06 5.555e-06 3.535e-06 7.575e-06 7.07e-06 7.575e-06 1.01e-06 4.04e-06 4.545e-06 4.444e-05 
0 0 0 0 0 0 0 0 0 0 0 0 0 0 0 0 0 0 0 0 0 0 0 0 0 0 0 0 0 0 0 0 0 0 0 0 0 0 0 0 0 0 0 0 0 0 0 0 0 0 0 
Per-collision Densities L:
0.907715 0.744859 0.609645 0.50129 0.41085 0.336699 0.276387 0.226858 0.18634 0.152396 0.125342 0.102583 0.0842795 0.0690047 0.0567994 0.0464312 0.037924 0.0314272 0.0257585 0.0211146 0.017272 0.0141355 0.0116201 0.00969853 0.00783558 0.00638573 0.00524847 0.00427685 0.00363398 0.00287345 0.00243511 0.00199627 0.00158267 0.00130593 0.00110494 0.00089284 0.00072215 0.000579235 0.00050197 0.00037774 0.00033835 0.000237855 0.0002121 0.0001919 0.000155035 0.000126755 9.393e-05 8.3325e-05 7.3225e-05 6.464e-05 0.000242905 
0.00915363 0.022875 0.031663 0.036307 0.0382926 0.0384032 0.0373392 0.035449 0.032727 0.0301475 0.027217 0.0246087 0.0216751 0.0194728 0.0169902 0.0149036 0.0129123 0.0113898 0.00986164 0.00855723 0.00743057 0.00635846 0.00539189 0.00464954 0.00399051 0.00341835 0.00290224 0.00244319 0.00211191 0.00178013 0.00154429 0.0012928 0.00111353 0.00091708 0.000750935 0.000650945 0.000580245 0.00047066 0.000385315 0.000324715 0.000280275 0.000245935 0.000195435 0.000143925 0.00012625 0.0001111 9.8475e-05 8.484e-05 6.565e-05 5.7065e-05 0.00027674 
0.0154823 0.0392021 0.0543153 0.0623377 0.0661904 0.0670418 0.0652899 0.0623726 0.0582235 0.0533654 0.0490759 0.0442582 0.0396006 0.0353995 0.0314297 0.0277129 0.0243582 0.0212252 0.0186183 0.0160933 0.013986 0.012068 0.010452 0.00893951 0.00772903 0.00668115 0.00570701 0.00484194 0.00428341 0.00365368 0.00308 0.00255833 0.00216948 0.0018478 0.00160893 0.00135946 0.00112767 0.000969095 0.000786285 0.00067064 0.000577215 0.00050803 0.000410565 0.000367135 0.00028583 0.000244925 0.000208565 0.000176245 0.000147965 0.00012221 0.000679225 
0.00179477 0.00530806 0.00829968 0.0109737 0.0127321 0.0143875 0.0151399 0.0154959 0.0157393 0.0154747 0.0151561 0.0144516 0.013637 0.012879 0.0119907 0.0109923 0.0100808 0.00921625 0.00846936 0.00755682 0.00677559 0.00615242 0.00547319 0.0048677 0.00426523 0.00374912 0.00331785 0.00291587 0.00260631 0.00232149 0.00192961 0.00175892 0.00154076 0.00133522 0.00114029 0.00101051 0.0008686 0.00074437 0.00062822 0.000542875 0.000491365 0.000412585 0.0003333 0.000278255 0.000261085 0.000220685 0.000198465 0.00014746 0.000154025 0.000114635 0.000654985 
0.00175488 0.00500455 0.00793658 0.0104732 0.0124816 0.0139779 0.0148682 0.0155156 0.0156742 0.0155111 0.0151662 0.0146874 0.0140713 0.0133239 0.0123518 0.011567 0.010601 0.00974297 0.00899658 0.00809667 0.00743259 0.00680437 0.00597112 0.0053727 0.00475205 0.0043122 0.00382538 0.00335219 0.00296082 0.00266337 0.00231189 0.00202101 0.00180235 0.00156904 0.00135189 0.00117918 0.00102313 0.00091304 0.00080497 0.000668115 0.000572165 0.00051712 0.00044339 0.000363095 0.00032926 0.000290375 0.00024644 0.000215635 0.00019392 0.00015453 0.000958995 
0.00050197 0.00153773 0.00241289 0.00327897 0.00411222 0.00466065 0.00522776 0.0056555 0.00593678 0.00603425 0.00603879 0.00611151 0.00609788 0.00583528 0.00575498 0.00554086 0.00521918 0.00490608 0.00466519 0.0043627 0.00395516 0.00370418 0.00334159 0.00314767 0.00284012 0.00259065 0.00232704 0.00216948 0.001919 0.00172104 0.00156449 0.00135593 0.00124887 0.00110797 0.00093627 0.00087971 0.000766085 0.000660035 0.000616605 0.000536815 0.00046258 0.00042117 0.000377235 0.00031613 0.00029391 0.000242905 0.000216645 0.000183315 0.00015453 0.00013231 0.00090092 
0.000396425 0.00113272 0.00176346 0.00248208 0.00299364 0.00360924 0.00400768 0.00433189 0.0045142 0.00470711 0.00485558 0.00487679 0.00475256 0.00466822 0.00450359 0.00443693 0.00428139 0.00404808 0.00387739 0.00357793 0.00338805 0.00312545 0.00294062 0.00271337 0.00247955 0.00223665 0.00205232 0.00191799 0.00172508 0.0015756 0.00142663 0.00128725 0.0011408 0.00108323 0.00092112 0.00079992 0.000743865 0.000645895 0.000566105 0.00049692 0.000448945 0.00038582 0.000335825 0.000313605 0.000265125 0.000259065 0.000220685 0.00018685 0.000163115 0.00014746 0.000972125 
0.000169175 0.00047672 0.00080901 0.00110292 0.00126301 0.00161348 0.00184628 0.00199122 0.00211242 0.00225281 0.00233815 0.00243814 0.0023831 0.00240734 0.00242905 0.00242653 0.002323 0.00225331 0.00217908 0.0020498 0.00199778 0.00188062 0.00170135 0.00167711 0.00152864 0.00142461 0.00132058 0.00119483 0.00113322 0.0010398 0.00098374 0.00088274 0.00078477 0.00072215 0.0006767 0.00058075 0.00054237 0.0004747 0.00040299 0.00036562 0.000348955 0.00029391 0.000271185 0.00023735 0.000220685 0.0002121 0.000160085 0.00016867 0.000147965 0.00010807 0.00085042 
0.000115645 0.00034845 0.000518635 0.00071104 0.000917585 0.00115039 0.00123422 0.00135441 0.00148622 0.00159328 0.00164226 0.00165438 0.00167761 0.00168468 0.00177205 0.00171347 0.00169276 0.00162055 0.00160035 0.00154631 0.00146097 0.00136956 0.00135795 0.00124887 0.00115645 0.00111706 0.00102313 0.00097768 0.000929705 0.0008181 0.00074033 0.000696395 0.00062721 0.00054843 0.000556005 0.00048884 0.0004343 0.00040097 0.00037774 0.000327745 0.000306535 0.000242905 0.00023432 0.000212605 0.00019796 0.000186345 0.00014948 0.000133825 0.00012423 9.7465e-05 0.000814565 
6.2115e-05 0.00016564 0.00027977 0.000394405 0.000477225 0.00059388 0.000648925 0.00071104 0.000814565 0.00088678 0.000929705 0.000938795 0.000944855 0.00097768 0.000951925 0.000965055 0.000969095 0.000944855 0.00093829 0.0008989 0.00090395 0.00087567 0.000863045 0.000759015 0.000771135 0.000720635 0.000675185 0.00064135 0.000579235 0.000554995 0.00052217 0.00050298 0.000449955 0.000401475 0.000393395 0.000346935 0.000302495 0.000295425 0.00026967 0.000237855 0.000196445 0.000203515 0.00018584 0.0001717 0.000144935 0.000135845 0.000115645 0.00010302 0.00011312 7.9285e-05 0.00066862 
3.1815e-05 0.00011009 0.000164125 0.0002424 0.00031714 0.0003636 0.000424705 0.00046864 0.000508535 0.000557015 0.000590345 0.00064034 0.00063327 0.00065852 0.000687305 0.00065751 0.000671145 0.000670135 0.00064539 0.00063226 0.00064135 0.000586305 0.00060802 0.000577215 0.00055954 0.00050399 0.00048884 0.00044743 0.000438845 0.00040097 0.00038784 0.000380265 0.00033532 0.00030502 0.000273205 0.00026563 0.000225735 0.000224725 0.000214625 0.000188365 0.000172205 0.000133825 0.00013635 0.000130795 0.000115645 0.000105545 0.00010807 8.787e-05 7.676e-05 6.868e-05 0.000594385 
2.2725e-05 5.656e-05 0.00011009 0.000141905 0.000167155 0.00019998 0.00025553 0.00028381 0.00031108 0.00032118 0.00032522 0.00035653 0.000394405 0.000402485 0.000410565 0.00042925 0.00038279 0.000396425 0.000389355 0.000397435 0.00037774 0.0003838 0.000356025 0.000378245 0.00036562 0.000347945 0.00032926 0.000317645 0.000296435 0.00028785 0.000262095 0.000241895 0.00020402 0.00023028 0.000200485 0.000172205 0.000184325 0.00015857 0.0001414 0.000132815 0.00014241 0.000116655 0.00011211 9.0395e-05 8.8375e-05 8.6355e-05 7.878e-05 7.1205e-05 5.757e-05 5.7065e-05 0.00047975 
1.5655e-05 4.343e-05 5.8075e-05 8.383e-05 0.000113625 0.000137865 0.000165135 0.00016463 0.00018988 0.000206545 0.00022422 0.000267145 0.000236845 0.000244925 0.00027977 0.000266135 0.00028179 0.00026462 0.00026058 0.000248965 0.00027472 0.000240885 0.00025048 0.000241895 0.00024341 0.000222705 0.000229775 0.000214625 0.00020301 0.000213615 0.00018887 0.000172205 0.000185335 0.000148975 0.000139885 0.000140895 0.000127765 0.000121705 0.00010504 9.6455e-05 9.292e-05 9.0395e-05 8.2315e-05 6.969e-05 6.969e-05 5.959e-05 6.6155e-05 5.1005e-05 4.949e-05 4.141e-05 0.000398445 
6.565e-06 2.828e-05 4.5955e-05 5.9085e-05 7.0195e-05 8.7365e-05 9.3425e-05 0.00011817 0.00012019 0.000119685 0.00013635 0.000155035 0.00014544 0.00016867 0.000154025 0.000156045 0.00017069 0.000160085 0.0001616 0.000179275 0.000149985 0.000185335 0.000179275 0.00014342 0.00015453 0.000155035 0.000145945 0.000135845 0.000134835 0.00013635 0.000136855 0.000110595 0.000101 9.2415e-05 0.000106555 0.000106555 8.282e-05 8.1305e-05 8.484e-05 8.787e-05 6.767e-05 6.565e-05 6.5145e-05 5.5045e-05 4.848e-05 4.6965e-05 4.1915e-05 3.03e-05 3.0805e-05 3.232e-05 0.00031411 
5.555e-06 1.818e-05 2.424e-05 3.232e-05 4.0905e-05 5.151e-05 5.454e-05 6.7165e-05 8.181e-05 7.6255e-05 9.0395e-05 0.00010403 0.00010201 0.000114635 0.000101505 0.00011817 0.000105545 0.00011615 0.00011009 0.00010403 0.000115645 0.000110595 0.000106555 0.00010908 0.000116655 0.000110595 9.595e-05 9.595e-05 0.00010504 9.5445e-05 8.686e-05 8.181e-05 7.3225e-05 6.9185e-05 7.3225e-05 6.161e-05 6.0095e-05 6.5145e-05 4.6965e-05 4.6965e-05 5.151e-05 5.656e-05 4.343e-05 4.04e-05 3.9895e-05 3.0805e-05 2.9795e-05 2.929e-05 2.727e-05 2.929e-05 0.00024543 
3.03e-06 1.0605e-05 1.2625e-05 1.9695e-05 2.626e-05 3.6865e-05 4.343e-05 4.444e-05 5.4035e-05 5.05e-05 6.868e-05 6.666e-05 6.1105e-05 7.272e-05 7.878e-05 7.979e-05 7.474e-05 7.2215e-05 6.969e-05 6.363e-05 6.464e-05 8.3325e-05 7.9285e-05 7.474e-05 6.5145e-05 6.5145e-05 6.868e-05 5.959e-05 5.9085e-05 6.8175e-05 6.464e-05 5.656e-05 5.7065e-05 4.9995e-05 4.04e-05 5.05e-05 3.9895e-05 4.2925e-05 3.6865e-05 4.04e-05 3.333e-05 3.03e-05 3.333e-05 2.323e-05 2.323e-05 2.9795e-05 2.323e-05 2.02e-05 1.9695e-05 1.5655e-05 0.000187355 
4.04e-06 5.05e-07 4.545e-06 2.0705e-05 1.5655e-05 2.0705e-05 2.6765e-05 2.727e-05 3.3835e-05 2.7775e-05 3.6865e-05 3.8885e-05 4.141e-05 4.0905e-05 3.434e-05 4.141e-05 4.0905e-05 4.9995e-05 5.2015e-05 4.7975e-05 4.9995e-05 4.646e-05 4.848e-05 4.747e-05 4.9995e-05 4.848e-05 3.636e-05 4.04e-05 3.5855e-05 4.747e-05 3.838e-05 3.838e-05 3.838e-05 3.6865e-05 3.6865e-05 3.939e-05 2.9795e-05 3.6865e-05 2.727e-05 2.525e-05 2.8785e-05 2.6765e-05 2.4745e-05 2.0705e-05 1.919e-05 1.919e-05 1.616e-05 1.5655e-05 1.414e-05 1.212e-05 0.00014544 
1.515e-06 3.535e-06 5.555e-06 1.01e-05 1.0605e-05 8.585e-06 1.414e-05 1.717e-05 2.1715e-05 2.424e-05 2.323e-05 1.5655e-05 2.4745e-05 2.6765e-05 2.7775e-05 3.2825e-05 2.8785e-05 3.636e-05 3.636e-05 3.4845e-05 3.2825e-05 2.8785e-05 2.929e-05 2.8785e-05 3.131e-05 2.828e-05 2.222e-05 3.0805e-05 2.9795e-05 3.3835e-05 2.828e-05 3.131e-05 2.121e-05 2.424e-05 2.6765e-05 2.222e-05 2.121e-05 2.02e-05 1.919e-05 2.323e-05 1.9695e-05 2.4745e-05 1.717e-05 1.616e-05 1.515e-05 9.09e-06 9.595e-06 1.414e-05 6.06e-06 8.08e-06 0.00010504 
5.05e-07 1.01e-06 4.04e-06 6.06e-06 8.08e-06 7.575e-06 7.575e-06 6.565e-06 1.5655e-05 1.6665e-05 1.8685e-05 1.2625e-05 1.7675e-05 1.414e-05 2.0705e-05 2.0705e-05 1.5655e-05 2.323e-05 2.1715e-05 2.3735e-05 2.3735e-05 1.8685e-05 1.818e-05 1.7675e-05 2.0705e-05 1.515e-05 2.2725e-05 1.8685e-05 2.4745e-05 1.4645e-05 1.8685e-05 1.6665e-05 2.8785e-05 1.8685e-05 1.5655e-05 1.616e-05 1.616e-05 1.1615e-05 1.5655e-05 1.5655e-05 1.3635e-05 1.111e-05 1.01e-05 1.414e-05 1.5655e-05 8.08e-06 1.111e-05 7.575e-06 7.575e-06 7.575e-06 9.999e-05 
0 0 0 0 0 0 0 0 0 0 0 0 0 0 0 0 0 0 0 0 0 0 0 0 0 0 0 0 0 0 0 0 0 0 0 0 0 0 0 0 0 0 0 0 0 0 0 0 0 0 0 
