Half rod, albedo problem, Anisotropic scattering, exponential random flight, mu_t: 3 g: 0.7
Analogmu_t c: 0.5 maxx: 10 dx: 0.19802 numsamples: 10000000 numCollisionOrders: 20 numMoments: 10
total albedo: 0.0655552
per-collision order albedos: 
0 0.0375597 0.0159197 0.0068143 0.0029693 0.0012756 0.0005636 0.0002509 0.0001111 5.1e-05 2.13e-05 8.7e-06 6.1e-06 2.2e-06 1e-06 5e-07 1e-07 0 0 1e-07 
Collision density L:
0.167081 0.119278 0.0847521 0.0602778 0.0429528 0.0308777 0.0218948 0.0155737 0.0109923 0.00797951 0.00562621 0.00408293 0.00290325 0.00206495 0.00149228 0.00099889 0.00073528 0.000511565 0.000340875 0.000243915 0.000194425 0.000138875 8.4335e-05 7.171e-05 4.5955e-05 4.4945e-05 3.4845e-05 1.212e-05 1.414e-05 7.575e-06 2.525e-06 3.03e-06 5.05e-07 5.05e-07 1.515e-06 3.03e-06 1.01e-06 1.01e-06 1.01e-06 0 0 0 0 0 0 0 0 0 0 0 0 
Collision density R:
2.54534 1.81283 1.29231 0.921362 0.655863 0.467346 0.332726 0.237338 0.169885 0.121108 0.0860081 0.0616342 0.0438704 0.0312479 0.0221134 0.0157156 0.0111246 0.00798708 0.00581811 0.00412383 0.00285578 0.00205182 0.00144127 0.00105495 0.000773155 0.000538835 0.000403495 0.00028381 0.000184325 0.000144935 9.898e-05 6.767e-05 5.8075e-05 3.434e-05 2.424e-05 1.515e-05 1.1615e-05 1.5655e-05 9.09e-06 4.04e-06 2.525e-06 2.525e-06 2.525e-06 1.515e-06 5.05e-07 3.03e-06 1.01e-06 0 0 0 0 
Density Moments:
1.86874 1.09254 1.2778 2.24183 5.24635 15.3636 54.0738 222.314 1044.23 5499.13 
Per-collision Density Moments:
1 0.333268 0.222179 0.222202 0.296448 0.495079 0.995228 2.34661 6.37041 19.6106 
0.46235 0.295755 0.291622 0.386103 0.640709 1.27744 2.97419 7.92314 23.7814 79.4328 
0.215269 0.198442 0.257076 0.422322 0.837614 1.94455 5.16974 15.4778 51.4656 187.752 
0.100807 0.119224 0.189898 0.370669 0.851673 2.24745 6.69593 22.2427 81.6173 328.564 
0.0475431 0.067643 0.127005 0.286255 0.747064 2.2116 7.32776 26.9301 109.124 485.571 
0.0224402 0.0369477 0.0794585 0.202362 0.589433 1.92665 6.97948 27.7747 120.618 568.594 
0.0106657 0.019823 0.0479677 0.1363 0.438904 1.57137 6.1767 26.412 121.976 604.755 
0.0050601 0.0103974 0.0277958 0.0867859 0.30524 1.18678 5.03871 23.1548 114.385 604.131 
0.0024081 0.0053969 0.0157262 0.0533749 0.203299 0.852461 3.8865 19.0873 100.207 558.608 
0.0011515 0.00279248 0.0088308 0.0324444 0.133164 0.598318 2.90448 15.0821 83.068 481.574 
0.0005516 0.00143101 0.00483927 0.018989 0.0829192 0.394363 2.01586 10.9749 63.2151 383.257 
0.0002631 0.000718744 0.00256988 0.0106305 0.0487461 0.242501 1.29077 7.27476 43.0439 265.46 
0.0001253 0.000359105 0.00136481 0.00602858 0.0296059 0.158182 0.907163 5.52913 35.5282 239.027 
5.73e-05 0.000174506 0.000699062 0.00325816 0.0169104 0.095493 0.578118 3.71321 25.0991 177.35 
2.57e-05 8.41503e-05 0.000364414 0.00185826 0.0106126 0.0660981 0.441497 3.12375 23.1771 178.791 
1.27e-05 4.38659e-05 0.000201889 0.00110047 0.00673378 0.0448614 0.318619 2.37459 18.3487 145.683 
6.5e-06 2.24316e-05 0.000105226 0.000588583 0.00371022 0.025484 0.186163 1.42095 11.1913 90.1684 
3.1e-06 1.01643e-05 4.76588e-05 0.000267455 0.00169855 0.0118432 0.088602 0.698169 5.71165 47.9942 
2e-06 7.55704e-06 4.05646e-05 0.000249895 0.00168311 0.0121598 0.0929003 0.741289 6.11331 51.6704 
0 0 0 0 0 0 0 0 0 0 
Per-collision Densities L:
0 0 0 0 0 0 0 0 0 0 0 0 0 0 0 0 0 0 0 0 0 0 0 0 0 0 0 0 0 0 0 0 0 0 0 0 0 0 0 0 0 0 0 0 0 0 0 0 0 0 0 
0.0847188 0.0469605 0.0258116 0.0143067 0.00790325 0.00442784 0.0024038 0.00130644 0.000748915 0.00041208 0.00022725 0.000133825 6.1105e-05 4.747e-05 2.828e-05 8.585e-06 5.05e-06 5.05e-06 2.02e-06 5.05e-07 1.515e-06 1.01e-06 0 0 0 0 0 0 0 0 0 0 0 0 0 0 0 0 0 0 0 0 0 0 0 0 0 0 0 0 0 
0.0458964 0.0372326 0.0271367 0.0184244 0.012221 0.00788962 0.00488891 0.00303354 0.00188315 0.00115292 0.00067771 0.00042521 0.000250985 0.00015352 8.585e-05 5.151e-05 2.8785e-05 1.9695e-05 8.585e-06 5.05e-06 3.03e-06 3.03e-06 1.01e-06 0 0 0 5.05e-07 5.05e-07 0 0 0 0 0 0 0 0 0 0 0 0 0 0 0 0 0 0 0 0 0 0 0 
0.0204929 0.0193006 0.0166655 0.0133062 0.0102162 0.00747451 0.00531967 0.00371731 0.002474 0.00166044 0.00103778 0.00070296 0.00044945 0.00028179 0.000202505 0.000116655 6.8175e-05 4.6965e-05 2.323e-05 1.313e-05 9.09e-06 5.555e-06 2.02e-06 2.02e-06 2.02e-06 0 1.515e-06 0 5.05e-07 0 0 0 0 0 0 0 0 0 0 0 0 0 0 0 0 0 0 0 0 0 0 
0.00900264 0.0087966 0.00825978 0.00749875 0.00631705 0.00528533 0.00412939 0.00313656 0.00222503 0.00163368 0.00116453 0.00079992 0.00056459 0.00037471 0.000249975 0.000172205 9.999e-05 5.6055e-05 3.3835e-05 2.727e-05 1.6665e-05 1.3635e-05 4.545e-06 8.08e-06 2.525e-06 3.03e-06 2.525e-06 1.01e-06 5.05e-07 5.05e-07 0 0 0 0 0 0 0 0 0 0 0 0 0 0 0 0 0 0 0 0 0 
0.00385315 0.0039087 0.00381982 0.00365115 0.00333199 0.00297445 0.00253359 0.00200081 0.00159227 0.0012827 0.00096556 0.000705485 0.00053732 0.000385315 0.000256035 0.000172205 0.00011211 8.9385e-05 4.8985e-05 3.434e-05 2.727e-05 9.595e-06 1.111e-05 9.09e-06 5.05e-06 7.575e-06 3.03e-06 5.05e-07 5.05e-07 1.01e-06 0 0 0 0 0 0 0 0 0 0 0 0 0 0 0 0 0 0 0 0 0 
0.00174478 0.00171296 0.00168872 0.00171296 0.00159328 0.00149329 0.00137613 0.00118928 0.000992325 0.000836785 0.000685285 0.0005555 0.000423695 0.00030401 0.00023028 0.00014241 0.00014241 8.5345e-05 5.9085e-05 3.8885e-05 3.03e-05 1.818e-05 1.212e-05 6.06e-06 7.07e-06 5.555e-06 2.525e-06 1.01e-06 1.01e-06 5.05e-07 5.05e-07 0 0 0 0 5.05e-07 0 0 0 0 0 0 0 0 0 0 0 0 0 0 0 
0.000771135 0.00076558 0.00076154 0.000770125 0.00073831 0.000699425 0.000683265 0.000635795 0.00053833 0.00049793 0.000407535 0.000327745 0.00026664 0.000207555 0.00018079 0.00014645 9.9485e-05 6.666e-05 5.6055e-05 3.0805e-05 2.929e-05 2.525e-05 1.4645e-05 8.08e-06 5.05e-06 4.04e-06 7.575e-06 1.01e-06 2.02e-06 1.01e-06 1.515e-06 0 0 0 0 5.05e-07 5.05e-07 0 0 0 0 0 0 0 0 0 0 0 0 0 0 
0.000338855 0.0003232 0.00032017 0.000345925 0.00034643 0.000332795 0.00031209 0.0002929 0.000282295 0.0002626 0.00023735 0.000195435 0.000163115 0.0001414 0.00011615 8.484e-05 6.969e-05 4.444e-05 4.0905e-05 2.626e-05 2.323e-05 2.0705e-05 1.1615e-05 1.01e-05 7.575e-06 5.05e-06 4.04e-06 2.525e-06 5.05e-07 1.01e-06 5.05e-07 0 0 0 0 5.05e-07 0 5.05e-07 0 0 0 0 0 0 0 0 0 0 0 0 0 
0.00015453 0.00014847 0.000149985 0.000149985 0.000154025 0.00016362 0.000130795 0.0001414 0.000135845 0.000122715 0.000116655 0.00012524 8.8375e-05 8.6355e-05 6.969e-05 4.6965e-05 4.4945e-05 3.9895e-05 2.6765e-05 2.828e-05 1.5655e-05 1.5655e-05 1.01e-05 1.01e-05 4.545e-06 4.04e-06 5.555e-06 1.515e-06 3.03e-06 1.515e-06 0 5.05e-07 0 0 5.05e-07 1.01e-06 0 5.05e-07 5.05e-07 0 0 0 0 0 0 0 0 0 0 0 0 
6.3125e-05 6.4135e-05 7.0195e-05 6.161e-05 6.969e-05 7.9285e-05 6.464e-05 6.363e-05 6.1105e-05 6.161e-05 6.363e-05 6.464e-05 5.252e-05 4.4945e-05 3.03e-05 2.424e-05 2.929e-05 2.5755e-05 2.02e-05 1.7675e-05 1.0605e-05 1.1615e-05 4.545e-06 4.545e-06 5.555e-06 4.545e-06 2.525e-06 2.02e-06 1.01e-06 5.05e-07 0 0 0 0 5.05e-07 0 0 0 0 0 0 0 0 0 0 0 0 0 0 0 0 
2.626e-05 3.434e-05 3.7875e-05 2.323e-05 3.636e-05 3.232e-05 3.333e-05 2.8785e-05 3.3835e-05 2.9795e-05 1.9695e-05 2.5755e-05 2.626e-05 1.818e-05 2.02e-05 1.616e-05 1.5655e-05 2.02e-05 1.1615e-05 7.575e-06 1.212e-05 1.01e-05 5.05e-06 4.545e-06 2.02e-06 3.535e-06 2.525e-06 5.05e-07 2.02e-06 1.01e-06 0 5.05e-07 5.05e-07 5.05e-07 5.05e-07 0 5.05e-07 0 0 0 0 0 0 0 0 0 0 0 0 0 0 
1.212e-05 1.919e-05 1.919e-05 1.4645e-05 1.616e-05 1.3635e-05 1.01e-05 1.414e-05 1.5655e-05 1.313e-05 1.313e-05 7.575e-06 1.313e-05 1.1615e-05 1.1615e-05 7.07e-06 9.09e-06 5.555e-06 5.05e-06 7.07e-06 9.09e-06 2.02e-06 4.545e-06 3.535e-06 2.525e-06 3.535e-06 1.515e-06 5.05e-07 5.05e-07 5.05e-07 0 5.05e-07 0 0 0 0 0 0 0 0 0 0 0 0 0 0 0 0 0 0 0 
5.05e-06 6.06e-06 6.565e-06 4.545e-06 4.545e-06 4.545e-06 5.05e-06 4.545e-06 5.05e-06 9.09e-06 6.565e-06 7.07e-06 2.525e-06 4.545e-06 4.545e-06 4.04e-06 7.07e-06 3.535e-06 1.515e-06 3.03e-06 4.545e-06 1.515e-06 2.02e-06 3.535e-06 1.515e-06 2.02e-06 0 0 1.01e-06 0 0 1.01e-06 0 0 0 5.05e-07 0 0 0 0 0 0 0 0 0 0 0 0 0 0 0 
1.01e-06 2.02e-06 1.515e-06 3.535e-06 2.525e-06 4.04e-06 1.01e-06 5.555e-06 2.525e-06 2.02e-06 3.03e-06 3.03e-06 1.515e-06 1.515e-06 2.02e-06 3.03e-06 2.02e-06 1.01e-06 0 3.03e-06 1.01e-06 0 1.01e-06 1.01e-06 5.05e-07 1.01e-06 0 1.01e-06 0 0 0 5.05e-07 0 0 0 0 0 0 0 0 0 0 0 0 0 0 0 0 0 0 0 
5.05e-07 5.05e-07 1.515e-06 2.02e-06 5.05e-07 1.515e-06 2.02e-06 1.515e-06 2.02e-06 1.515e-06 0 5.05e-07 1.515e-06 5.05e-07 1.515e-06 2.02e-06 5.05e-07 5.05e-07 5.05e-07 5.05e-07 1.01e-06 1.01e-06 0 0 0 5.05e-07 1.01e-06 0 1.515e-06 0 0 0 0 0 0 0 0 0 0 0 0 0 0 0 0 0 0 0 0 0 0 
0 1.01e-06 5.05e-07 1.01e-06 1.01e-06 0 5.05e-07 1.515e-06 0 5.05e-07 0 5.05e-07 5.05e-07 5.05e-07 1.515e-06 5.05e-07 5.05e-07 0 1.01e-06 5.05e-07 0 0 0 5.05e-07 0 5.05e-07 0 0 0 0 0 0 0 0 0 0 0 0 5.05e-07 0 0 0 0 0 0 0 0 0 0 0 0 
0 1.515e-06 5.05e-07 0 0 1.01e-06 5.05e-07 0 0 0 0 1.01e-06 0 5.05e-07 5.05e-07 0 0 0 1.01e-06 0 0 0 0 5.05e-07 0 0 0 0 0 0 0 0 0 0 0 0 0 0 0 0 0 0 0 0 0 0 0 0 0 0 0 
0 5.05e-07 0 5.05e-07 5.05e-07 5.05e-07 0 0 0 0 0 5.05e-07 0 0 0 0 0 1.01e-06 5.05e-07 0 0 0 0 0 0 0 0 0 0 0 0 0 0 0 0 0 0 0 0 0 0 0 0 0 0 0 0 0 0 0 0 
0 0 0 0 0 0 0 0 0 0 0 0 0 0 0 0 0 0 0 0 0 0 0 0 0 0 0 0 0 0 0 0 0 0 0 0 0 0 0 0 0 0 0 0 0 0 0 0 0 0 0 
Per-collision Densities L:
2.26302 1.24744 0.689938 0.380943 0.209934 0.115741 0.0640199 0.0352743 0.0196344 0.0108247 0.00593628 0.00325927 0.00183164 0.000946875 0.000566105 0.00031209 0.00017372 8.787e-05 4.747e-05 3.3835e-05 1.616e-05 8.585e-06 2.02e-06 3.03e-06 1.515e-06 1.01e-06 2.02e-06 5.05e-07 5.05e-07 0 0 0 0 0 0 0 0 0 0 0 0 0 0 0 0 0 0 0 0 0 0 
0.257024 0.457776 0.426193 0.331979 0.235816 0.159366 0.103974 0.0666449 0.0415166 0.0257505 0.0157469 0.00957278 0.00578377 0.00337391 0.00200283 0.00113928 0.000714575 0.000399455 0.00026361 0.00011918 8.0295e-05 4.747e-05 2.424e-05 1.414e-05 1.313e-05 5.05e-06 2.02e-06 2.525e-06 5.05e-07 1.515e-06 0 0 0 5.05e-07 0 0 0 0 0 0 0 0 0 0 0 0 0 0 0 0 0 
0.0221872 0.0901536 0.136286 0.147247 0.134738 0.111192 0.0856551 0.0629917 0.0449102 0.0309464 0.0206994 0.0139395 0.00903445 0.00582669 0.00372438 0.00234421 0.00141552 0.000899405 0.00056762 0.00034946 0.000195435 0.000125745 8.1305e-05 4.848e-05 3.2825e-05 1.8685e-05 8.08e-06 8.585e-06 3.535e-06 1.01e-06 5.05e-07 1.515e-06 1.01e-06 0 0 0 0 0 0 0 0 0 0 0 0 0 0 0 0 0 0 
0.00223564 0.013883 0.0311403 0.0455434 0.0525346 0.0527387 0.0477104 0.040351 0.0325993 0.0250884 0.0185774 0.0135845 0.00952279 0.0066453 0.0045046 0.00304162 0.0020195 0.00134027 0.000868095 0.000570145 0.000378245 0.000226745 0.00013635 8.383e-05 6.161e-05 3.737e-05 2.424e-05 1.515e-05 8.585e-06 4.545e-06 3.03e-06 5.05e-07 1.515e-06 1.01e-06 0 0 5.05e-07 0 0 5.05e-07 0 0 0 0 0 0 0 0 0 0 0 
0.00052419 0.00243966 0.00640997 0.011565 0.0162721 0.0194738 0.0203687 0.0197283 0.0180851 0.0153576 0.0126573 0.00994497 0.0077063 0.00579437 0.00416171 0.00301536 0.00210131 0.00147662 0.0010504 0.000706495 0.0004747 0.000301485 0.000210585 0.00013534 9.9485e-05 4.8985e-05 3.6865e-05 2.4745e-05 1.313e-05 1.01e-05 6.06e-06 2.525e-06 3.03e-06 1.515e-06 1.01e-06 0 1.01e-06 5.05e-07 5.05e-07 0 5.05e-07 5.05e-07 0 0 0 0 0 0 0 0 0 
0.00020503 0.000691345 0.00151349 0.00281891 0.00459702 0.00606404 0.00735028 0.00795072 0.00814464 0.00780831 0.00696749 0.00597314 0.00494597 0.00409959 0.00313555 0.00237401 0.00178316 0.00133472 0.000989295 0.000691345 0.000480255 0.000346935 0.00022321 0.00016463 0.00011211 8.4335e-05 4.8985e-05 3.4845e-05 2.222e-05 1.3635e-05 8.08e-06 3.535e-06 4.545e-06 1.515e-06 0 1.01e-06 2.02e-06 2.02e-06 0 0 5.05e-07 5.05e-07 0 0 0 0 0 0 0 0 0 
8.181e-05 0.000255025 0.000491365 0.000776185 0.00127311 0.00185436 0.00243814 0.00286436 0.00319059 0.00326331 0.00325069 0.00305727 0.00270983 0.00238108 0.00196597 0.00163317 0.00132209 0.00102212 0.000800425 0.000606505 0.0004242 0.00032623 0.00023129 0.000159075 0.00011312 7.979e-05 7.373e-05 4.4945e-05 2.525e-05 2.0705e-05 1.313e-05 7.07e-06 4.545e-06 2.525e-06 1.01e-06 5.05e-07 0 3.03e-06 1.01e-06 0 0 0 5.05e-07 0 0 0 0 0 0 0 0 
3.4845e-05 0.00010605 0.00019594 0.000279265 0.000405515 0.00056863 0.00077265 0.000963035 0.00113373 0.00128725 0.00134229 0.00139229 0.0013635 0.00119534 0.0010807 0.00095041 0.000802445 0.00067064 0.000528735 0.0004343 0.000326735 0.00025048 0.000188365 0.00015049 0.00011211 7.9285e-05 5.4035e-05 3.6865e-05 2.7775e-05 2.4745e-05 1.5655e-05 7.07e-06 1.0605e-05 3.535e-06 3.03e-06 5.05e-07 0 1.01e-06 1.01e-06 0 0 0 5.05e-07 5.05e-07 0 0 0 0 0 0 0 
1.616e-05 4.7975e-05 7.575e-05 0.00011918 0.000166145 0.000203515 0.00026866 0.000359055 0.000407535 0.000480255 0.000505 0.00055853 0.0005757 0.000578225 0.000545905 0.000497425 0.000413595 0.000388345 0.00034441 0.00028987 0.00020705 0.00017372 0.00013938 0.000103525 8.9385e-05 6.565e-05 4.646e-05 3.6865e-05 2.323e-05 1.919e-05 1.4645e-05 1.111e-05 6.565e-06 8.08e-06 4.04e-06 2.02e-06 1.01e-06 1.01e-06 5.05e-07 5.05e-07 5.05e-07 0 0 5.05e-07 0 0 0 0 0 0 0 
5.555e-06 1.8685e-05 3.131e-05 5.05e-05 6.3125e-05 8.4335e-05 9.8475e-05 0.00012827 0.00015655 0.000182305 0.00019392 0.00021614 0.0002424 0.000236845 0.000243915 0.00022826 0.00019796 0.00019493 0.00020099 0.00016564 0.000134835 0.00011514 8.8375e-05 8.282e-05 5.8075e-05 4.646e-05 3.939e-05 3.131e-05 1.9695e-05 1.6665e-05 1.2625e-05 7.07e-06 6.06e-06 3.535e-06 5.05e-06 4.04e-06 1.01e-06 1.01e-06 1.515e-06 0 1.01e-06 0 0 0 0 0 0 0 0 0 0 
2.02e-06 1.0605e-05 1.515e-05 2.323e-05 3.737e-05 3.0805e-05 3.939e-05 4.848e-05 6.1105e-05 7.373e-05 7.676e-05 8.2315e-05 9.494e-05 9.292e-05 0.000111605 9.191e-05 0.000105545 9.6455e-05 8.585e-05 8.686e-05 7.3225e-05 6.363e-05 6.06e-05 5.05e-05 3.4845e-05 3.9895e-05 2.4745e-05 1.9695e-05 1.5655e-05 1.717e-05 9.595e-06 1.01e-05 4.545e-06 4.04e-06 1.515e-06 2.525e-06 2.525e-06 2.02e-06 1.01e-06 0 0 0 0 0 0 5.05e-07 0 0 0 0 0 
1.515e-06 3.03e-06 1.111e-05 8.585e-06 1.212e-05 1.6665e-05 1.717e-05 1.919e-05 2.3735e-05 2.4745e-05 3.2825e-05 3.232e-05 3.535e-05 4.3935e-05 3.838e-05 4.949e-05 4.646e-05 4.6965e-05 4.0905e-05 3.9895e-05 3.737e-05 3.434e-05 2.7775e-05 2.8785e-05 2.121e-05 1.515e-05 1.818e-05 1.515e-05 7.575e-06 5.05e-06 7.575e-06 7.575e-06 5.555e-06 1.515e-06 2.525e-06 1.01e-06 1.515e-06 1.01e-06 1.01e-06 5.05e-07 0 5.05e-07 0 0 0 0 0 0 0 0 0 
5.05e-07 5.05e-07 3.535e-06 4.04e-06 7.575e-06 5.05e-06 6.565e-06 1.0605e-05 1.1615e-05 1.0605e-05 1.515e-05 1.01e-05 1.212e-05 1.919e-05 1.919e-05 2.0705e-05 1.9695e-05 1.4645e-05 1.9695e-05 1.7675e-05 1.4645e-05 2.02e-05 1.616e-05 1.3635e-05 1.1615e-05 8.08e-06 1.2625e-05 4.545e-06 8.585e-06 2.525e-06 2.525e-06 5.05e-06 6.06e-06 2.02e-06 2.02e-06 1.515e-06 1.01e-06 1.515e-06 5.05e-07 5.05e-07 0 0 5.05e-07 0 0 5.05e-07 0 0 0 0 0 
5.05e-07 2.02e-06 1.01e-06 3.535e-06 4.04e-06 2.02e-06 3.535e-06 2.02e-06 6.565e-06 6.06e-06 5.05e-06 7.07e-06 6.06e-06 8.585e-06 8.585e-06 9.595e-06 4.545e-06 8.585e-06 6.06e-06 6.565e-06 8.08e-06 6.565e-06 6.06e-06 8.08e-06 6.565e-06 3.03e-06 7.575e-06 2.02e-06 4.04e-06 3.535e-06 2.02e-06 3.03e-06 1.515e-06 2.02e-06 2.525e-06 1.01e-06 0 0 5.05e-07 1.01e-06 0 5.05e-07 0 0 0 0 5.05e-07 0 0 0 0 
0 0 5.05e-07 5.05e-07 1.515e-06 2.525e-06 1.515e-06 1.01e-06 2.02e-06 1.515e-06 1.01e-06 3.03e-06 2.525e-06 3.03e-06 3.03e-06 5.555e-06 2.525e-06 3.535e-06 3.03e-06 2.02e-06 1.515e-06 2.525e-06 3.535e-06 3.03e-06 3.535e-06 2.02e-06 2.525e-06 3.535e-06 2.525e-06 2.02e-06 2.525e-06 1.01e-06 1.515e-06 5.05e-07 5.05e-07 0 1.01e-06 1.515e-06 5.05e-07 0 0 0 5.05e-07 5.05e-07 0 0 5.05e-07 0 0 0 0 
0 0 0 5.05e-07 5.05e-07 5.05e-07 5.05e-07 1.01e-06 1.01e-06 2.02e-06 0 0 2.525e-06 1.01e-06 5.05e-07 2.02e-06 1.515e-06 1.515e-06 5.05e-07 2.525e-06 1.515e-06 1.01e-06 1.01e-06 2.525e-06 1.01e-06 1.515e-06 1.515e-06 1.01e-06 5.05e-07 1.01e-06 5.05e-07 5.05e-07 1.01e-06 5.05e-07 5.05e-07 0 0 5.05e-07 5.05e-07 1.01e-06 0 5.05e-07 0 0 5.05e-07 5.05e-07 0 0 0 0 0 
0 0 0 0 5.05e-07 1.01e-06 5.05e-07 5.05e-07 5.05e-07 5.05e-07 5.05e-07 5.05e-07 0 1.01e-06 5.05e-07 5.05e-07 0 1.01e-06 0 1.515e-06 5.05e-07 1.01e-06 1.01e-06 1.515e-06 5.05e-07 1.01e-06 5.05e-07 5.05e-07 5.05e-07 5.05e-07 0 0 0 1.01e-06 0 0 0 5.05e-07 5.05e-07 0 0 0 5.05e-07 0 0 5.05e-07 0 0 0 0 0 
0 0 0 0 0 1.01e-06 0 0 0 0 0 5.05e-07 5.05e-07 0 0 0 5.05e-07 0 1.01e-06 0 5.05e-07 0 0 1.01e-06 0 1.01e-06 0 5.05e-07 0 5.05e-07 0 0 0 5.05e-07 0 5.05e-07 0 0 0 0 0 0 0 0 0 5.05e-07 0 0 0 0 0 
0 0 5.05e-07 0 0 0 5.05e-07 0 0 0 0 0 0 0 0 0 0 0 0 0 5.05e-07 0 0 5.05e-07 5.05e-07 5.05e-07 0 5.05e-07 5.05e-07 5.05e-07 0 0 0 0 5.05e-07 5.05e-07 0 0 0 0 0 0 0 0 0 5.05e-07 0 0 0 0 0 
0 0 0 0 0 0 0 0 0 0 0 0 0 0 0 0 0 0 0 0 0 0 0 0 0 0 0 0 0 0 0 0 0 0 0 0 0 0 0 0 0 0 0 0 0 0 0 0 0 0 0 
