Half rod, albedo problem, Anisotropic scattering, exponential random flight, mu_t: 1 g: -0.5
Analogmu_t c: 0.999 maxx: 10 dx: 0.19802 numsamples: 1000000 numCollisionOrders: 20 numMoments: 10
total albedo: 0.949787
per-collision order albedos: 
0 0.374514 0.093423 0.076012 0.045159 0.035685 0.027111 0.022306 0.018172 0.015369 0.013248 0.011554 0.010242 0.009073 0.008198 0.007451 0.006754 0.006198 0.005773 0.005303 
Collision density L:
0.949789 0.935962 0.930109 0.926549 0.915722 0.913222 0.905293 0.898324 0.894658 0.882684 0.87259 0.867004 0.864616 0.853394 0.849804 0.842986 0.832311 0.826968 0.821989 0.81208 0.808242 0.801743 0.797905 0.789416 0.785866 0.778922 0.770933 0.765565 0.760222 0.756924 0.748885 0.743501 0.735038 0.72968 0.728266 0.718741 0.716757 0.711338 0.70699 0.699874 0.695143 0.690638 0.683442 0.680679 0.672034 0.668726 0.664838 0.654339 0.654228 0.648809 84.2299 
Collision density R:
0.996517 0.98933 0.981392 0.971701 0.966848 0.961818 0.948895 0.947016 0.935689 0.930402 0.926524 0.91507 0.906722 0.900996 0.889598 0.885144 0.882078 0.870984 0.867908 0.860969 0.850496 0.844203 0.839189 0.832028 0.826685 0.823135 0.815393 0.804021 0.801789 0.79288 0.790881 0.779685 0.775453 0.768953 0.766176 0.755697 0.753935 0.749072 0.743678 0.735366 0.730912 0.730159 0.723645 0.711838 0.707121 0.702405 0.69787 0.693749 0.689572 0.682477 88.7167 
Density Moments:
50.2504 1301.94 67420.3 5.18363e+06 5.19961e+08 6.31033e+10 8.81672e+12 1.36979e+15 2.30779e+17 4.13907e+19 
Per-collision Density Moments:
1 0.9997 1.99953 6.0076 24.1646 122.505 755.457 5534.89 47236.8 459998 
0.624507 0.874303 2.24665 8.22608 38.8749 225.384 1557.49 12591.9 117262 1.23686e+06 
0.530474 1.0306 3.18855 13.3384 70.1132 443.241 3266.42 27361.6 254893 2.59065e+06 
0.453972 1.02845 3.62633 16.9411 97.8558 671.311 5322.11 47772.1 477595 5.24416e+06 
0.408348 1.07273 4.2156 21.5386 134.571 991.32 8389.02 79862 840005 9.61056e+06 
0.372293 1.08444 4.65813 25.7309 172.324 1352.77 12171.8 123460 1.39277e+06 1.72697e+07 
0.34481 1.10341 5.11937 30.2448 214.954 1777.17 16702 175294 2.0246e+06 2.54066e+07 
0.322177 1.11502 5.5339 34.7363 261.067 2276.2 22548.9 249972 3.06262e+06 4.09981e+07 
0.303646 1.12568 5.92728 39.225 309.175 2813.58 28955.5 331839 4.18116e+06 5.72585e+07 
0.287968 1.13549 6.30907 43.8396 361.533 3432 36733.1 436269 5.6722e+06 7.97499e+07 
0.274441 1.14145 6.65254 48.321 415.38 4100.49 45554.5 561052 7.56749e+06 1.10605e+08 
0.262632 1.14774 6.98719 52.8123 471.264 4821.7 55466.2 706873 9.85838e+06 1.48809e+08 
0.252101 1.15245 7.30943 57.3908 530.582 5608.79 66454.4 869371 1.24072e+07 1.91214e+08 
0.242766 1.15662 7.61276 61.89 591.464 6457.94 79099.1 1.07346e+06 1.60021e+07 2.6031e+08 
0.234342 1.16075 7.9124 66.4373 654.153 7340.4 92123 1.27578e+06 1.92964e+07 3.16135e+08 
0.226649 1.16383 8.20102 71.0044 719.236 8285.67 106556 1.50981e+06 2.33417e+07 3.90787e+08 
0.219634 1.16696 8.48398 75.6144 786.563 9275.64 121573 1.74545e+06 2.71514e+07 4.5381e+08 
0.213193 1.16973 8.75748 80.2367 856.35 10340 138487 2.02804e+06 3.21211e+07 5.4563e+08 
0.20722 1.17143 9.0158 84.7892 928.11 11489.5 157816 2.37376e+06 3.87572e+07 6.83305e+08 
0 0 0 0 0 0 0 0 0 0 
Per-collision Densities L:
0 0 0 0 0 0 0 0 0 0 0 0 0 0 0 0 0 0 0 0 0 0 0 0 0 0 0 0 0 0 0 0 0 0 0 0 0 0 0 0 0 0 0 0 0 0 0 0 0 0 0 
0.3409 0.278341 0.22772 0.1863 0.15255 0.126982 0.103086 0.0851127 0.0700637 0.0572973 0.0469852 0.0393042 0.0321382 0.0253864 0.0210181 0.0174983 0.0138623 0.0114029 0.00956975 0.00771135 0.0063529 0.00520655 0.00450965 0.00370165 0.00294415 0.00246945 0.0021109 0.0016564 0.0014746 0.00117665 0.000808 0.00072215 0.00057065 0.00044945 0.00037875 0.0003535 0.00026765 0.0002121 0.00018685 0.00017675 0.00014645 9.09e-05 0.000101 6.565e-05 6.06e-05 4.04e-05 2.525e-05 4.04e-05 5.555e-05 2.02e-05 0.0001111 
0.0938038 0.0897335 0.0853299 0.0794618 0.0728109 0.0653975 0.0592163 0.0527826 0.0474801 0.0407485 0.0365115 0.0306889 0.0277851 0.0232906 0.020907 0.0178871 0.0149682 0.0134078 0.0112565 0.0097263 0.00809515 0.00699425 0.006161 0.0051611 0.00451975 0.0036764 0.00294415 0.00241895 0.00211595 0.00182305 0.00163115 0.0013938 0.0011716 0.00081305 0.0007272 0.00063125 0.00063125 0.0004141 0.0003737 0.0003535 0.0002424 0.00022725 0.0001818 0.0001212 0.00013635 0.00010605 8.585e-05 3.03e-05 5.555e-05 6.06e-05 0.00030805 
0.0795426 0.0844613 0.0856177 0.0853147 0.0814262 0.0783811 0.0714777 0.0656904 0.0600698 0.0548329 0.048475 0.0442936 0.0392537 0.0353046 0.0313908 0.0270731 0.0236593 0.0211646 0.018882 0.015751 0.0136098 0.0115898 0.0103222 0.00854965 0.0076356 0.00673165 0.00568125 0.00504495 0.00450965 0.00352995 0.0031007 0.0027169 0.0023028 0.0016867 0.0016564 0.00135845 0.00106555 0.00096455 0.00089385 0.00062115 0.000606 0.0004444 0.00042925 0.00042925 0.00035855 0.000303 0.00022725 0.00020705 0.0001616 0.0001212 0.0008484 
0.0477276 0.0519039 0.0530806 0.0548026 0.0545703 0.052515 0.0520504 0.050091 0.0478235 0.0442532 0.0411373 0.0385315 0.0352389 0.0321433 0.0284719 0.0263358 0.0238613 0.0213312 0.0192809 0.0175185 0.0147965 0.0137916 0.0118726 0.0105091 0.0092718 0.0085244 0.0073427 0.0062822 0.0056863 0.0047874 0.0040703 0.0037168 0.00307545 0.00257045 0.00237855 0.00200485 0.00171195 0.00152005 0.00128775 0.00109585 0.00096455 0.0008282 0.00078275 0.00060095 0.00054035 0.00039895 0.00043935 0.0003131 0.00018685 0.0002121 0.00157055 
0.0379558 0.0419403 0.0448238 0.0475508 0.0476215 0.0480306 0.0477478 0.0463994 0.0451874 0.0433846 0.0410616 0.0381881 0.0355975 0.0335926 0.0304717 0.0283154 0.0262853 0.0242754 0.0214625 0.0196243 0.0178215 0.0159025 0.0142461 0.0132664 0.0113373 0.0104434 0.00930715 0.00837795 0.00725685 0.00646905 0.00557015 0.00516615 0.00438845 0.00376225 0.00340875 0.0028987 0.0026563 0.0021917 0.00177255 0.00170185 0.00159075 0.0011918 0.00113625 0.00089385 0.0008989 0.00068175 0.00065145 0.00053025 0.00052015 0.00051005 0.0024644 
0.0296991 0.0315322 0.0340623 0.0358904 0.0373852 0.0378043 0.0392385 0.038678 0.0380013 0.035648 0.0356884 0.0335573 0.0327493 0.0306636 0.0292496 0.0276488 0.0249521 0.0236138 0.0224473 0.0198415 0.0183719 0.0170337 0.0157409 0.0138875 0.0128472 0.011509 0.0101051 0.00937785 0.008181 0.0077871 0.00662055 0.00603475 0.0052419 0.00474195 0.004343 0.00369155 0.00338855 0.0028078 0.0024947 0.00213615 0.0019493 0.00165135 0.00150995 0.00146955 0.0011514 0.0011716 0.0008787 0.00077265 0.0007777 0.00061105 0.0039087 
0.0236441 0.025851 0.0288557 0.0307545 0.0307646 0.0327998 0.0333351 0.033936 0.0334159 0.0335977 0.0322847 0.0310474 0.0301334 0.0285174 0.027972 0.0263913 0.0249622 0.023533 0.0220584 0.0200283 0.0191496 0.0173165 0.0163166 0.015549 0.014236 0.012625 0.0116453 0.0106858 0.00934755 0.0086355 0.00774165 0.0067872 0.0062418 0.0056964 0.00512575 0.00457025 0.00408545 0.0036259 0.00335825 0.00308555 0.00249975 0.00214625 0.00214625 0.0016261 0.0017675 0.00135845 0.0014342 0.00109585 0.00093425 0.00089385 0.0060903 
0.0192708 0.0219675 0.0238158 0.0250278 0.0268206 0.0277296 0.0290729 0.0293001 0.0290022 0.0293254 0.0291587 0.0286133 0.0272852 0.0274064 0.0259217 0.0252854 0.0240936 0.022523 0.021614 0.020599 0.0189426 0.0180841 0.0167256 0.015751 0.0141148 0.0128725 0.0118978 0.0110191 0.00986265 0.0094233 0.0088173 0.0079992 0.0071609 0.0063832 0.0061206 0.0054843 0.0047773 0.004343 0.0038481 0.00344915 0.0031714 0.0026563 0.00254015 0.0022725 0.00207555 0.001717 0.001616 0.00154025 0.0011615 0.00114635 0.0081305 
0.0162913 0.0185689 0.0201495 0.021407 0.023028 0.0239976 0.024341 0.0258863 0.0268206 0.0255379 0.0257752 0.025048 0.0251238 0.0240633 0.0240784 0.0238007 0.0226897 0.0217504 0.020801 0.0198768 0.0181194 0.0169478 0.0172407 0.0155187 0.0146097 0.0136805 0.0123776 0.0115847 0.0106202 0.00995355 0.00936775 0.00875165 0.0077467 0.00744875 0.0067367 0.0062923 0.00544895 0.00506515 0.00472175 0.00413595 0.0038279 0.00327745 0.0029088 0.0026159 0.00246945 0.002121 0.0021008 0.00183315 0.00146955 0.0014746 0.0107515 
0.0139633 0.0159075 0.0177104 0.0186648 0.0206949 0.0212403 0.0223564 0.022321 0.0232755 0.0234118 0.0232603 0.0234674 0.0233209 0.0231391 0.0223412 0.0224119 0.0215332 0.0205535 0.0195233 0.0190789 0.0187759 0.0178215 0.0163671 0.0153874 0.0146703 0.0141552 0.0127816 0.0122463 0.0114686 0.0102869 0.0101707 0.0089991 0.00846885 0.0077972 0.00716595 0.0062418 0.0061812 0.0057267 0.00514595 0.0044642 0.0043228 0.00370165 0.0034744 0.00298455 0.0030502 0.0025957 0.0022826 0.0020503 0.0018079 0.00172205 0.0138471 
0.0127109 0.0140037 0.0152308 0.0164024 0.0179073 0.0185335 0.0197455 0.0199122 0.0209121 0.0204172 0.0210888 0.0215484 0.0215938 0.0208616 0.020907 0.0203566 0.0198263 0.0192254 0.0188163 0.0183315 0.0170387 0.0170337 0.0157661 0.016256 0.0144834 0.0140037 0.0129886 0.0120544 0.0116605 0.0109888 0.0101859 0.00943845 0.00837795 0.0079689 0.00758005 0.00698415 0.0065145 0.0058782 0.0054742 0.0051914 0.0045753 0.0043632 0.0039188 0.0036764 0.00327745 0.00271185 0.0026866 0.00248965 0.00227755 0.0021513 0.0171751 
0.0111555 0.012322 0.0135997 0.0149682 0.0158621 0.0168569 0.0180083 0.0178265 0.0185335 0.0185689 0.0193365 0.0193819 0.0195385 0.0198213 0.0198516 0.0191092 0.018478 0.0180487 0.0176649 0.0172357 0.0170842 0.0168973 0.0156298 0.015049 0.0144935 0.0138471 0.0131654 0.0125089 0.0117463 0.0112767 0.010403 0.00936775 0.00862035 0.00857995 0.00790325 0.0076861 0.0066357 0.00610545 0.0061004 0.00570145 0.00510555 0.0048177 0.0039895 0.00389355 0.0036057 0.0032926 0.0030906 0.00265125 0.00250985 0.0022523 0.0206747 
0.00969095 0.0108474 0.0118827 0.0137108 0.0141097 0.0147713 0.0156298 0.0162307 0.0171801 0.0173064 0.0177912 0.0177659 0.0179578 0.0175134 0.018781 0.0183315 0.0179679 0.0175084 0.0167711 0.0169478 0.0164378 0.0154833 0.0154783 0.0148521 0.0140592 0.0137209 0.0128371 0.0120847 0.0114888 0.0113878 0.0101253 0.00973135 0.00948895 0.00857995 0.0083224 0.0077164 0.00698415 0.0066963 0.0063529 0.0060095 0.005353 0.0051611 0.0045753 0.0041713 0.00392385 0.00373195 0.00317645 0.0029088 0.0029694 0.0023533 0.0246188 
0.00888295 0.0100546 0.0108121 0.0117716 0.0127513 0.0138623 0.0143723 0.0143673 0.0155793 0.0164277 0.0164075 0.0159984 0.0171397 0.0168822 0.0168014 0.016155 0.0166095 0.0162358 0.016357 0.0158469 0.015352 0.014943 0.0151551 0.0142208 0.0136906 0.0128826 0.0124281 0.0117261 0.0111908 0.0110545 0.0105141 0.00995355 0.0092011 0.0088678 0.0083123 0.0078376 0.0076861 0.00719625 0.00657005 0.00619635 0.00581255 0.0052116 0.00467125 0.0046258 0.00434805 0.00389355 0.0037269 0.00332795 0.00286335 0.00269165 0.0284568 
0.00801435 0.0087769 0.0099283 0.0107919 0.0115898 0.0126503 0.0129836 0.0140441 0.0143572 0.0146703 0.0150036 0.0155136 0.0153571 0.0150591 0.015655 0.0159328 0.0155237 0.0153318 0.0155086 0.0150945 0.0144077 0.0146955 0.0145642 0.0137815 0.0129735 0.0129028 0.0121806 0.011206 0.0110292 0.0111403 0.0105596 0.0103273 0.00908495 0.00900415 0.00850925 0.00796385 0.0078679 0.00724675 0.006565 0.0068579 0.0059489 0.00534795 0.004949 0.00477225 0.00475205 0.0041511 0.003737 0.00350975 0.00318655 0.0031108 0.0325473 
0.0075851 0.0080699 0.0089486 0.0100243 0.0106606 0.011711 0.0121352 0.0128422 0.013029 0.0134482 0.0138421 0.014236 0.014039 0.0143471 0.0145996 0.0145036 0.0145996 0.014438 0.0144683 0.0144077 0.0140946 0.0136098 0.0134684 0.0131805 0.0123321 0.01262 0.0117059 0.011812 0.0111959 0.0108575 0.0103071 0.0099182 0.0097768 0.00853955 0.00857995 0.0083325 0.00753965 0.0074336 0.0069892 0.00632765 0.00627715 0.0056762 0.0056459 0.00528735 0.00469145 0.0044844 0.0039188 0.00393395 0.0032825 0.0030502 0.0365923 
0.00640845 0.00741845 0.0082517 0.00918595 0.0094637 0.0104081 0.0112868 0.0115948 0.0121554 0.0127614 0.0123877 0.0131098 0.0136148 0.0135239 0.0134381 0.0141249 0.0134835 0.0140491 0.0137916 0.0135391 0.0132613 0.0132411 0.0125846 0.0126553 0.0124129 0.0118928 0.0123624 0.0115039 0.0108373 0.0108121 0.0102465 0.0097768 0.00912535 0.00881225 0.0083123 0.0085547 0.00821635 0.00749925 0.0069387 0.006565 0.00653975 0.00549945 0.00580245 0.0052419 0.0048682 0.00452985 0.00409555 0.00394405 0.0035047 0.0034239 0.04141 
0.00626705 0.00689325 0.00760025 0.0085042 0.00914555 0.0099889 0.010398 0.0107515 0.0111656 0.0118978 0.0118726 0.0122412 0.0123877 0.0130896 0.0125543 0.0127866 0.0127664 0.012822 0.0128775 0.0128523 0.012822 0.0127614 0.0124382 0.0119382 0.0124028 0.0113726 0.0114433 0.0109434 0.0106656 0.0106202 0.0100546 0.0098273 0.00927685 0.0088577 0.00864055 0.00846885 0.0077063 0.00768105 0.00714575 0.0070296 0.00600445 0.00639835 0.0055651 0.0053732 0.0051207 0.0049086 0.0045955 0.0041006 0.0039895 0.00377235 0.0444703 
0 0 0 0 0 0 0 0 0 0 0 0 0 0 0 0 0 0 0 0 0 0 0 0 0 0 0 0 0 0 0 0 0 0 0 0 0 0 0 0 0 0 0 0 0 0 0 0 0 0 0 
Per-collision Densities L:
0.907722 0.745436 0.609732 0.500824 0.410307 0.336057 0.276392 0.227285 0.18686 0.152394 0.125558 0.102924 0.0854511 0.0685588 0.056156 0.0461166 0.0384911 0.0309161 0.025351 0.021412 0.0172963 0.0139885 0.0115847 0.0094839 0.00773155 0.00655995 0.0052015 0.0044844 0.00360065 0.0029088 0.00246945 0.00190385 0.00155035 0.00124735 0.00103525 0.00079285 0.00075245 0.0007171 0.00049995 0.00043935 0.00030805 0.00028785 0.000202 0.00013635 0.0001212 0.00010605 9.09e-05 7.07e-05 0.0001313 8.08e-05 0.0002727 
0.0216342 0.055146 0.0752652 0.0863045 0.0915717 0.092107 0.0883548 0.0845421 0.0783104 0.0718464 0.0652662 0.0582922 0.0524847 0.0456975 0.0405313 0.0344612 0.0308707 0.0274922 0.0238461 0.0207656 0.0176397 0.0148066 0.0128169 0.0115191 0.0097061 0.00826685 0.0071609 0.0058681 0.00466115 0.0043127 0.0035754 0.00302495 0.00263105 0.00218665 0.00177255 0.00148975 0.00120695 0.00114635 0.000909 0.00073225 0.000707 0.00049995 0.0004141 0.00033835 0.0002828 0.0002626 0.000202 0.00015655 0.0001414 0.0001212 0.0006969 
0.0247602 0.0628776 0.0890416 0.103475 0.112984 0.115766 0.113307 0.109752 0.103636 0.0965207 0.0888851 0.0821888 0.0748158 0.0677862 0.0609182 0.053934 0.0482578 0.042319 0.0375367 0.0329412 0.0282901 0.0244218 0.021609 0.0189426 0.01616 0.014438 0.0122059 0.0102768 0.00932735 0.0081406 0.0069286 0.0056156 0.0050904 0.0045147 0.0036562 0.003131 0.00264115 0.00217655 0.0018382 0.00157055 0.0014241 0.00113625 0.0009494 0.00090395 0.00063125 0.0006464 0.0005858 0.00054035 0.00038885 0.00033835 0.00187355 
0.0067266 0.0200637 0.0320827 0.0422433 0.0486113 0.0551612 0.0581205 0.0608626 0.0606152 0.0603677 0.0596001 0.0580043 0.0537522 0.050596 0.0466418 0.0446168 0.041309 0.0375165 0.0339461 0.030901 0.0284265 0.0251238 0.0226291 0.0200586 0.0178568 0.015549 0.0137663 0.0122564 0.0110494 0.0100596 0.00847895 0.0075245 0.0066458 0.00542875 0.0051712 0.00433795 0.00366125 0.0030805 0.0027775 0.0023028 0.00216645 0.001717 0.00152005 0.0012726 0.0010908 0.00095445 0.00101505 0.00077265 0.00063125 0.0005656 0.0031613 
0.00566105 0.0161247 0.0260429 0.0341027 0.0415211 0.047773 0.0510303 0.0544239 0.0542875 0.0560954 0.0562267 0.0550097 0.0521009 0.0518837 0.0473337 0.0457581 0.0427432 0.0396627 0.0371377 0.0333856 0.0312545 0.0285477 0.0262045 0.0238057 0.0210434 0.0189426 0.017367 0.0155237 0.0134027 0.0120493 0.0109484 0.0100546 0.0088375 0.00751945 0.00707 0.0055752 0.0050601 0.0045652 0.003737 0.0034744 0.00300475 0.0026967 0.0022422 0.0019493 0.0018382 0.0014443 0.0013433 0.00111605 0.00095445 0.00087365 0.0056055 
0.00334815 0.0102263 0.0162812 0.0217352 0.0275932 0.0314211 0.0343198 0.0382588 0.0406121 0.0418847 0.0423392 0.0415716 0.0415464 0.0419251 0.0399354 0.0390466 0.0377387 0.0351177 0.0339916 0.0314817 0.0300526 0.0269569 0.0254773 0.0226846 0.0216494 0.0201647 0.0183467 0.0171801 0.0145996 0.0137714 0.0121251 0.0112363 0.0098677 0.00908495 0.00802445 0.0072821 0.00641855 0.0054439 0.00467125 0.0042622 0.0039794 0.00314615 0.00311585 0.00270175 0.00231795 0.00221695 0.00194425 0.00144935 0.001414 0.0012726 0.00831735 
0.0026058 0.00759015 0.0129078 0.0173215 0.0219271 0.0265681 0.028679 0.0317898 0.0340875 0.0356682 0.0370822 0.0374761 0.0371074 0.0373549 0.0361681 0.035345 0.0348854 0.0332341 0.0321332 0.0307192 0.0285022 0.0276488 0.0258106 0.023427 0.0219928 0.0206646 0.0189779 0.0183517 0.01666 0.0150187 0.0136502 0.0119938 0.0116857 0.0101909 0.00909505 0.0083123 0.0075447 0.0068983 0.00613575 0.0051611 0.0049389 0.00440865 0.00392385 0.00335825 0.00292395 0.0026361 0.00234825 0.00214625 0.00203515 0.0016564 0.0119988 
0.00212605 0.00600445 0.00938795 0.0132563 0.016968 0.0207757 0.02272 0.0253359 0.0274619 0.0292951 0.0295122 0.0312393 0.0319716 0.0315575 0.0322089 0.0320069 0.0312545 0.0296536 0.0295526 0.0281083 0.0270529 0.0262045 0.0246238 0.0237855 0.0223008 0.0204525 0.0194476 0.0179982 0.0164529 0.0148571 0.0145087 0.0130644 0.0118776 0.010908 0.0100798 0.0090496 0.0086254 0.0077568 0.0071912 0.00605495 0.0055348 0.00519645 0.0045854 0.00404 0.0036259 0.0035754 0.00312595 0.0027068 0.0021917 0.0020099 0.0160136 
0.0016968 0.00477225 0.00786285 0.0109636 0.0139532 0.0165388 0.0188466 0.0208969 0.0229876 0.0252046 0.0264822 0.0267246 0.0270781 0.0276942 0.0278306 0.027871 0.0278558 0.0276589 0.0277043 0.0263661 0.0251137 0.0245885 0.0235532 0.0229523 0.0214928 0.0199627 0.0191244 0.0179679 0.0166095 0.015756 0.0152005 0.0137613 0.01262 0.0113423 0.0111403 0.0100546 0.00909 0.0085547 0.00793355 0.00694375 0.0063832 0.0059893 0.0052217 0.0047369 0.0043834 0.00394405 0.0035249 0.0033229 0.00296435 0.0025856 0.0206697 
0.0012928 0.00404505 0.0070094 0.00892335 0.0114383 0.0140693 0.0164327 0.0177255 0.0198415 0.0211848 0.0220483 0.0237956 0.0236694 0.0250228 0.0253308 0.0254066 0.0259166 0.0255379 0.0247349 0.0242198 0.0237906 0.0232603 0.022523 0.0217302 0.021104 0.0199273 0.0187507 0.017978 0.017069 0.0154833 0.0150642 0.013635 0.0130139 0.0123523 0.0112615 0.0104333 0.010095 0.0091102 0.0083224 0.00736795 0.00685285 0.00643875 0.00581255 0.0051813 0.00496415 0.0044844 0.00418645 0.00381275 0.00326735 0.00303 0.0260378 
0.00117665 0.0033431 0.0056863 0.00756995 0.0096859 0.0113423 0.0139027 0.0158671 0.0174629 0.0183366 0.0200687 0.0200081 0.0209424 0.0217857 0.0221342 0.0230533 0.0226139 0.0224675 0.0227957 0.0229725 0.0218059 0.0216999 0.020503 0.0204677 0.0198364 0.0187658 0.0184224 0.017165 0.0165085 0.0156904 0.0148571 0.0135896 0.0132815 0.0124028 0.011509 0.0107515 0.0095647 0.0095445 0.00912535 0.00821635 0.0076053 0.00699425 0.00661045 0.0057974 0.00538835 0.0051308 0.0046157 0.00403495 0.00395415 0.0035451 0.0309919 
0.0009696 0.00294415 0.004848 0.00675185 0.00861025 0.0102263 0.0121907 0.0132967 0.0149682 0.0158671 0.0175033 0.0178467 0.0189022 0.019791 0.0202202 0.0210232 0.0212807 0.0207202 0.0210686 0.0203768 0.0204172 0.0203212 0.0202657 0.0193617 0.018483 0.0186598 0.0178366 0.0168822 0.0163974 0.0152914 0.0153116 0.0139027 0.0131199 0.0124988 0.0121402 0.010802 0.0103879 0.00997375 0.00895365 0.00861025 0.00794365 0.00729725 0.00726695 0.0064337 0.00592365 0.00550955 0.00470155 0.00460055 0.004242 0.0035653 0.0362843 
0.00100495 0.00254015 0.0042521 0.0060701 0.007777 0.00906475 0.0106303 0.0114938 0.0132613 0.0142663 0.0149127 0.0161499 0.0168468 0.0174124 0.0178366 0.0186093 0.0192506 0.0191395 0.019291 0.0191698 0.0189527 0.0189527 0.0186901 0.0180588 0.017771 0.017372 0.0174528 0.0160287 0.0157005 0.0150793 0.0145087 0.0138825 0.0130593 0.0122109 0.012019 0.0113474 0.0104788 0.00997375 0.00933745 0.0090698 0.00822645 0.00782245 0.00707 0.00674175 0.0064741 0.0057166 0.00534795 0.0050601 0.00460055 0.0041814 0.0420918 
0.0006565 0.0024341 0.00390365 0.0052621 0.0068074 0.0081507 0.0093627 0.0105545 0.0115595 0.0127664 0.0137461 0.0146198 0.0155035 0.0163014 0.0166499 0.0169983 0.0166903 0.0167812 0.0179023 0.0178215 0.0179881 0.0172155 0.0173316 0.0171902 0.0170539 0.0167105 0.01616 0.0161802 0.0150036 0.0149531 0.0140693 0.0130189 0.0125695 0.0122968 0.0114585 0.0114383 0.0105899 0.0101657 0.0099081 0.00896375 0.0086153 0.00784265 0.00758005 0.0069589 0.0062923 0.0061408 0.0056257 0.00521665 0.00513585 0.00444905 0.0478993 
0.00063125 0.00185335 0.00350975 0.00447935 0.00586305 0.00717605 0.0084941 0.00969095 0.0103576 0.011307 0.0121503 0.0133219 0.0142915 0.0144784 0.0150793 0.0160186 0.0161045 0.0162055 0.0163014 0.0165539 0.0166246 0.0162459 0.0166499 0.0159227 0.015958 0.0157661 0.0157661 0.0148521 0.0146147 0.0143269 0.0141501 0.0134583 0.0125947 0.0125038 0.0116403 0.0108777 0.0107767 0.0100495 0.0097364 0.0092516 0.0088476 0.00832745 0.00776185 0.0069993 0.00646905 0.00627715 0.00569135 0.00567115 0.00494395 0.00476215 0.0541209 
0.00058075 0.001717 0.00320675 0.00421675 0.00542875 0.006262 0.0081002 0.00867085 0.00921625 0.0104131 0.0116504 0.0122059 0.0126301 0.0132815 0.0136805 0.0138269 0.0145996 0.0148773 0.0147258 0.0149783 0.0154581 0.0154177 0.0155944 0.0154833 0.0150339 0.0147965 0.0146349 0.0141198 0.0141501 0.0135643 0.0134532 0.0130644 0.0126856 0.0122362 0.0113373 0.0114433 0.010398 0.0101909 0.00983235 0.00941825 0.00844865 0.00846885 0.0078578 0.00729725 0.00711545 0.0067569 0.00594385 0.00575195 0.00533785 0.0051207 0.0592315 
0.000505 0.0016059 0.0027775 0.00396425 0.00464095 0.0058277 0.00661045 0.00807495 0.0085244 0.00973135 0.0105141 0.0109181 0.0115241 0.0120746 0.0126099 0.013029 0.0132866 0.0139532 0.0140592 0.0144026 0.014539 0.0144733 0.0142562 0.0143521 0.014443 0.0141451 0.014342 0.0135593 0.0135694 0.0129533 0.0134128 0.0129937 0.0119736 0.0117564 0.0110898 0.0104586 0.0104939 0.0103121 0.0097768 0.00937785 0.00900415 0.0085244 0.00799415 0.0075346 0.00703465 0.00654985 0.00661045 0.0059489 0.00557015 0.00515605 0.0649178 
0.000505 0.00148975 0.0026462 0.00351985 0.00452985 0.0054439 0.00608525 0.00705485 0.00768105 0.0087769 0.00972125 0.0100546 0.0111959 0.0115393 0.0118726 0.0121402 0.012423 0.0128321 0.0130543 0.0136704 0.0130947 0.0134532 0.0135593 0.0132462 0.013731 0.0135997 0.0131957 0.0131199 0.0127513 0.0126604 0.0120392 0.0124937 0.0116908 0.0113827 0.0110696 0.0105394 0.0104838 0.0098273 0.00982225 0.00909505 0.00848905 0.0087264 0.00797395 0.00794365 0.00686295 0.00703465 0.006565 0.00582265 0.00572165 0.0054944 0.0704324 
0.0004444 0.0012928 0.0022826 0.0032421 0.00403495 0.00480255 0.0054742 0.0066458 0.00721645 0.00771135 0.0086557 0.0092112 0.0101202 0.0101455 0.0106202 0.0114736 0.0118524 0.0120089 0.0122513 0.0127614 0.0125998 0.0127765 0.0125695 0.0129381 0.0131199 0.0129028 0.0128573 0.0121806 0.012423 0.0121756 0.0119837 0.0119029 0.0110191 0.0107969 0.0107313 0.0104737 0.0099485 0.00973135 0.009494 0.009292 0.0088072 0.0085951 0.00815575 0.0077568 0.0075952 0.00664075 0.0066761 0.0062822 0.00595395 0.00538835 0.0751895 
0 0 0 0 0 0 0 0 0 0 0 0 0 0 0 0 0 0 0 0 0 0 0 0 0 0 0 0 0 0 0 0 0 0 0 0 0 0 0 0 0 0 0 0 0 0 0 0 0 0 0 
