Half rod, albedo problem, Anisotropic scattering, exponential random flight, mu_t: 3 g: 0.7
Analogmu_t c: 0.99 maxx: 10 dx: 0.19802 numsamples: 1000000 numCollisionOrders: 20 numMoments: 10
total albedo: 0.693942
per-collision order albedos: 
0 0.073676 0.062678 0.052941 0.045574 0.039069 0.033757 0.029343 0.02581 0.022727 0.020282 0.018129 0.016462 0.014628 0.013565 0.012279 0.011066 0.010212 0.009327 0.008554 
Collision density L:
2.05584 1.97849 1.91833 1.85974 1.79731 1.73908 1.69027 1.63275 1.58247 1.52557 1.48024 1.42394 1.37848 1.33372 1.28649 1.2478 1.20467 1.16977 1.13342 1.09688 1.06037 1.02485 0.989906 0.959848 0.927023 0.898718 0.869095 0.839618 0.817433 0.788936 0.759454 0.736204 0.7141 0.690194 0.669221 0.645814 0.62818 0.605864 0.586376 0.565948 0.548147 0.530861 0.5141 0.497334 0.483972 0.46818 0.452445 0.435179 0.421286 0.411424 12.1942 
Collision density R:
2.94829 2.84997 2.76329 2.67238 2.58047 2.50275 2.42123 2.34291 2.27929 2.19678 2.12861 2.05824 1.98327 1.92486 1.86645 1.80084 1.74109 1.68212 1.62878 1.57973 1.52236 1.47533 1.43107 1.38004 1.33586 1.28966 1.24585 1.21048 1.17289 1.13321 1.09689 1.06219 1.02257 0.99329 0.962495 0.935937 0.903132 0.871731 0.842416 0.818156 0.792719 0.763752 0.737477 0.717666 0.691027 0.672322 0.650379 0.627811 0.609762 0.58783 17.5562 
Density Moments:
30.5611 183.796 2210.77 39826.9 953197 2.83547e+07 1.00429e+09 4.10607e+10 1.89026e+12 9.59031e+13 
Per-collision Density Moments:
1 0.334006 0.223392 0.224322 0.30069 0.50405 1.01251 2.36256 6.24854 18.3529 
0.916253 0.586833 0.579644 0.768613 1.27682 2.54519 5.90511 15.5722 45.7688 147.453 
0.844342 0.779168 1.01008 1.6597 3.28845 7.60633 20.0541 59.1266 191.835 675.394 
0.782919 0.926446 1.47677 2.88539 6.63483 17.5083 52.0934 172.579 631.396 2541.33 
0.729527 1.03991 1.95594 4.41647 11.5379 34.1187 112.475 408.663 1622.07 6984.32 
0.68311 1.1275 2.43044 6.20418 18.1038 59.2018 214.071 847.453 3644.32 16914.9 
0.642525 1.1951 2.8897 8.20243 26.388 94.4179 371.126 1588.28 7351.06 36609 
0.606804 1.24779 3.33025 10.3774 36.4225 141.313 598.776 2746.61 13547.7 71490.5 
0.57503 1.28874 3.75063 12.6978 48.1884 201.152 912.532 4459.92 23324.5 129819 
0.546416 1.32009 4.14829 15.1305 61.6561 275.416 1333.03 6933.76 38511.6 227183 
0.520567 1.34407 4.52261 17.648 76.7802 365.321 1879.25 10370.8 61047.3 381562 
0.49736 1.36257 4.87613 20.2262 93.3632 470.132 2552.56 14828.4 91656.8 600231 
0.475862 1.37612 5.20791 22.8453 111.401 591.686 3382.72 20657.3 134021 920070 
0.456466 1.38653 5.52286 25.5048 130.821 729.792 4373.84 27937.7 189117 1.35095e+06 
0.438285 1.39382 5.81922 28.1833 151.561 885.591 5551.12 37014.8 260978 1.93676e+06 
0.421543 1.39871 6.0989 30.8674 173.42 1057.72 6911.88 47973.7 351464 2.70485e+06 
0.406147 1.40097 6.3594 33.5357 196.334 1247.36 8485.67 61277.9 466896 3.73706e+06 
0.391828 1.40157 6.60436 36.1844 220.139 1453.04 10264.8 76932.6 608079 5.04745e+06 
0.378636 1.40085 6.83713 38.8358 245.024 1677.1 12282.5 95404 781338 6.71971e+06 
0 0 0 0 0 0 0 0 0 0 
Per-collision Densities L:
0 0 0 0 0 0 0 0 0 0 0 0 0 0 0 0 0 0 0 0 0 0 0 0 0 0 0 0 0 0 0 0 0 0 0 0 0 0 0 0 0 0 0 0 0 0 0 0 0 0 0 
0.168837 0.0926322 0.0504748 0.0278811 0.0156247 0.0084133 0.00446925 0.0026058 0.00143925 0.0008686 0.00038885 0.00025755 0.0001717 8.585e-05 6.565e-05 2.525e-05 3.03e-05 0 5.05e-06 1.01e-05 0 5.05e-06 5.05e-06 0 0 0 0 0 0 0 0 0 0 0 0 0 0 0 0 0 0 0 0 0 0 0 0 0 0 0 0 
0.179199 0.146011 0.103818 0.0729624 0.0485103 0.0307242 0.0193617 0.0118221 0.00742855 0.00464095 0.0025755 0.0016261 0.00092415 0.00058075 0.0003838 0.0002525 0.0001717 7.575e-05 3.03e-05 5.05e-06 1.515e-05 1.515e-05 5.05e-06 5.05e-06 0 0 0 0 0 0 0 0 0 0 0 0 0 0 0 0 0 0 0 0 0 0 0 0 0 0 0 
0.158833 0.148904 0.129507 0.10499 0.0790881 0.0581205 0.0416373 0.0283002 0.0197455 0.0130189 0.0084032 0.00560045 0.0035249 0.00202 0.0013736 0.0009898 0.0004646 0.00030805 0.00020705 0.0001313 8.585e-05 2.525e-05 3.535e-05 1.515e-05 1.515e-05 0 5.05e-06 0 0 0 0 0 0 0 0 0 0 0 0 0 0 0 0 0 0 0 0 0 0 0 0 
0.136113 0.133805 0.127906 0.114574 0.0974802 0.0793557 0.0621453 0.0478993 0.0346531 0.0251288 0.017266 0.0124079 0.00839815 0.00560045 0.0038279 0.002424 0.00171195 0.0010302 0.00079285 0.00038885 0.00024745 0.00019695 0.0001111 6.565e-05 2.525e-05 3.03e-05 2.02e-05 1.01e-05 1.515e-05 0 0 0 0 0 0 0 0 0 0 0 0 0 0 0 0 0 0 0 0 0 0 
0.117519 0.116665 0.115963 0.110933 0.10001 0.0889204 0.0766035 0.062519 0.0504596 0.0384305 0.0301637 0.0215181 0.0154379 0.0116453 0.00801435 0.0058984 0.00384305 0.00280275 0.00175235 0.00112615 0.0007474 0.0004242 0.00036865 0.00023735 0.0001212 0.00010605 6.565e-05 4.545e-05 3.03e-05 1.01e-05 5.05e-06 5.05e-06 1.01e-05 0 5.05e-06 0 0 0 0 0 0 0 0 0 0 0 0 0 0 0 0 
0.102439 0.102843 0.101465 0.0996517 0.0955157 0.0907384 0.0826584 0.072114 0.0597617 0.0504899 0.0412838 0.0320372 0.0250884 0.01868 0.0140239 0.0103222 0.0074639 0.0051308 0.0039087 0.00258055 0.00166145 0.00125745 0.0008888 0.00058075 0.0003434 0.00024745 0.00013635 0.000101 4.04e-05 4.04e-05 4.545e-05 1.515e-05 4.04e-05 5.05e-06 5.05e-06 0 5.05e-06 0 0 5.05e-06 0 0 0 0 0 0 0 0 0 0 0 
0.0882791 0.0891527 0.0901476 0.0915868 0.0887386 0.0851329 0.0801132 0.0750632 0.0657005 0.0574842 0.0496213 0.0411878 0.0338603 0.0266085 0.0208363 0.0159833 0.0116201 0.00919605 0.00675185 0.00469145 0.00355015 0.00255025 0.0016261 0.00114635 0.00078275 0.00057065 0.00035855 0.0002929 0.00016665 0.000101 8.585e-05 4.545e-05 1.515e-05 1.515e-05 2.525e-05 1.01e-05 0 1.01e-05 0 0 0 0 5.05e-06 0 0 0 0 0 0 0 0 
0.0780377 0.0796688 0.0813606 0.0804112 0.0791386 0.0792446 0.076957 0.0722857 0.0669681 0.0605748 0.0536007 0.0471872 0.0400162 0.0338603 0.0273104 0.021811 0.0172458 0.0132209 0.0101354 0.00773155 0.00623675 0.00439855 0.00310575 0.0020705 0.00184325 0.001313 0.00076255 0.0006262 0.0004141 0.0002525 0.00015655 7.07e-05 0.00011615 6.565e-05 3.03e-05 1.515e-05 5.05e-06 0 0 1.515e-05 5.05e-06 0 0 0 0 0 0 0 0 0 0 
0.0698112 0.0707859 0.0720029 0.0723312 0.0728715 0.0717757 0.070397 0.0685285 0.0649986 0.0605142 0.0560197 0.0505556 0.0444754 0.0381578 0.0321635 0.026866 0.0218211 0.018276 0.0145895 0.0117665 0.0089082 0.00697405 0.00519645 0.00409555 0.0028482 0.0019796 0.00156045 0.00120695 0.000606 0.0005656 0.00036865 0.00023735 0.0002828 0.00014645 8.585e-05 6.06e-05 3.535e-05 3.535e-05 0 2.02e-05 1.515e-05 0 0 0 0 5.05e-06 0 5.05e-06 0 0 0 
0.062009 0.0640088 0.0640997 0.0651551 0.0650642 0.0652713 0.0649329 0.0636654 0.0606707 0.057868 0.0555904 0.0514898 0.046258 0.0410919 0.0357389 0.0312999 0.0267145 0.0226947 0.0191395 0.0154278 0.0129836 0.0095647 0.0075548 0.0060095 0.0042622 0.0032926 0.0024038 0.0018382 0.00138875 0.00101505 0.0006464 0.0005757 0.0004242 0.00028785 0.00011615 0.0001717 0.000101 6.565e-05 4.545e-05 5.555e-05 5.05e-06 1.01e-05 2.02e-05 5.05e-06 1.01e-05 0 5.05e-06 0 0 0 0 
0.0567115 0.0566964 0.0574589 0.0597769 0.0606707 0.0596557 0.0596658 0.0573226 0.0576104 0.055343 0.0540956 0.0488234 0.0466115 0.0418292 0.0378801 0.0332341 0.030093 0.0259671 0.0224069 0.0190335 0.016155 0.0126755 0.00995355 0.008484 0.0064337 0.00498435 0.00408545 0.00293405 0.00220685 0.00159075 0.00136855 0.00086355 0.00070195 0.0004949 0.0003333 0.00026765 0.0002525 0.0001313 0.0001313 5.555e-05 4.545e-05 5.05e-05 1.01e-05 4.545e-05 5.05e-06 5.05e-06 0 0 0 0 5.05e-06 
0.0494395 0.0521615 0.0540754 0.0538583 0.0541461 0.0540552 0.0535603 0.0536462 0.0537169 0.0528937 0.0488941 0.0474094 0.0451925 0.0417231 0.0381477 0.0357187 0.0322089 0.0292345 0.0251036 0.0221796 0.0185083 0.0156247 0.0133169 0.0106353 0.00885265 0.00717605 0.0054944 0.00437835 0.0034239 0.00260075 0.0020099 0.00155035 0.0010706 0.0007575 0.0007171 0.00043935 0.0003131 0.0002323 0.00017675 0.0001818 0.000101 5.555e-05 5.555e-05 1.515e-05 2.02e-05 2.525e-05 1.515e-05 5.05e-06 5.05e-06 0 5.05e-06 
0.0458035 0.0474953 0.0485053 0.0487578 0.0497324 0.0500455 0.0495355 0.0495405 0.0495658 0.0469701 0.0461974 0.0440562 0.0436118 0.0406222 0.0383396 0.0362035 0.0331735 0.0305727 0.0273609 0.0238613 0.0209878 0.0176801 0.0155692 0.0132108 0.011009 0.00934755 0.00695385 0.00576205 0.00475205 0.00385315 0.00288355 0.002525 0.00169175 0.001313 0.0009191 0.00090395 0.00052015 0.0004545 0.00037875 0.0002626 0.000202 9.09e-05 8.08e-05 8.08e-05 5.555e-05 6.06e-05 5.05e-06 5.05e-06 5.05e-06 5.05e-06 1.515e-05 
0.0419049 0.0430058 0.0431573 0.044334 0.0449955 0.0455864 0.0452682 0.045243 0.0452278 0.0449097 0.043329 0.0423796 0.041001 0.0392537 0.0381831 0.0354813 0.0333553 0.0303707 0.0285982 0.0246794 0.0224574 0.0198617 0.0173922 0.0154884 0.0132613 0.0109636 0.0089486 0.00773155 0.00633775 0.0048985 0.0041006 0.0031815 0.002424 0.00196445 0.00152005 0.00107565 0.00094435 0.0006262 0.0006666 0.00040905 0.0003434 0.0002525 0.00012625 0.0001515 7.07e-05 4.04e-05 3.03e-05 2.525e-05 1.515e-05 3.03e-05 4.04e-05 
0.0378801 0.0384002 0.0403192 0.0408646 0.0412282 0.0418494 0.0419655 0.0415413 0.0425059 0.0419201 0.0411121 0.0399304 0.0385871 0.0371226 0.0366378 0.0347339 0.0322998 0.0306333 0.0279265 0.026154 0.0240936 0.0213312 0.0194476 0.0169428 0.0147915 0.0126604 0.0108878 0.00882235 0.0076053 0.0067771 0.0048076 0.00428745 0.00332795 0.0027068 0.0020907 0.0018483 0.0014645 0.00104535 0.00076255 0.0006262 0.0004848 0.00036865 0.0002323 0.0002323 0.0001818 0.00010605 7.07e-05 5.555e-05 4.04e-05 3.535e-05 5.555e-05 
0.0346026 0.0350016 0.037168 0.0373347 0.0383144 0.0383497 0.0395365 0.0394658 0.0396627 0.038885 0.03888 0.0375367 0.03686 0.03636 0.0341986 0.0335674 0.0317999 0.0297496 0.028078 0.0261944 0.024543 0.0226341 0.0201344 0.0177457 0.0159732 0.014539 0.0120392 0.0105141 0.0094132 0.0072518 0.00646905 0.0052621 0.00453995 0.00359055 0.0029997 0.00230785 0.00200485 0.00141905 0.0012524 0.0010403 0.0007474 0.000505 0.00041915 0.00033835 0.00021715 0.0001313 0.00012625 7.07e-05 9.09e-05 6.06e-05 0.00013635 
0.0310727 0.0329563 0.0338148 0.0350167 0.0348501 0.0359459 0.0368448 0.036759 0.0360823 0.0374862 0.0361075 0.035749 0.0349662 0.0341835 0.0330018 0.0324665 0.0309616 0.0290577 0.0275579 0.0261742 0.0244875 0.0223362 0.0205737 0.0194072 0.0170084 0.0150743 0.0133775 0.0121352 0.0105343 0.00894355 0.00767095 0.00674175 0.00551965 0.00428745 0.0039087 0.0029694 0.00253005 0.00211595 0.0017271 0.00131805 0.0010807 0.00083325 0.00057065 0.0004545 0.0003838 0.00027775 0.00022725 0.0001313 0.00010605 8.585e-05 0.00028785 
0.0288608 0.0304667 0.0315171 0.0320726 0.0326836 0.0338906 0.0338552 0.0345471 0.034638 0.03484 0.0346531 0.0336532 0.0329412 0.0324008 0.0309818 0.0306939 0.028881 0.0280881 0.0269822 0.0255985 0.0242198 0.0230482 0.0213565 0.0186194 0.0180538 0.0157914 0.0149581 0.0132159 0.0114635 0.0100344 0.00842845 0.0074942 0.00645895 0.0052116 0.0045955 0.0038279 0.00348955 0.00269165 0.00222705 0.00168165 0.00125745 0.00113625 0.00087365 0.00068175 0.0005353 0.00044945 0.0003131 0.00017675 0.0001515 0.0001818 0.00047975 
0 0 0 0 0 0 0 0 0 0 0 0 0 0 0 0 0 0 0 0 0 0 0 0 0 0 0 0 0 0 0 0 0 0 0 0 0 0 0 0 0 0 0 0 0 0 0 0 0 0 0 
Per-collision Densities L:
2.2608 1.24506 0.689406 0.384547 0.209237 0.116211 0.0648471 0.0354308 0.0200283 0.0109585 0.00583275 0.00321685 0.00194425 0.00120695 0.0005757 0.00031815 0.0001616 8.585e-05 4.545e-05 4.545e-05 2.525e-05 5.05e-06 5.05e-06 0 5.05e-06 0 0 0 0 0 0 0 0 0 0 0 0 0 0 0 0 0 0 0 0 0 0 0 0 0 0 
0.509676 0.904238 0.845264 0.655333 0.467524 0.319342 0.206575 0.132068 0.0836482 0.0508232 0.0315423 0.0190587 0.0110949 0.00684275 0.00388345 0.00251995 0.0013736 0.00083325 0.00044945 0.00029795 0.000202 0.00012625 1.01e-05 1.515e-05 1.01e-05 2.02e-05 1.01e-05 0 0 0 0 0 0 0 0 0 0 0 0 0 0 0 0 0 0 0 0 0 0 0 0 
0.0865671 0.353702 0.534896 0.577781 0.527038 0.437694 0.336042 0.246824 0.176755 0.122069 0.0823605 0.0539946 0.0349561 0.0227351 0.0149682 0.00952935 0.0056964 0.00357035 0.0023129 0.00129785 0.0007676 0.00053025 0.0002424 0.00019695 0.0001111 9.595e-05 1.515e-05 2.02e-05 1.515e-05 0 0 0 0 0 0 0 0 0 0 0 0 0 0 0 0 0 0 0 0 0 0 
0.0173316 0.108141 0.242137 0.352657 0.407449 0.407636 0.373978 0.313393 0.251662 0.192375 0.146071 0.104767 0.0740482 0.0518181 0.0358399 0.0235987 0.0160287 0.0105192 0.00711545 0.0041915 0.0028381 0.00177255 0.00109585 0.00070195 0.0004848 0.00033835 0.0001515 0.00013635 7.07e-05 5.05e-06 5.05e-06 2.02e-05 5.05e-06 0 5.05e-06 0 0 0 0 0 0 5.05e-06 0 0 0 0 0 0 0 0 0 
0.00786285 0.0370064 0.0978135 0.178189 0.250955 0.298147 0.315448 0.302985 0.277088 0.235436 0.192365 0.153313 0.117155 0.0891275 0.065448 0.0477124 0.0326634 0.0233967 0.0162863 0.0108525 0.00730735 0.00483285 0.0032017 0.0019796 0.0013433 0.0009191 0.00066155 0.00038885 0.0002424 0.0001313 8.08e-05 5.05e-05 3.03e-05 1.515e-05 2.525e-05 1.01e-05 5.05e-06 0 0 0 0 5.05e-06 0 0 0 0 0 0 0 0 0 
0.0056257 0.0211696 0.0463641 0.0860773 0.137001 0.187103 0.224245 0.244284 0.248132 0.235138 0.211019 0.180472 0.150581 0.122165 0.096147 0.0745128 0.0564691 0.0412888 0.0297698 0.0213615 0.0154328 0.0105242 0.0072821 0.0048177 0.00330775 0.00242905 0.0016362 0.0010201 0.0007575 0.0003838 0.0002525 0.00019695 0.00012625 6.565e-05 6.06e-05 3.03e-05 2.02e-05 1.01e-05 0 0 1.515e-05 0 0 5.05e-06 0 0 0 0 0 0 0 
0.00526715 0.0153268 0.0293506 0.0489547 0.0772145 0.111221 0.144597 0.174781 0.192996 0.201041 0.197102 0.184047 0.162787 0.143016 0.120796 0.0973186 0.0782902 0.0619433 0.0471973 0.0356783 0.0265529 0.0186446 0.014241 0.0100041 0.0069084 0.0050601 0.00349965 0.00240885 0.0016463 0.0010706 0.00065145 0.00051005 0.0003434 0.0002525 0.0001818 9.09e-05 5.05e-05 4.04e-05 2.02e-05 1.01e-05 0 1.01e-05 5.05e-06 5.05e-06 0 0 0 0 0 5.05e-06 0 
0.0043733 0.0134835 0.022821 0.0341835 0.0495203 0.0697153 0.0924605 0.118847 0.139168 0.155914 0.162332 0.165438 0.158419 0.145491 0.131214 0.1121 0.0964853 0.0792749 0.0644936 0.0509091 0.0400061 0.0302647 0.0233815 0.0170438 0.01212 0.00896375 0.0069387 0.0046561 0.0035148 0.00246945 0.00164125 0.00116655 0.0007979 0.00052015 0.0004141 0.0002525 0.0001919 0.00011615 5.555e-05 1.515e-05 2.525e-05 3.03e-05 5.05e-06 5.05e-06 0 0 5.05e-06 0 0 0 5.05e-06 
0.00364105 0.0116857 0.0189931 0.0276993 0.036658 0.0490507 0.0636098 0.0813454 0.0976569 0.114024 0.127093 0.135542 0.137592 0.137224 0.127992 0.117387 0.10357 0.0917636 0.0779417 0.0650541 0.0520908 0.0429856 0.0339108 0.0260025 0.0195334 0.0146248 0.0113726 0.00821635 0.0060297 0.0043531 0.00336835 0.002323 0.00156045 0.0011211 0.00073225 0.00063125 0.00048985 0.00028785 0.0001818 0.00012625 8.08e-05 3.03e-05 2.02e-05 1.515e-05 5.05e-06 0 0 5.05e-06 5.05e-06 0 5.05e-06 
0.00350975 0.0101253 0.0168317 0.0236088 0.0305424 0.0381679 0.0483083 0.0579336 0.0717807 0.083219 0.0956268 0.105101 0.11264 0.115822 0.116423 0.112605 0.105096 0.0958389 0.0855016 0.0744875 0.0631705 0.0530503 0.0438896 0.0356076 0.0278306 0.0221443 0.0164226 0.0131704 0.0096859 0.00722655 0.00561055 0.00408545 0.00305525 0.0019594 0.0015453 0.0012322 0.000808 0.00052015 0.00043935 0.00020705 0.00021715 0.0001313 0.00012625 3.535e-05 6.06e-05 1.515e-05 1.515e-05 1.01e-05 5.05e-06 5.05e-06 5.05e-06 
0.00303 0.00903445 0.0149632 0.0209525 0.0265125 0.0325826 0.0389052 0.047566 0.0554389 0.0637361 0.0728564 0.0819413 0.0887689 0.0953188 0.0995658 0.09847 0.0980912 0.0918898 0.086557 0.0788255 0.0695789 0.0608626 0.0519241 0.0437684 0.0357086 0.029189 0.0234674 0.0185083 0.0148319 0.0114332 0.0086557 0.0064337 0.00492375 0.0036865 0.0026462 0.00189375 0.00159075 0.001111 0.0007676 0.00060095 0.00034845 0.0002626 0.0001414 0.0001818 0.00011615 5.05e-05 2.02e-05 2.525e-05 3.535e-05 1.515e-05 3.03e-05 
0.00255025 0.00800425 0.0131704 0.0187658 0.0238057 0.0282295 0.0332795 0.0389254 0.0451925 0.0510808 0.057974 0.0654935 0.0710737 0.0773963 0.0829261 0.0846784 0.0852592 0.0856935 0.0820322 0.0774973 0.0709222 0.0639583 0.0579336 0.0497678 0.0428493 0.0357187 0.0297597 0.0243057 0.0203616 0.0159227 0.0124079 0.00989295 0.00749925 0.0057267 0.00431775 0.00319665 0.00233815 0.0017574 0.0012726 0.0010504 0.00068175 0.000606 0.00030805 0.0003434 0.0001919 8.08e-05 8.08e-05 5.555e-05 6.565e-05 3.535e-05 7.575e-05 
0.00244925 0.00737805 0.0118221 0.0160035 0.0219625 0.0252955 0.0291133 0.0341784 0.0392385 0.0430614 0.0480457 0.0536462 0.05807 0.0632917 0.0678064 0.0718312 0.0736997 0.0747804 0.0735634 0.0730331 0.0682205 0.0646198 0.0596456 0.0532674 0.0470054 0.0411878 0.0349612 0.0294516 0.024639 0.0206495 0.0165994 0.0136199 0.0109636 0.0085749 0.00640845 0.00502475 0.0036259 0.00293405 0.00214625 0.00159075 0.00123725 0.0008686 0.00068175 0.00044945 0.00037875 0.00031815 0.00018685 0.000101 0.0001111 6.06e-05 0.00017675 
0.0023028 0.0064741 0.0106505 0.0150692 0.0192506 0.0232199 0.0265428 0.0298354 0.033729 0.0384103 0.0422079 0.0458035 0.0492981 0.0530705 0.0555702 0.0611 0.0646956 0.0640138 0.0661096 0.0660086 0.0633826 0.060898 0.0578074 0.0539744 0.0499041 0.0443188 0.0396375 0.0333553 0.0289062 0.024543 0.0206242 0.0176144 0.0138774 0.0116251 0.00924655 0.0072316 0.00566105 0.00438845 0.00317645 0.0024846 0.00200485 0.00146955 0.00095445 0.0008686 0.000606 0.00051005 0.00035855 0.0002424 0.0001313 0.00012625 0.00032825 
0.0019998 0.0058782 0.0100798 0.0135189 0.0169125 0.0213716 0.0249571 0.0269721 0.0307242 0.0339007 0.0371276 0.040198 0.0431725 0.0455611 0.048677 0.0517726 0.0546663 0.0562419 0.0576811 0.0578478 0.0586406 0.0571307 0.0547117 0.0523685 0.0491264 0.0452682 0.041405 0.0362893 0.0323857 0.0279215 0.0240986 0.0205232 0.0173165 0.0145794 0.0119483 0.00969095 0.00807495 0.00627715 0.0048682 0.0037976 0.002929 0.0021008 0.001717 0.0012524 0.00118675 0.00068175 0.00064135 0.00042925 0.00028785 0.00027775 0.00051005 
0.00173215 0.00533785 0.0092718 0.0120342 0.0152712 0.018887 0.0224422 0.0253813 0.0280982 0.030194 0.0338098 0.0350824 0.0379508 0.040703 0.0433947 0.0451369 0.0478841 0.0488638 0.0507222 0.0512424 0.0512171 0.0520403 0.0505354 0.0494143 0.0471014 0.0447784 0.0420362 0.0380063 0.0344612 0.0302697 0.0270428 0.0237249 0.0199475 0.0178013 0.0147157 0.0120645 0.00989295 0.00807495 0.0067266 0.00533785 0.0042521 0.0033431 0.0025654 0.00194425 0.00166145 0.00116655 0.0009292 0.0006565 0.000404 0.000404 0.00103525 
0.001616 0.00480255 0.00805475 0.0111656 0.0146804 0.016761 0.0199021 0.0226089 0.0261388 0.0280831 0.0300425 0.0326836 0.0339764 0.0359813 0.0381578 0.0402031 0.0413646 0.0429149 0.0453541 0.0468287 0.0451571 0.0471872 0.045849 0.045748 0.0447935 0.0422685 0.0406525 0.0386729 0.0352793 0.0320776 0.0285982 0.0254672 0.0225331 0.0194627 0.0171801 0.0144683 0.0125139 0.00999395 0.00822645 0.00710535 0.00590345 0.0044743 0.0034138 0.0029997 0.0022119 0.0018887 0.00140895 0.0009999 0.0007777 0.0006464 0.00170185 
0.00160085 0.00455005 0.0072013 0.010196 0.0131957 0.0155035 0.017872 0.0207101 0.0229775 0.0260025 0.0286184 0.0304212 0.0311838 0.0322746 0.0348198 0.0360974 0.0373397 0.0379003 0.0404707 0.0412939 0.0418696 0.0416423 0.0422584 0.0414757 0.0413696 0.0399506 0.0389406 0.0371933 0.0344511 0.0326988 0.0298758 0.0265125 0.0239623 0.0213363 0.0190183 0.0167155 0.0144784 0.0121453 0.0102667 0.00851935 0.00717605 0.0057772 0.0048177 0.00389355 0.00295425 0.0025654 0.0019493 0.00161095 0.00118675 0.0008787 0.00285325 
0.0013433 0.00402485 0.0070296 0.0089991 0.0122008 0.0145541 0.0164883 0.0192102 0.0210939 0.0229674 0.0259722 0.0275074 0.0295021 0.0306283 0.0316635 0.0327897 0.0342491 0.0354864 0.0360722 0.0368044 0.0383901 0.0381073 0.0380366 0.0383043 0.0374054 0.0368398 0.0363297 0.0365014 0.0338148 0.0308606 0.0307141 0.0281033 0.0245279 0.0227604 0.0205131 0.018175 0.0160994 0.0139582 0.0120089 0.0101404 0.00879205 0.0072417 0.00605495 0.00470155 0.00413595 0.00330775 0.0027775 0.0021109 0.00169175 0.00126755 0.0045046 
0 0 0 0 0 0 0 0 0 0 0 0 0 0 0 0 0 0 0 0 0 0 0 0 0 0 0 0 0 0 0 0 0 0 0 0 0 0 0 0 0 0 0 0 0 0 0 0 0 0 0 
