Half rod, albedo problem, isotropic scattering, exponential random flight, mu_t: 1
Analogmu_t c: 0.98 maxx: 10 dx: 0.19802 numsamples: 1000000 numCollisionOrders: 20 numMoments: 10
total albedo: 0.751703
per-collision order albedos: 
0 0.244497 0.120324 0.074076 0.050198 0.037007 0.028276 0.022734 0.018692 0.015586 0.013021 0.011227 0.00972 0.008508 0.007559 0.006809 0.005858 0.005461 0.004784 0.004334 
Collision density L:
0.743461 0.719777 0.70048 0.680326 0.662252 0.64438 0.622559 0.61008 0.59236 0.577053 0.561176 0.54393 0.526695 0.511267 0.497531 0.485229 0.470483 0.45851 0.447809 0.435052 0.422013 0.408843 0.400389 0.388815 0.3803 0.368938 0.357813 0.347657 0.337976 0.329033 0.318968 0.312469 0.302338 0.294657 0.286204 0.277023 0.271301 0.263595 0.255237 0.247995 0.239941 0.2368 0.227437 0.221549 0.217372 0.209216 0.204798 0.200586 0.19337 0.18988 6.57197 
Collision density R:
0.986952 0.960308 0.935674 0.90449 0.87765 0.858374 0.833467 0.808338 0.788896 0.76808 0.747334 0.728301 0.706677 0.682982 0.664676 0.645536 0.628321 0.609929 0.594567 0.580321 0.562514 0.547491 0.529952 0.516817 0.502238 0.490335 0.477902 0.46161 0.450091 0.437173 0.424432 0.412277 0.402238 0.391294 0.380275 0.370715 0.3601 0.350788 0.340385 0.330755 0.321008 0.31213 0.302586 0.294319 0.286285 0.277376 0.271362 0.262858 0.257535 0.250197 8.74245 
Density Moments:
12.3571 86.9859 1220.91 25645.8 718532 2.53209e+07 1.08834e+09 5.61765e+10 3.4422e+12 2.45967e+14 
Per-collision Density Moments:
1 1.00053 2.00489 6.03388 24.2127 121.074 720.491 4926.57 37632 313845 
0.73539 1.22442 3.4309 13.2799 65.3852 390.502 2739.62 22041.5 199415 1.99425e+06 
0.600506 1.31984 4.55726 20.8776 118.329 796.889 6200.99 54538.5 531985 5.65894e+06 
0.514573 1.36811 5.50055 28.7049 182.409 1360.01 11598.7 110989 1.173e+06 1.35055e+07 
0.453883 1.39019 6.29208 36.432 254.111 2061.92 19008.2 195567 2.21303e+06 2.71914e+07 
0.407725 1.39896 6.97922 44.0655 332.15 2890 28386.9 309809 3.71207e+06 4.83608e+07 
0.371167 1.39926 7.57553 51.4383 413.621 3810.82 39363.5 448923 5.58972e+06 7.53523e+07 
0.34105 1.39349 8.10201 58.7633 502.796 4913.8 53691.7 646128 8.47002e+06 1.1996e+08 
0.315426 1.38309 8.56298 65.8309 595.117 6130.47 70476 890690 1.22347e+07 1.81005e+08 
0.293566 1.37235 8.99054 72.8213 691.304 7456.98 89507.9 1.17713e+06 1.67536e+07 2.55441e+08 
0.274566 1.35631 9.34424 79.3345 787.467 8866.27 111004 1.52326e+06 2.26539e+07 3.61668e+08 
0.257882 1.33999 9.669 85.7816 887.987 10408.6 135456 1.92978e+06 2.9775e+07 4.93195e+08 
0.242957 1.32284 9.96173 92.0951 993.001 12125.5 164498 2.44603e+06 3.94628e+07 6.85122e+08 
0.229504 1.30493 10.2231 98.0698 1094.96 13818.3 193331 2.95765e+06 4.89615e+07 8.69802e+08 
0.217255 1.28541 10.4441 103.648 1194.52 15526.5 223258 3.50226e+06 5.93048e+07 1.0748e+09 
0.206099 1.2664 10.6468 109.149 1298.41 17413.1 258233 4.17517e+06 7.27924e+07 1.35626e+09 
0.196095 1.2474 10.8302 114.455 1401.14 19306.4 293777 4.86956e+06 8.7017e+07 1.6626e+09 
0.186677 1.22652 10.9731 119.417 1505.31 21364.5 335000 5.72479e+06 1.05527e+08 2.08155e+09 
0.178218 1.20773 11.1191 124.333 1607.6 23356.3 374103 6.5166e+06 1.22205e+08 2.44814e+09 
0 0 0 0 0 0 0 0 0 0 
Per-collision Densities L:
0 0 0 0 0 0 0 0 0 0 0 0 0 0 0 0 0 0 0 0 0 0 0 0 0 0 0 0 0 0 0 0 0 0 0 0 0 0 0 0 0 0 0 0 0 0 0 0 0 0 0 
0.222937 0.183754 0.149127 0.122367 0.101369 0.082214 0.0680942 0.0555399 0.045748 0.0368802 0.0310626 0.0250026 0.0208313 0.0168569 0.0136098 0.0113019 0.00908495 0.00744875 0.00633775 0.00509545 0.0044339 0.00343905 0.00297445 0.00212605 0.00192405 0.0014948 0.0012827 0.0011211 0.00078275 0.00074235 0.00060095 0.0004949 0.0004141 0.0003333 0.00022725 0.00019695 0.000202 0.00021715 0.0001717 0.0001111 5.555e-05 0.00010605 6.06e-05 3.535e-05 3.535e-05 6.565e-05 1.01e-05 2.02e-05 1.515e-05 5.05e-06 6.565e-05 
0.120468 0.115403 0.108671 0.102222 0.0934907 0.0839967 0.0748915 0.0670186 0.059686 0.0532068 0.0465459 0.0404253 0.0353046 0.0308353 0.0261994 0.0224422 0.0187254 0.0165034 0.0142511 0.0125998 0.0103525 0.0093829 0.00771135 0.00636805 0.0056863 0.00461065 0.0040198 0.003535 0.0026361 0.0025452 0.00206545 0.0018079 0.00164125 0.0012827 0.0009898 0.0007575 0.0007474 0.00056055 0.00051005 0.00043935 0.00043935 0.0003131 0.00028785 0.000202 0.00013635 0.0001818 0.0001313 0.00013635 0.000101 0.00010605 0.00040905 
0.0739724 0.0742603 0.0755177 0.0738916 0.072114 0.0685841 0.0650238 0.0617464 0.0572266 0.0520403 0.0485861 0.043526 0.0399304 0.0354914 0.0324412 0.0282901 0.0259469 0.0231593 0.0204475 0.0182558 0.0160388 0.0138875 0.012423 0.0111454 0.0093627 0.0080901 0.0072013 0.00588325 0.005151 0.00465105 0.00389355 0.00355015 0.00304515 0.0023634 0.0020705 0.0019392 0.00156045 0.0014847 0.0011918 0.00108575 0.00079285 0.00067165 0.0005757 0.00055045 0.00047975 0.0003838 0.00038885 0.00028785 0.0002323 0.00023735 0.0012019 
0.0519847 0.0527018 0.0548329 0.0555046 0.0545249 0.054641 0.052217 0.0519544 0.0492426 0.0464247 0.0442885 0.0413949 0.0389709 0.0361883 0.0332139 0.0311484 0.028381 0.025649 0.0231694 0.0212201 0.0193365 0.0173468 0.0162459 0.0139229 0.012317 0.010903 0.0098778 0.00870115 0.00780225 0.0066155 0.0063529 0.0053631 0.0046056 0.0045248 0.00361075 0.00300475 0.00274215 0.0021614 0.00187355 0.00178265 0.0015049 0.0014746 0.0011312 0.0010302 0.00083325 0.00084335 0.00076255 0.0006161 0.0005252 0.00043935 0.0027068 
0.0383245 0.0400314 0.041708 0.0425816 0.0427533 0.0422635 0.0424503 0.0418999 0.042117 0.0399102 0.0393395 0.0375771 0.0356682 0.0337694 0.0317443 0.0295476 0.0288153 0.025856 0.0243107 0.0220332 0.0205535 0.0189426 0.0173013 0.0154631 0.0143521 0.0133623 0.012115 0.0105192 0.00984245 0.0086052 0.007878 0.00686295 0.006262 0.005454 0.00497425 0.00456015 0.00402485 0.00331785 0.00300475 0.0024947 0.0023129 0.00208565 0.00180285 0.00178265 0.00154025 0.0013332 0.0011312 0.00107565 0.0008989 0.0008484 0.0055954 
0.0296132 0.0315524 0.0322645 0.0342441 0.0345622 0.0357237 0.0351733 0.0361277 0.0345622 0.0348955 0.0337744 0.0331078 0.0315575 0.0301485 0.0292547 0.0282548 0.0264923 0.0248006 0.0231088 0.0224372 0.0207555 0.0195284 0.0179073 0.017064 0.0158419 0.014342 0.0132159 0.0122311 0.0110494 0.00991315 0.009393 0.0086254 0.00723665 0.00694375 0.00641855 0.00569135 0.0049995 0.0047369 0.00413595 0.0038784 0.0034138 0.00279265 0.0027876 0.0023129 0.00224725 0.00174225 0.00182305 0.00141905 0.00136855 0.00105545 0.00890315 
0.0237401 0.025952 0.0267196 0.027169 0.0279114 0.0293456 0.0292597 0.0295122 0.0298001 0.0295173 0.0295829 0.0286285 0.0281336 0.0265428 0.0268458 0.0258358 0.0241087 0.0237502 0.0228462 0.0212151 0.0203616 0.019392 0.0183416 0.0171953 0.0158368 0.0152005 0.0141148 0.0129179 0.0118877 0.010908 0.0102162 0.0094637 0.00879205 0.0078174 0.00741845 0.00651955 0.00637815 0.005656 0.0050702 0.00450965 0.00402485 0.0037572 0.00326735 0.0029189 0.0026866 0.00217655 0.00223715 0.0020503 0.00192405 0.00157055 0.0123927 
0.0192658 0.0208767 0.0215938 0.0227705 0.0241138 0.0246188 0.0249672 0.0256237 0.0248511 0.0259318 0.0257348 0.0253056 0.0246238 0.0244925 0.0244572 0.0231846 0.0225281 0.0217049 0.0216797 0.0205182 0.0193617 0.0186042 0.0167105 0.0167408 0.01616 0.0153318 0.013837 0.0128775 0.0122816 0.0116756 0.0105141 0.0104283 0.00939805 0.008686 0.008484 0.0071912 0.00687305 0.00627715 0.00578225 0.00526715 0.00475205 0.0047066 0.00385315 0.0037067 0.00341885 0.00314615 0.00274215 0.00264115 0.00224725 0.00206545 0.0176397 
0.0159227 0.0169327 0.0185941 0.0191446 0.0198718 0.0204576 0.0208212 0.021508 0.0219726 0.0221392 0.0217605 0.0224675 0.022018 0.0216241 0.0209323 0.0209323 0.0206343 0.0200738 0.0195486 0.0188719 0.0178467 0.0176144 0.0166246 0.016463 0.0157863 0.0144178 0.0133068 0.0129684 0.0123725 0.0117514 0.0110595 0.0105394 0.0096556 0.0091708 0.0083527 0.00766085 0.00735785 0.0069892 0.0066256 0.00579235 0.0055954 0.0048884 0.0046056 0.0041915 0.00362085 0.00359055 0.00322695 0.00316635 0.00258055 0.00245935 0.0226089 
0.0139128 0.0147915 0.0157914 0.0160994 0.0169428 0.0180386 0.0186244 0.0191193 0.0189628 0.0197607 0.0192102 0.0192961 0.0191042 0.0197708 0.0192052 0.0191597 0.0188416 0.0186901 0.0182457 0.0177811 0.016963 0.0161095 0.0159479 0.0153015 0.0144228 0.0140138 0.0133775 0.0130644 0.0125038 0.0114888 0.0110242 0.0105848 0.0100546 0.0092415 0.00852945 0.008282 0.00769115 0.0072114 0.00700435 0.00613575 0.0060903 0.00545905 0.00494395 0.00458035 0.004343 0.00414605 0.003737 0.0035148 0.00326735 0.002727 0.0283154 
0.0114787 0.0121554 0.0137007 0.014337 0.0148571 0.0155843 0.0160641 0.0166953 0.0171145 0.0176498 0.0170943 0.0177861 0.0172054 0.0174932 0.0176851 0.0172003 0.0169933 0.0167155 0.0161853 0.0160136 0.0160085 0.0151955 0.0149228 0.0144077 0.0143622 0.0132007 0.0128674 0.0124685 0.0119483 0.0118524 0.0103121 0.0101101 0.00982225 0.0101253 0.0093122 0.0084941 0.00768105 0.00752955 0.0070902 0.00654985 0.00600445 0.0061509 0.00554995 0.0049894 0.00466115 0.0042319 0.0040299 0.00374205 0.00328755 0.00335825 0.0341229 
0.0101707 0.0107161 0.011812 0.0123978 0.0130088 0.0134633 0.0140996 0.0141956 0.0152308 0.015145 0.0149834 0.0158217 0.0155692 0.0154429 0.0153167 0.0151652 0.0152258 0.0148874 0.0157409 0.0149076 0.0150137 0.0138774 0.0140946 0.0136704 0.0131048 0.0127765 0.0122412 0.0121705 0.0117312 0.010908 0.0111403 0.0101152 0.0101354 0.009191 0.0088173 0.00860015 0.00796385 0.0078679 0.007272 0.0067064 0.00629735 0.0062519 0.00557015 0.00532775 0.0047975 0.00426725 0.0044945 0.00381275 0.0037976 0.0033128 0.0393799 
0.00904455 0.00976165 0.0105495 0.0106808 0.011307 0.0115544 0.0121958 0.0130846 0.0134583 0.0136754 0.0139077 0.0131805 0.0139431 0.0143218 0.0139077 0.0142309 0.0139481 0.0140542 0.0138471 0.0135896 0.0136704 0.0130391 0.012423 0.0123271 0.012726 0.0122564 0.0114736 0.0119938 0.0113019 0.010605 0.0106 0.010196 0.00946875 0.00909505 0.00869105 0.0084638 0.0079992 0.0073326 0.00702455 0.0067771 0.006666 0.0062216 0.00548935 0.0054035 0.0053126 0.0047773 0.00446925 0.00437835 0.003939 0.0037875 0.0450612 
0.00824665 0.0086961 0.00906475 0.0092718 0.010196 0.0107111 0.0102616 0.011615 0.011615 0.0117261 0.0124887 0.0127614 0.0127311 0.0126301 0.0125846 0.0130341 0.0126604 0.0124634 0.0129179 0.0127361 0.0120948 0.0124836 0.0120695 0.0121907 0.0116756 0.0114534 0.0111252 0.0110292 0.010302 0.0104636 0.0100192 0.00983235 0.00946875 0.0087769 0.00830725 0.00805475 0.00797395 0.00736795 0.0073427 0.00689325 0.0068377 0.0063832 0.00560045 0.00558025 0.00512575 0.0051207 0.00452985 0.0044642 0.00397435 0.0036562 0.0504647 
0.00699425 0.0077366 0.00783255 0.0085446 0.00913545 0.00944855 0.0097263 0.0101101 0.0103576 0.0108474 0.0112514 0.0114231 0.0111908 0.0115948 0.0115696 0.011716 0.0120089 0.0117261 0.0111908 0.0114635 0.0116655 0.0115797 0.0115847 0.0106353 0.0110292 0.0111605 0.0103424 0.0104131 0.00991315 0.00987275 0.0093627 0.00932735 0.00909505 0.0086254 0.00845875 0.0074639 0.00774165 0.0076861 0.00710535 0.00711545 0.0065448 0.0062317 0.00597415 0.0054237 0.00539845 0.00506515 0.00486315 0.00450965 0.00432785 0.00388345 0.0552016 
0.0063529 0.00678215 0.007575 0.00758005 0.00826685 0.0080901 0.00918595 0.0087567 0.00920615 0.00956975 0.0101404 0.0106505 0.0102364 0.0103273 0.0101657 0.0103525 0.0102566 0.0110646 0.0106 0.0110242 0.0107313 0.0106808 0.0107717 0.0105394 0.0103374 0.0105394 0.00937785 0.009898 0.0097162 0.0096354 0.0091607 0.0089284 0.0083931 0.008181 0.00795375 0.00785275 0.00760025 0.0071306 0.0066862 0.00684275 0.00638825 0.00629735 0.0058378 0.0054641 0.005555 0.0052823 0.00496415 0.00475205 0.00432785 0.00444905 0.0585901 
0.0055954 0.0060398 0.00661045 0.0066862 0.0074336 0.00733765 0.0078982 0.0078275 0.00887285 0.0091607 0.0092718 0.00935765 0.00939805 0.00917585 0.0098677 0.0099182 0.0101707 0.0101101 0.0099788 0.0099586 0.0103525 0.009292 0.0097566 0.00958995 0.0097566 0.0098273 0.0094334 0.00902435 0.00909 0.0087365 0.0087264 0.0079689 0.0080497 0.00785275 0.0078174 0.00758005 0.00717605 0.0072215 0.0066458 0.0067468 0.0063731 0.00601455 0.0060499 0.00550955 0.0054742 0.0051409 0.00500455 0.004949 0.0044339 0.00425715 0.0638371 
0.00525705 0.00504495 0.0059287 0.00660035 0.0064236 0.0068882 0.0069185 0.0076053 0.00750935 0.0080093 0.00846885 0.00857995 0.0084032 0.00868095 0.00923645 0.00895365 0.00910515 0.0090597 0.0092314 0.00937785 0.0094031 0.00886275 0.0090597 0.00904455 0.00890315 0.0089082 0.0090799 0.00836785 0.00862035 0.0080497 0.0081103 0.0082517 0.00790325 0.0077164 0.0074336 0.0073629 0.0071306 0.0069589 0.0066256 0.0065145 0.00624685 0.00599435 0.0059792 0.0057368 0.0053227 0.00516615 0.0048985 0.0048076 0.0043228 0.00440865 0.0671549 
0 0 0 0 0 0 0 0 0 0 0 0 0 0 0 0 0 0 0 0 0 0 0 0 0 0 0 0 0 0 0 0 0 0 0 0 0 0 0 0 0 0 0 0 0 0 0 0 0 0 0 
Per-collision Densities L:
0.907546 0.745168 0.611747 0.498036 0.410621 0.338244 0.275745 0.22627 0.186264 0.152788 0.125119 0.103656 0.0834462 0.068877 0.0566257 0.0471014 0.0372539 0.0317241 0.0258661 0.0208818 0.0172357 0.0144481 0.0114029 0.0095142 0.00802445 0.0066256 0.0053934 0.00451975 0.00334815 0.0028482 0.002424 0.00209575 0.00153015 0.0014039 0.00109585 0.00095445 0.0006262 0.00065145 0.00047975 0.00048985 0.0003333 0.0002727 0.00016665 0.0002323 0.0001919 0.00011615 8.585e-05 0.0001313 7.07e-05 6.565e-05 0.0002424 
0.0426978 0.107015 0.148137 0.16968 0.178578 0.179553 0.17474 0.163453 0.154439 0.139042 0.127608 0.115625 0.101783 0.0914808 0.0794062 0.0700435 0.0605697 0.0525604 0.0461823 0.0392385 0.0349309 0.0295223 0.0247905 0.0219423 0.018382 0.0160287 0.0129735 0.0110696 0.00963035 0.00838805 0.00699425 0.0058378 0.00532775 0.00446925 0.0035956 0.00325725 0.00238865 0.0022523 0.00190385 0.0013534 0.00132815 0.00107565 0.00105545 0.00077265 0.0006464 0.00060095 0.0004848 0.00030805 0.00029795 0.00027775 0.0015756 
0.0116756 0.03484 0.0544996 0.0709727 0.0821433 0.0911475 0.0977074 0.0999799 0.10102 0.100207 0.0964247 0.0923746 0.0876276 0.0811687 0.0757753 0.0701294 0.0629382 0.0584184 0.0517171 0.0473791 0.04191 0.0381831 0.0333401 0.0301586 0.027169 0.0238916 0.0210383 0.0183012 0.0157964 0.013635 0.0121352 0.0105444 0.0088981 0.00784265 0.00673165 0.00604485 0.00503485 0.0042723 0.0037875 0.003232 0.0027573 0.00230785 0.0021109 0.00178265 0.00140895 0.0012524 0.00107565 0.00101 0.00087365 0.0007171 0.00418645 
0.00570145 0.0169428 0.0278861 0.0380013 0.0459197 0.0540148 0.0591911 0.0643118 0.0654531 0.0686598 0.0701597 0.0688568 0.068372 0.0654379 0.0643673 0.0595193 0.0579437 0.0536916 0.049894 0.0476215 0.0432886 0.040496 0.0366125 0.0339461 0.0303505 0.0279871 0.0252399 0.0226442 0.0199021 0.0181548 0.015852 0.0137714 0.0128119 0.0113221 0.0103475 0.00868095 0.0078275 0.00695385 0.00614585 0.00525705 0.0047975 0.0039592 0.00361075 0.00322695 0.00276235 0.0025553 0.0021715 0.0018887 0.00181295 0.00143925 0.00855975 
0.003737 0.0103424 0.0176548 0.0234522 0.0288456 0.0345168 0.0398496 0.0433644 0.0470054 0.0490153 0.0509848 0.0518989 0.052818 0.0517979 0.0516615 0.0503435 0.0487022 0.0464853 0.044738 0.0425917 0.0402687 0.0390769 0.0362085 0.0336179 0.0315423 0.0290274 0.0268862 0.0254419 0.0216948 0.0205535 0.0187608 0.0169731 0.0153773 0.0139986 0.0119988 0.0111959 0.0100748 0.0090496 0.0080598 0.00764065 0.00667105 0.00611555 0.00506515 0.0045652 0.0038683 0.0036158 0.0030704 0.00268155 0.00276235 0.0022927 0.0155389 
0.00227755 0.0075447 0.0118625 0.0166903 0.0205737 0.0253056 0.0281134 0.0320322 0.0342491 0.0369913 0.0383649 0.040501 0.0411525 0.0407081 0.041304 0.0407889 0.0416221 0.0404455 0.038981 0.0377589 0.0357288 0.0353854 0.0337037 0.0316484 0.0300627 0.0284517 0.0271034 0.0250228 0.0232755 0.0215433 0.0198364 0.0186345 0.0169377 0.015347 0.0142107 0.0140138 0.0118625 0.0113171 0.00964045 0.008686 0.00819615 0.0076154 0.0066761 0.00606505 0.00560045 0.00469145 0.0041713 0.00389355 0.003434 0.0029795 0.0230129 
0.0018281 0.00530755 0.00910515 0.0123877 0.0149783 0.0184325 0.0212807 0.0236189 0.0261439 0.0283406 0.0302748 0.0316989 0.0327493 0.033229 0.0332189 0.0348349 0.0341027 0.0334411 0.0340825 0.0333502 0.032012 0.0312949 0.0302293 0.0292749 0.0271286 0.0270428 0.0255076 0.0236744 0.0225634 0.0217554 0.019993 0.0187406 0.0180841 0.0163974 0.0158267 0.0141905 0.013428 0.0122816 0.0110343 0.0106404 0.0091607 0.00870115 0.0073629 0.00708515 0.0062317 0.00556005 0.00569135 0.0047066 0.00445915 0.00392385 0.0325776 
0.00144935 0.0041713 0.00718615 0.00963035 0.0115999 0.0145491 0.016766 0.018382 0.0210131 0.0224877 0.0239572 0.0254773 0.0265378 0.0273256 0.0276185 0.0292244 0.0291032 0.0286386 0.029487 0.0294213 0.0280881 0.0271791 0.0271135 0.0263408 0.025043 0.0250783 0.0238966 0.0224776 0.0220231 0.0207404 0.0193264 0.01818 0.0172963 0.0164479 0.0155944 0.0146854 0.013433 0.0129785 0.0120342 0.0111807 0.0104687 0.00932735 0.00855975 0.0080194 0.00736795 0.00693365 0.00610545 0.0054742 0.00517625 0.00477225 0.0435159 
0.00119685 0.00338855 0.00558025 0.0076154 0.00957985 0.0113979 0.0136552 0.0149177 0.0168115 0.0182204 0.0194021 0.0206899 0.0221695 0.0227604 0.0227806 0.0234017 0.0239522 0.024644 0.0248157 0.0253005 0.0251793 0.024745 0.0242299 0.0237552 0.0231896 0.0223412 0.0221746 0.0214373 0.0203313 0.0196647 0.0187406 0.0181598 0.016963 0.0164277 0.0156045 0.0145188 0.0135189 0.0130997 0.0120493 0.0113625 0.0108929 0.00986265 0.00912535 0.00855975 0.00798405 0.00713565 0.0068377 0.00599435 0.00603475 0.00546915 0.0529897 
0.00099485 0.00261085 0.00440865 0.0062216 0.00784265 0.0095849 0.0110343 0.0129028 0.013938 0.0155944 0.016867 0.0178467 0.0181548 0.0195385 0.019594 0.020099 0.0212908 0.020907 0.0215787 0.021811 0.0218918 0.0216544 0.0216948 0.0212454 0.0212807 0.0204273 0.020705 0.0198263 0.0195637 0.0188012 0.0181043 0.0168266 0.0160489 0.0159883 0.0150945 0.0140087 0.0136906 0.0130745 0.0126907 0.0113524 0.0115241 0.0102162 0.00976165 0.0087971 0.00836785 0.00766085 0.00736795 0.0071609 0.00639835 0.0061711 0.0631755 
0.00085345 0.0023028 0.00352995 0.0051813 0.00646905 0.0079588 0.00908495 0.010196 0.0120039 0.0132916 0.0139582 0.0145945 0.0156752 0.0161247 0.0170084 0.0173114 0.0186951 0.0183618 0.0188062 0.0191698 0.0192961 0.0185941 0.0196546 0.0186699 0.018584 0.0183366 0.0184123 0.0179124 0.017978 0.017776 0.0170842 0.0161196 0.0152561 0.0152914 0.0147006 0.0138976 0.0132563 0.0126099 0.0118827 0.0114787 0.0109787 0.010807 0.0100243 0.0092415 0.0087365 0.0076457 0.0075447 0.0074235 0.00665085 0.006363 0.0723514 
0.0006363 0.001919 0.00316635 0.0042824 0.00551965 0.0066357 0.00773155 0.00868095 0.00999395 0.011514 0.0121503 0.0127361 0.0134785 0.0146551 0.0150339 0.0151399 0.0158823 0.0161651 0.0163418 0.0167004 0.0178669 0.0168519 0.0169731 0.0168317 0.0165186 0.0168216 0.016963 0.0163469 0.0162206 0.0161045 0.0152561 0.0150844 0.0147208 0.0143117 0.0137916 0.0131906 0.0131906 0.0123119 0.0115494 0.0112666 0.0106202 0.0106 0.00980205 0.00954955 0.00876175 0.00832745 0.00780225 0.00748915 0.00696395 0.0063024 0.0811535 
0.00054035 0.00174225 0.00260075 0.0037976 0.00474195 0.00582265 0.00688315 0.0075548 0.00847895 0.00949905 0.0101909 0.0115999 0.0115696 0.0128472 0.013029 0.0136451 0.0140542 0.0149228 0.014746 0.0153975 0.0155793 0.0154884 0.015352 0.0154682 0.0157005 0.0150642 0.0151702 0.0146551 0.0149682 0.014544 0.0143925 0.0141249 0.0137461 0.0135037 0.0129482 0.0130846 0.0122008 0.0116554 0.0113575 0.0109131 0.0103929 0.0102566 0.00981215 0.00912535 0.00874155 0.0083022 0.00792345 0.00737805 0.00707 0.00662055 0.0897234 
0.000505 0.0014746 0.00244925 0.0032118 0.00403495 0.0048278 0.005858 0.0070801 0.0072215 0.0083628 0.0091102 0.00958995 0.0102162 0.0108323 0.0113928 0.0118372 0.0125089 0.0127816 0.0134027 0.0135239 0.0137108 0.0140895 0.0138219 0.0143875 0.0140087 0.0141047 0.0140239 0.0137815 0.013736 0.0134633 0.0132664 0.0135896 0.0132967 0.0127967 0.0119685 0.0118069 0.0114736 0.0113474 0.0110242 0.0106101 0.0100899 0.0095546 0.009494 0.00912535 0.00883245 0.00827695 0.00808 0.00753965 0.0071912 0.00664075 0.0964298 
0.00048985 0.00126755 0.00215635 0.0030401 0.00370165 0.0043733 0.00497425 0.00611555 0.006767 0.0074134 0.00791335 0.0084234 0.0089789 0.0094738 0.010196 0.0105798 0.0106555 0.0113373 0.0119281 0.012423 0.0118473 0.0125998 0.0124129 0.0127361 0.0127109 0.0127311 0.0127361 0.0130644 0.01262 0.0125897 0.0122816 0.0123119 0.0123119 0.0121352 0.0114029 0.0113322 0.0108828 0.0104283 0.0102414 0.0102566 0.0100293 0.00924655 0.00882235 0.0090496 0.00847895 0.0083022 0.00782245 0.0075043 0.0069993 0.00678215 0.103187 
0.00036865 0.0012019 0.00184325 0.00244925 0.0032926 0.00401475 0.0045349 0.0051207 0.0058782 0.00651955 0.0069993 0.0073629 0.00838805 0.008484 0.00878195 0.0093627 0.00998385 0.0097162 0.0102111 0.0104687 0.0110494 0.0114332 0.0110848 0.0116049 0.0118271 0.0117211 0.0118473 0.0117009 0.0114534 0.0118574 0.0116302 0.0112262 0.0115797 0.0111302 0.0112918 0.0107313 0.0105343 0.0103424 0.00974145 0.00944855 0.0092617 0.0092718 0.00878195 0.0085951 0.0083123 0.0078982 0.00759015 0.0073528 0.00707 0.00682255 0.108156 
0.0003232 0.00098475 0.0017877 0.00198465 0.0029391 0.00370165 0.0041006 0.00448945 0.00540855 0.00565095 0.00639835 0.0071508 0.0071407 0.00741845 0.007979 0.00848905 0.0088476 0.0089991 0.00962025 0.0097869 0.00970105 0.0102869 0.0104737 0.0100899 0.0108171 0.0106505 0.0113625 0.010802 0.0107515 0.0107868 0.0107414 0.0104838 0.0103626 0.010201 0.0102414 0.0097364 0.00999395 0.00935765 0.00916575 0.0091708 0.0087668 0.00902435 0.0089486 0.0082719 0.0079992 0.00815575 0.0073427 0.00735785 0.00678215 0.00673165 0.113474 
0.0003535 0.0008383 0.0014443 0.0020301 0.002626 0.0032724 0.00368145 0.0041309 0.0045955 0.0049793 0.0055045 0.00620645 0.0065549 0.0064842 0.00759015 0.0075245 0.00782245 0.00815575 0.00848905 0.00929705 0.0089688 0.0093122 0.0090597 0.0093021 0.00985255 0.00966065 0.0100394 0.009999 0.0103273 0.00982225 0.00985255 0.0099485 0.00993335 0.009797 0.0092516 0.0094334 0.00947885 0.00910515 0.00907485 0.0090496 0.0082719 0.00832745 0.00800425 0.00777195 0.00775175 0.00740835 0.00725685 0.00706495 0.00680235 0.00682255 0.116029 
0.00026765 0.00070195 0.0012726 0.001919 0.00206545 0.00295425 0.00332795 0.00371175 0.0041511 0.00475205 0.0051308 0.00554995 0.0057772 0.00666095 0.0064135 0.0067973 0.00737805 0.0077366 0.00799415 0.0082214 0.00852945 0.0080295 0.00850925 0.00877185 0.00896375 0.0089688 0.0093526 0.00912535 0.00929705 0.0093526 0.0092819 0.00924655 0.00910515 0.00890315 0.0086961 0.0088173 0.00862035 0.00845875 0.0085345 0.00844865 0.0081305 0.0074437 0.0078477 0.00751945 0.0074437 0.00742855 0.0069791 0.00699425 0.00660035 0.0062923 0.119897 
0 0 0 0 0 0 0 0 0 0 0 0 0 0 0 0 0 0 0 0 0 0 0 0 0 0 0 0 0 0 0 0 0 0 0 0 0 0 0 0 0 0 0 0 0 0 0 0 0 0 0 
