Half rod, albedo problem, Anisotropic scattering, exponential random flight, mu_t: 1 g: 0.3
Analogmu_t c: 0.99 maxx: 10 dx: 0.19802 numsamples: 1000000 numCollisionOrders: 20 numMoments: 10
total albedo: 0.786313
per-collision order albedos: 
0 0.172983 0.111398 0.076934 0.056132 0.043038 0.034183 0.027265 0.023028 0.019445 0.016518 0.01456 0.012676 0.011281 0.010158 0.00909 0.008195 0.007526 0.006675 0.00644 
Collision density L:
0.785755 0.76661 0.755874 0.742244 0.730801 0.71757 0.708283 0.69642 0.687618 0.676013 0.659545 0.647395 0.638769 0.634043 0.618327 0.608722 0.596809 0.588825 0.577624 0.570842 0.56005 0.551571 0.542486 0.532558 0.525584 0.513868 0.507687 0.496223 0.489759 0.482315 0.473281 0.466484 0.455843 0.454046 0.446349 0.436704 0.430427 0.422109 0.415948 0.411868 0.404879 0.397258 0.389052 0.381447 0.378876 0.368559 0.364368 0.357899 0.353697 0.345082 20.6867 
Collision density R:
0.985169 0.975852 0.95796 0.944562 0.928134 0.913126 0.898769 0.88021 0.870893 0.859252 0.842825 0.826932 0.816636 0.798506 0.784624 0.775503 0.756495 0.746516 0.736856 0.722938 0.710545 0.696809 0.691678 0.674589 0.666004 0.655525 0.641779 0.633831 0.624321 0.612323 0.601066 0.593491 0.581674 0.57414 0.56256 0.558101 0.54591 0.538002 0.528796 0.519014 0.510469 0.503217 0.495627 0.487179 0.476048 0.472963 0.462216 0.453879 0.451404 0.440698 26.2877 
Density Moments:
21.3316 254.353 6071.93 218867 1.06699e+07 6.62981e+08 5.02979e+10 4.48091e+12 4.51871e+14 4.99694e+16 
Per-collision Density Moments:
1 1.00137 2.00306 6.01735 24.1733 121.948 742.651 5310.1 43606.1 403243 
0.817032 1.46222 4.21231 16.4889 81.3608 484.194 3372.31 26864 240173 2.37112e+06 
0.697455 1.69867 6.2296 29.6689 172.424 1178.18 9223.1 81089.4 787783 8.33982e+06 
0.613455 1.83154 7.99899 44.3171 294.249 2266.6 19819.8 193578 2.08423e+06 2.44573e+07 
0.551036 1.91317 9.56523 59.854 443.637 3776.64 36177.4 384118 4.46622e+06 5.62835e+07 
0.502524 1.9678 10.9707 75.8615 616.427 5715.45 59361.9 681988 8.58643e+06 1.17565e+08 
0.463443 2.007 12.2581 92.2926 812.077 8107.44 90089.3 1.09883e+06 1.45535e+07 2.07455e+08 
0.431504 2.03244 13.4223 108.848 1027.86 10971.8 129823 1.67855e+06 2.34493e+07 3.50673e+08 
0.404169 2.04729 14.4633 125.01 1254.04 14181.3 177441 2.42464e+06 3.58302e+07 5.68251e+08 
0.380701 2.0574 15.4309 141.164 1494.92 17806.9 234294 3.36303e+06 5.21853e+07 8.69192e+08 
0.36035 2.06216 16.3173 157.172 1750.28 21904.9 302584 4.55518e+06 7.40094e+07 1.28725e+09 
0.342134 2.06284 17.1451 173.146 2018.42 26408.6 381045 5.99159e+06 1.01804e+08 1.85755e+09 
0.325942 2.06072 17.9038 188.73 2293.51 31237.4 468380 7.63681e+06 1.3418e+08 2.52287e+09 
0.311449 2.05747 18.6243 204.288 2580.74 36497 567359 9.5716e+06 1.73572e+08 3.35769e+09 
0.298173 2.05154 19.2928 219.548 2874.25 42077.5 676225 1.17748e+07 2.19952e+08 4.37306e+09 
0.286089 2.04425 19.9243 234.805 3181.06 48155 799770 1.43873e+07 2.77686e+08 5.7077e+09 
0.275043 2.03692 20.5276 249.923 3495.91 54617.3 936031 1.73814e+07 3.46648e+08 7.37725e+09 
0.26477 2.02738 21.0837 264.682 3815.8 61419 1.08385e+06 2.07029e+07 4.24013e+08 9.2439e+09 
0.255474 2.01782 21.621 279.454 4145.45 68617.2 1.24446e+06 2.44158e+07 5.13351e+08 1.14834e+10 
0 0 0 0 0 0 0 0 0 0 
Per-collision Densities L:
0 0 0 0 0 0 0 0 0 0 0 0 0 0 0 0 0 0 0 0 0 0 0 0 0 0 0 0 0 0 0 0 0 0 0 0 0 0 0 0 0 0 0 0 0 0 0 0 0 0 0 
0.157348 0.128871 0.105419 0.0863197 0.070801 0.0575751 0.0481871 0.0394102 0.0321837 0.0265529 0.0215332 0.0174326 0.0143471 0.0122311 0.009999 0.00806485 0.0066256 0.00563075 0.00458035 0.0034037 0.0029795 0.00239875 0.00189375 0.0017473 0.00144935 0.00104535 0.0008787 0.00081305 0.00062115 0.00046965 0.0004141 0.00039895 0.000303 0.00015655 0.0002222 0.0001212 0.00011615 0.000101 6.565e-05 8.08e-05 7.575e-05 3.535e-05 2.02e-05 5.05e-05 2.02e-05 1.515e-05 5.05e-06 2.02e-05 1.01e-05 1.515e-05 4.545e-05 
0.111868 0.107545 0.101121 0.0938947 0.085946 0.0781791 0.0715434 0.0632967 0.054939 0.0498334 0.0433341 0.0370569 0.0321938 0.0291789 0.0250985 0.0213817 0.0188012 0.0155793 0.0133977 0.0119837 0.0097667 0.00847895 0.0069084 0.00614585 0.0049288 0.0043935 0.00373195 0.0029088 0.0025553 0.00198465 0.00185335 0.00147965 0.0012827 0.00115645 0.0008989 0.00079285 0.0006464 0.00054035 0.0004141 0.00034845 0.0003232 0.00027775 0.0002525 0.0002323 0.0001313 0.0001212 0.00012625 0.00017675 0.00010605 4.04e-05 0.0003838 
0.0783912 0.076654 0.0779316 0.0756945 0.074134 0.0708162 0.0665893 0.0635694 0.0583124 0.0553278 0.0506717 0.0463237 0.0422786 0.0380063 0.0353096 0.0312393 0.0271539 0.0251793 0.0223513 0.0200334 0.0172306 0.0151046 0.0133775 0.0114787 0.0101606 0.0088779 0.0080093 0.00664075 0.00595395 0.00532775 0.0043531 0.003939 0.00347945 0.0029593 0.00235835 0.00219675 0.001919 0.0015251 0.00144935 0.0011211 0.0011312 0.00088375 0.0007474 0.00059085 0.0005757 0.0005252 0.00034845 0.00031815 0.00029795 0.00027775 0.00134835 
0.0574084 0.0579185 0.0596254 0.0584386 0.0582316 0.0579387 0.0556813 0.0552268 0.0532775 0.0507475 0.0476266 0.0453793 0.043531 0.0408141 0.0373296 0.0345572 0.0321382 0.0297597 0.0267802 0.0247299 0.0228412 0.0207555 0.0192961 0.016761 0.0151046 0.01363 0.0123523 0.0109636 0.00952935 0.00850925 0.0074437 0.0067367 0.0055651 0.0052722 0.0047672 0.00404505 0.0035552 0.003434 0.0028987 0.00236845 0.00214625 0.00179275 0.0015049 0.0014544 0.0012625 0.0010403 0.000909 0.00070195 0.00072215 0.0006161 0.00372185 
0.0440815 0.0449602 0.0455005 0.0453288 0.04646 0.0464701 0.0469196 0.0455359 0.044839 0.0437633 0.0433644 0.0403596 0.0389355 0.0381124 0.0364156 0.0340926 0.0325271 0.0312999 0.0288204 0.0279265 0.0248612 0.0233765 0.022119 0.0203869 0.018781 0.0166701 0.0157207 0.0136805 0.0126806 0.0112262 0.0104434 0.00942835 0.0086961 0.0077366 0.0071205 0.00632765 0.0056762 0.00498435 0.00451975 0.0041713 0.00350975 0.002828 0.00279265 0.00243915 0.0022725 0.0017978 0.00178265 0.0015352 0.00139885 0.0011413 0.00818605 
0.0346784 0.0353248 0.0365418 0.0369913 0.0368297 0.0378851 0.0384002 0.0381174 0.0379104 0.0375215 0.0362742 0.0362489 0.0345521 0.0341633 0.0336078 0.0321382 0.0310171 0.0293304 0.028886 0.0271337 0.0253359 0.0249975 0.0225937 0.0212959 0.0198617 0.0186143 0.0172306 0.0164226 0.0151248 0.0138825 0.0127311 0.0121907 0.010807 0.0100344 0.00914555 0.00833755 0.0077568 0.00690335 0.0062418 0.00548935 0.0051005 0.00480255 0.0043228 0.00385315 0.00335825 0.00300475 0.0025553 0.00238865 0.00212605 0.0020301 0.0142713 
0.0282548 0.0292244 0.0300172 0.0305677 0.0317292 0.0320978 0.0320928 0.0321534 0.0328856 0.0326079 0.0321433 0.0308101 0.0313757 0.0309818 0.0299112 0.0292799 0.0279972 0.027876 0.0270276 0.0253965 0.0245178 0.0239724 0.0220685 0.0221746 0.0207555 0.0194476 0.0186042 0.0173771 0.016256 0.0148369 0.0145895 0.0135441 0.0123927 0.011711 0.0106656 0.0100596 0.0091102 0.00799415 0.0077972 0.00727705 0.00663065 0.00610545 0.00554995 0.0048278 0.0046258 0.0040501 0.0037168 0.0032623 0.00306535 0.0028583 0.0227654 
0.0240279 0.0238057 0.0255025 0.0263661 0.0264671 0.0268054 0.0274922 0.0273205 0.0283709 0.0280427 0.027972 0.0281639 0.0274922 0.0278104 0.0268963 0.0261489 0.0262701 0.0258106 0.0253056 0.0241895 0.0237855 0.023225 0.0215534 0.0205788 0.0197354 0.0189022 0.0180134 0.0177659 0.0162812 0.0159631 0.0150894 0.0138976 0.0129583 0.0131553 0.0118372 0.0110494 0.0100394 0.00955965 0.0090395 0.0082416 0.0081103 0.0069791 0.00641855 0.00580245 0.0057166 0.00519645 0.0047268 0.00438845 0.0039289 0.0037774 0.0338956 
0.019993 0.0207909 0.0211999 0.0221443 0.0230987 0.0232048 0.0234926 0.0243259 0.0247551 0.0245228 0.0249571 0.0240178 0.0241845 0.0252803 0.0241441 0.0235684 0.0238461 0.02323 0.0226291 0.0223513 0.0220887 0.0204424 0.020907 0.0199576 0.019185 0.0182356 0.0181447 0.0169832 0.0158722 0.0162156 0.0151702 0.0138724 0.0134128 0.0132462 0.0124432 0.0116201 0.0112262 0.00991315 0.0096152 0.00943845 0.0084739 0.0080901 0.0071508 0.00680235 0.0070094 0.00591355 0.0056156 0.00499445 0.00478235 0.004444 0.0462833 
0.0173417 0.0179629 0.0183669 0.0193819 0.0199223 0.020604 0.0207252 0.021104 0.0217352 0.0220736 0.0218817 0.0218766 0.0214777 0.0223463 0.0215231 0.0213918 0.0214777 0.0214019 0.0207 0.0209121 0.0202354 0.0198263 0.0192052 0.0188315 0.018478 0.018079 0.0176649 0.0164984 0.0159025 0.0158823 0.0152662 0.0144986 0.0137411 0.0132613 0.0126755 0.0121301 0.0110949 0.0105596 0.0098879 0.009797 0.00902435 0.00852945 0.0080194 0.00799415 0.00742855 0.0067569 0.0066054 0.0057772 0.0053328 0.0054035 0.0584336 
0.0151753 0.0161196 0.0161752 0.016963 0.0169428 0.0179831 0.0182709 0.0187355 0.0193365 0.018983 0.0193264 0.0194425 0.0198617 0.0196445 0.0192203 0.0201647 0.0191395 0.0196092 0.0194122 0.0191345 0.0186699 0.0185992 0.0182861 0.0177003 0.0172811 0.0169781 0.0164428 0.0158368 0.0157106 0.014943 0.0141047 0.0138825 0.013332 0.0132967 0.0123321 0.0118776 0.011312 0.0106252 0.0107616 0.0102364 0.0096455 0.0092011 0.00864055 0.0082214 0.00789315 0.00692355 0.0068478 0.00654985 0.0062014 0.00561055 0.0700385 
0.0132765 0.0139582 0.0141905 0.0148319 0.0149682 0.0155086 0.0161499 0.0174225 0.0171296 0.0170791 0.0175993 0.0176801 0.0179982 0.0184325 0.0178619 0.0182002 0.0172155 0.0181295 0.0173872 0.0175286 0.0174478 0.0171195 0.0168165 0.0165135 0.0165741 0.0160237 0.015246 0.0149783 0.0145693 0.0140289 0.0138017 0.0138825 0.0138118 0.0128725 0.0122412 0.0122867 0.0114484 0.0111454 0.0105848 0.0103828 0.0098374 0.00923645 0.00897385 0.00840825 0.00824665 0.0076659 0.00711545 0.006969 0.00646905 0.00631755 0.0822191 
0.0117413 0.0121958 0.0124281 0.0135239 0.0135037 0.0142663 0.0149076 0.0145642 0.0154732 0.0159378 0.0161095 0.0162307 0.0161499 0.0166297 0.0158318 0.0159277 0.0166701 0.0157106 0.0159631 0.0160237 0.0157661 0.0159782 0.0156298 0.0153975 0.0153066 0.0149177 0.0146248 0.0141047 0.0140895 0.0138774 0.0139683 0.013327 0.0127361 0.012721 0.0124281 0.0117766 0.0112464 0.0105899 0.0104182 0.0104434 0.00969095 0.0094536 0.0092718 0.008686 0.0083628 0.0078376 0.00773155 0.0072316 0.0067872 0.006565 0.0929806 
0.0105394 0.0110343 0.0114332 0.0116857 0.0127159 0.0128876 0.0137209 0.0132462 0.0137411 0.0140794 0.0144329 0.0138825 0.0145693 0.0145339 0.0145087 0.0147359 0.0153268 0.014943 0.0146147 0.0149531 0.0150642 0.0146955 0.0146349 0.014443 0.0144632 0.0144582 0.013832 0.0132664 0.0140138 0.0135441 0.0132765 0.0126503 0.0127866 0.0125998 0.0115595 0.0111454 0.0110898 0.0105091 0.0106252 0.0100546 0.0100192 0.0095041 0.00914555 0.0086254 0.0083022 0.0078376 0.00735785 0.00744875 0.00702455 0.0066155 0.103449 
0.00946875 0.00972125 0.0104131 0.0108929 0.0110545 0.0113777 0.0118221 0.0126755 0.0123574 0.0129179 0.0125543 0.0130745 0.0132361 0.0137815 0.0134229 0.0140138 0.0139279 0.0140542 0.0138269 0.0140289 0.0140592 0.0139279 0.0134128 0.0136249 0.0134684 0.0132916 0.0130442 0.0131199 0.0128018 0.0126452 0.0121099 0.0120544 0.0117918 0.0117261 0.0115393 0.0111151 0.0108878 0.0103626 0.0100344 0.0101101 0.00966065 0.00930715 0.00879205 0.0085446 0.0080295 0.0079487 0.0075144 0.0076962 0.0067771 0.00663065 0.113029 
0.00866075 0.00883245 0.0093425 0.0095849 0.0103222 0.010504 0.0106808 0.0110292 0.0113221 0.0116554 0.0115999 0.0120948 0.0124331 0.0128169 0.0123927 0.0127917 0.0128725 0.0129533 0.0125341 0.0131856 0.0125897 0.0127917 0.0130038 0.0126654 0.0127513 0.0125392 0.0130593 0.0126604 0.0119685 0.0114686 0.0115241 0.011514 0.0109585 0.0109737 0.0109838 0.0104687 0.0107161 0.0103929 0.00988285 0.00968085 0.0094637 0.0089284 0.00881225 0.00816585 0.0079285 0.0076861 0.00776185 0.0075649 0.0067872 0.00668115 0.122503 
0.0075245 0.0079891 0.00827695 0.0087466 0.00926675 0.0092819 0.0096556 0.0101606 0.0107414 0.0107212 0.0106909 0.0113171 0.0118322 0.0114332 0.0116706 0.0116908 0.0119887 0.0121352 0.0120796 0.0123271 0.0117615 0.0122412 0.0118574 0.0118271 0.0119483 0.011913 0.0116352 0.01161 0.0114433 0.0113928 0.011211 0.011004 0.0106808 0.0105343 0.010802 0.0104838 0.0101556 0.00984245 0.0093425 0.0090092 0.00923645 0.0089183 0.0083022 0.0080093 0.0077265 0.0079588 0.0076255 0.00738815 0.0070801 0.00684275 0.130881 
0.0068983 0.00756995 0.00759015 0.0083628 0.0086153 0.00850925 0.00934755 0.00945865 0.009595 0.0099485 0.0100495 0.0103424 0.0106 0.0109636 0.010903 0.0107515 0.0106606 0.0110797 0.0111403 0.0109939 0.0108727 0.0110999 0.0109535 0.01111 0.0111605 0.0113878 0.0110494 0.0106909 0.0110545 0.0111403 0.0106707 0.0102212 0.0101808 0.0103323 0.0099889 0.00974145 0.0096556 0.0096354 0.0094132 0.00921625 0.00847895 0.00859005 0.0086153 0.00780225 0.00772145 0.0077871 0.00750935 0.00746895 0.00762045 0.0065448 0.138102 
0 0 0 0 0 0 0 0 0 0 0 0 0 0 0 0 0 0 0 0 0 0 0 0 0 0 0 0 0 0 0 0 0 0 0 0 0 0 0 0 0 0 0 0 0 0 0 0 0 0 0 
Per-collision Densities L:
0.901193 0.745016 0.610495 0.501425 0.411782 0.337643 0.277917 0.224993 0.187986 0.154343 0.126346 0.102616 0.0840068 0.0682356 0.0567873 0.0464853 0.0378649 0.0319716 0.0259722 0.0211747 0.016862 0.0139178 0.0117413 0.00949905 0.00808505 0.00640845 0.00513585 0.0041107 0.0035653 0.0030906 0.0023937 0.0019594 0.0016362 0.00127765 0.00107565 0.00082315 0.0006262 0.000707 0.0004646 0.00044945 0.0003737 0.00025755 0.0002121 0.0002323 0.0001414 0.0001313 8.585e-05 7.07e-05 5.555e-05 7.575e-05 0.0002828 
0.0555399 0.140188 0.192541 0.222251 0.234674 0.235381 0.228275 0.216539 0.200788 0.186002 0.168503 0.151662 0.13335 0.118928 0.104101 0.0933392 0.0799718 0.0699173 0.0612565 0.0527321 0.0448087 0.038885 0.0337088 0.0287749 0.0242602 0.0209373 0.0176094 0.0149228 0.0134128 0.0107515 0.0093223 0.00771135 0.00675185 0.0056257 0.0045955 0.0039592 0.00327745 0.00277245 0.00235835 0.0019291 0.00175235 0.0014948 0.001212 0.0010201 0.0007979 0.00061105 0.000606 0.0005656 0.000404 0.00036865 0.00176245 
0.0074033 0.0273205 0.0483942 0.0692002 0.0891881 0.103949 0.116004 0.122468 0.127189 0.129906 0.127942 0.123821 0.120675 0.112534 0.104772 0.100051 0.0916626 0.0842643 0.0753713 0.0700385 0.0637916 0.0568277 0.0512575 0.0452783 0.0399405 0.0356985 0.0323958 0.0278912 0.0246996 0.0219221 0.0186345 0.0160994 0.0142612 0.012721 0.0110494 0.00918595 0.00821635 0.00729725 0.00606 0.00540855 0.00456015 0.00406525 0.0034744 0.00298455 0.0023634 0.002121 0.00189375 0.0014342 0.0014241 0.00112615 0.0063529 
0.00394405 0.0117362 0.0209272 0.0294769 0.0398647 0.0481013 0.0573731 0.0649531 0.0717201 0.0773307 0.0803708 0.0827291 0.084941 0.0838351 0.0838452 0.0816434 0.0800981 0.0762752 0.0728665 0.0681397 0.0638169 0.0598526 0.0576003 0.0525554 0.0485558 0.0448945 0.0403495 0.0368347 0.0335977 0.0303808 0.0274215 0.0248763 0.0212555 0.0195789 0.0169276 0.0153268 0.0135845 0.0119029 0.0110696 0.0097263 0.008585 0.00769115 0.00669125 0.0059287 0.00508535 0.00444905 0.0038986 0.00314615 0.0029997 0.00245935 0.016261 
0.0027068 0.00766085 0.0132714 0.0189678 0.0238815 0.0293658 0.0340724 0.0391628 0.0442279 0.0484194 0.0511666 0.0548329 0.0577973 0.0594537 0.0604485 0.0618575 0.0609939 0.0616555 0.0603728 0.0584033 0.0573276 0.0552723 0.0516868 0.0500708 0.0478185 0.0458995 0.0426624 0.0401021 0.0364863 0.0345067 0.0318807 0.029795 0.0264065 0.0247248 0.0225786 0.0211191 0.0185234 0.0169074 0.0150238 0.0134734 0.013029 0.01161 0.0102869 0.0088678 0.0082416 0.00690335 0.0063327 0.00575195 0.0051106 0.0044844 0.0322897 
0.00179275 0.0059085 0.00966065 0.0136552 0.016766 0.0212807 0.0240936 0.0277599 0.0312343 0.0337694 0.0372993 0.0388194 0.0418544 0.0439047 0.0450662 0.0466267 0.0467176 0.0468034 0.0470054 0.0472226 0.0473741 0.046455 0.0450056 0.0446168 0.0430715 0.042213 0.0400768 0.0389052 0.0360469 0.0341027 0.0329664 0.0310222 0.0291385 0.0275276 0.0249622 0.0240633 0.0215585 0.0204374 0.0187153 0.0171599 0.0163519 0.0143622 0.012928 0.0124028 0.0108373 0.00981215 0.00901425 0.00824665 0.00723665 0.006363 0.05353 
0.0012726 0.0046864 0.0074538 0.0102717 0.0127412 0.0156247 0.0185941 0.020604 0.023432 0.0261691 0.0272195 0.0299869 0.031911 0.0334462 0.0354965 0.0369004 0.0364206 0.0381376 0.0392183 0.0388901 0.0394254 0.038678 0.039284 0.0379811 0.0372337 0.0365267 0.0352844 0.0356076 0.0342188 0.0320776 0.0306434 0.0297193 0.0287598 0.0272549 0.0261893 0.0248157 0.0232654 0.0213918 0.0209676 0.0188618 0.0172407 0.0173973 0.0152359 0.0140289 0.0130341 0.0118978 0.0111908 0.010297 0.00935765 0.00890315 0.07878 
0.0010706 0.0036865 0.00588325 0.0080901 0.00983235 0.0127058 0.0140895 0.0161247 0.0183214 0.0203768 0.0222907 0.0241744 0.0254066 0.0266388 0.0284265 0.0289921 0.0303 0.0305727 0.0315777 0.0322796 0.0331987 0.0325119 0.0327846 0.0327998 0.033027 0.0325119 0.0311787 0.0315221 0.0306283 0.029689 0.0283709 0.0276993 0.0269923 0.0257803 0.0251844 0.0245329 0.0232906 0.0214373 0.0207505 0.0198011 0.0186547 0.0170438 0.0165135 0.0156904 0.0145289 0.0132512 0.0128119 0.0116453 0.0112464 0.0099283 0.106212 
0.0009999 0.00291385 0.004646 0.00660035 0.00818605 0.0101303 0.011716 0.013529 0.0152611 0.0164984 0.0181295 0.0194627 0.0215383 0.022013 0.022821 0.0240532 0.0250834 0.0259924 0.0267499 0.026765 0.0272953 0.0275831 0.027977 0.0290476 0.0279316 0.0277397 0.0276942 0.0276387 0.0274569 0.0272902 0.0264873 0.0265378 0.0245632 0.0243713 0.0235835 0.0226594 0.0224675 0.0208767 0.0201041 0.0193314 0.0186547 0.0170236 0.0169125 0.0162408 0.0152258 0.0148268 0.0136047 0.0128775 0.0120039 0.0111504 0.130936 
0.00077265 0.00255025 0.0037471 0.00558025 0.00689325 0.0085547 0.0098778 0.0116453 0.0127058 0.0137815 0.0151248 0.0162661 0.0173013 0.0185386 0.0200233 0.0200435 0.0213464 0.0226341 0.0227149 0.0230179 0.0238865 0.0238259 0.0251995 0.0242097 0.0251894 0.0247955 0.0244016 0.0247804 0.024139 0.0243865 0.0239421 0.0240936 0.0230836 0.0229573 0.0220736 0.0217504 0.020599 0.0209222 0.0190234 0.0185638 0.0181093 0.0179427 0.0166852 0.0160994 0.0155338 0.0144178 0.0141198 0.0136704 0.0123523 0.0116504 0.153732 
0.0005858 0.00200485 0.0034744 0.00458035 0.00609535 0.00717605 0.00852945 0.0095546 0.0109737 0.011812 0.0129735 0.0140239 0.0151248 0.0155894 0.016665 0.0171094 0.0181901 0.0190537 0.0199778 0.0204424 0.0208515 0.0212151 0.0210181 0.0211141 0.022119 0.0219675 0.0215635 0.0216342 0.0220786 0.0213817 0.0218615 0.02171 0.0214827 0.0209222 0.0200081 0.0199425 0.0192203 0.0191698 0.0181548 0.0177457 0.0181598 0.0169175 0.0162307 0.0157813 0.0154278 0.0148672 0.014135 0.0135845 0.0129331 0.0124937 0.173114 
0.0005959 0.00176245 0.0029492 0.00404 0.00499445 0.00648925 0.0072518 0.00841835 0.00963035 0.0104687 0.0112817 0.0124079 0.0135239 0.0138219 0.014443 0.014842 0.0155338 0.0159782 0.0175589 0.0177457 0.0185941 0.018584 0.018483 0.0190537 0.0188618 0.0197152 0.0197708 0.0199071 0.0194425 0.0200081 0.0191496 0.0193718 0.0192607 0.0196597 0.0192961 0.0187456 0.0183113 0.0175387 0.0174377 0.0174225 0.0165893 0.0161398 0.01565 0.0156247 0.0144582 0.0142208 0.0139128 0.0134532 0.0131502 0.0119231 0.192683 
0.00060095 0.0015049 0.0025048 0.00347945 0.0045551 0.0052116 0.00632765 0.0073932 0.0084234 0.00898395 0.0104788 0.0105646 0.0114484 0.0119433 0.0129482 0.0134987 0.0142006 0.0142814 0.0156045 0.0155793 0.0156904 0.0163721 0.0171246 0.0171296 0.0173417 0.0175892 0.0175892 0.0177508 0.0176144 0.0176346 0.0179427 0.0181952 0.0173468 0.0175437 0.0173619 0.0171902 0.0165186 0.01717 0.0162812 0.0156752 0.0159883 0.0149985 0.0154884 0.0147561 0.014034 0.0141451 0.0132613 0.0127109 0.0127159 0.0122261 0.207308 
0.0004646 0.0014241 0.00208565 0.00301485 0.00382285 0.0044642 0.00575195 0.006363 0.0077467 0.00754975 0.00893345 0.00949905 0.0102667 0.0111555 0.0116352 0.0121857 0.0119938 0.0130543 0.0133472 0.0142814 0.0143319 0.01464 0.0151854 0.0154126 0.0156601 0.0159984 0.0156096 0.0162711 0.0163721 0.0161752 0.0163418 0.0164428 0.0162408 0.0161146 0.0164883 0.0157257 0.0163065 0.0153823 0.0156803 0.0152258 0.014943 0.0146804 0.0145693 0.0141148 0.0133876 0.0133926 0.0129129 0.012519 0.012019 0.0117665 0.220135 
0.000404 0.001111 0.00181295 0.0027371 0.00354005 0.00408545 0.00520655 0.0056257 0.0066559 0.00730735 0.0076659 0.0083325 0.00877185 0.0099384 0.0104384 0.010706 0.0110797 0.0118776 0.0120089 0.0128018 0.0130341 0.012923 0.0132714 0.0137815 0.0145642 0.0146248 0.0143925 0.0144228 0.015049 0.0143622 0.0150339 0.0148925 0.0147612 0.0147763 0.0146703 0.0150288 0.0145895 0.0145137 0.0143117 0.0145036 0.0141956 0.0139835 0.0132967 0.0135946 0.0132108 0.0127462 0.0120998 0.0117918 0.0120695 0.0116352 0.231911 
0.00034845 0.00101 0.00164125 0.00255025 0.0030906 0.00395415 0.00441875 0.0048581 0.00594385 0.0063529 0.00718615 0.0074841 0.0079386 0.0084941 0.0090698 0.00953945 0.00975155 0.0106808 0.0109333 0.0114282 0.0118423 0.0123119 0.0123119 0.0132512 0.0127109 0.0130189 0.0130846 0.0133573 0.013837 0.013832 0.0138926 0.013529 0.0139734 0.0138875 0.0140643 0.0137562 0.0135391 0.0141451 0.0136805 0.013231 0.0130442 0.013029 0.0127412 0.0124685 0.0126048 0.0124584 0.0115595 0.0116605 0.0114736 0.0109737 0.241127 
0.0003131 0.00085345 0.001515 0.00225735 0.0027169 0.0030401 0.003939 0.0048581 0.004747 0.00572165 0.0062822 0.00712555 0.007373 0.00766085 0.0078982 0.00847895 0.00899405 0.0099182 0.0099788 0.0103828 0.0107111 0.0111757 0.0114231 0.0116554 0.0118473 0.0119534 0.0126553 0.0122715 0.0126604 0.0128068 0.0124028 0.0127816 0.0132007 0.0125341 0.0127967 0.0133371 0.0134936 0.012822 0.0129078 0.0127765 0.0127664 0.0124079 0.0122109 0.0118069 0.0116049 0.0117564 0.0112767 0.0110999 0.0110797 0.0106555 0.247551 
0.00026765 0.00074235 0.00140895 0.00208565 0.00267145 0.00307545 0.00338855 0.00426725 0.00456015 0.00543885 0.0056964 0.005757 0.00682255 0.00713565 0.00746895 0.00790325 0.008484 0.0084941 0.00938795 0.0094031 0.0097162 0.009696 0.0102869 0.0103576 0.0103172 0.0110141 0.0111656 0.0114888 0.0115393 0.0120544 0.0120089 0.011913 0.0115948 0.012221 0.0122513 0.0121251 0.0120645 0.0124634 0.0120291 0.011716 0.0118271 0.0116857 0.0115039 0.0113373 0.0112009 0.0108626 0.010903 0.0103424 0.0109939 0.0101202 0.253636 
0.000303 0.00071205 0.00111605 0.0018079 0.0023836 0.0027876 0.00329765 0.0036764 0.0041107 0.00492375 0.00536815 0.00556005 0.00599435 0.0065751 0.0069185 0.00727705 0.00728715 0.0078578 0.00862035 0.0087567 0.00862035 0.0089789 0.00975155 0.00994345 0.0098677 0.00967075 0.0104636 0.0105949 0.0109989 0.0112363 0.0108828 0.0110848 0.0108323 0.0112565 0.0115898 0.0113625 0.0113423 0.0115342 0.0113019 0.0113726 0.0110343 0.0112868 0.0107161 0.0108424 0.0103071 0.0106454 0.010398 0.0102566 0.0099384 0.0100394 0.257464 
0 0 0 0 0 0 0 0 0 0 0 0 0 0 0 0 0 0 0 0 0 0 0 0 0 0 0 0 0 0 0 0 0 0 0 0 0 0 0 0 0 0 0 0 0 0 0 0 0 0 0 
