Half rod, albedo problem, Anisotropic scattering, exponential random flight, mu_t: 3 g: 0.1
Analogmu_t c: 0.95 maxx: 10 dx: 0.19802 numsamples: 1000000 numCollisionOrders: 20 numMoments: 10
total albedo: 0.619074
per-collision order albedos: 
0 0.213826 0.111717 0.06763 0.045815 0.033048 0.024567 0.019148 0.015231 0.012218 0.009954 0.008374 0.007064 0.006023 0.004958 0.004285 0.003835 0.003386 0.002781 0.002546 
Collision density L:
1.74549 1.5359 1.34901 1.19519 1.05412 0.924993 0.815444 0.716716 0.633775 0.558096 0.494804 0.436062 0.384249 0.336067 0.298213 0.261843 0.231846 0.202651 0.179174 0.156626 0.139617 0.124144 0.107782 0.0950865 0.084638 0.0751491 0.0653824 0.0583679 0.0498789 0.0437532 0.0398193 0.0344006 0.0299263 0.0264368 0.0226998 0.0203667 0.0176649 0.0153975 0.0140693 0.0123624 0.0107767 0.00916575 0.00942835 0.00749925 0.00672155 0.0060196 0.005252 0.0044945 0.0040299 0.0036966 0.0262651 
Collision density R:
2.8199 2.48103 2.1887 1.92714 1.69939 1.49645 1.3156 1.164 1.02156 0.901127 0.795501 0.70501 0.620468 0.546147 0.48173 0.423008 0.373397 0.328048 0.290951 0.256732 0.222872 0.201197 0.176099 0.153237 0.136704 0.120852 0.105863 0.0940563 0.0816484 0.0716343 0.0628776 0.0560045 0.0491668 0.0434805 0.0372185 0.0330068 0.0283002 0.0249773 0.0224422 0.0201647 0.0177306 0.0151399 0.0136653 0.0123675 0.0111353 0.00942835 0.0085244 0.0069387 0.00639835 0.00575195 0.0415615 
Density Moments:
7.60533 11.9054 37.1901 173.674 1076.6 8292.76 76063.5 806149 9.64567e+06 1.27761e+08 
Per-collision Density Moments:
1 0.333379 0.222219 0.222233 0.296457 0.494669 0.99202 2.32895 6.28729 19.261 
0.736039 0.419201 0.395549 0.512061 0.838606 1.65711 3.82716 10.0887 29.7713 96.6822 
0.58743 0.445759 0.524806 0.812917 1.5471 3.47951 9.0176 26.4511 86.5828 312.377 
0.490271 0.450818 0.621875 1.10372 2.36644 5.91835 16.8897 54.1874 193.325 760.194 
0.419882 0.44621 0.69641 1.37949 3.26746 8.94948 27.7321 95.6974 363.214 1500.52 
0.365996 0.436405 0.753362 1.63782 4.23862 12.6644 42.8745 162.429 682.29 3151.62 
0.3233 0.424031 0.796432 1.87165 5.209 16.6589 60.0864 241.384 1070.08 5193.01 
0.288154 0.410251 0.829111 2.08483 6.17816 20.9341 79.5632 334.657 1541.67 7707.29 
0.258527 0.394994 0.850426 2.26952 7.11635 25.4378 101.65 447.972 2156.23 11256.8 
0.233291 0.37966 0.865547 2.43695 8.03765 30.1374 125.956 578.549 2889.75 15566.5 
0.211696 0.36456 0.874668 2.58359 8.91609 34.8889 151.765 723.461 3737.72 20738.1 
0.192633 0.349259 0.877572 2.70592 9.7209 39.4921 177.908 876.276 4668.04 26655.7 
0.175883 0.33418 0.876133 2.81283 10.5094 44.3885 207.994 1067.01 5933.21 35469.8 
0.161037 0.319639 0.8723 2.90848 11.2682 49.2867 238.764 1263.1 7214.96 44075.3 
0.147919 0.305383 0.865566 2.99116 11.9853 54.1075 270.024 1468.99 8615.46 53958.7 
0.135983 0.291414 0.855026 3.05411 12.639 58.923 303.852 1710.72 10411.2 67937.6 
0.125378 0.278338 0.843403 3.10715 13.2509 63.611 337.401 1950.42 12154.2 80903.7 
0.115621 0.265219 0.827475 3.13589 13.7484 67.8025 369.134 2187.66 13955.4 94918.7 
0.107045 0.253218 0.81356 3.16989 14.2604 71.9973 400.288 2416.95 15677.1 108253 
0 0 0 0 0 0 0 0 0 0 
Per-collision Densities L:
0 0 0 0 0 0 0 0 0 0 0 0 0 0 0 0 0 0 0 0 0 0 0 0 0 0 0 0 0 0 0 0 0 0 0 0 0 0 0 0 0 0 0 0 0 0 0 0 0 0 0 
0.483891 0.268897 0.147814 0.0809869 0.045243 0.0250632 0.0135744 0.0076659 0.0042622 0.00228765 0.00127765 0.0006565 0.00040905 0.0002323 0.00010605 5.555e-05 2.02e-05 5.05e-06 2.525e-05 0 5.05e-06 0 0 0 0 5.05e-06 0 0 0 0 0 0 0 0 0 0 0 0 0 0 0 0 0 0 0 0 0 0 0 0 0 
0.320695 0.259009 0.187456 0.129522 0.0864712 0.0549087 0.0344966 0.0210434 0.013029 0.0080699 0.0047773 0.002929 0.001919 0.00097465 0.000606 0.0003939 0.00014645 0.0001212 6.565e-05 6.06e-05 2.02e-05 1.515e-05 0 2.02e-05 5.05e-06 0 0 0 0 0 0 0 0 0 0 0 0 0 0 0 0 0 0 0 0 0 0 0 0 0 0 
0.207196 0.197586 0.166115 0.134547 0.101717 0.072215 0.050394 0.0340875 0.0236441 0.0158469 0.0102818 0.0066963 0.00417635 0.0026765 0.00168165 0.0010201 0.0005656 0.0003737 0.000202 0.00011615 7.07e-05 2.525e-05 3.535e-05 1.01e-05 1.01e-05 1.515e-05 0 0 0 0 0 0 0 0 0 0 0 0 0 0 0 0 0 0 0 0 0 0 0 0 0 
0.144566 0.146778 0.135572 0.118751 0.0981872 0.0764217 0.0591153 0.044132 0.0319867 0.0222352 0.0156954 0.0105495 0.00717605 0.0046561 0.0031007 0.0020907 0.00132815 0.0007676 0.0004747 0.00032825 0.00022725 8.08e-05 5.555e-05 5.555e-05 2.02e-05 1.515e-05 2.02e-05 5.05e-06 5.05e-06 5.05e-06 0 0 0 0 0 5.05e-06 0 0 0 0 0 0 0 0 0 0 0 0 0 0 0 
0.104919 0.110863 0.108676 0.100616 0.0890669 0.0737502 0.0614787 0.047066 0.0360621 0.0274165 0.0199071 0.0152005 0.0101 0.0072114 0.00494395 0.0031815 0.0023331 0.0014443 0.00096455 0.00074235 0.0004444 0.00022725 0.00019695 0.00011615 9.595e-05 4.545e-05 2.525e-05 5.05e-06 0 1.515e-05 0 0 0 5.05e-06 0 0 0 0 0 0 0 0 0 0 0 0 0 0 0 0 0 
0.0796436 0.0868146 0.0877438 0.0852289 0.0763712 0.0691749 0.0582013 0.0478892 0.038178 0.0304717 0.023937 0.0172761 0.0130492 0.0096556 0.0067367 0.00494395 0.0034138 0.0021715 0.0018079 0.00119685 0.0006767 0.0005353 0.0003939 0.00020705 0.00015655 6.565e-05 4.545e-05 5.555e-05 3.535e-05 1.01e-05 1.515e-05 5.05e-06 1.01e-05 5.05e-06 0 5.05e-06 5.05e-06 0 0 0 0 0 0 0 0 0 0 0 0 0 0 
0.0625746 0.0687507 0.0716242 0.0713313 0.0667055 0.0612969 0.0531058 0.0458692 0.0383295 0.0312444 0.0249773 0.0197758 0.0152005 0.0113726 0.0082012 0.00608525 0.0044137 0.0030906 0.0023634 0.00158065 0.00116655 0.00082315 0.0005353 0.00035855 0.0002626 0.00018685 9.09e-05 0.0001212 4.545e-05 3.03e-05 1.01e-05 4.04e-05 1.01e-05 2.02e-05 0 5.05e-06 0 5.05e-06 5.05e-06 0 0 0 0 0 0 0 0 0 0 0 0 
0.0495809 0.0552874 0.0591456 0.0594133 0.0587568 0.0546259 0.0490557 0.0430917 0.0371933 0.0310121 0.0263055 0.0208212 0.0166953 0.0129987 0.00986265 0.00752955 0.0057873 0.00422685 0.0029189 0.0022826 0.0014847 0.00118675 0.00088375 0.00058075 0.00039895 0.00026765 0.0001616 0.00012625 8.585e-05 9.09e-05 2.02e-05 4.04e-05 2.525e-05 2.525e-05 1.515e-05 5.05e-06 1.01e-05 1.01e-05 5.05e-06 0 0 0 0 0 0 0 0 0 0 0 0 
0.0402283 0.0454147 0.0489749 0.0504798 0.0497779 0.0478538 0.0442734 0.0390113 0.0346228 0.0305222 0.0257197 0.0206394 0.017675 0.0137714 0.0106252 0.00864055 0.00652965 0.0052116 0.0036461 0.00283305 0.0020301 0.00161095 0.00112615 0.00070195 0.0006161 0.000404 0.0002828 0.0002121 0.00013635 0.00011615 7.07e-05 5.555e-05 4.04e-05 2.02e-05 1.515e-05 2.02e-05 5.05e-06 1.01e-05 0 5.05e-06 5.05e-06 0 0 0 0 0 0 5.05e-06 0 0 0 
0.0324715 0.0377134 0.0415312 0.0428493 0.0432381 0.0411727 0.0393092 0.0362994 0.0324059 0.0289567 0.0249874 0.0214322 0.0176447 0.014443 0.0115948 0.00916575 0.0074033 0.0056863 0.00433795 0.00325725 0.0024947 0.0017473 0.0015049 0.00118675 0.0008787 0.00057065 0.0004545 0.00028785 0.0002323 0.0001818 7.575e-05 9.09e-05 6.565e-05 2.525e-05 3.03e-05 5.05e-06 0 1.01e-05 5.05e-06 0 0 0 5.05e-06 0 5.05e-06 0 0 0 0 0 0 
0.0273306 0.0316837 0.0347592 0.0364812 0.0378649 0.0364358 0.0349511 0.0333654 0.0301081 0.0264923 0.0231947 0.0206495 0.0173872 0.0143572 0.011918 0.00989295 0.00803455 0.006262 0.00489345 0.00381275 0.00302495 0.0022927 0.0017574 0.0013534 0.0009191 0.00067165 0.00057065 0.0003434 0.0002626 0.0002525 0.0001717 0.0001313 8.08e-05 6.565e-05 3.535e-05 1.515e-05 5.05e-06 1.01e-05 5.05e-06 5.05e-06 1.01e-05 0 0 1.01e-05 0 0 0 0 0 0 0 
0.0229523 0.026962 0.0291234 0.0313757 0.033022 0.0327392 0.0314161 0.0296789 0.0269822 0.0247299 0.022624 0.0196496 0.0170791 0.0142612 0.0129583 0.0100445 0.0082921 0.0068276 0.00539845 0.004343 0.0032623 0.00273205 0.00200485 0.00157055 0.00135845 0.00093425 0.00063125 0.0004343 0.00035855 0.0002727 0.00020705 0.0001414 0.000101 6.565e-05 5.05e-05 1.01e-05 2.02e-05 1.515e-05 2.02e-05 1.01e-05 0 5.05e-06 1.01e-05 0 0 0 0 0 0 0 0 
0.0197304 0.0230028 0.0255429 0.0273811 0.0289921 0.0275175 0.0278306 0.0266893 0.0244471 0.0229371 0.0211797 0.0186547 0.0167004 0.0143976 0.0116605 0.0105596 0.0081608 0.00695385 0.00588325 0.0044036 0.0037774 0.00311585 0.00243915 0.0016867 0.0013231 0.00108575 0.00072215 0.0005858 0.00046965 0.00038885 0.00031815 0.000202 9.09e-05 5.05e-05 5.05e-05 4.04e-05 4.04e-05 3.03e-05 2.02e-05 1.01e-05 1.515e-05 1.01e-05 1.01e-05 5.05e-06 1.01e-05 0 0 0 0 5.05e-06 0 
0.0169579 0.0203566 0.0222655 0.0238714 0.0251541 0.0251591 0.0241239 0.0237502 0.023023 0.0210737 0.0195587 0.0177558 0.0154076 0.0131957 0.0120998 0.0097364 0.00893345 0.0073225 0.00587315 0.0047268 0.00395415 0.00322695 0.00257045 0.001818 0.00166145 0.0013635 0.00090395 0.0007878 0.000606 0.00041915 0.00031815 0.00020705 0.0001818 0.000101 8.08e-05 8.08e-05 4.04e-05 3.535e-05 2.02e-05 1.01e-05 2.02e-05 0 1.01e-05 1.01e-05 1.01e-05 0 5.05e-06 0 0 0 0 
0.0150339 0.0169428 0.0197051 0.0209828 0.0211848 0.0215938 0.0218615 0.0218463 0.0208969 0.0190486 0.0178972 0.0165943 0.0146905 0.0134987 0.0119887 0.0100142 0.0086658 0.00718615 0.00617615 0.00495405 0.00419655 0.00341885 0.00259065 0.00227755 0.00184325 0.00136855 0.0010908 0.00092415 0.0005555 0.00057065 0.00035855 0.00027775 0.00019695 0.0001212 0.000101 0.000101 6.06e-05 4.04e-05 2.02e-05 2.02e-05 1.515e-05 2.02e-05 1.515e-05 1.515e-05 5.05e-06 1.01e-05 0 5.05e-06 0 0 0 
0.0130391 0.014741 0.0169781 0.0183214 0.0188769 0.019892 0.0195233 0.0192355 0.0190335 0.017574 0.0168367 0.0153924 0.0142461 0.0124331 0.0113322 0.0098475 0.0082719 0.00725685 0.00599435 0.00520655 0.0043127 0.00371175 0.00300475 0.00219675 0.00190385 0.0016261 0.0011211 0.000909 0.0006868 0.0005757 0.00046965 0.000303 0.000202 0.00019695 0.00015655 9.09e-05 7.575e-05 2.02e-05 6.06e-05 2.525e-05 4.04e-05 2.02e-05 3.03e-05 2.525e-05 0 0 0 0 0 5.05e-06 5.05e-06 
0.0109636 0.0123826 0.0144178 0.0163014 0.0168973 0.0171498 0.017973 0.017574 0.0170589 0.0166095 0.0154076 0.014544 0.0130947 0.0117918 0.0108171 0.0094334 0.0082618 0.00711545 0.0063933 0.00543885 0.00422685 0.00354005 0.0030704 0.00253005 0.00202505 0.0015655 0.00115645 0.00109585 0.00085345 0.0006262 0.0005252 0.0003636 0.00028785 0.0001919 0.0001717 0.0001313 8.585e-05 8.08e-05 7.575e-05 4.04e-05 3.535e-05 3.03e-05 3.03e-05 2.525e-05 3.535e-05 0 5.05e-06 0 0 0 5.05e-06 
0.009393 0.0112817 0.0132159 0.0149329 0.0145895 0.0157863 0.0155843 0.015448 0.0151955 0.0150844 0.014241 0.0134128 0.0126149 0.0111605 0.0098576 0.00890315 0.0078982 0.0069892 0.00615595 0.00508535 0.004444 0.00395415 0.0029997 0.00253005 0.002121 0.00173215 0.0013231 0.0011009 0.00087365 0.0008181 0.0005353 0.00043935 0.0003333 0.0003232 0.00015655 0.000202 0.00010605 6.565e-05 7.07e-05 7.575e-05 5.555e-05 4.04e-05 2.525e-05 2.525e-05 1.515e-05 1.01e-05 5.05e-06 1.01e-05 5.05e-06 0 5.05e-06 
0 0 0 0 0 0 0 0 0 0 0 0 0 0 0 0 0 0 0 0 0 0 0 0 0 0 0 0 0 0 0 0 0 0 0 0 0 0 0 0 0 0 0 0 0 0 0 0 0 0 0 
Per-collision Densities L:
2.25983 1.2506 0.690492 0.3808 0.208812 0.116438 0.0642916 0.0350218 0.019594 0.010908 0.0058782 0.0031613 0.0019493 0.0009696 0.0005454 0.00030805 0.0001919 7.575e-05 7.575e-05 3.03e-05 1.01e-05 5.05e-06 0 0 0 0 5.05e-06 0 0 0 0 0 0 0 0 0 0 0 0 0 0 0 0 0 0 0 0 0 0 0 0 
0.318539 0.557828 0.52422 0.408858 0.28936 0.196778 0.126654 0.0806031 0.0509646 0.0320625 0.0193062 0.01212 0.0070902 0.00415615 0.00237855 0.00155035 0.00082315 0.00051005 0.00027775 0.00017675 0.0001313 6.06e-05 1.515e-05 2.02e-05 1.515e-05 1.01e-05 5.05e-06 0 0 0 0 0 0 0 0 0 0 0 0 0 0 0 0 0 0 0 0 0 0 0 0 
0.0866732 0.22925 0.293375 0.291153 0.252369 0.201197 0.149616 0.109226 0.0758712 0.0525554 0.0351329 0.0234472 0.0151147 0.00929705 0.0059691 0.0036158 0.00243915 0.00123725 0.0008383 0.00058075 0.0003232 0.0001818 0.0001111 5.555e-05 6.565e-05 3.03e-05 2.525e-05 0 5.05e-06 5.05e-06 0 5.05e-06 0 0 0 0 0 0 0 0 0 0 0 0 0 0 0 0 0 0 0 
0.042824 0.120023 0.171352 0.192738 0.190158 0.170256 0.142324 0.113943 0.0863954 0.0653016 0.0469196 0.0335421 0.0229826 0.0156045 0.0106656 0.00721645 0.00456015 0.0026866 0.00185335 0.00127765 0.0006464 0.00041915 0.0003131 0.00023735 0.00012625 5.555e-05 6.06e-05 3.535e-05 1.515e-05 2.02e-05 0 0 5.05e-06 0 0 0 5.05e-06 0 0 0 0 0 0 0 0 0 0 0 0 0 0 
0.0255328 0.0736189 0.110474 0.133088 0.140425 0.135719 0.123366 0.105161 0.0864661 0.0692002 0.0533381 0.040097 0.0302041 0.0216342 0.0151046 0.0104131 0.00770125 0.00461065 0.0033229 0.00222705 0.0014948 0.0010706 0.00056055 0.0003838 0.0003131 0.00019695 0.0001212 6.06e-05 2.525e-05 3.535e-05 5.05e-06 1.01e-05 5.05e-06 5.05e-06 5.05e-06 0 0 0 0 0 0 0 0 0 0 0 0 0 0 0 0 
0.0176801 0.0498839 0.0778963 0.0953137 0.106499 0.107166 0.101616 0.0940361 0.0798506 0.0671196 0.0546158 0.0446016 0.0336128 0.0258106 0.018483 0.013938 0.0100293 0.00690335 0.00511565 0.00359055 0.00219675 0.0017574 0.00127765 0.00076255 0.00041915 0.0003333 0.00013635 0.0001919 0.00010605 5.05e-05 7.07e-05 1.515e-05 1.515e-05 2.525e-05 5.05e-06 1.515e-05 1.01e-05 0 0 1.01e-05 0 0 0 0 0 0 0 0 0 0 0 
0.0129987 0.0357894 0.0560096 0.0718363 0.0824312 0.0858601 0.0842593 0.0803051 0.0719726 0.0619433 0.0529998 0.0443491 0.0355015 0.0279821 0.021811 0.0158873 0.0126604 0.00924655 0.0066155 0.00483285 0.00339865 0.0022422 0.0017978 0.00123725 0.00081305 0.00062115 0.0003636 0.00022725 0.0001919 0.000101 6.565e-05 6.565e-05 2.02e-05 4.04e-05 5.05e-06 1.515e-05 5.05e-06 1.01e-05 5.05e-06 5.05e-06 5.05e-06 5.05e-06 0 0 0 0 0 0 0 0 0 
0.0094536 0.0269923 0.0423089 0.0556611 0.0646451 0.0696749 0.0709121 0.0681851 0.0633472 0.0565247 0.0499748 0.0435916 0.0357338 0.0286992 0.0232553 0.0187658 0.0140996 0.0112666 0.00856985 0.0062216 0.0045551 0.00325725 0.0023129 0.0017372 0.00133825 0.0007373 0.0005151 0.00036865 0.0002525 0.00016665 0.0001212 0.0001414 4.545e-05 5.05e-05 1.01e-05 3.535e-05 1.01e-05 1.01e-05 5.05e-06 5.05e-06 0 1.01e-05 0 0 0 0 0 0 0 0 0 
0.00699425 0.021205 0.0334967 0.0443087 0.0519645 0.0569539 0.05807 0.0577518 0.0545602 0.0505657 0.0457328 0.0409404 0.0344208 0.028982 0.0241643 0.0191749 0.0150036 0.0119887 0.0095344 0.0071205 0.00540855 0.0041612 0.00319665 0.00211595 0.00166145 0.0012625 0.00083325 0.00059085 0.00042925 0.00030805 0.0002222 0.00013635 0.0001111 6.565e-05 4.545e-05 1.01e-05 2.02e-05 1.01e-05 5.05e-06 5.05e-06 5.05e-06 5.05e-06 0 0 0 0 0 5.05e-06 0 0 0 
0.0058075 0.0169175 0.0276942 0.0344259 0.0423897 0.0467731 0.0498536 0.0500203 0.0484548 0.0448895 0.0411222 0.037572 0.0330068 0.0288254 0.0242451 0.0196849 0.0160085 0.013029 0.0102818 0.00842845 0.0059085 0.00480255 0.0036562 0.0027169 0.0020503 0.00162105 0.00117665 0.00074235 0.0006767 0.0004343 0.00026765 0.0002424 0.00016665 0.000101 5.05e-05 4.04e-05 4.04e-05 2.02e-05 1.515e-05 0 5.05e-06 5.05e-06 1.01e-05 0 0 0 0 0 0 0 0 
0.00476215 0.0139178 0.0225937 0.0287497 0.0348147 0.0393496 0.0417282 0.0434502 0.0419908 0.0395011 0.0383144 0.0340168 0.0302647 0.0274619 0.0234472 0.0197152 0.0162711 0.0133219 0.0110494 0.00903445 0.0070195 0.0057065 0.00426725 0.0033431 0.0024846 0.00161095 0.00133825 0.00104535 0.00077265 0.00048985 0.0004141 0.00033835 0.0002525 0.0001515 9.595e-05 6.06e-05 5.05e-05 2.02e-05 3.03e-05 2.525e-05 5.05e-06 0 1.515e-05 1.515e-05 0 0 0 0 0 0 0 
0.0037572 0.0111302 0.0182204 0.0241138 0.0296385 0.0328856 0.0351127 0.0372185 0.0363095 0.0361833 0.0346481 0.0315474 0.0286133 0.0254874 0.0221039 0.0192658 0.0165438 0.0139229 0.0112969 0.0093526 0.0074942 0.00606505 0.0046056 0.0036966 0.00314615 0.00226745 0.0014847 0.00136855 0.00093425 0.00072215 0.0004848 0.0003535 0.0003434 0.00017675 0.00010605 0.0001111 6.06e-05 2.525e-05 2.525e-05 4.04e-05 2.02e-05 1.01e-05 1.515e-05 1.01e-05 5.05e-06 5.05e-06 0 0 0 0 0 
0.0029896 0.009494 0.0146299 0.0201394 0.0250379 0.0282598 0.0304566 0.03131 0.0321231 0.0321079 0.0306687 0.0293153 0.026457 0.0236492 0.020902 0.0181851 0.0158772 0.0137865 0.0116655 0.00957985 0.00748915 0.00648925 0.00520655 0.00415615 0.0031512 0.00245935 0.00198465 0.00142915 0.0011413 0.0008585 0.00071205 0.00054035 0.00039895 0.0002626 0.0001313 0.00011615 0.00011615 5.555e-05 4.545e-05 4.04e-05 3.03e-05 1.515e-05 1.515e-05 1.515e-05 3.03e-05 5.05e-06 0 0 0 0 5.05e-06 
0.0025351 0.00751945 0.0124331 0.0170791 0.0209626 0.0241794 0.0257399 0.0281992 0.0286335 0.0280881 0.0271993 0.02575 0.0248006 0.0220483 0.0204879 0.01818 0.0150894 0.0136199 0.0116807 0.0098778 0.00809515 0.0065549 0.0053429 0.0043228 0.0033835 0.002929 0.0020806 0.0017776 0.00149985 0.00097465 0.0007474 0.0006161 0.00037875 0.00033835 0.00024745 0.00020705 0.0001717 9.09e-05 8.585e-05 2.02e-05 4.04e-05 4.04e-05 1.515e-05 1.515e-05 2.02e-05 5.05e-06 5.05e-06 0 0 0 0 
0.0024947 0.00673165 0.0109333 0.014539 0.0172761 0.0202556 0.0224877 0.0239724 0.0250985 0.0249571 0.0240835 0.0233108 0.0226038 0.0209373 0.0187658 0.0172205 0.0151601 0.0129987 0.0116049 0.00989295 0.00827695 0.0065953 0.00579235 0.0046359 0.00370165 0.00293405 0.00251995 0.0018887 0.0015958 0.00120695 0.0009393 0.00069185 0.0004646 0.0004242 0.0003434 0.00021715 0.0001616 0.00018685 6.565e-05 2.525e-05 6.565e-05 3.535e-05 2.02e-05 4.545e-05 1.515e-05 1.01e-05 1.01e-05 1.01e-05 0 0 0 
0.00208565 0.00576205 0.00946875 0.0124836 0.0155641 0.0174427 0.0197354 0.0207757 0.0222958 0.0217908 0.0215181 0.0211494 0.0202657 0.01919 0.0175387 0.0157611 0.0144632 0.0126452 0.0108676 0.009494 0.0081406 0.00719625 0.00591355 0.00466115 0.00403495 0.00334815 0.00260075 0.00210585 0.0016564 0.0013433 0.00101505 0.00077265 0.00064135 0.00051005 0.00040905 0.00026765 0.00019695 0.00014645 0.0001212 7.575e-05 9.595e-05 3.535e-05 4.04e-05 3.03e-05 4.04e-05 5.05e-06 1.01e-05 5.05e-06 0 1.01e-05 5.05e-06 
0.0016665 0.0050702 0.00787295 0.0109232 0.0134734 0.01515 0.0171347 0.0183467 0.0190082 0.0195839 0.0198162 0.0189931 0.0184578 0.0174124 0.0163772 0.0148672 0.0137815 0.0121099 0.0107666 0.00932735 0.00804465 0.0074033 0.00581255 0.00474195 0.0039996 0.00366125 0.00276235 0.00222705 0.00188365 0.0013837 0.00118675 0.00098475 0.00072215 0.0005656 0.00038885 0.00035855 0.00026765 0.00022725 0.0001212 0.00010605 0.000101 6.06e-05 3.535e-05 6.06e-05 5.05e-05 3.03e-05 1.515e-05 5.05e-06 0 0 5.05e-06 
0.00133825 0.0042723 0.00714575 0.00999395 0.0115241 0.0133068 0.0151803 0.0157863 0.0172609 0.0175185 0.0176094 0.0174175 0.0168317 0.0158267 0.0147965 0.0139229 0.0128674 0.0115645 0.0100697 0.0092314 0.0075346 0.00714575 0.00605495 0.00491365 0.00427735 0.00338855 0.00295425 0.00239875 0.00191395 0.0015655 0.0012524 0.00101505 0.0007373 0.00063125 0.0005656 0.00040905 0.00029795 0.00021715 0.0001919 8.08e-05 0.00015655 7.07e-05 5.555e-05 3.535e-05 2.525e-05 3.03e-05 2.525e-05 2.02e-05 5.05e-06 5.05e-06 1.01e-05 
0.0013938 0.0035754 0.0060701 0.0083123 0.0101455 0.0117463 0.0131502 0.0143774 0.0154379 0.0155288 0.0163115 0.0158015 0.0153369 0.0143067 0.0138471 0.0131149 0.0119635 0.0105444 0.0102616 0.00921625 0.0076962 0.00658015 0.0058176 0.00511565 0.00425715 0.0035754 0.0030098 0.00240885 0.00215635 0.00180285 0.0012928 0.00119685 0.00087365 0.00072215 0.0005555 0.0004545 0.00034845 0.0002525 0.0001616 0.0001818 0.00012625 6.06e-05 4.545e-05 5.05e-05 5.05e-05 4.04e-05 1.515e-05 2.02e-05 1.515e-05 1.01e-05 1.01e-05 
0 0 0 0 0 0 0 0 0 0 0 0 0 0 0 0 0 0 0 0 0 0 0 0 0 0 0 0 0 0 0 0 0 0 0 0 0 0 0 0 0 0 0 0 0 0 0 0 0 0 0 
