Half rod, albedo problem, Anisotropic scattering, exponential random flight, mu_t: 1 g: 0.5
Analogmu_t c: 0.7 maxx: 10 dx: 0.19802 numsamples: 10000000 numCollisionOrders: 20 numMoments: 10
total albedo: 0.190927
per-collision order albedos: 
0 0.0875034 0.045827 0.0248112 0.0137716 0.0077999 0.0044843 0.0026337 0.0015686 0.000955 0.0005876 0.0003676 0.0002271 0.0001419 9.12e-05 5.53e-05 3.77e-05 2.16e-05 1.55e-05 9.6e-06 
Collision density L:
0.182953 0.167597 0.153433 0.140457 0.128691 0.118456 0.108408 0.0993184 0.0910828 0.0835376 0.0764312 0.0698748 0.0642658 0.0587295 0.0537901 0.0493708 0.0452975 0.0414358 0.0377972 0.0346284 0.031919 0.029192 0.0266837 0.0243955 0.0223377 0.0204379 0.0189375 0.0171013 0.0156388 0.0143152 0.0133118 0.0121301 0.0109706 0.0101808 0.00931927 0.00856379 0.00766287 0.00714424 0.00655642 0.00607818 0.00554692 0.00502425 0.00465762 0.00421069 0.00387436 0.00360772 0.0032724 0.00295678 0.00275175 0.00248309 0.0275023 
Collision density R:
0.957923 0.877809 0.803348 0.737383 0.67455 0.617819 0.566321 0.518618 0.475113 0.435752 0.39933 0.366031 0.335912 0.306974 0.281495 0.257855 0.235959 0.216715 0.198338 0.181606 0.166555 0.152678 0.139599 0.128022 0.117223 0.107733 0.0984599 0.0902935 0.0824867 0.0758379 0.0690507 0.0634972 0.0584063 0.0532341 0.0488603 0.0451758 0.0408596 0.0373983 0.0345834 0.0314363 0.0290274 0.0262777 0.024141 0.0222134 0.0204368 0.018637 0.0170549 0.015606 0.0143203 0.0132658 0.143791 
Density Moments:
2.6961 6.10029 27.5972 187.248 1694.44 19187.1 261277 4.16268e+06 7.59683e+07 1.55955e+09 
Per-collision Density Moments:
1 0.999727 1.99887 5.99108 23.9067 118.933 707.058 4873.58 38056.5 330445 
0.612454 1.13758 3.32434 13.1121 64.9516 386.951 2693.59 21471.1 193165 1.93985e+06 
0.382831 0.994843 3.76359 18.2576 107.435 741.485 5865.61 52301 519092 5.67912e+06 
0.243073 0.790478 3.62288 20.7032 140.461 1099.44 9737.26 96204.8 1.04914e+06 1.25258e+07 
0.156374 0.599561 3.1917 20.8422 159.261 1386.4 13502.5 145174 1.70553e+06 2.17196e+07 
0.101674 0.44394 2.6704 19.5164 165.408 1584.97 16889.6 197782 2.52198e+06 3.47607e+07 
0.0667008 0.323696 2.15356 17.3002 160.132 1665.61 19158.9 240917 3.28235e+06 4.81001e+07 
0.0440918 0.233764 1.69415 14.7705 147.76 1654.7 20432.7 275407 4.02251e+06 6.32954e+07 
0.0292795 0.167623 1.30925 12.2684 131.402 1567.93 20512.8 291040 4.44278e+06 7.25226e+07 
0.0195147 0.11953 0.997831 9.97459 113.651 1438.11 19889.3 297434 4.77295e+06 8.17133e+07 
0.0130792 0.0850511 0.752564 7.96227 95.8521 1278.96 18612.2 292210 4.9106e+06 8.78014e+07 
0.0087628 0.0602061 0.562132 6.27281 79.5717 1117.19 17075.5 280963 4.93722e+06 9.20982e+07 
0.0058871 0.0425172 0.41678 4.88534 65.1583 963.173 15528 270117 5.03117e+06 9.97339e+07 
0.0039701 0.0299636 0.306428 3.74159 51.8861 795.597 13268.2 237999 4.55532e+06 9.24641e+07 
0.0026839 0.0211635 0.225402 2.86386 41.3311 659.594 11442.2 213201 4.22962e+06 8.87333e+07 
0.0018093 0.0147685 0.16334 2.16146 32.5738 543.724 9865.88 191917 3.95928e+06 8.58817e+07 
0.0012253 0.0104531 0.120386 1.6594 26.0432 452.251 8524.6 171973 3.67291e+06 8.23246e+07 
0.0008448 0.00744889 0.088453 1.25877 20.4787 370.644 7325.01 155862 3.53059e+06 8.43431e+07 
0.0005779 0.00524764 0.063994 0.938321 15.8054 297.64 6143.92 136848 3.24664e+06 8.1163e+07 
0 0 0 0 0 0 0 0 0 0 
Per-collision Densities L:
0 0 0 0 0 0 0 0 0 0 0 0 0 0 0 0 0 0 0 0 0 0 0 0 0 0 0 0 0 0 0 0 0 0 0 0 0 0 0 0 0 0 0 0 0 0 0 0 0 0 0 
0.0794193 0.0651213 0.053379 0.0439264 0.0356616 0.029648 0.0243668 0.019896 0.0161959 0.0133628 0.0109711 0.00900617 0.00739573 0.00607061 0.00502879 0.00405515 0.00337593 0.00272751 0.00223261 0.00185739 0.00153773 0.00117312 0.00101808 0.000825675 0.000702455 0.000543885 0.000466115 0.00039087 0.000315625 0.00026664 0.000189375 0.00015554 0.000144935 0.00010504 9.2415e-05 7.777e-05 7.07e-05 5.5045e-05 4.8985e-05 3.6865e-05 3.1815e-05 1.7675e-05 2.0705e-05 1.818e-05 1.313e-05 7.07e-06 6.565e-06 8.585e-06 5.555e-06 4.545e-06 2.121e-05 
0.045706 0.0443991 0.0418226 0.0389269 0.0358722 0.0322614 0.0289486 0.0260373 0.022979 0.0203742 0.017671 0.0153273 0.0134189 0.0117468 0.0100758 0.0087062 0.00748814 0.00641047 0.00555702 0.00460762 0.00406626 0.0034441 0.00286335 0.00243006 0.00210636 0.00177962 0.00149379 0.0013024 0.00108575 0.000924655 0.0007777 0.00061408 0.000543885 0.00047167 0.00039996 0.00032926 0.00028078 0.00022624 0.00018584 0.00018483 0.00013938 0.000116655 9.7465e-05 9.0395e-05 5.8075e-05 6.262e-05 4.545e-05 4.141e-05 3.03e-05 2.525e-05 0.000143925 
0.0248894 0.024749 0.0246036 0.0241744 0.0232931 0.0225649 0.0214741 0.0201657 0.0189597 0.0175917 0.0161878 0.015002 0.0136481 0.0124079 0.0111206 0.0100551 0.00908091 0.00814919 0.00717706 0.00630745 0.00574387 0.00500455 0.0043324 0.00390416 0.00331331 0.00298809 0.00266438 0.00221392 0.00189678 0.00166751 0.0014544 0.00130997 0.00112817 0.000935765 0.00082719 0.00067367 0.00062822 0.00053025 0.000475205 0.000389355 0.00030603 0.00028684 0.000223715 0.00019594 0.000191395 0.00015554 0.000117665 0.00010504 8.6355e-05 8.3325e-05 0.000438845 
0.013883 0.0139708 0.0139703 0.0136724 0.0137683 0.0137643 0.0133825 0.0129073 0.0127028 0.0122786 0.0117837 0.0110545 0.0105661 0.00979397 0.00928392 0.00861934 0.00799516 0.00745633 0.00674933 0.00625847 0.00570095 0.00517726 0.00478488 0.00421726 0.0038274 0.00344107 0.00302394 0.00274821 0.00248511 0.00218867 0.00194223 0.00174579 0.00154934 0.00135441 0.00121655 0.00107919 0.000923645 0.00076457 0.000660035 0.000619635 0.00054944 0.000452985 0.000426725 0.00037168 0.000283305 0.00030098 0.00024038 0.000203515 0.000167155 0.00014847 0.000962025 
0.00787043 0.00790628 0.00795426 0.00787245 0.00802395 0.00801183 0.00797496 0.00780781 0.0078674 0.00767903 0.00751541 0.00729927 0.00709475 0.00678821 0.00660237 0.00626756 0.00596708 0.00562116 0.00533836 0.00501768 0.00470812 0.00440057 0.00408091 0.00373852 0.00350975 0.00319918 0.00292143 0.002727 0.00246036 0.00225331 0.00205434 0.00189628 0.00165943 0.00152864 0.00134078 0.00124533 0.00106151 0.00098071 0.0008989 0.000777195 0.00073124 0.000618625 0.000550955 0.000483285 0.000430765 0.000416625 0.00034037 0.00030502 0.000266135 0.000226745 0.00168822 
0.00451672 0.00458389 0.00463085 0.00461621 0.00470761 0.00475306 0.00475054 0.00480205 0.0047364 0.00468236 0.00462378 0.00463439 0.00451319 0.00438643 0.00429503 0.00422382 0.00405667 0.00390113 0.00374761 0.00357035 0.0034335 0.0032825 0.00308101 0.00295274 0.00279366 0.00261641 0.00250884 0.0022624 0.0021008 0.00193264 0.00186749 0.0016867 0.00153621 0.00145895 0.00127563 0.00120746 0.00108979 0.00100142 0.000938795 0.00087062 0.000776185 0.000686295 0.000639835 0.0005757 0.000524695 0.000452985 0.00041309 0.000346935 0.00033734 0.000292395 0.00233664 
0.002575 0.00271438 0.00266943 0.00282245 0.00284164 0.0029184 0.0028578 0.00296637 0.0029083 0.00284719 0.00286386 0.00279013 0.00278053 0.00278811 0.00269367 0.00269468 0.00264469 0.00252046 0.00249925 0.00246036 0.00232048 0.00228008 0.00221746 0.00213413 0.0019594 0.0018988 0.00185335 0.00169933 0.00165994 0.0015246 0.00149834 0.00138471 0.00124483 0.00122614 0.00116302 0.00104636 0.0009696 0.000904455 0.00084032 0.000791335 0.000732755 0.000657005 0.0006161 0.000557015 0.000497425 0.00043632 0.000426725 0.00037572 0.00034542 0.00033734 0.00271135 
0.00157106 0.00158823 0.00171246 0.00169377 0.00173872 0.00171751 0.00175437 0.0017675 0.00175538 0.00173013 0.00177962 0.0017877 0.00178265 0.00170438 0.00171549 0.00171296 0.00169731 0.0016766 0.00161802 0.00158974 0.00157914 0.00153369 0.00150339 0.00138774 0.00141855 0.00132007 0.00135744 0.00126149 0.00117362 0.00113575 0.00107565 0.00102313 0.0009696 0.00092718 0.000874155 0.00082517 0.0007474 0.00074336 0.00067266 0.000645895 0.00060095 0.00055348 0.000524695 0.000474195 0.000426725 0.00041814 0.000392385 0.00035552 0.000332795 0.00029896 0.00297142 
0.000965055 0.000963035 0.00104939 0.0010297 0.00103475 0.00104182 0.00110393 0.00110191 0.00110292 0.00110747 0.00113272 0.00108828 0.00109787 0.00110242 0.00108979 0.00109636 0.0011211 0.00103424 0.00104535 0.00102364 0.00102364 0.00103273 0.000957985 0.00098475 0.000909 0.00090799 0.000903445 0.000824665 0.000804465 0.00076356 0.000773155 0.00075245 0.000707 0.0006666 0.000680235 0.000610545 0.000553985 0.000562065 0.000549945 0.00052318 0.00046763 0.00044339 0.00041814 0.00037875 0.00038986 0.00033835 0.00031916 0.00029694 0.000291385 0.000267145 0.0028987 
0.000586305 0.000601455 0.00062822 0.000628725 0.00065246 0.00066559 0.00065852 0.00068983 0.00069387 0.000692355 0.00067872 0.00067771 0.000725685 0.00069892 0.00067973 0.00070599 0.00068478 0.000699425 0.000660035 0.0006868 0.000620645 0.000657005 0.0006262 0.000641855 0.00061408 0.000585295 0.000593375 0.00056459 0.00054944 0.00054944 0.00053328 0.000505 0.00049591 0.00047874 0.000445915 0.000463085 0.000428745 0.000428745 0.000392385 0.00037067 0.00035047 0.000345925 0.00033027 0.000279265 0.0002929 0.000268155 0.00027068 0.000236845 0.000246945 0.00021412 0.00266893 
0.00035653 0.00037774 0.00036562 0.000412585 0.000381275 0.000396425 0.00041612 0.000436825 0.0004444 0.000423695 0.000446925 0.0004545 0.000433795 0.000473185 0.00043733 0.000449955 0.000422685 0.000451975 0.000410565 0.000427735 0.00040804 0.00040501 0.000425715 0.00040198 0.000391375 0.00041107 0.000390365 0.000364105 0.00035956 0.000368145 0.000379255 0.000332795 0.000314615 0.000328755 0.000295425 0.000348955 0.00029694 0.000302495 0.00026058 0.000266135 0.00026765 0.000254015 0.000249975 0.000240885 0.000224725 0.000219675 0.000196445 0.00019695 0.000181295 0.000167155 0.0023028 
0.00021109 0.000221695 0.00024947 0.00025553 0.00026462 0.000241895 0.000244925 0.0002626 0.00027775 0.000282295 0.0002828 0.000265125 0.000287345 0.000270175 0.000284315 0.000280275 0.00027371 0.00027573 0.000266135 0.000282295 0.00028078 0.00027573 0.000264115 0.000258055 0.000275225 0.0002525 0.00025654 0.000250985 0.00027068 0.00025452 0.00025755 0.00023937 0.00022119 0.000226745 0.00021311 0.000224725 0.000193415 0.000191395 0.00019291 0.000190385 0.000176245 0.00018382 0.00017069 0.00016261 0.000169175 0.00015756 0.00014645 0.000142915 0.00012524 0.000103525 0.00196243 
0.000143925 0.0001515 0.000139885 0.000156045 0.000155035 0.00016362 0.0001818 0.00017776 0.000166145 0.000183315 0.00016362 0.00016665 0.000197455 0.000179275 0.0001717 0.00018988 0.00016867 0.000164125 0.00018079 0.000186345 0.0001717 0.000181295 0.00018483 0.0001818 0.00016968 0.000166145 0.000175235 0.000169175 0.000162105 0.000149985 0.00015655 0.0001717 0.000150995 0.000159075 0.00016463 0.00014443 0.00011918 0.00014544 0.00013635 0.00013231 0.00014241 0.000123725 0.000109585 0.000121705 0.000110595 0.00010706 0.00010403 0.000102515 9.9485e-05 9.9485e-05 0.00159479 
9.8475e-05 8.9385e-05 9.2415e-05 9.494e-05 9.999e-05 0.000122715 0.000113625 0.0001111 0.000106555 0.0001111 0.00010302 0.000114635 0.000106555 0.00010908 0.000112615 0.00010706 0.00010605 0.00013231 0.00011312 0.00012221 0.000112615 0.00012019 0.000111605 0.000110595 0.000120695 0.000110595 0.00011615 9.999e-05 9.5445e-05 0.00011211 0.000125745 9.8475e-05 0.000101 9.9485e-05 0.000112615 9.3425e-05 8.888e-05 0.00010403 9.696e-05 9.4435e-05 8.787e-05 9.09e-05 7.979e-05 7.9285e-05 9.0395e-05 9.1405e-05 7.8275e-05 7.171e-05 6.767e-05 5.8075e-05 0.00127765 
6.161e-05 5.454e-05 5.656e-05 7.171e-05 7.171e-05 7.676e-05 7.0195e-05 6.868e-05 7.171e-05 7.0195e-05 7.0195e-05 6.969e-05 7.8275e-05 7.676e-05 7.2215e-05 7.6255e-05 6.666e-05 7.676e-05 7.272e-05 7.979e-05 6.2115e-05 7.676e-05 8.282e-05 8.1305e-05 7.777e-05 6.868e-05 6.8175e-05 8.0295e-05 6.9185e-05 7.0195e-05 6.363e-05 7.272e-05 7.2215e-05 8.08e-05 7.171e-05 6.6155e-05 6.3125e-05 6.161e-05 6.2115e-05 6.0095e-05 6.464e-05 6.1105e-05 6.464e-05 6.06e-05 5.353e-05 4.5955e-05 5.858e-05 5.4035e-05 4.8985e-05 5.454e-05 0.000923645 
3.0805e-05 3.8885e-05 3.4845e-05 4.4945e-05 4.444e-05 3.838e-05 3.5855e-05 3.131e-05 3.1815e-05 3.8885e-05 5.252e-05 5.9085e-05 4.949e-05 4.4945e-05 4.646e-05 4.343e-05 5.252e-05 4.7975e-05 4.6965e-05 5.9085e-05 4.2925e-05 4.8985e-05 4.747e-05 4.343e-05 4.949e-05 4.949e-05 4.949e-05 4.242e-05 4.949e-05 4.646e-05 6.06e-05 4.646e-05 4.0905e-05 4.04e-05 4.3935e-05 3.2825e-05 5.151e-05 4.9995e-05 4.8985e-05 3.838e-05 3.535e-05 3.4845e-05 4.8985e-05 3.838e-05 3.6865e-05 3.232e-05 3.4845e-05 3.6865e-05 3.9895e-05 2.929e-05 0.000692355 
2.2725e-05 2.424e-05 3.03e-05 2.0705e-05 2.828e-05 2.222e-05 2.323e-05 3.0805e-05 2.9795e-05 2.2725e-05 3.7875e-05 2.6765e-05 3.131e-05 3.131e-05 2.8785e-05 2.727e-05 3.1815e-05 2.6765e-05 2.6765e-05 3.535e-05 3.3835e-05 3.03e-05 2.929e-05 3.1815e-05 3.5855e-05 2.727e-05 3.2825e-05 3.131e-05 3.131e-05 4.04e-05 2.929e-05 2.828e-05 2.929e-05 2.9795e-05 2.8785e-05 3.131e-05 3.2825e-05 2.4745e-05 2.929e-05 2.626e-05 2.3735e-05 3.7875e-05 2.8785e-05 2.5755e-05 2.525e-05 2.9795e-05 2.828e-05 2.424e-05 2.525e-05 2.02e-05 0.000524695 
1.4645e-05 1.515e-05 1.414e-05 1.313e-05 1.4645e-05 1.9695e-05 1.717e-05 2.0705e-05 1.616e-05 2.1715e-05 2.0705e-05 1.919e-05 2.2725e-05 2.02e-05 1.3635e-05 2.3735e-05 1.8685e-05 2.323e-05 1.9695e-05 1.616e-05 2.0705e-05 1.818e-05 2.525e-05 2.0705e-05 1.9695e-05 2.727e-05 1.9695e-05 2.525e-05 2.424e-05 2.121e-05 2.626e-05 2.121e-05 1.4645e-05 2.1715e-05 2.0705e-05 2.525e-05 2.02e-05 2.02e-05 1.7675e-05 2.121e-05 2.323e-05 2.02e-05 1.5655e-05 1.919e-05 1.616e-05 2.222e-05 2.222e-05 2.0705e-05 1.9695e-05 1.4645e-05 0.000365115 
0 0 0 0 0 0 0 0 0 0 0 0 0 0 0 0 0 0 0 0 0 0 0 0 0 0 0 0 0 0 0 0 0 0 0 0 0 0 0 0 0 0 0 0 0 0 0 0 0 0 0 
Per-collision Densities L:
0.907795 0.744651 0.609901 0.501505 0.410522 0.336657 0.276584 0.227074 0.18611 0.152446 0.12503 0.102788 0.0844784 0.0689042 0.0564221 0.0464317 0.0381169 0.0314115 0.0256858 0.0212226 0.0174326 0.014245 0.0115206 0.00959046 0.00777599 0.0064332 0.00518383 0.00438239 0.00358399 0.00293809 0.00238007 0.00195082 0.0015852 0.00129987 0.00108171 0.00088779 0.00071609 0.000590345 0.00048076 0.000390365 0.000312595 0.0002727 0.000220685 0.0001919 0.000150995 0.00012726 0.000102515 8.1305e-05 6.262e-05 6.0095e-05 0.000231795 
0.0454303 0.11494 0.157676 0.181116 0.191388 0.192016 0.185812 0.176225 0.164264 0.150316 0.136814 0.122695 0.109622 0.0970772 0.0854101 0.0748233 0.0655505 0.0570953 0.0492794 0.0426735 0.0368978 0.0316726 0.027271 0.0233472 0.01995 0.0170443 0.0145087 0.0123705 0.0103732 0.00890719 0.00749117 0.00631048 0.00544895 0.00463994 0.00382992 0.0033022 0.00273155 0.00235785 0.00192102 0.00159833 0.0014443 0.00116251 0.00100697 0.000830725 0.000683265 0.000543885 0.000507525 0.000405515 0.000340875 0.00027068 0.00142663 
0.00287194 0.0124255 0.0252202 0.0386618 0.0505258 0.0604667 0.0684659 0.0736265 0.0769499 0.0787704 0.0783568 0.0766792 0.0743158 0.0706535 0.0669928 0.0626261 0.057924 0.0534391 0.0489194 0.0442471 0.0402243 0.0361166 0.0325311 0.0290961 0.0258555 0.0229765 0.0205207 0.0181229 0.0159575 0.0139582 0.0121109 0.0106676 0.00921171 0.00802395 0.00716797 0.00609889 0.00525554 0.00453238 0.00404354 0.00343653 0.00301182 0.00251086 0.00212403 0.00188971 0.00162206 0.00139077 0.00117514 0.00100041 0.000856985 0.00075043 0.00421726 
0.00082315 0.00279669 0.00545501 0.00882134 0.0126987 0.0166514 0.0207171 0.0244607 0.0277927 0.0312444 0.0334502 0.0354712 0.0365681 0.0369448 0.0373922 0.0370347 0.0361156 0.0352344 0.0339365 0.0324659 0.0305368 0.0289658 0.0270175 0.0252662 0.0230846 0.0216251 0.0197561 0.0178927 0.0163065 0.0150849 0.0133557 0.0121629 0.0109585 0.00975054 0.00852188 0.00783407 0.00701142 0.00610949 0.00544542 0.00484093 0.00432937 0.0037365 0.00330422 0.00289769 0.00258611 0.00226291 0.00195637 0.0017367 0.00150793 0.00133118 0.00839462 
0.000444905 0.0013332 0.00221746 0.00329866 0.00437886 0.00568731 0.0072821 0.00853703 0.0101182 0.0118084 0.0132381 0.0146097 0.0159085 0.0168498 0.017722 0.0182861 0.0187577 0.0190521 0.0191193 0.0188602 0.0188915 0.0184123 0.0178765 0.0171523 0.0165862 0.0158989 0.0149111 0.0141435 0.0131239 0.0123786 0.0114832 0.0106853 0.00996365 0.0091602 0.00844158 0.00774872 0.00705687 0.00623726 0.00578983 0.00521615 0.00470155 0.00435866 0.00378447 0.00349864 0.00314262 0.00275175 0.00252601 0.00225432 0.00195486 0.00177104 0.0128588 
0.00023836 0.000712555 0.00122412 0.00171902 0.00211949 0.00273155 0.00316938 0.0038375 0.00439401 0.00504546 0.00573781 0.00634987 0.00700334 0.00774569 0.00820777 0.0087663 0.00904809 0.00946623 0.00980458 0.0100854 0.0102379 0.0103475 0.0102672 0.0101641 0.0102404 0.00998587 0.00964247 0.00940462 0.00909808 0.00866681 0.00834614 0.00790123 0.00769216 0.00712757 0.00670792 0.00641653 0.0057969 0.00550804 0.00517979 0.00472478 0.0044334 0.00392234 0.00371579 0.00333856 0.00308606 0.00292749 0.00257449 0.00230937 0.00213615 0.00199425 0.0161716 
0.000137865 0.000385315 0.000716595 0.000908495 0.00120443 0.00145592 0.00177407 0.00199374 0.00224119 0.00253965 0.00283861 0.003131 0.00335977 0.00376225 0.00410111 0.0043526 0.00452228 0.00482881 0.00501819 0.00523635 0.00534644 0.00552773 0.00558732 0.00563277 0.00581457 0.00577569 0.00579892 0.00572569 0.00569691 0.00555096 0.00549642 0.00527523 0.00514494 0.00489042 0.00479245 0.00462277 0.00435411 0.00414959 0.0039688 0.00365368 0.00344865 0.0032522 0.00307798 0.00290224 0.002676 0.00244925 0.00232199 0.00210232 0.00196597 0.00176599 0.0175513 
7.373e-05 0.000228765 0.000372185 0.00054237 0.00068377 0.000872135 0.00100798 0.00114282 0.00133017 0.00143016 0.00155338 0.00177558 0.0018685 0.00203414 0.00211191 0.00227755 0.00242198 0.00251086 0.00275175 0.00283053 0.0029285 0.00304616 0.00311787 0.00325624 0.00316989 0.00329058 0.00331028 0.00330624 0.00335674 0.00337795 0.00330422 0.00333351 0.00317645 0.00317948 0.0031512 0.00305172 0.00289517 0.00285527 0.00274367 0.00270781 0.00250177 0.00242148 0.00231745 0.00220988 0.00207454 0.00191496 0.00182255 0.00170488 0.00163166 0.00149127 0.0170276 
4.8985e-05 0.000134835 0.00021311 0.00031411 0.00039693 0.00049187 0.000588325 0.000660035 0.000749925 0.000862035 0.00089587 0.00100495 0.00107262 0.00119231 0.00122564 0.00125392 0.00134734 0.0014443 0.00153318 0.00159631 0.00164327 0.00172963 0.00174427 0.00181245 0.0018887 0.00183063 0.00191648 0.00194425 0.0019897 0.001919 0.001969 0.00197809 0.00205333 0.00199021 0.00191294 0.00196597 0.00188416 0.00188668 0.00178518 0.00175336 0.00173316 0.00159934 0.00159934 0.00156601 0.00146955 0.00144178 0.001313 0.00128119 0.0012322 0.00121049 0.0151737 
1.6665e-05 7.6255e-05 0.00012827 0.00019897 0.000248965 0.0002929 0.00035956 0.000409555 0.000434805 0.000493385 0.000539845 0.000557015 0.00065246 0.00071811 0.000748915 0.00076154 0.00082517 0.000840825 0.000838805 0.00091102 0.000965055 0.00100243 0.00103121 0.00101404 0.00109333 0.00109737 0.00114787 0.0011514 0.00113625 0.0011615 0.00117261 0.00123927 0.00120998 0.00119635 0.00121453 0.00114888 0.00115898 0.0011413 0.00117564 0.00113575 0.00113625 0.00110595 0.00106303 0.00103677 0.00102667 0.000936775 0.000926675 0.00090294 0.00085951 0.000885265 0.0126901 
1.919e-05 4.7975e-05 9.191e-05 0.000110595 0.0001515 0.00017978 0.00021311 0.0002424 0.000284315 0.0002929 0.000327745 0.000370165 0.00040905 0.00041309 0.00045046 0.000472175 0.000503485 0.000529745 0.000520655 0.000543885 0.00055045 0.000625695 0.000607515 0.000633775 0.00066155 0.000660035 0.000671145 0.000682255 0.00070397 0.000697405 0.000726695 0.000747905 0.000736795 0.000714575 0.000772145 0.000785275 0.00070094 0.000727705 0.000747905 0.000692355 0.000719625 0.00067266 0.000677205 0.000639835 0.000686295 0.000676195 0.00064842 0.0006161 0.000600445 0.000580245 0.0100687 
7.07e-06 3.1815e-05 5.151e-05 7.1205e-05 8.787e-05 0.00011615 0.00014039 0.00015352 0.000170185 0.000189375 0.000202505 0.00021816 0.00024442 0.000243915 0.000267145 0.000286335 0.000292395 0.00032825 0.00034946 0.00034542 0.000327745 0.000368145 0.0003737 0.00039895 0.000404 0.000411575 0.000417635 0.00043632 0.000424705 0.00044945 0.00043026 0.00047066 0.00043935 0.00046258 0.00045349 0.00046864 0.000456015 0.00046864 0.00047066 0.000462075 0.00046258 0.000439855 0.000446925 0.000406525 0.000428745 0.00041107 0.00040804 0.00041511 0.000406525 0.00039895 0.00766338 
4.545e-06 1.6665e-05 3.3835e-05 4.545e-05 5.7065e-05 6.969e-05 8.181e-05 0.000102515 0.000107565 0.00010807 0.000125745 0.00014443 0.000156045 0.00015756 0.000169175 0.00017271 0.00019796 0.000205535 0.00021412 0.000203515 0.000196445 0.000224725 0.00024644 0.00024846 0.00024745 0.000236845 0.00024543 0.000264115 0.00027169 0.00026967 0.00029593 0.000282295 0.000281285 0.000277245 0.000295425 0.00029896 0.00030704 0.00028886 0.00030199 0.0002929 0.00027371 0.00028785 0.000294415 0.000275225 0.00027775 0.000270175 0.000259065 0.00026664 0.000253005 0.000251995 0.00570246 
2.525e-06 8.08e-06 1.717e-05 2.323e-05 3.1815e-05 4.6965e-05 4.6965e-05 5.959e-05 6.363e-05 7.3225e-05 8.383e-05 8.787e-05 9.8475e-05 9.797e-05 0.00010403 0.00012019 0.000121705 0.00012524 0.00013231 0.000143925 0.00013635 0.00013332 0.0001414 0.00014746 0.00017473 0.00015958 0.00014847 0.000161095 0.00016059 0.000174225 0.000177255 0.00016261 0.000187355 0.00018079 0.000187355 0.0001919 0.00019089 0.00019493 0.000184325 0.000165135 0.00016463 0.00019493 0.000182305 0.000188365 0.000192405 0.00018584 0.000184325 0.000174225 0.000161095 0.00016261 0.00411424 
2.525e-06 5.555e-06 1.2625e-05 1.414e-05 2.2725e-05 2.4745e-05 2.8785e-05 3.838e-05 3.434e-05 4.1915e-05 4.545e-05 5.656e-05 5.5045e-05 6.363e-05 6.3125e-05 6.767e-05 8.5345e-05 6.2115e-05 8.484e-05 9.4435e-05 8.7365e-05 8.4335e-05 8.787e-05 9.191e-05 9.191e-05 0.00011918 9.595e-05 0.000108575 0.000112615 0.000100495 0.000114635 0.00010807 0.000115645 0.00011211 0.00011211 0.00013938 0.00010908 0.000126755 0.00011817 0.00012423 0.00011514 0.000122715 0.0001111 0.000118675 0.00011211 0.00012221 0.00011312 0.00011312 0.000120695 0.00012019 0.00295526 
2.525e-06 5.555e-06 7.575e-06 8.585e-06 1.0605e-05 2.02e-05 1.8685e-05 1.919e-05 2.6765e-05 3.2825e-05 3.1815e-05 3.3835e-05 3.434e-05 3.7875e-05 3.6865e-05 3.737e-05 4.949e-05 5.1005e-05 5.7065e-05 4.9995e-05 5.353e-05 6.6155e-05 6.06e-05 6.06e-05 5.757e-05 5.858e-05 6.06e-05 6.666e-05 6.161e-05 6.868e-05 6.666e-05 8.0295e-05 6.767e-05 7.1205e-05 7.7265e-05 7.171e-05 8.08e-05 7.272e-05 7.3225e-05 9.898e-05 7.8275e-05 7.474e-05 6.868e-05 6.767e-05 7.676e-05 7.575e-05 7.0195e-05 7.8275e-05 7.3225e-05 7.878e-05 0.00213262 
2.02e-06 4.04e-06 3.535e-06 7.575e-06 7.07e-06 1.3635e-05 1.2625e-05 1.6665e-05 1.7675e-05 2.02e-05 2.3735e-05 1.919e-05 2.525e-05 2.7775e-05 2.4745e-05 2.6765e-05 2.626e-05 3.1815e-05 3.3835e-05 2.9795e-05 3.6865e-05 4.1915e-05 4.343e-05 3.939e-05 4.7975e-05 4.747e-05 3.8885e-05 4.2925e-05 4.141e-05 3.7875e-05 4.545e-05 4.4945e-05 4.646e-05 5.2015e-05 4.242e-05 5.2015e-05 5.7065e-05 5.252e-05 4.3935e-05 5.1005e-05 5.353e-05 4.6965e-05 5.2015e-05 6.06e-05 4.3935e-05 4.747e-05 4.848e-05 6.0095e-05 5.252e-05 4.141e-05 0.00154429 
1.01e-06 2.02e-06 2.02e-06 8.585e-06 5.05e-06 1.313e-05 7.07e-06 5.05e-06 9.595e-06 1.414e-05 1.111e-05 1.414e-05 1.313e-05 1.717e-05 1.717e-05 1.6665e-05 1.919e-05 1.717e-05 2.121e-05 2.323e-05 2.3735e-05 2.7775e-05 3.03e-05 2.525e-05 2.222e-05 3.434e-05 3.333e-05 2.727e-05 3.03e-05 3.2825e-05 3.232e-05 2.8785e-05 2.727e-05 3.434e-05 3.131e-05 3.03e-05 3.636e-05 3.8885e-05 3.0805e-05 2.7775e-05 3.8885e-05 3.0805e-05 4.0905e-05 3.535e-05 3.5855e-05 3.1815e-05 2.626e-05 3.636e-05 3.333e-05 3.8885e-05 0.00110747 
5.05e-07 1.01e-06 5.05e-07 4.545e-06 3.03e-06 6.06e-06 4.545e-06 5.05e-06 4.04e-06 7.575e-06 9.09e-06 9.595e-06 1.01e-05 8.585e-06 9.09e-06 1.717e-05 1.01e-05 1.4645e-05 9.595e-06 1.5655e-05 1.3635e-05 1.313e-05 1.3635e-05 1.919e-05 1.8685e-05 1.5655e-05 1.717e-05 1.515e-05 2.121e-05 2.0705e-05 2.2725e-05 2.8785e-05 1.8685e-05 2.424e-05 1.919e-05 1.7675e-05 2.121e-05 2.6765e-05 2.5755e-05 2.121e-05 2.727e-05 2.222e-05 1.3635e-05 1.919e-05 2.5755e-05 2.3735e-05 1.919e-05 1.9695e-05 2.424e-05 2.121e-05 0.00080194 
0 0 0 0 0 0 0 0 0 0 0 0 0 0 0 0 0 0 0 0 0 0 0 0 0 0 0 0 0 0 0 0 0 0 0 0 0 0 0 0 0 0 0 0 0 0 0 0 0 0 0 
