Half rod, albedo problem, Anisotropic scattering, exponential random flight, mu_t: 1 g: 0.7
Analogmu_t c: 0.1 maxx: 10 dx: 0.19802 numsamples: 10000000 numCollisionOrders: 20 numMoments: 10
total albedo: 0.0081958
per-collision order albedos: 
0 0.0074964 0.0006364 5.72e-05 5.6e-06 2e-07 0 0 0 0 0 0 0 0 0 0 0 0 0 0 
Collision density L:
0.00760884 0.00637159 0.00514444 0.00438593 0.00364408 0.00309616 0.00252955 0.00217504 0.00174932 0.00147662 0.00122665 0.00101253 0.000843855 0.000708515 0.00059085 0.000481265 0.00039289 0.00034037 0.000272195 0.000237855 0.00020301 0.000168165 0.00014241 0.00012827 9.898e-05 7.676e-05 7.2215e-05 5.4035e-05 4.545e-05 3.7875e-05 2.8785e-05 2.1715e-05 2.5755e-05 1.818e-05 1.6665e-05 1.2625e-05 1.3635e-05 9.09e-06 5.555e-06 9.09e-06 4.04e-06 4.04e-06 3.03e-06 6.565e-06 2.525e-06 1.515e-06 2.525e-06 1.515e-06 2.525e-06 5.05e-07 5.05e-06 
Collision density R:
0.915377 0.763214 0.637366 0.531031 0.442482 0.368783 0.308668 0.257348 0.214762 0.179683 0.149818 0.124515 0.104007 0.0863015 0.0724746 0.0601632 0.0502258 0.042169 0.0351111 0.029444 0.0243087 0.020252 0.0168251 0.0140845 0.0118114 0.00983841 0.00826382 0.00695284 0.00579134 0.00479195 0.00398142 0.00330018 0.00278053 0.00234219 0.00192809 0.00160035 0.00131906 0.00113524 0.000913545 0.000756995 0.00065953 0.000549945 0.000466115 0.0003636 0.000303 0.000276235 0.000224725 0.00018584 0.000156045 0.000132815 0.000637815 
Density Moments:
1.10206 1.20408 2.63149 8.6275 37.722 206.3 1357.13 10486.6 94014.8 973873 
Per-collision Density Moments:
1 0.999764 1.99923 5.99652 23.9779 119.771 716.579 4982.37 39337.7 346279 
0.092523 0.177223 0.523876 2.08085 10.367 62.0967 434.336 3470.06 31092.1 307386 
0.0086184 0.0237899 0.0922636 0.453744 2.69717 18.856 152.81 1427.71 15360.2 189619 
0.0008307 0.00294869 0.0141502 0.0835757 0.585347 4.80492 46.5962 542.449 7588.91 123991 
7.64e-05 0.00031494 0.00170614 0.0109912 0.0807611 0.65921 5.85937 55.8078 562.098 5922.33 
6.9e-06 3.37543e-05 0.000207942 0.00146717 0.0112918 0.0923296 0.789362 6.9806 63.3632 586.993 
1.1e-06 5.97691e-06 3.90181e-05 0.000279337 0.00210937 0.0165425 0.133726 1.10887 9.39523 81.0651 
3e-07 1.64991e-06 1.03342e-05 6.89025e-05 0.000471629 0.00326252 0.0226666 0.157784 1.09948 7.66681 
1e-07 3.02408e-07 9.14507e-07 2.76554e-06 8.36323e-06 2.52911e-05 7.64823e-05 0.000231289 0.000699436 0.00211515 
0 0 0 0 0 0 0 0 0 0 
0 0 0 0 0 0 0 0 0 0 
0 0 0 0 0 0 0 0 0 0 
0 0 0 0 0 0 0 0 0 0 
0 0 0 0 0 0 0 0 0 0 
0 0 0 0 0 0 0 0 0 0 
0 0 0 0 0 0 0 0 0 0 
0 0 0 0 0 0 0 0 0 0 
0 0 0 0 0 0 0 0 0 0 
0 0 0 0 0 0 0 0 0 0 
0 0 0 0 0 0 0 0 0 0 
Per-collision Densities L:
0 0 0 0 0 0 0 0 0 0 0 0 0 0 0 0 0 0 0 0 0 0 0 0 0 0 0 0 0 0 0 0 0 0 0 0 0 0 0 0 0 0 0 0 0 0 0 0 0 0 0 
0.00693365 0.00566863 0.00451369 0.00378599 0.00307091 0.00257449 0.0020902 0.00175488 0.0013938 0.00114736 0.000940815 0.000780225 0.000630745 0.000504495 0.000424705 0.000334815 0.000276235 0.000238865 0.000190385 0.00016362 0.000134835 0.000101505 8.5345e-05 8.08e-05 5.757e-05 5.2015e-05 4.444e-05 3.0805e-05 2.727e-05 2.525e-05 1.414e-05 1.1615e-05 1.616e-05 7.575e-06 1.01e-05 6.06e-06 6.06e-06 2.02e-06 5.05e-07 5.555e-06 1.01e-06 1.515e-06 2.525e-06 2.02e-06 1.01e-06 5.05e-07 1.01e-06 5.05e-07 1.515e-06 0 3.03e-06 
0.00062418 0.00064236 0.000571155 0.0005353 0.000513585 0.00045955 0.000388345 0.000365115 0.00030603 0.00028482 0.000233815 0.000201495 0.000183315 0.000161095 0.000137865 0.00012322 9.494e-05 9.09e-05 6.9185e-05 5.7065e-05 5.5045e-05 5.05e-05 4.444e-05 3.737e-05 2.8785e-05 2.02e-05 2.0705e-05 1.7675e-05 1.313e-05 7.07e-06 1.1615e-05 8.08e-06 8.08e-06 9.09e-06 4.04e-06 4.04e-06 5.05e-06 4.545e-06 3.03e-06 2.525e-06 2.02e-06 2.02e-06 5.05e-07 3.03e-06 1.515e-06 0 1.01e-06 0 5.05e-07 5.05e-07 1.01e-06 
4.6965e-05 5.757e-05 5.3025e-05 5.656e-05 5.353e-05 5.757e-05 4.5955e-05 4.7975e-05 4.5955e-05 4.0905e-05 4.444e-05 2.7775e-05 2.7775e-05 3.8885e-05 2.626e-05 1.9695e-05 1.919e-05 9.595e-06 9.09e-06 1.3635e-05 1.01e-05 1.4645e-05 1.1615e-05 8.585e-06 1.0605e-05 4.545e-06 6.565e-06 5.555e-06 4.04e-06 5.05e-06 2.02e-06 1.515e-06 1.515e-06 1.515e-06 2.02e-06 1.515e-06 1.515e-06 1.515e-06 2.02e-06 5.05e-07 5.05e-07 5.05e-07 0 1.515e-06 0 5.05e-07 5.05e-07 5.05e-07 5.05e-07 0 5.05e-07 
4.04e-06 3.03e-06 6.06e-06 8.08e-06 5.555e-06 4.545e-06 5.05e-06 7.07e-06 2.525e-06 2.525e-06 6.06e-06 3.03e-06 2.02e-06 3.535e-06 2.02e-06 3.535e-06 2.525e-06 5.05e-07 3.535e-06 3.535e-06 3.03e-06 1.515e-06 5.05e-07 1.515e-06 2.02e-06 0 0 0 5.05e-07 5.05e-07 1.01e-06 5.05e-07 0 0 5.05e-07 0 5.05e-07 1.01e-06 0 0 5.05e-07 0 0 0 0 5.05e-07 0 0 0 0 5.05e-07 
0 0 5.05e-07 0 5.05e-07 0 0 0 5.05e-07 5.05e-07 1.515e-06 0 0 5.05e-07 0 0 0 5.05e-07 0 0 0 0 5.05e-07 0 0 0 5.05e-07 0 5.05e-07 0 0 0 0 0 0 5.05e-07 5.05e-07 0 0 5.05e-07 0 0 0 0 0 0 0 5.05e-07 0 0 0 
0 0 0 0 0 0 0 0 5.05e-07 5.05e-07 0 0 0 0 0 0 0 0 0 0 0 0 0 0 0 0 0 0 0 0 0 0 0 0 0 0 0 0 0 0 0 0 0 0 0 0 0 0 0 0 0 
0 0 0 0 0 0 0 0 0 0 0 0 0 0 0 0 0 0 0 0 0 0 0 0 0 0 0 0 0 0 0 0 0 0 0 5.05e-07 0 0 0 0 0 0 0 0 0 0 0 0 0 0 0 
0 0 0 0 0 0 0 0 0 0 0 0 0 0 0 0 0 0 0 0 0 0 0 0 0 0 0 0 0 0 0 0 0 0 0 0 0 0 0 0 0 0 0 0 0 0 0 0 0 0 0 
0 0 0 0 0 0 0 0 0 0 0 0 0 0 0 0 0 0 0 0 0 0 0 0 0 0 0 0 0 0 0 0 0 0 0 0 0 0 0 0 0 0 0 0 0 0 0 0 0 0 0 
0 0 0 0 0 0 0 0 0 0 0 0 0 0 0 0 0 0 0 0 0 0 0 0 0 0 0 0 0 0 0 0 0 0 0 0 0 0 0 0 0 0 0 0 0 0 0 0 0 0 0 
0 0 0 0 0 0 0 0 0 0 0 0 0 0 0 0 0 0 0 0 0 0 0 0 0 0 0 0 0 0 0 0 0 0 0 0 0 0 0 0 0 0 0 0 0 0 0 0 0 0 0 
0 0 0 0 0 0 0 0 0 0 0 0 0 0 0 0 0 0 0 0 0 0 0 0 0 0 0 0 0 0 0 0 0 0 0 0 0 0 0 0 0 0 0 0 0 0 0 0 0 0 0 
0 0 0 0 0 0 0 0 0 0 0 0 0 0 0 0 0 0 0 0 0 0 0 0 0 0 0 0 0 0 0 0 0 0 0 0 0 0 0 0 0 0 0 0 0 0 0 0 0 0 0 
0 0 0 0 0 0 0 0 0 0 0 0 0 0 0 0 0 0 0 0 0 0 0 0 0 0 0 0 0 0 0 0 0 0 0 0 0 0 0 0 0 0 0 0 0 0 0 0 0 0 0 
0 0 0 0 0 0 0 0 0 0 0 0 0 0 0 0 0 0 0 0 0 0 0 0 0 0 0 0 0 0 0 0 0 0 0 0 0 0 0 0 0 0 0 0 0 0 0 0 0 0 0 
0 0 0 0 0 0 0 0 0 0 0 0 0 0 0 0 0 0 0 0 0 0 0 0 0 0 0 0 0 0 0 0 0 0 0 0 0 0 0 0 0 0 0 0 0 0 0 0 0 0 0 
0 0 0 0 0 0 0 0 0 0 0 0 0 0 0 0 0 0 0 0 0 0 0 0 0 0 0 0 0 0 0 0 0 0 0 0 0 0 0 0 0 0 0 0 0 0 0 0 0 0 0 
0 0 0 0 0 0 0 0 0 0 0 0 0 0 0 0 0 0 0 0 0 0 0 0 0 0 0 0 0 0 0 0 0 0 0 0 0 0 0 0 0 0 0 0 0 0 0 0 0 0 0 
0 0 0 0 0 0 0 0 0 0 0 0 0 0 0 0 0 0 0 0 0 0 0 0 0 0 0 0 0 0 0 0 0 0 0 0 0 0 0 0 0 0 0 0 0 0 0 0 0 0 0 
Per-collision Densities L:
0.907815 0.74441 0.611013 0.500529 0.410429 0.336202 0.276648 0.22687 0.186038 0.15319 0.125525 0.10268 0.0844522 0.0687431 0.0567761 0.0462631 0.0380088 0.0314272 0.0256383 0.0212701 0.0172806 0.0141759 0.0114776 0.00945108 0.00791335 0.00645946 0.00519696 0.00441471 0.00358803 0.00292143 0.00239976 0.00195183 0.00158368 0.00127715 0.00106757 0.00087365 0.00070195 0.000610545 0.00047167 0.000391375 0.00033128 0.00026159 0.00022422 0.00018584 0.000144935 0.000139885 0.000107565 9.1405e-05 6.4135e-05 6.161e-05 0.00025048 
0.00751087 0.0185335 0.02575 0.0295571 0.0308292 0.03106 0.030203 0.0285376 0.0266842 0.0243758 0.0221811 0.0197243 0.0175589 0.0156156 0.0137658 0.0121155 0.0105631 0.00928645 0.00803657 0.00685285 0.00589537 0.00502021 0.00439502 0.00377134 0.00316736 0.00269973 0.00242653 0.00197051 0.00169731 0.00145087 0.00121756 0.00103071 0.000907485 0.000781235 0.00062923 0.00053025 0.00043026 0.00036966 0.00030906 0.00025755 0.000222705 0.000196445 0.000166145 0.000120695 0.000112615 9.4435e-05 7.7265e-05 6.2115e-05 5.6055e-05 4.141e-05 0.000239875 
5.1005e-05 0.000265125 0.000588325 0.00091001 0.00118675 0.00147561 0.00173569 0.00185487 0.0019185 0.00198617 0.0019796 0.00197708 0.00185588 0.00179174 0.00177407 0.00163317 0.00148268 0.00129937 0.00127159 0.00117817 0.00100293 0.000936775 0.000838805 0.000741845 0.000633775 0.000581255 0.000538835 0.000479245 0.00043026 0.000347945 0.000305525 0.000259065 0.000242905 0.000231795 0.000188365 0.00016261 0.000145945 0.000116655 0.000105545 8.4335e-05 8.282e-05 7.1205e-05 5.858e-05 3.838e-05 3.232e-05 3.131e-05 2.8785e-05 2.4745e-05 2.6765e-05 2.323e-05 0.000104535 
0 5.05e-06 1.414e-05 3.2825e-05 3.5855e-05 4.343e-05 7.676e-05 8.3325e-05 0.000116655 0.00012322 0.00012423 0.00012827 0.00012827 0.00014342 0.000141905 0.00014443 0.00015756 0.000143925 0.000148975 0.000131805 0.00011918 0.0001111 0.000102515 0.00011009 8.7365e-05 8.585e-05 8.6355e-05 7.777e-05 6.8175e-05 6.06e-05 5.2015e-05 5.151e-05 3.7875e-05 4.4945e-05 3.737e-05 3.1815e-05 3.1815e-05 3.2825e-05 2.3735e-05 1.9695e-05 2.02e-05 1.717e-05 1.5655e-05 1.818e-05 1.1615e-05 7.575e-06 9.595e-06 4.545e-06 9.09e-06 5.05e-06 3.535e-05 
0 0 0 1.515e-06 1.01e-06 1.515e-06 4.04e-06 2.02e-06 5.05e-06 7.07e-06 7.07e-06 4.545e-06 1.0605e-05 7.07e-06 1.5655e-05 6.06e-06 1.3635e-05 1.111e-05 1.414e-05 1.0605e-05 1.01e-05 7.575e-06 9.595e-06 1.01e-05 9.595e-06 1.111e-05 1.2625e-05 9.09e-06 7.575e-06 9.595e-06 5.555e-06 5.555e-06 8.08e-06 6.565e-06 5.05e-06 1.515e-06 7.575e-06 4.545e-06 3.03e-06 2.525e-06 2.525e-06 3.535e-06 1.515e-06 5.05e-07 1.515e-06 1.515e-06 1.515e-06 2.525e-06 0 1.01e-06 6.565e-06 
0 0 0 0 0 5.05e-07 0 5.05e-07 0 1.01e-06 1.01e-06 1.01e-06 1.01e-06 0 1.01e-06 5.05e-07 0 1.01e-06 1.515e-06 5.05e-07 5.05e-07 5.05e-07 1.01e-06 0 0 1.01e-06 2.525e-06 1.01e-06 0 1.01e-06 1.01e-06 1.01e-06 5.05e-07 5.05e-07 0 5.05e-07 1.01e-06 5.05e-07 5.05e-07 1.01e-06 0 0 0 0 0 1.515e-06 0 0 0 5.05e-07 1.01e-06 
0 0 0 0 0 0 0 0 0 0 0 0 5.05e-07 0 0 0 0 0 0 0 0 0 5.05e-07 0 0 0 0 5.05e-07 0 5.05e-07 0 5.05e-07 0 0 0 0 5.05e-07 5.05e-07 0 5.05e-07 0 0 0 0 0 0 0 5.05e-07 0 0 0 
0 0 0 0 0 0 0 0 0 0 0 0 0 5.05e-07 0 0 0 0 0 0 0 0 0 0 0 0 0 0 0 0 0 0 0 0 5.05e-07 0 0 0 0 0 0 0 0 0 0 0 0 0 0 0 0 
0 0 0 0 0 0 0 0 0 0 0 0 0 0 0 5.05e-07 0 0 0 0 0 0 0 0 0 0 0 0 0 0 0 0 0 0 0 0 0 0 0 0 0 0 0 0 0 0 0 0 0 0 0 
0 0 0 0 0 0 0 0 0 0 0 0 0 0 0 0 0 0 0 0 0 0 0 0 0 0 0 0 0 0 0 0 0 0 0 0 0 0 0 0 0 0 0 0 0 0 0 0 0 0 0 
0 0 0 0 0 0 0 0 0 0 0 0 0 0 0 0 0 0 0 0 0 0 0 0 0 0 0 0 0 0 0 0 0 0 0 0 0 0 0 0 0 0 0 0 0 0 0 0 0 0 0 
0 0 0 0 0 0 0 0 0 0 0 0 0 0 0 0 0 0 0 0 0 0 0 0 0 0 0 0 0 0 0 0 0 0 0 0 0 0 0 0 0 0 0 0 0 0 0 0 0 0 0 
0 0 0 0 0 0 0 0 0 0 0 0 0 0 0 0 0 0 0 0 0 0 0 0 0 0 0 0 0 0 0 0 0 0 0 0 0 0 0 0 0 0 0 0 0 0 0 0 0 0 0 
0 0 0 0 0 0 0 0 0 0 0 0 0 0 0 0 0 0 0 0 0 0 0 0 0 0 0 0 0 0 0 0 0 0 0 0 0 0 0 0 0 0 0 0 0 0 0 0 0 0 0 
0 0 0 0 0 0 0 0 0 0 0 0 0 0 0 0 0 0 0 0 0 0 0 0 0 0 0 0 0 0 0 0 0 0 0 0 0 0 0 0 0 0 0 0 0 0 0 0 0 0 0 
0 0 0 0 0 0 0 0 0 0 0 0 0 0 0 0 0 0 0 0 0 0 0 0 0 0 0 0 0 0 0 0 0 0 0 0 0 0 0 0 0 0 0 0 0 0 0 0 0 0 0 
0 0 0 0 0 0 0 0 0 0 0 0 0 0 0 0 0 0 0 0 0 0 0 0 0 0 0 0 0 0 0 0 0 0 0 0 0 0 0 0 0 0 0 0 0 0 0 0 0 0 0 
0 0 0 0 0 0 0 0 0 0 0 0 0 0 0 0 0 0 0 0 0 0 0 0 0 0 0 0 0 0 0 0 0 0 0 0 0 0 0 0 0 0 0 0 0 0 0 0 0 0 0 
0 0 0 0 0 0 0 0 0 0 0 0 0 0 0 0 0 0 0 0 0 0 0 0 0 0 0 0 0 0 0 0 0 0 0 0 0 0 0 0 0 0 0 0 0 0 0 0 0 0 0 
0 0 0 0 0 0 0 0 0 0 0 0 0 0 0 0 0 0 0 0 0 0 0 0 0 0 0 0 0 0 0 0 0 0 0 0 0 0 0 0 0 0 0 0 0 0 0 0 0 0 0 
