Half rod, albedo problem, Anisotropic scattering, exponential random flight, mu_t: 1 g: -0.9
Analogmu_t c: 0.5 maxx: 10 dx: 0.19802 numsamples: 10000000 numCollisionOrders: 20 numMoments: 10
total albedo: 0.260026
per-collision order albedos: 
0 0.23745 0.0059094 0.0135673 0.0010172 0.0015652 0.0001885 0.0002328 3.97e-05 3.78e-05 8.1e-06 6.7e-06 1.8e-06 1.5e-06 3e-07 4e-07 0 0 0 0 
Collision density L:
0.239217 0.201962 0.170606 0.144247 0.121512 0.102952 0.0872458 0.073524 0.0620701 0.052319 0.0444456 0.0373831 0.0316857 0.0266837 0.0226356 0.0189991 0.0159378 0.0136446 0.0115236 0.00970661 0.00813909 0.00687053 0.00587719 0.00492931 0.00410363 0.00351228 0.00297546 0.00251945 0.00210434 0.00181295 0.00154833 0.00130341 0.00108878 0.00093627 0.000786285 0.000662055 0.000531765 0.000460055 0.00037572 0.00033835 0.00028381 0.000243915 0.000193415 0.00016766 0.00015554 0.0001212 0.000104535 9.1405e-05 7.878e-05 6.4135e-05 0.000344915 
Collision density R:
0.920939 0.778348 0.655928 0.554839 0.468323 0.395644 0.334283 0.28278 0.238652 0.202002 0.170184 0.144546 0.121415 0.102463 0.0873554 0.0732028 0.0618696 0.0524165 0.0441577 0.037417 0.0316549 0.0266933 0.0224331 0.0191198 0.0160257 0.0136643 0.011315 0.00969802 0.00821332 0.00680942 0.00584588 0.00494345 0.00412131 0.00353702 0.00294466 0.00246289 0.00211141 0.00179982 0.00152258 0.00127715 0.00106353 0.00091607 0.00076356 0.00067569 0.000553985 0.00043935 0.000404 0.00034744 0.000279265 0.000264115 0.00126856 
Density Moments:
1.4794 1.73688 4.07851 14.3679 67.5191 396.756 2795.66 22908.5 212990 2.20011e+06 
Per-collision Density Moments:
1 0.999841 1.9991 5.99304 23.9565 119.829 720.86 5075.14 40966.8 372736 
0.262348 0.287464 0.62552 2.03093 8.76055 47.1511 304.496 2296.54 19820.6 192504 
0.125181 0.245155 0.732537 2.93354 14.7254 88.8336 625.115 5013.65 44960.6 443421 
0.0490486 0.0905166 0.276335 1.15454 6.09288 38.7713 288.177 2441.04 23081.6 239278 
0.0235478 0.0606517 0.224948 1.07557 6.27263 43.0954 340.285 3028.7 29889.5 322324 
0.0101872 0.0247861 0.0926 0.454397 2.73864 19.4994 159.879 1482.02 15303.7 173689 
0.0048942 0.01496 0.0644183 0.351067 2.2947 17.3697 148.386 1402.05 14412.9 158993 
0.0021986 0.00647575 0.0281056 0.156579 1.05415 8.27007 73.6823 730.4 7916.02 92374 
0.0010624 0.00368181 0.0177327 0.106673 0.761855 6.25907 57.805 588.718 6498.82 76549 
0.0004873 0.00164078 0.00799652 0.0494626 0.366585 3.14437 30.4205 324.663 3746.66 45942.6 
0.0002321 0.000883933 0.00466809 0.0307389 0.241499 2.20854 23.0076 266.576 3351.83 44751.6 
0.0001139 0.000420434 0.00221449 0.0144295 0.10929 0.931648 8.76646 89.7395 986.507 11504.4 
5.3e-05 0.000214107 0.00121227 0.00849568 0.0693111 0.636235 6.43223 70.4811 825.566 10209.2 
2.32e-05 9.33354e-05 0.000548247 0.00410177 0.0364709 0.368035 4.07625 48.3288 602.095 7776.06 
1.05e-05 4.71818e-05 0.000292509 0.00221083 0.0193371 0.190423 2.06988 24.3783 305.513 4008.4 
5.4e-06 2.52919e-05 0.000165682 0.00138195 0.0136581 0.150869 1.78663 22.0892 280.625 3629 
2.5e-06 1.18916e-05 7.13273e-05 0.000503681 0.00401844 0.0353119 0.335145 3.3754 35.5088 385.108 
1.3e-06 5.30004e-06 2.66361e-05 0.000154749 0.00100208 0.0070249 0.0521268 0.402738 3.2019 25.9751 
7e-07 2.64834e-06 1.32924e-05 7.62922e-05 0.000487013 0.00335388 0.0242578 0.180757 1.37069 10.5 
0 0 0 0 0 0 0 0 0 0 
Per-collision Densities L:
0 0 0 0 0 0 0 0 0 0 0 0 0 0 0 0 0 0 0 0 0 0 0 0 0 0 0 0 0 0 0 0 0 0 0 0 0 0 0 0 0 0 0 0 0 0 0 0 0 0 0 
0.215357 0.176513 0.144868 0.118906 0.0972701 0.0800087 0.0658581 0.0537365 0.0441047 0.0361115 0.0299596 0.0243466 0.0200445 0.016315 0.013582 0.0110368 0.00898042 0.00745128 0.00614989 0.0050495 0.00408899 0.00332038 0.00277498 0.00224422 0.00183467 0.00153066 0.00124786 0.00105192 0.0008282 0.00069589 0.00058883 0.000482275 0.00039592 0.00029997 0.0002525 0.00020503 0.00017473 0.00013332 9.9485e-05 9.393e-05 7.777e-05 6.767e-05 5.05e-05 4.747e-05 4.3935e-05 2.6765e-05 2.3735e-05 2.7775e-05 2.222e-05 1.313e-05 6.7165e-05 
0.00593325 0.00570903 0.00540704 0.00510151 0.004595 0.00412737 0.00379306 0.00334866 0.00302697 0.0026159 0.00225836 0.00193617 0.00170438 0.00150995 0.0013029 0.00110999 0.00094233 0.00084436 0.0006969 0.00060398 0.00051611 0.00044844 0.00038178 0.00032825 0.00026967 0.00022321 0.000189375 0.0001717 0.000146955 0.000116655 9.999e-05 8.0295e-05 6.2115e-05 6.06e-05 5.1005e-05 4.8985e-05 2.828e-05 3.2825e-05 2.4745e-05 2.424e-05 2.1715e-05 1.616e-05 1.2625e-05 9.09e-06 9.595e-06 6.06e-06 8.585e-06 5.05e-06 6.06e-06 4.545e-06 1.818e-05 
0.0146016 0.0159843 0.0162893 0.0159908 0.015354 0.0144334 0.0133966 0.0122362 0.0109307 0.00982629 0.00871378 0.00769822 0.00680942 0.00601556 0.00515151 0.0044738 0.00386628 0.00337643 0.00293355 0.00244774 0.00212807 0.00187254 0.00158823 0.00136098 0.00113726 0.000984245 0.00082012 0.000662055 0.000607515 0.00053833 0.00044036 0.000362085 0.000297445 0.000277245 0.000231795 0.000182305 0.00014645 0.000133825 0.00010706 9.797e-05 7.474e-05 5.959e-05 4.9995e-05 4.8985e-05 4.2925e-05 3.5855e-05 2.727e-05 2.3735e-05 1.717e-05 1.6665e-05 9.494e-05 
0.00106 0.00119281 0.00118978 0.00129078 0.00126301 0.00123069 0.00115847 0.00112868 0.00109888 0.000986265 0.00090597 0.000910515 0.00079588 0.000705485 0.00064842 0.00058075 0.000529745 0.00046864 0.00040804 0.000375215 0.000327745 0.000276235 0.000262095 0.00021513 0.000178265 0.00015352 0.00015958 0.00012928 0.000113625 8.888e-05 8.6355e-05 8.181e-05 6.666e-05 5.858e-05 4.343e-05 4.2925e-05 3.434e-05 3.4845e-05 2.626e-05 2.0705e-05 1.2625e-05 2.02e-05 1.2625e-05 9.09e-06 9.09e-06 8.08e-06 5.555e-06 3.535e-06 3.03e-06 6.565e-06 2.424e-05 
0.00169478 0.0019291 0.00214625 0.00221897 0.00225584 0.00234169 0.00221544 0.00219625 0.00208313 0.00196698 0.00181346 0.00175134 0.00158722 0.00145491 0.00129785 0.0012216 0.00108474 0.000976165 0.000854965 0.00077972 0.000691345 0.00057166 0.000528735 0.00046561 0.0004242 0.000358045 0.00031512 0.000295425 0.000229775 0.00021412 0.00018584 0.00016867 0.000131805 0.000128775 0.00011211 9.5445e-05 7.575e-05 6.262e-05 5.757e-05 5.353e-05 4.949e-05 3.737e-05 3.333e-05 2.323e-05 2.0705e-05 1.8685e-05 1.8685e-05 1.6665e-05 1.1615e-05 1.4645e-05 5.5045e-05 
0.000212605 0.000238865 0.000261085 0.000268155 0.000269165 0.00028179 0.000287345 0.0002929 0.0002828 0.000275225 0.000248965 0.000229775 0.000253005 0.00021816 0.000207555 0.00017675 0.000168165 0.00015958 0.000154025 0.00014645 0.00011413 0.00011413 8.7365e-05 8.787e-05 9.4435e-05 7.373e-05 6.969e-05 5.3025e-05 5.1005e-05 4.6965e-05 3.232e-05 4.04e-05 3.0805e-05 3.03e-05 2.626e-05 2.02e-05 2.121e-05 1.515e-05 1.1615e-05 1.01e-05 7.07e-06 1.01e-05 1.0605e-05 7.575e-06 4.545e-06 4.545e-06 6.565e-06 2.525e-06 5.05e-06 4.545e-06 2.0705e-05 
0.00023735 0.000288355 0.000314615 0.00032421 0.00034239 0.000374205 0.000377235 0.000404 0.00037471 0.000363095 0.00036158 0.000354005 0.000327745 0.000319665 0.00029795 0.000263105 0.000243915 0.000243915 0.000207555 0.00018887 0.00017978 0.000167155 0.000163115 0.000143925 0.000100495 0.000104535 9.7465e-05 8.888e-05 7.0195e-05 6.666e-05 7.07e-05 5.05e-05 5.9085e-05 4.1915e-05 3.535e-05 3.535e-05 2.6765e-05 2.828e-05 2.4745e-05 1.717e-05 2.2725e-05 1.515e-05 1.1615e-05 1.212e-05 1.2625e-05 1.01e-05 8.08e-06 6.06e-06 7.07e-06 2.525e-06 2.626e-05 
4.5955e-05 4.545e-05 4.545e-05 5.959e-05 6.262e-05 5.8075e-05 6.8175e-05 6.5145e-05 6.0095e-05 6.767e-05 7.171e-05 5.9085e-05 6.2115e-05 5.3025e-05 5.353e-05 4.7975e-05 4.444e-05 4.9995e-05 4.1915e-05 3.535e-05 2.929e-05 3.6865e-05 2.9795e-05 3.0805e-05 2.121e-05 3.434e-05 2.4745e-05 2.323e-05 1.616e-05 1.717e-05 1.717e-05 1.0605e-05 1.4645e-05 1.3635e-05 1.212e-05 9.09e-06 9.595e-06 4.04e-06 6.565e-06 5.05e-06 5.555e-06 6.06e-06 4.545e-06 3.03e-06 4.04e-06 3.03e-06 1.515e-06 2.525e-06 1.01e-06 1.515e-06 1.212e-05 
5.05e-05 4.3935e-05 5.151e-05 5.353e-05 6.6155e-05 6.666e-05 6.262e-05 6.868e-05 6.969e-05 6.8175e-05 7.4235e-05 6.565e-05 6.767e-05 5.555e-05 6.06e-05 5.959e-05 4.848e-05 5.151e-05 4.949e-05 4.7975e-05 4.1915e-05 3.8885e-05 3.8885e-05 3.5855e-05 2.6765e-05 3.333e-05 2.7775e-05 2.5755e-05 2.2725e-05 1.717e-05 1.212e-05 1.515e-05 1.515e-05 1.2625e-05 1.111e-05 1.111e-05 9.595e-06 8.08e-06 9.595e-06 7.575e-06 5.555e-06 6.06e-06 5.555e-06 4.04e-06 4.545e-06 3.03e-06 3.03e-06 2.02e-06 3.535e-06 0 1.212e-05 
9.09e-06 6.565e-06 1.4645e-05 1.4645e-05 1.212e-05 8.585e-06 1.414e-05 1.7675e-05 1.8685e-05 1.2625e-05 1.111e-05 1.3635e-05 1.7675e-05 1.515e-05 1.0605e-05 1.616e-05 1.01e-05 8.08e-06 1.2625e-05 1.1615e-05 9.09e-06 1.111e-05 9.09e-06 6.06e-06 5.05e-06 5.555e-06 1.0605e-05 4.545e-06 8.08e-06 4.04e-06 6.565e-06 6.565e-06 6.565e-06 4.04e-06 5.05e-06 4.04e-06 1.515e-06 2.02e-06 2.525e-06 3.03e-06 1.515e-06 2.02e-06 0 5.05e-07 0 2.02e-06 5.05e-07 0 5.05e-07 0 6.06e-06 
1.111e-05 6.06e-06 1.111e-05 1.313e-05 1.313e-05 1.515e-05 1.01e-05 1.9695e-05 1.2625e-05 1.4645e-05 1.6665e-05 1.1615e-05 1.01e-05 1.313e-05 1.4645e-05 8.08e-06 1.01e-05 7.575e-06 8.585e-06 1.313e-05 7.575e-06 1.01e-05 8.08e-06 6.06e-06 8.08e-06 6.565e-06 8.585e-06 1.0605e-05 5.555e-06 4.545e-06 4.545e-06 3.535e-06 3.535e-06 3.535e-06 2.525e-06 6.565e-06 3.03e-06 4.04e-06 3.03e-06 3.535e-06 2.525e-06 2.02e-06 1.01e-06 2.525e-06 2.02e-06 2.02e-06 0 1.01e-06 0 0 3.535e-06 
1.515e-06 2.525e-06 3.03e-06 1.515e-06 5.05e-06 2.525e-06 1.515e-06 5.05e-06 4.04e-06 5.05e-06 6.565e-06 3.03e-06 3.03e-06 3.03e-06 5.05e-06 1.515e-06 3.535e-06 3.535e-06 1.515e-06 2.525e-06 2.02e-06 5.05e-07 1.515e-06 2.525e-06 1.01e-06 1.515e-06 2.525e-06 5.05e-07 1.01e-06 2.02e-06 1.01e-06 1.01e-06 2.525e-06 2.525e-06 5.05e-07 5.05e-07 0 5.05e-07 1.01e-06 0 1.01e-06 1.01e-06 0 0 5.05e-07 0 1.01e-06 0 1.01e-06 0 1.515e-06 
1.515e-06 1.515e-06 3.03e-06 2.02e-06 2.02e-06 2.02e-06 1.515e-06 3.535e-06 2.02e-06 4.04e-06 2.02e-06 2.525e-06 1.515e-06 2.02e-06 1.515e-06 2.525e-06 3.535e-06 2.525e-06 3.03e-06 3.03e-06 2.02e-06 1.01e-06 2.02e-06 5.05e-07 1.515e-06 1.515e-06 1.515e-06 2.02e-06 2.525e-06 0 1.515e-06 5.05e-07 1.01e-06 1.515e-06 2.02e-06 5.05e-07 5.05e-07 0 5.05e-07 5.05e-07 1.515e-06 5.05e-07 5.05e-07 0 5.05e-07 5.05e-07 0 0 0 0 2.02e-06 
5.05e-07 0 5.05e-07 1.01e-06 5.05e-07 5.05e-07 5.05e-07 5.05e-07 1.01e-06 0 5.05e-07 1.01e-06 0 1.01e-06 1.515e-06 5.05e-07 1.01e-06 5.05e-07 0 5.05e-07 5.05e-07 1.01e-06 5.05e-07 5.05e-07 5.05e-07 1.01e-06 5.05e-07 0 1.01e-06 0 0 0 0 5.05e-07 5.05e-07 0 0 0 1.01e-06 5.05e-07 0 0 0 0 5.05e-07 0 0 5.05e-07 5.05e-07 0 0 
0 5.05e-07 0 0 5.05e-07 1.01e-06 5.05e-07 0 0 1.515e-06 5.05e-07 0 5.05e-07 5.05e-07 0 0 0 5.05e-07 5.05e-07 5.05e-07 5.05e-07 5.05e-07 5.05e-07 0 0 5.05e-07 0 5.05e-07 0 5.05e-07 5.05e-07 0 1.515e-06 5.05e-07 0 0 0 0 0 0 0 0 5.05e-07 0 0 5.05e-07 0 0 0 0 5.05e-07 
0 0 0 0 0 0 5.05e-07 5.05e-07 0 0 5.05e-07 0 5.05e-07 1.01e-06 0 0 0 0 5.05e-07 0 0 0 5.05e-07 5.05e-07 0 0 0 0 0 0 0 0 0 0 0 0 0 5.05e-07 0 0 0 0 0 0 0 0 0 0 0 0 5.05e-07 
0 0 0 5.05e-07 0 0 0 0 0 0 0 0 0 5.05e-07 0 0 5.05e-07 0 5.05e-07 5.05e-07 0 0 0 0 5.05e-07 0 0 0 0 0 5.05e-07 0 0 0 0 0 0 0 0 0 0 0 0 0 0 0 0 0 0 0 0 
5.05e-07 0 0 0 0 0 0 0 0 0 0 0 5.05e-07 0 0 0 5.05e-07 0 0 0 0 0 0 0 0 0 0 0 0 0 0 0 0 0 0 0 0 0 0 5.05e-07 0 0 0 0 0 0 0 0 0 0 0 
0 0 0 0 0 0 0 0 0 0 0 0 0 0 0 0 0 0 0 0 0 0 0 0 0 0 0 0 0 0 0 0 0 0 0 0 0 0 0 0 0 0 0 0 0 0 0 0 0 0 0 
Per-collision Densities L:
0.907873 0.74512 0.60974 0.500693 0.410369 0.336845 0.276157 0.22683 0.186068 0.152932 0.125096 0.103426 0.0841613 0.0688744 0.0571009 0.046407 0.0380836 0.0313216 0.0256833 0.0210933 0.0173841 0.0141794 0.0115771 0.00957632 0.00782296 0.00645188 0.00518332 0.00430866 0.00358247 0.00288002 0.00240128 0.00197253 0.00157358 0.00129886 0.00108929 0.00085244 0.00072114 0.000606 0.00047672 0.000370165 0.000317645 0.000260075 0.00020907 0.000183315 0.00014847 0.000120695 0.000103525 8.2315e-05 6.8175e-05 7.3225e-05 0.000250985 
0.00217908 0.00540956 0.00753056 0.00864156 0.00923494 0.00918949 0.00885366 0.00847592 0.007827 0.00718211 0.00657258 0.00578074 0.00515807 0.00457631 0.00400415 0.00354965 0.00311535 0.00271539 0.00235987 0.00202101 0.00173266 0.00148723 0.00133472 0.00113676 0.000957985 0.00083123 0.00068882 0.00061206 0.00051914 0.00041107 0.00035754 0.000306535 0.000261085 0.000220685 0.000161095 0.000156045 0.00014948 0.0001111 9.3425e-05 8.4335e-05 6.4135e-05 6.4135e-05 4.3935e-05 3.6865e-05 3.3835e-05 1.8685e-05 2.424e-05 1.8685e-05 1.717e-05 1.5655e-05 6.565e-05 
0.00982882 0.0247364 0.0337875 0.0391668 0.0411262 0.0412636 0.0401187 0.0380593 0.0353586 0.0324377 0.0292986 0.0263953 0.0235673 0.0209888 0.0187092 0.0161363 0.0141678 0.012369 0.0107111 0.00930766 0.0080093 0.00690234 0.00585447 0.00505909 0.00430513 0.00374912 0.00313151 0.00274771 0.00227301 0.00193213 0.00164529 0.0014236 0.00115443 0.00102212 0.000855975 0.000743865 0.000584285 0.000498435 0.000436825 0.00037774 0.000298455 0.000256035 0.00021917 0.000196445 0.00015958 0.000125745 0.000112615 8.7365e-05 6.8175e-05 6.969e-05 0.000339865 
0.00029593 0.00082618 0.00125392 0.00163267 0.00198718 0.00211949 0.0022826 0.0023932 0.00230432 0.00231947 0.002272 0.00214878 0.00203212 0.00188163 0.0017473 0.00166095 0.00147258 0.001363 0.0012524 0.00111757 0.000992325 0.000908495 0.000812545 0.00072316 0.00062418 0.000567115 0.00047369 0.00040097 0.000388345 0.00033027 0.000272195 0.000240885 0.000205535 0.00018887 0.000153015 0.00013736 0.000128775 0.00011918 0.00011211 9.09e-05 6.8175e-05 5.05e-05 6.0095e-05 4.444e-05 3.0805e-05 2.929e-05 3.3835e-05 2.4745e-05 1.5655e-05 1.414e-05 9.3425e-05 
0.000620645 0.00183315 0.00290729 0.00378548 0.00439855 0.00489901 0.00534139 0.00540502 0.00539391 0.00535098 0.00513232 0.00495759 0.00471973 0.00442784 0.00411626 0.0037567 0.00351026 0.00319211 0.00283002 0.00258964 0.00229977 0.00206141 0.00184022 0.00168115 0.00144178 0.00129583 0.0011307 0.000972125 0.000852945 0.00074033 0.000707505 0.000568125 0.00054641 0.00043935 0.00037067 0.00032017 0.000279265 0.00023634 0.00020402 0.00020503 0.000162105 0.000149985 0.000118675 9.9485e-05 7.979e-05 6.464e-05 6.5145e-05 6.464e-05 4.949e-05 4.4945e-05 0.000213615 
4.545e-05 0.000128775 0.000233815 0.00028684 0.000401475 0.000431775 0.000509545 0.0005252 0.00053934 0.00056863 0.00056459 0.00058479 0.000545905 0.00051712 0.000517625 0.000546915 0.00045147 0.00043026 0.00039087 0.00037067 0.000354005 0.000355015 0.00029593 0.000266135 0.00023937 0.00022018 0.00020806 0.00018786 0.00018281 0.000138875 0.000132815 0.000110595 0.00010807 8.383e-05 8.4335e-05 6.161e-05 6.363e-05 5.9085e-05 5.05e-05 3.232e-05 2.8785e-05 3.4845e-05 2.6765e-05 2.5755e-05 2.02e-05 1.5655e-05 1.616e-05 2.02e-05 1.5655e-05 1.01e-05 6.9185e-05 
6.767e-05 0.000209575 0.00035653 0.00048379 0.000602465 0.00067266 0.00075548 0.000783255 0.000845875 0.000860015 0.000890315 0.000890315 0.000862035 0.000829715 0.00080093 0.00077972 0.000734775 0.00071003 0.00063327 0.000590345 0.00057772 0.000524695 0.00046864 0.00043329 0.000413595 0.00033734 0.000302495 0.00028583 0.000250985 0.000225735 0.00019695 0.000190385 0.000150995 0.000165135 0.00013029 0.000105545 0.00010605 0.00010201 7.7265e-05 6.8175e-05 7.272e-05 5.1005e-05 4.1915e-05 5.151e-05 4.6965e-05 3.333e-05 2.4745e-05 2.121e-05 2.323e-05 1.818e-05 0.00011211 
9.595e-06 3.5855e-05 4.3935e-05 5.1005e-05 8.1305e-05 7.878e-05 0.000101505 0.00010706 0.000117665 0.00012928 0.000128775 0.00012322 0.000144935 0.000123725 0.00012625 0.00012322 0.00012726 0.00010504 9.9485e-05 0.00012322 0.00011312 9.2415e-05 9.3425e-05 8.181e-05 6.8175e-05 7.7265e-05 7.3225e-05 6.2115e-05 5.353e-05 5.2015e-05 4.7975e-05 3.8885e-05 4.2925e-05 3.7875e-05 3.03e-05 2.424e-05 2.323e-05 1.8685e-05 2.3735e-05 1.1615e-05 1.515e-05 1.414e-05 1.4645e-05 9.09e-06 1.212e-05 1.01e-05 6.06e-06 6.565e-06 6.565e-06 4.04e-06 4.1915e-05 
1.6665e-05 3.7875e-05 5.05e-05 6.7165e-05 8.888e-05 0.000100495 0.000110595 0.000142915 0.000126755 0.000146955 0.000154025 0.000163115 0.00015251 0.0001616 0.000155035 0.000164125 0.000138875 0.000147965 0.00013332 0.000140895 0.00012423 0.00011716 0.000106555 0.00010201 8.888e-05 8.787e-05 8.08e-05 7.272e-05 6.666e-05 5.7065e-05 5.2015e-05 5.7065e-05 4.6965e-05 4.949e-05 4.242e-05 3.232e-05 3.03e-05 2.626e-05 2.525e-05 1.818e-05 1.818e-05 1.919e-05 1.919e-05 1.8685e-05 7.575e-06 1.01e-05 7.575e-06 1.3635e-05 1.01e-05 7.575e-06 4.04e-05 
0 2.02e-06 1.0605e-05 1.0605e-05 1.2625e-05 1.919e-05 2.2725e-05 2.828e-05 3.131e-05 2.525e-05 3.03e-05 3.535e-05 2.828e-05 2.828e-05 3.0805e-05 3.03e-05 2.323e-05 2.4745e-05 2.3735e-05 2.6765e-05 3.131e-05 2.727e-05 2.2725e-05 1.8685e-05 2.7775e-05 1.717e-05 2.121e-05 1.616e-05 1.5655e-05 1.4645e-05 1.111e-05 1.01e-05 1.2625e-05 1.2625e-05 7.575e-06 9.09e-06 1.111e-05 8.08e-06 6.565e-06 6.06e-06 7.07e-06 9.09e-06 4.04e-06 2.02e-06 4.545e-06 2.525e-06 3.535e-06 4.545e-06 2.02e-06 2.02e-06 1.4645e-05 
2.02e-06 6.06e-06 9.09e-06 1.313e-05 1.3635e-05 1.7675e-05 2.02e-05 2.0705e-05 2.323e-05 3.1815e-05 2.9795e-05 2.6765e-05 2.626e-05 2.8785e-05 2.929e-05 3.3835e-05 2.727e-05 2.525e-05 2.7775e-05 2.323e-05 2.121e-05 2.1715e-05 1.5655e-05 2.525e-05 2.2725e-05 1.919e-05 1.515e-05 2.121e-05 2.2725e-05 1.616e-05 1.111e-05 1.414e-05 1.212e-05 9.09e-06 1.0605e-05 1.01e-05 9.595e-06 9.09e-06 8.585e-06 7.07e-06 6.06e-06 4.04e-06 4.04e-06 4.04e-06 5.555e-06 6.06e-06 3.03e-06 1.515e-06 2.02e-06 1.515e-06 1.212e-05 
0 5.05e-07 1.515e-06 3.535e-06 3.535e-06 1.515e-06 4.545e-06 3.03e-06 6.565e-06 8.585e-06 9.595e-06 6.06e-06 8.08e-06 1.212e-05 5.555e-06 6.565e-06 9.595e-06 5.05e-06 4.04e-06 5.555e-06 7.07e-06 8.08e-06 4.545e-06 6.565e-06 5.555e-06 4.545e-06 2.525e-06 4.545e-06 1.515e-06 4.545e-06 6.06e-06 4.04e-06 2.525e-06 4.545e-06 3.03e-06 3.535e-06 3.03e-06 5.05e-07 3.03e-06 3.03e-06 2.525e-06 1.01e-06 0 1.515e-06 2.525e-06 1.01e-06 5.05e-07 5.05e-07 0 1.515e-06 5.05e-06 
5.05e-07 2.02e-06 1.515e-06 2.525e-06 2.02e-06 4.545e-06 2.02e-06 4.04e-06 5.05e-06 7.07e-06 3.535e-06 4.545e-06 6.565e-06 7.575e-06 7.575e-06 5.05e-06 4.545e-06 4.545e-06 5.555e-06 5.05e-06 7.07e-06 3.03e-06 3.03e-06 6.06e-06 5.555e-06 3.535e-06 2.02e-06 4.04e-06 3.03e-06 4.04e-06 3.03e-06 3.03e-06 3.03e-06 3.03e-06 3.535e-06 4.04e-06 1.01e-06 3.03e-06 3.03e-06 1.01e-06 2.525e-06 5.05e-07 1.01e-06 2.02e-06 5.05e-07 1.01e-06 2.02e-06 1.515e-06 5.05e-07 0 5.05e-06 
0 0 5.05e-07 5.05e-07 5.05e-07 0 1.515e-06 0 3.03e-06 1.01e-06 5.05e-07 2.525e-06 1.01e-06 2.02e-06 2.02e-06 1.515e-06 1.515e-06 5.05e-07 1.515e-06 5.05e-07 0 3.03e-06 1.01e-06 0 1.01e-06 1.515e-06 5.05e-07 1.01e-06 5.05e-07 5.05e-07 5.05e-07 1.515e-06 0 0 0 1.01e-06 5.05e-07 5.05e-07 5.05e-07 5.05e-07 0 1.01e-06 5.05e-07 5.05e-07 0 0 5.05e-07 0 5.05e-07 1.01e-06 2.02e-06 
0 5.05e-07 0 0 5.05e-07 1.01e-06 1.01e-06 5.05e-07 1.515e-06 5.05e-07 1.01e-06 0 1.01e-06 2.02e-06 1.01e-06 5.05e-07 5.05e-07 1.01e-06 5.05e-07 5.05e-07 0 5.05e-07 2.02e-06 1.515e-06 5.05e-07 5.05e-07 5.05e-07 5.05e-07 0 1.01e-06 0 2.02e-06 5.05e-07 1.01e-06 5.05e-07 5.05e-07 0 1.515e-06 5.05e-07 0 0 5.05e-07 0 0 1.515e-06 5.05e-07 5.05e-07 0 0 5.05e-07 1.01e-06 
0 0 0 0 0 0 0 5.05e-07 0 5.05e-07 0 5.05e-07 0 5.05e-07 1.515e-06 0 1.01e-06 5.05e-07 5.05e-07 0 5.05e-07 5.05e-07 5.05e-07 1.515e-06 0 0 0 5.05e-07 0 5.05e-07 0 0 5.05e-07 5.05e-07 0 0 0 0 0 1.01e-06 0 0 0 0 0 0 0 0 0 0 1.515e-06 
0 0 0 0 0 0 0 5.05e-07 0 0 0 0 0 0 0 0 0 5.05e-07 5.05e-07 5.05e-07 5.05e-07 5.05e-07 0 5.05e-07 0 0 0 0 0 0 0 0 0 0 2.02e-06 1.01e-06 0 0 5.05e-07 0 0 0 0 0 0 0 0 0 0 0 0 
0 0 0 0 0 0 0 0 0 0 0 5.05e-07 0 5.05e-07 0 5.05e-07 0 0 0 0 0 0 0 0 0 0 5.05e-07 0 0 0 5.05e-07 0 0 0 0 0 0 0 0 0 0 0 5.05e-07 0 0 0 0 0 0 0 0 
0 0 0 0 0 0 0 0 0 0 0 0 0 0 0 0 0 0 0 5.05e-07 0 5.05e-07 0 0 5.05e-07 0 0 0 0 0 0 0 0 0 0 0 0 0 0 0 0 0 0 0 0 0 0 0 0 0 0 
0 0 0 0 0 0 0 0 0 0 0 0 0 0 0 0 0 0 0 0 0 0 0 0 0 0 0 0 0 0 0 0 0 0 0 0 0 0 0 0 0 0 0 0 0 0 0 0 0 0 0 
