Half rod, albedo problem, Anisotropic scattering, exponential random flight, mu_t: 1 g: -0.1
Analogmu_t c: 0.999 maxx: 10 dx: 0.19802 numsamples: 1000000 numCollisionOrders: 20 numMoments: 10
total albedo: 0.941932
per-collision order albedos: 
0 0.274824 0.123812 0.076155 0.052915 0.039863 0.030715 0.025193 0.020853 0.017671 0.015293 0.013464 0.011638 0.010522 0.009248 0.008611 0.007654 0.007155 0.006497 0.006075 
Collision density L:
0.937078 0.932695 0.928968 0.92014 0.916136 0.908328 0.902869 0.893289 0.888229 0.882134 0.87622 0.871125 0.863434 0.860742 0.853268 0.84895 0.843709 0.833139 0.830962 0.825094 0.821842 0.813914 0.808338 0.805526 0.802677 0.798375 0.78932 0.783543 0.781099 0.776023 0.768433 0.76355 0.759565 0.75395 0.750879 0.747031 0.741234 0.734684 0.723413 0.72413 0.717206 0.714222 0.70754 0.701294 0.701728 0.69132 0.69335 0.687209 0.682982 0.675564 102.98 
Collision density R:
0.99886 0.992684 0.980346 0.978953 0.973423 0.965146 0.957733 0.952879 0.944577 0.938032 0.932215 0.926175 0.919353 0.910692 0.904935 0.90039 0.892911 0.888628 0.885916 0.87671 0.868797 0.867944 0.861283 0.856409 0.848536 0.844597 0.84233 0.836916 0.828311 0.821297 0.81761 0.812994 0.806667 0.800849 0.794991 0.794562 0.787376 0.780654 0.771898 0.769267 0.762318 0.759086 0.75347 0.74786 0.744769 0.737825 0.736856 0.729437 0.727079 0.721958 109.396 
Density Moments:
58.4095 1769.91 107683 9.81381e+06 1.1795e+09 1.73183e+11 2.94791e+13 5.60428e+15 1.15862e+18 2.55598e+20 
Per-collision Density Moments:
1 0.998978 1.99674 5.99884 24.1351 122.255 751.332 5468.35 46260.1 446426 
0.724191 1.17337 3.24745 12.4636 60.8912 361.023 2520.69 20312.9 186210 1.91823e+06 
0.599674 1.27783 4.31928 19.4767 108.916 724.477 5576.44 48685.1 474533 5.09452e+06 
0.522938 1.34324 5.25949 26.8521 167.333 1225.27 10275.6 96823.3 1.00934e+06 1.1489e+07 
0.469535 1.38706 6.09271 34.3695 234.116 1858.92 16804.9 169995 1.89799e+06 2.31203e+07 
0.429224 1.42002 6.85788 42.0725 309.257 2633.31 25392.6 272677 3.21757e+06 4.12522e+07 
0.398093 1.44586 7.56352 49.8539 391.268 3538.47 36067.4 407566 5.03877e+06 6.74039e+07 
0.372529 1.466 8.22648 57.8297 482.091 4617.17 49719.1 592125 7.69298e+06 1.07734e+08 
0.351299 1.48298 8.85624 65.9034 578.725 5809.23 65218.3 805396 1.07935e+07 1.55198e+08 
0.333244 1.49586 9.43783 73.8779 679.836 7124.52 83202.1 1.06531e+06 1.47627e+07 2.19071e+08 
0.31763 1.50772 9.99846 81.9571 787.249 8585.12 103984 1.37583e+06 1.96226e+07 2.98373e+08 
0.303852 1.51668 10.5201 89.9551 900.065 10217.4 128824 1.77568e+06 2.64289e+07 4.20597e+08 
0.291931 1.52585 11.0278 97.9369 1015.24 11919.6 155280 2.2104e+06 3.39623e+07 5.5747e+08 
0.281089 1.53408 11.5347 106.352 1142.9 13896.2 187332 2.75761e+06 4.37836e+07 7.42005e+08 
0.271562 1.53908 11.9844 114.271 1268.45 15910 220893 3.34188e+06 5.43928e+07 9.4216e+08 
0.262699 1.54532 12.4511 122.595 1403.13 18130 259280 4.04334e+06 6.79335e+07 1.21726e+09 
0.25476 1.55063 12.9008 131.037 1546.31 20594.6 303593 4.88227e+06 8.46628e+07 1.56753e+09 
0.247342 1.55486 13.3258 139.222 1687.94 23076.6 348914 5.7502e+06 1.02087e+08 1.93311e+09 
0.240595 1.55871 13.7445 147.549 1836.18 25746.6 399132 6.74653e+06 1.22995e+08 2.39679e+09 
0 0 0 0 0 0 0 0 0 0 
Per-collision Densities L:
0 0 0 0 0 0 0 0 0 0 0 0 0 0 0 0 0 0 0 0 0 0 0 0 0 0 0 0 0 0 0 0 0 0 0 0 0 0 0 0 0 0 0 0 0 0 0 0 0 0 0 
0.248879 0.204934 0.169311 0.13682 0.11363 0.0917585 0.0757652 0.0629533 0.0504344 0.0427887 0.0341683 0.0284618 0.0237249 0.0187355 0.0150137 0.0121655 0.0106252 0.00826685 0.0070801 0.00550955 0.0047672 0.00399455 0.00311585 0.00265125 0.00209575 0.00168165 0.0014948 0.001313 0.0011716 0.00085345 0.00058075 0.00047975 0.0004343 0.00038885 0.0003333 0.0002626 0.00022725 0.0001919 0.0001111 0.0001111 0.0001111 9.595e-05 4.04e-05 4.04e-05 1.515e-05 2.525e-05 1.515e-05 1.515e-05 2.02e-05 1.01e-05 9.09e-05 
0.123271 0.119518 0.111423 0.105383 0.0964904 0.0871832 0.0779064 0.0699324 0.0613929 0.0548481 0.0476518 0.0416777 0.0358197 0.0312545 0.0265277 0.0236694 0.0195587 0.0170589 0.0151601 0.0130492 0.0111151 0.0089688 0.0080295 0.00649935 0.00584285 0.0047874 0.00399455 0.0034542 0.00278255 0.00243915 0.00208565 0.00170185 0.00150995 0.00120695 0.00098475 0.00095445 0.00070195 0.0005858 0.00061105 0.00053025 0.00048985 0.00025755 0.00024745 0.0002121 0.00015655 0.0001313 0.00016665 0.000101 0.00011615 9.09e-05 0.00045955 
0.0772297 0.0789164 0.0800324 0.0784265 0.0752905 0.0723059 0.0685235 0.0631755 0.0590143 0.0547067 0.049485 0.0446168 0.0403293 0.0361429 0.0331634 0.0293102 0.0261843 0.0235532 0.0205838 0.0181043 0.0163065 0.0143067 0.0122059 0.0108727 0.0092819 0.00813555 0.0070397 0.00657005 0.005454 0.0046056 0.0039087 0.00343905 0.00291385 0.00242905 0.0022927 0.00198465 0.0016261 0.00146955 0.0011716 0.0010201 0.00091405 0.00071205 0.0005858 0.00058075 0.00044945 0.00033835 0.00027775 0.0002727 0.00022725 0.00017675 0.0011514 
0.0541764 0.0581609 0.0586406 0.0595547 0.0589133 0.0581003 0.0572771 0.0549188 0.0527321 0.0481669 0.047263 0.0432886 0.0396981 0.0380013 0.034941 0.0312999 0.0290426 0.0268812 0.0242804 0.0213767 0.0199021 0.017367 0.0161499 0.0144784 0.0125796 0.011312 0.0098071 0.00854965 0.0079285 0.0071508 0.0057469 0.00535805 0.00462075 0.0038986 0.00367135 0.00293405 0.0028785 0.00241895 0.0020604 0.0018382 0.00154025 0.0013231 0.0012625 0.0009292 0.00090395 0.00069185 0.0006464 0.0005656 0.0004747 0.00041915 0.00269165 
0.0404707 0.0439249 0.0455308 0.0467378 0.0472933 0.0478336 0.0466519 0.0458894 0.0446067 0.043127 0.0419453 0.0395466 0.0382285 0.0360368 0.0340774 0.0325422 0.0299263 0.027972 0.0257752 0.0238562 0.0216393 0.0198516 0.0179932 0.0165842 0.0148723 0.0137562 0.0125341 0.0108222 0.00979195 0.00874155 0.007575 0.0068276 0.0065852 0.00559035 0.005151 0.004646 0.00428745 0.00385315 0.00307545 0.0028179 0.00219675 0.00227755 0.00179275 0.00172205 0.0012726 0.00142915 0.0009898 0.00095445 0.00080295 0.0007171 0.00489345 
0.0323655 0.034537 0.0357187 0.0380316 0.0387083 0.0389052 0.0391628 0.0390012 0.0387436 0.037971 0.0368196 0.0366479 0.0354763 0.0348046 0.0321938 0.0303505 0.0297647 0.0274266 0.0255985 0.0239673 0.0220483 0.0207656 0.0194829 0.0183618 0.0161903 0.0154025 0.0135946 0.0128674 0.0113928 0.0106707 0.0096152 0.0083325 0.00780225 0.00706495 0.00638825 0.0056358 0.00529745 0.00496415 0.0040804 0.0037976 0.0031108 0.00305525 0.00273205 0.0021715 0.00207555 0.00175235 0.0015857 0.0014645 0.00130795 0.0011817 0.007777 
0.0261287 0.0278457 0.0303152 0.0313959 0.0319514 0.0324362 0.033734 0.0331179 0.0339108 0.0331886 0.0327089 0.0321382 0.0319564 0.0307545 0.0301081 0.0287143 0.027972 0.0264166 0.0247147 0.024033 0.0223008 0.0206848 0.0199122 0.0183972 0.0174427 0.0156752 0.0148874 0.0136451 0.0127715 0.0119837 0.0107464 0.00991315 0.0089486 0.00793355 0.00784265 0.00697405 0.0062014 0.0056964 0.00519645 0.00485305 0.00423695 0.0038481 0.0035754 0.0028785 0.00283305 0.00235835 0.0021816 0.00189375 0.0016968 0.00148975 0.0117413 
0.0217403 0.0237552 0.0251642 0.0261085 0.0271387 0.0283204 0.029391 0.0288103 0.029184 0.0287194 0.0292446 0.0294769 0.0286234 0.0285527 0.027573 0.02676 0.0258914 0.0253056 0.0242299 0.0227452 0.0222907 0.0204828 0.0199273 0.0188214 0.0175336 0.0157611 0.0149985 0.0143521 0.0132411 0.012322 0.0112918 0.0107767 0.0099283 0.00941825 0.00813555 0.00803455 0.00709525 0.0065246 0.005959 0.0057065 0.0049288 0.0045955 0.0041713 0.00362085 0.00331785 0.003232 0.0027371 0.00245935 0.00222705 0.00198465 0.0166448 
0.0183921 0.0195637 0.0219928 0.0229321 0.0236946 0.0242804 0.0258863 0.025548 0.0262499 0.0260176 0.0258459 0.0261388 0.0248814 0.0256086 0.0251339 0.0247652 0.0239926 0.0232957 0.0230179 0.0221493 0.0214474 0.0199021 0.0195233 0.0187456 0.017367 0.0166347 0.0156247 0.0151803 0.0139128 0.0128018 0.0122412 0.011514 0.0106 0.0099788 0.0095041 0.0085648 0.0081406 0.0070195 0.00657005 0.00623675 0.0057368 0.0057065 0.0049086 0.00425715 0.00386325 0.00363095 0.0032219 0.0028381 0.0028078 0.002424 0.0226594 
0.0159075 0.0168973 0.0190234 0.0192708 0.0207202 0.0215787 0.0223614 0.0223917 0.0235734 0.0232199 0.0228816 0.023432 0.0235886 0.0232502 0.0230785 0.0227705 0.0224725 0.0223362 0.0215686 0.0204071 0.0199576 0.019493 0.0182356 0.0178871 0.0169983 0.0164479 0.015958 0.0146753 0.0142814 0.013433 0.0125644 0.0116857 0.0112716 0.0102364 0.0101707 0.0090799 0.0085244 0.0079487 0.0074538 0.0068781 0.00626705 0.00607515 0.00525705 0.00467125 0.0046763 0.00408545 0.0036259 0.00366125 0.00324715 0.00299465 0.0285426 
0.0134734 0.0154884 0.0165943 0.0172458 0.0179275 0.018584 0.019897 0.0203263 0.0204576 0.0207 0.020705 0.021412 0.0212201 0.0210282 0.0215686 0.02121 0.0209272 0.0209121 0.0202202 0.0196698 0.018685 0.018685 0.0180235 0.0177811 0.0166297 0.0164731 0.015347 0.014741 0.0142057 0.0139027 0.0125998 0.0124735 0.0118877 0.0110494 0.0102616 0.00973135 0.008686 0.0084638 0.0077366 0.00705485 0.00693365 0.00637815 0.0057772 0.0053934 0.00529745 0.0047369 0.0045248 0.0041814 0.00367135 0.00338855 0.0351379 
0.0124331 0.0135189 0.0147915 0.0147107 0.0158368 0.0168519 0.0170943 0.0183517 0.0185133 0.0185689 0.019998 0.0201243 0.0197556 0.019392 0.0196597 0.0203263 0.0191395 0.0188416 0.0187153 0.0186699 0.0183113 0.017372 0.0170387 0.0165741 0.0159681 0.0156298 0.0152712 0.0148571 0.014241 0.0134886 0.0127462 0.0120695 0.0112666 0.0106 0.0105646 0.00981215 0.0095041 0.008686 0.0082517 0.00776185 0.00741845 0.00696395 0.0061105 0.0056358 0.005656 0.00496415 0.0049591 0.0045753 0.0037673 0.00404 0.0418039 
0.011004 0.0115544 0.0126048 0.0129684 0.0149581 0.015352 0.0159227 0.0165691 0.0170842 0.0174781 0.0173367 0.0181598 0.0175387 0.0179982 0.0180437 0.0177659 0.0179831 0.0180487 0.0176498 0.0174276 0.0169024 0.0166448 0.0163368 0.015953 0.0158318 0.0152712 0.014438 0.014342 0.0137714 0.013125 0.0130139 0.0122715 0.0117716 0.011105 0.0104434 0.0102616 0.00933745 0.0086759 0.0087062 0.0078679 0.0074942 0.0071407 0.0066963 0.0062923 0.0059085 0.0054338 0.00521665 0.0051106 0.0045551 0.0043834 0.0477175 
0.0097667 0.0107212 0.0118221 0.0125897 0.0132007 0.0137663 0.0144481 0.0141602 0.0148218 0.0157914 0.0160641 0.0165186 0.0167408 0.0167963 0.016968 0.0172559 0.0167256 0.0160287 0.016564 0.0167913 0.0159075 0.0158469 0.0157914 0.015251 0.0150238 0.0152207 0.0145592 0.0138825 0.0137663 0.0129381 0.0122867 0.0117968 0.0118877 0.010903 0.0105747 0.0103828 0.0096253 0.0092819 0.0084133 0.00832745 0.0078376 0.00743865 0.0072821 0.00698415 0.006464 0.0059994 0.0056762 0.00529745 0.0050399 0.0044036 0.0546915 
0.0090294 0.00952935 0.0106454 0.0112312 0.0118928 0.0125493 0.0130492 0.0137865 0.0139936 0.0145794 0.0148672 0.0149531 0.0155641 0.0155389 0.0152106 0.0159126 0.0154379 0.0156146 0.0149985 0.0156803 0.0155338 0.0152409 0.0151197 0.0148167 0.0141552 0.0138572 0.0136603 0.0137209 0.0131401 0.0130189 0.011918 0.0121655 0.0109636 0.0112868 0.0102667 0.0104687 0.00982225 0.00889305 0.00851935 0.00865065 0.00833755 0.00734775 0.0072518 0.00663065 0.00637815 0.00569135 0.00561055 0.00543885 0.0053934 0.0046662 0.0619787 
0.00803455 0.00876175 0.00955965 0.0103121 0.0110343 0.0113979 0.0121402 0.0124685 0.0127765 0.0135795 0.0134734 0.0137259 0.0146753 0.0145238 0.0150288 0.0146046 0.0148773 0.0147814 0.0144127 0.0151096 0.0141754 0.0144228 0.013938 0.0138572 0.0140794 0.0137562 0.0132512 0.01313 0.0122816 0.0126099 0.0117918 0.0117817 0.0108828 0.0108222 0.0103727 0.0101455 0.00989295 0.0092011 0.0089284 0.0084234 0.00800425 0.00725685 0.00761035 0.00700435 0.00713565 0.00612565 0.0058984 0.00591355 0.0056257 0.0051813 0.0672105 
0.0072215 0.0082113 0.00881225 0.00954955 0.0099485 0.0103121 0.0112868 0.0114888 0.0116605 0.0124079 0.0131856 0.0131502 0.0132462 0.013433 0.0137512 0.0139683 0.0137007 0.0132866 0.0133421 0.0141501 0.0139784 0.0136805 0.0136502 0.0135441 0.013125 0.0126705 0.0129886 0.0124533 0.0118978 0.0119887 0.0117463 0.0116706 0.0108828 0.0106656 0.0106101 0.0096455 0.00962025 0.00925665 0.00900415 0.00874155 0.00815575 0.0076558 0.00724675 0.0072518 0.00691345 0.00649935 0.00621655 0.0057267 0.00569135 0.0052419 0.0749824 
0.0069892 0.00752955 0.00797395 0.00861025 0.0093122 0.0101606 0.0102414 0.0108525 0.010903 0.0120089 0.011913 0.0119988 0.0123675 0.0126604 0.0123018 0.0130846 0.0127109 0.0125796 0.0128119 0.0134027 0.0133219 0.0131149 0.0130644 0.01262 0.01262 0.012221 0.0119887 0.0122867 0.0119231 0.0116605 0.0111555 0.0109989 0.010701 0.0103424 0.00993335 0.0098778 0.0097667 0.00906475 0.00887285 0.00825675 0.00809515 0.0077467 0.0074033 0.00711545 0.00678215 0.0064438 0.0064842 0.00576205 0.00587315 0.00542875 0.0805273 
0 0 0 0 0 0 0 0 0 0 0 0 0 0 0 0 0 0 0 0 0 0 0 0 0 0 0 0 0 0 0 0 0 0 0 0 0 0 0 0 0 0 0 0 0 0 0 0 0 0 0 
Per-collision Densities L:
0.908616 0.745446 0.607459 0.500511 0.413014 0.337481 0.27678 0.226306 0.186012 0.15302 0.125063 0.10303 0.0840775 0.0695183 0.0566358 0.0459904 0.0381528 0.0308454 0.0255126 0.0211494 0.0170842 0.0137562 0.0116504 0.0094435 0.00761035 0.00660035 0.00505 0.0042117 0.00358045 0.0028684 0.0022422 0.0019392 0.00173215 0.00141905 0.00109585 0.00094435 0.0007474 0.00062115 0.00054035 0.0004141 0.0003232 0.000303 0.00020705 0.00014645 0.00016665 6.565e-05 9.595e-05 0.00010605 8.585e-05 6.565e-05 0.0002626 
0.0395264 0.0987881 0.133578 0.154818 0.164761 0.163812 0.159075 0.151909 0.139956 0.129002 0.117488 0.104788 0.0934957 0.0832695 0.0734472 0.0645946 0.0558379 0.0481164 0.041814 0.0363045 0.0316787 0.0269923 0.0234421 0.0202657 0.0169529 0.0143925 0.0128472 0.0104535 0.00888295 0.0073528 0.00648925 0.0054035 0.00498435 0.0038986 0.0033027 0.002828 0.00228765 0.00188365 0.00174225 0.0013332 0.00108575 0.00118675 0.00083325 0.0007272 0.0006868 0.0004545 0.00035855 0.000404 0.00026765 0.0002525 0.00134835 
0.0144632 0.0391274 0.0608273 0.077063 0.0869964 0.0938644 0.09898 0.101056 0.100606 0.0985861 0.0939199 0.0886023 0.0828099 0.0777448 0.0708313 0.0651602 0.0598627 0.054636 0.0480457 0.0432179 0.0390365 0.0357793 0.0313908 0.0272953 0.0243612 0.0213514 0.0188012 0.0169327 0.0143622 0.0131199 0.0110242 0.009494 0.0082517 0.00706495 0.0062216 0.0054035 0.0045551 0.0037875 0.00337845 0.0030704 0.00268155 0.0020806 0.0016665 0.0016867 0.00149985 0.0010807 0.00100495 0.00087365 0.0006363 0.00052015 0.00355015 
0.0065852 0.0200536 0.0314464 0.0431169 0.052111 0.059186 0.063731 0.0674175 0.0707 0.0717403 0.0719272 0.0704526 0.0671347 0.0658571 0.062317 0.0599486 0.0560197 0.0519645 0.0489143 0.0450258 0.0420211 0.0377286 0.0348551 0.0315373 0.0286083 0.0259116 0.0237855 0.0210686 0.018584 0.0168721 0.0148369 0.0130139 0.0115393 0.0098374 0.00945865 0.00839815 0.00704475 0.00635795 0.00548935 0.00462075 0.0041309 0.0036562 0.0032926 0.0027674 0.0023937 0.00201495 0.0018988 0.0015655 0.00137865 0.00121705 0.00748915 
0.0040804 0.0126503 0.0199374 0.0279215 0.033835 0.0397789 0.0444552 0.0493991 0.0507677 0.0526968 0.0541815 0.0547269 0.0557773 0.0535704 0.0528382 0.0511414 0.0494698 0.0476316 0.0453137 0.0425715 0.0402283 0.0386174 0.0357237 0.0327644 0.0298506 0.0281386 0.0258207 0.0233613 0.0213868 0.0193415 0.0177255 0.0162358 0.0142562 0.0126654 0.0119837 0.0105949 0.009494 0.0085648 0.0073629 0.0064438 0.00579235 0.00539845 0.00455005 0.0042723 0.0036259 0.0032421 0.0026967 0.00248965 0.00219675 0.0020705 0.0127008 
0.0030502 0.008686 0.0139835 0.0193617 0.024235 0.0292193 0.0321837 0.0358348 0.0388648 0.0404455 0.0424503 0.0435361 0.0440966 0.0444148 0.0448036 0.044738 0.0428947 0.0428139 0.0408949 0.0392082 0.0377134 0.0356177 0.0330977 0.0324715 0.0303859 0.0287093 0.0268812 0.0242249 0.0227957 0.0210131 0.019291 0.0177962 0.0164883 0.014539 0.0136855 0.0125392 0.0112363 0.0101909 0.0092314 0.00808505 0.00724675 0.0065145 0.0061509 0.0053934 0.0045551 0.00449955 0.00410565 0.0032421 0.0033633 0.00272195 0.0200637 
0.002121 0.0064943 0.0105545 0.0147713 0.0178568 0.0219827 0.025649 0.0276134 0.0304768 0.0324059 0.0344713 0.035143 0.0362944 0.0376326 0.0369408 0.0380063 0.0377033 0.0368398 0.0367186 0.0355773 0.0346329 0.0331886 0.0321988 0.0300728 0.0287446 0.0284467 0.0264267 0.0251844 0.0225382 0.021412 0.0200435 0.0190183 0.0172862 0.0159732 0.0152813 0.0134381 0.0128068 0.0118827 0.0105697 0.00984245 0.00873145 0.00834765 0.00718615 0.00700435 0.0058378 0.0054944 0.0046864 0.00459045 0.00389355 0.0034138 0.02878 
0.00161095 0.00491365 0.0084537 0.0116807 0.0143319 0.0181245 0.0196395 0.0227907 0.0250329 0.0262297 0.0274215 0.0294314 0.0309616 0.0311737 0.0317948 0.0328402 0.0334058 0.032522 0.0324766 0.0318352 0.0319059 0.0298506 0.0299314 0.0292799 0.0275225 0.0262701 0.025346 0.0242804 0.0228765 0.0218968 0.0203465 0.0195183 0.0173013 0.016963 0.01565 0.0147864 0.0136401 0.0129028 0.0116807 0.0109636 0.009797 0.0088375 0.00868095 0.0075851 0.00707505 0.00669125 0.00582265 0.00523685 0.00467125 0.0043733 0.0386376 
0.001313 0.00388345 0.00690335 0.00926675 0.0119382 0.0140138 0.016362 0.0184123 0.0211545 0.0226089 0.0233159 0.0251743 0.0259873 0.0266893 0.0272902 0.0280174 0.0287547 0.0289416 0.0287598 0.028477 0.0280932 0.027068 0.0276084 0.0269418 0.0259772 0.0248309 0.0240835 0.0233714 0.0222907 0.0216039 0.0203212 0.0191395 0.0185537 0.0169983 0.0163216 0.0157611 0.0144632 0.0133068 0.0123826 0.011716 0.0105495 0.0100243 0.0093829 0.00841835 0.0080194 0.0075649 0.0068983 0.00624685 0.00556005 0.0053227 0.0487224 
0.00121705 0.00340875 0.005757 0.0078073 0.0101101 0.0116554 0.014135 0.0156247 0.0170842 0.0185941 0.0200536 0.0211848 0.0225685 0.0236138 0.0240431 0.0244521 0.0251541 0.025851 0.0258964 0.025245 0.0254621 0.0252096 0.0251945 0.0248208 0.0239623 0.0235684 0.0227755 0.0219069 0.0213363 0.0201344 0.0195637 0.018786 0.0179376 0.0173114 0.0160388 0.015251 0.0148874 0.013837 0.0132462 0.0116605 0.010908 0.010903 0.0097465 0.0093324 0.00861025 0.0080295 0.00733765 0.00686295 0.00639835 0.00585295 0.0596052 
0.0009393 0.00289365 0.0048884 0.00677205 0.00828705 0.0103828 0.0118726 0.0135138 0.0147763 0.0163772 0.0176447 0.0189628 0.0190133 0.0200132 0.0210939 0.0218564 0.0224473 0.0224978 0.0229472 0.0235583 0.0228058 0.0232199 0.0232502 0.0232098 0.0226846 0.0220382 0.0214171 0.0213262 0.0202455 0.0194476 0.0184022 0.0183265 0.017367 0.0173114 0.0160338 0.0154328 0.014847 0.0138673 0.0130189 0.0122867 0.0117766 0.0112615 0.0102364 0.0097566 0.00911525 0.00873145 0.00791335 0.00746895 0.006868 0.0061913 0.0704223 
0.00078275 0.00255025 0.00427735 0.0056459 0.00740835 0.00894355 0.0100344 0.011711 0.013332 0.0141451 0.0148773 0.0167812 0.0171094 0.0177053 0.018483 0.0195385 0.0191395 0.0200637 0.0209171 0.0213413 0.0211494 0.0216342 0.0210434 0.0206596 0.0209121 0.0205283 0.0201899 0.0203869 0.0191294 0.0186497 0.0180841 0.0171801 0.0171246 0.0164075 0.015549 0.0152157 0.0145188 0.0138522 0.013332 0.0123927 0.011615 0.0113878 0.0109737 0.00978185 0.0093122 0.0091203 0.0080295 0.0076457 0.00738815 0.00709525 0.0799718 
0.00059085 0.00199475 0.0035552 0.0051409 0.0065246 0.0077467 0.009292 0.0100091 0.0109636 0.0126503 0.0136401 0.0140542 0.0155843 0.0158368 0.0171347 0.0167256 0.0179982 0.0182507 0.0187355 0.019392 0.0190991 0.0196496 0.0192809 0.0194021 0.0183416 0.0194577 0.0191042 0.0187103 0.0185386 0.0179831 0.0177255 0.017266 0.0168266 0.0156651 0.0151197 0.0152359 0.0146602 0.0137512 0.0128321 0.012726 0.0119988 0.0119584 0.0107515 0.0104485 0.00980205 0.00920615 0.00846885 0.00831735 0.0077265 0.0071609 0.0900163 
0.0006868 0.00197455 0.00315625 0.0042622 0.00556005 0.0068781 0.0078982 0.009393 0.0104232 0.0110949 0.0117362 0.0128321 0.0137158 0.0143925 0.0153066 0.0157257 0.0165438 0.0174478 0.0171902 0.0170741 0.0174882 0.0175841 0.0175387 0.0178063 0.0178114 0.0171498 0.017064 0.0178316 0.0172761 0.0173973 0.0166903 0.0163873 0.016054 0.0153369 0.014948 0.0149531 0.0140037 0.0135997 0.0133775 0.0124685 0.0118877 0.0111504 0.011004 0.0104586 0.0100647 0.0096657 0.00924655 0.0086355 0.00816585 0.0072821 0.100414 
0.0005959 0.0015958 0.00282295 0.0037673 0.00491365 0.0060398 0.00713565 0.00818605 0.00937785 0.0102515 0.0115039 0.0119685 0.01262 0.0130088 0.0141703 0.0147309 0.0143723 0.0150339 0.0155288 0.0161196 0.0159934 0.0166347 0.0166145 0.0163317 0.0164479 0.0165287 0.0162913 0.0165135 0.0161752 0.0160893 0.0158368 0.0152409 0.0154429 0.0148117 0.0145339 0.0140542 0.0136047 0.0128624 0.0126957 0.0122059 0.0119231 0.0114433 0.0109989 0.0105545 0.00976165 0.00943845 0.0091708 0.0085345 0.00800425 0.0076457 0.108939 
0.0005454 0.0014645 0.0024644 0.00365115 0.00449955 0.0055146 0.00659025 0.00724675 0.00791335 0.0090799 0.0094839 0.0107161 0.0114635 0.0122715 0.012625 0.013332 0.0134886 0.0140542 0.0148773 0.0149228 0.0153419 0.0148975 0.0148622 0.0156348 0.0152106 0.0153066 0.0153874 0.0154227 0.0155692 0.0155692 0.0148521 0.0150086 0.0138118 0.0142562 0.0140491 0.0139128 0.0131654 0.0124836 0.0126301 0.011716 0.0116908 0.0112969 0.0109636 0.0104485 0.0102616 0.00989295 0.00901425 0.00883245 0.0080497 0.00837795 0.118503 
0.00047975 0.0014544 0.00230785 0.0033229 0.00426725 0.00498435 0.00591355 0.00651955 0.00763055 0.0081406 0.0091001 0.00962025 0.0102111 0.0107515 0.0112918 0.0117867 0.0129482 0.012625 0.01363 0.0135997 0.0137815 0.0141653 0.0140643 0.0145945 0.0141198 0.0147208 0.014236 0.0148622 0.0144986 0.0141602 0.0147511 0.013731 0.0142966 0.0138067 0.0129886 0.0134734 0.0131502 0.0121907 0.0116504 0.0119534 0.0114635 0.0110949 0.0104687 0.0105192 0.00998385 0.00916575 0.00909 0.00868095 0.0087668 0.0079588 0.127578 
0.00036865 0.0013534 0.00213615 0.0031916 0.00371175 0.00425715 0.0053429 0.0060095 0.00685285 0.0074033 0.0086355 0.0088577 0.0096758 0.0099182 0.0107262 0.0108626 0.0115241 0.0117362 0.0125594 0.012423 0.0126604 0.0129331 0.0139279 0.0138017 0.0132714 0.013332 0.0137158 0.0142562 0.0135088 0.0134482 0.0140643 0.0132209 0.0130997 0.0126907 0.0127866 0.0126654 0.0125998 0.0124281 0.0117514 0.0110999 0.0112514 0.0108878 0.0105545 0.00972125 0.0100445 0.00970105 0.0092213 0.00849915 0.00841835 0.00800425 0.134451 
0.00038885 0.0013029 0.0018382 0.00273205 0.00356025 0.00398445 0.00499445 0.00549945 0.00628725 0.0069488 0.00773155 0.0082012 0.0090698 0.00896375 0.00977175 0.0105394 0.0104384 0.0108525 0.0109737 0.0117615 0.0118978 0.0126654 0.0127412 0.0123321 0.0126604 0.0126149 0.0135795 0.0130593 0.0127513 0.012726 0.0134886 0.0131048 0.0123523 0.0126452 0.0122261 0.0121099 0.0117918 0.011812 0.0113676 0.0113676 0.0109535 0.0105394 0.0107969 0.0102465 0.0097869 0.0092819 0.0089183 0.00834765 0.00862035 0.00844865 0.142067 
0 0 0 0 0 0 0 0 0 0 0 0 0 0 0 0 0 0 0 0 0 0 0 0 0 0 0 0 0 0 0 0 0 0 0 0 0 0 0 0 0 0 0 0 0 0 0 0 0 0 0 
