Half rod, albedo problem, Anisotropic scattering, exponential random flight, mu_t: 3 g: -0.9
Analogmu_t c: 0.98 maxx: 10 dx: 0.19802 numsamples: 1000000 numCollisionOrders: 20 numMoments: 10
total albedo: 0.812735
per-collision order albedos: 
0 0.465785 0.022726 0.102167 0.014606 0.045349 0.010868 0.025348 0.008298 0.016107 0.006505 0.010932 0.005238 0.007846 0.004325 0.005847 0.003629 0.004526 0.002952 0.003704 
Collision density L:
2.29511 2.04552 1.82066 1.6239 1.44551 1.2858 1.14139 1.02186 0.907091 0.812424 0.726074 0.647713 0.579881 0.514883 0.463191 0.411222 0.364832 0.325432 0.289527 0.256091 0.226493 0.205838 0.183406 0.165271 0.146632 0.130315 0.115332 0.103666 0.092112 0.0832594 0.073124 0.0653167 0.0596708 0.0530048 0.046359 0.0412939 0.0374508 0.0327291 0.0295223 0.0259318 0.0229775 0.020705 0.0182356 0.0158065 0.0149531 0.0135492 0.0119332 0.0105848 0.0090698 0.00807495 0.0666903 
Collision density R:
2.83207 2.51836 2.24611 1.99853 1.77909 1.58288 1.41202 1.25619 1.11462 0.998703 0.890507 0.793451 0.711116 0.63425 0.563221 0.508101 0.452233 0.39893 0.356505 0.317408 0.279745 0.250854 0.224801 0.202076 0.179351 0.160413 0.143193 0.126215 0.114377 0.10203 0.0903041 0.0793052 0.0726695 0.0643471 0.0578326 0.0512878 0.0452278 0.0402637 0.0370822 0.0318605 0.0285073 0.025553 0.022725 0.0200435 0.0177255 0.0160944 0.0146602 0.0130341 0.0114029 0.0103273 0.0816282 
Density Moments:
9.32409 16.0791 55.4856 286.901 1976.69 17027.2 175897 2.10969e+06 2.85619e+07 4.25717e+08 
Per-collision Density Moments:
1 0.333856 0.2231 0.2239 0.300386 0.50606 1.03072 2.47731 6.91203 22.0882 
0.514263 0.188132 0.136668 0.148074 0.212715 0.379735 0.809466 2.01005 5.72672 18.5141 
0.481206 0.314571 0.313332 0.417752 0.697697 1.40232 3.30707 9.00592 28.0319 98.9275 
0.369385 0.227505 0.231352 0.321666 0.564789 1.19735 2.9785 8.52647 27.6887 100.759 
0.347279 0.299011 0.370346 0.590882 1.14941 2.63358 6.93671 20.6147 68.057 246.2 
0.2949 0.240124 0.300179 0.492876 0.994212 2.36935 6.49791 20.1122 69.1585 260.577 
0.278142 0.285014 0.410975 0.749795 1.64266 4.18065 12.0714 38.8338 137.156 525.263 
0.24735 0.243914 0.355253 0.663477 1.49435 3.91412 11.6304 38.4828 139.692 549.315 
0.234064 0.27292 0.441875 0.894607 2.15436 5.98564 18.7869 65.5598 251.101 1043.93 
0.213194 0.24261 0.397651 0.822935 2.03019 5.77294 18.4986 65.6983 255.24 1072.95 
0.202348 0.261842 0.466042 1.02756 2.67233 7.95928 26.6088 98.3549 397.065 1732.2 
0.187362 0.239243 0.431941 0.974707 2.60305 7.96438 27.2999 103.073 422.844 1863.39 
0.178232 0.251397 0.484686 1.1516 3.21351 10.2327 36.4602 143.246 613.122 2828.92 
0.16683 0.234067 0.458012 1.11057 3.16668 10.2914 37.3003 148.286 637.89 2935.5 
0.159089 0.241911 0.500057 1.26852 3.76797 12.7409 48.0816 199.42 897.588 4337.89 
0.150066 0.228136 0.478541 1.23754 3.75243 12.9491 49.8219 210.396 962.832 4723.92 
0.143376 0.232609 0.510689 1.37048 4.28879 15.2149 59.9969 259.015 1209.04 6037.71 
0.136011 0.22171 0.49474 1.35289 4.31269 15.5565 62.2065 271.469 1276.61 6401.13 
0.130279 0.22388 0.519244 1.46643 4.81085 17.8298 73.2416 328.695 1592.72 8249.32 
0 0 0 0 0 0 0 0 0 0 
Per-collision Densities L:
0 0 0 0 0 0 0 0 0 0 0 0 0 0 0 0 0 0 0 0 0 0 0 0 0 0 0 0 0 0 0 0 0 0 0 0 0 0 0 0 0 0 0 0 0 0 0 0 0 0 0 
1.05132 0.581149 0.32122 0.177331 0.0990053 0.0536916 0.0299314 0.0164731 0.0091708 0.00502475 0.00292395 0.0014443 0.00092415 0.00046965 0.00024745 0.0002222 9.595e-05 4.04e-05 2.525e-05 2.525e-05 0 0 5.05e-06 0 0 0 0 5.05e-06 0 0 0 0 0 0 0 0 0 0 0 0 0 0 0 0 0 0 0 0 0 0 0 
0.0654379 0.0517878 0.0381679 0.0262954 0.0170892 0.0113878 0.00706495 0.00412585 0.00280275 0.0016665 0.00089385 0.00061105 0.0004444 0.00021715 0.00014645 0.000101 2.525e-05 5.05e-06 1.515e-05 1.01e-05 0 0 0 0 0 0 0 0 0 0 0 0 0 0 0 0 0 0 0 0 0 0 0 0 0 0 0 0 0 0 0 
0.351172 0.344203 0.276886 0.198718 0.134643 0.0887689 0.0565651 0.0362691 0.0220483 0.0134078 0.00833755 0.00500455 0.00305525 0.00181295 0.00097465 0.00061105 0.0003333 0.00014645 0.00011615 0.00010605 6.565e-05 1.515e-05 2.02e-05 5.05e-06 5.05e-06 0 0 0 0 0 5.05e-06 0 0 0 0 0 0 0 0 0 0 0 0 0 0 0 0 0 0 0 0 
0.0504596 0.0546461 0.0497678 0.0407384 0.0318302 0.0231543 0.0163873 0.0115797 0.0074841 0.0051409 0.0033229 0.0021614 0.00143925 0.00076255 0.0006161 0.0003232 0.00025755 0.0001313 9.09e-05 6.565e-05 3.535e-05 1.01e-05 1.01e-05 5.05e-06 1.515e-05 0 0 0 0 5.05e-06 0 0 0 0 0 0 0 0 0 0 0 0 0 0 0 0 0 0 0 0 0 
0.166054 0.19442 0.188107 0.160974 0.127356 0.0951067 0.0679124 0.0468691 0.0318807 0.021513 0.0139279 0.00923645 0.00589335 0.0036663 0.00240885 0.00133825 0.0008383 0.000606 0.0003131 0.0001818 0.00014645 8.08e-05 6.565e-05 5.05e-06 2.02e-05 2.02e-05 0 0 0 5.05e-06 0 0 0 0 0 0 0 0 0 0 0 0 0 0 0 0 0 0 0 0 0 
0.0388194 0.0465964 0.0473135 0.0438492 0.0372589 0.0302849 0.0234926 0.0175942 0.0125392 0.00928695 0.00637815 0.0042319 0.0031714 0.00202505 0.00128775 0.00083325 0.0005757 0.0003434 0.0002222 0.00012625 9.595e-05 4.545e-05 4.545e-05 2.525e-05 5.05e-06 2.525e-05 0 5.05e-06 5.05e-06 0 0 0 0 0 0 0 0 0 0 0 0 0 0 0 0 0 0 0 0 0 0 
0.095041 0.120796 0.127204 0.119554 0.10451 0.0855672 0.0671297 0.0505152 0.0371731 0.0269822 0.0188769 0.0135239 0.0089991 0.0059792 0.00409555 0.00247955 0.00191395 0.00114635 0.00072215 0.0004545 0.00026765 0.00017675 0.00010605 7.575e-05 5.555e-05 3.535e-05 1.01e-05 1.01e-05 5.05e-06 0 5.05e-06 0 0 0 0 0 0 0 0 0 0 0 0 0 0 0 0 0 0 0 0 
0.0303909 0.0384154 0.0411525 0.0416524 0.0379407 0.032416 0.0270175 0.0221796 0.0167761 0.0127462 0.00969095 0.00679225 0.00518635 0.00318655 0.00258055 0.00148975 0.00105545 0.0006767 0.0004848 0.0003131 0.00020705 0.00011615 9.09e-05 7.07e-05 2.02e-05 5.05e-06 1.515e-05 1.515e-05 0 5.05e-06 5.05e-06 0 0 0 0 0 0 0 0 0 0 0 0 0 0 0 0 0 0 0 0 
0.0612919 0.0794719 0.088774 0.0891628 0.0821686 0.0731695 0.0606808 0.0494547 0.037668 0.0291486 0.021917 0.0158823 0.0111858 0.00850925 0.0056863 0.0039188 0.00282295 0.0017574 0.0011716 0.0007979 0.00049995 0.0003434 0.00017675 0.00013635 0.0001212 7.575e-05 5.05e-05 2.02e-05 1.01e-05 1.01e-05 1.01e-05 0 0 0 5.05e-06 0 0 0 0 0 0 0 0 0 0 0 0 0 0 0 0 
0.0238259 0.0319817 0.0355621 0.0364509 0.0354914 0.0319766 0.0285022 0.0236088 0.0197506 0.0158621 0.0120544 0.008989 0.00700435 0.00506515 0.0037471 0.0027169 0.00178265 0.0012322 0.00086355 0.00068175 0.00042925 0.00027775 0.00014645 0.00010605 9.09e-05 3.535e-05 2.02e-05 1.515e-05 1.01e-05 5.05e-06 1.01e-05 5.05e-06 0 0 0 0 0 0 0 0 0 0 0 0 0 0 0 0 0 0 0 
0.0414151 0.0555601 0.0638017 0.0673418 0.0653167 0.0602213 0.0529392 0.0449905 0.0366327 0.02979 0.0232906 0.0170488 0.0132361 0.009797 0.0072518 0.00518635 0.003535 0.0025755 0.00174225 0.0012726 0.0007575 0.00056055 0.00030805 0.00019695 0.0001616 0.0001212 6.06e-05 8.08e-05 3.535e-05 1.515e-05 5.05e-06 1.515e-05 5.05e-06 0 5.05e-06 0 5.05e-06 0 0 0 0 0 0 0 0 0 0 0 0 0 0 
0.0198314 0.0263307 0.0301687 0.0321887 0.0325725 0.0308353 0.0282396 0.024139 0.0208111 0.0174326 0.0139582 0.0112363 0.00820625 0.0066155 0.0049793 0.00381275 0.00273205 0.0018786 0.00135845 0.0010403 0.00066155 0.00055045 0.0003333 0.00016665 0.0001616 8.08e-05 2.525e-05 4.04e-05 4.545e-05 5.05e-06 5.05e-06 5.05e-06 0 0 0 0 0 0 0 0 0 0 0 0 0 0 0 0 0 0 0 
0.0304869 0.0409909 0.0470913 0.0510101 0.0522574 0.0497526 0.0448087 0.0406374 0.0341885 0.0283154 0.0238613 0.0181901 0.0140542 0.0103222 0.0086052 0.00616605 0.00429755 0.00330775 0.0024139 0.00173215 0.00101 0.0008181 0.0005353 0.0003737 0.0002626 0.00018685 0.0001111 0.00011615 3.535e-05 4.545e-05 3.03e-05 0 1.01e-05 1.01e-05 1.01e-05 0 0 0 0 0 0 0 0 0 0 0 0 0 0 0 0 
0.016357 0.0219069 0.02626 0.0284063 0.0287699 0.0282396 0.0266691 0.0238512 0.02121 0.0186901 0.0150692 0.0123725 0.00974145 0.0074942 0.0060297 0.0047874 0.0035653 0.00259065 0.0018079 0.0013938 0.00097465 0.0006666 0.0004646 0.000303 0.0002929 0.0001616 0.00012625 0.00010605 5.05e-05 0 1.515e-05 2.525e-05 5.05e-06 0 0 0 5.05e-06 0 0 0 0 0 0 0 0 0 0 0 0 0 0 
0.0223867 0.031209 0.0361378 0.0403647 0.0417181 0.0410464 0.0383093 0.0354864 0.0309515 0.0265024 0.0222503 0.0183315 0.0146905 0.0116908 0.0090698 0.00670135 0.0051914 0.00380265 0.00298455 0.00192405 0.00156045 0.00101 0.00082315 0.0005656 0.000404 0.0002929 0.00022725 0.00011615 0.00011615 7.07e-05 3.535e-05 2.525e-05 1.01e-05 1.515e-05 2.525e-05 0 0 0 0 5.05e-06 0 0 0 0 0 0 0 0 0 0 0 
0.0136148 0.0183568 0.0228159 0.0248561 0.0261742 0.0252147 0.0245582 0.0227351 0.0204778 0.0182002 0.0159277 0.0130947 0.0107161 0.00828705 0.0070094 0.0055146 0.00424705 0.00324715 0.00245935 0.0019291 0.0011817 0.00099485 0.00068175 0.0004343 0.0002828 0.0002525 0.00016665 9.09e-05 0.00011615 8.585e-05 2.02e-05 1.515e-05 3.535e-05 5.05e-06 0 0 0 5.05e-06 0 0 0 0 0 0 0 0 0 0 0 0 0 
0.0177104 0.0242703 0.0286436 0.0323655 0.0336128 0.0343552 0.0331179 0.030704 0.0273306 0.0245481 0.0210636 0.0175942 0.0147814 0.012322 0.0094738 0.00710535 0.0058984 0.00474195 0.00334815 0.00244925 0.0017776 0.00128775 0.00101 0.000808 0.00054035 0.0003939 0.0002929 0.0001616 0.00017675 0.000101 6.06e-05 5.555e-05 1.515e-05 3.03e-05 1.515e-05 5.05e-06 0 5.05e-06 0 0 0 0 0 0 0 0 0 0 0 0 0 
0.0114585 0.0158873 0.0193011 0.0223109 0.0227856 0.0225735 0.0226392 0.0211444 0.0196748 0.0173417 0.0150743 0.0132411 0.011716 0.00960005 0.00717605 0.00635795 0.0048985 0.00377235 0.00303 0.00222705 0.001717 0.00118675 0.00097465 0.00069185 0.000404 0.0002828 0.0002323 0.00023735 0.00011615 6.565e-05 6.565e-05 2.525e-05 2.525e-05 1.515e-05 5.05e-06 0 5.05e-06 5.05e-06 0 5.05e-06 0 0 0 0 0 0 0 0 0 0 0 
0 0 0 0 0 0 0 0 0 0 0 0 0 0 0 0 0 0 0 0 0 0 0 0 0 0 0 0 0 0 0 0 0 0 0 0 0 0 0 0 0 0 0 0 0 0 0 0 0 0 0 
Per-collision Densities L:
2.26095 1.245 0.691835 0.381608 0.209898 0.116721 0.0646501 0.0355116 0.0194577 0.0106555 0.0061812 0.0033936 0.00189375 0.00094435 0.0005555 0.000303 0.0002222 0.000101 5.555e-05 4.04e-05 1.01e-05 5.05e-06 5.05e-06 5.05e-06 0 0 0 5.05e-06 0 0 0 0 0 0 0 0 0 0 0 0 0 0 0 0 0 0 0 0 0 0 0 
0.0292749 0.052616 0.0486164 0.0381982 0.0273003 0.0183618 0.0118372 0.00761035 0.00487325 0.00294415 0.0018988 0.00106555 0.00071205 0.00049995 0.0001818 0.0001515 9.09e-05 1.01e-05 1.01e-05 1.01e-05 1.01e-05 0 0 5.05e-06 0 0 0 0 0 0 0 0 0 0 0 0 0 0 0 0 0 0 0 0 0 0 0 0 0 0 0 
0.262146 0.466297 0.436047 0.341299 0.244178 0.164903 0.10606 0.0702506 0.0427281 0.0269216 0.0162711 0.0098879 0.0061509 0.0034845 0.0021513 0.0013635 0.0006969 0.0003737 0.0002121 0.0001212 7.575e-05 6.06e-05 7.07e-05 2.02e-05 1.515e-05 5.05e-06 0 0 0 0 0 5.05e-06 0 0 0 0 0 0 0 0 0 0 0 0 0 0 0 0 0 0 0 
0.0178366 0.0430715 0.0526564 0.0499294 0.0434856 0.0339461 0.0254672 0.0178922 0.0130846 0.0086254 0.0056358 0.0036461 0.00260075 0.0014443 0.0010201 0.00064135 0.00047975 0.0002424 0.00014645 0.000101 4.04e-05 6.565e-05 1.01e-05 1.01e-05 1.01e-05 5.05e-06 0 0 0 5.05e-06 0 0 0 0 0 0 0 0 0 0 0 0 0 0 0 0 0 0 0 0 0 
0.0788053 0.193178 0.235148 0.228649 0.19642 0.154601 0.11568 0.0818959 0.0570347 0.0389052 0.0257702 0.0168115 0.0116605 0.00693365 0.0045147 0.0027674 0.00179275 0.0010908 0.0006464 0.0003434 0.00027775 0.0001313 9.595e-05 8.585e-05 3.535e-05 2.02e-05 2.02e-05 0 0 0 5.05e-06 0 0 0 0 0 0 0 0 0 0 0 0 0 0 0 0 0 0 0 0 
0.0118574 0.0331129 0.0453591 0.0482023 0.0453036 0.0404758 0.0332391 0.0260732 0.0192961 0.0145188 0.0104434 0.0071104 0.00509545 0.0033936 0.002323 0.0016362 0.0010302 0.000707 0.00039895 0.00027775 0.00015655 0.00010605 6.06e-05 4.545e-05 2.525e-05 1.515e-05 1.515e-05 5.05e-06 5.05e-06 5.05e-06 5.05e-06 0 0 0 0 0 0 0 0 0 0 0 0 0 0 0 0 0 0 0 0 
0.0368701 0.0984195 0.135406 0.1485 0.142617 0.125578 0.102404 0.0807748 0.0600243 0.0448238 0.0327139 0.0220029 0.0156045 0.0110292 0.00729725 0.0050096 0.0032724 0.00211595 0.00129785 0.00092415 0.00056055 0.00032825 0.00021715 0.00013635 9.595e-05 5.05e-05 2.525e-05 1.515e-05 0 5.05e-06 1.01e-05 5.05e-06 0 0 0 0 0 0 0 0 0 0 0 0 0 0 0 0 0 0 0 
0.0091102 0.0240077 0.036355 0.0419605 0.0429099 0.0403495 0.0363701 0.0303303 0.0243461 0.0186547 0.0144632 0.0107212 0.00800425 0.0058883 0.0038582 0.00275225 0.0018281 0.00138875 0.0007979 0.0006161 0.0003333 0.00021715 0.00016665 0.0001111 5.555e-05 4.545e-05 3.03e-05 1.515e-05 5.05e-06 5.05e-06 0 1.01e-05 0 0 0 0 0 0 0 0 0 0 0 0 0 0 0 0 0 0 0 
0.0210787 0.0576256 0.0853602 0.100051 0.102333 0.0959753 0.086456 0.0724271 0.057868 0.0449905 0.0351581 0.0262095 0.0191547 0.0135088 0.0100495 0.0066458 0.00482275 0.0033633 0.00203515 0.00140895 0.0009696 0.00065145 0.00039895 0.00023735 0.00022725 0.00011615 8.08e-05 6.06e-05 2.525e-05 1.515e-05 0 1.01e-05 1.01e-05 0 0 5.05e-06 0 0 0 0 0 0 0 0 0 0 0 0 0 0 0 
0.00693365 0.0193516 0.0292547 0.035244 0.0374306 0.0381376 0.0347087 0.0310929 0.0267297 0.0219524 0.0176902 0.0139229 0.0104636 0.0078679 0.0059893 0.00426725 0.00301485 0.0020705 0.00129785 0.00106555 0.00070195 0.00051005 0.0002626 0.00018685 0.0001818 0.000101 1.515e-05 4.04e-05 5.05e-06 1.515e-05 1.515e-05 5.05e-06 0 0 5.05e-06 0 0 0 0 0 0 0 0 0 0 0 0 0 0 0 0 
0.0137663 0.0376225 0.0566206 0.0693618 0.0752753 0.0738007 0.0699476 0.0624483 0.051914 0.0436421 0.0351026 0.0277952 0.0208767 0.0153975 0.0115898 0.00883245 0.0060398 0.0040905 0.0029997 0.0021513 0.0014544 0.00096455 0.0006262 0.0003636 0.0002626 0.0001818 0.00016665 9.09e-05 8.08e-05 3.535e-05 2.02e-05 1.01e-05 1.515e-05 0 0 5.05e-06 5.05e-06 0 0 0 0 0 0 0 0 0 0 0 0 0 0 
0.0053631 0.0157762 0.0237653 0.030093 0.0324766 0.0340976 0.0329513 0.0300677 0.0273155 0.0235583 0.0198364 0.0156954 0.0122665 0.00973135 0.00756995 0.00566105 0.0042117 0.00303 0.00210585 0.00171195 0.00119685 0.00077265 0.00051005 0.0004343 0.00020705 0.00019695 0.000101 8.585e-05 5.555e-05 3.03e-05 5.05e-06 1.01e-05 1.01e-05 0 0 0 0 0 0 0 0 0 0 0 0 0 0 0 0 0 0 
0.0093122 0.0261742 0.0399304 0.0505758 0.0561308 0.0567166 0.0559944 0.0526362 0.0459197 0.0398647 0.0333199 0.0272397 0.0210838 0.0165186 0.0126806 0.0100192 0.00720635 0.0055651 0.0038582 0.00271185 0.00186345 0.0013332 0.00088375 0.0006363 0.00040905 0.0003636 0.00021715 0.00015655 8.08e-05 6.06e-05 7.07e-05 3.03e-05 1.515e-05 1.515e-05 1.515e-05 1.01e-05 0 5.05e-06 0 0 0 0 0 0 0 0 0 0 0 0 0 
0.00424705 0.0124836 0.0198667 0.0252096 0.0289062 0.029593 0.0303253 0.0280427 0.0264721 0.0230331 0.0202657 0.0173165 0.0142461 0.0110595 0.0086153 0.0066761 0.0056358 0.0039491 0.00298455 0.00221695 0.0016766 0.00106555 0.00074235 0.0006262 0.0003131 0.000303 0.00022725 0.00011615 8.585e-05 7.575e-05 1.515e-05 2.02e-05 2.02e-05 1.01e-05 0 0 5.05e-06 0 0 0 0 0 0 0 0 0 0 0 0 0 0 
0.0066357 0.0190082 0.0297294 0.0366529 0.0430866 0.0450713 0.0453137 0.0437179 0.0396779 0.0358803 0.0306636 0.02626 0.0213868 0.0168468 0.0136653 0.0109535 0.00806485 0.0059186 0.0044541 0.0033027 0.002525 0.0017372 0.0012019 0.00100495 0.00067165 0.00047975 0.00030805 0.00024745 0.0001818 0.00012625 6.06e-05 6.06e-05 3.03e-05 2.02e-05 2.525e-05 1.515e-05 0 0 0 0 5.05e-06 0 0 0 0 0 0 0 0 0 0 
0.0033835 0.0104232 0.0165438 0.0215534 0.0250026 0.0264519 0.02727 0.026558 0.0247198 0.0225836 0.0200334 0.0179225 0.0145642 0.0123018 0.00956975 0.0080497 0.00611555 0.00495405 0.00376225 0.00288355 0.0019695 0.00136855 0.001111 0.00080295 0.0005656 0.000404 0.0002727 0.00019695 0.0001212 0.00012625 6.565e-05 5.05e-05 3.535e-05 3.03e-05 5.05e-06 0 5.05e-06 0 0 5.05e-06 0 0 0 0 0 0 0 0 0 0 0 
0.00466115 0.0144329 0.0224978 0.0289567 0.0331785 0.036153 0.0370973 0.0368246 0.034638 0.0314767 0.0281033 0.024038 0.0203667 0.0174579 0.0138421 0.0109232 0.0083527 0.0071205 0.0052419 0.00411575 0.002929 0.00198465 0.0015655 0.00118675 0.00091405 0.0006464 0.000505 0.00030805 0.00021715 0.00018685 0.000101 7.575e-05 3.535e-05 4.545e-05 4.04e-05 5.05e-06 1.01e-05 0 5.05e-06 0 5.05e-06 0 0 0 0 0 0 0 0 0 0 
0.0028482 0.0088375 0.0138875 0.0181447 0.021609 0.0233462 0.024139 0.023831 0.0226493 0.0215787 0.0193567 0.0172963 0.0147864 0.0133876 0.0102515 0.0088274 0.00709525 0.00550955 0.00437835 0.00342895 0.0025553 0.0019493 0.00139885 0.00099485 0.0007575 0.0005151 0.0003636 0.00028785 0.00021715 0.0001717 9.09e-05 6.565e-05 4.545e-05 3.535e-05 2.525e-05 5.05e-06 0 5.05e-06 5.05e-06 0 5.05e-06 0 0 0 0 0 0 0 0 0 0 
0.00405515 0.0115645 0.0175841 0.0230735 0.0264115 0.0291234 0.030901 0.0305727 0.0296991 0.0281487 0.0254318 0.0216595 0.0198061 0.0162964 0.014337 0.0114888 0.00881225 0.00706495 0.0058883 0.0044844 0.0033431 0.0026664 0.00192405 0.0014039 0.0011615 0.00073225 0.0005353 0.00041915 0.0002828 0.00024745 0.00016665 0.00011615 8.08e-05 6.565e-05 2.525e-05 1.01e-05 2.02e-05 1.515e-05 1.515e-05 0 5.05e-06 0 0 0 0 0 0 0 0 0 0 
0 0 0 0 0 0 0 0 0 0 0 0 0 0 0 0 0 0 0 0 0 0 0 0 0 0 0 0 0 0 0 0 0 0 0 0 0 0 0 0 0 0 0 0 0 0 0 0 0 0 0 
