Half rod, albedo problem, Anisotropic scattering, exponential random flight, mu_t: 3 g: 0.7
Analogmu_t c: 0.3 maxx: 10 dx: 0.19802 numsamples: 10000000 numCollisionOrders: 20 numMoments: 10
total albedo: 0.0301909
per-collision order albedos: 
0 0.022481 0.0057371 0.00146 0.0003821 9.79e-05 2.41e-05 6.5e-06 1.7e-06 4e-07 1e-07 0 0 0 0 0 0 0 0 0 
Collision density L:
0.0736118 0.0473533 0.0303889 0.0193415 0.0124811 0.00801637 0.00520958 0.00337694 0.00214524 0.00139936 0.000905465 0.000552975 0.00039693 0.00024038 0.000161095 9.696e-05 5.7065e-05 4.646e-05 2.6765e-05 1.4645e-05 6.565e-06 7.07e-06 6.565e-06 2.525e-06 3.535e-06 5.05e-07 2.02e-06 5.05e-07 0 5.05e-07 0 0 0 0 0 5.05e-07 0 0 0 0 0 0 0 0 0 0 0 0 0 0 0 
Collision density R:
2.4256 1.55889 1.00193 0.645247 0.414003 0.265794 0.170928 0.109743 0.0706328 0.0454854 0.0291976 0.018786 0.0121528 0.00772802 0.00503334 0.00319413 0.00209525 0.00132967 0.00088072 0.000557015 0.000352995 0.00020806 0.000140895 0.00010201 6.666e-05 4.04e-05 2.3735e-05 2.323e-05 7.575e-06 5.555e-06 2.02e-06 3.03e-06 2.02e-06 1.515e-06 0 1.01e-06 0 5.05e-07 0 0 0 0 0 0 0 0 0 0 0 0 0 
Density Moments:
1.38536 0.620758 0.556515 0.748779 1.34397 3.0159 8.11795 25.4564 90.9488 363.552 
Per-collision Density Moments:
1 0.333253 0.222083 0.221981 0.295968 0.493685 0.989094 2.31359 6.18725 18.6117 
0.277427 0.177368 0.174899 0.231698 0.38513 0.770854 1.80851 4.88254 14.9678 51.5472 
0.0775375 0.0714194 0.0925219 0.15216 0.302491 0.705201 1.88889 5.72743 19.4281 72.9309 
0.0217347 0.0256789 0.0409032 0.0799291 0.183919 0.485704 1.44538 4.77971 17.3691 68.7034 
0.0061834 0.00877155 0.0164424 0.0370258 0.0964285 0.283523 0.923847 3.28481 12.5753 51.2419 
0.0017643 0.00290556 0.00625122 0.0159179 0.0463145 0.151022 0.544804 2.15388 9.26578 43.1274 
0.0005113 0.000941812 0.00225197 0.00630573 0.0199625 0.0701317 0.27006 1.12923 5.08787 24.5362 
0.0001422 0.00028838 0.000764534 0.0023744 0.00834071 0.0325169 0.13882 0.641704 3.17851 16.7024 
3.98e-05 9.13019e-05 0.00026819 0.000915308 0.0035353 0.0152323 0.0722611 0.372219 2.05213 11.9442 
1.17e-05 2.87992e-05 8.98198e-05 0.0003195 0.00125618 0.00535431 0.0243505 0.116548 0.580335 2.97834 
2.5e-06 6.74457e-06 2.2102e-05 7.99515e-05 0.000312537 0.00130501 0.00576494 0.0266958 0.128458 0.637262 
8e-07 2.68993e-06 1.02794e-05 4.14915e-05 0.000172451 0.000730433 0.00313583 0.0135997 0.0594453 0.261458 
5e-07 1.69565e-06 6.8577e-06 3.02108e-05 0.000138228 0.000644058 0.00303294 0.0143926 0.0687407 0.330218 
1e-07 1.37271e-07 1.88433e-07 2.58664e-07 3.55071e-07 4.87409e-07 6.69071e-07 9.18441e-07 1.26075e-06 1.73065e-06 
0 0 0 0 0 0 0 0 0 0 
0 0 0 0 0 0 0 0 0 0 
0 0 0 0 0 0 0 0 0 0 
0 0 0 0 0 0 0 0 0 0 
0 0 0 0 0 0 0 0 0 0 
0 0 0 0 0 0 0 0 0 0 
Per-collision Densities L:
0 0 0 0 0 0 0 0 0 0 0 0 0 0 0 0 0 0 0 0 0 0 0 0 0 0 0 0 0 0 0 0 0 0 0 0 0 0 0 0 0 0 0 0 0 0 0 0 0 0 0 
0.0510611 0.0282002 0.0156005 0.00844057 0.00480457 0.00255985 0.00144885 0.00077568 0.00044541 0.00025149 0.000130795 7.5245e-05 4.3935e-05 2.626e-05 1.111e-05 5.05e-06 4.04e-06 3.535e-06 1.515e-06 5.05e-07 1.01e-06 0 5.05e-07 0 0 0 0 0 0 0 0 0 0 0 0 0 0 0 0 0 0 0 0 0 0 0 0 0 0 0 0 
0.0165281 0.0134426 0.00974196 0.00666802 0.00434098 0.00279619 0.00174831 0.00113777 0.000642865 0.00041713 0.00023432 0.000139885 9.898e-05 5.2015e-05 3.03e-05 1.6665e-05 9.595e-06 7.575e-06 2.525e-06 1.515e-06 5.05e-07 2.02e-06 1.01e-06 5.05e-07 0 0 5.05e-07 5.05e-07 0 0 0 0 0 0 0 0 0 0 0 0 0 0 0 0 0 0 0 0 0 0 0 
0.00443138 0.00413545 0.0035552 0.00289113 0.00218766 0.00159883 0.00117716 0.00078275 0.000564085 0.00036865 0.000240885 0.000146955 0.00011211 5.858e-05 3.6865e-05 2.424e-05 1.313e-05 1.01e-05 1.01e-06 2.02e-06 5.05e-07 0 2.02e-06 1.01e-06 1.515e-06 0 1.01e-06 0 0 0 0 0 0 0 0 0 0 0 0 0 0 0 0 0 0 0 0 0 0 0 0 
0.00117918 0.00114231 0.00107363 0.00095546 0.00079689 0.00072619 0.00053328 0.00043329 0.000295425 0.00020907 0.00015756 9.494e-05 7.07e-05 4.646e-05 3.9895e-05 2.3735e-05 1.313e-05 9.09e-06 7.575e-06 5.05e-06 1.01e-06 2.525e-06 1.01e-06 0 5.05e-07 0 5.05e-07 0 0 0 0 0 0 0 0 0 0 0 0 0 0 0 0 0 0 0 0 0 0 0 0 
0.000297445 0.000314615 0.000311585 0.00028482 0.000241895 0.00023028 0.000211595 0.00016766 0.0001313 9.09e-05 8.7365e-05 4.9995e-05 3.8885e-05 2.9795e-05 2.525e-05 1.4645e-05 8.585e-06 8.08e-06 4.545e-06 3.03e-06 2.02e-06 1.01e-06 1.01e-06 0 0 0 0 0 0 0 0 0 0 0 0 0 0 0 0 0 0 0 0 0 0 0 0 0 0 0 0 
8.181e-05 8.686e-05 8.08e-05 7.676e-05 8.181e-05 7.6255e-05 6.6155e-05 5.757e-05 4.3935e-05 4.242e-05 3.6865e-05 3.4845e-05 2.222e-05 1.5655e-05 1.212e-05 8.08e-06 5.555e-06 2.525e-06 3.535e-06 1.01e-06 5.05e-07 1.01e-06 5.05e-07 1.01e-06 1.01e-06 0 0 0 0 5.05e-07 0 0 0 0 0 0 0 0 0 0 0 0 0 0 0 0 0 0 0 0 0 
2.5755e-05 2.323e-05 1.919e-05 1.9695e-05 2.2725e-05 2.4745e-05 1.919e-05 1.5655e-05 1.3635e-05 1.313e-05 1.2625e-05 6.06e-06 8.585e-06 8.585e-06 3.535e-06 2.525e-06 5.05e-07 3.535e-06 3.535e-06 1.01e-06 1.01e-06 5.05e-07 5.05e-07 0 0 0 0 0 0 0 0 0 0 0 0 5.05e-07 0 0 0 0 0 0 0 0 0 0 0 0 0 0 0 
5.05e-06 6.06e-06 4.545e-06 5.05e-06 3.03e-06 2.525e-06 4.545e-06 4.04e-06 6.565e-06 5.555e-06 3.03e-06 2.525e-06 1.01e-06 2.525e-06 1.515e-06 1.515e-06 2.525e-06 5.05e-07 2.02e-06 5.05e-07 0 0 0 0 5.05e-07 0 0 0 0 0 0 0 0 0 0 0 0 0 0 0 0 0 0 0 0 0 0 0 0 0 0 
1.515e-06 2.02e-06 1.515e-06 0 1.515e-06 1.515e-06 0 2.02e-06 1.515e-06 5.05e-07 1.01e-06 2.525e-06 5.05e-07 5.05e-07 5.05e-07 5.05e-07 0 1.01e-06 5.05e-07 0 0 0 0 0 0 5.05e-07 0 0 0 0 0 0 0 0 0 0 0 0 0 0 0 0 0 0 0 0 0 0 0 0 0 
5.05e-07 0 0 0 0 0 5.05e-07 5.05e-07 5.05e-07 0 5.05e-07 0 0 0 0 0 0 5.05e-07 0 0 0 0 0 0 0 0 0 0 0 0 0 0 0 0 0 0 0 0 0 0 0 0 0 0 0 0 0 0 0 0 0 
0 0 0 0 0 0 0 0 0 0 5.05e-07 0 0 0 0 0 0 0 0 0 0 0 0 0 0 0 0 0 0 0 0 0 0 0 0 0 0 0 0 0 0 0 0 0 0 0 0 0 0 0 0 
0 0 0 0 0 0 0 0 0 5.05e-07 0 0 0 0 0 0 0 0 0 0 0 0 0 0 0 0 0 0 0 0 0 0 0 0 0 0 0 0 0 0 0 0 0 0 0 0 0 0 0 0 0 
0 0 0 0 0 0 0 0 0 0 0 0 0 0 0 0 0 0 0 0 0 0 0 0 0 0 0 0 0 0 0 0 0 0 0 0 0 0 0 0 0 0 0 0 0 0 0 0 0 0 0 
0 0 0 0 0 0 0 0 0 0 0 0 0 0 0 0 0 0 0 0 0 0 0 0 0 0 0 0 0 0 0 0 0 0 0 0 0 0 0 0 0 0 0 0 0 0 0 0 0 0 0 
0 0 0 0 0 0 0 0 0 0 0 0 0 0 0 0 0 0 0 0 0 0 0 0 0 0 0 0 0 0 0 0 0 0 0 0 0 0 0 0 0 0 0 0 0 0 0 0 0 0 0 
0 0 0 0 0 0 0 0 0 0 0 0 0 0 0 0 0 0 0 0 0 0 0 0 0 0 0 0 0 0 0 0 0 0 0 0 0 0 0 0 0 0 0 0 0 0 0 0 0 0 0 
0 0 0 0 0 0 0 0 0 0 0 0 0 0 0 0 0 0 0 0 0 0 0 0 0 0 0 0 0 0 0 0 0 0 0 0 0 0 0 0 0 0 0 0 0 0 0 0 0 0 0 
0 0 0 0 0 0 0 0 0 0 0 0 0 0 0 0 0 0 0 0 0 0 0 0 0 0 0 0 0 0 0 0 0 0 0 0 0 0 0 0 0 0 0 0 0 0 0 0 0 0 0 
0 0 0 0 0 0 0 0 0 0 0 0 0 0 0 0 0 0 0 0 0 0 0 0 0 0 0 0 0 0 0 0 0 0 0 0 0 0 0 0 0 0 0 0 0 0 0 0 0 0 0 
Per-collision Densities L:
2.26231 1.24869 0.688971 0.381317 0.210189 0.11588 0.0639487 0.0352434 0.0194975 0.0107646 0.00591153 0.00321231 0.00179528 0.000994345 0.000582265 0.00030805 0.00017473 9.7465e-05 4.7975e-05 3.535e-05 1.414e-05 9.595e-06 5.05e-07 1.515e-06 1.515e-06 5.05e-07 2.02e-06 0 5.05e-07 0 0 0 0 0 0 0 0 0 0 0 0 0 0 0 0 0 0 0 0 0 0 
0.154736 0.274226 0.256076 0.19878 0.141314 0.0955915 0.0625003 0.039899 0.0250616 0.0154313 0.00944704 0.00572367 0.003383 0.00200233 0.00123069 0.00067771 0.0004343 0.000253005 0.000150995 7.5245e-05 4.6965e-05 2.9795e-05 2.02e-05 8.585e-06 7.575e-06 2.525e-06 1.515e-06 2.02e-06 0 1.515e-06 5.05e-07 0 0 5.05e-07 0 0 0 0 0 0 0 0 0 0 0 0 0 0 0 0 0 
0.00798658 0.032575 0.0491643 0.0534093 0.0485421 0.0397682 0.0308444 0.0225563 0.0159595 0.0112221 0.0075341 0.00496314 0.00335219 0.00208414 0.0013226 0.00086052 0.000508535 0.00031815 0.00020402 0.00013332 7.878e-05 3.9895e-05 2.9795e-05 1.414e-05 1.212e-05 8.08e-06 3.03e-06 3.535e-06 1.515e-06 5.05e-07 0 1.01e-06 1.01e-06 0 0 0 0 0 0 0 0 0 0 0 0 0 0 0 0 0 0 
0.00047672 0.00300879 0.00671852 0.00995103 0.0113337 0.0114579 0.0102449 0.00867237 0.0069382 0.0053126 0.00397435 0.00294819 0.00201495 0.00142915 0.000982225 0.000675185 0.000459045 0.00029694 0.000186345 0.00012221 8.7365e-05 4.3935e-05 2.5755e-05 2.4745e-05 1.4645e-05 7.575e-06 1.01e-06 3.03e-06 2.525e-06 5.05e-07 0 0 1.01e-06 5.05e-07 0 0 0 0 0 0 0 0 0 0 0 0 0 0 0 0 0 
7.1205e-05 0.000323705 0.000851935 0.00150743 0.00218615 0.00252248 0.00271286 0.0025346 0.00231745 0.0019589 0.00158823 0.00128472 0.00102313 0.000727705 0.00054742 0.00037168 0.00027169 0.00018281 0.000146955 9.7465e-05 5.9085e-05 4.04e-05 2.727e-05 2.1715e-05 1.313e-05 7.575e-06 4.545e-06 3.03e-06 5.05e-07 1.01e-06 1.01e-06 0 0 0 0 0 0 0 0 0 0 0 0 0 0 0 0 0 0 0 0 
1.818e-05 5.252e-05 0.000110595 0.000238865 0.000367135 0.000471165 0.000524695 0.000671145 0.00065246 0.000590345 0.000540855 0.00045551 0.000404 0.000327745 0.00023432 0.00018685 0.00014948 0.000107565 8.0295e-05 4.747e-05 3.5855e-05 2.3735e-05 1.818e-05 1.515e-05 1.01e-05 7.575e-06 4.545e-06 3.535e-06 1.515e-06 5.05e-07 5.05e-07 5.05e-07 0 0 0 0 0 5.05e-07 0 0 0 0 0 0 0 0 0 0 0 0 0 
3.535e-06 1.5655e-05 2.727e-05 3.0805e-05 6.161e-05 8.585e-05 0.00011817 0.00013635 0.000163115 0.000154025 0.000145945 0.000145945 0.000124735 0.000114635 9.5445e-05 8.3325e-05 5.9085e-05 4.4945e-05 3.838e-05 2.828e-05 1.818e-05 1.313e-05 9.09e-06 8.585e-06 2.02e-06 3.535e-06 4.04e-06 4.04e-06 0 5.05e-07 0 0 0 0 0 5.05e-07 0 0 0 0 0 0 0 0 0 0 0 0 0 0 0 
0 3.03e-06 5.05e-06 1.01e-05 6.565e-06 1.2625e-05 2.828e-05 2.323e-05 3.5855e-05 4.0905e-05 3.939e-05 4.0905e-05 3.8885e-05 3.131e-05 2.4745e-05 2.0705e-05 2.727e-05 1.717e-05 1.919e-05 1.1615e-05 8.585e-06 3.535e-06 4.545e-06 3.535e-06 4.04e-06 5.05e-07 2.525e-06 2.02e-06 5.05e-07 5.05e-07 0 1.01e-06 0 0 0 0 0 0 0 0 0 0 0 0 0 0 0 0 0 0 0 
0 1.515e-06 1.515e-06 1.515e-06 3.03e-06 2.525e-06 4.545e-06 5.05e-06 5.555e-06 8.08e-06 1.2625e-05 9.595e-06 1.1615e-05 1.313e-05 1.01e-05 8.585e-06 5.555e-06 8.08e-06 3.535e-06 2.525e-06 3.535e-06 2.02e-06 2.525e-06 3.535e-06 1.01e-06 1.515e-06 5.05e-07 1.01e-06 0 0 0 5.05e-07 0 5.05e-07 0 5.05e-07 0 0 0 0 0 0 0 0 0 0 0 0 0 0 0 
5.05e-07 5.05e-07 5.05e-07 0 0 1.01e-06 5.05e-07 1.01e-06 1.515e-06 2.525e-06 3.03e-06 2.02e-06 4.04e-06 2.525e-06 2.02e-06 5.05e-07 4.545e-06 3.03e-06 2.02e-06 2.525e-06 5.05e-07 1.01e-06 1.01e-06 0 5.05e-07 5.05e-07 0 5.05e-07 5.05e-07 5.05e-07 0 0 0 0 0 0 0 0 0 0 0 0 0 0 0 0 0 0 0 0 0 
0 0 5.05e-07 5.05e-07 0 0 0 0 0 0 5.05e-07 0 1.01e-06 1.01e-06 1.515e-06 5.05e-07 1.01e-06 0 1.01e-06 5.05e-07 0 5.05e-07 5.05e-07 0 0 0 0 5.05e-07 0 0 0 0 0 0 0 0 0 0 0 0 0 0 0 0 0 0 0 0 0 0 0 
0 0 0 0 5.05e-07 0 0 0 0 0 0 0 0 0 0 5.05e-07 0 5.05e-07 0 5.05e-07 0 0 1.01e-06 5.05e-07 0 0 0 0 0 0 0 0 0 0 0 0 0 0 0 0 0 0 0 0 0 0 0 0 0 0 0 
0 0 0 0 0 0 5.05e-07 0 0 0 0 0 0 0 0 0 0 0 0 0 0 5.05e-07 5.05e-07 0 0 5.05e-07 0 0 0 0 0 0 0 0 0 0 0 0 0 0 0 0 0 0 0 0 0 0 0 0 0 
0 0 0 0 0 0 5.05e-07 0 0 0 0 0 0 0 0 0 0 0 0 0 0 0 0 0 0 0 0 0 0 0 0 0 0 0 0 0 0 0 0 0 0 0 0 0 0 0 0 0 0 0 0 
0 0 0 0 0 0 0 0 0 0 0 0 0 0 0 0 0 0 0 0 0 0 0 0 0 0 0 0 0 0 0 0 0 0 0 0 0 0 0 0 0 0 0 0 0 0 0 0 0 0 0 
0 0 0 0 0 0 0 0 0 0 0 0 0 0 0 0 0 0 0 0 0 0 0 0 0 0 0 0 0 0 0 0 0 0 0 0 0 0 0 0 0 0 0 0 0 0 0 0 0 0 0 
0 0 0 0 0 0 0 0 0 0 0 0 0 0 0 0 0 0 0 0 0 0 0 0 0 0 0 0 0 0 0 0 0 0 0 0 0 0 0 0 0 0 0 0 0 0 0 0 0 0 0 
0 0 0 0 0 0 0 0 0 0 0 0 0 0 0 0 0 0 0 0 0 0 0 0 0 0 0 0 0 0 0 0 0 0 0 0 0 0 0 0 0 0 0 0 0 0 0 0 0 0 0 
0 0 0 0 0 0 0 0 0 0 0 0 0 0 0 0 0 0 0 0 0 0 0 0 0 0 0 0 0 0 0 0 0 0 0 0 0 0 0 0 0 0 0 0 0 0 0 0 0 0 0 
0 0 0 0 0 0 0 0 0 0 0 0 0 0 0 0 0 0 0 0 0 0 0 0 0 0 0 0 0 0 0 0 0 0 0 0 0 0 0 0 0 0 0 0 0 0 0 0 0 0 0 
