Half rod, albedo problem, Anisotropic scattering, exponential random flight, mu_t: 1 g: 0.7
Analogmu_t c: 0.9 maxx: 10 dx: 0.19802 numsamples: 10000000 numCollisionOrders: 20 numMoments: 10
total albedo: 0.316032
per-collision order albedos: 
0 0.0674439 0.0517254 0.0398412 0.0309924 0.0241845 0.0190403 0.0151166 0.0121877 0.0097125 0.0078651 0.0063931 0.0052091 0.0042677 0.0035111 0.0029309 0.0024473 0.0020017 0.0016756 0.0014119 
Collision density L:
0.310797 0.29846 0.286751 0.276206 0.265432 0.256011 0.247295 0.237506 0.228769 0.220452 0.211836 0.204196 0.196667 0.189369 0.181597 0.175095 0.168429 0.16138 0.155974 0.150519 0.144893 0.13952 0.134067 0.129049 0.124079 0.11966 0.115297 0.110808 0.106719 0.102676 0.0989381 0.0949718 0.0913616 0.0880442 0.0846077 0.0817923 0.0783553 0.0759156 0.0726513 0.070043 0.06747 0.0648774 0.0622428 0.0600056 0.0580356 0.0559065 0.0538997 0.0517362 0.0497723 0.0478215 1.23511 
Collision density R:
0.982173 0.944803 0.908618 0.875249 0.842234 0.810407 0.781196 0.751536 0.723724 0.697359 0.670216 0.646374 0.621829 0.598642 0.575472 0.553913 0.53312 0.51291 0.493969 0.475662 0.457853 0.441113 0.424382 0.407825 0.393109 0.378507 0.364516 0.350973 0.337297 0.325371 0.312471 0.300999 0.290094 0.279427 0.268671 0.25985 0.249328 0.239526 0.231088 0.221929 0.213997 0.205372 0.198314 0.190866 0.183969 0.17633 0.170228 0.163599 0.157725 0.151525 3.9137 
Density Moments:
6.84206 35.5815 370.152 5773.36 119902 3.10584e+06 9.62503e+07 3.46522e+09 1.41644e+11 6.44619e+12 
Per-collision Density Moments:
1 0.99964 1.99831 5.99282 23.9751 119.938 719.686 5029.03 40016.5 356199 
0.832682 1.59758 4.72448 18.7628 93.4406 559.476 3912.96 31290.3 281252 2.80104e+06 
0.697711 1.92885 7.49194 36.9102 219.62 1530.08 12211.8 109830 1.09854e+06 1.20831e+07 
0.588191 2.08544 9.96001 58.3287 402.248 3185.39 28449.5 282651 3.08997e+06 3.68452e+07 
0.498385 2.12824 11.9937 81.1575 635.554 5634.71 55679.6 605847 7.18774e+06 9.22184e+07 
0.424353 2.09766 13.5462 103.626 906.288 8880.97 96163 1.13842e+06 1.46095e+07 2.01803e+08 
0.362894 2.02238 14.6571 124.731 1202.96 12898.7 151804 1.94214e+06 2.68034e+07 3.96447e+08 
0.311544 1.91958 15.3657 143.612 1511.58 17582.9 223283 3.06775e+06 4.52752e+07 7.13412e+08 
0.268226 1.80269 15.7416 159.907 1820.76 22804.4 310463 4.55565e+06 7.15799e+07 1.19787e+09 
0.231642 1.6788 15.8231 173.087 2114.99 28321.8 410784 6.40106e+06 1.06507e+08 1.88316e+09 
0.200557 1.55365 15.6765 183.341 2389.44 34034.9 523669 8.63409e+06 1.51642e+08 2.82372e+09 
0.174178 1.43229 15.3697 191.093 2643.41 39883.9 648679 1.12836e+07 2.08725e+08 4.08811e+09 
0.15151 1.31513 14.9229 196.194 2866.66 45608.4 780644 1.42602e+07 2.76419e+08 5.66094e+09 
0.132106 1.20476 14.3898 199.231 3063.83 51246.9 920911 1.76361e+07 3.57863e+08 7.66057e+09 
0.115465 1.10193 13.7988 200.445 3233.52 56691.9 1.06671e+06 2.13628e+07 4.52704e+08 1.01061e+10 
0.100973 1.00499 13.1461 199.653 3367.23 61682.4 1.21137e+06 2.5286e+07 5.57561e+08 1.29254e+10 
0.0884455 0.915918 12.4797 197.554 3472.57 66261.4 1.35431e+06 2.93912e+07 6.73058e+08 1.61873e+10 
0.0775967 0.833875 11.8015 194.196 3549.21 70407 1.49563e+06 3.37247e+07 8.02255e+08 2.00417e+10 
0.0681364 0.757989 11.1133 189.597 3593.58 73920.7 1.62766e+06 3.80225e+07 9.36456e+08 2.4205e+10 
0 0 0 0 0 0 0 0 0 0 
Per-collision Densities L:
0 0 0 0 0 0 0 0 0 0 0 0 0 0 0 0 0 0 0 0 0 0 0 0 0 0 0 0 0 0 0 0 0 0 0 0 0 0 0 0 0 0 0 0 0 0 0 0 0 0 0 
0.0614585 0.0502147 0.0410136 0.0338365 0.0277735 0.0227927 0.0189587 0.0152646 0.0125467 0.0102616 0.00846784 0.00679074 0.00572216 0.00461368 0.00383548 0.0031007 0.00260328 0.00208767 0.00171397 0.00142158 0.00117716 0.00092213 0.0007676 0.000649935 0.00053126 0.000420665 0.000359055 0.000272195 0.00022826 0.000202 0.000172205 0.00014544 0.00012322 7.979e-05 7.4235e-05 4.9995e-05 4.8985e-05 3.9895e-05 2.7775e-05 2.5755e-05 2.828e-05 1.616e-05 1.414e-05 1.616e-05 8.08e-06 1.01e-05 7.07e-06 3.03e-06 6.06e-06 3.03e-06 1.4645e-05 
0.0514842 0.0497784 0.0469978 0.0435855 0.0399546 0.0364393 0.032572 0.0291845 0.0258671 0.0226073 0.0198344 0.0173028 0.0153156 0.0132209 0.0112832 0.0096652 0.00845118 0.00718969 0.00611404 0.00524241 0.00449551 0.00390365 0.0032921 0.00277043 0.00237956 0.00201495 0.00168115 0.00145945 0.00115292 0.00102263 0.00086254 0.000724675 0.000590345 0.00054237 0.00043632 0.000380265 0.000295425 0.000256035 0.000218665 0.000190385 0.0001515 0.000129785 0.000104535 9.696e-05 7.8275e-05 6.8175e-05 5.5045e-05 3.8885e-05 4.0905e-05 2.9795e-05 0.00015756 
0.0398561 0.0398228 0.039538 0.0385239 0.0375023 0.0357575 0.0342643 0.0323559 0.0301359 0.0284249 0.0262575 0.0241304 0.0219483 0.0200616 0.0179745 0.0162145 0.0145334 0.0129896 0.0116004 0.0103621 0.00908293 0.00813252 0.00707808 0.00632311 0.00546107 0.00481922 0.00421625 0.00364004 0.00314363 0.00279316 0.00241289 0.00204929 0.0017973 0.00154581 0.00131906 0.00117716 0.000983235 0.00084335 0.00074437 0.000631755 0.00054136 0.000481265 0.000374205 0.00034744 0.000291385 0.00024442 0.00020402 0.00018281 0.00014847 0.00012625 0.00074134 
0.031156 0.0311671 0.0309035 0.0309388 0.0305358 0.0302187 0.0297718 0.029089 0.0285093 0.0272932 0.0260671 0.0248697 0.0236315 0.0224008 0.0209085 0.0195061 0.0180775 0.0165802 0.0154914 0.0143198 0.0129659 0.0118726 0.0108863 0.00982478 0.0086956 0.0077866 0.00708364 0.00639482 0.0057161 0.00511111 0.00458793 0.00399556 0.0035552 0.0031002 0.00282952 0.00243663 0.00213262 0.00186547 0.00168115 0.00145339 0.00128169 0.00112969 0.00095142 0.00082618 0.00072417 0.00065549 0.000583275 0.00051712 0.00040198 0.00038279 0.00231947 
0.0243637 0.0242102 0.0242759 0.0245092 0.0242516 0.0243405 0.0243132 0.0241567 0.0237709 0.0235083 0.022827 0.0222998 0.0219089 0.0210014 0.0202485 0.0193991 0.0185022 0.017778 0.0168816 0.0157792 0.0148662 0.0138769 0.0130527 0.0120129 0.0111782 0.0102606 0.00945108 0.00878801 0.0081098 0.00721393 0.00667358 0.00601405 0.00543885 0.00491769 0.00444703 0.00408394 0.00360873 0.00333452 0.00291133 0.00259621 0.00234775 0.00206646 0.00187355 0.00162206 0.0014746 0.00127816 0.00112464 0.00103576 0.000898395 0.000797395 0.00547774 
0.019035 0.01919 0.019185 0.0192663 0.0193799 0.0193218 0.0196526 0.0193693 0.0192804 0.0193794 0.0191218 0.0189824 0.0185355 0.0183219 0.0177028 0.0175073 0.0170493 0.0164246 0.016007 0.0155045 0.0146612 0.0142339 0.0133153 0.0126684 0.0120594 0.0114751 0.0107772 0.0100889 0.00942078 0.00883346 0.00824918 0.00753612 0.00704324 0.00652056 0.0059893 0.00549238 0.00508788 0.00466065 0.00413141 0.00380518 0.00347137 0.00313757 0.00283507 0.00264721 0.00232351 0.00211141 0.00194173 0.00170084 0.00155338 0.00134734 0.0108065 
0.0152757 0.0154485 0.0152848 0.0153374 0.0155151 0.0155954 0.0156636 0.0157313 0.015456 0.0155899 0.0154777 0.0155464 0.0153227 0.0152025 0.0150318 0.0150081 0.0146773 0.0143541 0.0140047 0.0138299 0.0134042 0.0131209 0.0124275 0.0122306 0.0118296 0.0114095 0.0108853 0.0103803 0.00983892 0.00936169 0.00882437 0.0084633 0.00779266 0.00741542 0.00691042 0.00662964 0.00600294 0.00567873 0.00520554 0.00485659 0.00452379 0.00411929 0.00373246 0.00354207 0.00316534 0.00291082 0.00270377 0.00245228 0.00221544 0.00205889 0.0182441 
0.0122084 0.012171 0.0121993 0.0124245 0.0124286 0.0125897 0.0125669 0.0125038 0.0125543 0.0126306 0.0126215 0.0125381 0.0124457 0.0126477 0.0125008 0.0123821 0.0122548 0.0120215 0.0118922 0.0118958 0.011569 0.0112352 0.0111297 0.0109474 0.0106055 0.0103661 0.0101313 0.00977731 0.0094632 0.00920464 0.00869257 0.00832796 0.00800779 0.00761843 0.0071407 0.00683871 0.00653016 0.0061004 0.00583578 0.00549491 0.00516262 0.00485608 0.00453793 0.00419352 0.00391729 0.00364863 0.00340118 0.00315171 0.00289416 0.00271539 0.0271104 
0.00974751 0.0097864 0.0099379 0.00998133 0.00991265 0.0101879 0.0101954 0.010256 0.0102555 0.0101985 0.0101965 0.0103555 0.0102581 0.0103313 0.010198 0.0102071 0.0101283 0.0098677 0.00986922 0.00980862 0.00986265 0.00981013 0.00958137 0.00934907 0.00937836 0.00911374 0.00904253 0.00866984 0.00860823 0.00826231 0.00807041 0.00788356 0.00751491 0.00728463 0.00700839 0.00675892 0.00647966 0.00628069 0.00590042 0.00575953 0.00539643 0.005151 0.00481164 0.00460863 0.00438744 0.00409454 0.00387335 0.00363903 0.00354561 0.00312999 0.0367004 
0.0078573 0.00791487 0.00802294 0.00816888 0.00823403 0.00828655 0.00825372 0.00820726 0.00837644 0.00827645 0.00840068 0.00839007 0.00841785 0.00844916 0.00843906 0.00835169 0.00825372 0.00834008 0.00825473 0.0082007 0.00825069 0.00812646 0.00809515 0.00795981 0.00795779 0.00784417 0.00777347 0.00768156 0.00749269 0.00737452 0.00714828 0.00698163 0.00675185 0.00671297 0.00644128 0.00628473 0.0061105 0.00600344 0.00566055 0.00555096 0.00536209 0.00508182 0.00489497 0.00458187 0.00448491 0.00425917 0.00413949 0.00387891 0.00372337 0.00342744 0.0455283 
0.00641401 0.00655288 0.00659126 0.00658066 0.0066049 0.00665237 0.00672812 0.00670438 0.0067766 0.00681195 0.00682407 0.00697557 0.00700385 0.0069791 0.00694628 0.00690739 0.00693466 0.00687356 0.00682609 0.00692153 0.00678417 0.0069281 0.00681649 0.00675438 0.00663621 0.00661348 0.00648824 0.00652006 0.00631907 0.00630493 0.00628372 0.00607616 0.00599536 0.00597365 0.00576205 0.00566509 0.00553531 0.00543279 0.00528887 0.00515504 0.00492628 0.00488335 0.0046455 0.00446976 0.00435209 0.00423645 0.00406727 0.00390214 0.00364206 0.00357086 0.0526483 
0.00522978 0.00527523 0.00539441 0.00536209 0.00544946 0.00550804 0.00554591 0.00559742 0.00562065 0.00571458 0.00568378 0.00571054 0.00568479 0.00563277 0.00569792 0.00570751 0.00583629 0.00572771 0.00577114 0.00572064 0.00584285 0.00568933 0.00577165 0.00565297 0.00551713 0.00557217 0.00555298 0.00543734 0.00537169 0.00540249 0.00528685 0.00522271 0.00523786 0.00513131 0.00505707 0.00496062 0.00486063 0.00486113 0.00472276 0.00456369 0.00453137 0.00438239 0.00421726 0.00416625 0.00411828 0.00397486 0.0038077 0.00365418 0.00349107 0.00345218 0.0583124 
0.00433189 0.00426624 0.00440865 0.00444451 0.00450309 0.00454298 0.0046051 0.00456672 0.00464802 0.00469347 0.00467378 0.00472983 0.00479296 0.00469751 0.00483336 0.00479801 0.00482326 0.00470307 0.0048374 0.00474145 0.00483386 0.00475357 0.00474953 0.00478033 0.00467378 0.00462378 0.0046657 0.0046157 0.00459348 0.00455258 0.00456874 0.00449703 0.00449753 0.00439906 0.00437431 0.00424756 0.00427028 0.00415312 0.00416777 0.00404152 0.00402687 0.00382134 0.00382033 0.00380417 0.00364459 0.00360621 0.0034845 0.00331331 0.00321231 0.00318756 0.0615933 
0.00361934 0.00363499 0.00365974 0.0037471 0.00366024 0.00369913 0.00383699 0.00383093 0.00386073 0.00382134 0.00392991 0.00392638 0.00393294 0.0039188 0.00397587 0.00397738 0.00396021 0.00400516 0.00400011 0.00402788 0.0040496 0.00405818 0.00397991 0.00404657 0.00405111 0.00398041 0.0039183 0.00387638 0.00388699 0.00388749 0.00391779 0.00385113 0.00383901 0.00372135 0.00379306 0.00378498 0.00366226 0.00360166 0.00354005 0.00351329 0.00343299 0.00336734 0.00343754 0.00332543 0.00329412 0.00316433 0.00317241 0.00305929 0.00295981 0.00293809 0.0629518 
0.00294163 0.00301738 0.00302495 0.00306434 0.00309616 0.00312343 0.00311484 0.00325119 0.00323958 0.00318201 0.00330775 0.00332088 0.00327543 0.00334209 0.00321736 0.00329058 0.00337239 0.00339057 0.00335623 0.00342794 0.0034037 0.00334967 0.00336583 0.00335219 0.00337542 0.00334765 0.00338502 0.00331634 0.00335371 0.00331735 0.00332997 0.00327947 0.00327796 0.00328604 0.00320776 0.00321029 0.00314262 0.0031608 0.00304869 0.00299314 0.00301738 0.00298657 0.00284517 0.002878 0.00282649 0.00284113 0.00266489 0.00274013 0.00262449 0.00256338 0.0627417 
0.00245582 0.00249268 0.00252349 0.00244572 0.0026058 0.00261237 0.00259722 0.00266539 0.00269519 0.00272044 0.00274367 0.00273811 0.00272498 0.00276033 0.00281487 0.00285578 0.00282194 0.00284921 0.00284416 0.00282043 0.00286234 0.00282245 0.00285022 0.00280376 0.00294567 0.00286133 0.00291537 0.00280932 0.00286184 0.00281083 0.00276942 0.00273054 0.00278356 0.00274013 0.00272599 0.00265883 0.0026159 0.00273104 0.00263509 0.00264115 0.0025957 0.00260833 0.00252298 0.00246339 0.00249319 0.00243309 0.00245683 0.00229169 0.00238562 0.00226493 0.0613782 
0.00204727 0.00204879 0.00210484 0.00216544 0.00209323 0.00217352 0.00219675 0.00224523 0.00226695 0.00227301 0.00225281 0.00229927 0.00233159 0.00238411 0.00238209 0.00239572 0.00236795 0.00234522 0.00235684 0.00233714 0.00242905 0.00241996 0.00240431 0.00242905 0.00241845 0.0024038 0.00237855 0.00239067 0.00236744 0.00238916 0.0023831 0.00236239 0.00245026 0.00233664 0.00236391 0.00231492 0.00233159 0.00228412 0.00223311 0.00230684 0.00222655 0.00228008 0.00215585 0.00219372 0.00212302 0.00213565 0.00208969 0.0020801 0.00202707 0.00202707 0.0591198 
0.00173013 0.00170387 0.00177407 0.00173569 0.00183214 0.00176144 0.00186345 0.00188517 0.00189628 0.00188315 0.00192961 0.00195991 0.00193617 0.00197001 0.00199223 0.00197758 0.00202909 0.001969 0.00207707 0.00206343 0.00208111 0.00200738 0.00205283 0.00204071 0.00205586 0.00208262 0.0020397 0.00200536 0.00208464 0.0020195 0.00200233 0.00202606 0.00202303 0.00202253 0.00199273 0.00202101 0.00193516 0.00192203 0.00202303 0.0019392 0.0018685 0.00189729 0.00188365 0.00189577 0.00184426 0.00180538 0.00180437 0.0018579 0.00182608 0.00175942 0.05621 
0 0 0 0 0 0 0 0 0 0 0 0 0 0 0 0 0 0 0 0 0 0 0 0 0 0 0 0 0 0 0 0 0 0 0 0 0 0 0 0 0 0 0 0 0 0 0 0 0 0 0 
Per-collision Densities L:
0.907964 0.744427 0.60994 0.500937 0.410218 0.336977 0.276793 0.226917 0.186309 0.152796 0.125202 0.102874 0.0845067 0.0692986 0.0567691 0.0463065 0.0378664 0.0314282 0.0256666 0.0209651 0.0172801 0.0141622 0.0114534 0.00930917 0.00781286 0.00646855 0.00526564 0.00428897 0.00361277 0.00289567 0.00238663 0.00193062 0.00165438 0.00128927 0.00112363 0.000882235 0.000720635 0.00059186 0.0004848 0.0003838 0.000327745 0.000250985 0.000225735 0.00019695 0.000160085 0.000114635 9.7465e-05 8.181e-05 7.07e-05 5.8075e-05 0.00025957 
0.066612 0.167309 0.229917 0.264096 0.279217 0.279524 0.271626 0.257199 0.239463 0.219813 0.198499 0.178849 0.159676 0.141443 0.124427 0.10925 0.0954415 0.0828978 0.0718494 0.0620615 0.0535704 0.0463378 0.0395289 0.0337552 0.0291607 0.0245794 0.0211085 0.0180128 0.0153298 0.0130699 0.0109257 0.00931271 0.00798153 0.00669378 0.00570701 0.00470711 0.00405162 0.00342592 0.00285224 0.00241845 0.00199829 0.00169175 0.00139128 0.00118271 0.0010095 0.000823655 0.00071306 0.00056863 0.00049187 0.000412585 0.00213868 
0.00409808 0.0214847 0.046354 0.073575 0.0987063 0.119908 0.136964 0.149172 0.156276 0.160645 0.160771 0.157976 0.152663 0.145998 0.137954 0.129053 0.120175 0.110638 0.101543 0.0924761 0.0838578 0.0757949 0.0679952 0.0606859 0.0539507 0.0483381 0.0428321 0.0376336 0.0330785 0.0290764 0.0255626 0.022216 0.0196586 0.0169619 0.0147975 0.0129108 0.0111019 0.00961419 0.00843451 0.00722554 0.00619635 0.00537926 0.0045849 0.00405162 0.00339714 0.0029184 0.00249874 0.00211898 0.00190739 0.0015751 0.00894456 
0.00078679 0.00356732 0.0087158 0.0166185 0.0266635 0.0378826 0.0497087 0.0610368 0.0719403 0.0815358 0.0893719 0.0956283 0.0999506 0.103013 0.104336 0.104208 0.102612 0.100237 0.097114 0.0929998 0.0886477 0.083834 0.0789002 0.0734401 0.0681341 0.0629685 0.0579366 0.0529861 0.0483901 0.0442067 0.0397581 0.0358681 0.0323655 0.0291193 0.0259105 0.0234648 0.0207348 0.018386 0.0163968 0.0145203 0.0128204 0.0113115 0.0100384 0.00879205 0.00769772 0.00672812 0.0059489 0.00511363 0.00446168 0.0038981 0.0255293 
0.000558025 0.00164428 0.00322594 0.00521968 0.00823352 0.0121013 0.0168039 0.0222109 0.0281896 0.0343259 0.0404535 0.0468049 0.0523968 0.0575246 0.061765 0.0653839 0.0682603 0.0701546 0.0714055 0.0722635 0.0718176 0.070905 0.0696597 0.0676705 0.0653824 0.0625983 0.0597405 0.0569524 0.0534194 0.0504864 0.0473124 0.0437098 0.0409237 0.0378321 0.0346364 0.0320357 0.0291986 0.0266403 0.0244359 0.0222367 0.0200182 0.0182866 0.0162524 0.0146859 0.0131896 0.0116812 0.0105878 0.00937482 0.00829564 0.00741643 0.0553546 
0.00042925 0.00124584 0.00207555 0.00306535 0.00409404 0.00561813 0.00720686 0.00936927 0.0119655 0.0145804 0.0178467 0.0215271 0.0250354 0.0285174 0.032117 0.0357666 0.0389769 0.0418731 0.044435 0.0466484 0.0486265 0.0497955 0.0508126 0.0514837 0.051714 0.0513166 0.050704 0.0496248 0.0486562 0.0470402 0.0453182 0.043584 0.0415741 0.0398975 0.0376382 0.0357964 0.0333189 0.0312686 0.0290365 0.0271195 0.0251313 0.023332 0.0215261 0.0197081 0.0182512 0.0166241 0.0152677 0.0138739 0.0126093 0.0113746 0.0974069 
0.00033128 0.000999395 0.00161247 0.00222705 0.0029795 0.00370014 0.00443441 0.00536058 0.00644582 0.0076457 0.00917131 0.0107944 0.0124013 0.0145728 0.0164211 0.0187865 0.0210353 0.0231543 0.0255606 0.0275079 0.0293854 0.0312949 0.0329558 0.034342 0.0354692 0.0367595 0.0371382 0.0378907 0.0378189 0.0377871 0.0374559 0.0371897 0.0362666 0.0355773 0.0346622 0.0335825 0.032524 0.0309747 0.0297632 0.0280916 0.0268933 0.025253 0.0240683 0.0224392 0.0211282 0.0196198 0.0184446 0.0171564 0.015912 0.0145657 0.146922 
0.00026563 0.000754975 0.00120594 0.00178114 0.00224624 0.002777 0.00335623 0.0039587 0.00452379 0.00510858 0.00584033 0.00662762 0.00753006 0.00848148 0.00946269 0.0107206 0.0119458 0.0130962 0.014497 0.0161701 0.0172392 0.0186875 0.0200884 0.0213039 0.0227139 0.0239749 0.0250202 0.0258868 0.0264469 0.0274776 0.0275826 0.0281467 0.0283507 0.0282608 0.0284032 0.0280921 0.0276225 0.0269261 0.0264524 0.0257606 0.0249435 0.0241612 0.0233143 0.0224947 0.0214645 0.0204757 0.0194218 0.0184381 0.0175366 0.0162686 0.1943 
0.00019897 0.00061408 0.000994345 0.00140188 0.00177154 0.00219675 0.0025548 0.00297344 0.00342087 0.00391426 0.00433341 0.00481871 0.00525756 0.00577518 0.00640542 0.006918 0.00768711 0.00826736 0.00910111 0.00981821 0.010807 0.0115983 0.0123826 0.013428 0.0143632 0.0152404 0.0161817 0.0170958 0.0176826 0.0185608 0.0192107 0.0197879 0.0204444 0.0208787 0.0210959 0.0214691 0.021568 0.0215983 0.0214514 0.0212731 0.021111 0.0204515 0.0203374 0.0199465 0.0196006 0.0189461 0.0182563 0.017679 0.0170311 0.0163105 0.232247 
0.000156045 0.000488335 0.00080194 0.00109434 0.00142461 0.00170084 0.00209222 0.00236088 0.00269115 0.00305778 0.0033123 0.00369155 0.00406879 0.00436017 0.00471216 0.00505404 0.0054232 0.00598476 0.00619989 0.00672408 0.00728665 0.00777195 0.00822948 0.00879761 0.00945209 0.00990406 0.0107782 0.0112559 0.0119236 0.0124144 0.0129851 0.0136259 0.0141132 0.0145879 0.0151111 0.0155136 0.0159201 0.016011 0.0163085 0.0165943 0.0166281 0.0165054 0.0164226 0.0163989 0.016157 0.0160125 0.0158762 0.015407 0.0151838 0.0148733 0.254707 
0.000128775 0.00041309 0.000649935 0.000915565 0.0012019 0.00137966 0.00162913 0.00191799 0.0021614 0.00240532 0.00266388 0.00293052 0.00321887 0.00345067 0.00366984 0.00394052 0.0042011 0.00448794 0.00479245 0.00499243 0.00526816 0.00568024 0.00594587 0.00621403 0.00665186 0.0069382 0.0073124 0.00779266 0.00816636 0.0085946 0.00901829 0.00940967 0.00979852 0.0101192 0.0105197 0.0110029 0.0112807 0.0115857 0.01197 0.0121821 0.0123907 0.0126331 0.012778 0.0127644 0.0128012 0.0128204 0.0128987 0.012727 0.0127528 0.0125477 0.262434 
0.000105545 0.000319665 0.00052924 0.000756995 0.00097162 0.00115342 0.00139784 0.00151854 0.00175437 0.00200233 0.00220382 0.00236845 0.00257702 0.00281689 0.00297344 0.00313403 0.00335825 0.00355924 0.00370771 0.00400667 0.00415514 0.00431876 0.00458389 0.00472983 0.00499041 0.0052015 0.00549289 0.00565903 0.00605344 0.00620292 0.00643724 0.00689477 0.00708465 0.00739118 0.00756389 0.00786033 0.00809465 0.00849259 0.00855975 0.00890012 0.00912636 0.00926473 0.00946572 0.00971065 0.00985003 0.00978539 0.00996113 0.0101121 0.0101379 0.010045 0.25797 
9.09e-05 0.00026058 0.00043935 0.000588325 0.0007373 0.000932735 0.00110393 0.0012726 0.00145743 0.00158015 0.00172407 0.00193617 0.00212403 0.00227452 0.00239421 0.00257651 0.00273407 0.0028785 0.00305626 0.00319766 0.00337694 0.00345117 0.00365873 0.00380164 0.0039895 0.00409707 0.00418443 0.00440966 0.00457429 0.00475862 0.00496668 0.00510707 0.00518534 0.00547622 0.00567317 0.00580296 0.00600344 0.00621554 0.00636603 0.00648976 0.00678316 0.00692204 0.00712353 0.00727907 0.00749067 0.00745582 0.00769519 0.00776286 0.00794416 0.00783659 0.244192 
7.272e-05 0.0002121 0.00035047 0.000481265 0.00065852 0.000763055 0.000931725 0.00104687 0.00119887 0.0013226 0.00144935 0.00155237 0.00171296 0.00181144 0.00200031 0.00208666 0.00219069 0.00239067 0.00250581 0.00264115 0.00271034 0.00284719 0.0030098 0.0030901 0.00314868 0.00330018 0.00339916 0.0035345 0.00362287 0.00382235 0.00388446 0.00404202 0.0040799 0.00432028 0.00430614 0.0045147 0.00458793 0.00483841 0.00489244 0.00497324 0.00513383 0.00520605 0.00543885 0.00551561 0.00567873 0.00571862 0.00586911 0.00590749 0.00593123 0.00620645 0.226008 
6.06e-05 0.00017372 0.00029391 0.00040804 0.00049591 0.00062519 0.00073831 0.00083931 0.00093728 0.00111151 0.00118776 0.00131856 0.00146147 0.00148268 0.00165842 0.00175841 0.00181295 0.00197506 0.00205081 0.0021508 0.00218665 0.00234068 0.0024139 0.00250177 0.00261893 0.00263661 0.00276185 0.00292294 0.00299617 0.00302798 0.00316736 0.00327745 0.00330775 0.00336583 0.0035047 0.00359207 0.00362944 0.0037976 0.00385164 0.00391022 0.00399001 0.00411272 0.00418039 0.00430816 0.00437886 0.0045248 0.00450258 0.0045652 0.00464449 0.00480508 0.205648 
5.656e-05 0.0001414 0.000248965 0.000338855 0.00042319 0.00049086 0.000624685 0.000728715 0.00075952 0.00086254 0.00099485 0.00107969 0.00113928 0.00128674 0.00132916 0.00136502 0.00149026 0.00154227 0.00169074 0.00174124 0.00183669 0.00197253 0.0020599 0.00212403 0.00219221 0.00221746 0.002272 0.00232098 0.00247198 0.00250581 0.00255429 0.00265327 0.00274215 0.00276235 0.0028578 0.00294617 0.00303707 0.00302798 0.00308757 0.00316686 0.00329765 0.00327695 0.00336229 0.00346329 0.00347592 0.0034941 0.00360116 0.00363853 0.00369812 0.00378094 0.185093 
4.848e-05 0.000125745 0.00019291 0.00026967 0.000361075 0.00043127 0.00053631 0.000573175 0.000660035 0.000717605 0.00081709 0.000876175 0.000957985 0.00101707 0.00109737 0.00118877 0.00123624 0.00128624 0.00138118 0.00143471 0.00153217 0.00158217 0.00168165 0.00177205 0.00178013 0.00188062 0.00195031 0.00194223 0.00204273 0.00208111 0.00211999 0.00221847 0.00224826 0.00225786 0.00235785 0.00242956 0.00247501 0.00253763 0.00262802 0.00256793 0.00262903 0.00264923 0.00274165 0.0027472 0.00287699 0.00290577 0.00289517 0.00294163 0.002979 0.00303859 0.165695 
2.8785e-05 0.000101 0.00016564 0.00022927 0.00027674 0.000377235 0.000436825 0.00047773 0.00055146 0.00060499 0.000666095 0.0007272 0.00083022 0.00081608 0.00089991 0.00101909 0.00103273 0.00108626 0.00112009 0.00121402 0.00125341 0.00131098 0.00137764 0.0014443 0.00144329 0.00156247 0.00158823 0.00165085 0.00169933 0.00177306 0.00181901 0.00183568 0.00186497 0.00196647 0.00196496 0.00199677 0.00201344 0.00206848 0.00212403 0.00219675 0.00227402 0.00219827 0.00226291 0.00229169 0.0023129 0.00233462 0.00239269 0.00247248 0.00241037 0.00247854 0.147896 
2.828e-05 7.7265e-05 0.000129785 0.00018988 0.00023735 0.000271185 0.000338855 0.00041814 0.000468135 0.000504495 0.000535805 0.00060095 0.00068175 0.000732755 0.00081002 0.00081204 0.00083022 0.000928695 0.000933745 0.00106252 0.00102414 0.00110242 0.00115696 0.00121705 0.0012216 0.00125392 0.0013125 0.00137714 0.00141451 0.00144834 0.00150743 0.00152258 0.00155187 0.00155389 0.00163216 0.00169125 0.0017675 0.00174528 0.00180184 0.00182659 0.00184073 0.00182053 0.00192658 0.00196799 0.00192658 0.00198415 0.00197051 0.0020604 0.00203061 0.0020604 0.131781 
0 0 0 0 0 0 0 0 0 0 0 0 0 0 0 0 0 0 0 0 0 0 0 0 0 0 0 0 0 0 0 0 0 0 0 0 0 0 0 0 0 0 0 0 0 0 0 0 0 0 0 
