Half rod, albedo problem, Anisotropic scattering, exponential random flight, mu_t: 3 g: -0.7
Analogmu_t c: 0.9 maxx: 10 dx: 0.19802 numsamples: 10000000 numCollisionOrders: 20 numMoments: 10
total albedo: 0.603092
per-collision order albedos: 
0 0.382689 0.0515838 0.06296 0.0235425 0.0226426 0.0124522 0.0107577 0.0071396 0.0059593 0.0042802 0.0035101 0.0027235 0.0022069 0.0017968 0.001475 0.0011802 0.0009916 0.0008044 0.0006763 
Collision density L:
1.60877 1.26402 0.992872 0.781882 0.616547 0.484538 0.380014 0.300225 0.236296 0.185778 0.145967 0.115143 0.0900511 0.0712161 0.055756 0.0441713 0.0345501 0.0270493 0.021258 0.0166357 0.0133037 0.010348 0.0082512 0.0064943 0.0051712 0.0040597 0.00315474 0.00243865 0.00193213 0.00154429 0.00122261 0.00095748 0.000712555 0.000551965 0.00047268 0.00035451 0.000274215 0.00023028 0.000188365 0.000144935 0.0001212 8.4335e-05 7.3225e-05 6.4135e-05 4.242e-05 3.535e-05 2.222e-05 2.525e-05 1.616e-05 1.313e-05 8.282e-05 
Collision density R:
2.66976 2.09801 1.64895 1.2969 1.02126 0.803603 0.631914 0.497468 0.390922 0.307742 0.242492 0.19053 0.149658 0.118082 0.0929538 0.0730604 0.0576548 0.0448824 0.0354667 0.027824 0.0219347 0.01717 0.0136481 0.0106242 0.00841027 0.00679175 0.00542168 0.00408697 0.0032315 0.00249975 0.00195486 0.00162307 0.00127866 0.000942835 0.00076255 0.000611555 0.000488335 0.000362085 0.00028179 0.00023028 0.000194425 0.000155035 0.000118675 9.999e-05 7.4235e-05 6.06e-05 4.1915e-05 3.434e-05 2.3735e-05 2.424e-05 0.000102515 
Density Moments:
3.96783 3.27515 5.41001 13.4195 44.4976 185.286 931.877 5506.94 37379.3 285328 
Per-collision Density Moments:
1 0.333162 0.222026 0.221867 0.295503 0.491802 0.981316 2.27886 6.01848 17.7396 
0.517353 0.217373 0.174821 0.204605 0.312292 0.58573 1.30021 3.32846 9.64054 31.1217 
0.413966 0.264787 0.265094 0.35768 0.60554 1.2313 2.91761 7.87731 23.8207 79.6256 
0.309596 0.215702 0.239462 0.356191 0.659083 1.45326 3.7108 10.7475 34.7459 123.753 
0.255097 0.216251 0.271634 0.442901 0.881987 2.06762 5.56507 16.8892 57.0173 211.92 
0.20687 0.188132 0.254853 0.446271 0.949663 2.3689 6.76197 21.7018 77.2298 301.207 
0.173664 0.1774 0.261213 0.48955 1.10455 2.90362 8.70056 29.2465 108.901 444.348 
0.145538 0.158023 0.247253 0.490706 1.16851 3.23325 10.1782 35.8997 140.162 599.353 
0.123832 0.145606 0.242448 0.507384 1.26559 3.6472 11.8908 43.1772 172.414 748.81 
0.105531 0.130904 0.229289 0.50307 1.31204 3.94639 13.4196 50.8528 212.328 967.39 
0.0907239 0.119384 0.219557 0.503114 1.36516 4.25784 14.964 58.3946 250.032 1162.53 
0.0781805 0.107741 0.206921 0.493862 1.39202 4.49656 16.3106 65.435 286.791 1358.82 
0.067653 0.097753 0.195515 0.483878 1.40935 4.68983 17.4726 71.7734 321.018 1546.48 
0.0586924 0.0883171 0.18336 0.470034 1.41539 4.86072 18.6553 78.8012 361.836 1787.26 
0.0510228 0.0798948 0.171856 0.455115 1.4125 4.98915 19.6553 85.067 399.613 2017.61 
0.0444366 0.072057 0.16008 0.437128 1.39687 5.07323 20.5286 91.2008 439.791 2280.96 
0.0387632 0.0649793 0.148694 0.4171 1.36544 5.06586 20.8776 94.1789 459.781 2407.61 
0.0338862 0.0586633 0.138275 0.399128 1.34471 5.14016 21.8729 102.206 519.076 2842.56 
0.0296677 0.0529069 0.128244 0.380213 1.31417 5.14769 22.4237 107.163 556.091 3107.25 
0 0 0 0 0 0 0 0 0 0 
Per-collision Densities L:
0 0 0 0 0 0 0 0 0 0 0 0 0 0 0 0 0 0 0 0 0 0 0 0 0 0 0 0 0 0 0 0 0 0 0 0 0 0 0 0 0 0 0 0 0 0 0 0 0 0 0 
0.865308 0.476926 0.263347 0.145689 0.0805647 0.0441471 0.0244031 0.0135416 0.00745835 0.00411525 0.00223008 0.00119736 0.000675185 0.000389355 0.000219675 0.000120695 6.868e-05 3.1815e-05 2.02e-05 1.1615e-05 5.555e-06 3.03e-06 1.515e-06 5.05e-07 5.05e-07 5.05e-07 0 5.05e-07 0 0 0 0 0 0 0 0 0 0 0 0 0 0 0 0 0 0 0 0 0 0 0 
0.147768 0.12053 0.0875458 0.0599581 0.0395718 0.0256065 0.0159979 0.00986821 0.00609636 0.00364004 0.00221241 0.00128624 0.00079487 0.00049692 0.00025755 0.000183315 9.3425e-05 5.252e-05 3.232e-05 1.6665e-05 9.09e-06 6.06e-06 4.545e-06 3.03e-06 5.05e-07 5.05e-07 0 1.01e-06 0 0 0 0 0 0 0 0 0 0 0 0 0 0 0 0 0 0 0 0 0 0 0 
0.215082 0.20971 0.167439 0.12237 0.0843012 0.0564408 0.0365246 0.023133 0.0147026 0.00912333 0.00555601 0.00331028 0.00204778 0.00122513 0.0007171 0.00044743 0.000258055 0.000150995 9.191e-05 4.8985e-05 3.03e-05 1.7675e-05 9.09e-06 6.565e-06 2.02e-06 2.02e-06 1.01e-06 0 0 1.01e-06 0 0 0 0 0 0 0 0 0 0 0 0 0 0 0 0 0 0 0 0 0 
0.0805627 0.0863686 0.0781765 0.0648067 0.0500809 0.0368463 0.0261817 0.018133 0.0123533 0.00818151 0.00538583 0.00348804 0.00218059 0.00143521 0.000880215 0.00054843 0.000343905 0.00022927 0.00013635 7.07e-05 4.848e-05 2.525e-05 1.8685e-05 1.212e-05 1.111e-05 1.515e-06 2.02e-06 1.01e-06 5.05e-07 1.515e-06 0 0 0 0 0 0 0 0 0 0 0 0 0 0 0 0 0 0 0 0 0 
0.0816555 0.0944673 0.0908106 0.0789638 0.0634649 0.0483613 0.0351541 0.0252046 0.0176068 0.0120023 0.00800728 0.00541613 0.00352389 0.00221544 0.00144026 0.000881225 0.00058984 0.000361075 0.000218665 0.000135845 8.2315e-05 5.656e-05 3.232e-05 1.616e-05 9.595e-06 1.111e-05 5.05e-06 2.525e-06 2.02e-06 2.02e-06 5.05e-07 0 0 0 0 5.05e-07 0 0 0 0 0 0 0 0 0 0 0 0 0 0 0 
0.0444925 0.0530225 0.0539896 0.0497072 0.0431366 0.0350546 0.0269322 0.0206121 0.0152015 0.0108686 0.00754975 0.00534745 0.00359611 0.00239522 0.00159883 0.00108323 0.00069892 0.000448945 0.000260075 0.0001818 0.00011817 7.272e-05 4.3935e-05 3.03e-05 2.7775e-05 8.585e-06 6.06e-06 2.02e-06 2.525e-06 5.05e-07 1.01e-06 5.05e-07 5.05e-07 1.01e-06 0 0 0 0 0 0 0 0 0 0 0 0 0 0 0 0 0 
0.0394011 0.0486088 0.0513338 0.0490946 0.043531 0.0365368 0.029387 0.0228578 0.0171811 0.0125967 0.00908495 0.00648976 0.00448693 0.00305071 0.0021109 0.00139835 0.000922635 0.000607515 0.00039895 0.000264115 0.00017877 0.00011312 6.5145e-05 4.141e-05 2.5755e-05 2.222e-05 1.5655e-05 7.575e-06 5.555e-06 3.03e-06 3.03e-06 0 2.02e-06 5.05e-07 0 5.05e-07 0 0 0 0 0 0 0 0 0 0 0 0 0 0 0 
0.0259312 0.0322907 0.0352586 0.0348147 0.0322276 0.0280462 0.0232896 0.019085 0.0150152 0.0113595 0.00850117 0.00627968 0.00448844 0.00322847 0.00222907 0.00155439 0.00108777 0.0006969 0.000507525 0.000306535 0.000215635 0.00013635 9.191e-05 7.07e-05 3.8885e-05 2.525e-05 1.5655e-05 1.3635e-05 5.555e-06 3.535e-06 1.515e-06 3.03e-06 2.02e-06 2.02e-06 0 5.05e-07 0 5.05e-07 0 0 0 0 0 0 0 0 0 0 0 0 0 
0.0219857 0.0276366 0.030756 0.0310085 0.0295945 0.026214 0.0225957 0.0187325 0.0150828 0.0117443 0.00890719 0.00678973 0.00492729 0.00350975 0.00259873 0.00177407 0.00122412 0.000864055 0.000583275 0.0003838 0.00029694 0.000176245 0.000112615 8.3325e-05 4.5955e-05 3.535e-05 2.1715e-05 1.3635e-05 9.09e-06 5.555e-06 4.04e-06 2.525e-06 1.515e-06 1.515e-06 5.05e-07 0 0 0 0 0 0 0 0 0 0 0 0 0 0 0 0 
0.0157878 0.0202768 0.0228937 0.0236259 0.0232265 0.0212676 0.0187017 0.0160423 0.0130169 0.0106116 0.00833654 0.0063731 0.00473286 0.00354813 0.00265933 0.00195334 0.00134431 0.000957985 0.00065448 0.00047066 0.000306535 0.000199475 0.000147965 9.494e-05 7.878e-05 5.2015e-05 2.828e-05 2.0705e-05 1.2625e-05 1.111e-05 8.08e-06 6.565e-06 1.515e-06 1.01e-06 0 1.01e-06 1.01e-06 1.515e-06 5.05e-07 5.05e-07 0 0 0 0 0 0 0 0 0 0 0 
0.0131643 0.0168448 0.0193738 0.0203535 0.0202813 0.0188522 0.0169569 0.0147859 0.0122912 0.0101389 0.00808253 0.00634735 0.00483033 0.00369155 0.00271438 0.00197657 0.00149228 0.0010504 0.00074437 0.00051914 0.00038279 0.000232805 0.00018988 0.000111605 8.3325e-05 6.06e-05 3.5855e-05 2.1715e-05 1.6665e-05 8.585e-06 1.111e-05 4.545e-06 2.525e-06 1.01e-06 2.02e-06 5.05e-07 0 0 0 5.05e-07 0 0 0 0 0 0 0 0 0 0 0 
0.0101126 0.0131941 0.0150904 0.0161913 0.0163433 0.0156368 0.0143203 0.0126932 0.0107818 0.00894002 0.00735331 0.00596102 0.00463338 0.00363651 0.0027573 0.00208161 0.00152106 0.00113373 0.00082416 0.00056661 0.000417635 0.000291385 0.000209575 0.00014342 9.191e-05 6.565e-05 4.0905e-05 2.8785e-05 2.2725e-05 1.4645e-05 1.0605e-05 8.585e-06 2.525e-06 6.565e-06 5.05e-07 1.01e-06 5.05e-07 1.01e-06 0 1.01e-06 0 0 0 0 0 0 0 0 0 0 0 
0.00817545 0.0108742 0.0127871 0.0136986 0.0139097 0.0135688 0.0124998 0.0112726 0.00976973 0.00844158 0.00694779 0.00568176 0.00450208 0.0034638 0.00268963 0.00210181 0.00157207 0.00117312 0.0008787 0.000574185 0.00042925 0.00031916 0.00023028 0.00016463 0.000100495 8.383e-05 6.161e-05 3.8885e-05 2.626e-05 1.7675e-05 1.4645e-05 4.545e-06 5.05e-06 2.02e-06 2.02e-06 1.01e-06 5.05e-07 0 0 5.05e-07 0 0 0 0 0 0 0 0 0 0 0 
0.00657157 0.00879256 0.0102555 0.0110701 0.0114847 0.0112676 0.0106287 0.00974549 0.00856682 0.00748259 0.00618524 0.00521261 0.00418292 0.00337845 0.00265277 0.00210383 0.0015554 0.00120897 0.00087466 0.00064438 0.000468135 0.000334815 0.00026563 0.00017978 0.000121705 0.000101 5.656e-05 4.343e-05 3.03e-05 2.2725e-05 1.414e-05 1.111e-05 8.585e-06 2.02e-06 2.02e-06 2.02e-06 1.515e-06 0 0 0 5.05e-07 0 0 0 0 0 0 0 0 0 0 
0.0053626 0.00712353 0.00853551 0.00945865 0.00976771 0.0096349 0.00921878 0.00863853 0.00771792 0.00667661 0.005757 0.00480003 0.00397132 0.00326281 0.00256338 0.00195031 0.00157611 0.00118574 0.00088173 0.000658015 0.00048379 0.000343905 0.00026058 0.000203515 0.000153015 0.000102515 7.878e-05 4.5955e-05 3.1815e-05 3.0805e-05 1.7675e-05 1.3635e-05 5.555e-06 4.04e-06 4.04e-06 1.515e-06 0 1.01e-06 5.05e-07 1.01e-06 0 5.05e-07 0 0 0 0 0 0 0 0 0 
0.00435007 0.00594436 0.00704071 0.00780023 0.00816838 0.008181 0.00785174 0.0073119 0.00664631 0.00594941 0.00514343 0.00440916 0.00366731 0.00299162 0.00242703 0.00198263 0.00150642 0.00114989 0.00092314 0.000662055 0.000504495 0.000384305 0.000281285 0.0002121 0.000159075 0.000113625 8.1305e-05 5.555e-05 3.838e-05 3.333e-05 1.717e-05 1.4645e-05 6.06e-06 4.04e-06 4.04e-06 5.05e-07 2.525e-06 1.01e-06 0 5.05e-07 0 5.05e-07 0 0 0 0 0 0 0 0 0 
0.00359863 0.00485204 0.0059287 0.00648572 0.00679478 0.00686851 0.0067766 0.00637462 0.00598981 0.00531008 0.00465408 0.00400112 0.00333856 0.00283204 0.00228109 0.00187204 0.00146753 0.00116201 0.000860015 0.00065852 0.00052318 0.00037572 0.000303505 0.00020907 0.00016059 0.000130795 9.595e-05 6.4135e-05 4.04e-05 2.727e-05 1.212e-05 1.6665e-05 9.595e-06 4.04e-06 5.05e-06 4.04e-06 1.01e-06 1.515e-06 3.03e-06 0 5.05e-07 0 0 5.05e-07 0 0 0 0 0 0 0 
0.00299364 0.00413494 0.00487174 0.00545602 0.00590345 0.0058979 0.00578478 0.00556864 0.00511565 0.00471165 0.0041612 0.00356177 0.00311686 0.0025755 0.00208818 0.00173569 0.00144935 0.00106656 0.00086456 0.00071912 0.00050298 0.000396425 0.00028886 0.00024543 0.00017372 0.000130795 9.8475e-05 6.2115e-05 4.848e-05 3.6865e-05 2.2725e-05 1.9695e-05 1.0605e-05 5.05e-06 6.565e-06 4.545e-06 4.545e-06 2.02e-06 5.05e-07 5.05e-07 1.01e-06 1.515e-06 5.05e-07 0 0 0 0 0 0 0 0 
0 0 0 0 0 0 0 0 0 0 0 0 0 0 0 0 0 0 0 0 0 0 0 0 0 0 0 0 0 0 0 0 0 0 0 0 0 0 0 0 0 0 0 0 0 0 0 0 0 0 0 
Per-collision Densities L:
2.26352 1.2481 0.688871 0.38035 0.210298 0.115874 0.0642426 0.0353242 0.019541 0.0107272 0.00592264 0.00321584 0.00178871 0.000983235 0.00054439 0.00031512 0.00016766 9.9485e-05 5.4035e-05 2.8785e-05 1.5655e-05 8.585e-06 3.535e-06 2.02e-06 5.05e-07 1.01e-06 5.05e-07 5.05e-07 0 0 0 0 0 0 0 0 0 0 0 0 0 0 0 0 0 0 0 0 0 0 0 
0.08171 0.145829 0.135254 0.105464 0.0750536 0.050704 0.0331714 0.0211464 0.0132219 0.00819262 0.00500354 0.00300526 0.00175134 0.00109484 0.000657005 0.0003737 0.000228765 0.00013029 7.373e-05 3.7875e-05 2.323e-05 9.595e-06 8.585e-06 5.555e-06 5.555e-06 5.05e-07 0 1.01e-06 5.05e-07 5.05e-07 0 0 0 0 0 0 0 0 0 0 0 0 0 0 0 0 0 0 0 0 0 
0.180073 0.323038 0.306617 0.242552 0.176326 0.12071 0.0801183 0.0521842 0.0332638 0.0207116 0.0129356 0.00794971 0.00474953 0.00293961 0.00170943 0.00104586 0.00064337 0.000376225 0.000237855 0.000144935 7.373e-05 4.343e-05 2.5755e-05 1.313e-05 6.06e-06 3.03e-06 3.535e-06 5.05e-07 0 5.05e-07 0 5.05e-07 5.05e-07 0 0 0 0 0 0 0 0 0 0 0 0 0 0 0 0 0 0 
0.0329098 0.0811459 0.09883 0.0958409 0.0819044 0.0648046 0.0481523 0.0349576 0.0241491 0.016562 0.0111933 0.00733159 0.0047364 0.00296839 0.00199627 0.00121604 0.00078073 0.000474195 0.00031512 0.00016362 0.000108575 6.1105e-05 3.7875e-05 2.626e-05 1.8685e-05 1.2625e-05 3.535e-06 1.515e-06 1.515e-06 1.515e-06 1.01e-06 0 0 5.05e-07 0 0 0 0 0 0 0 0 0 0 0 0 0 0 0 0 0 
0.0402793 0.100656 0.125785 0.12387 0.108305 0.0877756 0.0672089 0.0491042 0.0350849 0.0245566 0.0168715 0.0112741 0.00751945 0.00484396 0.00314009 0.00199879 0.00131401 0.00082315 0.000501465 0.000327745 0.00019392 0.00011817 6.8175e-05 4.242e-05 2.6765e-05 1.717e-05 6.565e-06 5.05e-06 5.05e-06 2.02e-06 2.02e-06 0 5.05e-07 0 0 0 0 5.05e-07 0 0 0 0 0 0 0 0 0 0 0 0 0 
0.0156146 0.0425579 0.0587805 0.0643946 0.0620387 0.0549127 0.0454586 0.0358671 0.0271544 0.0203495 0.0146844 0.0103434 0.00729473 0.00490911 0.00330068 0.0022013 0.00145339 0.000937785 0.000621655 0.000409555 0.00027472 0.00015655 9.9485e-05 6.464e-05 4.8985e-05 2.828e-05 1.414e-05 1.111e-05 3.535e-06 2.02e-06 1.01e-06 2.02e-06 2.02e-06 0 1.01e-06 0 0 0 0 0 0 0 0 0 0 0 0 0 0 0 0 
0.0150939 0.0411227 0.0579144 0.0646243 0.0637729 0.0574528 0.0488466 0.0397804 0.030699 0.0234492 0.0171392 0.012621 0.00890366 0.00615141 0.0043021 0.0029487 0.00191294 0.00131351 0.00084941 0.00058479 0.000368145 0.00023331 0.00014544 0.00010706 5.3025e-05 3.7875e-05 2.9795e-05 1.8685e-05 1.4645e-05 9.09e-06 4.545e-06 1.01e-06 1.515e-06 1.01e-06 0 5.05e-07 5.05e-07 5.05e-07 0 0 0 0 0 0 0 0 0 0 0 0 0 
0.00847037 0.0235785 0.0346531 0.0403081 0.0420872 0.0402081 0.0358747 0.0303949 0.0249808 0.0195693 0.0151399 0.011413 0.00841987 0.00616151 0.00424099 0.00308757 0.00216645 0.00142713 0.00102768 0.00065044 0.000431775 0.000296435 0.000177255 0.00012827 8.686e-05 6.1105e-05 3.131e-05 2.6765e-05 1.515e-05 9.595e-06 6.06e-06 2.525e-06 3.03e-06 3.535e-06 1.01e-06 0 5.05e-07 5.05e-07 5.05e-07 0 0 0 0 0 0 0 0 0 0 0 0 
0.00729422 0.020456 0.0305772 0.0363464 0.0383351 0.0375457 0.0339133 0.0295683 0.0246965 0.0201505 0.0156242 0.0119998 0.00914454 0.00675387 0.00481164 0.00345168 0.00246137 0.00175134 0.00116201 0.000810525 0.000553985 0.00039996 0.000239875 0.00015453 0.00011009 6.868e-05 5.5045e-05 3.232e-05 1.818e-05 1.3635e-05 1.111e-05 5.555e-06 4.04e-06 2.02e-06 1.01e-06 5.05e-07 0 0 5.05e-07 0 0 0 0 0 0 0 0 0 0 0 0 
0.00485305 0.0137289 0.0207348 0.0256202 0.0278972 0.0279598 0.0265004 0.023784 0.0203808 0.017118 0.0138698 0.0108499 0.00848299 0.00649834 0.00477326 0.00352187 0.00262045 0.00183416 0.00130442 0.00094132 0.00061307 0.00041511 0.00028482 0.00018483 0.000136855 9.797e-05 6.868e-05 4.3935e-05 3.03e-05 1.9695e-05 1.0605e-05 1.1615e-05 8.08e-06 1.01e-06 1.01e-06 1.01e-06 1.01e-06 5.05e-07 2.02e-06 5.05e-07 5.05e-07 0 0 0 0 0 0 0 0 0 0 
0.00405364 0.011566 0.0174947 0.0218963 0.0240784 0.0245667 0.0236239 0.0214655 0.0188739 0.0160439 0.0133845 0.0106964 0.00836583 0.00649279 0.00497122 0.00369357 0.00272599 0.00196748 0.00143067 0.00101909 0.00072417 0.000497425 0.000329765 0.000232805 0.00016463 0.00010605 8.8375e-05 5.5045e-05 2.828e-05 1.919e-05 1.515e-05 8.585e-06 7.575e-06 4.545e-06 4.04e-06 2.02e-06 1.01e-06 5.05e-07 0 0 5.05e-07 0 0 0 0 0 0 0 0 0 0 
0.00288608 0.00853551 0.01308 0.0164484 0.0186608 0.0193445 0.0189769 0.0177093 0.0159393 0.013788 0.0116529 0.00971974 0.00771034 0.00614787 0.00479144 0.00369004 0.00277498 0.00205687 0.00150793 0.00109585 0.00078982 0.000560045 0.000393395 0.000261085 0.000201495 0.00013231 0.000101505 6.262e-05 4.2925e-05 2.8785e-05 2.121e-05 1.515e-05 1.01e-05 6.565e-06 3.03e-06 2.02e-06 2.02e-06 1.01e-06 1.515e-06 0 5.05e-07 0 0 0 0 0 0 0 0 0 0 
0.00241542 0.00687608 0.0108701 0.0138173 0.0155434 0.0164034 0.0164231 0.0155651 0.0140774 0.0127179 0.0108121 0.00894103 0.00739724 0.00601001 0.00460308 0.00360217 0.00276336 0.00208515 0.00156449 0.00117413 0.000833755 0.00058378 0.000430765 0.000298455 0.00022018 0.000140895 0.00011312 7.9285e-05 5.05e-05 3.7875e-05 2.0705e-05 1.2625e-05 1.313e-05 9.595e-06 2.525e-06 4.04e-06 1.515e-06 5.05e-07 5.05e-07 0 0 5.05e-07 0 0 0 0 0 0 0 0 0 
0.00187608 0.0053934 0.00837341 0.0108681 0.012579 0.0132704 0.0134184 0.0131825 0.0119837 0.010858 0.00943643 0.00808657 0.00671701 0.00553632 0.0045046 0.00347339 0.00274013 0.00208111 0.00160691 0.00118019 0.00088173 0.000621655 0.000473185 0.00035047 0.00024745 0.00016564 0.00013534 7.878e-05 6.2115e-05 3.232e-05 3.1815e-05 2.222e-05 1.6665e-05 9.595e-06 5.555e-06 4.04e-06 3.03e-06 1.515e-06 1.01e-06 5.05e-07 1.01e-06 5.05e-07 0 0 0 0 0 0 0 0 0 
0.00150692 0.00441522 0.00692204 0.00901375 0.0103374 0.0112943 0.0115221 0.0112524 0.0106267 0.00956773 0.008484 0.00732351 0.0062216 0.00522271 0.00421978 0.00338805 0.00265226 0.00209424 0.00154682 0.00119584 0.00086456 0.000674175 0.000480255 0.000370165 0.00026462 0.00019594 0.00015958 0.000109585 5.7065e-05 4.747e-05 3.535e-05 2.3735e-05 1.717e-05 8.585e-06 6.06e-06 5.05e-06 1.01e-06 1.01e-06 2.525e-06 0 1.01e-06 1.515e-06 5.05e-07 0 0 0 0 0 0 0 0 
0.00122917 0.0035143 0.00570802 0.0073023 0.00845875 0.00930059 0.00954349 0.00937432 0.00901981 0.00823201 0.00748612 0.006514 0.00556712 0.00468994 0.0038981 0.00315878 0.00260934 0.00197152 0.00157358 0.00121301 0.00093728 0.00066761 0.000549945 0.000370165 0.00025755 0.00021109 0.00015958 0.0001111 8.0295e-05 5.5045e-05 3.2825e-05 2.424e-05 2.222e-05 1.313e-05 7.575e-06 4.04e-06 3.03e-06 2.525e-06 4.04e-06 0 0 0 5.05e-07 1.01e-06 5.05e-07 0 0 0 0 0 0 
0.000944855 0.0029088 0.00459853 0.00610293 0.00723059 0.00775175 0.00807192 0.00808152 0.00780882 0.00725988 0.00658924 0.00584942 0.00504748 0.00427634 0.00366933 0.00294668 0.00246996 0.00190688 0.00148925 0.0011413 0.000913545 0.000676195 0.000532775 0.000410565 0.000277245 0.00020907 0.00017574 0.00012625 7.878e-05 6.262e-05 3.6865e-05 3.131e-05 1.919e-05 1.2625e-05 4.545e-06 6.06e-06 4.04e-06 3.03e-06 2.525e-06 2.02e-06 5.05e-07 5.05e-07 5.05e-07 5.05e-07 0 5.05e-07 0 0 0 0 0 
0.000812545 0.00237451 0.00370569 0.00502829 0.00598577 0.00660086 0.00682609 0.00688618 0.00669327 0.00618726 0.00585295 0.00511767 0.00456571 0.00395112 0.00329664 0.00275932 0.00231038 0.00177558 0.00144935 0.0011711 0.000902435 0.00066963 0.00054944 0.00039087 0.000312595 0.00022826 0.000196445 0.00010403 9.494e-05 6.8175e-05 4.8985e-05 3.0805e-05 2.8785e-05 1.717e-05 1.0605e-05 6.565e-06 8.08e-06 4.04e-06 1.01e-06 2.525e-06 5.05e-07 2.02e-06 1.01e-06 5.05e-07 0 0 0 0 0 5.05e-07 0 
0.00065044 0.00188567 0.00316787 0.00417635 0.00485204 0.00547875 0.00579033 0.00579286 0.00583982 0.00546208 0.00506364 0.00459348 0.00403748 0.00359914 0.00300778 0.00250733 0.00211595 0.00172862 0.00143016 0.00109686 0.000869105 0.000681245 0.000558025 0.000410565 0.000299465 0.000231795 0.000182305 0.000133825 9.7465e-05 7.1205e-05 4.5955e-05 3.6865e-05 2.626e-05 1.919e-05 1.515e-05 6.06e-06 2.525e-06 4.04e-06 4.04e-06 3.03e-06 3.03e-06 1.01e-06 0 0 1.01e-06 0 5.05e-07 5.05e-07 0 0 0 
0 0 0 0 0 0 0 0 0 0 0 0 0 0 0 0 0 0 0 0 0 0 0 0 0 0 0 0 0 0 0 0 0 0 0 0 0 0 0 0 0 0 0 0 0 0 0 0 0 0 0 
