Half rod, albedo problem, Anisotropic scattering, exponential random flight, mu_t: 1 g: 0.1
Analogmu_t c: 0.5 maxx: 10 dx: 0.19802 numsamples: 10000000 numCollisionOrders: 20 numMoments: 10
total albedo: 0.159199
per-collision order albedos: 
0 0.112559 0.0309353 0.0099629 0.0035377 0.0013263 0.0005151 0.0002084 9.04e-05 3.53e-05 1.61e-05 7.5e-06 3.3e-06 1.1e-06 4e-07 2e-07 1e-07 0 0 0 
Collision density L:
0.148607 0.129664 0.113175 0.0989108 0.0862459 0.0754839 0.0657167 0.0572564 0.0499521 0.0436916 0.0380699 0.0331012 0.0289113 0.0252662 0.0220286 0.0190698 0.0167832 0.0145576 0.0128406 0.0111999 0.00977428 0.00845724 0.00738209 0.00647158 0.00556965 0.0049187 0.00437785 0.00372943 0.00324311 0.00283406 0.00247097 0.00218615 0.00189224 0.00167357 0.00143471 0.00121857 0.00113373 0.000927685 0.00078073 0.00073326 0.00062923 0.000554995 0.00048581 0.00045955 0.000380265 0.00033431 0.00027068 0.00023129 0.00021412 0.00019089 0.00128068 
Collision density R:
0.935142 0.816262 0.711219 0.620476 0.541539 0.472893 0.411457 0.359774 0.31334 0.273623 0.238783 0.209066 0.181828 0.15832 0.138686 0.120356 0.105337 0.0913727 0.079989 0.0696592 0.0608308 0.0531608 0.0464191 0.0405702 0.0351687 0.030956 0.0268387 0.0234401 0.0203576 0.0178669 0.0156141 0.0134633 0.0118428 0.010355 0.00911222 0.00780882 0.00685285 0.00603223 0.00519039 0.00449955 0.00393496 0.00344663 0.002979 0.00263156 0.00229018 0.00200485 0.0017877 0.00151248 0.0013428 0.00122513 0.00791941 
Density Moments:
1.68185 2.43936 7.07585 30.7873 178.586 1294.46 11257 114306 1.33074e+06 1.75413e+07 
Per-collision Density Moments:
1 0.999475 1.99786 5.99139 23.9759 120.138 724.538 5120.45 41580.5 381760 
0.387487 0.662385 1.87409 7.27135 35.6999 211.766 1472.13 11732.7 105396 1.0522e+06 
0.162849 0.370198 1.30608 6.0704 34.7407 235.542 1844.06 16361.2 162111 1.77216e+06 
0.0715467 0.197223 0.815406 4.34023 27.9356 209.901 1801.04 17413.1 188505 2.28368e+06 
0.0322533 0.102708 0.480305 2.85448 20.3269 167.864 1576.16 16638.7 196521 2.59488e+06 
0.0147884 0.0527722 0.272686 1.77485 13.7447 122.661 1236.72 13920.6 173893 2.40558e+06 
0.0068589 0.02704 0.152085 1.06697 8.84309 84.0879 901.915 10811.3 144228 2.13722e+06 
0.0032046 0.0137004 0.0831355 0.626257 5.54501 56.0433 635.842 8024.34 112128 1.72972e+06 
0.0015048 0.00689885 0.0444615 0.354365 3.3093 35.163 417.91 5501.11 79735.9 1.26653e+06 
0.0007121 0.00348318 0.0238687 0.201548 1.98334 21.9936 268.38 3538.27 49665.1 733536 
0.0003388 0.00175207 0.0126654 0.112866 1.17773 13.9413 182.78 2602.9 39620.1 636194 
0.0001607 0.00087355 0.00650971 0.0588733 0.612129 7.06855 88.3685 1172.98 16291.5 234240 
7.7e-05 0.00042672 0.00322768 0.0292693 0.302062 3.43979 42.2679 550.821 7510.96 106073 
3.6e-05 0.000208158 0.00163569 0.0154723 0.16724 2.00111 25.9166 357.265 5176.34 78070.2 
1.8e-05 0.000109503 0.000923601 0.00941249 0.10968 1.41221 19.6228 289.454 4479.97 72121.6 
8.2e-06 5.24021e-05 0.000465861 0.00492505 0.0579602 0.732842 9.74301 134.318 1902.43 27508.4 
3.7e-06 2.28981e-05 0.000196077 0.00202639 0.0238213 0.306643 4.20767 60.3625 892.947 13491.5 
2.1e-06 1.18884e-05 8.811e-05 0.000770814 0.00744907 0.0765179 0.819179 9.04817 102.504 1186.07 
1.2e-06 6.38268e-06 5.94058e-05 0.00067996 0.0085568 0.113967 1.57956 22.5426 328.656 4865.02 
0 0 0 0 0 0 0 0 0 0 
Per-collision Densities L:
0 0 0 0 0 0 0 0 0 0 0 0 0 0 0 0 0 0 0 0 0 0 0 0 0 0 0 0 0 0 0 0 0 0 0 0 0 0 0 0 0 0 0 0 0 0 0 0 0 0 0 
0.101803 0.0835578 0.0687295 0.0563732 0.0463413 0.0380987 0.0311772 0.0255439 0.0209565 0.0171533 0.0141117 0.011511 0.00951976 0.00781538 0.00652612 0.00522271 0.004292 0.00348602 0.00295476 0.00238764 0.0019594 0.00154581 0.0013529 0.00106707 0.000886275 0.00072518 0.000609535 0.000477225 0.000394405 0.000331785 0.000265125 0.000230785 0.000193415 0.000166145 0.000127765 0.000106555 7.676e-05 6.4135e-05 4.4945e-05 4.6965e-05 4.7975e-05 3.6865e-05 2.6765e-05 2.2725e-05 1.7675e-05 8.585e-06 1.313e-05 8.585e-06 7.07e-06 3.03e-06 3.131e-05 
0.0308848 0.0298738 0.0281846 0.0262433 0.0240122 0.0217978 0.0195238 0.0174589 0.0154313 0.0137203 0.0119084 0.0103616 0.00898446 0.00788255 0.00679427 0.0058378 0.00509848 0.00428543 0.00373549 0.00315322 0.00279417 0.00227099 0.0019291 0.00171195 0.00136704 0.00120493 0.00100697 0.000877185 0.000726695 0.00063933 0.00054035 0.00043733 0.00037471 0.000330775 0.00025654 0.000212605 0.00018887 0.00016362 0.000132815 0.00011312 9.09e-05 7.979e-05 6.2115e-05 5.2015e-05 4.5955e-05 4.141e-05 2.828e-05 2.626e-05 2.02e-05 1.717e-05 9.5445e-05 
0.0100465 0.0100515 0.0100773 0.0099889 0.00960662 0.00925918 0.0087668 0.00815979 0.00776286 0.00704374 0.00650895 0.00599839 0.0053222 0.00495557 0.00432533 0.00392385 0.00348905 0.00310272 0.00272902 0.00251894 0.0021407 0.0019589 0.00167408 0.0014847 0.00131654 0.00113221 0.00102566 0.000844865 0.00075649 0.000637815 0.000557015 0.000477225 0.00040299 0.000340875 0.00029492 0.00027169 0.000233815 0.0001919 0.000153015 0.00014645 0.00011716 9.8475e-05 9.292e-05 9.696e-05 6.6155e-05 6.4135e-05 4.7975e-05 4.545e-05 2.828e-05 2.727e-05 0.00017675 
0.00361075 0.00376225 0.00370822 0.00379558 0.00375872 0.00370317 0.00362641 0.00348551 0.00330068 0.00326735 0.00308808 0.0028886 0.0027674 0.00243461 0.00230583 0.00212605 0.00200435 0.00185083 0.0017064 0.00153722 0.00138067 0.00125442 0.00109838 0.000972125 0.00088981 0.00081204 0.00073427 0.000637815 0.000558025 0.000498435 0.000438845 0.00038885 0.00037471 0.00031007 0.000273205 0.00020503 0.000228765 0.00017675 0.000149985 0.00013534 0.000116655 0.000101505 9.3425e-05 8.2315e-05 6.8175e-05 6.9185e-05 4.9995e-05 4.0905e-05 4.545e-05 3.636e-05 0.00020503 
0.00135643 0.00146097 0.00146349 0.00148319 0.00148874 0.0015352 0.00155742 0.00151652 0.00142865 0.0014039 0.00138118 0.00129432 0.0012822 0.00118524 0.00111908 0.00106404 0.00101354 0.000944855 0.000885265 0.000795375 0.00075952 0.000707 0.000643875 0.00057368 0.000520655 0.00049389 0.000464095 0.00042824 0.00037269 0.000330775 0.00029694 0.00029391 0.000224725 0.00020604 0.000183315 0.000168165 0.00017776 0.000130795 0.000122715 0.000106555 8.8375e-05 8.484e-05 6.969e-05 6.5145e-05 5.959e-05 4.6965e-05 4.2925e-05 3.838e-05 3.434e-05 3.1815e-05 0.00020503 
0.000514595 0.00055853 0.000609535 0.000603475 0.000592365 0.00062014 0.000588325 0.0006161 0.00060499 0.000597415 0.000582265 0.00058378 0.00055752 0.00055146 0.00051611 0.000488335 0.00046965 0.00046056 0.00044036 0.000440865 0.00038582 0.000372185 0.00034037 0.00033431 0.00029492 0.00026563 0.000265125 0.00023937 0.00020604 0.000181295 0.000175235 0.000162105 0.00014241 0.00014039 0.00012726 0.00011312 9.494e-05 8.989e-05 6.969e-05 7.878e-05 6.161e-05 5.3025e-05 5.757e-05 5.757e-05 4.848e-05 3.737e-05 3.8885e-05 2.626e-05 2.727e-05 2.424e-05 0.00017776 
0.000230785 0.00023432 0.000242905 0.000237855 0.000253005 0.00026462 0.000263105 0.000272195 0.000251995 0.0002828 0.00028482 0.000261085 0.00026462 0.00025351 0.00024038 0.0002222 0.000226745 0.000233815 0.000210585 0.00018685 0.00017776 0.000182305 0.000169175 0.00016463 0.000148975 0.00014544 0.000152005 0.00011716 0.00011514 0.00010403 9.8475e-05 9.393e-05 8.484e-05 7.7265e-05 8.4335e-05 6.3125e-05 6.0095e-05 4.848e-05 4.7975e-05 4.6965e-05 4.5955e-05 4.343e-05 3.636e-05 3.737e-05 2.9795e-05 2.7775e-05 1.818e-05 2.0705e-05 1.8685e-05 2.1715e-05 0.000145945 
8.9385e-05 8.9385e-05 8.7365e-05 0.000105545 0.00011211 0.000107565 0.000121705 0.00011615 0.000128775 0.000125745 0.00011009 0.00011918 0.000123725 9.999e-05 0.00010605 9.999e-05 9.999e-05 0.0001111 9.999e-05 9.797e-05 9.191e-05 8.686e-05 9.3425e-05 7.878e-05 7.8275e-05 6.666e-05 6.262e-05 5.8075e-05 6.1105e-05 5.151e-05 4.545e-05 4.545e-05 4.2925e-05 5.05e-05 4.141e-05 3.9895e-05 3.232e-05 2.929e-05 2.626e-05 2.6765e-05 2.525e-05 2.6765e-05 2.3735e-05 1.8685e-05 1.717e-05 1.717e-05 1.7675e-05 1.2625e-05 1.2625e-05 1.515e-05 9.191e-05 
4.0905e-05 4.141e-05 4.0905e-05 4.3935e-05 4.444e-05 5.3025e-05 5.1005e-05 4.9995e-05 5.151e-05 5.353e-05 5.3025e-05 4.7975e-05 5.353e-05 4.4945e-05 5.05e-05 4.646e-05 5.151e-05 4.2925e-05 4.1915e-05 4.6965e-05 4.3935e-05 3.7875e-05 4.848e-05 4.141e-05 3.636e-05 3.9895e-05 3.03e-05 2.727e-05 2.9795e-05 3.0805e-05 2.525e-05 2.7775e-05 2.525e-05 2.626e-05 2.02e-05 1.919e-05 1.6665e-05 1.3635e-05 1.4645e-05 1.4645e-05 2.02e-05 1.2625e-05 1.111e-05 1.111e-05 9.595e-06 1.111e-05 7.575e-06 7.07e-06 9.595e-06 7.575e-06 6.161e-05 
1.717e-05 1.6665e-05 1.616e-05 2.121e-05 2.121e-05 2.5755e-05 2.323e-05 1.9695e-05 1.6665e-05 2.3735e-05 2.2725e-05 1.616e-05 1.818e-05 2.4745e-05 2.6765e-05 2.0705e-05 2.222e-05 2.121e-05 2.02e-05 1.5655e-05 1.9695e-05 2.323e-05 1.717e-05 2.121e-05 1.6665e-05 2.1715e-05 1.717e-05 1.212e-05 9.595e-06 1.414e-05 1.515e-05 1.313e-05 1.5655e-05 1.1615e-05 1.313e-05 9.595e-06 7.575e-06 7.575e-06 1.01e-05 7.575e-06 7.07e-06 9.09e-06 5.555e-06 7.575e-06 1.0605e-05 4.04e-06 2.02e-06 2.525e-06 5.05e-06 3.535e-06 3.7875e-05 
7.07e-06 8.08e-06 9.09e-06 7.07e-06 7.07e-06 8.585e-06 9.09e-06 1.111e-05 1.01e-05 8.585e-06 9.595e-06 1.1615e-05 9.595e-06 9.595e-06 1.1615e-05 8.585e-06 8.08e-06 9.09e-06 7.575e-06 1.01e-05 1.1615e-05 8.585e-06 8.08e-06 1.212e-05 7.575e-06 7.575e-06 5.555e-06 4.545e-06 6.06e-06 9.09e-06 8.585e-06 7.575e-06 4.04e-06 9.595e-06 4.545e-06 5.05e-06 8.585e-06 3.535e-06 4.545e-06 5.05e-06 4.545e-06 5.05e-06 4.545e-06 3.535e-06 3.03e-06 3.03e-06 2.525e-06 5.05e-07 4.545e-06 5.05e-07 2.4745e-05 
3.03e-06 5.05e-06 3.03e-06 4.545e-06 5.555e-06 4.545e-06 5.05e-06 3.535e-06 5.05e-06 5.555e-06 5.555e-06 5.05e-06 3.03e-06 4.545e-06 2.02e-06 3.535e-06 4.545e-06 3.03e-06 5.05e-06 5.05e-06 3.03e-06 4.04e-06 3.535e-06 3.03e-06 2.525e-06 5.05e-07 3.535e-06 4.04e-06 4.04e-06 2.02e-06 4.04e-06 5.05e-06 3.03e-06 2.02e-06 5.05e-06 1.01e-06 3.535e-06 6.06e-06 1.515e-06 1.515e-06 1.01e-06 2.02e-06 1.01e-06 2.525e-06 2.02e-06 3.03e-06 1.01e-06 5.05e-07 5.05e-07 1.01e-06 1.2625e-05 
1.01e-06 2.525e-06 5.05e-07 1.01e-06 1.01e-06 1.515e-06 1.515e-06 1.515e-06 2.02e-06 4.04e-06 1.515e-06 2.02e-06 2.02e-06 1.515e-06 2.02e-06 3.03e-06 2.02e-06 3.03e-06 0 2.525e-06 3.03e-06 2.02e-06 1.515e-06 4.04e-06 1.515e-06 2.525e-06 5.05e-07 1.515e-06 1.515e-06 5.05e-07 0 2.02e-06 1.515e-06 1.01e-06 2.525e-06 2.02e-06 2.525e-06 5.05e-07 2.02e-06 2.02e-06 1.01e-06 5.05e-07 1.01e-06 2.02e-06 1.01e-06 0 5.05e-07 5.05e-07 0 5.05e-07 5.555e-06 
5.05e-07 1.01e-06 1.515e-06 1.515e-06 1.01e-06 3.03e-06 5.05e-07 0 0 1.01e-06 5.05e-07 5.05e-07 1.01e-06 1.515e-06 5.05e-07 1.515e-06 0 1.515e-06 1.515e-06 1.01e-06 2.02e-06 1.01e-06 1.01e-06 1.515e-06 5.05e-07 0 5.05e-07 0 1.01e-06 1.515e-06 0 1.01e-06 1.01e-06 1.01e-06 0 5.05e-07 1.515e-06 1.515e-06 5.05e-07 1.01e-06 1.01e-06 0 0 0 0 5.05e-07 0 5.05e-07 0 5.05e-07 2.02e-06 
1.01e-06 0 0 0 5.05e-07 1.01e-06 1.01e-06 0 1.01e-06 5.05e-07 1.01e-06 0 1.515e-06 0 0 5.05e-07 5.05e-07 1.01e-06 1.01e-06 0 5.05e-07 5.05e-07 0 1.01e-06 1.01e-06 5.05e-07 0 0 0 1.01e-06 0 0 5.05e-07 0 5.05e-07 1.01e-06 0 0 0 0 5.05e-07 5.05e-07 0 0 0 0 0 0 0 0 5.05e-06 
0 0 5.05e-07 0 0 0 5.05e-07 5.05e-07 0 0 0 0 5.05e-07 0 1.01e-06 5.05e-07 0 0 5.05e-07 5.05e-07 5.05e-07 5.05e-07 0 0 5.05e-07 0 0 0 5.05e-07 0 5.05e-07 0 0 0 0 0 0 0 0 0 0 0 0 0 5.05e-07 0 0 5.05e-07 0 5.05e-07 1.01e-06 
0 0 0 0 0 0 0 0 0 0 5.05e-07 0 0 5.05e-07 5.05e-07 0 0 5.05e-07 5.05e-07 0 0 0 5.05e-07 0 5.05e-07 0 0 0 0 0 0 0 5.05e-07 0 0 0 0 0 0 0 0 0 0 0 5.05e-07 0 0 0 0 0 0 
0 5.05e-07 0 5.05e-07 0 0 0 1.01e-06 0 0 0 0 0 0 5.05e-07 0 5.05e-07 0 0 0 0 5.05e-07 5.05e-07 0 0 0 0 0 0 0 0 0 0 0 0 0 0 0 0 0 0 0 0 0 0 0 0 0 0 0 0 
0 0 0 0 0 0 0 0 0 0 0 0 0 0 0 0 0 0 0 0 0 0 0 0 0 0 0 0 0 0 0 0 0 0 0 0 0 0 0 0 0 0 0 0 0 0 0 0 0 0 0 
Per-collision Densities L:
0.907611 0.745109 0.610365 0.500615 0.410769 0.337057 0.276027 0.226806 0.186218 0.152704 0.125173 0.103256 0.0843714 0.0689315 0.0568302 0.0462565 0.0382295 0.0310797 0.0255419 0.0210343 0.0172654 0.0141612 0.011619 0.00948996 0.0077467 0.00646047 0.00524695 0.00430967 0.00356076 0.00290577 0.00240481 0.00196344 0.00159378 0.00131199 0.001111 0.000847895 0.00072215 0.000593375 0.000469145 0.000370165 0.000328755 0.000265125 0.000230785 0.00019291 0.000150995 0.00013433 0.000107565 7.5245e-05 6.1105e-05 6.767e-05 0.00024745 
0.02384 0.0599849 0.0825428 0.0950678 0.10035 0.101078 0.0974574 0.0925069 0.0856985 0.0788891 0.071713 0.0645168 0.0571221 0.0507682 0.0447576 0.038931 0.0341718 0.0296501 0.0258333 0.022372 0.0192541 0.0165403 0.0142597 0.0122463 0.0104055 0.00900668 0.00750582 0.00648824 0.00535098 0.00470812 0.00401677 0.00330573 0.0028578 0.00243966 0.00199627 0.00166549 0.00146501 0.00124634 0.00101051 0.00086456 0.00073023 0.00061307 0.00050904 0.000410565 0.00036966 0.000256035 0.000255025 0.000205535 0.000180285 0.00016362 0.00077366 
0.00262499 0.00801688 0.0131845 0.017825 0.0216201 0.0242991 0.0262469 0.0273427 0.0277068 0.0274993 0.0269902 0.0259312 0.0249036 0.0232381 0.0220185 0.0202788 0.0185653 0.0170256 0.0154247 0.0138027 0.0123164 0.0111858 0.0100253 0.00894153 0.00787396 0.0069892 0.0061403 0.0054742 0.00478437 0.00420766 0.00358651 0.0031512 0.00278659 0.00243057 0.00213767 0.00179275 0.00154227 0.00134381 0.00116403 0.00098475 0.000857995 0.0007272 0.00060903 0.00054035 0.00049591 0.00040097 0.00034441 0.000297445 0.00025149 0.00021715 0.00122867 
0.000705485 0.00209878 0.00339916 0.00465307 0.00584235 0.00692658 0.0076558 0.00849966 0.00877539 0.00920969 0.00941623 0.00956117 0.00945259 0.00933846 0.00899708 0.00875418 0.00839411 0.00780478 0.00745431 0.00684174 0.00650289 0.00606303 0.00551258 0.00509293 0.00462075 0.00423392 0.00385568 0.00345521 0.00316534 0.00281336 0.00254823 0.00227705 0.00199829 0.00181699 0.00158823 0.00140643 0.00125291 0.00113928 0.0009797 0.00088274 0.00073831 0.000664075 0.00056964 0.00051207 0.000422685 0.000402485 0.00034138 0.00029694 0.00025149 0.000225735 0.00135946 
0.00022422 0.000672155 0.00109686 0.00145087 0.00184729 0.00225836 0.00254015 0.00290729 0.00301839 0.00324867 0.00336078 0.00354157 0.00364812 0.00360722 0.00365469 0.00363701 0.0034941 0.00334866 0.00330674 0.00313908 0.00304566 0.0028578 0.0027164 0.00254874 0.00239168 0.00218918 0.00208919 0.00186396 0.0017776 0.00160237 0.00149076 0.00134532 0.00120241 0.00108676 0.00107111 0.000921625 0.000824665 0.000726695 0.00067569 0.000589335 0.00055853 0.00048985 0.000420665 0.0003838 0.000327745 0.0003131 0.000287345 0.000215635 0.00020705 0.000208565 0.00129331 
8.585e-05 0.0002323 0.000380265 0.000525705 0.000661045 0.000765075 0.00091506 0.00106101 0.00115847 0.00123523 0.00125897 0.0013433 0.00140138 0.0014544 0.00141552 0.00145945 0.00143925 0.00142006 0.00138522 0.0014039 0.00137815 0.0013231 0.00123018 0.00121352 0.00113625 0.0010908 0.00106959 0.000944855 0.000898395 0.000852945 0.00079487 0.00070296 0.00067973 0.00063428 0.00058378 0.000549945 0.000461065 0.00044339 0.00041814 0.00037269 0.00031209 0.000295425 0.000274215 0.000263105 0.00021513 0.00021513 0.000184325 0.000166145 0.000158065 0.000134835 0.00105091 
2.9795e-05 9.393e-05 0.00014443 0.00020301 0.000270175 0.000302495 0.00036865 0.00037774 0.000455005 0.000509545 0.00050601 0.00053732 0.000553985 0.000596405 0.000599435 0.000607515 0.00060903 0.00057974 0.00060701 0.000590345 0.000601455 0.000561055 0.0005858 0.000557015 0.000532775 0.000537825 0.00051611 0.00047672 0.000433795 0.000411575 0.00040097 0.00038077 0.00037168 0.00033633 0.000300475 0.000314615 0.00029896 0.000249975 0.000226745 0.00019998 0.000194425 0.000185335 0.000179275 0.00014645 0.00013837 0.0001212 0.000113625 0.000114635 0.000102515 8.585e-05 0.00073427 
1.2625e-05 3.2825e-05 6.262e-05 8.282e-05 0.000101 0.00012019 0.000132815 0.00016665 0.000188365 0.000183315 0.00021008 0.0002121 0.000210585 0.000233815 0.00022422 0.000262095 0.00023331 0.000259065 0.00023735 0.0002626 0.000256035 0.000256035 0.000256035 0.000277245 0.000249975 0.000238865 0.0002222 0.000214625 0.000222705 0.000197455 0.00018483 0.0001818 0.0001818 0.00016059 0.000161095 0.000147965 0.000139885 0.000137865 0.000110595 0.000119685 9.999e-05 0.000112615 8.5345e-05 8.2315e-05 7.979e-05 8.282e-05 7.8275e-05 6.161e-05 6.262e-05 5.1005e-05 0.0004949 
4.545e-06 1.01e-05 2.828e-05 3.232e-05 4.04e-05 4.9995e-05 6.464e-05 6.0095e-05 6.2115e-05 8.181e-05 9.393e-05 9.9485e-05 8.989e-05 8.0295e-05 0.00010908 9.898e-05 0.00010706 0.00011817 0.0001111 0.000128775 0.000108575 0.00011615 0.000114635 0.00011918 0.000116655 0.00011716 0.00010807 0.00010807 8.484e-05 8.3325e-05 9.8475e-05 8.4335e-05 9.1405e-05 7.474e-05 8.484e-05 8.888e-05 6.3125e-05 7.272e-05 6.767e-05 5.4035e-05 5.858e-05 4.1915e-05 4.949e-05 4.6965e-05 3.7875e-05 3.939e-05 4.04e-05 3.7875e-05 3.232e-05 3.737e-05 0.00030906 
1.01e-06 4.545e-06 1.0605e-05 8.585e-06 2.323e-05 1.818e-05 2.626e-05 2.626e-05 3.1815e-05 3.2825e-05 3.1815e-05 3.838e-05 4.242e-05 4.343e-05 4.343e-05 4.343e-05 5.6055e-05 4.949e-05 5.05e-05 4.747e-05 5.5045e-05 4.5955e-05 5.757e-05 4.646e-05 4.949e-05 5.1005e-05 3.939e-05 5.959e-05 4.4945e-05 4.1915e-05 4.2925e-05 3.03e-05 3.838e-05 3.232e-05 4.1915e-05 3.7875e-05 4.545e-05 4.04e-05 3.1815e-05 3.131e-05 2.8785e-05 2.2725e-05 2.727e-05 2.222e-05 2.1715e-05 1.8685e-05 1.818e-05 2.121e-05 2.0705e-05 1.616e-05 0.000195435 
2.02e-06 3.535e-06 2.525e-06 8.08e-06 1.1615e-05 1.0605e-05 1.2625e-05 1.111e-05 1.515e-05 1.4645e-05 1.3635e-05 1.818e-05 1.8685e-05 1.212e-05 2.2725e-05 1.5655e-05 2.323e-05 1.717e-05 1.717e-05 2.121e-05 3.131e-05 2.5755e-05 2.222e-05 2.424e-05 2.1715e-05 1.7675e-05 2.525e-05 2.424e-05 1.717e-05 1.919e-05 2.626e-05 2.121e-05 2.5755e-05 1.616e-05 1.919e-05 1.7675e-05 2.02e-05 1.7675e-05 1.919e-05 1.515e-05 1.6665e-05 1.313e-05 1.01e-05 1.717e-05 1.616e-05 7.575e-06 9.09e-06 8.585e-06 7.07e-06 8.08e-06 0.000109585 
5.05e-07 1.01e-06 0 3.03e-06 2.525e-06 4.04e-06 4.545e-06 4.545e-06 6.565e-06 9.595e-06 1.01e-05 4.545e-06 6.565e-06 9.09e-06 7.575e-06 6.565e-06 1.111e-05 1.0605e-05 8.08e-06 9.09e-06 9.09e-06 1.4645e-05 1.111e-05 6.565e-06 1.2625e-05 1.0605e-05 1.0605e-05 9.09e-06 1.1615e-05 1.4645e-05 9.09e-06 1.01e-05 6.565e-06 8.08e-06 7.575e-06 1.0605e-05 9.09e-06 1.01e-05 7.575e-06 7.07e-06 3.535e-06 7.575e-06 7.07e-06 8.08e-06 9.595e-06 6.06e-06 4.545e-06 6.06e-06 4.04e-06 5.555e-06 5.353e-05 
0 1.515e-06 5.05e-07 1.01e-06 5.05e-07 1.515e-06 1.01e-06 2.525e-06 2.02e-06 4.545e-06 2.525e-06 5.05e-06 4.545e-06 5.555e-06 2.525e-06 2.525e-06 1.515e-06 5.555e-06 6.06e-06 3.535e-06 3.03e-06 6.565e-06 4.545e-06 5.05e-06 5.555e-06 1.01e-05 5.05e-06 5.05e-06 3.03e-06 6.565e-06 5.05e-06 4.04e-06 5.05e-06 2.02e-06 5.05e-06 3.03e-06 3.03e-06 4.545e-06 6.565e-06 5.05e-06 4.545e-06 5.05e-06 3.03e-06 2.525e-06 2.02e-06 4.04e-06 1.01e-06 3.535e-06 2.525e-06 1.515e-06 2.9795e-05 
0 5.05e-07 1.01e-06 5.05e-07 5.05e-07 1.515e-06 2.525e-06 1.01e-06 1.515e-06 0 2.02e-06 5.05e-07 2.02e-06 1.01e-06 2.02e-06 1.01e-06 1.01e-06 1.515e-06 3.03e-06 1.515e-06 3.03e-06 1.515e-06 2.02e-06 5.05e-07 3.03e-06 1.515e-06 2.525e-06 4.545e-06 1.01e-06 1.515e-06 1.01e-06 2.525e-06 3.03e-06 2.02e-06 3.03e-06 1.515e-06 2.525e-06 3.535e-06 1.01e-06 1.01e-06 1.01e-06 1.515e-06 2.02e-06 1.515e-06 1.01e-06 2.525e-06 1.01e-06 1.01e-06 1.01e-06 1.01e-06 1.717e-05 
0 0 0 0 0 1.01e-06 5.05e-07 0 1.01e-06 1.01e-06 5.05e-07 5.05e-07 0 5.05e-07 5.05e-07 5.05e-07 5.05e-07 1.01e-06 1.01e-06 1.01e-06 5.05e-07 1.01e-06 5.05e-07 5.05e-07 5.05e-07 5.05e-07 2.02e-06 2.02e-06 1.01e-06 5.05e-07 2.02e-06 5.05e-07 5.05e-07 1.515e-06 5.05e-07 1.515e-06 2.525e-06 2.02e-06 5.05e-07 0 1.01e-06 1.01e-06 1.515e-06 5.05e-07 1.515e-06 0 5.05e-07 0 0 0 1.313e-05 
0 0 0 0 0 0 0 5.05e-07 5.05e-07 0 5.05e-07 0 0 0 5.05e-07 0 5.05e-07 0 5.05e-07 0 0 5.05e-07 0 5.05e-07 5.05e-07 0 0 0 0 0 1.01e-06 2.02e-06 0 5.05e-07 5.05e-07 0 0 5.05e-07 1.515e-06 5.05e-07 0 1.01e-06 0 0 0 5.05e-07 1.01e-06 5.05e-07 5.05e-07 0 3.535e-06 
5.05e-07 0 0 0 0 0 5.05e-07 0 0 0 0 0 0 0 0 0 0 5.05e-07 0 0 0 0 5.05e-07 0 1.01e-06 0 0 0 0 0 5.05e-07 0 0 5.05e-07 0 1.01e-06 0 0 0 1.01e-06 0 0 5.05e-07 5.05e-07 0 0 0 5.05e-07 0 0 1.515e-06 
0 0 5.05e-07 0 0 0 0 0 0 0 0 0 0 0 0 5.05e-07 0 0 5.05e-07 0 0 5.05e-07 1.01e-06 0 0 0 0 0 0 0 0 0 0 0 0 0 0 0 0 5.05e-07 0 0 0 5.05e-07 0 0 0 0 0 1.01e-06 1.01e-06 
0 0 0 0 0 0 0 0 0 0 0 0 0 0 0 0 0 0 0 0 0 0 0 0 0 0 0 0 0 0 0 0 0 0 0 0 0 0 0 0 0 0 0 0 0 0 0 0 0 0 2.02e-06 
0 0 0 0 0 0 0 0 0 0 0 0 0 0 0 0 0 0 0 0 0 0 0 0 0 0 0 0 0 0 0 0 0 0 0 0 0 0 0 0 0 0 0 0 0 0 0 0 0 0 0 
