Half rod, albedo problem, isotropic scattering, exponential random flight, mu_t: 3
Analogmu_t c: 0.3 maxx: 10 dx: 0.19802 numsamples: 10000000 numCollisionOrders: 20 numMoments: 10
total albedo: 0.0888128
per-collision order albedos: 
0 0.0748595 0.0112734 0.002104 0.0004424 0.0001029 2.26e-05 6.3e-06 1e-06 5e-07 2e-07 0 0 0 0 0 0 0 0 0 
Collision density L:
0.210345 0.127992 0.0777175 0.0473836 0.0290643 0.0174084 0.0105883 0.00650895 0.00386426 0.00240734 0.00142158 0.000854965 0.000551965 0.00033229 0.000207555 0.00012019 9.4435e-05 5.555e-05 2.626e-05 1.0605e-05 8.585e-06 6.06e-06 3.03e-06 1.515e-06 1.515e-06 0 0 5.05e-07 0 0 0 0 0 0 0 0 0 0 0 0 0 0 0 0 0 0 0 0 0 0 0 
Collision density R:
2.36533 1.43756 0.874161 0.533026 0.323921 0.196555 0.119639 0.0727235 0.044291 0.0269625 0.0163928 0.00997426 0.00617716 0.00367438 0.00228563 0.00138269 0.000833755 0.00053732 0.00031108 0.00019291 0.000115645 6.464e-05 3.232e-05 2.828e-05 1.919e-05 1.01e-05 5.05e-06 1.01e-06 1.515e-06 1.01e-06 0 5.05e-07 0 0 0 0 0 0 0 0 0 0 0 0 0 0 0 0 0 0 0 
Density Moments:
1.30162 0.518455 0.413156 0.49401 0.787385 1.56565 3.71775 10.2114 31.647 108.473 
Per-collision Density Moments:
1 0.333306 0.222286 0.222447 0.296876 0.495025 0.988785 2.29648 6.06531 17.9072 
0.225099 0.124962 0.116566 0.149851 0.244246 0.480787 1.10532 2.89283 8.44053 26.974 
0.0562087 0.0412102 0.047471 0.0725607 0.137169 0.307934 0.798822 2.34609 7.67043 27.5021 
0.0147667 0.0130744 0.0175298 0.0304412 0.0640858 0.157304 0.438291 1.35881 4.61437 16.9447 
0.0040071 0.00408249 0.0061754 0.0119476 0.0277385 0.0743521 0.22392 0.74261 2.67261 10.3314 
0.0011068 0.00126674 0.00211508 0.0044508 0.011093 0.0315749 0.100116 0.347004 1.2948 5.13537 
0.0003119 0.000391741 0.000706111 0.00158051 0.00412007 0.0120574 0.0386862 0.133813 0.492533 1.90873 
8.66e-05 0.000112969 0.000213649 0.000507299 0.00142539 0.00458767 0.0165335 0.0654034 0.278633 1.25625 
2.45e-05 3.40985e-05 6.69411e-05 0.000162224 0.000459518 0.00146708 0.00514084 0.0193906 0.0775899 0.325607 
7.2e-06 1.01784e-05 1.95448e-05 4.69332e-05 0.000137921 0.000482846 0.00192952 0.00841524 0.0386891 0.183353 
1.7e-06 2.19775e-06 3.71994e-06 7.20113e-06 1.5117e-05 3.34979e-05 7.71215e-05 0.000182666 0.000442254 0.00108966 
7e-07 1.128e-06 2.37367e-06 5.70127e-06 1.47832e-05 4.03428e-05 0.000114183 0.000331838 0.000983022 0.00295235 
4e-07 5.80415e-07 9.15043e-07 1.52958e-06 2.65741e-06 4.73259e-06 8.56373e-06 1.56595e-05 2.88389e-05 5.33754e-05 
2e-07 3.13886e-07 5.14425e-07 8.75793e-07 1.53799e-06 2.76584e-06 5.06101e-06 9.37477e-06 1.7512e-05 3.28987e-05 
0 0 0 0 0 0 0 0 0 0 
0 0 0 0 0 0 0 0 0 0 
0 0 0 0 0 0 0 0 0 0 
0 0 0 0 0 0 0 0 0 0 
0 0 0 0 0 0 0 0 0 0 
0 0 0 0 0 0 0 0 0 0 
Per-collision Densities L:
0 0 0 0 0 0 0 0 0 0 0 0 0 0 0 0 0 0 0 0 0 0 0 0 0 0 0 0 0 0 0 0 0 0 0 0 0 0 0 0 0 0 0 0 0 0 0 0 0 0 0 
0.169669 0.0937563 0.05181 0.0284992 0.0158575 0.00876024 0.00471418 0.00263661 0.00141855 0.00081406 0.000434805 0.00023735 0.000130795 8.5345e-05 4.04e-05 1.919e-05 1.6665e-05 1.01e-05 5.555e-06 2.525e-06 1.01e-06 0 0 0 0 0 0 0 0 0 0 0 0 0 0 0 0 0 0 0 0 0 0 0 0 0 0 0 0 0 0 
0.0322983 0.0260191 0.018941 0.0131527 0.00869863 0.00541411 0.00351228 0.00217504 0.0012923 0.000793355 0.00049086 0.000265125 0.000168165 9.292e-05 6.5145e-05 3.434e-05 3.333e-05 1.7675e-05 8.08e-06 2.02e-06 2.02e-06 1.515e-06 1.515e-06 5.05e-07 5.05e-07 0 0 0 0 0 0 0 0 0 0 0 0 0 0 0 0 0 0 0 0 0 0 0 0 0 0 
0.00646299 0.00631654 0.00514343 0.00413949 0.00316736 0.00219877 0.00153571 0.00108323 0.00069589 0.00047066 0.000278255 0.00019392 0.00012928 7.6255e-05 4.242e-05 3.2825e-05 1.919e-05 1.1615e-05 5.05e-06 2.02e-06 1.01e-06 5.05e-07 5.05e-07 5.05e-07 5.05e-07 0 0 5.05e-07 0 0 0 0 0 0 0 0 0 0 0 0 0 0 0 0 0 0 0 0 0 0 0 
0.00145743 0.00142461 0.00136199 0.00117261 0.00096051 0.00070599 0.000562065 0.00040097 0.00029795 0.000201495 0.00013736 9.595e-05 6.767e-05 4.4945e-05 2.929e-05 1.818e-05 1.212e-05 8.585e-06 4.04e-06 2.525e-06 2.525e-06 2.525e-06 1.01e-06 5.05e-07 0 0 0 0 0 0 0 0 0 0 0 0 0 0 0 0 0 0 0 0 0 0 0 0 0 0 0 
0.00034542 0.000348955 0.00034744 0.00029694 0.00027371 0.000238865 0.000186345 0.000142915 0.000106555 8.282e-05 5.05e-05 3.9895e-05 3.1815e-05 2.1715e-05 1.7675e-05 8.08e-06 8.08e-06 3.535e-06 3.03e-06 1.01e-06 1.515e-06 1.01e-06 0 0 0 0 0 0 0 0 0 0 0 0 0 0 0 0 0 0 0 0 0 0 0 0 0 0 0 0 0 
7.676e-05 9.797e-05 8.181e-05 8.585e-05 7.8275e-05 6.6155e-05 5.252e-05 4.848e-05 3.434e-05 3.232e-05 2.02e-05 1.4645e-05 1.6665e-05 8.08e-06 8.585e-06 4.545e-06 3.535e-06 1.515e-06 0 5.05e-07 5.05e-07 5.05e-07 0 0 0 0 0 0 0 0 0 0 0 0 0 0 0 0 0 0 0 0 0 0 0 0 0 0 0 0 0 
2.5755e-05 2.0705e-05 2.7775e-05 2.9795e-05 1.717e-05 1.7675e-05 1.8685e-05 1.6665e-05 1.111e-05 8.08e-06 6.06e-06 7.07e-06 6.565e-06 1.515e-06 2.525e-06 1.515e-06 1.01e-06 2.02e-06 5.05e-07 0 0 0 0 0 5.05e-07 0 0 0 0 0 0 0 0 0 0 0 0 0 0 0 0 0 0 0 0 0 0 0 0 0 0 
7.07e-06 6.565e-06 3.03e-06 5.05e-06 9.09e-06 5.555e-06 1.515e-06 4.04e-06 5.555e-06 3.03e-06 3.03e-06 5.05e-07 1.01e-06 5.05e-07 1.01e-06 1.01e-06 0 5.05e-07 0 0 0 0 0 0 0 0 0 0 0 0 0 0 0 0 0 0 0 0 0 0 0 0 0 0 0 0 0 0 0 0 0 
1.01e-06 1.01e-06 1.01e-06 2.02e-06 1.01e-06 1.01e-06 3.535e-06 1.01e-06 1.515e-06 5.05e-07 5.05e-07 5.05e-07 0 1.01e-06 5.05e-07 5.05e-07 5.05e-07 0 0 0 0 0 0 0 0 0 0 0 0 0 0 0 0 0 0 0 0 0 0 0 0 0 0 0 0 0 0 0 0 0 0 
5.05e-07 5.05e-07 0 0 5.05e-07 0 1.01e-06 0 5.05e-07 0 0 0 0 0 0 0 0 0 0 0 0 0 0 0 0 0 0 0 0 0 0 0 0 0 0 0 0 0 0 0 0 0 0 0 0 0 0 0 0 0 0 
0 0 0 0 0 0 0 0 0 0 0 0 0 0 0 0 0 0 0 0 0 0 0 0 0 0 0 0 0 0 0 0 0 0 0 0 0 0 0 0 0 0 0 0 0 0 0 0 0 0 0 
0 0 0 0 5.05e-07 0 0 0 0 5.05e-07 0 0 0 0 0 0 0 0 0 0 0 0 0 0 0 0 0 0 0 0 0 0 0 0 0 0 0 0 0 0 0 0 0 0 0 0 0 0 0 0 0 
0 0 0 0 0 0 5.05e-07 0 0 5.05e-07 0 0 0 0 0 0 0 0 0 0 0 0 0 0 0 0 0 0 0 0 0 0 0 0 0 0 0 0 0 0 0 0 0 0 0 0 0 0 0 0 0 
0 0 0 0 0 0 0 0 0 0 0 0 0 0 0 0 0 0 0 0 0 0 0 0 0 0 0 0 0 0 0 0 0 0 0 0 0 0 0 0 0 0 0 0 0 0 0 0 0 0 0 
0 0 0 0 0 0 0 0 0 0 0 0 0 0 0 0 0 0 0 0 0 0 0 0 0 0 0 0 0 0 0 0 0 0 0 0 0 0 0 0 0 0 0 0 0 0 0 0 0 0 0 
0 0 0 0 0 0 0 0 0 0 0 0 0 0 0 0 0 0 0 0 0 0 0 0 0 0 0 0 0 0 0 0 0 0 0 0 0 0 0 0 0 0 0 0 0 0 0 0 0 0 0 
0 0 0 0 0 0 0 0 0 0 0 0 0 0 0 0 0 0 0 0 0 0 0 0 0 0 0 0 0 0 0 0 0 0 0 0 0 0 0 0 0 0 0 0 0 0 0 0 0 0 0 
0 0 0 0 0 0 0 0 0 0 0 0 0 0 0 0 0 0 0 0 0 0 0 0 0 0 0 0 0 0 0 0 0 0 0 0 0 0 0 0 0 0 0 0 0 0 0 0 0 0 0 
0 0 0 0 0 0 0 0 0 0 0 0 0 0 0 0 0 0 0 0 0 0 0 0 0 0 0 0 0 0 0 0 0 0 0 0 0 0 0 0 0 0 0 0 0 0 0 0 0 0 0 
Per-collision Densities L:
2.26301 1.24811 0.688674 0.381479 0.209964 0.115725 0.0640577 0.0353071 0.0194718 0.0108216 0.00599334 0.00328452 0.00183214 0.00101051 0.00056661 0.00031007 0.00017473 9.3425e-05 4.9995e-05 3.535e-05 1.616e-05 5.555e-06 2.02e-06 1.515e-06 1.515e-06 1.01e-06 5.05e-07 0 5.05e-07 0 0 0 0 0 0 0 0 0 0 0 0 0 0 0 0 0 0 0 0 0 0 
0.0911631 0.161439 0.150607 0.117178 0.0834846 0.0562772 0.0367004 0.0234739 0.014648 0.00907081 0.00549895 0.00330624 0.00204222 0.00117463 0.000741845 0.000423695 0.000243915 0.00015958 8.282e-05 4.4945e-05 2.8785e-05 1.7675e-05 1.01e-05 6.565e-06 3.03e-06 2.02e-06 5.05e-07 0 0 0 0 0 0 0 0 0 0 0 0 0 0 0 0 0 0 0 0 0 0 0 0 
0.00931574 0.0230012 0.0280017 0.0268307 0.0230028 0.0178432 0.0133466 0.00949451 0.00664631 0.00448844 0.00297092 0.00198465 0.00127715 0.00081103 0.000524695 0.00032926 0.000187355 0.00012423 7.272e-05 4.848e-05 2.4745e-05 2.02e-05 7.575e-06 5.555e-06 6.565e-06 4.04e-06 1.01e-06 1.01e-06 5.05e-07 5.05e-07 0 0 0 0 0 0 0 0 0 0 0 0 0 0 0 0 0 0 0 0 0 
0.00149127 0.00396577 0.00540401 0.00577821 0.00567317 0.00496415 0.00402536 0.00316282 0.0024134 0.00171145 0.0012625 0.0008888 0.000633775 0.00040501 0.00026058 0.00017978 0.000123725 8.585e-05 5.353e-05 3.0805e-05 2.3735e-05 9.595e-06 3.03e-06 6.565e-06 3.535e-06 5.05e-07 2.02e-06 0 0 5.05e-07 0 0 0 0 0 0 0 0 0 0 0 0 0 0 0 0 0 0 0 0 0 
0.000284315 0.00081305 0.00114888 0.00133876 0.00135138 0.00130139 0.00111403 0.00093223 0.000785275 0.00060095 0.00045046 0.00033431 0.00024543 0.00017776 0.00011312 8.4335e-05 5.858e-05 4.444e-05 3.03e-05 2.1715e-05 1.2625e-05 8.08e-06 5.555e-06 3.535e-06 1.01e-06 1.01e-06 0 0 0 0 0 5.05e-07 0 0 0 0 0 0 0 0 0 0 0 0 0 0 0 0 0 0 0 
5.2015e-05 0.00017978 0.000238865 0.000323705 0.00033835 0.00032522 0.000285325 0.00025149 0.00023735 0.00019493 0.00015453 0.000113625 0.00010201 6.161e-05 5.4035e-05 3.535e-05 2.8785e-05 1.616e-05 1.414e-05 7.575e-06 4.545e-06 2.525e-06 3.535e-06 3.535e-06 1.515e-06 5.05e-07 0 0 5.05e-07 0 0 0 0 0 0 0 0 0 0 0 0 0 0 0 0 0 0 0 0 0 0 
1.3635e-05 3.737e-05 6.7165e-05 7.373e-05 8.0295e-05 8.5345e-05 7.979e-05 7.676e-05 6.0095e-05 5.1005e-05 4.646e-05 4.646e-05 3.333e-05 2.2725e-05 1.717e-05 1.313e-05 1.313e-05 8.585e-06 4.545e-06 3.535e-06 3.03e-06 1.01e-06 5.05e-07 1.01e-06 1.01e-06 5.05e-07 0 0 0 0 0 0 0 0 0 0 0 0 0 0 0 0 0 0 0 0 0 0 0 0 0 
2.525e-06 9.09e-06 1.4645e-05 1.6665e-05 1.818e-05 2.424e-05 2.02e-05 1.616e-05 1.8685e-05 1.4645e-05 9.595e-06 1.111e-05 9.09e-06 8.585e-06 5.555e-06 4.545e-06 2.02e-06 4.04e-06 2.02e-06 0 1.515e-06 0 0 0 5.05e-07 0 1.01e-06 0 0 0 0 0 0 0 0 0 0 0 0 0 0 0 0 0 0 0 0 0 0 0 0 
1.01e-06 2.02e-06 2.525e-06 6.06e-06 5.05e-06 4.545e-06 7.07e-06 6.565e-06 7.575e-06 5.05e-06 4.545e-06 1.01e-06 2.02e-06 1.515e-06 2.02e-06 2.02e-06 1.515e-06 1.01e-06 1.01e-06 5.05e-07 5.05e-07 0 0 0 0 5.05e-07 0 0 0 0 0 0 0 0 0 0 0 0 0 0 0 0 0 0 0 0 0 0 0 0 0 
1.01e-06 1.01e-06 5.05e-07 1.01e-06 2.02e-06 2.525e-06 1.01e-06 2.02e-06 2.02e-06 1.515e-06 1.01e-06 2.525e-06 0 5.05e-07 0 0 0 0 0 0 0 0 0 0 5.05e-07 0 0 0 0 0 0 0 0 0 0 0 0 0 0 0 0 0 0 0 0 0 0 0 0 0 0 
0 0 1.01e-06 0 5.05e-07 1.01e-06 5.05e-07 0 0 1.01e-06 5.05e-07 5.05e-07 0 5.05e-07 0 0 0 0 0 0 0 0 0 0 0 0 0 0 0 0 0 0 0 0 0 0 0 0 0 0 0 0 0 0 0 0 0 0 0 0 0 
0 5.05e-07 0 5.05e-07 0 5.05e-07 0 0 5.05e-07 5.05e-07 0 5.05e-07 0 0 0 5.05e-07 0 0 0 0 0 0 0 0 0 0 0 0 0 0 0 0 0 0 0 0 0 0 0 0 0 0 0 0 0 0 0 0 0 0 0 
0 0 0 0 0 0 5.05e-07 0 0 5.05e-07 0 0 0 0 0 0 0 0 0 0 0 0 0 0 0 0 0 0 0 0 0 0 0 0 0 0 0 0 0 0 0 0 0 0 0 0 0 0 0 0 0 
0 0 0 0 0 0 0 0 0 0 0 0 0 0 0 0 0 0 0 0 0 0 0 0 0 0 0 0 0 0 0 0 0 0 0 0 0 0 0 0 0 0 0 0 0 0 0 0 0 0 0 
0 0 0 0 0 0 0 0 0 0 0 0 0 0 0 0 0 0 0 0 0 0 0 0 0 0 0 0 0 0 0 0 0 0 0 0 0 0 0 0 0 0 0 0 0 0 0 0 0 0 0 
0 0 0 0 0 0 0 0 0 0 0 0 0 0 0 0 0 0 0 0 0 0 0 0 0 0 0 0 0 0 0 0 0 0 0 0 0 0 0 0 0 0 0 0 0 0 0 0 0 0 0 
0 0 0 0 0 0 0 0 0 0 0 0 0 0 0 0 0 0 0 0 0 0 0 0 0 0 0 0 0 0 0 0 0 0 0 0 0 0 0 0 0 0 0 0 0 0 0 0 0 0 0 
0 0 0 0 0 0 0 0 0 0 0 0 0 0 0 0 0 0 0 0 0 0 0 0 0 0 0 0 0 0 0 0 0 0 0 0 0 0 0 0 0 0 0 0 0 0 0 0 0 0 0 
0 0 0 0 0 0 0 0 0 0 0 0 0 0 0 0 0 0 0 0 0 0 0 0 0 0 0 0 0 0 0 0 0 0 0 0 0 0 0 0 0 0 0 0 0 0 0 0 0 0 0 
0 0 0 0 0 0 0 0 0 0 0 0 0 0 0 0 0 0 0 0 0 0 0 0 0 0 0 0 0 0 0 0 0 0 0 0 0 0 0 0 0 0 0 0 0 0 0 0 0 0 0 
