Half rod, albedo problem, Anisotropic scattering, exponential random flight, mu_t: 3 g: 0.7
Analogmu_t c: 0.7 maxx: 10 dx: 0.19802 numsamples: 10000000 numCollisionOrders: 20 numMoments: 10
total albedo: 0.131971
per-collision order albedos: 
0 0.0525077 0.0311924 0.0187657 0.0113696 0.0069063 0.0042115 0.0026077 0.001626 0.0010136 0.0006307 0.000412 0.0002673 0.0001607 0.0001104 6.4e-05 4.38e-05 2.79e-05 1.89e-05 1.18e-05 
Collision density L:
0.352878 0.27978 0.221712 0.176062 0.139855 0.111085 0.0875822 0.0695915 0.0552591 0.0433548 0.0345779 0.0273892 0.0217928 0.0172665 0.0135739 0.0108307 0.0085547 0.00675236 0.00544643 0.00417231 0.00341532 0.00270327 0.00215938 0.00165337 0.00133068 0.00101202 0.00080396 0.000642865 0.00052015 0.000422685 0.0003131 0.00022826 0.00019392 0.00016261 0.00014241 0.000119685 8.7365e-05 6.5145e-05 6.565e-05 4.747e-05 3.2825e-05 2.222e-05 2.121e-05 1.717e-05 1.111e-05 1.01e-05 6.06e-06 3.535e-06 6.06e-06 3.535e-06 1.4645e-05 
Collision density R:
2.67798 2.11972 1.68039 1.33374 1.05644 0.837057 0.663483 0.526257 0.417181 0.331341 0.261518 0.208012 0.164657 0.130698 0.103291 0.0819256 0.0651314 0.051257 0.0408484 0.0324867 0.0254303 0.0203884 0.0161322 0.0126043 0.00987831 0.00789416 0.00630089 0.00492729 0.00399203 0.00317292 0.00248157 0.00199425 0.00156298 0.00121655 0.00100293 0.000787295 0.00060196 0.000519645 0.00039693 0.000305525 0.000241895 0.00018685 0.00016059 0.000131805 0.000108575 7.979e-05 6.9185e-05 4.9995e-05 3.939e-05 3.3835e-05 0.000138875 
Density Moments:
2.89307 2.46478 4.19836 10.7283 36.6045 156.62 808.434 4904.43 34313.8 272746 
Per-collision Density Moments:
1 0.33331 0.222248 0.22224 0.296001 0.491571 0.974673 2.23452 5.77384 16.4652 
0.647398 0.414254 0.408554 0.541124 0.898892 1.79648 4.20347 11.3114 34.6281 119.873 
0.421969 0.388896 0.503468 0.826285 1.63639 3.78989 10.0394 29.9168 98.9991 359.998 
0.276565 0.32696 0.520395 1.01511 2.33067 6.14345 18.2718 60.5546 221.619 890.175 
0.182255 0.259472 0.487242 1.09795 2.86144 8.43727 27.7136 100.206 395.081 1685.37 
0.12073 0.198947 0.428073 1.09067 3.17609 10.3613 37.3494 147.207 628.955 2891.73 
0.0802892 0.149131 0.36017 1.0214 3.28312 11.7351 46.051 196.484 904.207 4456.66 
0.0536323 0.110074 0.293478 0.913746 3.20456 12.424 52.6103 241.201 1188.89 6262.31 
0.0359431 0.0803893 0.233728 0.791197 3.00533 12.5739 57.2814 281.802 1487.33 8373.23 
0.0241128 0.0581746 0.182615 0.665801 2.71422 12.141 58.9056 307.486 1716.02 10184.9 
0.0162313 0.04184 0.140764 0.549926 2.39875 11.4599 59.2731 329.279 1952.97 12307.1 
0.0109144 0.0299047 0.107038 0.444257 2.05448 10.3845 56.7299 332.493 2079.66 13824.7 
0.0073565 0.021304 0.0806873 0.354569 1.73575 9.28316 53.6396 332.471 2199.5 15469.7 
0.0049993 0.0151633 0.06039 0.279337 1.43924 8.09653 49.1803 320.439 2230.61 16546.8 
0.0034008 0.0108369 0.0451625 0.218344 1.17357 6.8648 43.1512 289.045 2050.83 15341.1 
0.0023028 0.00763724 0.0332125 0.167832 0.943615 5.77375 37.9302 265.018 1955.14 15139.5 
0.0015641 0.00537456 0.0242732 0.127586 0.745972 4.73753 32.1985 231.791 1753.87 13864.9 
0.0010753 0.0038506 0.0181298 0.0993227 0.604836 3.99646 28.2179 210.603 1647.64 13420.9 
0.000728 0.00269304 0.0131403 0.0747808 0.473498 3.25309 23.8685 184.94 1500.42 12660 
0 0 0 0 0 0 0 0 0 0 
Per-collision Densities L:
0 0 0 0 0 0 0 0 0 0 0 0 0 0 0 0 0 0 0 0 0 0 0 0 0 0 0 0 0 0 0 0 0 0 0 0 0 0 0 0 0 0 0 0 0 0 0 0 0 0 0 
0.11865 0.0654899 0.0362166 0.019899 0.0111489 0.00611 0.00338249 0.00182962 0.00106151 0.00058681 0.00028785 0.00017776 0.000103525 4.2925e-05 3.1815e-05 1.212e-05 1.01e-05 7.575e-06 3.535e-06 1.01e-06 1.515e-06 5.05e-07 0 0 0 0 0 0 0 0 0 0 0 0 0 0 0 0 0 0 0 0 0 0 0 0 0 0 0 0 0 
0.0897365 0.0727851 0.0530179 0.0365564 0.0240072 0.0155772 0.00967479 0.00593628 0.00367438 0.00221897 0.0013125 0.000807495 0.00050096 0.000295425 0.000173215 0.000118675 6.2115e-05 4.1915e-05 2.222e-05 1.111e-05 5.555e-06 2.525e-06 1.01e-06 5.05e-07 5.05e-07 0 5.05e-07 0 0 0 0 0 0 0 0 0 0 0 0 0 0 0 0 0 0 0 0 0 0 0 0 
0.0556566 0.0527478 0.0455066 0.0369822 0.0282002 0.0208368 0.0145647 0.0101404 0.00684932 0.0044839 0.00295829 0.00184527 0.00124786 0.00071912 0.000490355 0.000295425 0.000164125 0.00012019 7.171e-05 3.737e-05 2.727e-05 1.818e-05 6.06e-06 7.07e-06 4.04e-06 1.515e-06 5.05e-07 5.05e-07 5.05e-07 0 5.05e-07 0 0 0 0 0 0 0 0 0 0 0 0 0 0 0 0 0 0 0 0 
0.0340476 0.0336673 0.0318665 0.0284537 0.0244056 0.0199278 0.0155187 0.0119104 0.00875317 0.0063221 0.00449955 0.00308353 0.00201798 0.00142814 0.000901425 0.000634785 0.00041713 0.000254015 0.000171195 9.999e-05 6.3125e-05 4.4945e-05 2.323e-05 1.8685e-05 1.0605e-05 7.575e-06 3.03e-06 3.03e-06 1.515e-06 2.02e-06 0 0 0 0 0 0 0 0 0 0 0 0 0 0 0 0 0 0 0 0 0 
0.0208105 0.0207166 0.0203661 0.0194198 0.0180058 0.0158545 0.0135678 0.0110853 0.00884912 0.0068271 0.00514292 0.00385315 0.00280275 0.00203414 0.0013837 0.00101707 0.00065044 0.00044743 0.000307545 0.00019998 0.00014241 9.09e-05 5.7065e-05 3.737e-05 2.828e-05 2.02e-05 7.575e-06 7.575e-06 5.555e-06 2.525e-06 1.01e-06 1.01e-06 0 0 5.05e-07 0 0 0 0 0 5.05e-07 0 0 0 0 0 0 0 0 0 0 
0.0127629 0.0127649 0.0127396 0.0127982 0.0120902 0.0113716 0.0102217 0.00898951 0.0076755 0.0061605 0.00508283 0.00390163 0.00311888 0.00237906 0.00171801 0.00126654 0.000920615 0.000686295 0.000461065 0.000328755 0.00021311 0.00016059 0.00010403 6.9185e-05 4.8985e-05 3.232e-05 1.414e-05 1.313e-05 8.585e-06 7.575e-06 5.555e-06 2.525e-06 5.05e-07 5.05e-07 0 0 0 0 0 0 5.05e-07 0 0 0 0 0 0 0 0 0 0 
0.00781538 0.00807849 0.0080699 0.0079891 0.00793658 0.00750683 0.00712202 0.00663166 0.005858 0.00507273 0.00430058 0.00365974 0.00304111 0.0023225 0.00183315 0.00136098 0.0010706 0.000787295 0.000604485 0.000384305 0.000309565 0.00023028 0.00016665 0.00011009 6.565e-05 5.252e-05 3.7875e-05 2.7775e-05 1.5655e-05 8.585e-06 7.575e-06 4.545e-06 1.01e-06 1.01e-06 1.01e-06 1.01e-06 0 0 5.05e-07 0 0 0 0 0 0 0 0 0 0 0 0 
0.00492981 0.00491466 0.0051106 0.00500708 0.00506667 0.00493234 0.00477528 0.00449753 0.00419857 0.0037673 0.00339158 0.00296536 0.00244269 0.00207959 0.00163822 0.00139633 0.00106606 0.000821635 0.000636805 0.00049692 0.000381275 0.000264115 0.00021109 0.00015049 9.7465e-05 7.474e-05 5.6055e-05 3.3835e-05 1.8685e-05 1.9695e-05 1.01e-05 8.08e-06 3.535e-06 4.545e-06 3.535e-06 5.05e-07 5.05e-07 0 2.525e-06 0 0 5.05e-07 0 0 0 0 0 0 0 0 0 
0.00303707 0.00315878 0.003181 0.00321231 0.00316585 0.00323604 0.00312343 0.00300728 0.00286537 0.00260732 0.00247703 0.00223008 0.00193011 0.00171397 0.00141653 0.00115544 0.00096455 0.00079386 0.00064943 0.000511565 0.00040703 0.000302495 0.000230785 0.000167155 0.000131805 8.8375e-05 6.4135e-05 5.05e-05 3.1815e-05 2.1715e-05 1.616e-05 7.07e-06 8.585e-06 7.07e-06 4.545e-06 4.04e-06 3.03e-06 0 2.525e-06 1.01e-06 0 0 5.05e-07 0 0 0 0 0 0 0 0 
0.00195587 0.00200788 0.00201243 0.00204222 0.002121 0.0021003 0.00197708 0.00198011 0.00190688 0.00180235 0.00168872 0.00156247 0.00142865 0.00128119 0.00112615 0.000965055 0.000833755 0.00068882 0.00058479 0.00046157 0.00038481 0.00029795 0.00023634 0.00018685 0.000155035 9.797e-05 7.171e-05 5.9085e-05 4.545e-05 3.232e-05 2.6765e-05 1.515e-05 1.313e-05 8.585e-06 6.565e-06 4.545e-06 2.525e-06 3.03e-06 1.01e-06 5.05e-07 5.05e-07 0 0 0 0 0 0 0 0 0 0 
0.00127513 0.00123321 0.00131603 0.00134179 0.00130038 0.001313 0.00125998 0.00127159 0.00122715 0.00119029 0.00114585 0.00104182 0.00102061 0.00092415 0.00085547 0.000776185 0.00066054 0.000550955 0.00048985 0.000413595 0.00035047 0.000274215 0.000238865 0.00016564 0.000145945 9.9485e-05 8.282e-05 7.0195e-05 5.858e-05 3.737e-05 2.727e-05 1.919e-05 1.2625e-05 1.2625e-05 6.565e-06 7.07e-06 8.585e-06 2.525e-06 2.02e-06 2.525e-06 5.05e-07 5.05e-07 5.05e-07 0 5.05e-07 0 0 5.05e-07 0 0 0 
0.000770125 0.00080699 0.00080598 0.000832745 0.00086153 0.00082315 0.00084234 0.00077366 0.000813555 0.0007878 0.000765075 0.00074134 0.00070599 0.00064438 0.00062216 0.000556005 0.0005151 0.0004242 0.000429755 0.0003333 0.000274215 0.00024543 0.00019089 0.00015958 0.000124735 0.000108575 8.7365e-05 6.666e-05 5.5045e-05 4.0905e-05 2.424e-05 2.222e-05 1.717e-05 1.4645e-05 7.07e-06 8.08e-06 5.05e-06 4.04e-06 2.525e-06 2.525e-06 1.01e-06 5.05e-07 2.02e-06 0 5.05e-07 0 0 0 0 0 0 
0.000535805 0.00049894 0.000534795 0.000564085 0.00053732 0.000519645 0.000533785 0.00053934 0.000507525 0.000505 0.00049389 0.00053025 0.00046157 0.000460055 0.0004242 0.000412585 0.000394405 0.000338855 0.000297445 0.000251995 0.00021513 0.00020402 0.000161095 0.00013534 0.000117665 8.787e-05 8.1305e-05 6.2115e-05 4.747e-05 3.939e-05 3.03e-05 2.525e-05 2.424e-05 1.111e-05 1.111e-05 7.575e-06 6.565e-06 4.04e-06 4.545e-06 4.545e-06 2.525e-06 5.05e-07 1.515e-06 5.05e-07 5.05e-07 0 0 0 0 5.05e-07 0 
0.00030906 0.000323705 0.0003333 0.000328755 0.00035148 0.000330775 0.00034744 0.00032926 0.00035451 0.0003535 0.00034643 0.00033229 0.000296435 0.0003232 0.0003131 0.000296435 0.000254015 0.000238865 0.00022119 0.00018887 0.00019594 0.00015453 0.0001313 0.000114635 9.999e-05 7.8275e-05 6.8175e-05 5.858e-05 4.7975e-05 4.141e-05 3.131e-05 2.2725e-05 1.717e-05 1.2625e-05 1.2625e-05 1.1615e-05 8.08e-06 5.05e-06 4.545e-06 1.515e-06 2.02e-06 3.535e-06 2.02e-06 1.01e-06 0 0 0 0 5.05e-07 0 1.01e-06 
0.00021109 0.00019594 0.00021513 0.000225735 0.00021513 0.00021614 0.00022624 0.00023129 0.00022624 0.0002121 0.000240885 0.00022624 0.000230785 0.00020402 0.00020503 0.000183315 0.000189375 0.00017069 0.00015352 0.00013736 0.00011817 0.00011413 0.00011312 9.09e-05 7.9285e-05 6.2115e-05 5.151e-05 4.444e-05 4.141e-05 3.535e-05 2.7775e-05 1.717e-05 1.616e-05 1.414e-05 1.414e-05 9.09e-06 4.545e-06 6.565e-06 5.555e-06 4.545e-06 3.535e-06 3.03e-06 1.01e-06 0 0 0 0 0 5.05e-07 5.05e-07 5.05e-07 
0.00013029 0.000134835 0.00014342 0.000140895 0.00014847 0.00013938 0.000148975 0.000144935 0.00014544 0.00015958 0.000153015 0.00013938 0.000167155 0.000130795 0.000139885 0.000132815 0.000127765 0.00011009 0.00010403 8.686e-05 0.000105545 9.191e-05 7.5245e-05 6.262e-05 6.161e-05 4.646e-05 4.1915e-05 3.0805e-05 3.434e-05 3.0805e-05 1.7675e-05 1.616e-05 1.616e-05 1.01e-05 1.515e-05 1.01e-05 7.575e-06 5.555e-06 6.06e-06 4.04e-06 2.02e-06 1.515e-06 0 2.525e-06 0 0 0 5.05e-07 1.01e-06 0 1.01e-06 
7.9285e-05 8.9385e-05 9.393e-05 9.696e-05 9.8475e-05 0.000100495 9.999e-05 9.6455e-05 0.000102515 9.5445e-05 0.000104535 0.00010403 8.484e-05 9.999e-05 9.9485e-05 8.3325e-05 8.2315e-05 8.5345e-05 7.575e-05 6.767e-05 6.9185e-05 6.464e-05 5.6055e-05 4.4945e-05 4.141e-05 3.8885e-05 3.131e-05 2.8785e-05 2.828e-05 1.919e-05 2.02e-05 2.02e-05 1.01e-05 1.01e-05 1.3635e-05 1.01e-05 8.08e-06 6.565e-06 7.575e-06 3.535e-06 3.03e-06 1.515e-06 1.01e-06 1.515e-06 5.05e-07 1.515e-06 1.01e-06 1.01e-06 1.01e-06 0 1.01e-06 
5.454e-05 5.3025e-05 5.555e-05 6.3125e-05 6.7165e-05 7.373e-05 6.6155e-05 7.777e-05 6.3125e-05 6.8175e-05 5.959e-05 5.8075e-05 6.5145e-05 6.06e-05 5.9085e-05 5.8075e-05 5.1005e-05 5.9085e-05 4.949e-05 4.8985e-05 4.4945e-05 4.141e-05 3.8885e-05 3.7875e-05 3.3835e-05 3.434e-05 2.3735e-05 2.0705e-05 1.5655e-05 1.616e-05 1.515e-05 1.212e-05 1.414e-05 1.313e-05 9.09e-06 9.595e-06 9.595e-06 4.545e-06 2.525e-06 3.535e-06 3.03e-06 1.01e-06 2.525e-06 1.01e-06 1.515e-06 1.01e-06 1.515e-06 5.05e-07 5.05e-07 0 5.05e-07 
0 0 0 0 0 0 0 0 0 0 0 0 0 0 0 0 0 0 0 0 0 0 0 0 0 0 0 0 0 0 0 0 0 0 0 0 0 0 0 0 0 0 0 0 0 0 0 0 0 0 0 
Per-collision Densities L:
2.26261 1.24813 0.689641 0.380434 0.209854 0.116049 0.064283 0.035304 0.0195218 0.0109282 0.00598021 0.00322443 0.00179578 0.00097364 0.00056863 0.000318655 0.00017877 9.1405e-05 4.7975e-05 3.232e-05 1.616e-05 4.545e-06 4.04e-06 2.02e-06 0 5.05e-07 0 0 0 0 0 0 0 0 0 0 0 0 0 0 0 0 0 0 0 0 0 0 0 0 0 
0.360827 0.639049 0.596793 0.465077 0.330915 0.223411 0.145724 0.093169 0.0583805 0.0359626 0.0220049 0.0133739 0.00801031 0.00474246 0.00282952 0.00164782 0.00100091 0.0005757 0.00035754 0.000192405 0.000113625 6.1105e-05 3.434e-05 2.5755e-05 1.01e-05 6.565e-06 2.525e-06 3.535e-06 1.01e-06 1.515e-06 1.01e-06 1.01e-06 5.05e-07 0 0 0 5.05e-07 0 0 0 0 0 0 0 0 0 0 0 0 0 0 
0.0435497 0.176591 0.266978 0.289292 0.263786 0.218052 0.168292 0.123465 0.0875928 0.0607853 0.0407055 0.0271034 0.0175932 0.0114332 0.00715333 0.00458641 0.0028785 0.00180437 0.00108575 0.000658015 0.00039996 0.000251995 0.000140895 8.6355e-05 6.1105e-05 3.3835e-05 1.515e-05 1.01e-05 5.05e-06 3.03e-06 3.03e-06 1.515e-06 1.515e-06 0 1.01e-06 0 0 0 0 0 0 0 0 0 0 0 0 0 0 0 0 
0.00625241 0.0380002 0.085546 0.125425 0.1446 0.144319 0.131019 0.111117 0.0891098 0.0683709 0.0509399 0.0368832 0.0262171 0.0181623 0.0123902 0.00843653 0.00561005 0.00370468 0.00239724 0.00154177 0.000965055 0.000636805 0.00037774 0.000232805 0.0001515 0.000106555 5.8075e-05 3.939e-05 2.424e-05 1.3635e-05 7.575e-06 5.05e-06 2.02e-06 1.01e-06 5.05e-07 5.05e-07 1.01e-06 5.05e-07 0 5.05e-07 0 5.05e-07 0 0 0 0 0 0 0 0 0 
0.00198869 0.00922736 0.0244758 0.0445607 0.0628104 0.0744289 0.0787512 0.0759707 0.0688638 0.0591845 0.0480947 0.0383396 0.0294077 0.0220715 0.0160524 0.011716 0.00822999 0.00569135 0.00395769 0.00274215 0.00178215 0.00123877 0.00081406 0.000501465 0.0003232 0.000217655 0.000148975 8.686e-05 6.5145e-05 2.8785e-05 2.121e-05 1.414e-05 7.575e-06 6.06e-06 2.02e-06 0 1.01e-06 1.01e-06 0 1.01e-06 0 5.05e-07 0 0 0 0 0 0 0 0 0 
0.00107464 0.00362439 0.00809768 0.0152737 0.0244501 0.0332608 0.0396364 0.0435042 0.0436684 0.0414408 0.0370635 0.0322342 0.0266216 0.0216458 0.0167796 0.0130376 0.00980104 0.00724574 0.00529745 0.0037668 0.00269771 0.00182103 0.00126301 0.000872135 0.000585295 0.000389355 0.000265125 0.00017574 0.00012221 8.383e-05 5.656e-05 3.737e-05 1.717e-05 1.3635e-05 6.565e-06 4.545e-06 1.515e-06 1.515e-06 5.05e-07 5.05e-07 1.01e-06 1.01e-06 0 0 0 0 0 0 0 0 0 
0.00063832 0.00198112 0.00359863 0.00606303 0.00968944 0.0139552 0.0181623 0.021768 0.0241996 0.0250323 0.0245667 0.0229588 0.0206414 0.0178326 0.0149632 0.0121503 0.00975711 0.00760278 0.00584841 0.0045147 0.00320776 0.00241188 0.00173468 0.00123271 0.00084739 0.00062519 0.00044339 0.000281285 0.00020604 0.00015352 9.2415e-05 6.161e-05 4.343e-05 2.6765e-05 1.7675e-05 9.595e-06 8.08e-06 4.545e-06 5.555e-06 0 2.02e-06 5.05e-07 5.05e-07 5.05e-07 0 0 0 0 0 0 0 
0.000384305 0.00119029 0.00202859 0.00303859 0.00430967 0.00618524 0.00831129 0.010456 0.0122907 0.0138456 0.0142819 0.0144991 0.0139552 0.0129346 0.0116201 0.00992123 0.00849915 0.00683417 0.00564742 0.00451622 0.00350167 0.00269519 0.00204879 0.00152207 0.00106404 0.000823655 0.00059287 0.00039491 0.00029795 0.000211595 0.00014645 0.00010201 7.0195e-05 4.141e-05 2.929e-05 2.02e-05 1.111e-05 9.595e-06 1.0605e-05 5.555e-06 1.515e-06 3.03e-06 1.515e-06 1.515e-06 5.05e-07 0 0 0 0 0 0 
0.000251995 0.00072821 0.00122715 0.00176296 0.00236037 0.00304263 0.0039895 0.00513131 0.00612767 0.00714777 0.00805475 0.00848653 0.00855571 0.00843552 0.0080795 0.00727655 0.0065246 0.00567317 0.00487679 0.00401021 0.00325321 0.00261186 0.00211747 0.00161651 0.00124685 0.00091506 0.000685285 0.000516615 0.00035855 0.000283305 0.00020301 0.00015453 0.000101 6.7165e-05 4.4945e-05 3.535e-05 2.5755e-05 1.2625e-05 1.616e-05 1.1615e-05 5.555e-06 4.04e-06 3.03e-06 1.01e-06 5.05e-07 5.05e-07 1.515e-06 5.05e-07 0 0 0 
0.00014948 0.00045854 0.00076356 0.00103323 0.00140138 0.00169024 0.00208313 0.00259116 0.00311333 0.00368347 0.00427079 0.00469347 0.00504798 0.00518383 0.00520201 0.004898 0.0046657 0.00416221 0.00372589 0.00327846 0.00274367 0.00236239 0.00190436 0.0015448 0.00119382 0.000968085 0.00075548 0.00056459 0.000425715 0.00033734 0.00023735 0.0001818 0.00013534 8.686e-05 7.6255e-05 5.05e-05 3.8885e-05 2.6765e-05 1.3635e-05 1.1615e-05 1.01e-05 6.565e-06 2.02e-06 3.535e-06 1.01e-06 0 1.01e-06 1.515e-06 0 1.515e-06 0 
9.2415e-05 0.000280275 0.000445915 0.000651955 0.00083325 0.00100142 0.00119736 0.00145844 0.0017064 0.00198162 0.00228513 0.00260328 0.00284012 0.00295627 0.00310575 0.00313807 0.00308707 0.00288507 0.00267145 0.00240835 0.00220433 0.00183719 0.0015857 0.00133522 0.00110949 0.000901425 0.000708515 0.000580245 0.00047571 0.000341885 0.000278255 0.000213615 0.000145945 0.000108575 8.4335e-05 6.969e-05 4.646e-05 4.747e-05 2.727e-05 2.02e-05 1.313e-05 7.07e-06 5.05e-06 4.545e-06 2.525e-06 2.02e-06 1.01e-06 5.05e-07 0 1.515e-06 2.525e-06 
5.05e-05 0.000170185 0.0002828 0.00039996 0.000506515 0.00059489 0.000733765 0.00086658 0.000981215 0.00114635 0.00129886 0.00142865 0.00156752 0.00171902 0.00179225 0.00191143 0.00195536 0.00188163 0.00178821 0.00169175 0.0015246 0.00143117 0.00126553 0.00106505 0.000912535 0.000785275 0.00068276 0.00053227 0.00042622 0.00036259 0.000254015 0.000210585 0.00015958 0.00013231 8.1305e-05 7.6255e-05 5.353e-05 3.7875e-05 3.535e-05 2.424e-05 2.1715e-05 1.111e-05 8.08e-06 6.565e-06 4.545e-06 3.03e-06 1.515e-06 1.515e-06 1.01e-06 1.01e-06 2.525e-06 
3.636e-05 9.6455e-05 0.00018079 0.000253005 0.000341885 0.00038986 0.00046561 0.00053934 0.00058075 0.00066357 0.00074437 0.00079992 0.000915565 0.00100647 0.00107363 0.00110646 0.0011206 0.00119887 0.00117665 0.00111555 0.00105848 0.00104081 0.000902435 0.000786285 0.00073124 0.00060196 0.00054237 0.000457025 0.00040299 0.00030906 0.000260075 0.00019897 0.000176245 0.00012625 0.00010605 7.171e-05 6.262e-05 4.343e-05 3.1815e-05 3.03e-05 2.3735e-05 1.313e-05 1.6665e-05 9.595e-06 4.545e-06 5.05e-06 2.525e-06 0 1.515e-06 2.525e-06 5.05e-06 
2.02e-05 6.969e-05 0.000118675 0.000168165 0.000210585 0.00025351 0.00030805 0.000321685 0.0003838 0.000427735 0.00043228 0.000506515 0.000545905 0.00059792 0.0005959 0.00068781 0.00067771 0.00070599 0.000760025 0.00071205 0.000699425 0.00067468 0.000659025 0.00055651 0.00054944 0.00046561 0.00040703 0.000357035 0.000340875 0.00026159 0.000228765 0.00019796 0.00014847 0.00012928 9.6455e-05 6.9185e-05 6.363e-05 5.2015e-05 3.131e-05 2.7775e-05 2.3735e-05 2.02e-05 1.5655e-05 1.01e-05 9.09e-06 5.555e-06 3.03e-06 1.515e-06 2.02e-06 5.05e-07 6.565e-06 
1.717e-05 4.3935e-05 7.575e-05 0.00010201 0.00014039 0.000157055 0.00019796 0.00020907 0.000233815 0.00025755 0.000285325 0.000315625 0.00033734 0.000366125 0.00040602 0.000408545 0.000426725 0.000439855 0.000429755 0.00047975 0.000466115 0.00044945 0.000420665 0.00040905 0.000364105 0.000331785 0.00032118 0.00028381 0.0002525 0.00023533 0.00016968 0.000147965 0.000146955 0.0001111 9.6455e-05 7.07e-05 5.1005e-05 5.05e-05 4.0905e-05 2.727e-05 1.8685e-05 2.0705e-05 1.5655e-05 1.414e-05 6.565e-06 5.555e-06 5.05e-06 3.535e-06 1.515e-06 1.01e-06 4.545e-06 
1.01e-05 2.7775e-05 3.939e-05 7.4235e-05 8.7365e-05 0.00010504 0.000125745 0.000132815 0.00015049 0.00016766 0.000174225 0.00019089 0.000217655 0.000226745 0.00023937 0.00024947 0.000269165 0.00027371 0.00027068 0.00029694 0.00028785 0.00031613 0.000275225 0.000287345 0.00023028 0.00024341 0.000215635 0.000208565 0.00018584 0.00015958 0.00016261 0.00013332 0.00010403 8.6355e-05 7.7265e-05 6.767e-05 4.5955e-05 4.646e-05 3.5855e-05 2.525e-05 2.1715e-05 1.7675e-05 1.313e-05 1.414e-05 1.515e-05 8.585e-06 4.04e-06 4.545e-06 3.03e-06 3.03e-06 4.545e-06 
7.07e-06 1.616e-05 3.0805e-05 4.747e-05 5.5045e-05 5.6055e-05 8.282e-05 8.888e-05 9.3425e-05 0.00011413 0.00011413 0.000129785 0.000136855 0.000152005 0.00015453 0.00014443 0.00016059 0.00017877 0.00017776 0.0001919 0.000175235 0.00019291 0.000206545 0.000174225 0.000162105 0.00015958 0.00014241 0.00013736 0.000120695 0.00011817 0.000119685 9.898e-05 8.9385e-05 7.3225e-05 6.2115e-05 5.959e-05 4.6965e-05 3.5855e-05 3.333e-05 2.828e-05 2.4745e-05 1.616e-05 8.585e-06 1.0605e-05 1.0605e-05 8.585e-06 9.09e-06 3.535e-06 4.545e-06 2.02e-06 4.545e-06 
6.06e-06 1.212e-05 2.2725e-05 2.626e-05 2.9795e-05 3.4845e-05 4.444e-05 6.262e-05 6.9185e-05 7.1205e-05 6.565e-05 7.777e-05 7.979e-05 9.696e-05 9.999e-05 9.9485e-05 9.898e-05 0.00011514 0.000126755 0.000110595 0.000117665 0.00012827 0.000120695 0.00012726 0.000105545 0.00011615 0.000104535 9.898e-05 9.393e-05 7.979e-05 7.7265e-05 7.575e-05 7.4235e-05 5.9085e-05 5.757e-05 4.3935e-05 3.434e-05 3.131e-05 2.626e-05 1.8685e-05 1.8685e-05 1.313e-05 1.6665e-05 1.0605e-05 9.09e-06 8.08e-06 8.08e-06 5.05e-06 2.02e-06 2.02e-06 9.09e-06 
2.02e-06 5.555e-06 1.414e-05 2.121e-05 2.4745e-05 2.2725e-05 2.424e-05 3.535e-05 3.737e-05 4.7975e-05 5.151e-05 5.555e-05 5.8075e-05 5.252e-05 6.1105e-05 6.565e-05 7.3225e-05 7.373e-05 7.7265e-05 7.8275e-05 7.4235e-05 7.2215e-05 9.0395e-05 7.373e-05 6.767e-05 6.7165e-05 6.868e-05 7.3225e-05 5.959e-05 6.3125e-05 4.949e-05 5.05e-05 4.6965e-05 4.5955e-05 4.141e-05 3.636e-05 2.626e-05 2.929e-05 2.222e-05 1.7675e-05 1.3635e-05 1.1615e-05 1.3635e-05 8.08e-06 1.1615e-05 5.555e-06 6.06e-06 6.565e-06 2.525e-06 2.525e-06 1.0605e-05 
0 0 0 0 0 0 0 0 0 0 0 0 0 0 0 0 0 0 0 0 0 0 0 0 0 0 0 0 0 0 0 0 0 0 0 0 0 0 0 0 0 0 0 0 0 0 0 0 0 0 0 
