Half rod, albedo problem, Anisotropic scattering, exponential random flight, mu_t: 1 g: -0.7
Analogmu_t c: 0.9 maxx: 10 dx: 0.19802 numsamples: 10000000 numCollisionOrders: 20 numMoments: 10
total albedo: 0.603092
per-collision order albedos: 
0 0.382689 0.0515838 0.06296 0.0235425 0.0226426 0.0124522 0.0107577 0.0071396 0.0059593 0.0042802 0.0035101 0.0027235 0.0022069 0.0017968 0.001475 0.0011802 0.0009916 0.0008044 0.0006763 
Collision density L:
0.579926 0.535633 0.493214 0.456015 0.419637 0.388364 0.357137 0.330704 0.305031 0.28143 0.259972 0.24048 0.22251 0.204724 0.189313 0.174729 0.161021 0.148789 0.136623 0.126577 0.116813 0.108431 0.0996168 0.0921777 0.0852763 0.078674 0.0723453 0.0666802 0.0618433 0.0572549 0.0526412 0.0485189 0.0448066 0.0412636 0.0383532 0.0355257 0.032416 0.0300202 0.0276149 0.0256606 0.0237173 0.0218382 0.0201515 0.0185769 0.0170276 0.0160019 0.0147526 0.0134168 0.0123957 0.0114564 0.138029 
Collision density R:
0.962047 0.8885 0.819213 0.756373 0.698058 0.643582 0.594064 0.548027 0.506864 0.467143 0.431656 0.398097 0.368175 0.339364 0.313721 0.289588 0.267812 0.246204 0.227537 0.210551 0.193826 0.179155 0.165999 0.152315 0.140778 0.130011 0.120133 0.110465 0.102624 0.0946527 0.0873266 0.0807116 0.0744542 0.0687335 0.0634204 0.0583765 0.053887 0.0497465 0.0460242 0.0425069 0.0394021 0.0361726 0.0336436 0.0308363 0.0284739 0.0261888 0.0243673 0.0225043 0.0208469 0.0191082 0.229157 
Density Moments:
3.96783 9.82546 48.6901 362.327 3604.3 45024.4 679339 1.20437e+07 2.45246e+08 5.61611e+09 
Per-collision Density Moments:
1 0.999485 1.99823 5.99041 23.9357 119.508 715.38 4983.87 39487.3 349169 
0.517353 0.652118 1.57339 5.52434 25.2957 142.332 947.853 7279.35 63251.6 612569 
0.413966 0.794361 2.38585 9.65735 49.0488 299.206 2126.94 17227.7 156288 1.56727e+06 
0.309596 0.647105 2.15516 9.61715 53.3857 353.141 2705.17 23504.9 227968 2.43583e+06 
0.255097 0.648754 2.4447 11.9583 71.4409 502.431 4056.94 36936.7 374091 4.17122e+06 
0.20687 0.564395 2.29367 12.0493 76.9227 575.644 4929.48 47461.9 506704 5.92866e+06 
0.173664 0.532201 2.35091 13.2178 89.4689 705.579 6342.71 63962.1 714498 8.7461e+06 
0.145538 0.47407 2.22527 13.2491 94.6492 785.679 7419.89 78512.7 919604 1.17971e+07 
0.123832 0.436819 2.18203 13.6994 102.513 886.269 8668.39 94428.5 1.13121e+06 1.47388e+07 
0.105531 0.392712 2.0636 13.5829 106.275 958.972 9782.86 111215 1.39309e+06 1.90411e+07 
0.0907239 0.358151 1.97602 13.5841 110.578 1034.65 10908.8 127709 1.64046e+06 2.2882e+07 
0.0781805 0.323224 1.86229 13.3343 112.754 1092.66 11890.4 143106 1.88164e+06 2.67457e+07 
0.067653 0.293259 1.75964 13.0647 114.158 1139.63 12737.5 156968 2.1062e+06 3.04394e+07 
0.0586924 0.264951 1.65024 12.6909 114.646 1181.16 13599.7 172338 2.374e+06 3.51787e+07 
0.0510228 0.239684 1.5467 12.2881 114.412 1212.36 14328.7 186042 2.62186e+06 3.97126e+07 
0.0444366 0.216171 1.44072 11.8025 113.146 1232.8 14965.4 199456 2.88547e+06 4.48961e+07 
0.0387632 0.194938 1.33825 11.2617 110.601 1231 15219.8 205969 3.01662e+06 4.7389e+07 
0.0338862 0.17599 1.24447 10.7765 108.921 1249.06 15945.3 223524 3.40566e+06 5.59501e+07 
0.0296677 0.158721 1.1542 10.2657 106.448 1250.89 16346.9 234366 3.64851e+06 6.116e+07 
0 0 0 0 0 0 0 0 0 0 
Per-collision Densities L:
0 0 0 0 0 0 0 0 0 0 0 0 0 0 0 0 0 0 0 0 0 0 0 0 0 0 0 0 0 0 0 0 0 0 0 0 0 0 0 0 0 0 0 0 0 0 0 0 0 0 0 
0.347545 0.284871 0.232893 0.191421 0.156634 0.128871 0.105292 0.0871029 0.070952 0.0584765 0.0480401 0.0391723 0.0323644 0.0264524 0.0217478 0.0176376 0.0145233 0.0119862 0.00972731 0.00807344 0.00660237 0.00545451 0.00446824 0.00361883 0.00302849 0.00245733 0.00197253 0.00168367 0.00131351 0.00111807 0.00087466 0.00073528 0.00062014 0.00046864 0.000409555 0.00031916 0.000257045 0.00023331 0.00018483 0.000161095 0.0001212 0.00010706 8.181e-05 7.676e-05 6.1105e-05 4.343e-05 4.7975e-05 2.929e-05 2.6765e-05 2.323e-05 9.4435e-05 
0.050907 0.0497319 0.0471286 0.0439683 0.0400985 0.036463 0.0326538 0.0290951 0.0257969 0.0225988 0.0199955 0.0173639 0.0151667 0.0130128 0.0113923 0.00984296 0.00847087 0.00729271 0.0062009 0.00532472 0.00447228 0.00383245 0.00321534 0.00282043 0.00239269 0.00201445 0.00168923 0.00140491 0.00119584 0.00103929 0.0008686 0.000733765 0.00061004 0.00050803 0.00043228 0.000345925 0.000303 0.000270175 0.000221695 0.000196445 0.00016564 0.000134835 0.000101505 8.888e-05 6.7165e-05 6.666e-05 6.363e-05 5.3025e-05 3.434e-05 3.03e-05 0.000155035 
0.0674145 0.0732811 0.0743865 0.0733664 0.0702596 0.0660843 0.0612504 0.055754 0.0504349 0.0455283 0.0404561 0.0363853 0.0318105 0.0281275 0.0243632 0.0214968 0.0186865 0.0162575 0.013936 0.0121362 0.0104525 0.00887538 0.00766691 0.00659076 0.00565954 0.00488083 0.00416221 0.0035648 0.00300122 0.00255732 0.00218665 0.00181093 0.00155843 0.00125644 0.00108676 0.000967075 0.00079184 0.000675185 0.00058075 0.000478235 0.000404 0.000342895 0.000277245 0.000229775 0.00021008 0.000176245 0.000153015 0.00011817 9.6455e-05 7.979e-05 0.00044339 
0.0251162 0.026965 0.0284815 0.0290673 0.0288794 0.0284219 0.027323 0.0260267 0.0248268 0.023129 0.0216448 0.0200328 0.0183148 0.0167084 0.0150576 0.0137759 0.0121442 0.0109262 0.00973337 0.00866429 0.00778407 0.0068675 0.00601506 0.00525049 0.00468943 0.00404606 0.00361782 0.0030704 0.00275932 0.00235179 0.00209929 0.00178518 0.00150137 0.00139229 0.00112666 0.000969095 0.00083628 0.000730735 0.000613575 0.000549945 0.000484295 0.00040097 0.000340875 0.00028886 0.00025048 0.000209575 0.000182305 0.00015655 0.00012827 0.000122715 0.00065145 
0.0244501 0.0274114 0.029794 0.031005 0.0317923 0.0316701 0.0310772 0.0304626 0.0292708 0.0280017 0.0262731 0.0246889 0.0229593 0.0209979 0.0195076 0.0177699 0.0160373 0.0145541 0.012878 0.0117483 0.0105277 0.00937028 0.00837038 0.0074639 0.00664631 0.00585144 0.00510909 0.00449147 0.00400566 0.00350521 0.00302748 0.00264317 0.00233664 0.00202051 0.00178568 0.00160994 0.00136956 0.00112363 0.00103071 0.000830725 0.00075649 0.00062822 0.00052116 0.000484295 0.000434805 0.00034643 0.000286335 0.00024846 0.00022119 0.00019897 0.00110595 
0.0133103 0.015002 0.0161802 0.0171751 0.0176472 0.0182002 0.0182749 0.0180724 0.0176422 0.0171316 0.0167009 0.0158747 0.0151763 0.0144617 0.0134987 0.0126225 0.0116519 0.0107802 0.00983942 0.00891982 0.00817292 0.00757854 0.00687457 0.00615898 0.0056555 0.00507727 0.00446875 0.00397839 0.00362944 0.00326079 0.00284871 0.00248208 0.00221897 0.00197304 0.0018074 0.00156702 0.00135795 0.00119635 0.00104182 0.00091001 0.00079083 0.000694375 0.00061307 0.000536815 0.000448945 0.00043026 0.0003535 0.000299465 0.000273205 0.000228765 0.0014034 
0.0116655 0.0132426 0.014493 0.0155873 0.0162433 0.0167781 0.0171579 0.0172215 0.0169544 0.0167423 0.0163645 0.0159878 0.0152429 0.0145061 0.013782 0.0129618 0.0122619 0.011313 0.0105691 0.00975105 0.00906677 0.00837189 0.00749168 0.00699425 0.00634937 0.00572266 0.00510909 0.00465459 0.00416878 0.00377336 0.0033835 0.00297799 0.00272347 0.00237855 0.00215534 0.00195587 0.00167913 0.00151298 0.00129482 0.00114938 0.00099687 0.000904455 0.00081507 0.00068478 0.00061105 0.000520655 0.000480255 0.000397435 0.000339865 0.00030502 0.00203263 
0.00770731 0.0087562 0.00946774 0.0103086 0.010708 0.0112741 0.0116458 0.0117544 0.0118584 0.0116534 0.0117019 0.0114595 0.0112085 0.0106313 0.0103879 0.00981973 0.0093829 0.00884356 0.00835876 0.00777448 0.00715636 0.00699425 0.00622918 0.00586154 0.00535452 0.00511262 0.00454803 0.00409454 0.00379912 0.00346582 0.00317393 0.00278104 0.00254621 0.00228412 0.00209222 0.00190335 0.00166852 0.00147814 0.00134179 0.00125341 0.00105646 0.000918595 0.00084638 0.000741845 0.000640845 0.000583275 0.000522675 0.00044844 0.000419655 0.000357035 0.00244875 
0.00646198 0.00733361 0.00819009 0.00869055 0.00923494 0.00971115 0.00991315 0.0103353 0.0105075 0.0104035 0.010299 0.010306 0.0101485 0.00984498 0.00960106 0.00904304 0.00879054 0.00838048 0.00792295 0.00761843 0.00705435 0.00667156 0.00627059 0.00579033 0.00544087 0.00505303 0.00458894 0.00422079 0.00390315 0.00362035 0.00320877 0.00301384 0.00268458 0.00248763 0.00225584 0.00204626 0.00181245 0.00162863 0.00148622 0.00131957 0.00116857 0.00102162 0.00096657 0.00084537 0.00078679 0.00066155 0.00060499 0.000507525 0.000434805 0.00041612 0.00301485 
0.00461116 0.00536967 0.005807 0.00632361 0.00679831 0.00715484 0.00735987 0.00765378 0.00788002 0.00791638 0.00783356 0.00787598 0.00790174 0.00776084 0.00756389 0.00730735 0.00711848 0.00684174 0.00657308 0.00629079 0.0058378 0.00570347 0.00533533 0.00500354 0.00463439 0.00429402 0.00408848 0.00383194 0.00348349 0.00329614 0.00301788 0.00273104 0.00258762 0.00230179 0.00210989 0.00196142 0.00171296 0.00157914 0.00144077 0.00129634 0.00119685 0.00105495 0.00098677 0.0008787 0.00079386 0.000737805 0.00064539 0.000570145 0.000490355 0.00044945 0.00346178 
0.00386982 0.00437684 0.00491769 0.00519999 0.00564237 0.00600243 0.00623776 0.00646703 0.00666903 0.00668267 0.00684477 0.00682609 0.00685689 0.00677054 0.00665388 0.00643976 0.0062514 0.006161 0.00592113 0.00563631 0.00539946 0.00521968 0.00491769 0.00464853 0.00435411 0.00413696 0.00380013 0.00354207 0.0034133 0.00318352 0.00289769 0.0026861 0.00249874 0.00227856 0.00212706 0.00194173 0.00173569 0.00159883 0.00149581 0.00135694 0.00119786 0.00113676 0.00101202 0.00087466 0.000827695 0.00073023 0.000661045 0.000585295 0.00054136 0.000503485 0.00392739 
0.00295072 0.00338249 0.00377942 0.00413595 0.00436977 0.00468842 0.00476013 0.00508182 0.00524847 0.00534139 0.00540754 0.00544239 0.00553783 0.00545249 0.005353 0.00542875 0.00515353 0.00505455 0.00483184 0.0047975 0.00469095 0.0044536 0.00418999 0.0040496 0.00379609 0.00355823 0.00342744 0.00316282 0.00294769 0.00282952 0.00256439 0.00249773 0.00229119 0.00214322 0.00200435 0.00181346 0.00167458 0.001565 0.0013938 0.00132563 0.00120544 0.00110545 0.00100798 0.00094839 0.00080093 0.00077063 0.000681245 0.000629735 0.00056863 0.00050298 0.0043329 
0.00245481 0.00271135 0.0030093 0.00342188 0.00356783 0.00388446 0.00410969 0.00422231 0.00445511 0.00448945 0.00461873 0.00459045 0.0046864 0.0045849 0.00463843 0.00463186 0.00447784 0.00445915 0.00426776 0.00417029 0.00406172 0.00389103 0.00375215 0.00362944 0.00342895 0.00329614 0.00304465 0.00293809 0.00285578 0.00264772 0.00251793 0.00225028 0.00217958 0.00198061 0.00193769 0.00176346 0.00161449 0.0015049 0.00138269 0.0012423 0.00114332 0.00107818 0.00097364 0.000882235 0.000833755 0.000735785 0.000714575 0.00065145 0.00058277 0.00051106 0.00460661 
0.00190739 0.00217807 0.00248612 0.0026962 0.00295577 0.0031406 0.00325119 0.00341178 0.00359257 0.0037067 0.00359813 0.00376528 0.00376528 0.00383598 0.00388345 0.00381982 0.00377336 0.00367438 0.00356985 0.00360116 0.00345774 0.00335926 0.00329563 0.0030906 0.00295829 0.00289315 0.00271539 0.00262146 0.00250076 0.00236037 0.00216393 0.00208717 0.00193415 0.00186699 0.00176043 0.0015852 0.00156146 0.00136552 0.00125594 0.00118675 0.00113423 0.00105747 0.000974145 0.00085042 0.0008282 0.000773155 0.000697405 0.00063327 0.00057469 0.00049692 0.0048778 
0.00153116 0.00181952 0.00201192 0.00218514 0.00238663 0.00255177 0.00267347 0.00290224 0.00295981 0.00311333 0.00313302 0.00321231 0.00328705 0.00323554 0.00324513 0.00324463 0.00321079 0.00317948 0.00316787 0.00302748 0.00302344 0.00298001 0.00284921 0.00280932 0.00264317 0.00258207 0.00249268 0.00232603 0.00224069 0.00210989 0.00199677 0.00193718 0.00182305 0.00169983 0.00160742 0.00149278 0.00142764 0.0013029 0.00124079 0.00114585 0.00110292 0.00101404 0.00088981 0.000895365 0.000778205 0.000713565 0.000653975 0.00058277 0.00056661 0.000518635 0.00500051 
0.00125543 0.00146551 0.00162913 0.00181346 0.0019796 0.0021513 0.00215282 0.00239825 0.00248965 0.00249167 0.00262853 0.00268004 0.00268913 0.00274872 0.00273054 0.0027371 0.00278609 0.00265782 0.00265681 0.0026457 0.00254924 0.00247652 0.00244471 0.00239067 0.00229169 0.00217302 0.0021816 0.00205081 0.00197203 0.00192658 0.00177558 0.00174983 0.00161802 0.00155641 0.00146501 0.00138774 0.00129331 0.00123978 0.00113423 0.00107818 0.00099485 0.000918595 0.00085749 0.00083729 0.00073225 0.000713565 0.00066963 0.000599435 0.00056156 0.000487325 0.00510707 
0.00105646 0.00119332 0.00134886 0.00150793 0.00159227 0.00175185 0.00187709 0.00198112 0.0020705 0.00213767 0.00216342 0.00218463 0.00221897 0.00226291 0.0023129 0.00235078 0.00225937 0.00225836 0.00231644 0.00219271 0.00226745 0.00220332 0.00212454 0.00204677 0.00207757 0.00198011 0.00193213 0.00188163 0.00176195 0.0016665 0.00167913 0.00150995 0.00146501 0.00142057 0.00132512 0.00125543 0.00120443 0.00110646 0.00102768 0.00101707 0.000942835 0.000872135 0.000815575 0.00077366 0.00069185 0.000665085 0.00063125 0.0005757 0.00053732 0.000462075 0.00513737 
0.00084941 0.00102162 0.00112262 0.00128068 0.00138067 0.00147359 0.0015554 0.00159631 0.00172003 0.0018074 0.00184275 0.00180588 0.00195385 0.00194072 0.00200889 0.001969 0.00195284 0.00197607 0.00191244 0.00193415 0.00193819 0.0019387 0.00184578 0.00178417 0.00175639 0.00168973 0.00166953 0.00162661 0.0015953 0.00148975 0.00146854 0.00140441 0.00128826 0.00124836 0.00119433 0.00111908 0.0010802 0.00105646 0.000980205 0.00092617 0.00085749 0.00079184 0.000743865 0.0006969 0.00064741 0.000629735 0.00058378 0.00052217 0.000515605 0.00047066 0.00517726 
0 0 0 0 0 0 0 0 0 0 0 0 0 0 0 0 0 0 0 0 0 0 0 0 0 0 0 0 0 0 0 0 0 0 0 0 0 0 0 0 0 0 0 0 0 0 0 0 0 0 0 
Per-collision Densities L:
0.908024 0.745366 0.610128 0.501263 0.410374 0.336463 0.276207 0.226693 0.18597 0.152469 0.125234 0.102648 0.0842088 0.0691961 0.0568933 0.0465191 0.0381482 0.031207 0.0257813 0.0211802 0.0172811 0.0142314 0.0116731 0.00941977 0.00779518 0.00639381 0.00535199 0.00428493 0.00356227 0.00288002 0.00238764 0.00193819 0.00159681 0.00130593 0.00105141 0.0008585 0.000708515 0.00060297 0.000477225 0.00039289 0.00033532 0.000255025 0.000202 0.00017473 0.00016766 0.00012322 0.000103525 8.8375e-05 6.565e-05 5.8075e-05 0.00025856 
0.0116554 0.0295561 0.0404985 0.046608 0.0496218 0.0495991 0.047926 0.0450531 0.0422746 0.0387148 0.0351106 0.0316383 0.0282285 0.0248112 0.022014 0.019089 0.0168089 0.0148061 0.0126301 0.0110368 0.00950461 0.00820979 0.00699021 0.00594638 0.00513131 0.00438189 0.00370872 0.00319968 0.00269014 0.0023028 0.00194981 0.00162257 0.00143117 0.00117716 0.00100293 0.00082517 0.00069791 0.00056257 0.00049086 0.00041612 0.000364105 0.000314615 0.000261085 0.00020907 0.00018685 0.000134835 0.000128775 0.00011009 8.2315e-05 8.181e-05 0.00036158 
0.0256873 0.0649142 0.0894714 0.102882 0.109795 0.110361 0.107755 0.102582 0.0962803 0.08868 0.0806626 0.0732088 0.0661712 0.0584835 0.0516716 0.0455798 0.0399879 0.0351419 0.0305308 0.0265665 0.0230209 0.0200813 0.0172503 0.0148526 0.0128093 0.0110186 0.00943593 0.00794416 0.00695537 0.00581205 0.00504394 0.00432129 0.00357035 0.00310424 0.00262297 0.00222251 0.0018786 0.0015448 0.00132613 0.00114635 0.000982225 0.00081103 0.00068781 0.00054338 0.000478235 0.000405515 0.00034643 0.00029391 0.00025149 0.00021109 0.0011105 
0.00381225 0.0111671 0.0179305 0.0232654 0.0273225 0.0305581 0.032422 0.0329457 0.0334623 0.0329821 0.0319953 0.0308636 0.0292612 0.0272609 0.0253823 0.0235729 0.0216084 0.0196233 0.0176604 0.0162065 0.0142854 0.013024 0.0116574 0.0102762 0.00900163 0.00806132 0.00708616 0.00620645 0.00550804 0.0048475 0.00420514 0.00374205 0.00324614 0.00283406 0.00239976 0.00209777 0.00179023 0.00159883 0.00134734 0.00109484 0.00102717 0.00084638 0.000788305 0.000675185 0.000532775 0.00048581 0.00038683 0.0003434 0.000300475 0.00025048 0.00145743 
0.00479195 0.0136724 0.021815 0.0287289 0.0340527 0.037874 0.0407651 0.0423074 0.0427129 0.0424836 0.0415312 0.0398556 0.0381472 0.0361615 0.0339961 0.0317044 0.0292375 0.0268337 0.0246061 0.0223498 0.020253 0.0180532 0.0163211 0.0147298 0.0130901 0.0117483 0.0102465 0.00917686 0.00812899 0.00725079 0.00637815 0.00561661 0.00487679 0.00426018 0.00377942 0.00323453 0.00283709 0.00247602 0.00220635 0.00186093 0.00160944 0.0013736 0.00122917 0.000991315 0.000919605 0.000767095 0.00064438 0.000587315 0.000515605 0.000429755 0.00250935 
0.00178568 0.00520756 0.00862136 0.0116615 0.0142637 0.0166327 0.0182128 0.0198344 0.0207333 0.0211797 0.0216584 0.0215564 0.0212272 0.0206277 0.0201838 0.0192597 0.0184138 0.0172392 0.0162938 0.0151283 0.0140365 0.0129911 0.0118377 0.0110383 0.00997628 0.00902385 0.00815424 0.00747047 0.00681195 0.00606707 0.00544441 0.00490052 0.00433947 0.00385618 0.00343754 0.0030497 0.00270781 0.00238865 0.00219827 0.00190284 0.00157409 0.00143218 0.00123877 0.001111 0.000950915 0.00085345 0.00071811 0.000629735 0.000545905 0.000493385 0.00309262 
0.00173114 0.0050798 0.00828301 0.0113014 0.0138133 0.016008 0.0177462 0.0194324 0.0207358 0.0213393 0.0216898 0.0215953 0.0216857 0.0213251 0.0207621 0.0200051 0.0192617 0.0181861 0.0172766 0.0162928 0.0152773 0.0141107 0.0133956 0.012274 0.0111464 0.0102389 0.00931372 0.00856632 0.0078174 0.00706546 0.00636553 0.00564742 0.00512626 0.00468741 0.00415817 0.00377538 0.00333553 0.00293052 0.00263762 0.00234724 0.00204576 0.00175841 0.00161853 0.00139835 0.00128523 0.00112615 0.0009494 0.000873145 0.000728715 0.00064034 0.00431826 
0.000942835 0.0027876 0.00473993 0.0063423 0.00800122 0.00923494 0.0106106 0.0115564 0.0124861 0.0130805 0.0135825 0.0136451 0.0141193 0.0140016 0.0139663 0.0137714 0.0135542 0.0128826 0.0125493 0.0119786 0.0113468 0.0106888 0.0102641 0.00944199 0.00895062 0.00829362 0.0077366 0.00707152 0.00652309 0.00597466 0.00556712 0.0049793 0.00459348 0.0041708 0.00382033 0.00342188 0.00312191 0.00286032 0.00243764 0.0023023 0.00205182 0.0018074 0.00160388 0.00140996 0.00122715 0.00115696 0.00100192 0.000928695 0.000811535 0.00072821 0.00501415 
0.000831735 0.00242905 0.00403344 0.00544037 0.00686043 0.00815525 0.00923746 0.0103045 0.0110353 0.0116296 0.0122205 0.0124962 0.0126917 0.0128947 0.0127487 0.0127689 0.012629 0.0121478 0.0117347 0.0112711 0.0109075 0.0103889 0.00990204 0.00927736 0.00878498 0.00821585 0.0076957 0.00722908 0.00669479 0.00622665 0.00559843 0.00524493 0.00478084 0.00439704 0.00402081 0.00358197 0.00338199 0.00302192 0.00274064 0.0024947 0.0022725 0.00198667 0.00177811 0.00157308 0.00146046 0.00127311 0.00116403 0.00101455 0.000912535 0.00081305 0.0061307 
0.00052823 0.00168216 0.00264267 0.00363247 0.00462732 0.00546915 0.00625241 0.00693719 0.00754521 0.0080997 0.00865015 0.00887033 0.00906172 0.00937735 0.00945815 0.00941825 0.00946926 0.00907233 0.00905314 0.00886376 0.00858349 0.00829665 0.00804213 0.00744522 0.00714727 0.00678771 0.00644582 0.00608929 0.00569741 0.00533129 0.00495456 0.00466368 0.0042516 0.00390567 0.00365115 0.00329311 0.00309565 0.00277498 0.00261237 0.00233108 0.00221897 0.00194829 0.00179225 0.00158823 0.00139279 0.00129987 0.00116554 0.00105646 0.000968085 0.000840825 0.00682457 
0.00046763 0.00138673 0.00219928 0.00312696 0.00392436 0.0045147 0.00521312 0.0058474 0.00643421 0.0068978 0.00732402 0.00767449 0.00778256 0.00813656 0.00815929 0.00818706 0.00825776 0.00812192 0.00809768 0.00790426 0.00762197 0.00742047 0.00721645 0.00682861 0.00659884 0.00624029 0.00603475 0.00552824 0.00541461 0.00510101 0.00477326 0.00444198 0.00416928 0.00378245 0.00352541 0.00338855 0.00300172 0.00280275 0.00256136 0.00233159 0.00215534 0.00200586 0.00182861 0.00160237 0.00154025 0.00134633 0.00125291 0.00109434 0.00101606 0.00090294 0.0075139 
0.000317645 0.00095344 0.00161499 0.00224877 0.00282497 0.00346178 0.00389052 0.0043935 0.00479599 0.00512525 0.00553076 0.00579235 0.00598779 0.00629887 0.00637411 0.00648976 0.00644027 0.00641451 0.00639785 0.00640946 0.00616959 0.00604233 0.00600698 0.00566004 0.00556157 0.00529695 0.00508081 0.00481063 0.00454197 0.00443542 0.00410161 0.00391274 0.00363853 0.00346178 0.00323806 0.0030199 0.00277195 0.00257348 0.00236492 0.00225685 0.00201394 0.00187709 0.00173872 0.00158217 0.00147056 0.00134633 0.0012221 0.00112161 0.00103828 0.000913545 0.00812091 
0.00029189 0.00077366 0.00134987 0.0018175 0.00232957 0.00272902 0.00326028 0.00361328 0.00399657 0.00431573 0.00463287 0.00486871 0.00494749 0.00521514 0.00538078 0.00552016 0.00548683 0.00539643 0.00550854 0.00553177 0.0053828 0.00530402 0.00522019 0.00504091 0.00486972 0.00468337 0.0045243 0.00443592 0.00422837 0.00405364 0.00380417 0.00364257 0.00336532 0.00311888 0.00295324 0.00286891 0.00259621 0.00249622 0.00230482 0.00215938 0.0019993 0.00185133 0.00163721 0.00154076 0.00142511 0.00126301 0.0012322 0.00110696 0.00102162 0.00087769 0.00854208 
0.000209575 0.00061105 0.00105545 0.0014337 0.00180386 0.00215585 0.00246289 0.00277447 0.00313605 0.00340017 0.0036562 0.00381174 0.00407485 0.00421928 0.00428493 0.00434553 0.00443037 0.0044945 0.00439956 0.00451521 0.00450359 0.0045748 0.0043329 0.00427483 0.00412636 0.00396021 0.00389709 0.00374205 0.00366479 0.00345117 0.00328301 0.00313605 0.00301738 0.00289012 0.0026659 0.00253056 0.00243764 0.00222857 0.00205081 0.00196344 0.00183568 0.0017372 0.00161853 0.00151147 0.00137461 0.00124129 0.00117261 0.00105949 0.00101758 0.000911525 0.00882538 
0.000163115 0.000494395 0.00084941 0.00119786 0.00148066 0.0017367 0.00208212 0.00235583 0.0024841 0.00275478 0.00306333 0.00319564 0.00334815 0.00343097 0.00355823 0.00373296 0.00375013 0.00381124 0.00387891 0.00379356 0.00384962 0.00382487 0.00371327 0.00371428 0.00365065 0.00353652 0.00343956 0.00330775 0.00320726 0.00305273 0.00292698 0.00283204 0.00272498 0.00256035 0.00242754 0.00233563 0.00217453 0.00209323 0.00195385 0.00186497 0.00171397 0.00164378 0.00151652 0.00138724 0.00131603 0.00120544 0.00115241 0.0010302 0.000942835 0.000909 0.00896426 
0.00014039 0.000423695 0.000665085 0.000926675 0.00117059 0.00141703 0.00169933 0.00190133 0.00210737 0.00224422 0.00243107 0.00262701 0.0027164 0.00276286 0.0029795 0.00303859 0.00311939 0.00314262 0.00313757 0.00315322 0.00325271 0.00313656 0.00311232 0.00312545 0.00307697 0.00299768 0.00294516 0.00287345 0.00275276 0.0026058 0.0026154 0.0024947 0.00237603 0.00228816 0.00217504 0.00205081 0.0019185 0.00187204 0.00177659 0.00167559 0.00154783 0.00146652 0.00135997 0.00129987 0.00123826 0.00111858 0.00108525 0.000954955 0.0009191 0.000877185 0.00908647 
0.00010403 0.000328755 0.00051207 0.000782245 0.0009696 0.00115696 0.00138875 0.00149632 0.00171347 0.00188163 0.00203869 0.00218261 0.00236239 0.00237401 0.0024942 0.00251137 0.00259772 0.00264267 0.00261641 0.00272852 0.002727 0.00268559 0.00272246 0.00267347 0.00263762 0.00260328 0.00256793 0.00251945 0.00238764 0.0023528 0.00227705 0.00218312 0.00212908 0.00207202 0.00192759 0.00184982 0.00174831 0.00166549 0.00163368 0.00149127 0.00141703 0.00136805 0.00131351 0.00121099 0.00114484 0.00104636 0.00099687 0.000903445 0.000883245 0.00081406 0.0088976 
8.5345e-05 0.000259065 0.000468135 0.00061711 0.00075952 0.00099788 0.001111 0.00122463 0.00137007 0.00158772 0.00164782 0.00179275 0.00191294 0.00198516 0.00208767 0.00214777 0.00217807 0.00227503 0.00225988 0.00228008 0.00228614 0.00227351 0.00230684 0.00230583 0.00224372 0.00223261 0.00221695 0.00206949 0.00208565 0.00203212 0.00199728 0.0019594 0.00189628 0.00179528 0.00171145 0.00161095 0.00160136 0.00150339 0.00146097 0.00136855 0.00135694 0.00122564 0.00116554 0.00110292 0.00102818 0.000962025 0.00092617 0.000871125 0.00081911 0.000754975 0.00881225 
6.767e-05 0.000219675 0.000363095 0.000480255 0.000618625 0.00078679 0.000933745 0.00104737 0.00118675 0.00125695 0.00139885 0.00152056 0.0015251 0.0016458 0.00168115 0.00180487 0.00179376 0.00188012 0.00191547 0.00191698 0.00195789 0.00193365 0.0019695 0.00188971 0.00196294 0.00194627 0.00193062 0.00186194 0.00182911 0.00177104 0.00174781 0.00165388 0.00166196 0.00160136 0.00152864 0.00146349 0.00142309 0.00133573 0.00127866 0.00127563 0.00118827 0.00113524 0.00109434 0.00099788 0.000915565 0.00088577 0.000816585 0.00080497 0.000765075 0.00069589 0.0086148 
0 0 0 0 0 0 0 0 0 0 0 0 0 0 0 0 0 0 0 0 0 0 0 0 0 0 0 0 0 0 0 0 0 0 0 0 0 0 0 0 0 0 0 0 0 0 0 0 0 0 0 
