Half rod, albedo problem, Anisotropic scattering, exponential random flight, mu_t: 1 g: -0.7
Analogmu_t c: 0.3 maxx: 10 dx: 0.19802 numsamples: 10000000 numCollisionOrders: 20 numMoments: 10
total albedo: 0.135894
per-collision order albedos: 
0 0.127388 0.0057555 0.0023475 0.0002885 9.14e-05 1.69e-05 4.3e-06 1.2e-06 3e-07 0 0 0 0 0 0 0 0 0 0 
Collision density L:
0.124551 0.103724 0.0862464 0.0722094 0.059945 0.049995 0.0416246 0.0348304 0.0288794 0.0240814 0.0201389 0.0166822 0.0139213 0.0116241 0.00980104 0.00801082 0.00667913 0.00551157 0.00461621 0.00389204 0.00322493 0.00275781 0.00227553 0.00187103 0.00156752 0.00132462 0.00109989 0.000941825 0.00077568 0.000631755 0.00055045 0.000463085 0.00035653 0.000283305 0.000257045 0.00019998 0.00016867 0.00016059 0.000119685 0.000103525 8.686e-05 7.7265e-05 5.959e-05 5.454e-05 3.6865e-05 3.0805e-05 2.3735e-05 1.818e-05 1.9695e-05 1.9695e-05 7.474e-05 
Collision density R:
0.914864 0.761731 0.635487 0.529338 0.440637 0.367263 0.305561 0.255335 0.213026 0.177267 0.148076 0.123326 0.102615 0.085449 0.0716247 0.0593673 0.0492112 0.0412792 0.0343794 0.0286709 0.0238436 0.0198768 0.0165549 0.0136658 0.0113852 0.00962379 0.00796739 0.0067367 0.0056252 0.00460712 0.0038678 0.00322645 0.00274771 0.00226644 0.00190133 0.00155742 0.0012822 0.00110696 0.00088274 0.00075851 0.000607515 0.00054338 0.000445915 0.00037875 0.0003131 0.00025654 0.00020705 0.00017574 0.00014645 0.000129785 0.000604485 
Density Moments:
1.23453 1.3413 2.91587 9.51003 41.3245 223.84 1446.62 10807.2 91105.4 850463 
Per-collision Density Moments:
1 0.999853 2 6.00318 24.0367 120.3 721.563 5032.72 39883 352448 
0.172656 0.217496 0.525033 1.84715 8.4815 47.8397 318.83 2443.03 21097.2 202310 
0.0460535 0.0884498 0.266132 1.07926 5.48282 33.3267 234.708 1869.88 16539.9 159995 
0.011468 0.0240581 0.0802071 0.356812 1.96321 12.7682 95.1438 793.638 7277.96 72328 
0.0031602 0.00804416 0.0302679 0.147061 0.864483 5.89989 45.3933 384.992 3535.47 34644.8 
0.0008648 0.00236608 0.00959365 0.0501839 0.318069 2.34526 19.5027 178.431 1761.03 18461.2 
0.0002413 0.000734685 0.00326861 0.0186176 0.126855 0.987704 8.50872 79.278 786.264 8207.76 
6.71e-05 0.000215492 0.000967971 0.00534752 0.0343028 0.246306 1.92683 16.0827 140.936 1280.97 
1.78e-05 6.10172e-05 0.000285688 0.00165467 0.0111978 0.0848912 0.698499 6.09478 55.4625 520.214 
4.9e-06 1.94687e-05 0.000105534 0.000683867 0.0049929 0.0397253 0.33714 3.0068 27.8733 266.331 
1e-06 3.67481e-06 1.61271e-05 7.48989e-05 0.000361547 0.0017953 0.00910543 0.0469263 0.244813 1.28924 
1e-07 1.6482e-07 2.71657e-07 4.47746e-07 7.37977e-07 1.21634e-06 2.00477e-06 3.30426e-06 5.4461e-06 8.97628e-06 
1e-07 1.00277e-07 1.00556e-07 1.00835e-07 1.01114e-07 1.01395e-07 1.01676e-07 1.01958e-07 1.02241e-07 1.02525e-07 
0 0 0 0 0 0 0 0 0 0 
0 0 0 0 0 0 0 0 0 0 
0 0 0 0 0 0 0 0 0 0 
0 0 0 0 0 0 0 0 0 0 
0 0 0 0 0 0 0 0 0 0 
0 0 0 0 0 0 0 0 0 0 
0 0 0 0 0 0 0 0 0 0 
Per-collision Densities L:
0 0 0 0 0 0 0 0 0 0 0 0 0 0 0 0 0 0 0 0 0 0 0 0 0 0 0 0 0 0 0 0 0 0 0 0 0 0 0 0 0 0 0 0 0 0 0 0 0 0 0 
0.115891 0.0950158 0.0778402 0.064134 0.0523867 0.0430826 0.0352833 0.0290824 0.0237542 0.0194486 0.0159636 0.0130209 0.0107025 0.00876731 0.00733614 0.00586154 0.00482225 0.00391022 0.003232 0.00269721 0.00219372 0.00181295 0.0015049 0.00122614 0.00096354 0.000835775 0.000664075 0.000575195 0.000460055 0.00037875 0.000308555 0.00026361 0.000201495 0.00015352 0.0001515 0.000101505 9.292e-05 7.6255e-05 5.959e-05 5.151e-05 4.3935e-05 3.737e-05 2.727e-05 2.525e-05 1.515e-05 1.0605e-05 1.111e-05 1.0605e-05 9.595e-06 7.575e-06 3.1815e-05 
0.00568883 0.00555601 0.00520403 0.00486618 0.00444703 0.00393496 0.00360469 0.00323352 0.00282548 0.00253409 0.00220534 0.00193062 0.00167307 0.00143622 0.0012721 0.00108525 0.000916575 0.00078477 0.000676195 0.000571155 0.000502475 0.000448945 0.000352995 0.000290375 0.00026664 0.0002222 0.000189375 0.00016766 0.000131805 0.000116655 0.00010504 7.9285e-05 7.373e-05 5.05e-05 4.343e-05 4.3935e-05 2.9795e-05 3.333e-05 2.525e-05 2.121e-05 1.5655e-05 1.515e-05 1.0605e-05 1.3635e-05 5.555e-06 8.585e-06 5.555e-06 2.525e-06 3.535e-06 2.525e-06 1.6665e-05 
0.00253763 0.00267903 0.00269165 0.00269569 0.00260934 0.0024538 0.00223816 0.0020397 0.00185638 0.00166549 0.00153672 0.00135189 0.0012014 0.00108323 0.00088375 0.00078982 0.00070195 0.000608525 0.00052116 0.000436825 0.00038178 0.00034744 0.00030704 0.00025048 0.000236845 0.00017574 0.00015857 0.000134835 0.00013029 9.393e-05 8.585e-05 8.1305e-05 5.555e-05 4.7975e-05 4.0905e-05 3.7875e-05 2.6765e-05 3.1815e-05 1.919e-05 2.02e-05 1.4645e-05 1.212e-05 1.111e-05 1.0605e-05 8.585e-06 7.575e-06 2.02e-06 2.525e-06 4.545e-06 4.545e-06 1.3635e-05 
0.000320675 0.00032219 0.000347945 0.000347945 0.000357035 0.000345925 0.00034643 0.00032623 0.000294415 0.000283305 0.000275225 0.000240885 0.00022119 0.00021614 0.000191395 0.000178265 0.00014948 0.0001313 0.00011514 0.000106555 9.09e-05 9.0395e-05 6.767e-05 6.1105e-05 6.06e-05 5.3025e-05 5.3025e-05 3.8885e-05 2.8785e-05 2.2725e-05 2.929e-05 1.9695e-05 1.3635e-05 1.818e-05 1.2625e-05 1.01e-05 1.01e-05 1.111e-05 8.08e-06 5.555e-06 4.04e-06 6.06e-06 5.555e-06 3.03e-06 3.535e-06 1.515e-06 3.535e-06 2.02e-06 1.515e-06 2.02e-06 4.545e-06 
8.484e-05 0.00012221 0.000125745 0.000134835 0.000114635 0.000139885 0.000126755 0.00012019 0.00011716 0.00011716 0.000118675 0.000103525 9.09e-05 8.888e-05 9.1405e-05 7.3225e-05 6.4135e-05 6.0095e-05 5.252e-05 6.06e-05 4.1915e-05 4.646e-05 3.0805e-05 3.03e-05 2.727e-05 2.6765e-05 2.525e-05 1.7675e-05 1.717e-05 1.414e-05 1.414e-05 1.2625e-05 9.09e-06 1.0605e-05 6.565e-06 5.05e-06 6.565e-06 5.05e-06 5.555e-06 3.535e-06 6.06e-06 3.03e-06 3.535e-06 5.05e-07 2.525e-06 1.01e-06 1.01e-06 0 5.05e-07 2.525e-06 5.05e-06 
2.1715e-05 1.919e-05 2.6765e-05 2.626e-05 2.0705e-05 2.7775e-05 1.818e-05 2.1715e-05 2.2725e-05 2.121e-05 2.5755e-05 2.424e-05 2.424e-05 2.222e-05 1.616e-05 1.616e-05 1.515e-05 1.3635e-05 9.09e-06 1.313e-05 7.575e-06 9.595e-06 6.565e-06 1.01e-05 8.08e-06 5.555e-06 5.555e-06 5.555e-06 5.05e-06 3.03e-06 4.545e-06 2.525e-06 1.515e-06 1.515e-06 1.01e-06 5.05e-07 1.515e-06 2.02e-06 1.01e-06 5.05e-07 2.02e-06 3.03e-06 1.01e-06 1.515e-06 5.05e-07 1.01e-06 5.05e-07 5.05e-07 0 5.05e-07 2.02e-06 
4.04e-06 8.08e-06 8.08e-06 3.03e-06 9.09e-06 8.08e-06 6.565e-06 6.06e-06 7.07e-06 8.08e-06 1.0605e-05 8.08e-06 6.06e-06 8.585e-06 6.06e-06 4.545e-06 7.575e-06 2.02e-06 8.585e-06 4.04e-06 5.555e-06 2.02e-06 2.02e-06 2.525e-06 4.04e-06 2.02e-06 2.525e-06 1.01e-06 2.02e-06 2.02e-06 2.525e-06 3.03e-06 1.515e-06 5.05e-07 0 5.05e-07 5.05e-07 1.01e-06 1.01e-06 1.01e-06 0 5.05e-07 5.05e-07 0 5.05e-07 5.05e-07 0 0 0 0 1.01e-06 
5.05e-07 2.02e-06 1.515e-06 1.515e-06 5.05e-07 0 5.05e-07 5.05e-07 2.02e-06 3.03e-06 1.515e-06 2.02e-06 2.02e-06 1.515e-06 2.525e-06 1.515e-06 1.01e-06 0 1.01e-06 1.01e-06 1.01e-06 0 3.03e-06 0 5.05e-07 3.535e-06 1.515e-06 5.05e-07 0 5.05e-07 5.05e-07 5.05e-07 0 5.05e-07 1.01e-06 0 5.05e-07 0 0 0 0 0 0 0 5.05e-07 0 0 0 0 0 0 
5.05e-07 0 5.05e-07 0 0 1.515e-06 0 0 0 5.05e-07 1.515e-06 0 0 0 1.01e-06 5.05e-07 1.01e-06 1.01e-06 5.05e-07 1.01e-06 0 0 5.05e-07 0 0 0 0 5.05e-07 0 0 0 5.05e-07 0 0 0 5.05e-07 0 0 0 0 5.05e-07 0 0 0 0 0 0 0 0 0 0 
5.05e-07 0 0 0 0 0 0 0 0 0 0 0 0 0 5.05e-07 0 0 0 0 5.05e-07 0 0 0 0 0 0 0 0 5.05e-07 0 0 0 0 0 0 0 0 0 0 0 0 0 0 0 0 0 0 0 0 0 0 
0 0 0 0 0 0 0 0 0 0 0 0 0 0 0 0 0 0 0 0 0 0 0 0 0 0 0 0 0 0 0 0 0 0 0 0 0 0 0 0 0 0 0 0 0 0 0 0 0 0 0 
0 0 0 0 0 5.05e-07 0 0 0 0 0 0 0 0 0 0 0 0 0 0 0 0 0 0 0 0 0 0 0 0 0 0 0 0 0 0 0 0 0 0 0 0 0 0 0 0 0 0 0 0 0 
0 0 0 0 0 0 0 0 0 0 0 0 0 0 0 0 0 0 0 0 0 0 0 0 0 0 0 0 0 0 0 0 0 0 0 0 0 0 0 0 0 0 0 0 0 0 0 0 0 0 0 
0 0 0 0 0 0 0 0 0 0 0 0 0 0 0 0 0 0 0 0 0 0 0 0 0 0 0 0 0 0 0 0 0 0 0 0 0 0 0 0 0 0 0 0 0 0 0 0 0 0 0 
0 0 0 0 0 0 0 0 0 0 0 0 0 0 0 0 0 0 0 0 0 0 0 0 0 0 0 0 0 0 0 0 0 0 0 0 0 0 0 0 0 0 0 0 0 0 0 0 0 0 0 
0 0 0 0 0 0 0 0 0 0 0 0 0 0 0 0 0 0 0 0 0 0 0 0 0 0 0 0 0 0 0 0 0 0 0 0 0 0 0 0 0 0 0 0 0 0 0 0 0 0 0 
0 0 0 0 0 0 0 0 0 0 0 0 0 0 0 0 0 0 0 0 0 0 0 0 0 0 0 0 0 0 0 0 0 0 0 0 0 0 0 0 0 0 0 0 0 0 0 0 0 0 0 
0 0 0 0 0 0 0 0 0 0 0 0 0 0 0 0 0 0 0 0 0 0 0 0 0 0 0 0 0 0 0 0 0 0 0 0 0 0 0 0 0 0 0 0 0 0 0 0 0 0 0 
0 0 0 0 0 0 0 0 0 0 0 0 0 0 0 0 0 0 0 0 0 0 0 0 0 0 0 0 0 0 0 0 0 0 0 0 0 0 0 0 0 0 0 0 0 0 0 0 0 0 0 
Per-collision Densities L:
0.907882 0.74409 0.610834 0.501077 0.410556 0.336706 0.275805 0.226802 0.186341 0.15266 0.125396 0.10299 0.0842911 0.0688982 0.0570857 0.0464534 0.0380018 0.0313287 0.0256419 0.0210242 0.0173185 0.0141557 0.0115958 0.00943492 0.00775781 0.00642411 0.00522069 0.00434351 0.00363095 0.00288709 0.00239774 0.00194274 0.00165943 0.00130543 0.0010903 0.000884255 0.000713565 0.000591355 0.00050096 0.000415615 0.000327745 0.0002727 0.00022725 0.000186345 0.00015857 0.000131805 9.696e-05 8.181e-05 6.7165e-05 6.565e-05 0.000249975 
0.00392234 0.00979953 0.0137072 0.0155424 0.0163736 0.0164918 0.0159827 0.0151747 0.0140673 0.0128528 0.0118024 0.010406 0.00936169 0.00831129 0.00731998 0.00634987 0.00558177 0.00489749 0.00426069 0.00370216 0.00312949 0.00269872 0.0023432 0.00197809 0.00170286 0.00144885 0.00125897 0.00106101 0.00088476 0.00074942 0.00063832 0.0005858 0.000476215 0.00039693 0.000327745 0.000284315 0.000243915 0.000210585 0.00014948 0.00013736 0.000109585 0.000117665 8.282e-05 7.3225e-05 5.656e-05 4.7975e-05 4.6965e-05 3.737e-05 3.131e-05 2.626e-05 0.00013029 
0.00285729 0.00723817 0.00994194 0.0114872 0.0121417 0.0123392 0.0119983 0.0114989 0.0107166 0.00990255 0.00902031 0.00816636 0.00727049 0.00664883 0.00574236 0.00515252 0.00436169 0.00389961 0.00336027 0.0029997 0.00253106 0.00222402 0.00190436 0.00162863 0.0014034 0.00125291 0.00102263 0.00092617 0.00077265 0.00067064 0.000574185 0.00047167 0.000408545 0.000349965 0.00031613 0.000248965 0.00021008 0.000190385 0.00014443 0.00013736 0.00010201 9.6455e-05 8.08e-05 7.3225e-05 6.2115e-05 4.949e-05 3.737e-05 2.929e-05 2.5755e-05 2.0705e-05 0.00012019 
0.00013837 0.00041309 0.000668115 0.00081608 0.00104788 0.00113373 0.00116504 0.00122261 0.0012317 0.00121655 0.00120544 0.00114181 0.00107464 0.0010302 0.00093829 0.000876175 0.000788305 0.000703465 0.00070498 0.00059085 0.00054237 0.000492375 0.000431775 0.00036764 0.000317645 0.00028987 0.00026361 0.000236845 0.00019695 0.000180285 0.00014039 0.00013837 0.00011009 0.00011514 9.4435e-05 7.7265e-05 6.7165e-05 5.959e-05 5.2015e-05 3.636e-05 3.3835e-05 3.4845e-05 2.828e-05 3.131e-05 1.6665e-05 1.616e-05 1.0605e-05 1.616e-05 1.111e-05 7.575e-06 5.1005e-05 
5.656e-05 0.00015857 0.00028179 0.000351985 0.000431775 0.00048985 0.00049692 0.000521665 0.00053934 0.000505 0.000520655 0.000486315 0.000491365 0.000436825 0.0004141 0.00041208 0.00036663 0.000341885 0.000311585 0.000255025 0.00023937 0.00022523 0.00020503 0.000183315 0.000145945 0.00014847 0.000148975 0.00011716 9.797e-05 8.888e-05 8.1305e-05 5.959e-05 6.5145e-05 6.8175e-05 5.454e-05 4.1915e-05 3.434e-05 3.939e-05 2.1715e-05 2.424e-05 2.2725e-05 1.2625e-05 2.02e-05 8.08e-06 1.111e-05 5.05e-06 1.01e-05 7.575e-06 6.565e-06 4.545e-06 2.929e-05 
5.05e-06 2.121e-05 4.04e-05 4.3935e-05 6.2115e-05 7.777e-05 7.474e-05 7.9285e-05 8.4335e-05 9.292e-05 9.191e-05 0.000101505 8.181e-05 7.7265e-05 8.383e-05 8.5345e-05 8.08e-05 7.3225e-05 6.969e-05 6.3125e-05 5.6055e-05 5.353e-05 5.555e-05 4.848e-05 3.939e-05 4.04e-05 3.333e-05 3.0805e-05 2.8785e-05 1.9695e-05 2.222e-05 1.616e-05 1.717e-05 1.818e-05 9.595e-06 1.212e-05 7.575e-06 1.0605e-05 7.575e-06 4.545e-06 8.08e-06 7.07e-06 4.04e-06 4.04e-06 5.555e-06 3.03e-06 2.525e-06 3.535e-06 2.525e-06 2.525e-06 1.2625e-05 
2.02e-06 7.575e-06 1.1615e-05 1.616e-05 1.8685e-05 2.02e-05 3.0805e-05 2.828e-05 3.535e-05 2.929e-05 3.3835e-05 2.6765e-05 3.434e-05 3.333e-05 3.2825e-05 2.7775e-05 2.121e-05 2.727e-05 1.919e-05 2.6765e-05 2.02e-05 1.9695e-05 1.717e-05 1.6665e-05 1.313e-05 1.3635e-05 1.3635e-05 1.3635e-05 1.01e-05 6.06e-06 9.595e-06 9.09e-06 7.07e-06 9.09e-06 7.07e-06 6.06e-06 5.555e-06 5.05e-06 4.04e-06 2.02e-06 3.03e-06 1.515e-06 1.515e-06 2.02e-06 1.515e-06 1.515e-06 1.515e-06 0 1.515e-06 2.525e-06 8.08e-06 
0 3.03e-06 1.515e-06 3.03e-06 4.545e-06 3.03e-06 4.545e-06 3.03e-06 8.585e-06 4.545e-06 4.04e-06 5.555e-06 7.07e-06 9.595e-06 5.555e-06 7.575e-06 6.565e-06 6.06e-06 6.565e-06 7.575e-06 5.05e-06 4.545e-06 1.515e-06 5.555e-06 3.535e-06 5.555e-06 4.04e-06 5.555e-06 2.525e-06 3.535e-06 3.535e-06 2.02e-06 3.03e-06 2.525e-06 1.01e-06 1.01e-06 0 0 1.515e-06 5.05e-07 0 5.05e-07 5.05e-07 5.05e-07 5.05e-07 1.01e-06 1.01e-06 0 0 0 1.515e-06 
0 0 5.05e-07 5.05e-07 5.05e-07 1.01e-06 3.535e-06 3.03e-06 1.01e-06 2.02e-06 1.515e-06 1.515e-06 2.02e-06 3.535e-06 2.02e-06 2.525e-06 2.02e-06 1.515e-06 3.03e-06 1.515e-06 1.01e-06 2.525e-06 5.05e-07 1.515e-06 5.05e-07 0 5.05e-07 5.05e-07 0 1.515e-06 5.05e-07 1.01e-06 5.05e-07 1.01e-06 0 1.01e-06 0 0 5.05e-07 0 5.05e-07 0 5.05e-07 0 5.05e-07 0 0 0 5.05e-07 0 1.01e-06 
0 0 0 5.05e-07 0 5.05e-07 0 1.515e-06 0 0 0 5.05e-07 5.05e-07 0 0 0 5.05e-07 0 5.05e-07 0 5.05e-07 5.05e-07 0 5.05e-07 1.01e-06 0 0 1.515e-06 5.05e-07 0 0 0 5.05e-07 0 5.05e-07 5.05e-07 0 0 5.05e-07 5.05e-07 0 0 0 0 0 5.05e-07 0 0 0 0 5.05e-07 
0 0 0 0 0 0 0 0 0 5.05e-07 0 0 0 0 0 0 0 0 1.01e-06 0 0 0 0 5.05e-07 0 0 1.01e-06 0 0 0 0 0 0 0 0 0 0 0 0 0 0 0 0 0 0 0 0 0 0 0 0 
0 0 0 0 0 0 0 0 5.05e-07 0 0 0 0 0 0 0 0 0 0 0 0 0 0 0 0 0 0 0 0 0 0 0 0 0 0 0 0 0 0 0 0 0 0 0 0 0 0 0 0 0 0 
0 0 0 0 0 0 0 0 0 0 0 0 0 0 0 0 0 0 0 0 0 0 0 0 0 0 0 0 0 0 0 0 0 0 0 0 0 0 0 0 0 0 0 0 0 0 0 0 0 0 0 
0 0 0 0 0 0 0 0 0 0 0 0 0 0 0 0 0 0 0 0 0 0 0 0 0 0 0 0 0 0 0 0 0 0 0 0 0 0 0 0 0 0 0 0 0 0 0 0 0 0 0 
0 0 0 0 0 0 0 0 0 0 0 0 0 0 0 0 0 0 0 0 0 0 0 0 0 0 0 0 0 0 0 0 0 0 0 0 0 0 0 0 0 0 0 0 0 0 0 0 0 0 0 
0 0 0 0 0 0 0 0 0 0 0 0 0 0 0 0 0 0 0 0 0 0 0 0 0 0 0 0 0 0 0 0 0 0 0 0 0 0 0 0 0 0 0 0 0 0 0 0 0 0 0 
0 0 0 0 0 0 0 0 0 0 0 0 0 0 0 0 0 0 0 0 0 0 0 0 0 0 0 0 0 0 0 0 0 0 0 0 0 0 0 0 0 0 0 0 0 0 0 0 0 0 0 
0 0 0 0 0 0 0 0 0 0 0 0 0 0 0 0 0 0 0 0 0 0 0 0 0 0 0 0 0 0 0 0 0 0 0 0 0 0 0 0 0 0 0 0 0 0 0 0 0 0 0 
0 0 0 0 0 0 0 0 0 0 0 0 0 0 0 0 0 0 0 0 0 0 0 0 0 0 0 0 0 0 0 0 0 0 0 0 0 0 0 0 0 0 0 0 0 0 0 0 0 0 0 
0 0 0 0 0 0 0 0 0 0 0 0 0 0 0 0 0 0 0 0 0 0 0 0 0 0 0 0 0 0 0 0 0 0 0 0 0 0 0 0 0 0 0 0 0 0 0 0 0 0 0 
