Half rod, albedo problem, Anisotropic scattering, exponential random flight, mu_t: 3 g: 0.1
Analogmu_t c: 0.7 maxx: 10 dx: 0.19802 numsamples: 10000000 numCollisionOrders: 20 numMoments: 10
total albedo: 0.275574
per-collision order albedos: 
0 0.157605 0.0606058 0.0272065 0.0134888 0.0071515 0.0039428 0.0022365 0.0013128 0.0007811 0.0004671 0.0002884 0.0001799 0.000114 7.06e-05 4.21e-05 3.08e-05 1.67e-05 1.3e-05 8.1e-06 
Collision density L:
0.708298 0.517595 0.378979 0.276554 0.202532 0.148088 0.108283 0.0787275 0.057921 0.0422579 0.0310186 0.0224619 0.0164736 0.0120821 0.00882387 0.00647865 0.00470256 0.00347087 0.00244875 0.00181396 0.00132815 0.000956975 0.00068781 0.00048177 0.00035249 0.00028482 0.000217655 0.000135845 0.00011615 8.0295e-05 6.5145e-05 3.3835e-05 3.333e-05 2.323e-05 1.7675e-05 9.595e-06 1.2625e-05 5.05e-06 4.04e-06 2.02e-06 1.515e-06 3.03e-06 2.02e-06 0 1.01e-06 0 0 0 0 5.05e-07 1.01e-06 
Collision density R:
2.57569 1.8791 1.37369 1.00388 0.733187 0.535882 0.392052 0.286545 0.209478 0.152959 0.111866 0.0816913 0.0598157 0.0436552 0.031717 0.0233557 0.0171624 0.012525 0.00912434 0.00670792 0.00488537 0.00350066 0.00258914 0.00183517 0.00137562 0.000973135 0.00073528 0.00053126 0.00040602 0.000297445 0.000206545 0.000166145 0.00010504 8.2315e-05 5.252e-05 4.141e-05 2.828e-05 2.5755e-05 2.0705e-05 1.5655e-05 1.3635e-05 1.0605e-05 4.04e-06 5.555e-06 2.525e-06 3.03e-06 5.05e-07 1.01e-06 1.01e-06 1.01e-06 4.04e-06 
Density Moments:
2.41423 1.52448 1.92535 3.64676 9.21204 29.1314 110.914 495.165 2540.83 14729.5 
Per-collision Density Moments:
1 0.333507 0.222556 0.222765 0.296988 0.493577 0.979006 2.24458 5.80047 16.5539 
0.542271 0.309231 0.291884 0.377607 0.617509 1.21798 2.80823 7.3989 21.8923 71.7346 
0.318915 0.241844 0.284512 0.440518 0.838571 1.88787 4.90139 14.4209 47.4758 173.163 
0.196038 0.180249 0.248561 0.441202 0.946614 2.36816 6.74482 21.4954 75.6446 290.832 
0.123789 0.131617 0.205482 0.407428 0.966648 2.65258 8.23054 28.4036 107.616 442.851 
0.0795467 0.0949013 0.163748 0.355535 0.917514 2.72549 9.12873 33.9836 139.135 621.313 
0.051721 0.0679582 0.127632 0.299638 0.831853 2.64666 9.45729 37.4219 162.261 764.462 
0.0339935 0.0484496 0.0979201 0.24609 0.728299 2.46135 9.31161 38.8834 177.335 875.705 
0.0224662 0.0343812 0.0740179 0.197169 0.616029 2.19027 8.68784 37.8965 179.745 918.293 
0.0149258 0.0243004 0.055318 0.155176 0.508668 1.89002 7.79821 35.1784 171.326 891.215 
0.009957 0.0171715 0.0411848 0.121427 0.418012 1.63229 7.09385 33.8321 175.04 972.521 
0.0066842 0.0121315 0.030517 0.0941456 0.338253 1.37398 6.18534 30.4046 161.266 913.769 
0.0045071 0.00857036 0.0224995 0.0724054 0.271663 1.15429 5.44242 28.0213 155.422 917.83 
0.0030301 0.00600037 0.0163606 0.0545726 0.211956 0.931634 4.54244 24.1755 138.492 843.409 
0.0020521 0.00424047 0.0120028 0.0413925 0.165451 0.745373 3.71479 20.1891 118.195 737.218 
0.0013903 0.00297711 0.00872199 0.0310941 0.128271 0.594771 3.03938 16.8648 100.4 634.844 
0.0009383 0.00206839 0.00621346 0.0226727 0.0957016 0.455067 2.39552 13.7699 85.3854 564.738 
0.0006385 0.00145012 0.00447908 0.0167853 0.0728231 0.356946 1.94608 11.6511 75.6356 525.587 
0.0004341 0.00102195 0.00326177 0.0125769 0.0560028 0.281156 1.56579 9.54168 62.7957 440.632 
0 0 0 0 0 0 0 0 0 0 
Per-collision Densities L:
0 0 0 0 0 0 0 0 0 0 0 0 0 0 0 0 0 0 0 0 0 0 0 0 0 0 0 0 0 0 0 0 0 0 0 0 0 0 0 0 0 0 0 0 0 0 0 0 0 0 0 
0.355516 0.196567 0.108697 0.0598935 0.0333709 0.0183376 0.010202 0.00551612 0.0031406 0.00175841 0.00093829 0.000510555 0.000301485 0.0001515 9.595e-05 4.949e-05 3.1815e-05 1.7675e-05 8.08e-06 5.555e-06 3.03e-06 1.01e-06 5.05e-07 0 0 0 0 0 0 0 0 0 0 0 0 0 0 0 0 0 0 0 0 0 0 0 0 0 0 0 0 
0.173903 0.140883 0.102671 0.0702117 0.0466287 0.030048 0.0188456 0.0115206 0.00719726 0.00436219 0.00264469 0.00155389 0.000940815 0.000584285 0.00033128 0.000204525 0.000113625 6.7165e-05 3.636e-05 2.525e-05 9.595e-06 6.565e-06 2.525e-06 2.525e-06 1.515e-06 5.05e-07 2.02e-06 0 0 5.05e-07 0 0 0 0 0 0 0 0 0 0 0 0 0 0 0 0 0 0 0 0 0 
0.0831599 0.0787325 0.0673761 0.0534477 0.0402323 0.029036 0.0204702 0.0139602 0.00943391 0.00608424 0.00397486 0.00251894 0.00162156 0.00101859 0.000662055 0.000404 0.00024139 0.00014847 9.5445e-05 5.6055e-05 3.5855e-05 1.6665e-05 9.09e-06 6.565e-06 4.04e-06 2.02e-06 3.03e-06 1.01e-06 5.05e-07 5.05e-07 5.05e-07 0 0 0 5.05e-07 0 0 0 0 0 0 0 0 0 0 0 0 0 0 0 0 
0.0423089 0.0430341 0.0403344 0.0350611 0.0288895 0.0228553 0.017472 0.0128972 0.00934755 0.0065953 0.00456874 0.00316383 0.00206091 0.00138572 0.00090597 0.000599435 0.00036461 0.000238865 0.000155035 0.000105545 6.262e-05 3.8885e-05 2.222e-05 2.02e-05 5.05e-06 2.525e-06 7.575e-06 5.05e-07 5.05e-07 1.01e-06 0 5.05e-07 0 0 0 0 0 0 0 0 0 0 0 0 0 0 0 0 0 0 0 
0.0226942 0.0239405 0.0237663 0.0220029 0.0192592 0.0162676 0.0133163 0.0103247 0.00788911 0.00596557 0.00441067 0.00312292 0.00224574 0.00155288 0.00107616 0.00073124 0.00053328 0.00035249 0.00019897 0.000145945 9.797e-05 7.0195e-05 3.5855e-05 2.4745e-05 2.121e-05 1.3635e-05 5.05e-06 1.515e-06 1.515e-06 3.03e-06 1.01e-06 5.05e-07 0 5.05e-07 0 0 0 0 0 0 0 0 0 0 0 0 0 0 0 0 0 
0.0125427 0.013782 0.0140577 0.0135769 0.0125341 0.0110337 0.00923342 0.00765883 0.00619534 0.00483386 0.00376781 0.00281184 0.00208414 0.00153924 0.00106959 0.000811535 0.000519645 0.00037774 0.00024644 0.00018685 0.000136855 8.5345e-05 5.9085e-05 4.0905e-05 2.0705e-05 1.818e-05 7.07e-06 6.565e-06 3.535e-06 5.05e-06 2.02e-06 2.525e-06 0 5.05e-07 5.05e-07 0 5.05e-07 0 0 0 0 0 0 0 0 0 0 0 0 0 0 
0.00729271 0.00814919 0.00843805 0.00844411 0.00778609 0.00723059 0.00634129 0.00550248 0.00454551 0.00363449 0.00297344 0.00230432 0.00178922 0.00134532 0.00101202 0.000751945 0.00054237 0.0003737 0.00028987 0.000182305 0.000144935 0.000104535 5.252e-05 3.6865e-05 3.3835e-05 2.222e-05 1.414e-05 9.09e-06 6.06e-06 5.555e-06 4.04e-06 1.01e-06 5.05e-07 1.515e-06 5.05e-07 5.05e-07 0 0 0 0 0 0 5.05e-07 0 0 0 0 0 0 0 0 
0.00422332 0.00485356 0.00513636 0.00519595 0.00499092 0.00460358 0.00423998 0.00376932 0.00317241 0.00275124 0.0022422 0.00179275 0.00140643 0.00112009 0.000853955 0.000617615 0.00048682 0.000373195 0.000276235 0.00020402 0.000138875 9.1405e-05 7.171e-05 4.1915e-05 2.626e-05 2.525e-05 2.02e-05 8.08e-06 9.595e-06 5.555e-06 2.525e-06 5.05e-07 1.01e-06 3.03e-06 1.01e-06 1.01e-06 0 5.05e-07 0 0 0 5.05e-07 0 0 0 0 0 0 0 0 0 
0.0025755 0.00288355 0.00320524 0.00318251 0.00315524 0.00306434 0.0027977 0.00253611 0.00224826 0.00193415 0.00165792 0.00137916 0.00113524 0.00088678 0.00070296 0.00055146 0.000419655 0.000328755 0.000235835 0.00018079 0.00012726 8.6355e-05 7.0195e-05 4.2925e-05 3.7875e-05 2.525e-05 1.414e-05 1.313e-05 1.111e-05 3.535e-06 4.545e-06 5.05e-07 4.04e-06 5.05e-07 1.515e-06 2.02e-06 0 0 0 0 0 0 0 0 0 0 0 0 0 0 0 
0.00154076 0.00176498 0.00197051 0.00198364 0.0019993 0.00197001 0.00182204 0.00168468 0.00155136 0.00140188 0.00116403 0.00100142 0.00085345 0.000683265 0.00055247 0.000440865 0.00034744 0.000277245 0.000187355 0.00015453 0.0001111 9.2415e-05 6.464e-05 5.05e-05 3.535e-05 2.929e-05 2.121e-05 1.515e-05 1.01e-05 5.05e-06 5.555e-06 1.515e-06 2.525e-06 1.01e-06 1.01e-06 5.05e-07 0 0 0 0 0 0 0 0 0 0 0 0 0 0 0 
0.000956975 0.00109939 0.0012014 0.00127866 0.00131199 0.00125644 0.00121503 0.00116554 0.00104232 0.00092112 0.00084638 0.000702455 0.000609535 0.000487325 0.000412585 0.00034643 0.00028785 0.00023028 0.000177255 0.00012524 0.000110595 7.575e-05 6.5145e-05 4.242e-05 2.929e-05 2.424e-05 1.9695e-05 1.1615e-05 9.595e-06 7.07e-06 6.565e-06 5.05e-07 2.525e-06 3.03e-06 1.515e-06 5.05e-07 1.01e-06 5.05e-07 5.05e-07 0 0 5.05e-07 0 0 0 0 0 0 0 0 0 
0.00058479 0.00068377 0.000758005 0.000810525 0.000841835 0.00083123 0.000771135 0.000722655 0.00070599 0.000678215 0.000584285 0.00049995 0.00041006 0.000389355 0.0003333 0.000270175 0.00021412 0.000182305 0.00013332 0.00011009 8.282e-05 6.868e-05 5.656e-05 3.7875e-05 2.7775e-05 2.3735e-05 1.919e-05 1.1615e-05 1.0605e-05 6.06e-06 6.06e-06 3.03e-06 2.525e-06 2.525e-06 5.05e-07 0 1.01e-06 0 1.01e-06 0 5.05e-07 5.05e-07 0 0 0 0 0 0 0 0 0 
0.0003636 0.000456015 0.000492375 0.000525705 0.000541865 0.00050904 0.000518635 0.00051914 0.00048177 0.0004545 0.000415615 0.000342895 0.00032017 0.00027371 0.00023028 0.00020099 0.000166145 0.000128775 9.2415e-05 7.979e-05 6.5145e-05 4.9995e-05 3.8885e-05 3.1815e-05 2.2725e-05 2.121e-05 1.717e-05 1.313e-05 1.0605e-05 5.05e-06 4.545e-06 4.545e-06 3.535e-06 1.01e-06 5.05e-07 1.01e-06 1.01e-06 1.01e-06 5.05e-07 0 5.05e-07 5.05e-07 5.05e-07 0 0 0 0 0 0 0 0 
0.000210585 0.00029088 0.00031512 0.000323705 0.000344915 0.00035552 0.00034845 0.00031108 0.00031209 0.00030401 0.00026765 0.000236845 0.000215635 0.000204525 0.00016968 0.000146955 0.000124735 8.9385e-05 9.0395e-05 5.7065e-05 4.545e-05 4.545e-05 3.5855e-05 2.3735e-05 1.7675e-05 1.6665e-05 1.0605e-05 7.07e-06 9.595e-06 7.575e-06 3.03e-06 2.525e-06 3.03e-06 2.525e-06 1.01e-06 1.01e-06 1.01e-06 0 5.05e-07 1.01e-06 0 0 5.05e-07 0 0 0 0 0 0 0 0 
0.000156045 0.00017271 0.000190385 0.000218665 0.000226745 0.000231795 0.000242905 0.000219675 0.00022422 0.000190385 0.000168165 0.00016564 0.00015453 0.000131805 0.00012019 0.00010605 8.787e-05 7.7265e-05 6.666e-05 5.252e-05 5.1005e-05 2.929e-05 2.7775e-05 1.515e-05 1.4645e-05 1.414e-05 1.414e-05 7.575e-06 7.07e-06 3.03e-06 5.05e-06 3.03e-06 2.02e-06 1.515e-06 1.01e-06 0 5.05e-07 5.05e-07 5.05e-07 5.05e-07 5.05e-07 0 0 0 0 0 0 0 0 0 0 
8.9385e-05 0.000103525 0.00013635 0.00014544 0.000141905 0.000163115 0.000156045 0.000135845 0.000141905 0.00012726 0.000125745 0.00011211 9.3425e-05 8.282e-05 9.2415e-05 7.676e-05 6.1105e-05 5.757e-05 4.949e-05 3.939e-05 2.929e-05 2.626e-05 2.222e-05 2.0705e-05 1.313e-05 1.0605e-05 9.595e-06 7.07e-06 6.06e-06 3.03e-06 3.535e-06 1.515e-06 2.525e-06 2.525e-06 2.525e-06 5.05e-07 1.515e-06 5.05e-07 0 0 0 5.05e-07 0 0 0 0 0 0 0 0 0 
6.161e-05 6.8175e-05 8.383e-05 9.0395e-05 9.2415e-05 0.000103525 9.5445e-05 9.898e-05 9.9485e-05 9.0395e-05 8.484e-05 7.0195e-05 6.868e-05 6.3125e-05 6.0095e-05 5.252e-05 4.5955e-05 4.343e-05 3.333e-05 3.131e-05 1.919e-05 2.0705e-05 1.515e-05 1.414e-05 1.111e-05 7.07e-06 7.07e-06 4.04e-06 2.525e-06 3.03e-06 4.545e-06 3.03e-06 2.02e-06 0 2.02e-06 0 5.05e-07 5.05e-07 0 0 0 0 5.05e-07 0 0 0 0 0 0 0 0 
4.343e-05 5.05e-05 5.555e-05 6.1105e-05 6.1105e-05 6.9185e-05 6.464e-05 5.353e-05 5.7065e-05 5.353e-05 5.656e-05 5.05e-05 5.3025e-05 5.8075e-05 3.9895e-05 3.8885e-05 3.03e-05 3.4845e-05 2.222e-05 2.7775e-05 1.212e-05 9.09e-06 1.01e-05 6.06e-06 7.07e-06 7.575e-06 6.06e-06 4.04e-06 4.545e-06 3.03e-06 2.525e-06 1.01e-06 1.01e-06 5.05e-07 5.05e-07 0 5.05e-07 0 0 0 0 0 0 0 5.05e-07 0 0 0 0 0 0 
0 0 0 0 0 0 0 0 0 0 0 0 0 0 0 0 0 0 0 0 0 0 0 0 0 0 0 0 0 0 0 0 0 0 0 0 0 0 0 0 0 0 0 0 0 0 0 0 0 0 0 
Per-collision Densities L:
2.2622 1.24797 0.689552 0.380282 0.21014 0.116151 0.0644829 0.0353833 0.0195082 0.010961 0.00601556 0.00332593 0.00180487 0.000963035 0.00055853 0.00032017 0.000175235 9.797e-05 5.3025e-05 2.727e-05 1.616e-05 6.565e-06 3.03e-06 1.515e-06 0 0 5.05e-07 0 0 0 0 0 0 0 0 0 0 0 0 0 0 0 0 0 0 0 0 0 0 0 0 
0.233459 0.413685 0.386003 0.300499 0.213713 0.144481 0.0946001 0.0603228 0.03777 0.0233169 0.0142092 0.00861126 0.00518686 0.00306687 0.0018478 0.00108222 0.00062014 0.000361075 0.000222705 0.00012827 7.878e-05 3.6865e-05 1.818e-05 1.616e-05 6.565e-06 3.535e-06 2.02e-06 2.525e-06 5.05e-07 1.01e-06 5.05e-07 0 0 0 0 0 0 0 0 0 0 0 0 0 0 0 0 0 0 0 0 
0.0471019 0.124044 0.159695 0.157765 0.136692 0.108872 0.0817777 0.0591572 0.0413832 0.0283871 0.0189496 0.0123467 0.00799617 0.00504596 0.00319716 0.00203162 0.00127159 0.000793355 0.00050096 0.00027573 0.000174225 0.00010706 6.06e-05 3.333e-05 2.8785e-05 1.414e-05 7.07e-06 5.05e-06 2.02e-06 5.05e-07 2.02e-06 1.515e-06 1.01e-06 0 0 5.05e-07 0 0 0 0 0 0 0 0 0 0 0 0 0 0 0 
0.0168988 0.047317 0.0683169 0.0776155 0.0757657 0.0681548 0.0571923 0.0457904 0.0348829 0.025705 0.0188102 0.0131547 0.00921878 0.00628422 0.00416272 0.0028684 0.00185285 0.0011812 0.000770125 0.00048177 0.00030906 0.000176245 0.000120695 7.777e-05 5.7065e-05 3.3835e-05 1.414e-05 1.01e-05 6.06e-06 3.535e-06 1.01e-06 1.515e-06 0 0 5.05e-07 0 5.05e-07 0 0 0 0 0 0 0 0 0 0 0 0 0 0 
0.00761995 0.0216443 0.0322766 0.0392941 0.0414772 0.0400389 0.0363858 0.0310782 0.0258121 0.0202641 0.01565 0.0118412 0.00872034 0.00630796 0.00447178 0.00309262 0.0022119 0.00148672 0.00101758 0.000676195 0.00043531 0.000305525 0.00018887 0.000116655 7.777e-05 5.05e-05 3.1815e-05 2.02e-05 9.09e-06 8.585e-06 7.07e-06 3.03e-06 2.525e-06 1.01e-06 5.05e-07 5.05e-07 5.05e-07 0 0 0 0 0 0 0 0 0 0 0 0 0 0 
0.00383598 0.010911 0.0166564 0.0206121 0.023077 0.0234835 0.0222134 0.0201434 0.0175109 0.0147177 0.0119018 0.00946168 0.0072917 0.00556258 0.00410111 0.00301384 0.00216948 0.00154581 0.00105495 0.000775175 0.00054237 0.00035148 0.00023836 0.000156045 0.000112615 5.9085e-05 4.747e-05 2.8785e-05 2.424e-05 1.212e-05 9.595e-06 6.565e-06 1.01e-06 3.03e-06 1.515e-06 1.515e-06 1.01e-06 0 5.05e-07 0 0 5.05e-07 0 0 0 0 0 0 0 0 0 
0.00198011 0.00578932 0.00888043 0.0114468 0.013077 0.0136996 0.0135941 0.0129548 0.0115625 0.0101177 0.00842593 0.00704021 0.00568024 0.00445562 0.00342744 0.00269064 0.00195435 0.0015251 0.00107616 0.00078477 0.000545905 0.00037774 0.000286335 0.00017069 0.000124735 9.4435e-05 5.555e-05 3.737e-05 3.03e-05 1.717e-05 9.09e-06 1.111e-05 4.04e-06 5.555e-06 1.515e-06 0 1.01e-06 1.515e-06 1.01e-06 0 0 0 5.05e-07 0 0 0 0 0 0 0 0 
0.00107565 0.0031815 0.00508586 0.00651046 0.00762298 0.0080694 0.00830372 0.00806384 0.00744623 0.00684174 0.00592416 0.00507525 0.00425261 0.00350773 0.00265176 0.00217857 0.00163368 0.0012524 0.000994345 0.000760025 0.000532775 0.00039491 0.00026967 0.000208565 0.00015756 9.0395e-05 7.1205e-05 4.4945e-05 3.232e-05 2.4745e-05 1.212e-05 1.0605e-05 4.04e-06 3.03e-06 3.03e-06 1.515e-06 3.03e-06 1.515e-06 1.515e-06 0 0 5.05e-07 0 0 0 0 0 0 0 0 0 
0.000610545 0.00184376 0.00288557 0.0038577 0.00455359 0.00488386 0.00513383 0.00498385 0.00486265 0.00445966 0.00404303 0.00355217 0.00303101 0.00254116 0.0021614 0.00164378 0.00137865 0.00105646 0.000797395 0.000653975 0.00047571 0.000340875 0.000274215 0.000185335 0.000146955 0.00010201 7.272e-05 4.2925e-05 3.838e-05 2.727e-05 1.818e-05 1.313e-05 8.585e-06 5.05e-06 4.04e-06 2.02e-06 5.05e-07 1.01e-06 5.05e-07 1.515e-06 0 0 5.05e-07 0 0 0 0 0 0 0 0 
0.00037673 0.00105192 0.00166701 0.00228311 0.00275124 0.00305727 0.00310424 0.00311232 0.00313959 0.0028785 0.00263105 0.00238259 0.00216494 0.00182002 0.00152005 0.00123725 0.00107969 0.000856985 0.00064842 0.000501465 0.000419655 0.00030199 0.00023735 0.00016564 0.00013635 0.000102515 7.0195e-05 4.545e-05 4.141e-05 2.323e-05 1.717e-05 1.515e-05 7.575e-06 9.595e-06 2.525e-06 5.05e-06 1.01e-06 1.515e-06 0 5.05e-07 5.05e-07 5.05e-07 0 0 0 0 0 0 0 0 0 
0.00021917 0.000625695 0.00102414 0.00139784 0.00163671 0.00186699 0.00192355 0.0019998 0.00203869 0.00181093 0.00178013 0.00164075 0.00143875 0.00128826 0.00109333 0.00092718 0.00081103 0.000652965 0.00053833 0.000396425 0.000336835 0.00025654 0.000191395 0.000160085 9.999e-05 8.282e-05 6.7165e-05 5.252e-05 3.2825e-05 2.4745e-05 1.919e-05 1.2625e-05 1.1615e-05 4.545e-06 4.545e-06 4.545e-06 4.545e-06 2.02e-06 2.02e-06 1.01e-06 1.01e-06 1.01e-06 0 5.05e-07 0 0 0 0 0 0 0 
0.00012625 0.00039491 0.000630745 0.000850925 0.000973135 0.001161 0.00119382 0.00127008 0.00126503 0.00123624 0.00120544 0.0010903 0.00098677 0.00089688 0.00074841 0.000697405 0.00057267 0.000493385 0.000402485 0.00031613 0.000249975 0.000209575 0.00016463 0.000133825 8.7365e-05 7.1205e-05 6.9185e-05 4.1915e-05 3.2825e-05 3.131e-05 1.8685e-05 1.515e-05 6.565e-06 7.07e-06 7.07e-06 3.03e-06 1.515e-06 1.515e-06 1.01e-06 1.515e-06 5.05e-07 5.05e-07 0 0 5.05e-07 0 0 0 0 0 0 
7.7265e-05 0.00024038 0.00037572 0.00054035 0.00062519 0.000720635 0.000780225 0.00082113 0.000830725 0.00078376 0.00078881 0.00072821 0.00069488 0.0006363 0.000529745 0.000472175 0.00042824 0.000347945 0.000278255 0.000246945 0.00018786 0.00016261 0.00013029 0.000101 8.282e-05 5.959e-05 4.0905e-05 4.242e-05 3.232e-05 2.6765e-05 2.0705e-05 1.0605e-05 9.595e-06 9.09e-06 3.535e-06 3.03e-06 3.535e-06 5.05e-06 1.01e-06 1.515e-06 5.05e-07 1.01e-06 0 5.05e-07 0 0 0 0 0 0 0 
4.7975e-05 0.000140895 0.000234825 0.00032522 0.00039289 0.00043632 0.000508535 0.00051005 0.000502475 0.000505505 0.000504495 0.000495405 0.00042723 0.000419655 0.000393395 0.00034138 0.00030199 0.00024745 0.000213615 0.00019493 0.000158065 0.00012625 0.000104535 7.474e-05 6.363e-05 5.1005e-05 3.737e-05 3.3835e-05 2.02e-05 1.616e-05 1.6665e-05 1.1615e-05 9.09e-06 6.06e-06 4.04e-06 4.545e-06 3.535e-06 1.515e-06 2.02e-06 1.515e-06 2.02e-06 1.01e-06 0 0 0 0 0 0 0 0 0 
2.525e-05 9.393e-05 0.000167155 0.000211595 0.00023533 0.00027977 0.00030603 0.000338855 0.000349965 0.00033734 0.000362085 0.000300475 0.00030098 0.000281285 0.00026664 0.00022321 0.000214625 0.00019291 0.0001616 0.00014948 0.000130795 9.696e-05 8.2315e-05 5.6055e-05 5.757e-05 3.6865e-05 3.434e-05 2.2725e-05 2.727e-05 1.7675e-05 1.01e-05 1.0605e-05 4.545e-06 5.555e-06 4.545e-06 3.03e-06 1.01e-06 1.515e-06 1.515e-06 5.05e-07 2.02e-06 1.01e-06 0 5.05e-07 5.05e-07 0 0 0 0 0 0 
1.4645e-05 5.656e-05 8.5345e-05 0.000145945 0.000167155 0.000184325 0.00017069 0.000210585 0.000199475 0.000225735 0.000240885 0.00022624 0.000205535 0.00018281 0.00018786 0.000165135 0.000149985 0.000130795 0.00011211 9.191e-05 9.0395e-05 6.4135e-05 6.0095e-05 5.353e-05 3.333e-05 2.828e-05 2.828e-05 2.6765e-05 1.818e-05 1.7675e-05 9.595e-06 7.575e-06 5.555e-06 5.555e-06 5.05e-06 2.525e-06 2.525e-06 1.01e-06 5.05e-07 1.01e-06 0 5.05e-07 5.05e-07 1.01e-06 0 5.05e-07 0 0 0 0 0 
7.07e-06 4.0905e-05 5.7065e-05 8.585e-05 0.000108575 0.000116655 0.000141905 0.00013534 0.00014443 0.00013029 0.00013029 0.000140895 0.00014948 0.000127765 0.00012827 0.000115645 0.000104535 9.1405e-05 9.0395e-05 7.8275e-05 6.161e-05 4.343e-05 3.9895e-05 3.1815e-05 2.626e-05 2.121e-05 2.727e-05 1.4645e-05 1.0605e-05 8.585e-06 6.565e-06 8.08e-06 4.545e-06 3.535e-06 5.05e-07 2.525e-06 5.05e-07 1.01e-06 2.02e-06 0 1.515e-06 0 5.05e-07 0 5.05e-07 1.01e-06 0 0 0 0 0 
8.585e-06 2.02e-05 3.9895e-05 6.1105e-05 6.2115e-05 7.676e-05 8.8375e-05 8.787e-05 0.00010201 0.00010504 8.9385e-05 8.181e-05 7.878e-05 8.3325e-05 7.7265e-05 9.494e-05 7.777e-05 6.1105e-05 6.363e-05 6.262e-05 4.343e-05 3.2825e-05 3.2825e-05 2.525e-05 1.818e-05 2.222e-05 1.2625e-05 1.4645e-05 1.01e-05 1.0605e-05 4.04e-06 4.04e-06 4.04e-06 3.03e-06 5.05e-07 1.01e-06 1.515e-06 0 1.01e-06 1.01e-06 1.01e-06 5.05e-07 1.01e-06 0 0 1.01e-06 0 5.05e-07 0 0 0 
4.545e-06 1.2625e-05 2.3735e-05 3.636e-05 3.7875e-05 4.6965e-05 4.5955e-05 5.959e-05 6.0095e-05 5.959e-05 7.9285e-05 5.757e-05 6.06e-05 5.5045e-05 6.1105e-05 5.252e-05 5.05e-05 4.6965e-05 4.242e-05 3.737e-05 2.9795e-05 3.535e-05 2.6765e-05 1.6665e-05 1.717e-05 1.717e-05 1.1615e-05 1.212e-05 8.585e-06 4.04e-06 5.555e-06 4.04e-06 2.525e-06 2.525e-06 1.01e-06 1.01e-06 5.05e-07 1.01e-06 1.515e-06 5.05e-07 2.02e-06 5.05e-07 0 1.01e-06 0 0 0 5.05e-07 0 0 0 
0 0 0 0 0 0 0 0 0 0 0 0 0 0 0 0 0 0 0 0 0 0 0 0 0 0 0 0 0 0 0 0 0 0 0 0 0 0 0 0 0 0 0 0 0 0 0 0 0 0 0 
