Half rod, albedo problem, isotropic scattering, exponential random flight, mu_t: 1
Analogmu_t c: 0.99 maxx: 10 dx: 0.19802 numsamples: 1000000 numCollisionOrders: 20 numMoments: 10
total albedo: 0.818082
per-collision order albedos: 
0 0.247108 0.122198 0.076075 0.052501 0.039366 0.030539 0.024466 0.020101 0.016946 0.01445 0.012497 0.010953 0.009698 0.008703 0.007911 0.00685 0.006439 0.005724 0.005367 
Collision density L:
0.81203 0.795213 0.780947 0.761853 0.748208 0.736745 0.719165 0.70755 0.69079 0.678569 0.66862 0.651001 0.640855 0.626745 0.614317 0.599783 0.592678 0.579881 0.569958 0.555152 0.54593 0.535154 0.525336 0.514726 0.506515 0.498475 0.48585 0.477599 0.467963 0.458924 0.449263 0.438769 0.430482 0.422963 0.413514 0.405904 0.3974 0.389885 0.380613 0.373947 0.36306 0.361338 0.351914 0.347925 0.33988 0.332603 0.32621 0.319488 0.314474 0.307 15.2574 
Collision density R:
0.990123 0.969358 0.949668 0.931947 0.915323 0.896203 0.876912 0.865035 0.846506 0.836315 0.815343 0.800188 0.783997 0.762161 0.755717 0.735634 0.718873 0.706546 0.695087 0.680644 0.668383 0.654389 0.643865 0.627185 0.6141 0.605061 0.595148 0.581866 0.569968 0.562737 0.546991 0.533967 0.527715 0.515024 0.507116 0.499086 0.486724 0.474639 0.468347 0.457899 0.446667 0.438683 0.429376 0.421766 0.412535 0.405944 0.399642 0.389794 0.383462 0.377467 18.6641 
Density Moments:
18.1608 180.71 3588.15 106401 4.17188e+06 2.01873e+08 1.15263e+10 7.52125e+11 5.47366e+13 4.35603e+15 
Per-collision Density Moments:
1 1.00225 2.00904 6.04497 24.2687 121.675 728.778 5043.81 39272.9 336518 
0.742756 1.23671 3.4585 13.3255 65.0875 383.877 2644.12 20743.7 181693 1.74762e+06 
0.613046 1.34592 4.63885 21.1845 119.43 797.831 6140.86 53287.6 511823 5.35363e+06 
0.530873 1.40848 5.65331 29.438 186.524 1385.8 11776.6 112395 1.18733e+06 1.37127e+07 
0.473039 1.44704 6.5452 37.874 264.06 2143.74 19820.9 205601 2.36848e+06 3.00965e+07 
0.42892 1.47021 7.32729 46.2041 347.982 3031.58 29970.7 332690 4.12918e+06 5.72727e+07 
0.394056 1.48573 8.04495 54.6711 440.657 4081.2 42591.2 494884 6.36112e+06 9.02141e+07 
0.365684 1.49389 8.6813 62.9423 538.672 5273.53 57896.8 703680 9.39025e+06 1.36861e+08 
0.341846 1.49804 9.26912 71.2132 643.477 6630.93 76382 969792 1.34303e+07 2.01181e+08 
0.321428 1.50054 9.81988 79.4409 753 8109.89 97250.7 1.27956e+06 1.82639e+07 2.80175e+08 
0.30378 1.49854 10.3031 87.2951 864.791 9720.54 121565 1.66809e+06 2.48492e+07 3.98416e+08 
0.288371 1.49745 10.7879 95.587 989.294 11612 151634 2.17298e+06 3.38176e+07 5.66586e+08 
0.274567 1.49437 11.2325 103.591 1114 13565.9 183507 2.71941e+06 4.367e+07 7.52939e+08 
0.262125 1.48816 11.6384 111.49 1243.75 15695.6 219840 3.37177e+06 5.60486e+07 1.00135e+09 
0.250731 1.48236 12.0338 119.414 1377.61 17947.9 259017 4.0827e+06 6.95081e+07 1.26625e+09 
0.240337 1.47474 12.3855 126.943 1510.26 20258.7 300501 4.85957e+06 8.47306e+07 1.57819e+09 
0.23112 1.46735 12.7308 134.555 1648.2 22738.3 346782 5.77004e+06 1.03696e+08 1.99621e+09 
0.222319 1.45865 13.0455 141.97 1789.57 25398.4 398503 6.82849e+06 1.26791e+08 2.54026e+09 
0.214467 1.45027 13.3394 149.075 1927.23 28027.3 450555 7.92156e+06 1.51581e+08 3.15846e+09 
0 0 0 0 0 0 0 0 0 0 
Per-collision Densities L:
0 0 0 0 0 0 0 0 0 0 0 0 0 0 0 0 0 0 0 0 0 0 0 0 0 0 0 0 0 0 0 0 0 0 0 0 0 0 0 0 0 0 0 0 0 0 0 0 0 0 0 
0.226169 0.184557 0.149935 0.123255 0.102808 0.0841078 0.069185 0.056454 0.0467378 0.0375821 0.0308303 0.0253056 0.0211343 0.0170892 0.0141855 0.0115039 0.0094233 0.00771135 0.0065549 0.00541865 0.00423695 0.0036865 0.0028684 0.0024038 0.00183315 0.0015554 0.00122715 0.0012019 0.00090395 0.00083325 0.00058075 0.00044945 0.00037875 0.0003434 0.0002929 0.00026765 0.0001919 0.0001919 0.00013635 8.585e-05 8.08e-05 8.585e-05 7.07e-05 1.01e-05 5.555e-05 5.05e-05 2.02e-05 2.525e-05 5.05e-06 1.01e-05 5.05e-05 
0.122649 0.117877 0.112277 0.103661 0.0954248 0.0862843 0.0769519 0.0693618 0.0609283 0.0540502 0.0482326 0.040294 0.0358399 0.0310878 0.0267549 0.0231745 0.0196445 0.0167862 0.0141299 0.0124887 0.0101657 0.00937785 0.0078881 0.0065448 0.00566105 0.00522675 0.00392385 0.00364105 0.00279265 0.0026058 0.0020907 0.0017978 0.00152005 0.00127765 0.00097465 0.00086355 0.0007474 0.00062115 0.00049995 0.0004949 0.000404 0.0003232 0.0002525 0.0002121 0.00015655 0.0001616 0.0001313 0.000101 0.000101 9.595e-05 0.0003939 
0.0769418 0.0777044 0.0788962 0.075745 0.0735179 0.0711091 0.0674882 0.0633119 0.0591305 0.0537573 0.0496971 0.0447683 0.0408899 0.0362641 0.0331634 0.0298203 0.0266539 0.0242804 0.0210787 0.0186547 0.0163469 0.0148268 0.0126301 0.0118069 0.00963035 0.0082315 0.00734775 0.0058782 0.00534795 0.004848 0.0042016 0.0035754 0.0029997 0.0023634 0.0022826 0.0020099 0.00167155 0.00148975 0.00119685 0.0011009 0.000808 0.0006666 0.00069185 0.0005858 0.0004848 0.00036865 0.0003737 0.00031815 0.000202 0.00020705 0.00122715 
0.0543532 0.0554692 0.0568428 0.0579639 0.0578831 0.0573731 0.0546259 0.0539492 0.0509899 0.0484901 0.0460914 0.0433189 0.0403495 0.0371983 0.0343501 0.0318554 0.0298556 0.0270983 0.0245582 0.0217352 0.0200435 0.0178063 0.0163873 0.0141198 0.01313 0.0116655 0.010201 0.0089183 0.007979 0.00716595 0.006262 0.00577215 0.0047268 0.00444905 0.00380265 0.00316635 0.00270175 0.0023533 0.0019998 0.0018988 0.0016867 0.0013837 0.00121705 0.0011312 0.00092415 0.0008484 0.00077265 0.0005555 0.0005454 0.0004444 0.00256035 
0.0403445 0.0423291 0.0441572 0.0448895 0.0451066 0.0454551 0.0445713 0.0442683 0.0442582 0.0422231 0.0414403 0.0393648 0.0376579 0.035653 0.0334058 0.0312292 0.0301738 0.0275074 0.0254722 0.0231088 0.02222 0.0202303 0.0181245 0.0163873 0.0154076 0.0142208 0.0125089 0.0114938 0.0104636 0.0089789 0.00826685 0.0071205 0.00631755 0.00581255 0.0052419 0.00475205 0.00427735 0.0035552 0.0034138 0.00282295 0.0024846 0.0021614 0.00193415 0.0019392 0.0015554 0.0013837 0.00122715 0.00111605 0.00090395 0.00079285 0.00551965 
0.0311484 0.0335118 0.0350016 0.0358702 0.0367893 0.0373549 0.0373448 0.0378801 0.0363449 0.0365267 0.0359207 0.0348501 0.0337845 0.0327695 0.03181 0.0293405 0.0283911 0.0265176 0.0253712 0.0237754 0.0218968 0.0207505 0.0191648 0.0175084 0.0168872 0.0158318 0.0140895 0.0125089 0.0115039 0.0107262 0.00975155 0.0089284 0.008181 0.007373 0.00676195 0.00611555 0.00543885 0.0050601 0.00430765 0.00404 0.00362085 0.00303505 0.0028179 0.00242905 0.0023533 0.0018281 0.0018281 0.00155035 0.00138875 0.0011211 0.00893345 
0.0253308 0.027068 0.0285123 0.0295728 0.0299314 0.0313302 0.0313858 0.0316686 0.0319211 0.0315979 0.0320877 0.0304768 0.0301889 0.0288153 0.0286436 0.0276437 0.0266792 0.0254116 0.024437 0.0229573 0.0215686 0.0205737 0.0192809 0.0184982 0.0171751 0.0161146 0.0149076 0.0137259 0.0126806 0.0117867 0.0109282 0.0102212 0.0096758 0.0086254 0.00806485 0.0068478 0.0069084 0.00606505 0.00518635 0.0047167 0.00442885 0.0042218 0.00355015 0.0030704 0.0029492 0.00248965 0.00243915 0.0022422 0.00182305 0.0017574 0.0137158 
0.0208414 0.0223614 0.0239168 0.0247198 0.0253914 0.0268105 0.0272599 0.027568 0.0274064 0.0276993 0.0276791 0.0276286 0.0269064 0.0268408 0.0263661 0.0245885 0.0242451 0.0236593 0.0229169 0.0221443 0.0208868 0.0201546 0.0188971 0.0182053 0.0171094 0.0159732 0.0151399 0.0141198 0.0130795 0.0125139 0.011514 0.0106858 0.0104889 0.00935765 0.00926675 0.00781235 0.0072215 0.00674175 0.00607515 0.0058479 0.00517625 0.0051207 0.0042824 0.00432785 0.0033532 0.00343905 0.00296435 0.00278255 0.0025351 0.0023533 0.0188719 
0.017367 0.0188012 0.0204121 0.0211242 0.0216595 0.0227957 0.0233058 0.0233159 0.0240279 0.0240431 0.0238158 0.0243663 0.0243461 0.0236643 0.0231189 0.0230129 0.022821 0.022013 0.0215029 0.0204121 0.0202909 0.0187507 0.018276 0.0179427 0.017165 0.0157106 0.0152157 0.014847 0.0133926 0.0130543 0.0119887 0.0115191 0.0103677 0.0099687 0.0089486 0.00847895 0.0083426 0.00724675 0.0072821 0.00654985 0.0057974 0.00527725 0.00469145 0.00471165 0.0041107 0.0039693 0.00347945 0.00337845 0.0030098 0.0026765 0.0245986 
0.0150187 0.016463 0.0173569 0.0178568 0.0184527 0.0200182 0.0208969 0.0210585 0.0214272 0.0212757 0.0213868 0.0214878 0.0211444 0.0219019 0.0210888 0.0211898 0.0211141 0.0199728 0.0201192 0.0193971 0.01868 0.0184376 0.0178366 0.0166802 0.0160489 0.0157712 0.015049 0.0146652 0.0139229 0.0130795 0.0125291 0.0117968 0.0110595 0.010403 0.00938795 0.00895365 0.0082618 0.00811535 0.00791335 0.00690335 0.006464 0.0059792 0.00532775 0.00505505 0.00475205 0.00479245 0.0040097 0.00401475 0.0034643 0.0032017 0.0312444 
0.0127715 0.0137714 0.015251 0.0156298 0.0168923 0.0171448 0.0178871 0.0186345 0.0185941 0.0191698 0.0192001 0.0194173 0.0192708 0.0196546 0.019589 0.0189779 0.0189375 0.019089 0.0182507 0.0177609 0.0177508 0.0174074 0.0166246 0.0162358 0.0157005 0.0154783 0.0149127 0.0138623 0.0136552 0.0133926 0.0121756 0.0114635 0.0108777 0.0107464 0.0100192 0.0092516 0.0088577 0.0085143 0.00799415 0.00760025 0.00671145 0.00674175 0.00627715 0.0055853 0.00511565 0.0050298 0.00435815 0.00439855 0.00376225 0.0037269 0.0375316 
0.0113979 0.0125594 0.0130442 0.0140188 0.0145693 0.0148117 0.0155692 0.0158722 0.0163418 0.0170034 0.0170539 0.017877 0.0176801 0.0177154 0.0175488 0.0173619 0.0176245 0.0170741 0.0174276 0.0171801 0.0167711 0.0157762 0.0159227 0.0155136 0.0149733 0.0147107 0.014034 0.0136704 0.0132108 0.012726 0.0126755 0.0114332 0.0105899 0.0100445 0.0099081 0.0098273 0.00909 0.00881225 0.00798405 0.00741845 0.006969 0.0067468 0.0064842 0.0059893 0.0057166 0.0049086 0.004747 0.0044137 0.0043026 0.00410565 0.0444249 
0.0101404 0.0112514 0.0121907 0.0127159 0.0128573 0.0137562 0.0137966 0.0143319 0.0152813 0.015448 0.0158469 0.0155288 0.0162762 0.0165539 0.0162863 0.0162055 0.0161398 0.0162055 0.0162358 0.0158116 0.0157712 0.0154429 0.0147814 0.0142612 0.014039 0.0143218 0.0132007 0.0134179 0.0128119 0.0122463 0.0119079 0.0111555 0.0111706 0.0104182 0.0099384 0.00957985 0.0090395 0.0086759 0.00819615 0.0077063 0.0074336 0.0070902 0.0065044 0.00620645 0.00577215 0.0054742 0.00492375 0.00521665 0.00456015 0.00429755 0.050596 
0.00933745 0.0101303 0.0103525 0.0110343 0.0115595 0.0118625 0.0123826 0.0130442 0.0131654 0.0139986 0.014539 0.014342 0.0150541 0.0148622 0.0149127 0.0153268 0.0149581 0.015044 0.0151551 0.0142814 0.0142915 0.0142764 0.0143067 0.0145491 0.0133876 0.0135239 0.013029 0.0124988 0.0120089 0.0120594 0.0112767 0.0111302 0.0107818 0.0102919 0.0094839 0.00925665 0.00911525 0.0084638 0.0082618 0.0078982 0.00799415 0.0072518 0.00682255 0.00618625 0.0059792 0.00580245 0.00559035 0.0050399 0.00464095 0.0045046 0.0579437 
0.00780225 0.0087567 0.0092213 0.0099687 0.0105596 0.0105444 0.0110444 0.0117867 0.0121503 0.0126806 0.0130745 0.0137865 0.0130795 0.0134078 0.013933 0.014337 0.0142814 0.0136906 0.0135138 0.0135037 0.0134229 0.0136451 0.013534 0.0128422 0.0128775 0.0129735 0.0123473 0.0117362 0.0114888 0.0114534 0.011004 0.0107565 0.0106959 0.00989295 0.0096859 0.00909 0.00914555 0.00898395 0.00834765 0.0078982 0.00713565 0.007474 0.00702455 0.00633775 0.00629735 0.0060196 0.00558025 0.0052116 0.0050803 0.0045349 0.0636401 
0.00745885 0.00771135 0.00857995 0.0094233 0.0098475 0.00974145 0.0108171 0.0106505 0.0111403 0.0113928 0.011918 0.0127159 0.0122766 0.0125543 0.0123624 0.0125291 0.0123725 0.0126402 0.012519 0.0131452 0.0127008 0.0122968 0.0129785 0.0122968 0.0119281 0.011812 0.0115393 0.0109939 0.0112262 0.0112211 0.0110696 0.0104586 0.0101354 0.00944855 0.00935765 0.00962025 0.00880215 0.0083224 0.00846885 0.0075245 0.00736795 0.00741845 0.00640845 0.0065953 0.00644885 0.00601455 0.0058479 0.0055146 0.00485305 0.0049086 0.069584 
0.0068276 0.00711545 0.0080598 0.0084739 0.00872135 0.00866075 0.0094233 0.00996365 0.0101404 0.0104485 0.0109787 0.0109787 0.0113575 0.0108575 0.0117211 0.0114787 0.0120089 0.0115544 0.0120342 0.0120392 0.0123271 0.0113423 0.0116403 0.0113524 0.0113171 0.0116504 0.0108979 0.0110595 0.0112009 0.0102616 0.0102313 0.00998385 0.0096859 0.00947885 0.00918595 0.00917585 0.0085951 0.0085648 0.00777195 0.0077366 0.0074639 0.00684275 0.00715585 0.00690335 0.00642865 0.0063832 0.005959 0.005656 0.0053025 0.0047975 0.0754117 
0.00596405 0.0067569 0.0073023 0.0075043 0.0080699 0.00864055 0.00860015 0.00907485 0.00905465 0.0095647 0.0097869 0.0102263 0.0101101 0.0103121 0.0110898 0.0106656 0.0109484 0.0112161 0.0112868 0.0111302 0.0113171 0.0110494 0.0109535 0.0108272 0.0111858 0.0110242 0.0111403 0.0103778 0.0104687 0.00985255 0.00974145 0.0093223 0.00958995 0.0093425 0.0088274 0.00888295 0.0085345 0.0086254 0.0077366 0.00765075 0.0074033 0.00701445 0.0071306 0.0066862 0.00627715 0.005959 0.005757 0.00567115 0.0055449 0.0051207 0.0808909 
0 0 0 0 0 0 0 0 0 0 0 0 0 0 0 0 0 0 0 0 0 0 0 0 0 0 0 0 0 0 0 0 0 0 0 0 0 0 0 0 0 0 0 0 0 0 0 0 0 0 0 
Per-collision Densities L:
0.906384 0.743017 0.60853 0.498753 0.411873 0.338592 0.276679 0.227402 0.18585 0.152808 0.125927 0.103379 0.0846481 0.0689477 0.0571256 0.0468135 0.0380215 0.0315373 0.0255833 0.0210383 0.0174326 0.0144077 0.0114736 0.00978185 0.0080093 0.0065044 0.00509545 0.0042925 0.00348955 0.00300475 0.00247955 0.0019695 0.00163115 0.00126755 0.0009999 0.00090395 0.00073225 0.00069185 0.00044945 0.00049995 0.0003838 0.0002828 0.0002323 0.00024745 0.0001919 7.575e-05 0.000101 0.00011615 6.565e-05 4.04e-05 0.00023735 
0.0430967 0.108383 0.148495 0.170458 0.180598 0.179674 0.175972 0.166165 0.154767 0.141122 0.129108 0.117423 0.103267 0.0909404 0.081199 0.0707253 0.0618019 0.053323 0.0468388 0.0395264 0.0346127 0.0296536 0.0248662 0.02171 0.0180386 0.0162156 0.0136754 0.0115645 0.0096051 0.00867085 0.0070397 0.00589335 0.0052318 0.0043834 0.0035855 0.0030603 0.0023836 0.00216645 0.0019392 0.00143925 0.0012726 0.0011312 0.00095445 0.00081305 0.0006868 0.0005252 0.00045955 0.0003939 0.0003232 0.00028785 0.00136855 
0.0119887 0.0362186 0.0544643 0.0725887 0.0838401 0.0931018 0.0991214 0.102858 0.103439 0.103076 0.0983942 0.0931372 0.0889204 0.082719 0.0775781 0.0710434 0.064837 0.0595092 0.0538886 0.0480659 0.0434048 0.0391022 0.0342895 0.0305121 0.0274872 0.0235684 0.0209626 0.0188113 0.0162812 0.0140138 0.0124685 0.0108979 0.0091001 0.0081406 0.00661045 0.00602465 0.005151 0.00436825 0.00410565 0.0032219 0.00286335 0.00229775 0.002121 0.00182305 0.0015958 0.00131805 0.00115645 0.00106555 0.0008181 0.00073225 0.00383295 
0.0061509 0.0171549 0.0291638 0.0386982 0.0485709 0.0555096 0.060898 0.0660894 0.0693113 0.0713565 0.0719474 0.070801 0.0702152 0.067064 0.066352 0.061706 0.0589184 0.0555551 0.0514646 0.0494395 0.0451925 0.041511 0.0373599 0.0343552 0.0313403 0.0285527 0.0260176 0.0229826 0.0202657 0.0185386 0.0163923 0.0142309 0.0130947 0.0119685 0.0106202 0.0095041 0.0080497 0.0069185 0.00640845 0.0053025 0.00466115 0.00419655 0.0038077 0.0033027 0.00291385 0.00238865 0.0022624 0.00187355 0.0017372 0.0015352 0.0086658 
0.0039491 0.0110595 0.018781 0.0247602 0.0305273 0.0363802 0.0408646 0.0454197 0.0479851 0.0510303 0.0529897 0.0537775 0.0541865 0.0538027 0.0543986 0.0524039 0.0509495 0.0491769 0.047066 0.0444703 0.0419807 0.0404253 0.0385063 0.0349359 0.0321988 0.0311131 0.0275124 0.0260883 0.0227856 0.021205 0.0196849 0.017776 0.0161903 0.0144329 0.0130896 0.0113827 0.0105444 0.00899405 0.00849915 0.0079992 0.00682255 0.00604485 0.005454 0.00462075 0.00419655 0.0040602 0.00324715 0.0028179 0.00287345 0.00244925 0.0159681 
0.00269165 0.00794365 0.0123675 0.0173872 0.0219271 0.0266489 0.0292395 0.0335169 0.0360772 0.0393244 0.0395567 0.0419655 0.0426574 0.0430917 0.0426018 0.0434755 0.0427937 0.0423796 0.0408495 0.0400819 0.0381477 0.0372842 0.0352793 0.0328553 0.0311585 0.0297243 0.0287547 0.0265378 0.0242451 0.0228058 0.0204677 0.0201697 0.0180487 0.016357 0.0150238 0.0141198 0.0124129 0.0117413 0.0101303 0.0094233 0.008383 0.0078073 0.00687305 0.00632765 0.00556005 0.0048783 0.00456015 0.00411575 0.00343905 0.00332795 0.0242602 
0.0020099 0.0054237 0.0096051 0.0132361 0.0166044 0.0192708 0.0222503 0.0254621 0.0277902 0.0309111 0.0320221 0.0337138 0.0346834 0.0343047 0.0360166 0.0361782 0.0360772 0.0358853 0.0356581 0.0349864 0.0341734 0.0335472 0.0325574 0.0306232 0.029391 0.0282952 0.0273407 0.0253106 0.0245178 0.0231694 0.0211898 0.0196799 0.0189678 0.0168771 0.0166095 0.015049 0.0143067 0.0128371 0.0123826 0.0104081 0.0098576 0.00907485 0.0081911 0.0080497 0.0064943 0.0063024 0.0058883 0.00511565 0.00451975 0.0041612 0.0349713 
0.00158065 0.0040097 0.0079588 0.0103929 0.0126503 0.0153268 0.0174932 0.0202556 0.022624 0.0245632 0.0263105 0.0273811 0.0286941 0.0297496 0.0299011 0.0306636 0.0307192 0.0303657 0.0310878 0.0306636 0.0300475 0.0292648 0.0298102 0.0285174 0.027063 0.0270074 0.0254823 0.0242804 0.0234169 0.0218867 0.0208565 0.0196748 0.0185638 0.0179477 0.0164933 0.0156247 0.0145541 0.0137613 0.0129785 0.0118978 0.0109989 0.0102162 0.0093223 0.00863045 0.0080598 0.007373 0.0065953 0.00621655 0.00523685 0.004949 0.0456874 
0.001212 0.0036764 0.00605495 0.00857995 0.0103929 0.0123624 0.0146854 0.0162156 0.0184628 0.0203869 0.0215534 0.022422 0.0240582 0.0240784 0.0247349 0.0255227 0.0261994 0.0271387 0.0265024 0.0273458 0.0268206 0.0267448 0.0263964 0.0258964 0.0251339 0.0248359 0.0239522 0.0228816 0.0225735 0.0211242 0.0203061 0.0193213 0.0188365 0.0175993 0.0168569 0.0159782 0.0146198 0.0142966 0.0132007 0.0124836 0.0115342 0.010807 0.00993335 0.00931725 0.00872135 0.0079588 0.00735785 0.0065246 0.0063125 0.00583275 0.0573327 
0.00113625 0.00290375 0.00479245 0.0068276 0.00866075 0.0102566 0.0120392 0.0143521 0.0151803 0.0173013 0.0183315 0.019488 0.0207252 0.021003 0.0212504 0.0228816 0.0227957 0.0230381 0.0235179 0.0239471 0.0242956 0.0231593 0.0229927 0.0231745 0.0232452 0.0225079 0.0221695 0.0216494 0.0206444 0.0205283 0.0195536 0.0186194 0.0175235 0.0177407 0.0168115 0.0157055 0.0147814 0.0141703 0.0135997 0.0131048 0.0119584 0.0114282 0.0106252 0.0095243 0.00912535 0.00840825 0.00806485 0.00786285 0.00706495 0.006868 0.0689123 
0.00079285 0.00245935 0.00408545 0.00546915 0.00720635 0.00903445 0.00997375 0.0116605 0.0130442 0.014539 0.0152914 0.0165337 0.0176397 0.0182659 0.0188264 0.0202657 0.0201394 0.0204525 0.0207202 0.0209929 0.0211343 0.0209828 0.0214423 0.0205333 0.0211797 0.0204879 0.0204273 0.0200283 0.0196849 0.0195991 0.0186396 0.0179174 0.0171902 0.016357 0.0158166 0.0153975 0.0147814 0.0137057 0.0131957 0.0129634 0.0119988 0.0109939 0.0110191 0.00989295 0.00911525 0.0088375 0.0087668 0.0081002 0.00728715 0.00710535 0.079689 
0.00071205 0.0020806 0.00365115 0.0048985 0.00602465 0.00731745 0.0085951 0.010196 0.011009 0.0128927 0.0137108 0.0144228 0.0149531 0.015852 0.0169175 0.0171145 0.0178417 0.0184578 0.0188517 0.0187456 0.0196698 0.0191698 0.0189779 0.0190133 0.0188719 0.0189173 0.018685 0.0186648 0.0176649 0.0183265 0.0174629 0.0171397 0.0162812 0.016059 0.0156651 0.0148268 0.014443 0.0138269 0.012625 0.0122715 0.0117312 0.0116251 0.010706 0.0105394 0.0097162 0.00917585 0.008585 0.00814565 0.0077972 0.00697405 0.0908192 
0.00059085 0.0017372 0.00299465 0.0042521 0.0052419 0.00646905 0.00778205 0.0089385 0.0097566 0.0110999 0.0117514 0.0125038 0.01313 0.0140643 0.0150743 0.0155237 0.0158217 0.0162711 0.0166297 0.017266 0.017574 0.0176094 0.0176801 0.0174377 0.0175488 0.0174932 0.0177154 0.0170892 0.0169428 0.0165792 0.0165135 0.015751 0.0158166 0.0149329 0.0143319 0.0148268 0.0141299 0.0133724 0.0130593 0.0120645 0.0118019 0.0118625 0.0109737 0.0103677 0.00986265 0.00926675 0.0092112 0.00850925 0.00794365 0.00735785 0.100409 
0.00055045 0.0015049 0.0025452 0.00368145 0.00486315 0.00541865 0.00667105 0.00755985 0.00822645 0.0097869 0.00974145 0.0110242 0.0114181 0.0124937 0.0129533 0.0134835 0.0144481 0.0145137 0.0153015 0.0149531 0.0159328 0.0159732 0.0156601 0.0161146 0.015852 0.0157964 0.0161398 0.0158318 0.0163115 0.0155591 0.0155389 0.0149076 0.0147965 0.0148016 0.0142259 0.0135593 0.013125 0.0127008 0.012014 0.0119534 0.0117362 0.0113272 0.0108525 0.010499 0.0100899 0.00947885 0.00915565 0.00835775 0.00762045 0.00773155 0.109933 
0.0005353 0.0014342 0.00233815 0.00349965 0.00443895 0.00487325 0.0059691 0.0068983 0.0074235 0.0083123 0.0086153 0.0097768 0.00998385 0.0112716 0.0117564 0.0125038 0.0124634 0.0129735 0.0137613 0.014039 0.0137865 0.014544 0.0143673 0.014443 0.0145541 0.0146198 0.0149177 0.014741 0.0146652 0.0141097 0.0139279 0.0141299 0.0140087 0.0137461 0.013226 0.0137714 0.012827 0.0126048 0.0121857 0.0118372 0.0111807 0.0107363 0.0102465 0.0101758 0.00978185 0.00951925 0.0093122 0.00822645 0.0083628 0.0080093 0.117771 
0.00047975 0.00127765 0.0021614 0.00307545 0.00382285 0.004646 0.00533785 0.00614585 0.0068175 0.0075346 0.0082618 0.0085446 0.0095748 0.010297 0.0109434 0.0102869 0.0113423 0.0118372 0.0119433 0.0124786 0.0130492 0.0134583 0.0130189 0.0135795 0.0136502 0.013731 0.0138269 0.0135088 0.013231 0.0133623 0.013529 0.01313 0.0132967 0.0130341 0.0127614 0.0125442 0.012625 0.0115191 0.0113322 0.0111555 0.0108474 0.0108474 0.0102616 0.0100798 0.0095041 0.0092718 0.008585 0.0084032 0.00801435 0.00789315 0.126563 
0.0003838 0.00115645 0.0020099 0.0024644 0.0034845 0.00405515 0.00477225 0.00545905 0.00639835 0.00660035 0.0074639 0.0081204 0.0087264 0.0087769 0.0096859 0.0100445 0.0102768 0.0109535 0.0113928 0.0115696 0.0113474 0.0122311 0.0123018 0.0124281 0.0125493 0.0121806 0.0131553 0.0130442 0.0127967 0.0130442 0.0123725 0.0125442 0.0120392 0.0119938 0.0116302 0.011913 0.0118019 0.0114837 0.0107919 0.0105444 0.0106707 0.0105444 0.0101505 0.00978185 0.0090799 0.00918595 0.00905465 0.0085143 0.00828705 0.0081204 0.13282 
0.0003939 0.00100495 0.0014847 0.00254015 0.00310575 0.00380265 0.00456015 0.0051712 0.0055449 0.00616605 0.0065246 0.0074942 0.0078578 0.00834765 0.0091405 0.00903445 0.0095546 0.0099384 0.0100798 0.0102313 0.011009 0.0108777 0.011408 0.011105 0.011413 0.011817 0.0121049 0.0119584 0.0120998 0.0119887 0.0116403 0.0115544 0.011615 0.0114484 0.0116251 0.010903 0.0110343 0.0107767 0.0112211 0.0103626 0.0101606 0.00981215 0.00970105 0.00916575 0.00931725 0.0087163 0.0087264 0.0082618 0.008282 0.00783255 0.138188 
0.0002929 0.00090395 0.00148975 0.00228765 0.00287345 0.0034946 0.0040198 0.0048177 0.00504495 0.0056257 0.00652965 0.00662055 0.00718615 0.00786285 0.0080194 0.0082517 0.00891325 0.00905465 0.00944855 0.009999 0.0098778 0.00991315 0.0103273 0.0104586 0.010297 0.0107818 0.0107919 0.0108121 0.0112817 0.0110949 0.0113171 0.0109989 0.0110191 0.0106606 0.0106 0.0107616 0.0106707 0.00963035 0.010297 0.0101909 0.0097566 0.00956975 0.0090496 0.00875165 0.00890315 0.00902435 0.00844865 0.00827695 0.0082012 0.00754975 0.143799 
0 0 0 0 0 0 0 0 0 0 0 0 0 0 0 0 0 0 0 0 0 0 0 0 0 0 0 0 0 0 0 0 0 0 0 0 0 0 0 0 0 0 0 0 0 0 0 0 0 0 0 
