Half rod, albedo problem, Anisotropic scattering, exponential random flight, mu_t: 1 g: -0.7
Analogmu_t c: 0.95 maxx: 10 dx: 0.19802 numsamples: 1000000 numCollisionOrders: 20 numMoments: 10
total albedo: 0.704815
per-collision order albedos: 
0 0.403746 0.057124 0.074219 0.029215 0.029752 0.017246 0.015925 0.011018 0.009556 0.007428 0.006308 0.005241 0.004529 0.003923 0.003311 0.002848 0.002448 0.002173 0.001842 
Collision density L:
0.685563 0.648395 0.612348 0.575786 0.545577 0.515474 0.4868 0.458858 0.434048 0.408818 0.388476 0.365342 0.345869 0.325942 0.309616 0.288027 0.272614 0.260014 0.244516 0.232108 0.219458 0.206813 0.193223 0.183517 0.176078 0.16358 0.155338 0.146884 0.138279 0.130295 0.124119 0.118215 0.110135 0.10352 0.0981821 0.0925716 0.0879054 0.082411 0.0773054 0.0732907 0.0691598 0.0658066 0.062009 0.057469 0.0549491 0.0517625 0.048576 0.0467075 0.0436623 0.0408949 0.707182 
Collision density R:
0.973342 0.921847 0.867545 0.81859 0.77161 0.732442 0.689588 0.650445 0.614479 0.580038 0.550253 0.519589 0.488875 0.463777 0.439168 0.412333 0.390506 0.36811 0.346637 0.328452 0.309065 0.294859 0.276578 0.261257 0.245597 0.23279 0.219751 0.20803 0.19642 0.184209 0.175159 0.163751 0.154661 0.147066 0.140865 0.131285 0.123851 0.117615 0.111433 0.105611 0.0986316 0.0932786 0.0886831 0.0830473 0.0785376 0.0734018 0.0695789 0.064337 0.0625443 0.0577215 1.00549 
Density Moments:
5.90816 20.4555 141.7 1472.55 20382.1 351508 7.22692e+06 1.7144e+08 4.57222e+09 1.34187e+11 
Per-collision Density Moments:
1 1.00005 2.00487 6.05315 24.5236 125.287 776.325 5676.61 47939.8 458868 
0.546347 0.689529 1.66684 5.87359 27.0712 154.084 1044.7 8216.7 73294.5 726128 
0.461928 0.886756 2.66702 10.8215 55.1402 337.51 2404.81 19459.5 175153 1.7224e+06 
0.364732 0.761168 2.53357 11.3157 62.9604 417.979 3216.44 28079.8 273313 2.92178e+06 
0.317272 0.80632 3.03705 14.8659 89.0636 630.245 5143.72 47578.7 491647 5.59938e+06 
0.271622 0.741035 3.01604 15.8932 101.925 767.024 6607.54 63965.9 685583 8.03115e+06 
0.240931 0.738875 3.26707 18.3917 124.624 982.767 8812.69 88306.9 974649 1.16966e+07 
0.213039 0.695471 3.26938 19.4749 138.899 1147 10721.5 111579 1.27571e+06 1.58384e+07 
0.191454 0.676391 3.37945 21.2148 158.717 1371.29 13392.9 145555 1.73872e+06 2.25926e+07 
0.172276 0.641841 3.37445 22.1881 172.905 1546.44 15532.8 172479 2.09271e+06 2.74966e+07 
0.156339 0.617567 3.40831 23.4009 189.75 1761.24 18319.2 210278 2.63358e+06 3.56791e+07 
0.142216 0.586864 3.3751 24.0806 202.322 1940.37 20796.4 245235 3.1432e+06 4.33478e+07 
0.129762 0.561334 3.3657 24.9578 217.404 2158.07 23922.7 291852 3.87439e+06 5.54407e+07 
0.11886 0.535868 3.33573 25.6293 231.2 2377.66 27327.2 345947 4.76997e+06 7.09876e+07 
0.108946 0.511328 3.2978 26.1833 243.615 2581.08 30556.4 398783 5.67877e+06 8.75049e+07 
0.100136 0.487124 3.2427 26.4989 253.212 2751.02 33367.5 445978 6.50223e+06 1.02516e+08 
0.092293 0.464585 3.19061 26.8443 263.585 2935.41 36370.6 494339 7.28886e+06 1.15518e+08 
0.085236 0.442919 3.12845 27.0418 272.727 3122.92 39927.3 564200 8.76003e+06 1.48936e+08 
0.078835 0.421754 3.0673 27.2838 282.976 3328.64 43624.1 629373 9.91208e+06 1.69357e+08 
0 0 0 0 0 0 0 0 0 0 
Per-collision Densities L:
0 0 0 0 0 0 0 0 0 0 0 0 0 0 0 0 0 0 0 0 0 0 0 0 0 0 0 0 0 0 0 0 0 0 0 0 0 0 0 0 0 0 0 0 0 0 0 0 0 0 0 
0.365655 0.299096 0.24845 0.201455 0.165685 0.137158 0.111509 0.0921928 0.0740532 0.0613525 0.0503233 0.0413343 0.034133 0.0279013 0.0229068 0.0183669 0.015751 0.0132411 0.0104283 0.0091203 0.006868 0.0057267 0.0046763 0.0038885 0.0033936 0.0027169 0.00208565 0.00186345 0.00147965 0.0013534 0.0009797 0.00072215 0.0006767 0.0005353 0.00037875 0.000303 0.0002929 0.00029795 0.0002121 0.0001616 0.0001919 0.000101 0.0001212 7.07e-05 0.000101 7.575e-05 3.03e-05 8.585e-05 3.535e-05 2.02e-05 0.0001212 
0.0569741 0.0559944 0.051813 0.0488083 0.0445663 0.0400566 0.0370367 0.0323049 0.0289416 0.024846 0.0224422 0.0196698 0.01666 0.0146097 0.0130745 0.0109585 0.0093526 0.0079689 0.006767 0.00568125 0.00505 0.0042218 0.0034744 0.00305525 0.0027371 0.0022119 0.00186345 0.00150995 0.00128775 0.0011716 0.00093425 0.00075245 0.0006666 0.00065145 0.00055045 0.00037875 0.00033835 0.00025755 0.00028785 0.00025755 0.00019695 0.0001313 0.0001212 8.585e-05 7.07e-05 5.555e-05 8.585e-05 6.06e-05 3.535e-05 4.04e-05 0.00018685 
0.0795375 0.0862035 0.0874155 0.0868954 0.0831533 0.0782144 0.0732402 0.065549 0.0602213 0.0534341 0.0482275 0.0426473 0.0375872 0.0333553 0.0292597 0.0250834 0.0217605 0.0182406 0.0169125 0.0138067 0.012322 0.0105646 0.00900415 0.00753965 0.00668115 0.00557015 0.00517625 0.00429755 0.0033835 0.0032724 0.00243915 0.0022523 0.0018483 0.0014241 0.00150995 0.00119685 0.00090395 0.00072215 0.0006565 0.0005858 0.00040905 0.00033835 0.00031815 0.00031815 0.00017675 0.0002323 0.00013635 0.0001717 0.0001414 9.595e-05 0.0005656 
0.0311535 0.0342239 0.0346632 0.0354258 0.0362035 0.0353349 0.0341279 0.0324008 0.0308959 0.0290931 0.0269569 0.0246592 0.023028 0.0203465 0.0188214 0.0169276 0.014842 0.0138017 0.0121099 0.0104586 0.010201 0.00853955 0.0074942 0.00665085 0.0055853 0.0045955 0.00413595 0.0039693 0.00361075 0.0029189 0.0028381 0.00218665 0.0018483 0.001818 0.0015958 0.0012019 0.0009999 0.00101 0.00085345 0.00067165 0.0005252 0.00044945 0.0003939 0.0002727 0.0003232 0.00022725 0.0002121 0.00017675 0.00021715 0.0001616 0.00080295 
0.0319918 0.0358853 0.0396678 0.0411424 0.0420514 0.0415161 0.0402637 0.0403243 0.0385517 0.0364206 0.0347137 0.0330624 0.029992 0.027573 0.0253662 0.0231189 0.0206495 0.018983 0.0170236 0.0152914 0.0138976 0.0122412 0.011105 0.0098677 0.008888 0.00774165 0.0065852 0.00596405 0.0051207 0.004545 0.0039188 0.0034138 0.00315625 0.00263105 0.0022927 0.00215635 0.00173215 0.0014948 0.0013736 0.0011009 0.00095445 0.00075245 0.0005757 0.00063125 0.00053025 0.0004141 0.00045955 0.00025755 0.00037875 0.00029795 0.0014746 
0.0185285 0.0213716 0.0220534 0.0234876 0.0239673 0.0254066 0.0248915 0.0254571 0.024745 0.0238512 0.0233108 0.0225533 0.0206747 0.0197203 0.0187557 0.0172205 0.0161449 0.0146349 0.0137714 0.0124533 0.011817 0.0106707 0.00951925 0.00820625 0.00805475 0.0066862 0.00647915 0.00543885 0.0049288 0.0044137 0.0040905 0.00336835 0.00309565 0.0028684 0.00254015 0.00220685 0.0019493 0.00161095 0.0013938 0.00146955 0.0009999 0.0010403 0.00084335 0.0007777 0.0005757 0.0006464 0.0004545 0.0004343 0.00039895 0.00030805 0.00203515 
0.0174276 0.0187305 0.0208262 0.0226442 0.0237855 0.0244673 0.0252298 0.0254773 0.0249975 0.0239976 0.0240784 0.022821 0.0218463 0.0219574 0.0197758 0.0185537 0.0178164 0.0168367 0.0153975 0.0141855 0.0132108 0.011817 0.0111555 0.0103172 0.0090294 0.0083325 0.0078477 0.00688315 0.0059994 0.0053126 0.0050096 0.00447935 0.00418645 0.0033027 0.00319665 0.0027876 0.00254015 0.0023432 0.00193415 0.00161095 0.00136855 0.00123725 0.0011615 0.0009999 0.0008888 0.0009191 0.00069185 0.0005858 0.0004848 0.0004646 0.0029795 
0.0115645 0.0137865 0.0143319 0.0158823 0.0167357 0.0177053 0.0178467 0.018281 0.0177912 0.0182255 0.0178114 0.0177558 0.0173266 0.0162711 0.0159883 0.0149329 0.0147864 0.0139633 0.0129836 0.0123675 0.0111252 0.0111201 0.00994345 0.0091708 0.0083123 0.00791335 0.0069387 0.00642865 0.00568125 0.00543885 0.00483285 0.00439855 0.00418645 0.00346935 0.00324715 0.002929 0.002626 0.0022826 0.0020402 0.0020604 0.0015352 0.0015756 0.00130795 0.0011817 0.00112615 0.0008282 0.00076255 0.00074235 0.00048985 0.00059085 0.00370165 
0.0103778 0.0120796 0.0127563 0.014236 0.0154581 0.0157106 0.0169529 0.0162812 0.0175084 0.0167711 0.0171801 0.0172104 0.0164529 0.0160035 0.0160641 0.0147965 0.0142309 0.0137512 0.0126351 0.0120695 0.0116706 0.0108676 0.0101202 0.00941825 0.0089183 0.00836785 0.00748915 0.00670135 0.0064539 0.00554995 0.00543885 0.00486315 0.00417635 0.004141 0.00352995 0.003333 0.0028987 0.0026967 0.00230785 0.0021311 0.0019291 0.0017069 0.00162105 0.0011918 0.00134835 0.0010605 0.00100495 0.0008181 0.0008282 0.000707 0.0052318 
0.00806485 0.00931725 0.0104586 0.0108828 0.0117716 0.0119837 0.0123877 0.0130139 0.0135239 0.0135593 0.0131553 0.0135845 0.0137916 0.0132563 0.0129028 0.0126452 0.0120544 0.0120998 0.011307 0.0111706 0.00983235 0.00974145 0.0091102 0.00909505 0.008282 0.00763055 0.00702455 0.0067973 0.0058984 0.0057469 0.004949 0.0048581 0.0044743 0.00413595 0.0035956 0.0032219 0.0028785 0.0029391 0.0024846 0.00209575 0.0019796 0.0016968 0.0015453 0.00162105 0.0014746 0.0011615 0.001111 0.00105545 0.00097465 0.0006464 0.00591355 
0.00713565 0.008282 0.00903445 0.0096051 0.0103576 0.0110191 0.0115645 0.0116049 0.0120493 0.012317 0.0127513 0.0120645 0.0122311 0.0125846 0.0117968 0.011509 0.0113019 0.0111302 0.0108424 0.0100899 0.0098778 0.00918595 0.00885265 0.0082012 0.00844865 0.0076356 0.00682255 0.00643875 0.00618625 0.00552975 0.0054439 0.0050096 0.00460055 0.00430765 0.00346935 0.00339865 0.0032724 0.0028987 0.00279265 0.0026159 0.00214625 0.00207555 0.00190385 0.00168165 0.0014746 0.001313 0.00116655 0.00114635 0.0009898 0.0009999 0.0072013 
0.00567115 0.00644885 0.0073629 0.00761035 0.0085648 0.0093728 0.0091708 0.0094536 0.0104636 0.0106151 0.010398 0.0105343 0.0105293 0.0101909 0.0104889 0.0101253 0.0099687 0.00995355 0.0092819 0.0094132 0.0088476 0.0085749 0.0080093 0.00778205 0.00739825 0.00661045 0.00688315 0.0061711 0.0059287 0.0055954 0.0049793 0.0047571 0.0041006 0.0039794 0.0036764 0.00341885 0.00318655 0.0028684 0.0025856 0.0022927 0.0022725 0.00209575 0.0018483 0.00177255 0.00162105 0.0015352 0.0013736 0.0011514 0.0010302 0.00095445 0.00830725 
0.00504495 0.00569135 0.00640845 0.0066761 0.00747905 0.00782245 0.0080598 0.00869105 0.00876175 0.00912535 0.0091708 0.0090799 0.00973135 0.0092516 0.00953945 0.00937785 0.00872135 0.0086052 0.00887285 0.00853955 0.00821635 0.00810525 0.00744875 0.00720635 0.0071508 0.0066761 0.00606505 0.0057166 0.0056257 0.00557015 0.0048884 0.0046662 0.00445915 0.00402485 0.00384305 0.00336835 0.003434 0.0031815 0.00280275 0.0024644 0.0025351 0.00218665 0.00219675 0.0017574 0.00159075 0.00149985 0.0014645 0.0012726 0.00114635 0.0011312 0.0092819 
0.0040198 0.00468135 0.0056459 0.00590345 0.0063125 0.0061711 0.0075346 0.00737805 0.0074134 0.0078982 0.00803455 0.00784265 0.007777 0.0081911 0.00837795 0.0083123 0.0080598 0.0078881 0.00745885 0.0079083 0.0073427 0.00741845 0.00669125 0.00669125 0.00643875 0.00590345 0.00562065 0.00569135 0.005353 0.00475205 0.00466115 0.0047268 0.004242 0.00404505 0.0037067 0.0035148 0.00342895 0.00287345 0.0027775 0.00264115 0.00237855 0.0021513 0.0022624 0.00183315 0.0019089 0.0016059 0.0014039 0.00139885 0.00123725 0.00096455 0.0102515 
0.0035754 0.00408545 0.00438845 0.00493385 0.00545905 0.00591355 0.0058883 0.00648925 0.0066155 0.00697405 0.0070498 0.0066256 0.0074336 0.00738815 0.00731745 0.00740835 0.00687305 0.00723665 0.0071306 0.00688315 0.0067367 0.00639835 0.00632765 0.0061812 0.00606505 0.0059388 0.0056964 0.0049793 0.0051914 0.004545 0.00445915 0.0045248 0.0040501 0.0038885 0.0034441 0.00357035 0.00331785 0.00307545 0.00272195 0.0026361 0.0024341 0.0025553 0.00205535 0.00196445 0.0016665 0.00169175 0.0014241 0.00134835 0.0013231 0.00112615 0.011413 
0.0031512 0.00348955 0.0039592 0.0040703 0.0047268 0.00529745 0.00516615 0.0057065 0.0058984 0.0058378 0.00628725 0.0065145 0.00653975 0.006363 0.00667105 0.0064539 0.0064943 0.0063327 0.00631755 0.00615595 0.0063428 0.0059893 0.00578225 0.00552975 0.00587315 0.00524695 0.0050803 0.00504495 0.0048884 0.0044844 0.00435815 0.00417635 0.00368145 0.00337845 0.0034441 0.00347945 0.00303 0.00273205 0.00268155 0.0026866 0.0024038 0.00201495 0.00193415 0.00192405 0.001616 0.00172205 0.00163115 0.001515 0.00129785 0.0012827 0.0119433 
0.0025553 0.00303505 0.0034037 0.0035855 0.00373195 0.0043127 0.0046561 0.00475205 0.0051005 0.00532775 0.00564085 0.00572165 0.0059085 0.0058075 0.0058277 0.0058075 0.00587315 0.0057772 0.00585295 0.0058782 0.0059085 0.00528735 0.0053631 0.00507525 0.00514595 0.0048783 0.00500455 0.0045248 0.00450965 0.00418645 0.00440865 0.0039794 0.0033734 0.0035855 0.0034643 0.00306535 0.0030805 0.00273205 0.00266135 0.0025149 0.0023937 0.00238865 0.00223715 0.00178265 0.00179275 0.0016867 0.00160085 0.0015554 0.0013736 0.00105545 0.0130795 
0.0024644 0.0026967 0.00291385 0.00341885 0.0039188 0.00366125 0.0042521 0.0041915 0.00466115 0.00463085 0.00464095 0.00494395 0.00503485 0.00541865 0.0052823 0.00541865 0.0054439 0.0052318 0.00522675 0.00515605 0.00533785 0.00505 0.00477225 0.00464095 0.004646 0.00465105 0.00426725 0.00426725 0.00407535 0.0038582 0.00391375 0.003838 0.0036663 0.00332795 0.0030401 0.0028684 0.00294415 0.00270175 0.0025856 0.0022927 0.0022321 0.0020604 0.0020705 0.0019594 0.0017877 0.0015352 0.00156045 0.0016362 0.00130795 0.00128775 0.0131452 
0 0 0 0 0 0 0 0 0 0 0 0 0 0 0 0 0 0 0 0 0 0 0 0 0 0 0 0 0 0 0 0 0 0 0 0 0 0 0 0 0 0 0 0 0 0 0 0 0 0 0 
Per-collision Densities L:
0.907727 0.746915 0.608772 0.498627 0.410338 0.338996 0.277447 0.226296 0.186224 0.152712 0.124412 0.102788 0.0835624 0.0695133 0.0559439 0.0464297 0.0377286 0.0318857 0.025654 0.0212201 0.0177104 0.014236 0.0110545 0.0094637 0.0078477 0.00674175 0.0054944 0.0040905 0.0035249 0.0031209 0.00240885 0.00184325 0.0016059 0.00127765 0.00108575 0.0009595 0.0006666 0.00061105 0.00062115 0.0004444 0.00034845 0.0002525 0.000202 0.00020705 0.0001515 0.00014645 9.595e-05 9.09e-05 9.595e-05 0.0001111 0.00029795 
0.0124028 0.0312191 0.0427533 0.0499647 0.0512575 0.0531715 0.0506717 0.0478589 0.0441067 0.0406626 0.0366428 0.0328654 0.0304465 0.0263257 0.0233866 0.0201293 0.0181548 0.0151349 0.0130189 0.0114888 0.0096758 0.00884255 0.00754975 0.0065044 0.0052924 0.0045046 0.00395415 0.00328755 0.00290375 0.00244925 0.00208565 0.001717 0.00131805 0.0010504 0.0011211 0.0008585 0.00067165 0.0006565 0.00057065 0.00043935 0.0003333 0.0003535 0.0002929 0.0001414 0.00016665 0.00016665 0.0001414 0.000101 8.585e-05 8.08e-05 0.0003939 
0.0289517 0.0725887 0.100409 0.114266 0.121574 0.123942 0.119311 0.114787 0.107696 0.0995103 0.0907839 0.0819009 0.0730483 0.0649582 0.0590295 0.0504899 0.0445511 0.0393042 0.0334765 0.0293203 0.0250834 0.0224675 0.0190335 0.0170387 0.0140946 0.0120897 0.0107818 0.0095344 0.00785275 0.00630745 0.0058681 0.0048783 0.0039895 0.00350975 0.00299465 0.00259065 0.00213615 0.0017978 0.00143925 0.0012221 0.00106555 0.00082315 0.00088375 0.00054035 0.0005656 0.0005151 0.00040905 0.0002626 0.0002626 0.00025755 0.00128775 
0.0044642 0.0130189 0.0213716 0.0278508 0.0320625 0.0361277 0.0379255 0.0380922 0.0391476 0.0383548 0.0375367 0.0362994 0.0343047 0.0320928 0.0300425 0.0278659 0.0256591 0.0233765 0.0206747 0.0187002 0.0171549 0.0150137 0.0133472 0.0119079 0.0106404 0.00945865 0.00825675 0.00695385 0.0065347 0.005555 0.0051712 0.0041309 0.0036562 0.00341885 0.00289365 0.00257045 0.0022119 0.0017675 0.00159075 0.00122715 0.00123725 0.0009494 0.00087365 0.00100495 0.0006868 0.00061105 0.0004242 0.00032825 0.00031815 0.0003333 0.00170185 
0.00591355 0.0170034 0.0272145 0.0357237 0.0433593 0.0468337 0.0506061 0.0526362 0.05302 0.0528735 0.0519999 0.0493941 0.0474549 0.0457227 0.042415 0.0396122 0.0360267 0.0330169 0.0311585 0.0273963 0.0252854 0.0224877 0.0203768 0.01818 0.0160287 0.0147258 0.0128624 0.0114231 0.010095 0.0090193 0.0077669 0.00685285 0.00600445 0.0049591 0.00459045 0.00417635 0.00372185 0.00284315 0.00278255 0.00241895 0.0018887 0.00174225 0.00138875 0.001111 0.00112615 0.00099485 0.0009494 0.0007171 0.00059085 0.00057065 0.0032017 
0.00227755 0.0070094 0.0115241 0.0151147 0.0185487 0.0211494 0.0242855 0.0259924 0.0275528 0.0278356 0.0284315 0.0285527 0.0275377 0.0269266 0.0266337 0.0254116 0.0236593 0.0228008 0.020806 0.0200889 0.0183719 0.0168569 0.0160287 0.0146349 0.0130139 0.012019 0.0107161 0.00979195 0.00907485 0.00787295 0.0070902 0.00618625 0.0055247 0.00475205 0.0047975 0.0040299 0.00364105 0.0030401 0.0026967 0.0026563 0.00226745 0.0019089 0.00174225 0.00150995 0.0012423 0.0010605 0.00096455 0.00073225 0.0007676 0.00075245 0.00426725 
0.0023432 0.0075043 0.011408 0.0155843 0.01868 0.0225331 0.0244168 0.0265782 0.028785 0.0294314 0.0311383 0.0299314 0.0295526 0.0290173 0.0291638 0.0275023 0.0277144 0.0248157 0.0241188 0.0225382 0.0211393 0.0201899 0.018483 0.016867 0.0155641 0.0140946 0.0134886 0.0117867 0.0107111 0.00966065 0.00841835 0.0074942 0.00737805 0.00654985 0.00575195 0.0048278 0.0045551 0.00426725 0.0036158 0.00337845 0.0029088 0.0021513 0.00223715 0.0020402 0.00186345 0.00161095 0.0013534 0.00122715 0.00098475 0.00099485 0.0060297 
0.00132815 0.00434805 0.00700435 0.00916575 0.0112009 0.0135088 0.0149531 0.0172155 0.018478 0.0190739 0.0199172 0.0203465 0.0206697 0.0212403 0.0204626 0.0203566 0.0193819 0.0191092 0.0184527 0.0179629 0.0168569 0.0159328 0.014135 0.0144834 0.0127866 0.0122362 0.0113827 0.0106252 0.0095041 0.0087567 0.0081911 0.00735785 0.00643875 0.00574185 0.00550955 0.0052217 0.0047268 0.00423695 0.0038683 0.0033229 0.00280275 0.0027977 0.0023937 0.0020604 0.00180285 0.00178265 0.00152005 0.0015251 0.0012726 0.00106555 0.0074033 
0.0013231 0.003434 0.00633775 0.00853955 0.0106 0.0121756 0.0138471 0.0161247 0.0163974 0.0181598 0.0187002 0.0193516 0.0196294 0.0202152 0.0201647 0.0194173 0.0195435 0.018786 0.0181346 0.0177609 0.0170236 0.0164984 0.0152864 0.0142966 0.0135088 0.0130644 0.0113625 0.0111555 0.0101354 0.0093526 0.0087264 0.0083224 0.0072922 0.00661045 0.00624685 0.00572165 0.00489345 0.0047874 0.0043127 0.00386325 0.00316635 0.003131 0.00255025 0.0023129 0.00238865 0.0021311 0.0018786 0.0013231 0.0014241 0.00127765 0.00983235 
0.00099485 0.00240885 0.0044137 0.00618625 0.0078174 0.00906475 0.0101354 0.0108828 0.0119887 0.0130341 0.01414 0.0142612 0.0150187 0.0146753 0.0152813 0.014842 0.0152359 0.0149026 0.0147763 0.0147208 0.0140895 0.0136956 0.0131906 0.01262 0.011711 0.0110141 0.0109686 0.00983235 0.00920615 0.0090597 0.0082113 0.007575 0.00709525 0.00640845 0.0062721 0.00546915 0.004949 0.0045753 0.00426725 0.00382285 0.0036057 0.00301485 0.0029088 0.00234825 0.00232805 0.00219675 0.00185335 0.00188365 0.00146955 0.0013433 0.0111807 
0.00094435 0.00244925 0.0039289 0.00548935 0.0065044 0.007777 0.0090294 0.00990305 0.0108171 0.0114686 0.0129533 0.0133775 0.0133623 0.0142511 0.0143218 0.0135896 0.0143875 0.0135239 0.014039 0.0136098 0.0130088 0.0128977 0.01262 0.0119382 0.0112918 0.0106202 0.0106505 0.0096758 0.0091708 0.00856985 0.00789315 0.0074437 0.0071205 0.0068781 0.00640845 0.00578225 0.0050702 0.0045551 0.00448945 0.0040097 0.00381275 0.00343905 0.0031714 0.0025856 0.0027068 0.0022725 0.00223715 0.00188365 0.001717 0.00174225 0.0132209 
0.00061105 0.0019291 0.00289365 0.0038481 0.0052722 0.0060499 0.00735785 0.00773155 0.00884255 0.00918595 0.00989295 0.0107919 0.0109888 0.01111 0.0119635 0.0118827 0.0118877 0.011812 0.0114989 0.0114837 0.0114383 0.010903 0.0107313 0.0102869 0.0099081 0.0096152 0.0095647 0.0089486 0.00876175 0.00798405 0.00746895 0.00699425 0.00640845 0.0063933 0.00583275 0.0054136 0.0049086 0.00474195 0.00436825 0.0039693 0.00371175 0.00316635 0.0032623 0.0027068 0.0026866 0.0023533 0.00223715 0.0018483 0.00174225 0.00152005 0.0149228 
0.00055045 0.0016867 0.0027068 0.00379255 0.00433795 0.00521665 0.00645895 0.0071003 0.0075952 0.00798405 0.0091304 0.00925665 0.0091405 0.0101859 0.0102667 0.0107919 0.0103778 0.0103071 0.0102515 0.0103778 0.0101152 0.0102364 0.0101707 0.0098071 0.00935765 0.00889305 0.0085244 0.00833755 0.00796385 0.00724675 0.00730735 0.00681245 0.0065044 0.0058984 0.00593375 0.00530755 0.00498435 0.00464095 0.00440865 0.0041208 0.0037673 0.00386325 0.0034441 0.00295425 0.0029391 0.0025351 0.00223715 0.00211595 0.00196445 0.0016564 0.0165085 
0.0004242 0.00127765 0.00203515 0.0030906 0.00371175 0.0042521 0.00521665 0.0056257 0.00657005 0.0067973 0.0073528 0.00790325 0.00828705 0.0082921 0.00892335 0.00903445 0.00903445 0.00909 0.0092415 0.0091304 0.0084941 0.0090799 0.008787 0.00849915 0.0087466 0.00829715 0.007777 0.00738815 0.00722655 0.00711545 0.0068074 0.0063428 0.00583275 0.005757 0.0055348 0.0051712 0.0049187 0.0046763 0.00432785 0.0038885 0.00369155 0.00357035 0.00340875 0.0030199 0.00266135 0.00214625 0.0022422 0.0021715 0.0020503 0.0017574 0.0179376 
0.00033835 0.00104535 0.00174225 0.0024038 0.00312595 0.003737 0.00437835 0.00517625 0.005454 0.0058277 0.0064539 0.00695385 0.0070296 0.0075245 0.00776185 0.0078376 0.0079285 0.00832745 0.00801435 0.00827695 0.00818605 0.0083123 0.00797395 0.00801435 0.00743865 0.00761035 0.00707505 0.0070195 0.006868 0.00633775 0.00619635 0.0060802 0.0054843 0.00543885 0.00533785 0.0051106 0.00472175 0.00414605 0.00424705 0.0040602 0.0036259 0.0032926 0.00336835 0.00309565 0.00277245 0.00257045 0.002424 0.00229775 0.00205535 0.0017978 0.0191547 
0.00030805 0.000808 0.0014746 0.00216645 0.00266135 0.00305525 0.00377235 0.00457025 0.00478235 0.0049591 0.0054237 0.0062418 0.0063226 0.00640845 0.00687305 0.00654985 0.00695385 0.00715585 0.0074235 0.00710535 0.00729725 0.0071205 0.0070195 0.0074235 0.0065044 0.0066862 0.00657005 0.00682255 0.00621655 0.0059691 0.0057974 0.0053732 0.00531765 0.00514595 0.00491365 0.00481265 0.00442885 0.0043127 0.0037269 0.0038582 0.0032724 0.0033633 0.00330775 0.00284315 0.0028482 0.0025755 0.00242905 0.002121 0.0020907 0.0019291 0.0201546 
0.0003232 0.0007474 0.0012827 0.00178265 0.00226745 0.0026159 0.00320675 0.0036865 0.0039491 0.0044541 0.00462075 0.0052621 0.00524695 0.0057368 0.0059792 0.00623675 0.0059186 0.00599435 0.0063125 0.00637815 0.0066054 0.00639835 0.00654985 0.00611555 0.00651955 0.0063933 0.006262 0.0057671 0.0057368 0.0055146 0.0053126 0.00519645 0.00505 0.0049389 0.00462075 0.0040804 0.004343 0.0041713 0.00366125 0.0035552 0.00359055 0.0034037 0.0032421 0.00275225 0.0028179 0.002626 0.0024947 0.0022725 0.00219675 0.00205535 0.021205 
0.00021715 0.0006666 0.0010504 0.00155035 0.00190385 0.0024846 0.00288355 0.0032421 0.00336835 0.0039996 0.00428745 0.0042824 0.00471165 0.0048177 0.0052621 0.005353 0.00554995 0.0059691 0.0057772 0.0057469 0.0056762 0.00591355 0.0056358 0.00548935 0.00568125 0.0056257 0.0053833 0.0053126 0.0053126 0.005151 0.00514595 0.00485305 0.00469145 0.00457025 0.0044036 0.0041309 0.00384305 0.00366125 0.0037269 0.00341885 0.0032219 0.0031815 0.00262095 0.0026967 0.00264115 0.00246945 0.00236845 0.00216645 0.0021412 0.001717 0.022215 
0.00014645 0.00048985 0.00089385 0.00137865 0.0017473 0.00206545 0.002323 0.0025856 0.0029896 0.0035148 0.0037067 0.00396425 0.00448945 0.00421675 0.00452985 0.004646 0.00473185 0.00506515 0.00504495 0.0051308 0.0051409 0.0052722 0.0051409 0.0052318 0.00529745 0.0051813 0.00471165 0.00505505 0.00478235 0.00443895 0.0047874 0.00442885 0.004141 0.0042824 0.00409555 0.0041006 0.00365115 0.00376225 0.00340875 0.00333805 0.0031411 0.00305525 0.00283305 0.00271185 0.00259065 0.00220685 0.0022927 0.0020301 0.0019796 0.00194425 0.0234876 
0 0 0 0 0 0 0 0 0 0 0 0 0 0 0 0 0 0 0 0 0 0 0 0 0 0 0 0 0 0 0 0 0 0 0 0 0 0 0 0 0 0 0 0 0 0 0 0 0 0 0 
