Half rod, albedo problem, Anisotropic scattering, exponential random flight, mu_t: 3 g: -0.7
Analogmu_t c: 0.1 maxx: 10 dx: 0.19802 numsamples: 100000000 numCollisionOrders: 20 numMoments: 10
total albedo: 0.0431891
per-collision order albedos: 
0 0.042467 0.00063156 8.637e-05 3.49e-06 5.9e-07 3e-08 0 0 0 0 0 0 0 0 0 0 0 0 0 
Collision density L:
0.0983152 0.0547239 0.0306623 0.0171699 0.00954692 0.00531704 0.00296284 0.00165292 0.00093117 0.000511515 0.000287699 0.000158166 8.7567e-05 4.8581e-05 2.6361e-05 1.7069e-05 8.6355e-06 4.8985e-06 3.434e-06 1.5655e-06 9.09e-07 3.535e-07 3.535e-07 2.525e-07 1.01e-07 1.01e-07 1.01e-07 0 0 5.05e-08 0 0 0 0 0 0 0 0 0 0 0 0 0 0 0 0 0 0 0 0 0 
Collision density R:
2.27375 1.2684 0.708586 0.395485 0.221007 0.123139 0.0687886 0.0384052 0.0214531 0.0120261 0.00667767 0.00372059 0.00206848 0.00114711 0.000651703 0.000365216 0.000204929 0.000118019 6.34785e-05 3.48955e-05 1.95435e-05 1.0706e-05 5.959e-06 4.1915e-06 2.2725e-06 9.595e-07 4.545e-07 2.02e-07 1.515e-07 5.05e-08 1.01e-07 0 5.05e-08 0 0 0 5.05e-08 0 0 0 0 0 0 0 0 0 0 0 0 0 0 
Density Moments:
1.06308 0.361101 0.245327 0.250012 0.339791 0.577593 1.17946 2.81513 7.70316 23.8394 
Per-collision Density Moments:
1 0.333328 0.222226 0.222225 0.296318 0.494035 0.989115 2.31401 6.20791 18.8634 
0.0574921 0.0241603 0.0194363 0.0227717 0.0348505 0.0657196 0.14724 0.382172 1.12761 3.7238 
0.00512132 0.00327671 0.00328219 0.00442916 0.00749808 0.0152538 0.0362158 0.0981907 0.298821 1.00626 
0.00042841 0.000299569 0.000336009 0.00050874 0.000965227 0.00219484 0.00578897 0.0172337 0.0565458 0.200329 
3.885e-05 3.30901e-05 4.17642e-05 6.87429e-05 0.000140045 0.000341803 0.000970332 0.00310804 0.0109104 0.0409503 
3.61e-06 3.26388e-06 4.43651e-06 7.68678e-06 1.58727e-05 3.76461e-05 9.98609e-05 0.000289573 0.000899701 0.00294537 
2.6e-07 2.75177e-07 4.54216e-07 1.03132e-06 2.94562e-06 9.66603e-06 3.41529e-05 0.000125271 0.000468252 0.00176752 
1e-08 6.20192e-09 3.84638e-09 2.38549e-09 1.47946e-09 9.1755e-10 5.69057e-10 3.52924e-10 2.18881e-10 1.35748e-10 
0 0 0 0 0 0 0 0 0 0 
0 0 0 0 0 0 0 0 0 0 
0 0 0 0 0 0 0 0 0 0 
0 0 0 0 0 0 0 0 0 0 
0 0 0 0 0 0 0 0 0 0 
0 0 0 0 0 0 0 0 0 0 
0 0 0 0 0 0 0 0 0 0 
0 0 0 0 0 0 0 0 0 0 
0 0 0 0 0 0 0 0 0 0 
0 0 0 0 0 0 0 0 0 0 
0 0 0 0 0 0 0 0 0 0 
0 0 0 0 0 0 0 0 0 0 
Per-collision Densities L:
0 0 0 0 0 0 0 0 0 0 0 0 0 0 0 0 0 0 0 0 0 0 0 0 0 0 0 0 0 0 0 0 0 0 0 0 0 0 0 0 0 0 0 0 0 0 0 0 0 0 0 
0.096166 0.0529447 0.0293209 0.0162427 0.00893592 0.00491395 0.00270695 0.00149495 0.000832139 0.000452834 0.000254066 0.000137158 7.4841e-05 4.1309e-05 2.2321e-05 1.4645e-05 7.373e-06 3.6865e-06 2.828e-06 1.2625e-06 8.585e-07 3.03e-07 2.525e-07 2.02e-07 5.05e-08 1.01e-07 5.05e-08 0 0 0 0 0 0 0 0 0 0 0 0 0 0 0 0 0 0 0 0 0 0 0 0 
0.00183876 0.00147127 0.00109529 0.000747249 0.000488285 0.000318453 0.000199223 0.000121756 7.62045e-05 4.444e-05 2.5351e-05 1.60085e-05 9.7465e-06 5.555e-06 2.7775e-06 1.717e-06 9.09e-07 9.595e-07 4.04e-07 1.01e-07 5.05e-08 5.05e-08 5.05e-08 0 5.05e-08 0 5.05e-08 0 0 5.05e-08 0 0 0 0 0 0 0 0 0 0 0 0 0 0 0 0 0 0 0 0 0 
0.000295728 0.000293405 0.00023331 0.000168923 0.000114888 7.73155e-05 5.2116e-05 3.2219e-05 2.07555e-05 1.2625e-05 7.373e-06 4.545e-06 2.4745e-06 1.4645e-06 1.01e-06 5.555e-07 2.525e-07 2.02e-07 2.02e-07 1.01e-07 0 0 5.05e-08 5.05e-08 0 0 0 0 0 0 0 0 0 0 0 0 0 0 0 0 0 0 0 0 0 0 0 0 0 0 0 
1.30795e-05 1.2827e-05 1.10595e-05 9.7465e-06 6.868e-06 6.565e-06 3.8885e-06 3.2825e-06 1.7675e-06 1.212e-06 7.575e-07 4.04e-07 5.05e-07 2.02e-07 2.02e-07 1.515e-07 1.01e-07 5.05e-08 0 0 0 0 0 0 0 0 0 0 0 0 0 0 0 0 0 0 0 0 0 0 0 0 0 0 0 0 0 0 0 0 0 
1.4645e-06 1.7675e-06 1.818e-06 1.0605e-06 9.09e-07 7.575e-07 6.565e-07 4.545e-07 2.525e-07 4.04e-07 1.515e-07 5.05e-08 0 5.05e-08 5.05e-08 0 0 0 0 5.05e-08 0 0 0 0 0 0 0 0 0 0 0 0 0 0 0 0 0 0 0 0 0 0 0 0 0 0 0 0 0 0 0 
1.515e-07 0 0 1.515e-07 5.05e-08 0 0 2.525e-07 5.05e-08 0 0 0 0 0 0 0 0 0 0 5.05e-08 0 0 0 0 0 0 0 0 0 0 0 0 0 0 0 0 0 0 0 0 0 0 0 0 0 0 0 0 0 0 0 
0 0 0 5.05e-08 0 0 0 0 0 0 0 0 0 0 0 0 0 0 0 0 0 0 0 0 0 0 0 0 0 0 0 0 0 0 0 0 0 0 0 0 0 0 0 0 0 0 0 0 0 0 0 
0 0 0 0 0 0 0 0 0 0 0 0 0 0 0 0 0 0 0 0 0 0 0 0 0 0 0 0 0 0 0 0 0 0 0 0 0 0 0 0 0 0 0 0 0 0 0 0 0 0 0 
0 0 0 0 0 0 0 0 0 0 0 0 0 0 0 0 0 0 0 0 0 0 0 0 0 0 0 0 0 0 0 0 0 0 0 0 0 0 0 0 0 0 0 0 0 0 0 0 0 0 0 
0 0 0 0 0 0 0 0 0 0 0 0 0 0 0 0 0 0 0 0 0 0 0 0 0 0 0 0 0 0 0 0 0 0 0 0 0 0 0 0 0 0 0 0 0 0 0 0 0 0 0 
0 0 0 0 0 0 0 0 0 0 0 0 0 0 0 0 0 0 0 0 0 0 0 0 0 0 0 0 0 0 0 0 0 0 0 0 0 0 0 0 0 0 0 0 0 0 0 0 0 0 0 
0 0 0 0 0 0 0 0 0 0 0 0 0 0 0 0 0 0 0 0 0 0 0 0 0 0 0 0 0 0 0 0 0 0 0 0 0 0 0 0 0 0 0 0 0 0 0 0 0 0 0 
0 0 0 0 0 0 0 0 0 0 0 0 0 0 0 0 0 0 0 0 0 0 0 0 0 0 0 0 0 0 0 0 0 0 0 0 0 0 0 0 0 0 0 0 0 0 0 0 0 0 0 
0 0 0 0 0 0 0 0 0 0 0 0 0 0 0 0 0 0 0 0 0 0 0 0 0 0 0 0 0 0 0 0 0 0 0 0 0 0 0 0 0 0 0 0 0 0 0 0 0 0 0 
0 0 0 0 0 0 0 0 0 0 0 0 0 0 0 0 0 0 0 0 0 0 0 0 0 0 0 0 0 0 0 0 0 0 0 0 0 0 0 0 0 0 0 0 0 0 0 0 0 0 0 
0 0 0 0 0 0 0 0 0 0 0 0 0 0 0 0 0 0 0 0 0 0 0 0 0 0 0 0 0 0 0 0 0 0 0 0 0 0 0 0 0 0 0 0 0 0 0 0 0 0 0 
0 0 0 0 0 0 0 0 0 0 0 0 0 0 0 0 0 0 0 0 0 0 0 0 0 0 0 0 0 0 0 0 0 0 0 0 0 0 0 0 0 0 0 0 0 0 0 0 0 0 0 
0 0 0 0 0 0 0 0 0 0 0 0 0 0 0 0 0 0 0 0 0 0 0 0 0 0 0 0 0 0 0 0 0 0 0 0 0 0 0 0 0 0 0 0 0 0 0 0 0 0 0 
0 0 0 0 0 0 0 0 0 0 0 0 0 0 0 0 0 0 0 0 0 0 0 0 0 0 0 0 0 0 0 0 0 0 0 0 0 0 0 0 0 0 0 0 0 0 0 0 0 0 0 
Per-collision Densities L:
2.26241 1.24814 0.68954 0.380618 0.210395 0.115928 0.0640096 0.0353484 0.0195314 0.0108275 0.00594244 0.00327836 0.0018026 0.000986316 0.000553026 0.000309262 0.0001717 9.5849e-05 5.2217e-05 2.81285e-05 1.5251e-05 8.282e-06 4.242e-06 2.9795e-06 1.919e-06 8.08e-07 4.545e-07 1.01e-07 1.01e-07 0 5.05e-08 0 5.05e-08 0 0 0 5.05e-08 0 0 0 0 0 0 0 0 0 0 0 0 0 0 
0.00906662 0.0161247 0.0151112 0.0117172 0.00830765 0.00561722 0.00371109 0.00235184 0.00146304 0.000915969 0.000551965 0.000331129 0.000199374 0.000119837 7.28715e-05 4.141e-05 2.3533e-05 1.61095e-05 8.1305e-06 4.8985e-06 2.7775e-06 1.7675e-06 1.111e-06 8.585e-07 2.02e-07 1.515e-07 0 1.01e-07 5.05e-08 5.05e-08 5.05e-08 0 0 0 0 0 0 0 0 0 0 0 0 0 0 0 0 0 0 0 0 
0.00222119 0.00400793 0.00377977 0.00299834 0.00217695 0.00148945 0.000991265 0.000648016 0.000417433 0.000256843 0.00016463 9.77175e-05 5.8176e-05 3.56025e-05 2.2624e-05 1.1918e-05 8.4335e-06 5.05e-06 2.5755e-06 1.515e-06 1.2625e-06 5.555e-07 3.535e-07 2.02e-07 1.01e-07 0 0 0 0 0 0 0 0 0 0 0 0 0 0 0 0 0 0 0 0 0 0 0 0 0 0 
4.61065e-05 0.000113171 0.000135845 0.0001313 0.000108979 8.98395e-05 6.6862e-05 4.7167e-05 3.5451e-05 2.17655e-05 1.5554e-05 1.1615e-05 7.07e-06 4.5955e-06 2.8785e-06 2.323e-06 1.1615e-06 9.09e-07 4.04e-07 3.03e-07 2.02e-07 5.05e-08 2.02e-07 1.01e-07 5.05e-08 0 0 0 0 0 0 0 0 0 0 0 0 0 0 0 0 0 0 0 0 0 0 0 0 0 0 
5.05e-06 1.69175e-05 1.79275e-05 1.8584e-05 1.70185e-05 1.3736e-05 9.292e-06 8.8375e-06 5.1005e-06 3.737e-06 2.9795e-06 1.515e-06 1.01e-06 7.07e-07 3.03e-07 2.02e-07 1.01e-07 1.01e-07 1.515e-07 5.05e-08 5.05e-08 5.05e-08 5.05e-08 5.05e-08 0 0 0 0 0 0 0 0 0 0 0 0 0 0 0 0 0 0 0 0 0 0 0 0 0 0 0 
4.545e-07 6.565e-07 9.595e-07 1.212e-06 1.0605e-06 8.585e-07 5.555e-07 9.09e-07 6.565e-07 3.03e-07 1.01e-07 2.525e-07 2.02e-07 5.05e-08 0 1.01e-07 0 0 0 0 0 0 0 0 0 0 0 0 0 0 0 0 0 0 0 0 0 0 0 0 0 0 0 0 0 0 0 0 0 0 0 
0 1.01e-07 1.01e-07 5.05e-08 1.01e-07 1.515e-07 0 0 0 5.05e-08 0 0 5.05e-08 0 0 0 0 0 0 0 0 0 0 0 0 0 0 0 0 0 0 0 0 0 0 0 0 0 0 0 0 0 0 0 0 0 0 0 0 0 0 
0 0 0 0 0 0 0 0 0 0 0 0 0 0 0 0 0 0 0 0 0 0 0 0 0 0 0 0 0 0 0 0 0 0 0 0 0 0 0 0 0 0 0 0 0 0 0 0 0 0 0 
0 0 0 0 0 0 0 0 0 0 0 0 0 0 0 0 0 0 0 0 0 0 0 0 0 0 0 0 0 0 0 0 0 0 0 0 0 0 0 0 0 0 0 0 0 0 0 0 0 0 0 
0 0 0 0 0 0 0 0 0 0 0 0 0 0 0 0 0 0 0 0 0 0 0 0 0 0 0 0 0 0 0 0 0 0 0 0 0 0 0 0 0 0 0 0 0 0 0 0 0 0 0 
0 0 0 0 0 0 0 0 0 0 0 0 0 0 0 0 0 0 0 0 0 0 0 0 0 0 0 0 0 0 0 0 0 0 0 0 0 0 0 0 0 0 0 0 0 0 0 0 0 0 0 
0 0 0 0 0 0 0 0 0 0 0 0 0 0 0 0 0 0 0 0 0 0 0 0 0 0 0 0 0 0 0 0 0 0 0 0 0 0 0 0 0 0 0 0 0 0 0 0 0 0 0 
0 0 0 0 0 0 0 0 0 0 0 0 0 0 0 0 0 0 0 0 0 0 0 0 0 0 0 0 0 0 0 0 0 0 0 0 0 0 0 0 0 0 0 0 0 0 0 0 0 0 0 
0 0 0 0 0 0 0 0 0 0 0 0 0 0 0 0 0 0 0 0 0 0 0 0 0 0 0 0 0 0 0 0 0 0 0 0 0 0 0 0 0 0 0 0 0 0 0 0 0 0 0 
0 0 0 0 0 0 0 0 0 0 0 0 0 0 0 0 0 0 0 0 0 0 0 0 0 0 0 0 0 0 0 0 0 0 0 0 0 0 0 0 0 0 0 0 0 0 0 0 0 0 0 
0 0 0 0 0 0 0 0 0 0 0 0 0 0 0 0 0 0 0 0 0 0 0 0 0 0 0 0 0 0 0 0 0 0 0 0 0 0 0 0 0 0 0 0 0 0 0 0 0 0 0 
0 0 0 0 0 0 0 0 0 0 0 0 0 0 0 0 0 0 0 0 0 0 0 0 0 0 0 0 0 0 0 0 0 0 0 0 0 0 0 0 0 0 0 0 0 0 0 0 0 0 0 
0 0 0 0 0 0 0 0 0 0 0 0 0 0 0 0 0 0 0 0 0 0 0 0 0 0 0 0 0 0 0 0 0 0 0 0 0 0 0 0 0 0 0 0 0 0 0 0 0 0 0 
0 0 0 0 0 0 0 0 0 0 0 0 0 0 0 0 0 0 0 0 0 0 0 0 0 0 0 0 0 0 0 0 0 0 0 0 0 0 0 0 0 0 0 0 0 0 0 0 0 0 0 
0 0 0 0 0 0 0 0 0 0 0 0 0 0 0 0 0 0 0 0 0 0 0 0 0 0 0 0 0 0 0 0 0 0 0 0 0 0 0 0 0 0 0 0 0 0 0 0 0 0 0 
