Half rod, albedo problem, Anisotropic scattering, exponential random flight, mu_t: 1 g: -0.3
Analogmu_t c: 0.7 maxx: 10 dx: 0.19802 numsamples: 10000000 numCollisionOrders: 20 numMoments: 10
total albedo: 0.33533
per-collision order albedos: 
0 0.227566 0.0557701 0.025484 0.0119764 0.0063194 0.0034297 0.0019207 0.001129 0.0006679 0.0004159 0.000244 0.000147 9.13e-05 6.08e-05 3.95e-05 2.38e-05 1.44e-05 1.09e-05 6.5e-06 
Collision density L:
0.316031 0.280019 0.248624 0.220674 0.19601 0.173855 0.154424 0.137465 0.121484 0.108066 0.0956854 0.0848976 0.0757646 0.066811 0.0596072 0.0528351 0.0468448 0.0416782 0.0370721 0.0328745 0.0291218 0.0256358 0.0225993 0.0202995 0.0180295 0.0160332 0.0141971 0.0125846 0.0113064 0.00997729 0.00866429 0.00773812 0.00684629 0.00623524 0.00546309 0.0048172 0.0043425 0.00372993 0.00336128 0.00297142 0.00267751 0.0023932 0.00204677 0.00188719 0.00169175 0.00144127 0.00131603 0.00116857 0.00100748 0.000905465 0.00718413 
Collision density R:
0.942464 0.837312 0.74213 0.658866 0.584821 0.519217 0.460319 0.408589 0.363374 0.322467 0.286132 0.253398 0.225148 0.199489 0.176714 0.157249 0.139334 0.124136 0.110419 0.0977983 0.0863611 0.0770504 0.0683013 0.0605374 0.0537648 0.0477518 0.0423367 0.0374811 0.0333295 0.0299864 0.0263605 0.0233169 0.0206424 0.0185017 0.016309 0.0145208 0.0129931 0.0113251 0.0101545 0.00885972 0.00799062 0.00704627 0.00636098 0.00549592 0.00488184 0.0044642 0.0039289 0.00349814 0.00303707 0.00273912 0.0213393 
Density Moments:
2.21553 3.67652 12.1985 60.6776 402.026 3324.21 32903.1 378625 4.95571e+06 7.25149e+07 
Per-collision Density Moments:
1 1.00027 2.00089 6.0014 23.983 119.653 714.876 4967.19 39268.8 347254 
0.472406 0.717084 1.92361 7.24017 34.8381 203.507 1395.97 10986.4 97504.5 962540 
0.27495 0.554291 1.78734 7.75419 41.9612 270.911 2025.23 17151.7 161807 1.67731e+06 
0.16703 0.4028 1.49529 7.29665 43.7204 309.175 2513.86 23073.7 235860 2.65662e+06 
0.104901 0.290773 1.20555 6.46843 42.174 321.956 2806.19 27418.2 296173 3.49922e+06 
0.0671633 0.207992 0.945598 5.50062 38.5763 314.937 2922.22 30264.6 344778 4.26723e+06 
0.0435398 0.147802 0.725191 4.50921 33.5423 288.401 2798.73 30103.6 353707 4.48505e+06 
0.0285533 0.104703 0.548987 3.62177 28.4395 257.239 2619.67 29506.9 362195 4.78454e+06 
0.0189104 0.0742537 0.413488 2.88028 23.772 225.092 2390.32 27963.9 355059 4.83101e+06 
0.0125434 0.0523432 0.307759 2.25559 19.5264 193.302 2138.81 25984.2 341616 4.80158e+06 
0.0083389 0.0369018 0.22827 1.75103 15.809 162.896 1875.39 23733.8 325710 4.79006e+06 
0.005596 0.0259855 0.167896 1.34186 12.5931 134.602 1604.83 21008.2 298054 4.5323e+06 
0.0037564 0.018273 0.123147 1.02433 9.99686 111.04 1373.5 18594.6 271566 4.22699e+06 
0.002526 0.0127705 0.0894273 0.77282 7.83302 90.3146 1158.92 16260.1 245675 3.945e+06 
0.0017175 0.00907691 0.0660813 0.591727 6.19612 73.6824 975.763 14180.1 223415 3.77582e+06 
0.0011536 0.00635749 0.0479076 0.442428 4.77165 58.5477 805.328 12317.5 208402 3.87886e+06 
0.0007842 0.00447736 0.0348612 0.333654 3.75199 48.3473 702.448 11360.2 201898 3.88903e+06 
0.0005326 0.00313715 0.0251322 0.246899 2.84808 37.6855 562.667 9333.96 169235 3.29812e+06 
0.0003613 0.00221176 0.0182231 0.182113 2.10998 27.6588 403.84 6487.51 113362 2.12997e+06 
0 0 0 0 0 0 0 0 0 0 
Per-collision Densities L:
0 0 0 0 0 0 0 0 0 0 0 0 0 0 0 0 0 0 0 0 0 0 0 0 0 0 0 0 0 0 0 0 0 0 0 0 0 0 0 0 0 0 0 0 0 0 0 0 0 0 0 
0.206844 0.168908 0.138771 0.114132 0.0933184 0.0766211 0.0631462 0.0517261 0.0421488 0.0349122 0.0284966 0.0232669 0.01934 0.0157272 0.0130194 0.0106015 0.00861732 0.00721948 0.00589285 0.00485255 0.00387386 0.00318655 0.00260378 0.00216948 0.00180336 0.00147965 0.00123624 0.00103879 0.00082416 0.00067771 0.000512575 0.000458035 0.00037572 0.000294415 0.00024038 0.000206545 0.00016564 0.00011918 0.000114635 7.979e-05 7.474e-05 5.757e-05 4.949e-05 4.848e-05 3.1815e-05 2.3735e-05 3.03e-05 2.222e-05 1.212e-05 1.515e-05 5.656e-05 
0.0552712 0.053682 0.0505308 0.0469953 0.0431937 0.0392228 0.0351091 0.0315852 0.0277179 0.0245597 0.0213267 0.0187481 0.0162918 0.0140996 0.0122942 0.0105363 0.00909758 0.00778256 0.00676145 0.00573882 0.00489295 0.00412686 0.00348652 0.00303859 0.0025851 0.00211242 0.00176548 0.00158015 0.00135239 0.0011514 0.000899405 0.000776185 0.000636805 0.000558025 0.000446925 0.00038582 0.000322695 0.00028886 0.00024543 0.00020907 0.000166145 0.000150995 0.000121705 0.000116655 8.0295e-05 7.4235e-05 6.2115e-05 4.949e-05 4.343e-05 3.232e-05 0.00017776 
0.0262752 0.0275371 0.0276558 0.0269387 0.0264135 0.0249379 0.0232482 0.0217408 0.0199419 0.0180583 0.0166074 0.014952 0.0134189 0.0119902 0.0107575 0.00947532 0.0084027 0.00739472 0.0064534 0.00573983 0.00512424 0.00434906 0.00374407 0.00327998 0.00283861 0.00255025 0.00215383 0.0018382 0.00161146 0.00138673 0.00117665 0.00101253 0.000869105 0.000756995 0.000680235 0.000552975 0.00045652 0.000414605 0.000356025 0.00028482 0.00023937 0.000220685 0.000178265 0.00014443 0.00012322 0.0001111 0.000109585 7.777e-05 7.171e-05 6.7165e-05 0.00031209 
0.0124124 0.0132931 0.013941 0.0139971 0.0139663 0.0138027 0.0132633 0.0128826 0.0121655 0.0114236 0.0107626 0.0100889 0.00930614 0.00840623 0.00774014 0.00708414 0.0063827 0.0058176 0.0053121 0.00466822 0.00421726 0.00379053 0.00332189 0.00301889 0.00267499 0.00233714 0.00209626 0.00181043 0.0016362 0.00142006 0.00120342 0.00108121 0.000907485 0.00082618 0.000738815 0.000590345 0.000568125 0.0004444 0.000390365 0.00035754 0.00029896 0.000260075 0.000201495 0.00018887 0.000161095 0.00014645 0.00011615 0.000106555 8.686e-05 7.2215e-05 0.000487325 
0.00659833 0.00710081 0.00742249 0.00785174 0.00791941 0.00788962 0.00785831 0.00766489 0.00745279 0.00726493 0.00697557 0.00645895 0.00622463 0.00576003 0.0053631 0.00507828 0.0046157 0.00432482 0.00396829 0.00363651 0.00335926 0.00303707 0.0026457 0.00239774 0.00215332 0.00198415 0.00174831 0.00157964 0.00141451 0.0012822 0.00114635 0.00094637 0.000875165 0.000817595 0.000675185 0.00061913 0.000531765 0.00047975 0.000413595 0.00034744 0.00030906 0.00028078 0.000230785 0.000224725 0.000209575 0.000158065 0.000130795 0.000116655 0.00010201 0.000102515 0.000614585 
0.00357035 0.00384861 0.00417282 0.00435613 0.00447885 0.00455561 0.00467125 0.00460358 0.00462328 0.00449248 0.00426422 0.00422332 0.00405869 0.00384507 0.00355015 0.00348602 0.00330573 0.00302697 0.00275377 0.00259166 0.00240229 0.00216241 0.00201849 0.00186446 0.0017069 0.00155995 0.00143622 0.00126957 0.00117211 0.00103323 0.00089991 0.000871125 0.00076962 0.000703465 0.000585295 0.000557015 0.00049894 0.000433795 0.00039087 0.000350975 0.00031209 0.000264115 0.000233815 0.000204525 0.000181295 0.000168165 0.000148975 0.000123725 0.000109585 9.09e-05 0.00068175 
0.00203263 0.00223867 0.00245279 0.00255631 0.00267145 0.00265075 0.00284164 0.0027371 0.00284113 0.00278407 0.002676 0.00268155 0.00251036 0.00250531 0.00235886 0.00230684 0.00218059 0.00203313 0.00197556 0.00184174 0.0016261 0.00160085 0.00147208 0.00139431 0.0013029 0.00114888 0.00107717 0.000998385 0.00092516 0.00080699 0.000765075 0.00066862 0.00061913 0.00057469 0.000503485 0.00049187 0.000425715 0.00034239 0.000311585 0.000287345 0.000247955 0.00024745 0.00020604 0.000196445 0.000180285 0.000147965 0.00013635 0.000132815 0.00011211 8.888e-05 0.000684275 
0.0012115 0.00135643 0.00145491 0.00150945 0.00159782 0.00162307 0.00166751 0.00168973 0.00173114 0.00169579 0.00170135 0.00161297 0.00166044 0.00159479 0.00155187 0.00149783 0.00146198 0.00139582 0.00131149 0.00129381 0.00119483 0.00111353 0.00107464 0.00098778 0.00092617 0.00086557 0.000792345 0.000745885 0.000682255 0.000622665 0.00059994 0.00052318 0.00048177 0.00043733 0.00042824 0.00035148 0.00034643 0.00029391 0.00027573 0.000242905 0.00023937 0.0002121 0.00019291 0.00017473 0.000165135 0.00013534 0.00012322 0.000102515 8.0295e-05 8.7365e-05 0.000636805 
0.00069488 0.000800425 0.000853955 0.0008888 0.00093324 0.000989295 0.00098172 0.00107818 0.00109232 0.00104636 0.0010398 0.00103121 0.00109434 0.00101556 0.00102313 0.000948895 0.000968085 0.0009191 0.000880215 0.00083931 0.000819615 0.000739825 0.00072619 0.000690335 0.000647915 0.000648925 0.000567115 0.000508535 0.00049389 0.00046864 0.000423695 0.00039087 0.000377235 0.000370165 0.00031512 0.000294415 0.000260075 0.00023836 0.000228765 0.000220685 0.00019695 0.000184325 0.000143925 0.00012827 0.00012524 9.6455e-05 0.00010504 9.494e-05 8.3325e-05 7.4235e-05 0.00061509 
0.00042521 0.000505 0.000490355 0.00054035 0.000584285 0.00058075 0.00059691 0.000641855 0.00062317 0.0006565 0.00065347 0.000631755 0.000655995 0.000652965 0.000709525 0.00061812 0.000634785 0.00061105 0.000594385 0.000581255 0.000545905 0.000501465 0.000479245 0.00050298 0.0004545 0.000425715 0.000424705 0.000366125 0.00036966 0.000344915 0.00030805 0.000294415 0.000269165 0.00026361 0.00024139 0.00022018 0.00019796 0.00019291 0.00016968 0.00015453 0.0001616 0.00012928 0.00011817 0.0001111 0.00010302 0.000101 9.5445e-05 7.878e-05 6.868e-05 6.565e-05 0.000572165 
0.00025957 0.00027876 0.000329765 0.000331785 0.000342895 0.000359055 0.000363095 0.000424705 0.00043531 0.00042016 0.000434805 0.000417635 0.00043026 0.000416625 0.000447935 0.00043127 0.000411575 0.000379255 0.00041915 0.00035552 0.00037875 0.000336835 0.000336835 0.000298455 0.00030805 0.0002828 0.000284315 0.000273205 0.00026159 0.000243915 0.00022523 0.000218665 0.000195435 0.00018483 0.000192405 0.00015251 0.00016867 0.000133825 0.000123725 0.00010908 0.00012524 9.2415e-05 9.3425e-05 9.2415e-05 8.282e-05 6.262e-05 5.858e-05 7.1205e-05 5.9085e-05 5.8075e-05 0.000478235 
0.00017069 0.00017473 0.00021311 0.000202505 0.0002121 0.000229775 0.000231795 0.000258055 0.000260075 0.000277245 0.00026361 0.00026866 0.000264115 0.00029391 0.00027775 0.000264115 0.000263105 0.000248965 0.000250985 0.00025553 0.00022422 0.000211595 0.000228765 0.000213615 0.00021008 0.000201495 0.000199475 0.0001919 0.00018079 0.000163115 0.00014948 0.000160085 0.000155035 0.00013332 0.000132815 0.00010706 0.000105545 0.000105545 9.8475e-05 9.3425e-05 8.3325e-05 7.6255e-05 8.3325e-05 7.6255e-05 6.4135e-05 5.5045e-05 5.656e-05 5.252e-05 4.444e-05 3.8885e-05 0.000399455 
9.8475e-05 0.00011312 0.000126755 0.00014241 0.00014241 0.000148975 0.00016261 0.00015251 0.000161095 0.000165135 0.00018483 0.00017978 0.000185335 0.000169175 0.00017574 0.00018382 0.000171195 0.000180285 0.00016665 0.000164125 0.00015049 0.000170185 0.00016261 0.00014948 0.000139885 0.000145945 0.000134835 0.000109585 0.00012322 0.00012019 0.000117665 0.000104535 9.2415e-05 9.898e-05 8.8375e-05 8.7365e-05 7.474e-05 7.0195e-05 5.858e-05 6.8175e-05 5.7065e-05 6.0095e-05 5.959e-05 4.848e-05 4.141e-05 4.8985e-05 3.636e-05 4.343e-05 2.9795e-05 2.424e-05 0.00031613 
6.06e-05 6.8175e-05 7.2215e-05 8.5345e-05 8.686e-05 7.5245e-05 0.000118675 0.000105545 0.00010807 0.000113625 0.000109585 0.00012019 0.00011211 0.000111605 0.000111605 0.00011413 0.000109585 0.000124735 0.000107565 0.0001111 0.000100495 0.00010201 0.000105545 9.6455e-05 0.000101 8.8375e-05 7.878e-05 9.09e-05 8.2315e-05 7.979e-05 7.575e-05 7.1205e-05 7.0195e-05 6.4135e-05 6.0095e-05 5.454e-05 6.363e-05 4.4945e-05 5.7065e-05 5.5045e-05 6.1105e-05 4.141e-05 3.636e-05 3.3835e-05 3.737e-05 2.828e-05 2.727e-05 2.3735e-05 2.4745e-05 2.2725e-05 0.000271185 
3.8885e-05 4.3935e-05 4.646e-05 4.5955e-05 4.8985e-05 5.656e-05 6.7165e-05 6.565e-05 6.9185e-05 5.9085e-05 6.2115e-05 8.4335e-05 7.5245e-05 8.08e-05 7.272e-05 6.868e-05 7.2215e-05 7.272e-05 7.4235e-05 6.969e-05 6.666e-05 6.565e-05 5.7065e-05 6.868e-05 5.6055e-05 6.666e-05 7.0195e-05 6.1105e-05 5.5045e-05 5.05e-05 5.4035e-05 5.353e-05 4.545e-05 5.151e-05 4.141e-05 4.9995e-05 4.646e-05 3.8885e-05 2.9795e-05 2.8785e-05 2.9795e-05 3.131e-05 1.9695e-05 2.4745e-05 3.0805e-05 2.323e-05 2.3735e-05 1.8685e-05 2.323e-05 2.02e-05 0.00023331 
2.5755e-05 2.02e-05 2.626e-05 3.6865e-05 3.2825e-05 4.2925e-05 3.4845e-05 4.0905e-05 4.0905e-05 5.05e-05 4.1915e-05 5.4035e-05 4.2925e-05 4.444e-05 5.252e-05 4.3935e-05 5.353e-05 4.8985e-05 4.8985e-05 4.04e-05 4.4945e-05 4.646e-05 5.151e-05 4.8985e-05 3.9895e-05 4.5955e-05 3.333e-05 3.5855e-05 4.444e-05 4.04e-05 3.7875e-05 3.131e-05 3.636e-05 3.0805e-05 2.4745e-05 3.131e-05 2.8785e-05 2.323e-05 2.8785e-05 2.4745e-05 2.0705e-05 2.5755e-05 2.4745e-05 1.717e-05 2.02e-05 1.1615e-05 1.616e-05 1.717e-05 1.717e-05 1.2625e-05 0.000162105 
1.212e-05 1.616e-05 2.2725e-05 2.424e-05 2.323e-05 2.323e-05 2.222e-05 2.323e-05 2.1715e-05 3.0805e-05 2.525e-05 2.727e-05 3.636e-05 3.636e-05 3.03e-05 3.6865e-05 3.5855e-05 3.838e-05 3.3835e-05 2.9795e-05 3.535e-05 3.8885e-05 2.626e-05 2.4745e-05 2.7775e-05 3.333e-05 3.232e-05 3.03e-05 2.4745e-05 2.02e-05 2.1715e-05 2.727e-05 2.5755e-05 1.818e-05 2.3735e-05 2.121e-05 2.8785e-05 2.3735e-05 2.121e-05 1.616e-05 1.212e-05 1.818e-05 1.414e-05 1.515e-05 1.3635e-05 1.717e-05 9.595e-06 9.09e-06 6.06e-06 1.0605e-05 0.00012221 
7.575e-06 1.3635e-05 1.414e-05 1.313e-05 1.2625e-05 1.515e-05 9.09e-06 1.0605e-05 2.121e-05 1.717e-05 2.3735e-05 2.222e-05 1.9695e-05 2.121e-05 2.2725e-05 1.9695e-05 2.0705e-05 1.7675e-05 2.3735e-05 2.222e-05 1.919e-05 1.6665e-05 2.323e-05 1.5655e-05 1.414e-05 2.0705e-05 2.0705e-05 1.616e-05 1.8685e-05 1.9695e-05 1.5655e-05 1.7675e-05 1.212e-05 1.5655e-05 1.5655e-05 1.7675e-05 1.515e-05 1.0605e-05 1.7675e-05 1.111e-05 9.09e-06 1.0605e-05 1.111e-05 1.4645e-05 6.565e-06 6.565e-06 8.585e-06 9.595e-06 9.09e-06 4.545e-06 9.494e-05 
0 0 0 0 0 0 0 0 0 0 0 0 0 0 0 0 0 0 0 0 0 0 0 0 0 0 0 0 0 0 0 0 0 0 0 0 0 0 0 0 0 0 0 0 0 0 0 0 0 0 0 
Per-collision Densities L:
0.906943 0.744773 0.61012 0.500679 0.4106 0.337082 0.276396 0.226631 0.186448 0.152764 0.125419 0.102696 0.0846037 0.0689946 0.0565252 0.0465049 0.0380396 0.0314827 0.0258575 0.0212246 0.0172306 0.0141309 0.0116498 0.00962682 0.00784871 0.00634987 0.0052616 0.00428089 0.00359257 0.00297344 0.00242905 0.00197253 0.00158823 0.00132209 0.00106858 0.00089587 0.000707505 0.00060499 0.000479245 0.000382285 0.00033128 0.000246945 0.000207555 0.00019493 0.00014847 0.000122715 9.999e-05 8.888e-05 7.2215e-05 6.3125e-05 0.00024442 
0.0213565 0.0536547 0.0733881 0.0845895 0.0896037 0.089539 0.0868332 0.0824064 0.0768363 0.0702223 0.0634639 0.0573902 0.0508813 0.0451273 0.0396006 0.034741 0.0302859 0.0266332 0.0230735 0.0198773 0.0172533 0.0146596 0.0126492 0.0107898 0.00928645 0.00799567 0.00665944 0.00572317 0.00480912 0.00421372 0.00356025 0.00294516 0.0025856 0.00214575 0.0018074 0.00152561 0.00129785 0.00109585 0.00093122 0.00073124 0.00066761 0.00054439 0.00047268 0.000364105 0.00032926 0.00026563 0.00022927 0.000204525 0.000156045 0.00013029 0.000673165 
0.00933038 0.0248137 0.0358626 0.0429523 0.0475387 0.0498773 0.0502046 0.0497506 0.0480957 0.0457919 0.0433032 0.0399132 0.0369423 0.0339198 0.0309025 0.0279977 0.0251561 0.0224644 0.0201434 0.0176876 0.0156464 0.0140329 0.0122432 0.0106878 0.00937078 0.00838603 0.007272 0.006262 0.00551309 0.0048177 0.00414959 0.00358803 0.00308101 0.00257449 0.00227351 0.00197405 0.0016766 0.00143976 0.00124584 0.00106505 0.000927685 0.00076861 0.00066155 0.000552975 0.000471165 0.00040602 0.000359055 0.000281285 0.000253005 0.00020402 0.00118372 
0.00249319 0.00721494 0.0116195 0.0154434 0.0180623 0.0205979 0.0220215 0.0227962 0.0234118 0.0235835 0.0229295 0.022374 0.0214029 0.0203682 0.0191314 0.0179245 0.0166463 0.0154702 0.0142642 0.0130325 0.0117089 0.0107853 0.00975963 0.0088067 0.00784417 0.00690638 0.00619938 0.00556662 0.00491062 0.00444754 0.00389456 0.00350066 0.00299162 0.00264469 0.00231896 0.00201041 0.0017877 0.00155439 0.00133674 0.00115494 0.00105747 0.000889305 0.000776185 0.000639835 0.00055348 0.000502475 0.000463085 0.000381275 0.000331785 0.00029896 0.00165741 
0.0011312 0.0033022 0.00536058 0.0072513 0.00906778 0.0102823 0.0114064 0.0120902 0.0125644 0.0130795 0.0131507 0.0129836 0.0128169 0.0125417 0.0119438 0.0114544 0.0109742 0.0101404 0.00965257 0.00899961 0.008332 0.0078679 0.00716292 0.00654076 0.00601001 0.00546814 0.00497627 0.00453137 0.00396122 0.00365721 0.00323099 0.00290476 0.00262903 0.00243612 0.00205687 0.0019089 0.00161903 0.00143774 0.00133169 0.00115645 0.0009595 0.00089385 0.00079083 0.000684275 0.00059287 0.000537825 0.000487325 0.000402485 0.00036057 0.000301485 0.00205232 
0.00052722 0.00162509 0.00262449 0.00353096 0.00442178 0.00517221 0.00591204 0.0064236 0.00684326 0.00710687 0.00740785 0.00732351 0.00753359 0.00737401 0.00720332 0.00706394 0.00682811 0.00659429 0.0063019 0.00595951 0.00566257 0.00532624 0.00499597 0.00467327 0.00434452 0.00399102 0.00369509 0.00337896 0.0031209 0.00284618 0.00255884 0.00231745 0.00209171 0.00198314 0.0017367 0.00159277 0.00144784 0.00124786 0.00115746 0.00100748 0.00089486 0.000808 0.000735785 0.000666095 0.000563075 0.00053126 0.00046561 0.00040703 0.00033936 0.000316635 0.0021306 
0.000283305 0.000830725 0.00136401 0.00189072 0.00235431 0.00282346 0.00315928 0.0035648 0.00372084 0.00407232 0.00424806 0.00428341 0.00433492 0.00437078 0.00439502 0.00440663 0.00424705 0.0042415 0.0040501 0.0039592 0.00366378 0.0035749 0.00337239 0.00317342 0.00299718 0.00284113 0.00264166 0.002424 0.00224018 0.0021412 0.00198768 0.0017569 0.00158469 0.00155035 0.00139532 0.00123473 0.00119837 0.00103677 0.00091506 0.000817595 0.00076154 0.0006868 0.00061711 0.000532775 0.000461065 0.000496415 0.000380265 0.000373195 0.00031209 0.00027977 0.00214322 
0.000160085 0.0004343 0.00074437 0.00101859 0.00130947 0.00155641 0.00179376 0.00202 0.00221493 0.00233916 0.00243713 0.00253965 0.00258207 0.00263004 0.00262701 0.00269519 0.00267802 0.002626 0.00258762 0.0025048 0.0024235 0.00230987 0.00224776 0.00214827 0.00205131 0.00191749 0.00182002 0.00171347 0.00169428 0.00148773 0.00140542 0.00131755 0.00122766 0.00110494 0.00104737 0.00096354 0.000915565 0.000791335 0.000749925 0.00067266 0.00062822 0.000573175 0.00053833 0.000448945 0.000438845 0.00038784 0.000330775 0.00029391 0.00025856 0.000253005 0.00193466 
9.5445e-05 0.000274215 0.00040299 0.000614585 0.00073629 0.00092415 0.00102869 0.00113373 0.00127513 0.00138118 0.00146501 0.00150541 0.00157712 0.00159328 0.00162913 0.00167559 0.00162156 0.00164984 0.00161651 0.00164984 0.00154934 0.00153773 0.00147157 0.00141299 0.00135694 0.00130644 0.00125089 0.00117362 0.00115797 0.00106202 0.00100041 0.00092819 0.00087062 0.00084739 0.000812545 0.000710535 0.00066963 0.00059287 0.0005656 0.00051712 0.000495405 0.000423695 0.00040804 0.000372185 0.00032219 0.0003131 0.000290375 0.000246945 0.00022826 0.000202 0.00179528 
6.3125e-05 0.00016766 0.00026765 0.00035249 0.00044036 0.000536815 0.00061004 0.000712555 0.000769115 0.00082113 0.000870115 0.00091102 0.000953945 0.00097061 0.00101657 0.0010504 0.00103475 0.00102313 0.00101202 0.00104283 0.00104535 0.0010196 0.000958995 0.000940815 0.0008787 0.00086759 0.000847895 0.000785275 0.00078376 0.00075144 0.000694375 0.00065751 0.00065145 0.000581255 0.000538835 0.000504495 0.0005151 0.000429755 0.00040097 0.000374205 0.000337845 0.00032724 0.000309565 0.000285325 0.00025149 0.00025149 0.000227755 0.000197455 0.00018382 0.00016766 0.00155389 
3.4845e-05 8.5345e-05 0.000143925 0.000213615 0.00026664 0.000337845 0.000363095 0.00041713 0.000464095 0.000478235 0.000552975 0.00054338 0.000570145 0.00060095 0.000631755 0.00062317 0.000679225 0.000648925 0.000649935 0.00066357 0.00065347 0.00063024 0.000605495 0.00058378 0.000613575 0.0005656 0.00058883 0.000524695 0.00051207 0.00050702 0.000481265 0.00046359 0.000431775 0.000418645 0.000406525 0.000367135 0.000365115 0.0003232 0.00030401 0.000283305 0.000251995 0.00023836 0.000243915 0.00021008 0.000202505 0.000167155 0.00016059 0.00015453 0.000145945 0.00013433 0.00128422 
1.616e-05 5.3025e-05 9.6455e-05 0.000124735 0.00016261 0.000185335 0.000220685 0.00023533 0.000282295 0.0003232 0.000347945 0.00033734 0.000341885 0.000359055 0.00040198 0.000393395 0.000407535 0.000423695 0.00042824 0.00042218 0.00042521 0.0004141 0.000409555 0.000390365 0.000387335 0.000390365 0.00037168 0.00037673 0.0003434 0.000375215 0.00032017 0.00031815 0.0002828 0.00026967 0.000269165 0.00024442 0.00024543 0.00023432 0.000218665 0.000220685 0.000180285 0.00018281 0.000175235 0.00016059 0.0001616 0.00013332 0.000119685 0.000130795 0.00010504 0.000102515 0.00106505 
1.0605e-05 3.5855e-05 4.6965e-05 7.9285e-05 0.000101 0.0001111 0.00013736 0.000159075 0.000157055 0.00018382 0.00019493 0.000221695 0.00022119 0.000221695 0.00024846 0.00025957 0.00025755 0.00027068 0.000282295 0.00029795 0.00026058 0.00026866 0.000293405 0.000267145 0.00028381 0.00026058 0.000225735 0.00025654 0.00022927 0.000234825 0.000205535 0.00019695 0.000207555 0.000199475 0.00017271 0.00018685 0.000168165 0.000170185 0.000170185 0.000144935 0.000148975 0.00013029 0.000117665 0.000114635 9.999e-05 0.000110595 8.383e-05 9.4435e-05 7.7265e-05 7.171e-05 0.00084234 
7.575e-06 1.919e-05 3.2825e-05 5.151e-05 6.1105e-05 7.4235e-05 8.6355e-05 8.6355e-05 0.000112615 0.00011413 0.000114635 0.000138875 0.000136855 0.000148975 0.000146955 0.000162105 0.000167155 0.000170185 0.00017372 0.000172205 0.00016564 0.00017675 0.000168165 0.000172205 0.00016564 0.00017574 0.00017877 0.00015857 0.000150995 0.000154025 0.00014948 0.00014039 0.000131805 0.00012726 0.000145945 0.00011413 0.00012221 0.000104535 0.00010908 9.898e-05 0.00011009 0.00010302 8.6355e-05 7.7265e-05 8.181e-05 6.3125e-05 6.666e-05 6.666e-05 5.858e-05 6.1105e-05 0.000686295 
4.545e-06 1.2625e-05 2.0705e-05 2.626e-05 3.636e-05 4.545e-05 5.555e-05 6.06e-05 6.464e-05 8.0295e-05 8.686e-05 8.6355e-05 8.5345e-05 9.797e-05 0.00011009 0.000100495 0.00011716 0.00010302 0.000107565 0.00011009 0.00012625 0.00010706 0.000106555 0.000115645 0.000108575 0.00010908 0.0001111 0.0001111 0.0001111 9.7465e-05 0.000103525 0.000101 0.000101505 9.797e-05 7.878e-05 8.8375e-05 7.9285e-05 9.4435e-05 6.767e-05 7.8275e-05 6.6155e-05 7.373e-05 6.666e-05 5.4035e-05 6.363e-05 4.747e-05 4.949e-05 5.1005e-05 4.2925e-05 4.646e-05 0.00052823 
4.04e-06 9.09e-06 1.313e-05 1.616e-05 1.6665e-05 2.727e-05 2.7775e-05 3.737e-05 4.747e-05 4.3935e-05 4.7975e-05 5.252e-05 6.161e-05 5.6055e-05 6.969e-05 7.2215e-05 7.171e-05 7.474e-05 8.0295e-05 6.767e-05 7.272e-05 7.676e-05 7.07e-05 7.6255e-05 7.575e-05 6.666e-05 8.686e-05 7.1205e-05 6.1105e-05 6.868e-05 5.656e-05 7.575e-05 6.161e-05 6.464e-05 6.161e-05 6.666e-05 6.2115e-05 5.8075e-05 4.343e-05 4.7975e-05 5.8075e-05 4.6965e-05 4.848e-05 3.838e-05 4.3935e-05 3.4845e-05 3.2825e-05 3.7875e-05 3.1815e-05 2.525e-05 0.0003939 
1.01e-06 1.01e-06 1.212e-05 1.1615e-05 1.4645e-05 1.414e-05 2.222e-05 2.323e-05 2.121e-05 2.6765e-05 3.1815e-05 2.929e-05 3.737e-05 4.242e-05 4.545e-05 4.6965e-05 3.838e-05 4.3935e-05 5.1005e-05 4.2925e-05 5.2015e-05 5.4035e-05 4.3935e-05 4.444e-05 5.151e-05 5.151e-05 5.1005e-05 4.9995e-05 5.353e-05 4.949e-05 4.545e-05 4.545e-05 4.646e-05 5.1005e-05 4.343e-05 4.2925e-05 4.0905e-05 3.535e-05 3.4845e-05 3.333e-05 3.2825e-05 2.9795e-05 3.7875e-05 2.929e-05 2.323e-05 2.222e-05 2.626e-05 1.9695e-05 1.9695e-05 2.4745e-05 0.000317645 
1.01e-06 3.535e-06 2.02e-06 6.06e-06 1.313e-05 9.09e-06 1.919e-05 1.0605e-05 1.414e-05 1.7675e-05 2.0705e-05 2.525e-05 2.424e-05 2.323e-05 2.5755e-05 2.7775e-05 3.333e-05 2.2725e-05 2.727e-05 2.828e-05 3.131e-05 2.3735e-05 3.0805e-05 2.9795e-05 3.4845e-05 3.6865e-05 3.03e-05 2.8785e-05 2.727e-05 3.131e-05 3.131e-05 3.0805e-05 2.8785e-05 2.6765e-05 2.8785e-05 2.7775e-05 2.626e-05 2.222e-05 2.929e-05 2.2725e-05 2.5755e-05 2.6765e-05 1.5655e-05 1.9695e-05 2.121e-05 2.0705e-05 1.0605e-05 2.02e-05 1.7675e-05 1.7675e-05 0.00023937 
0 0 3.03e-06 6.06e-06 4.04e-06 7.07e-06 6.565e-06 1.01e-05 1.0605e-05 1.1615e-05 1.3635e-05 1.212e-05 1.616e-05 1.7675e-05 1.919e-05 1.919e-05 1.5655e-05 1.5655e-05 2.222e-05 2.4745e-05 1.919e-05 1.818e-05 2.424e-05 1.8685e-05 1.717e-05 2.626e-05 1.919e-05 2.222e-05 2.121e-05 2.0705e-05 2.121e-05 1.616e-05 2.0705e-05 1.7675e-05 1.3635e-05 2.3735e-05 1.515e-05 1.616e-05 2.222e-05 1.6665e-05 1.515e-05 1.9695e-05 1.7675e-05 1.717e-05 1.9695e-05 1.8685e-05 1.1615e-05 1.1615e-05 1.111e-05 9.595e-06 0.00017978 
0 0 0 0 0 0 0 0 0 0 0 0 0 0 0 0 0 0 0 0 0 0 0 0 0 0 0 0 0 0 0 0 0 0 0 0 0 0 0 0 0 0 0 0 0 0 0 0 0 0 0 
