Half rod, albedo problem, Anisotropic scattering, exponential random flight, mu_t: 0.4 g: 0.7
Analogmu_t c: 0.7 maxx: 10 dx: 0.1 numsamples: 10000000 numCollisionOrders: 10 numMoments: 10
total albedo: 0.131971
per-collision order albedos: 
0 0.0525077 0.0311924 0.0187657 0.0113696 0.0069063 0.0042115 0.0026077 0.001626 0.0010136 
Collision density L:
0.052561 0.051568 0.050616 0.050061 0.049065 0.048437 0.047709 0.046769 0.046116 0.045436 0.044789 0.044184 0.04317 0.042701 0.041784 0.041355 0.040471 0.039849 0.039273 0.038765 0.038252 0.037598 0.03717 0.036728 0.036082 0.035492 0.034882 0.034318 0.033809 0.033672 0.032801 0.032031 0.031739 0.031311 0.03075 0.030386 0.029781 0.029139 0.028912 0.028555 0.0279 0.027286 0.027223 0.026634 0.026283 0.025905 0.02554 0.025143 0.0246 0.024221 0.024113 0.023547 0.023252 0.022723 0.022877 0.022275 0.02197 0.021294 0.021156 0.020714 0.020428 0.020323 0.019926 0.019607 0.019246 0.01921 0.018713 0.018235 0.018408 0.01792 0.017434 0.017306 0.016977 0.016717 0.016618 0.016293 0.01599 0.015749 0.015545 0.015418 0.015171 0.01482 0.014506 0.014476 0.014188 0.013867 0.01369 0.013261 0.013168 0.012933 0.012828 0.012526 0.012446 0.012296 0.012077 0.011863 0.011742 0.01143 0.011217 0.011037 0.705424 
Collision density R:
0.396613 0.390467 0.384446 0.378955 0.373031 0.367533 0.361767 0.356253 0.350979 0.345188 0.33939 0.333768 0.3295 0.323939 0.318285 0.313262 0.309309 0.30456 0.299658 0.294599 0.289797 0.285121 0.280794 0.276373 0.271336 0.267855 0.263811 0.260197 0.256065 0.251869 0.247675 0.243006 0.241109 0.237507 0.23288 0.230122 0.225508 0.222486 0.219463 0.214729 0.211583 0.208358 0.20617 0.201495 0.199907 0.196325 0.193799 0.190338 0.187277 0.184513 0.181361 0.178571 0.176245 0.173068 0.170558 0.167311 0.165913 0.162674 0.160164 0.157531 0.15513 0.15229 0.1509 0.148174 0.145488 0.14323 0.142307 0.138848 0.136858 0.134813 0.132563 0.13048 0.128221 0.126853 0.124348 0.122766 0.120903 0.118968 0.117681 0.114855 0.112979 0.111814 0.109406 0.108497 0.106664 0.104825 0.103558 0.101516 0.100329 0.09842 0.097003 0.095965 0.094411 0.092156 0.09113 0.089592 0.087942 0.08688 0.085575 0.084411 5.34581 
Density Moments:
2.89307 18.4858 236.158 4526.02 115819 3.71667e+06 1.43884e+08 6.54663e+09 3.43526e+11 2.0479e+13 
Per-collision Density Moments:
1 2.49983 12.5014 93.7575 936.565 11665.2 173471 2.98272e+06 5.78036e+07 1.23629e+09 
0.647398 3.1069 22.9811 228.287 2844.15 42631.3 748127 1.5099e+07 3.46672e+08 9.00063e+09 
0.421969 2.91672 28.3201 348.589 5177.65 89935.9 1.7868e+06 3.99342e+07 9.91109e+08 2.70304e+10 
0.276565 2.4522 29.2722 428.25 7374.38 145787 3.25199e+06 8.08307e+07 2.2187e+09 6.68385e+10 
0.182255 1.94604 27.4074 463.196 9053.76 200220 4.93243e+06 1.33759e+08 3.95527e+09 1.26546e+11 
0.12073 1.4921 24.0791 460.128 10049.4 245879 6.64739e+06 1.96498e+08 6.29665e+09 2.17124e+11 
0.0802892 1.11848 20.2596 430.903 10388 278479 8.19609e+06 2.62275e+08 9.05228e+09 3.34627e+11 
0.0536323 0.825557 16.5082 385.486 10139.4 294828 9.36351e+06 3.21964e+08 1.19023e+10 4.70204e+11 
0.0359431 0.602919 13.1472 333.786 9509.05 298385 1.01949e+07 3.7616e+08 1.489e+10 6.28701e+11 
0 0 0 0 0 0 0 0 0 0 
Per-collision Densities L:
0 0 0 0 0 0 0 0 0 0 0 0 0 0 0 0 0 0 0 0 0 0 0 0 0 0 0 0 0 0 0 0 0 0 0 0 0 0 0 0 0 0 0 0 0 0 0 0 0 0 0 0 0 0 0 0 0 0 0 0 0 0 0 0 0 0 0 0 0 0 0 0 0 0 0 0 0 0 0 0 0 0 0 0 0 0 0 0 0 0 0 0 0 0 0 0 0 0 0 0 0 
0.020634 0.019753 0.019075 0.01812 0.017535 0.016841 0.016364 0.015323 0.015003 0.014269 0.013637 0.013326 0.012724 0.012501 0.011525 0.011339 0.010888 0.010392 0.009867 0.009577 0.009182 0.008844 0.008542 0.008255 0.007847 0.007621 0.007276 0.006896 0.006774 0.006633 0.006271 0.00594 0.005785 0.005556 0.005216 0.005118 0.004973 0.004689 0.004487 0.004366 0.004159 0.00385 0.003759 0.00363 0.003451 0.003434 0.003312 0.00314 0.003041 0.002852 0.002783 0.002609 0.002574 0.002419 0.002393 0.002338 0.00216 0.002071 0.002016 0.001941 0.001831 0.001791 0.001755 0.001678 0.001612 0.001541 0.001567 0.001464 0.001381 0.00128 0.00121 0.001194 0.00122 0.001103 0.001081 0.001029 0.000976 0.00092 0.000892 0.000898 0.000844 0.000822 0.000816 0.000769 0.000741 0.000698 0.000644 0.000646 0.000556 0.000574 0.000582 0.000547 0.000556 0.000515 0.000486 0.000495 0.00044 0.000383 0.000405 0.000422 0.009601 
0.012644 0.012552 0.01217 0.0125 0.012403 0.012308 0.012195 0.012069 0.012006 0.011784 0.011809 0.011414 0.011344 0.011071 0.011064 0.010909 0.010762 0.01055 0.010435 0.010058 0.009992 0.009975 0.009578 0.009543 0.009378 0.009192 0.00883 0.008768 0.008551 0.008508 0.008173 0.008043 0.007747 0.007685 0.007578 0.007392 0.007198 0.006974 0.00675 0.006542 0.006537 0.006284 0.006243 0.006006 0.005977 0.005733 0.005551 0.005468 0.005266 0.005121 0.005199 0.004968 0.004804 0.004537 0.004622 0.004376 0.004282 0.004202 0.003966 0.003911 0.003791 0.003728 0.003549 0.003496 0.003482 0.003382 0.003148 0.003039 0.003158 0.002972 0.002818 0.002784 0.002654 0.002575 0.002508 0.002539 0.002423 0.00231 0.002286 0.002233 0.002127 0.002136 0.001962 0.001998 0.001889 0.00178 0.001747 0.001718 0.001682 0.001562 0.001599 0.001473 0.001491 0.001426 0.001343 0.001258 0.00136 0.001218 0.001142 0.001157 0.034374 
0.007514 0.007585 0.007464 0.007622 0.007342 0.007401 0.007399 0.007494 0.00742 0.007414 0.007444 0.007391 0.007276 0.007289 0.007273 0.007277 0.0072 0.007256 0.007225 0.007164 0.007252 0.00694 0.007085 0.007089 0.006925 0.006782 0.006839 0.006874 0.006684 0.006674 0.006618 0.006394 0.006467 0.006561 0.006178 0.006226 0.006144 0.005844 0.005946 0.00599 0.005741 0.005721 0.005576 0.005633 0.005554 0.005511 0.005374 0.005372 0.005182 0.00515 0.005057 0.004936 0.004938 0.004635 0.004818 0.004683 0.00468 0.004414 0.00433 0.004217 0.004219 0.004162 0.004053 0.004021 0.003882 0.003966 0.003785 0.003712 0.003701 0.003567 0.003493 0.003476 0.003316 0.003211 0.003175 0.00319 0.003015 0.003052 0.002974 0.002966 0.002772 0.002758 0.002747 0.002688 0.002662 0.002599 0.002503 0.002317 0.00238 0.002299 0.002205 0.002144 0.00212 0.002142 0.002042 0.00196 0.001872 0.001867 0.001754 0.0018 0.065294 
0.004491 0.004528 0.004571 0.004599 0.004534 0.004618 0.004517 0.004458 0.004458 0.004538 0.004602 0.004605 0.004417 0.004552 0.004582 0.004507 0.00444 0.004432 0.004443 0.004573 0.004542 0.004512 0.004449 0.00447 0.004524 0.004526 0.00449 0.004439 0.004512 0.004463 0.004389 0.004415 0.004282 0.004221 0.004328 0.004185 0.004176 0.004326 0.004297 0.004322 0.004145 0.004173 0.004183 0.004043 0.004103 0.004028 0.003961 0.003961 0.003916 0.003878 0.003804 0.003845 0.003637 0.003777 0.003801 0.003723 0.003716 0.003444 0.003582 0.003608 0.003413 0.003552 0.003474 0.003421 0.003349 0.003287 0.003273 0.003118 0.003257 0.003195 0.003119 0.00306 0.00297 0.002982 0.002965 0.00292 0.002817 0.002783 0.002819 0.002733 0.002781 0.002657 0.002531 0.002651 0.002495 0.002493 0.002508 0.002434 0.002351 0.002258 0.00227 0.002311 0.002199 0.002233 0.002127 0.002149 0.002108 0.002057 0.001993 0.001975 0.087842 
0.002793 0.002715 0.002815 0.002776 0.002745 0.002807 0.002716 0.002743 0.002753 0.002842 0.002719 0.002789 0.00282 0.00283 0.002766 0.00275 0.002683 0.002775 0.002641 0.002842 0.002664 0.002798 0.002864 0.002748 0.002827 0.002773 0.002799 0.002744 0.002716 0.002847 0.002699 0.002719 0.002796 0.002735 0.002717 0.002767 0.002662 0.002739 0.00278 0.002685 0.002717 0.002677 0.002752 0.002592 0.002561 0.002645 0.002673 0.002659 0.002582 0.002649 0.002588 0.002585 0.002611 0.002616 0.002596 0.002547 0.00251 0.002542 0.002527 0.002511 0.002587 0.002499 0.002507 0.002432 0.002391 0.002472 0.002364 0.002411 0.002336 0.002421 0.002314 0.002304 0.002276 0.002261 0.002288 0.00231 0.002264 0.002146 0.002166 0.002122 0.00214 0.002111 0.002099 0.002067 0.002072 0.001977 0.002042 0.001962 0.001981 0.001971 0.002022 0.001863 0.001927 0.001825 0.001884 0.001837 0.001824 0.001696 0.001796 0.001749 0.095793 
0.001679 0.0017 0.001671 0.001696 0.001635 0.0017 0.001668 0.001822 0.00175 0.001741 0.001687 0.001755 0.00168 0.001659 0.001688 0.001668 0.001674 0.001579 0.00173 0.001694 0.001709 0.001699 0.001756 0.001705 0.001677 0.001755 0.001715 0.001706 0.001736 0.001699 0.001741 0.001614 0.001725 0.001692 0.001703 0.001701 0.001756 0.001642 0.001745 0.001684 0.001709 0.001627 0.001727 0.001763 0.001707 0.001688 0.001691 0.001717 0.00171 0.001628 0.001727 0.001681 0.001671 0.001711 0.001748 0.001682 0.001764 0.001715 0.001757 0.001656 0.001593 0.00159 0.001609 0.001614 0.001592 0.001628 0.001619 0.001606 0.001621 0.001561 0.001603 0.001609 0.001638 0.001666 0.001649 0.001499 0.001557 0.001623 0.001586 0.001541 0.001571 0.001458 0.001511 0.001519 0.001469 0.001515 0.001466 0.001342 0.001431 0.001528 0.001383 0.001436 0.001434 0.001371 0.001364 0.001405 0.001318 0.001375 0.001372 0.001252 0.091063 
0.001032 0.001032 0.001044 0.001069 0.001066 0.001046 0.001072 0.001059 0.000969 0.00106 0.001018 0.001018 0.001033 0.001045 0.001091 0.001127 0.001074 0.001063 0.001087 0.001114 0.001111 0.001043 0.001037 0.001083 0.001069 0.001052 0.001113 0.001069 0.001048 0.001018 0.001077 0.00107 0.001063 0.001024 0.001138 0.001114 0.001041 0.001111 0.001056 0.00109 0.001053 0.001072 0.00109 0.001104 0.001083 0.001066 0.001047 0.001077 0.001087 0.001061 0.001083 0.001058 0.001137 0.001047 0.001032 0.001063 0.001046 0.001036 0.001084 0.001013 0.001061 0.001092 0.001033 0.001078 0.00107 0.001052 0.00106 0.001053 0.001031 0.001067 0.001057 0.001032 0.001103 0.001063 0.001019 0.00101 0.001053 0.001067 0.00099 0.001013 0.001011 0.000972 0.001019 0.000991 0.000984 0.000982 0.000969 0.000979 0.000962 0.000978 0.001012 0.000944 0.000932 0.000956 0.000983 0.000933 0.000992 0.000983 0.00092 0.000928 0.078823 
0.000693 0.0006 0.000643 0.000623 0.000659 0.000634 0.000655 0.000673 0.000617 0.000657 0.000692 0.000748 0.000676 0.000617 0.000673 0.000624 0.000645 0.000664 0.000669 0.000652 0.000672 0.00066 0.000636 0.00067 0.000676 0.000636 0.000655 0.00066 0.000627 0.000692 0.00069 0.000712 0.000681 0.000671 0.000665 0.000704 0.000651 0.000652 0.000673 0.000714 0.000654 0.000665 0.000712 0.000695 0.000681 0.000649 0.000747 0.000603 0.000644 0.000686 0.000657 0.000644 0.000679 0.000656 0.000707 0.000667 0.000659 0.000698 0.000649 0.000643 0.000697 0.000728 0.000708 0.000688 0.000668 0.000684 0.000653 0.000694 0.000691 0.000686 0.000634 0.000654 0.000652 0.000633 0.000674 0.000595 0.000658 0.000633 0.000675 0.000681 0.000713 0.000683 0.000669 0.000657 0.000669 0.000624 0.000663 0.000665 0.000631 0.000616 0.000631 0.000643 0.000637 0.000682 0.000621 0.000626 0.000658 0.000665 0.000649 0.000638 0.063324 
0 0 0 0 0 0 0 0 0 0 0 0 0 0 0 0 0 0 0 0 0 0 0 0 0 0 0 0 0 0 0 0 0 0 0 0 0 0 0 0 0 0 0 0 0 0 0 0 0 0 0 0 0 0 0 0 0 0 0 0 0 0 0 0 0 0 0 0 0 0 0 0 0 0 0 0 0 0 0 0 0 0 0 0 0 0 0 0 0 0 0 0 0 0 0 0 0 0 0 0 0 
Per-collision Densities L:
0.391885 0.376566 0.362104 0.34813 0.334071 0.32146 0.308782 0.296819 0.285303 0.273909 0.26265 0.251939 0.24316 0.232742 0.223791 0.215435 0.207174 0.198862 0.191031 0.183084 0.176378 0.16878 0.162709 0.155874 0.149179 0.143803 0.13821 0.133263 0.128103 0.122714 0.117843 0.113058 0.109218 0.105385 0.100555 0.097109 0.092884 0.089552 0.085904 0.081979 0.078777 0.076319 0.073312 0.06989 0.067509 0.064805 0.062888 0.059722 0.057497 0.055154 0.052897 0.051167 0.048815 0.046963 0.045322 0.04307 0.041629 0.040313 0.038464 0.036883 0.035586 0.033867 0.033003 0.031512 0.030322 0.02899 0.028316 0.026948 0.025868 0.02454 0.023739 0.022771 0.021857 0.02106 0.020061 0.019443 0.018709 0.018073 0.017397 0.016447 0.016108 0.015504 0.014665 0.014288 0.013644 0.013123 0.012522 0.012132 0.011738 0.010978 0.010724 0.010389 0.009923 0.009502 0.009151 0.008762 0.008585 0.008117 0.007808 0.007477 0.183558 
0.004589 0.013315 0.021124 0.028817 0.036077 0.042074 0.047689 0.052918 0.057797 0.062037 0.065716 0.069413 0.072177 0.075383 0.076988 0.078516 0.08102 0.082773 0.084006 0.084774 0.085405 0.086228 0.086722 0.087286 0.087443 0.087892 0.087575 0.086991 0.086699 0.085931 0.085476 0.0845 0.084298 0.083573 0.082598 0.081905 0.080669 0.079413 0.078597 0.077412 0.076512 0.075313 0.073752 0.072244 0.071995 0.069986 0.068771 0.067963 0.066529 0.065142 0.064068 0.062403 0.061513 0.060063 0.05863 0.057787 0.056572 0.054704 0.053781 0.052058 0.051485 0.049829 0.049225 0.04756 0.046433 0.04527 0.044667 0.043148 0.042291 0.040979 0.040068 0.03896 0.037816 0.037085 0.035993 0.035282 0.034136 0.033417 0.03221 0.03129 0.030453 0.029826 0.028864 0.028279 0.027444 0.026531 0.026105 0.025044 0.024385 0.023941 0.022825 0.022389 0.021684 0.020855 0.020642 0.019877 0.019364 0.018816 0.018119 0.017592 0.545342 
6.4e-05 0.000386 0.000884 0.001502 0.002217 0.003113 0.004228 0.0052 0.006322 0.007511 0.008851 0.010013 0.011332 0.012713 0.014039 0.015371 0.016706 0.018118 0.019375 0.020966 0.021714 0.023294 0.023895 0.025222 0.025938 0.027021 0.028227 0.02949 0.030285 0.031338 0.031824 0.032325 0.033774 0.033911 0.034639 0.035311 0.035555 0.036315 0.036995 0.036696 0.037186 0.036872 0.038443 0.038207 0.038496 0.038836 0.038867 0.038677 0.038793 0.03902 0.038603 0.038629 0.038987 0.038726 0.038614 0.038215 0.038541 0.038004 0.037641 0.037825 0.037109 0.037075 0.036696 0.036684 0.035916 0.035706 0.035578 0.034937 0.034348 0.034369 0.033697 0.033525 0.033102 0.032834 0.032231 0.031924 0.031523 0.030868 0.030733 0.029997 0.029585 0.029118 0.028567 0.028213 0.027888 0.027498 0.026807 0.026289 0.026042 0.025618 0.025365 0.024893 0.024299 0.023654 0.0234 0.022674 0.021986 0.021734 0.021686 0.021315 0.847527 
2.6e-05 8.1e-05 0.000132 0.000212 0.000298 0.000403 0.000544 0.000659 0.000834 0.000967 0.001245 0.00147 0.001686 0.001915 0.002283 0.002498 0.002885 0.003174 0.003453 0.003838 0.004291 0.004658 0.00512 0.005405 0.00602 0.006347 0.006757 0.007177 0.007543 0.008147 0.008559 0.0089 0.009559 0.009982 0.010334 0.010766 0.011204 0.011608 0.012042 0.01261 0.01278 0.013163 0.013755 0.013899 0.014385 0.014855 0.015129 0.015566 0.015702 0.016182 0.016355 0.016757 0.01699 0.017146 0.017498 0.017451 0.017903 0.018089 0.018463 0.01867 0.0185 0.018865 0.018873 0.019034 0.019079 0.019238 0.019482 0.019385 0.019411 0.019738 0.019718 0.019642 0.019675 0.019772 0.019606 0.019461 0.019534 0.019671 0.019656 0.019295 0.019066 0.019368 0.019162 0.01943 0.019064 0.018805 0.018993 0.018826 0.018777 0.018323 0.018388 0.018372 0.018061 0.017953 0.017779 0.017683 0.017612 0.017497 0.017183 0.016862 0.932093 
2e-05 5.1e-05 8.4e-05 0.00012 0.000146 0.00019 0.000212 0.000264 0.000309 0.000304 0.000372 0.000426 0.000507 0.000531 0.000477 0.000632 0.000692 0.000753 0.000873 0.000905 0.000962 0.001068 0.001219 0.001326 0.001444 0.001501 0.001661 0.001757 0.001907 0.002133 0.002283 0.00239 0.002409 0.002712 0.002754 0.00295 0.00304 0.003323 0.003506 0.003661 0.003783 0.004067 0.004166 0.004369 0.004484 0.004779 0.004886 0.005166 0.005362 0.005521 0.005716 0.005873 0.006066 0.006133 0.006322 0.006483 0.006808 0.00702 0.007057 0.007318 0.007396 0.007558 0.007892 0.007959 0.008063 0.008276 0.008438 0.008436 0.008654 0.008805 0.008837 0.008944 0.009054 0.009246 0.00941 0.009458 0.009606 0.009462 0.009898 0.009966 0.009861 0.009956 0.00997 0.009937 0.010055 0.010313 0.010275 0.010346 0.010262 0.010352 0.010439 0.010485 0.010721 0.010431 0.010406 0.010627 0.010477 0.010602 0.010499 0.010639 0.82469 
1.3e-05 2.7e-05 5.3e-05 7.3e-05 8.2e-05 0.000123 0.000135 0.000159 0.000164 0.000173 0.000211 0.000182 0.00024 0.000265 0.000262 0.000334 0.000347 0.000357 0.000388 0.000399 0.000416 0.000441 0.000453 0.000536 0.000558 0.000535 0.000585 0.000657 0.000635 0.000718 0.000736 0.000797 0.000855 0.000873 0.000892 0.001008 0.001048 0.001109 0.001135 0.001124 0.001232 0.001288 0.00137 0.001472 0.001542 0.001542 0.001682 0.001609 0.001774 0.001815 0.001968 0.001969 0.002059 0.002123 0.002249 0.002293 0.002425 0.002466 0.002565 0.002588 0.002778 0.002764 0.002807 0.002911 0.003133 0.003166 0.003273 0.003274 0.003467 0.003544 0.003586 0.00365 0.003756 0.003766 0.003912 0.003989 0.004059 0.004124 0.004308 0.004248 0.004379 0.004364 0.004488 0.004541 0.004717 0.004593 0.00484 0.004836 0.004959 0.004928 0.00497 0.005089 0.005116 0.005207 0.005273 0.005221 0.005199 0.005271 0.005348 0.005544 0.636724 
6e-06 1.5e-05 2.5e-05 4e-05 4.6e-05 5.1e-05 5.5e-05 0.000103 0.000103 0.000107 0.000131 0.000137 0.000165 0.000135 0.000168 0.00019 0.000187 0.000204 0.0002 0.000238 0.000251 0.000266 0.000279 0.00029 0.000289 0.00029 0.000314 0.000321 0.000338 0.000354 0.000355 0.000409 0.00042 0.000421 0.000442 0.000421 0.00045 0.000499 0.00052 0.000519 0.000526 0.000549 0.000575 0.000573 0.000618 0.000642 0.000665 0.000691 0.000705 0.000731 0.000783 0.000802 0.000818 0.000885 0.000876 0.000916 0.000904 0.000933 0.000992 0.00101 0.001052 0.00107 0.001117 0.001215 0.001219 0.00125 0.001173 0.001293 0.001419 0.001384 0.001439 0.001498 0.001469 0.001569 0.001574 0.001638 0.001691 0.001701 0.001786 0.001827 0.00175 0.001821 0.001845 0.001919 0.001963 0.002062 0.002005 0.002088 0.002134 0.002152 0.002248 0.002139 0.002338 0.002325 0.00227 0.00242 0.002384 0.002481 0.00251 0.002558 0.452446 
4e-06 7e-06 1.7e-05 2.1e-05 3.4e-05 4.9e-05 3.6e-05 6e-05 4.9e-05 7.1e-05 8.1e-05 7.2e-05 8.7e-05 9.1e-05 0.000104 9.3e-05 0.000106 0.000123 0.00013 0.000169 0.00015 0.000154 0.000156 0.000156 0.000186 0.000181 0.000195 0.000192 0.000205 0.000193 0.000231 0.00025 0.000228 0.000252 0.000253 0.000241 0.000253 0.00025 0.000285 0.000294 0.000312 0.000292 0.000305 0.000336 0.000347 0.000356 0.000357 0.000362 0.000346 0.00037 0.000374 0.000349 0.000377 0.000402 0.000439 0.000471 0.000485 0.00046 0.000503 0.000507 0.000516 0.000494 0.000516 0.000487 0.000578 0.000543 0.000597 0.000601 0.000599 0.000618 0.000618 0.000636 0.000614 0.000636 0.000685 0.000697 0.000723 0.00075 0.000786 0.000814 0.000801 0.000862 0.000839 0.000844 0.000859 0.000873 0.000943 0.000885 0.000959 0.001006 0.000991 0.001026 0.001053 0.001061 0.001016 0.001103 0.001119 0.001134 0.001121 0.001159 0.30756 
3e-06 8e-06 7e-06 1.3e-05 2.1e-05 3e-05 3.2e-05 2.2e-05 3.7e-05 4.1e-05 5.3e-05 4.5e-05 5.4e-05 7.7e-05 6.4e-05 8.4e-05 7.1e-05 8.6e-05 7.5e-05 7.6e-05 7.6e-05 8.5e-05 8.3e-05 0.000105 0.000122 9.5e-05 0.00012 0.00014 0.000131 0.000122 0.000134 0.000141 0.000131 0.00016 0.000153 0.000147 0.000171 0.000162 0.000197 0.000157 0.000168 0.000206 0.000171 0.000205 0.000185 0.0002 0.000213 0.000231 0.000219 0.000215 0.00022 0.000223 0.000232 0.000252 0.000245 0.00023 0.000241 0.00028 0.000295 0.00025 0.00026 0.000276 0.000298 0.000301 0.000312 0.000307 0.000309 0.000319 0.00031 0.000335 0.000326 0.00035 0.000379 0.000358 0.000345 0.000327 0.000378 0.000376 0.000355 0.000406 0.00041 0.000411 0.000432 0.000414 0.000442 0.000427 0.00046 0.000446 0.000429 0.000475 0.00048 0.000504 0.000518 0.000509 0.000516 0.000526 0.000509 0.000509 0.000556 0.000508 0.205655 
0 0 0 0 0 0 0 0 0 0 0 0 0 0 0 0 0 0 0 0 0 0 0 0 0 0 0 0 0 0 0 0 0 0 0 0 0 0 0 0 0 0 0 0 0 0 0 0 0 0 0 0 0 0 0 0 0 0 0 0 0 0 0 0 0 0 0 0 0 0 0 0 0 0 0 0 0 0 0 0 0 0 0 0 0 0 0 0 0 0 0 0 0 0 0 0 0 0 0 0 0 
