Half rod, albedo problem, Anisotropic scattering, exponential random flight, mu_t: 3 g: 0.3
Analogmu_t c: 0.3 maxx: 10 dx: 0.19802 numsamples: 10000000 numCollisionOrders: 20 numMoments: 10
total albedo: 0.0655812
per-collision order albedos: 
0 0.0525752 0.0102578 0.0021294 0.0004783 0.0001086 2.4e-05 5.8e-06 1.5e-06 4e-07 2e-07 0 0 0 0 0 0 0 0 0 
Collision density L:
0.156763 0.0975468 0.0606586 0.0376094 0.0233588 0.0144834 0.00914707 0.00567368 0.00345976 0.00217302 0.00135643 0.000830725 0.00054742 0.000337845 0.00020806 0.00014746 6.6155e-05 4.9995e-05 3.4845e-05 1.414e-05 1.212e-05 9.595e-06 6.565e-06 6.06e-06 1.515e-06 2.02e-06 2.02e-06 0 0 5.05e-07 0 0 0 0 0 0 0 0 0 0 0 0 0 0 0 0 0 0 0 0 0 
Collision density R:
2.3894 1.48626 0.924808 0.576886 0.358347 0.22273 0.138737 0.0862611 0.0537855 0.0335012 0.0208121 0.0129028 0.00813303 0.00498688 0.00316433 0.00191597 0.00122968 0.000749925 0.00049995 0.00029189 0.000183315 0.00010302 6.363e-05 4.949e-05 3.4845e-05 1.3635e-05 9.09e-06 7.575e-06 4.545e-06 2.02e-06 1.515e-06 1.515e-06 1.01e-06 0 0 0 0 0 0 0 0 0 0 0 0 0 0 0 0 0 0 
Density Moments:
1.33473 0.557254 0.465419 0.583284 0.975064 2.03758 5.10438 14.8741 49.2365 181.494 
Per-collision Density Moments:
1 0.33336 0.222223 0.222157 0.296138 0.493545 0.987127 2.3027 6.13408 18.3554 
0.247295 0.147272 0.141452 0.184793 0.304378 0.604825 1.40863 3.7674 11.3919 38.444 
0.0639954 0.0518877 0.0634164 0.100757 0.195687 0.448445 1.18511 3.55411 11.9453 44.4965 
0.0170262 0.0169472 0.0246921 0.0456725 0.10129 0.260545 0.759714 2.46688 8.787 33.8762 
0.0046411 0.00537648 0.00894652 0.0186055 0.045731 0.128612 0.404749 1.40166 5.27033 21.2788 
0.0012772 0.00166393 0.00310105 0.00713818 0.0191057 0.0573964 0.188878 0.66868 2.51184 9.90392 
0.0003579 0.000521876 0.00106784 0.00267173 0.00775526 0.0253698 0.0916229 0.359109 1.50481 6.65445 
0.0001036 0.000164733 0.000368364 0.00101452 0.00325733 0.0117709 0.0466106 0.197996 0.887311 4.1419 
2.65e-05 4.635e-05 0.00011299 0.000333805 0.00112915 0.00423946 0.0172882 0.0752971 0.345694 1.65599 
6.3e-06 1.20299e-05 3.41643e-05 0.000125493 0.000548855 0.0026906 0.0142117 0.0789232 0.453723 2.67273 
1.1e-06 1.76739e-06 4.28835e-06 1.19726e-05 3.58356e-05 0.000111491 0.000354843 0.00114575 0.00373659 0.0122777 
2e-07 3.43464e-07 9.40592e-07 2.82001e-06 8.56133e-06 2.6034e-05 7.91831e-05 0.000240844 0.000732555 0.00222816 
1e-07 4.16267e-08 1.73279e-08 7.21302e-09 3.00254e-09 1.24986e-09 5.20276e-10 2.16574e-10 9.01527e-11 3.75276e-11 
0 0 0 0 0 0 0 0 0 0 
0 0 0 0 0 0 0 0 0 0 
0 0 0 0 0 0 0 0 0 0 
0 0 0 0 0 0 0 0 0 0 
0 0 0 0 0 0 0 0 0 0 
0 0 0 0 0 0 0 0 0 0 
0 0 0 0 0 0 0 0 0 0 
Per-collision Densities L:
0 0 0 0 0 0 0 0 0 0 0 0 0 0 0 0 0 0 0 0 0 0 0 0 0 0 0 0 0 0 0 0 0 0 0 0 0 0 0 0 0 0 0 0 0 0 0 0 0 0 0 
0.118806 0.0658672 0.0362999 0.0198465 0.0110807 0.00603374 0.00336633 0.00185285 0.00103626 0.000560045 0.00033027 0.00017271 9.09e-05 5.6055e-05 2.626e-05 1.313e-05 8.08e-06 5.555e-06 3.03e-06 1.515e-06 1.01e-06 5.05e-07 5.05e-07 0 0 0 0 0 0 0 0 0 0 0 0 0 0 0 0 0 0 0 0 0 0 0 0 0 0 0 0 
0.0295284 0.0237204 0.0172341 0.0118574 0.00770731 0.00500203 0.00319261 0.00193112 0.00117009 0.000728715 0.000426725 0.00025856 0.000156045 8.888e-05 5.1005e-05 3.636e-05 1.616e-05 1.01e-05 7.07e-06 2.525e-06 5.05e-07 2.02e-06 5.05e-07 1.01e-06 0 0 1.01e-06 0 0 0 0 0 0 0 0 0 0 0 0 0 0 0 0 0 0 0 0 0 0 0 0 
0.00651097 0.00606051 0.00524695 0.00426624 0.00316585 0.00225584 0.00165539 0.00116201 0.00074841 0.000503485 0.000317645 0.000202505 0.00014443 8.484e-05 5.555e-05 3.1815e-05 1.9695e-05 1.3635e-05 5.05e-06 3.03e-06 2.525e-06 1.515e-06 1.01e-06 2.02e-06 1.01e-06 5.05e-07 5.05e-07 0 0 5.05e-07 0 0 0 0 0 0 0 0 0 0 0 0 0 0 0 0 0 0 0 0 0 
0.00145794 0.00140895 0.00140239 0.00120847 0.00101202 0.00085345 0.000644885 0.0004747 0.0003333 0.000247955 0.00016766 0.000119685 8.08e-05 5.2015e-05 3.838e-05 3.333e-05 1.414e-05 7.07e-06 9.595e-06 3.535e-06 2.02e-06 2.525e-06 2.525e-06 1.01e-06 0 5.05e-07 0 0 0 0 0 0 0 0 0 0 0 0 0 0 0 0 0 0 0 0 0 0 0 0 0 
0.000345925 0.000378245 0.0003535 0.00031411 0.000285325 0.00025048 0.000202505 0.000167155 0.000121705 9.2415e-05 7.0195e-05 4.4945e-05 4.2925e-05 3.3835e-05 2.02e-05 1.919e-05 5.05e-06 8.585e-06 6.06e-06 5.05e-07 3.03e-06 1.515e-06 1.515e-06 0 5.05e-07 1.01e-06 0 0 0 0 0 0 0 0 0 0 0 0 0 0 0 0 0 0 0 0 0 0 0 0 0 
8.383e-05 8.585e-05 8.7365e-05 8.888e-05 7.979e-05 5.9085e-05 5.9085e-05 5.9085e-05 3.6865e-05 2.626e-05 3.1815e-05 2.222e-05 2.1715e-05 1.717e-05 9.09e-06 9.595e-06 1.515e-06 3.535e-06 2.02e-06 1.515e-06 1.01e-06 1.01e-06 0 1.515e-06 0 0 0 0 0 0 0 0 0 0 0 0 0 0 0 0 0 0 0 0 0 0 0 0 0 0 0 
2.424e-05 1.818e-05 2.5755e-05 2.0705e-05 2.02e-05 2.121e-05 1.9695e-05 2.1715e-05 9.09e-06 1.1615e-05 9.595e-06 7.07e-06 7.575e-06 3.535e-06 4.04e-06 3.03e-06 1.01e-06 0 1.01e-06 5.05e-07 5.05e-07 5.05e-07 0 0 0 0 5.05e-07 0 0 0 0 0 0 0 0 0 0 0 0 0 0 0 0 0 0 0 0 0 0 0 0 
3.03e-06 5.555e-06 6.06e-06 6.565e-06 6.06e-06 6.565e-06 4.545e-06 3.03e-06 2.02e-06 1.515e-06 2.525e-06 2.525e-06 2.02e-06 1.01e-06 3.03e-06 0 5.05e-07 5.05e-07 1.01e-06 5.05e-07 1.01e-06 0 0 5.05e-07 0 0 0 0 0 0 0 0 0 0 0 0 0 0 0 0 0 0 0 0 0 0 0 0 0 0 0 
1.515e-06 1.515e-06 2.525e-06 5.05e-07 1.515e-06 5.05e-07 1.515e-06 2.02e-06 1.515e-06 1.01e-06 0 5.05e-07 1.01e-06 5.05e-07 5.05e-07 0 0 1.01e-06 0 5.05e-07 5.05e-07 0 5.05e-07 0 0 0 0 0 0 0 0 0 0 0 0 0 0 0 0 0 0 0 0 0 0 0 0 0 0 0 0 
5.05e-07 0 0 0 0 5.05e-07 5.05e-07 0 5.05e-07 0 0 0 0 0 0 5.05e-07 0 0 0 0 0 0 0 0 0 0 0 0 0 0 0 0 0 0 0 0 0 0 0 0 0 0 0 0 0 0 0 0 0 0 0 
0 5.05e-07 0 0 0 0 0 0 0 0 0 0 0 0 0 5.05e-07 0 0 0 0 0 0 0 0 0 0 0 0 0 0 0 0 0 0 0 0 0 0 0 0 0 0 0 0 0 0 0 0 0 0 0 
0 0 0 0 0 0 0 0 0 0 0 0 0 0 0 0 0 0 0 0 0 0 0 0 0 0 0 0 0 0 0 0 0 0 0 0 0 0 0 0 0 0 0 0 0 0 0 0 0 0 0 
0 0 0 0 0 0 0 0 0 0 0 0 0 0 0 0 0 0 0 0 0 0 0 0 0 0 0 0 0 0 0 0 0 0 0 0 0 0 0 0 0 0 0 0 0 0 0 0 0 0 0 
0 0 0 0 0 0 0 0 0 0 0 0 0 0 0 0 0 0 0 0 0 0 0 0 0 0 0 0 0 0 0 0 0 0 0 0 0 0 0 0 0 0 0 0 0 0 0 0 0 0 0 
0 0 0 0 0 0 0 0 0 0 0 0 0 0 0 0 0 0 0 0 0 0 0 0 0 0 0 0 0 0 0 0 0 0 0 0 0 0 0 0 0 0 0 0 0 0 0 0 0 0 0 
0 0 0 0 0 0 0 0 0 0 0 0 0 0 0 0 0 0 0 0 0 0 0 0 0 0 0 0 0 0 0 0 0 0 0 0 0 0 0 0 0 0 0 0 0 0 0 0 0 0 0 
0 0 0 0 0 0 0 0 0 0 0 0 0 0 0 0 0 0 0 0 0 0 0 0 0 0 0 0 0 0 0 0 0 0 0 0 0 0 0 0 0 0 0 0 0 0 0 0 0 0 0 
0 0 0 0 0 0 0 0 0 0 0 0 0 0 0 0 0 0 0 0 0 0 0 0 0 0 0 0 0 0 0 0 0 0 0 0 0 0 0 0 0 0 0 0 0 0 0 0 0 0 0 
0 0 0 0 0 0 0 0 0 0 0 0 0 0 0 0 0 0 0 0 0 0 0 0 0 0 0 0 0 0 0 0 0 0 0 0 0 0 0 0 0 0 0 0 0 0 0 0 0 0 0 
Per-collision Densities L:
2.2619 1.24852 0.688962 0.381589 0.210282 0.115863 0.0640451 0.0352995 0.0194925 0.0108085 0.00596052 0.00323049 0.00178417 0.00099283 0.00056964 0.00031007 0.000178265 8.989e-05 5.1005e-05 3.4845e-05 1.313e-05 9.09e-06 1.01e-06 2.02e-06 1.01e-06 1.01e-06 1.515e-06 0 5.05e-07 0 0 0 0 0 0 0 0 0 0 0 0 0 0 0 0 0 0 0 0 0 0 
0.118478 0.2095 0.195465 0.151904 0.107883 0.0728973 0.0478215 0.0304914 0.019287 0.0117256 0.0072013 0.00435613 0.00260378 0.00152359 0.00093021 0.00050904 0.00033936 0.00018988 0.000117665 6.06e-05 4.04e-05 2.2725e-05 1.1615e-05 6.565e-06 6.06e-06 1.515e-06 5.05e-07 1.515e-06 0 1.515e-06 5.05e-07 0 0 0 0 0 0 0 0 0 0 0 0 0 0 0 0 0 0 0 0 
0.00771943 0.0242001 0.0337259 0.0350637 0.0312691 0.025251 0.0192208 0.0139713 0.00973287 0.00690739 0.00457631 0.00299415 0.0020397 0.00126553 0.000808505 0.000482275 0.000308555 0.000194425 0.000127765 7.3225e-05 4.343e-05 2.4745e-05 2.0705e-05 6.565e-06 7.575e-06 5.555e-06 2.02e-06 1.515e-06 5.05e-07 0 0 1.01e-06 5.05e-07 0 0 0 0 0 0 0 0 0 0 0 0 0 0 0 0 0 0 
0.0010095 0.00327846 0.00535906 0.00670034 0.0069786 0.00669479 0.0057166 0.00469852 0.00365671 0.00274619 0.00202101 0.00147511 0.00104232 0.00071811 0.00047874 0.000336835 0.00021412 0.000145945 8.989e-05 5.555e-05 4.04e-05 1.9695e-05 1.4645e-05 1.3635e-05 7.07e-06 3.03e-06 5.05e-07 1.515e-06 1.515e-06 0 5.05e-07 0 0 0 0 0 0 0 0 0 0 0 0 0 0 0 0 0 0 0 0 
0.0002121 0.000606505 0.00102263 0.00127715 0.00149531 0.00157863 0.00146602 0.00134583 0.00115847 0.000912535 0.000729725 0.000571155 0.000429755 0.000303505 0.000240885 0.000166145 0.000109585 7.272e-05 6.464e-05 3.333e-05 2.1715e-05 1.0605e-05 7.07e-06 1.212e-05 5.05e-06 1.515e-06 2.02e-06 1.01e-06 0 0 5.05e-07 5.05e-07 0 0 0 0 0 0 0 0 0 0 0 0 0 0 0 0 0 0 0 
6.1105e-05 0.0001212 0.00020806 0.000274215 0.00034138 0.000332795 0.00034643 0.000345925 0.00033835 0.0002929 0.000209575 0.000189375 0.000154025 0.00012524 9.4435e-05 6.969e-05 4.6965e-05 4.141e-05 2.929e-05 2.121e-05 1.313e-05 8.585e-06 4.04e-06 5.555e-06 3.535e-06 5.05e-07 0 5.05e-07 0 0 0 0 0 0 0 0 0 0 0 0 0 0 0 0 0 0 0 0 0 0 0 
1.111e-05 2.727e-05 4.949e-05 5.757e-05 7.5245e-05 8.585e-05 8.888e-05 8.686e-05 8.989e-05 7.8275e-05 8.0295e-05 6.3125e-05 5.6055e-05 3.535e-05 2.9795e-05 3.03e-05 2.1715e-05 1.01e-05 1.3635e-05 7.575e-06 5.05e-06 4.545e-06 3.03e-06 1.515e-06 1.515e-06 0 1.515e-06 1.515e-06 5.05e-07 0 0 0 0 0 0 0 0 0 0 0 0 0 0 0 0 0 0 0 0 0 0 
2.525e-06 5.555e-06 1.1615e-05 1.6665e-05 1.6665e-05 2.222e-05 2.828e-05 1.818e-05 2.121e-05 2.222e-05 2.2725e-05 1.616e-05 1.919e-05 1.8685e-05 6.06e-06 9.09e-06 9.595e-06 3.535e-06 5.05e-06 4.545e-06 3.03e-06 2.525e-06 1.01e-06 1.01e-06 2.02e-06 5.05e-07 1.01e-06 0 1.01e-06 0 0 0 0 0 0 0 0 0 0 0 0 0 0 0 0 0 0 0 0 0 0 
5.05e-07 1.515e-06 3.03e-06 3.535e-06 5.05e-06 2.525e-06 3.03e-06 2.525e-06 7.07e-06 5.555e-06 8.585e-06 5.555e-06 4.04e-06 4.04e-06 6.06e-06 2.02e-06 1.515e-06 5.05e-07 1.01e-06 1.01e-06 2.525e-06 5.05e-07 0 5.05e-07 1.01e-06 0 0 0 0 5.05e-07 0 0 0 0 0 0 0 0 0 0 0 0 0 0 0 0 0 0 0 0 0 
0 0 0 0 5.05e-07 1.515e-06 0 1.01e-06 1.515e-06 2.02e-06 1.515e-06 1.515e-06 0 0 0 0 0 1.01e-06 0 0 5.05e-07 0 5.05e-07 0 0 0 0 0 5.05e-07 0 0 0 5.05e-07 0 0 0 0 0 0 0 0 0 0 0 0 0 0 0 0 0 0 
5.05e-07 5.05e-07 0 0 0 5.05e-07 0 0 0 0 5.05e-07 0 0 0 0 5.05e-07 0 5.05e-07 0 0 0 0 0 0 0 0 0 0 0 0 0 0 0 0 0 0 0 0 0 0 0 0 0 0 0 0 0 0 0 0 0 
0 0 0 0 0 0 0 0 0 0 0 0 0 0 0 0 0 0 0 0 0 0 0 0 0 0 0 0 0 0 0 0 0 0 0 0 0 0 0 0 0 0 0 0 0 0 0 0 0 0 0 
0 0 5.05e-07 0 0 0 0 0 0 0 0 0 0 0 0 0 0 0 0 0 0 0 0 0 0 0 0 0 0 0 0 0 0 0 0 0 0 0 0 0 0 0 0 0 0 0 0 0 0 0 0 
0 0 0 0 0 0 0 0 0 0 0 0 0 0 0 0 0 0 0 0 0 0 0 0 0 0 0 0 0 0 0 0 0 0 0 0 0 0 0 0 0 0 0 0 0 0 0 0 0 0 0 
0 0 0 0 0 0 0 0 0 0 0 0 0 0 0 0 0 0 0 0 0 0 0 0 0 0 0 0 0 0 0 0 0 0 0 0 0 0 0 0 0 0 0 0 0 0 0 0 0 0 0 
0 0 0 0 0 0 0 0 0 0 0 0 0 0 0 0 0 0 0 0 0 0 0 0 0 0 0 0 0 0 0 0 0 0 0 0 0 0 0 0 0 0 0 0 0 0 0 0 0 0 0 
0 0 0 0 0 0 0 0 0 0 0 0 0 0 0 0 0 0 0 0 0 0 0 0 0 0 0 0 0 0 0 0 0 0 0 0 0 0 0 0 0 0 0 0 0 0 0 0 0 0 0 
0 0 0 0 0 0 0 0 0 0 0 0 0 0 0 0 0 0 0 0 0 0 0 0 0 0 0 0 0 0 0 0 0 0 0 0 0 0 0 0 0 0 0 0 0 0 0 0 0 0 0 
0 0 0 0 0 0 0 0 0 0 0 0 0 0 0 0 0 0 0 0 0 0 0 0 0 0 0 0 0 0 0 0 0 0 0 0 0 0 0 0 0 0 0 0 0 0 0 0 0 0 0 
0 0 0 0 0 0 0 0 0 0 0 0 0 0 0 0 0 0 0 0 0 0 0 0 0 0 0 0 0 0 0 0 0 0 0 0 0 0 0 0 0 0 0 0 0 0 0 0 0 0 0 
