Half rod, albedo problem, Anisotropic scattering, exponential random flight, mu_t: 1 g: -0.1
Analogmu_t c: 0.5 maxx: 10 dx: 0.19802 numsamples: 10000000 numCollisionOrders: 20 numMoments: 10
total albedo: 0.183428
per-collision order albedos: 
0 0.137526 0.0308888 0.0096004 0.0033384 0.0012559 0.0004857 0.000191 8.23e-05 3.22e-05 1.37e-05 8e-06 3.3e-06 1.6e-06 5e-07 1e-07 2e-07 0 0 1e-07 
Collision density L:
0.170597 0.14776 0.128344 0.111347 0.0959929 0.0834846 0.0725332 0.0627053 0.054234 0.0469175 0.0406151 0.0352101 0.0305288 0.0263433 0.0230012 0.0197632 0.017169 0.0147202 0.0129649 0.011311 0.00964298 0.00836381 0.00737502 0.00632008 0.00540653 0.00475256 0.00416322 0.00359712 0.00310676 0.00268155 0.00233563 0.00196698 0.00176195 0.00153369 0.00130745 0.00110646 0.00102111 0.000854965 0.00071104 0.000647915 0.0005353 0.000483285 0.00043632 0.00038683 0.000315625 0.000267145 0.00024644 0.000195435 0.000178265 0.000150995 0.00098576 
Collision density R:
0.932393 0.808086 0.698781 0.605227 0.524802 0.455105 0.393248 0.341644 0.295242 0.256022 0.221783 0.19262 0.166825 0.14429 0.125136 0.107798 0.0935462 0.0811919 0.0700379 0.0608449 0.0526023 0.0455656 0.0396743 0.0343713 0.0296834 0.0259888 0.022068 0.0192622 0.0167236 0.0146697 0.0126235 0.0108807 0.00942482 0.00821534 0.00717807 0.00608374 0.00536007 0.00470155 0.00397637 0.00336583 0.00292345 0.00257954 0.00223665 0.00194526 0.00173165 0.00146955 0.00129482 0.00110898 0.00093627 0.00086355 0.0053424 
Density Moments:
1.63324 2.25355 6.22161 25.7781 142.454 983.922 8147.52 78515.8 860341 1.05127e+07 
Per-collision Density Moments:
1 0.999515 1.99829 5.99518 24.0144 120.567 729.511 5178.72 42265.8 389834 
0.362463 0.587618 1.62605 6.23679 30.4331 180.038 1251.38 9990.97 90013.7 901546 
0.150365 0.32025 1.0825 4.88749 27.4129 183.185 1417.75 12436.5 121434 1.29893e+06 
0.0656525 0.168492 0.659747 3.36958 20.9997 153.613 1284.62 12039.8 124420 1.39789e+06 
0.0295103 0.0872547 0.383303 2.16251 14.7341 116.969 1055.47 10618.8 117192 1.39856e+06 
0.0135006 0.0446421 0.215855 1.32768 9.80076 83.9722 816.043 8832.63 104819 1.34467e+06 
0.0062376 0.0227269 0.119065 0.784536 6.14994 55.5757 566.892 6421.46 79633.1 1.0668e+06 
0.0029165 0.0115052 0.064551 0.452406 3.7501 35.6674 381.827 4536.74 59105.8 834335 
0.001362 0.00575833 0.0342293 0.2525 2.1916 21.7395 242.037 2986.05 40379.7 592033 
0.0006447 0.00289311 0.0181446 0.140866 1.28561 13.4003 156.48 2015.77 28244.3 424632 
0.000306 0.00144406 0.00958891 0.0790483 0.771622 8.69609 111.087 1581.06 24632.3 412769 
0.0001475 0.000737279 0.00510325 0.043403 0.432353 4.90887 62.3305 871.899 13264.3 216882 
7.11e-05 0.000358871 0.00250048 0.0213568 0.21368 2.44055 31.2532 441.993 6802.14 112229 
3.24e-05 0.000176036 0.00129249 0.0115936 0.120864 1.41662 18.2114 251.795 3685.06 56357.2 
1.5e-05 8.5391e-05 0.000649266 0.00601585 0.0642871 0.761699 9.71529 130.537 1819.59 26037.7 
7.5e-06 4.62561e-05 0.000370843 0.00361586 0.0409574 0.517107 7.03308 100.508 1484.02 22395.3 
3.3e-06 2.03024e-05 0.000154224 0.00140249 0.0150084 0.183691 2.4779 35.6171 532.411 8150.31 
1.8e-06 1.17342e-05 9.79509e-05 0.000987126 0.0114187 0.145476 1.9778 28.0613 409.395 6083.47 
1.2e-06 7.85709e-06 6.90703e-05 0.000699105 0.00767025 0.0889319 1.0746 13.4055 171.424 2234.45 
0 0 0 0 0 0 0 0 0 0 
Per-collision Densities L:
0 0 0 0 0 0 0 0 0 0 0 0 0 0 0 0 0 0 0 0 0 0 0 0 0 0 0 0 0 0 0 0 0 0 0 0 0 0 0 0 0 0 0 0 0 0 0 0 0 0 0 
0.124435 0.102065 0.0839653 0.0688724 0.0563322 0.0464055 0.0382285 0.03126 0.0254838 0.0209434 0.0172134 0.0141168 0.0116165 0.00948087 0.00784871 0.00644784 0.00515504 0.00428947 0.00354611 0.00290779 0.00238966 0.00187507 0.00162257 0.00130745 0.00106505 0.000884255 0.000748915 0.000609535 0.00048076 0.00039794 0.000325725 0.000269165 0.000244925 0.000190385 0.000143925 0.000122715 9.6455e-05 7.7265e-05 4.9995e-05 5.757e-05 5.2015e-05 3.8885e-05 3.3835e-05 3.03e-05 1.919e-05 1.3635e-05 1.515e-05 1.1615e-05 1.111e-05 7.07e-06 3.9895e-05 
0.0308999 0.0298016 0.0281952 0.0264201 0.0239678 0.0218473 0.01959 0.0174377 0.0154863 0.01363 0.0118837 0.010357 0.00903546 0.0078679 0.00685891 0.00583124 0.00507121 0.00426473 0.00374811 0.00317847 0.00271286 0.00228866 0.00198768 0.00172003 0.00139178 0.00118019 0.000999395 0.0008989 0.000735785 0.00062115 0.00053126 0.000444905 0.00036865 0.00032825 0.000248965 0.00022624 0.000188365 0.000170185 0.000138875 0.000110595 8.585e-05 8.0295e-05 6.969e-05 4.8985e-05 5.151e-05 3.737e-05 3.535e-05 2.2725e-05 2.222e-05 1.9695e-05 9.7465e-05 
0.00973337 0.00993285 0.0100924 0.00987528 0.00946572 0.00907031 0.0086451 0.0079891 0.00745128 0.00679326 0.00614787 0.00568277 0.0051005 0.00462833 0.00413393 0.00366984 0.00330422 0.00284972 0.00252601 0.00230129 0.00195839 0.00182154 0.00158772 0.00134936 0.00114938 0.00104232 0.00091304 0.00076154 0.00068781 0.00056762 0.000503485 0.000410565 0.000364105 0.00032219 0.000279265 0.000237855 0.000196445 0.000180285 0.000133825 0.000127765 0.000108575 8.6355e-05 8.484e-05 8.4335e-05 5.656e-05 5.353e-05 3.8885e-05 4.1915e-05 2.323e-05 2.424e-05 0.00015554 
0.00339613 0.00363499 0.00372034 0.00372741 0.00374104 0.00358045 0.00353551 0.00340219 0.00334512 0.00312292 0.00300324 0.00274569 0.00256692 0.00228664 0.0022018 0.00193466 0.00184881 0.00166044 0.00157005 0.00139936 0.00120746 0.00109888 0.00100142 0.000853955 0.000803455 0.000731745 0.000639835 0.00054641 0.000475205 0.000428745 0.00039794 0.00032017 0.000306535 0.000261085 0.00023735 0.000180285 0.000197455 0.00015453 0.00012423 0.000116655 9.8475e-05 9.393e-05 8.3325e-05 6.9185e-05 5.05e-05 5.454e-05 4.0905e-05 2.8785e-05 3.737e-05 2.929e-05 0.000153015 
0.00128674 0.00139431 0.00142966 0.00147006 0.0014746 0.00148773 0.00151197 0.00153672 0.00141501 0.00136401 0.00134431 0.0012726 0.00123473 0.0011206 0.00104081 0.00099485 0.00092213 0.000857995 0.000803455 0.00077568 0.00068781 0.00064337 0.000558025 0.000512575 0.0004545 0.000437835 0.000403495 0.000347945 0.0003232 0.00030401 0.00024947 0.000218665 0.000193415 0.000172205 0.000160085 0.00013635 0.0001414 9.9485e-05 0.00011211 8.8375e-05 7.3225e-05 6.4135e-05 4.9995e-05 5.05e-05 5.05e-05 2.6765e-05 3.939e-05 3.2825e-05 2.3735e-05 2.1715e-05 0.000158065 
0.00049389 0.00055449 0.000561055 0.000587315 0.00056863 0.000632765 0.000578225 0.000624685 0.00058984 0.000593375 0.000545905 0.00056762 0.00053126 0.000516615 0.00048581 0.000464095 0.00046561 0.00042723 0.000418645 0.000397435 0.000361075 0.00032421 0.000290375 0.00028886 0.000260075 0.00023331 0.000217655 0.0002121 0.00019493 0.000170185 0.00016059 0.000138875 0.00012423 0.00012019 0.000102515 8.3325e-05 7.979e-05 7.676e-05 6.464e-05 6.6155e-05 4.444e-05 4.646e-05 4.343e-05 4.141e-05 3.03e-05 3.131e-05 3.3835e-05 1.9695e-05 2.0705e-05 1.717e-05 0.000121705 
0.00020503 0.000228765 0.00021513 0.000236845 0.00024341 0.00025654 0.000259065 0.000260075 0.00024038 0.000257045 0.00025957 0.00026866 0.0002525 0.00024543 0.0002323 0.00022119 0.000221695 0.000209575 0.000191395 0.000181295 0.00016968 0.000148975 0.000159075 0.000150995 0.000141905 0.000123725 0.000123725 9.797e-05 0.000101505 9.4435e-05 7.575e-05 7.07e-05 7.8275e-05 6.4135e-05 6.1105e-05 5.151e-05 5.4035e-05 4.04e-05 3.636e-05 3.3835e-05 3.2825e-05 3.2825e-05 2.525e-05 2.1715e-05 2.525e-05 2.3735e-05 1.414e-05 1.2625e-05 1.616e-05 1.2625e-05 9.999e-05 
7.8275e-05 8.2315e-05 9.2415e-05 9.2415e-05 0.000111605 0.000114635 9.9485e-05 0.00010605 0.000127765 0.000116655 0.00012423 0.00011211 0.000104535 0.00010403 0.000110595 0.00011312 9.191e-05 8.787e-05 8.787e-05 8.989e-05 7.878e-05 8.08e-05 8.6355e-05 7.171e-05 6.666e-05 5.9085e-05 6.06e-05 5.1005e-05 5.7065e-05 4.9995e-05 4.444e-05 4.0905e-05 4.04e-05 3.7875e-05 3.8885e-05 3.0805e-05 2.929e-05 2.7775e-05 2.222e-05 1.919e-05 1.7675e-05 2.0705e-05 1.818e-05 2.02e-05 1.313e-05 1.313e-05 1.2625e-05 9.595e-06 9.595e-06 7.575e-06 6.0095e-05 
4.04e-05 3.2825e-05 3.6865e-05 3.4845e-05 4.848e-05 5.151e-05 4.7975e-05 5.05e-05 5.1005e-05 4.8985e-05 5.2015e-05 5.05e-05 5.353e-05 4.848e-05 5.353e-05 4.343e-05 5.3025e-05 3.838e-05 3.5855e-05 4.4945e-05 3.7875e-05 3.2825e-05 3.7875e-05 3.6865e-05 4.2925e-05 3.131e-05 3.03e-05 3.6865e-05 2.5755e-05 2.424e-05 1.717e-05 2.323e-05 2.121e-05 2.1715e-05 1.717e-05 2.121e-05 1.2625e-05 1.212e-05 1.414e-05 1.212e-05 9.595e-06 8.08e-06 1.4645e-05 8.08e-06 7.575e-06 6.06e-06 6.06e-06 5.555e-06 4.545e-06 6.06e-06 4.343e-05 
1.616e-05 1.8685e-05 1.919e-05 1.919e-05 2.323e-05 2.323e-05 2.2725e-05 2.02e-05 2.424e-05 2.424e-05 2.323e-05 2.02e-05 1.717e-05 2.727e-05 2.222e-05 1.7675e-05 1.717e-05 1.919e-05 1.8685e-05 1.7675e-05 2.3735e-05 2.6765e-05 2.222e-05 1.313e-05 1.1615e-05 1.717e-05 1.313e-05 1.919e-05 8.585e-06 1.111e-05 1.212e-05 1.313e-05 1.111e-05 6.565e-06 8.08e-06 7.575e-06 1.01e-05 6.06e-06 6.565e-06 8.08e-06 6.565e-06 6.565e-06 5.555e-06 4.04e-06 4.04e-06 4.04e-06 4.04e-06 5.555e-06 5.05e-06 2.02e-06 2.121e-05 
8.08e-06 9.09e-06 6.565e-06 6.565e-06 1.0605e-05 6.06e-06 9.09e-06 1.0605e-05 1.212e-05 9.595e-06 1.0605e-05 9.595e-06 8.08e-06 9.09e-06 7.575e-06 1.111e-05 8.585e-06 9.09e-06 1.01e-05 9.595e-06 6.565e-06 1.0605e-05 9.595e-06 8.08e-06 1.01e-05 6.06e-06 5.555e-06 7.575e-06 7.07e-06 8.08e-06 8.08e-06 9.595e-06 5.555e-06 7.07e-06 5.555e-06 6.06e-06 1.01e-05 3.535e-06 4.545e-06 3.535e-06 3.535e-06 3.03e-06 3.535e-06 4.04e-06 2.02e-06 1.01e-06 3.535e-06 3.535e-06 2.02e-06 1.01e-06 1.5655e-05 
3.535e-06 4.04e-06 6.565e-06 3.535e-06 3.535e-06 5.555e-06 4.545e-06 4.04e-06 5.05e-06 7.07e-06 4.04e-06 3.535e-06 4.04e-06 6.565e-06 2.525e-06 6.06e-06 4.04e-06 3.03e-06 6.06e-06 3.03e-06 4.04e-06 4.545e-06 7.07e-06 4.04e-06 5.555e-06 5.05e-07 5.05e-06 5.555e-06 4.545e-06 3.535e-06 6.06e-06 4.04e-06 1.515e-06 5.05e-07 3.03e-06 1.01e-06 1.515e-06 3.535e-06 2.525e-06 2.02e-06 1.01e-06 5.05e-07 1.01e-06 1.01e-06 2.02e-06 1.01e-06 1.515e-06 1.01e-06 1.01e-06 1.515e-06 1.01e-05 
5.05e-07 1.01e-06 1.01e-06 1.01e-06 1.01e-06 2.525e-06 1.01e-06 2.02e-06 2.02e-06 2.525e-06 1.515e-06 2.02e-06 1.515e-06 1.01e-06 1.515e-06 4.04e-06 3.03e-06 2.02e-06 1.01e-06 4.04e-06 2.02e-06 3.03e-06 3.03e-06 3.03e-06 5.05e-07 1.515e-06 5.05e-07 1.515e-06 2.525e-06 5.05e-07 1.515e-06 5.05e-07 5.05e-07 1.01e-06 1.01e-06 1.01e-06 2.525e-06 0 5.05e-07 1.515e-06 1.01e-06 1.01e-06 1.515e-06 1.515e-06 5.05e-07 1.01e-06 1.01e-06 0 1.515e-06 1.01e-06 2.525e-06 
0 0 1.515e-06 5.05e-07 1.01e-06 0 0 5.05e-07 0 1.515e-06 5.05e-07 5.05e-07 1.515e-06 5.05e-07 1.01e-06 3.03e-06 1.01e-06 5.05e-07 5.05e-07 5.05e-07 2.02e-06 2.02e-06 1.01e-06 0 2.02e-06 1.515e-06 1.515e-06 0 1.01e-06 0 1.01e-06 2.525e-06 1.01e-06 5.05e-07 0 0 5.05e-07 1.01e-06 5.05e-07 5.05e-07 0 0 0 5.05e-07 1.01e-06 0 0 0 0 0 3.03e-06 
0 5.05e-07 5.05e-07 0 0 0 0 0 0 2.02e-06 1.01e-06 0 0 0 0 5.05e-07 1.01e-06 5.05e-07 5.05e-07 0 5.05e-07 2.02e-06 1.01e-06 0 1.01e-06 1.515e-06 0 0 0 0 1.01e-06 0 0 0 5.05e-07 0 5.05e-07 1.01e-06 0 0 0 5.05e-07 1.01e-06 5.05e-07 0 0 0 0 0 0 2.525e-06 
0 0 0 0 0 5.05e-07 0 0 0 5.05e-07 0 5.05e-07 0 0 0 0 5.05e-07 0 5.05e-07 0 5.05e-07 5.05e-07 0 0 0 0 5.05e-07 1.01e-06 5.05e-07 0 0 0 5.05e-07 0 0 0 0 1.01e-06 0 0 5.05e-07 0 5.05e-07 0 5.05e-07 0 0 0 0 0 0 
0 0 0 0 0 0 0 0 0 5.05e-07 0 0 0 0 0 0 0 0 0 0 0 0 0 0 0 5.05e-07 0 0 5.05e-07 0 0 0 0 0 0 5.05e-07 0 0 0 0 0 0 0 0 0 0 0 0 0 0 1.01e-06 
0 0 0 0 0 0 0 1.01e-06 0 0 0 0 5.05e-07 0 0 0 0 5.05e-07 0 0 0 0 0 0 0 0 0 0 0 0 0 0 0 0 0 0 0 0 0 0 0 0 0 0 0 0 0 0 0 0 5.05e-07 
0 0 0 0 0 0 0 0 0 0 0 0 0 0 0 0 0 0 0 0 0 0 0 0 0 0 0 0 0 0 0 0 0 0 0 0 0 0 0 0 0 0 0 0 0 0 0 0 0 0 0 
Per-collision Densities L:
0.90802 0.745194 0.61002 0.500241 0.410749 0.337278 0.275869 0.227062 0.186098 0.152757 0.125184 0.103108 0.0844815 0.06888 0.056813 0.0462141 0.0382144 0.0312161 0.0254929 0.0210615 0.0172599 0.014144 0.0116201 0.00951269 0.00779316 0.00646703 0.00520908 0.00431018 0.0035855 0.00288961 0.00239572 0.00198314 0.00159075 0.00130139 0.00111959 0.00083527 0.0007272 0.00059287 0.000477225 0.00036764 0.00033128 0.00026058 0.00022321 0.000191395 0.000148975 0.00012928 0.00010706 7.676e-05 6.565e-05 6.868e-05 0.000261085 
0.0195218 0.0491789 0.0676675 0.0777448 0.0821014 0.0825251 0.0799011 0.075695 0.070092 0.0645713 0.0586275 0.0526659 0.0468761 0.0416605 0.0367322 0.0318711 0.0279497 0.0244051 0.0210984 0.0183002 0.0157242 0.0134886 0.0117044 0.0100101 0.00849107 0.0073831 0.00611202 0.00530149 0.00445309 0.00391173 0.00327846 0.00267196 0.00235128 0.00202202 0.00167105 0.00137865 0.00122715 0.00102818 0.00083325 0.00068377 0.000570145 0.00051308 0.000437835 0.00034239 0.000307545 0.0002121 0.000214625 0.00016867 0.00014746 0.00013231 0.00063731 
0.00355066 0.00998638 0.0150732 0.0192637 0.0220922 0.0238759 0.0249672 0.0253591 0.0250995 0.0242895 0.0234815 0.0221958 0.0210014 0.0195162 0.0180179 0.016515 0.0149142 0.0136946 0.012224 0.0108661 0.00965005 0.00873499 0.00779064 0.00687002 0.00608172 0.00538583 0.00465156 0.00413999 0.0036153 0.00317898 0.00270529 0.002373 0.0020806 0.00182204 0.00156752 0.00134633 0.00113272 0.00101303 0.00085749 0.000724675 0.00062923 0.000532775 0.00044743 0.00039895 0.000375215 0.00029492 0.000248965 0.00022018 0.000178265 0.000165135 0.00090799 
0.0008888 0.00254874 0.0039693 0.00529998 0.00647057 0.00748764 0.00801688 0.00866833 0.00873044 0.0089183 0.00889507 0.00880872 0.00859662 0.00835725 0.0077664 0.00754369 0.00702556 0.00654783 0.00611858 0.00565348 0.00519847 0.00477225 0.00432179 0.0039895 0.00354864 0.00323958 0.00293254 0.00259166 0.00229775 0.00212454 0.0018786 0.00168115 0.00143572 0.00129533 0.00115746 0.00101152 0.000920615 0.000818605 0.00067367 0.000600445 0.00051409 0.000476215 0.00039794 0.000362085 0.00030401 0.00027068 0.00023533 0.000207555 0.000159075 0.000156045 0.000914555 
0.000262095 0.000763055 0.00127513 0.00168721 0.00212201 0.00248662 0.00282144 0.00300829 0.00315322 0.00334462 0.00338855 0.00351228 0.00346127 0.00341481 0.00341582 0.00325927 0.00307798 0.00294819 0.00285174 0.00270731 0.0025553 0.00237098 0.00228816 0.00206141 0.00191799 0.00175841 0.00157409 0.00143067 0.00135189 0.00121352 0.00110494 0.00103323 0.000916575 0.000780225 0.00074437 0.000673165 0.0005757 0.000526715 0.00046864 0.00042016 0.00036562 0.00030603 0.000294415 0.00023937 0.00023028 0.000208565 0.00018483 0.00014443 0.00012221 0.000130795 0.00082719 
9.2415e-05 0.000253005 0.00048177 0.000607515 0.000764065 0.00088173 0.00098576 0.00111353 0.00122816 0.00126907 0.00130745 0.0013832 0.00139481 0.00144834 0.00134482 0.00136047 0.00134431 0.0013226 0.001262 0.00122412 0.00120746 0.00111302 0.00103323 0.00102818 0.000965055 0.00090597 0.00079588 0.0007676 0.000712555 0.00066357 0.00062519 0.00054944 0.000493385 0.000488335 0.00043834 0.00038784 0.00034138 0.00032926 0.000299465 0.000257045 0.00021917 0.000195435 0.00017776 0.000176245 0.00015655 0.000146955 0.00012827 0.00012625 0.00010302 7.9285e-05 0.000624685 
3.6865e-05 0.000104535 0.00016968 0.00023432 0.000293405 0.0003333 0.000419655 0.0004343 0.00050096 0.000500455 0.00051914 0.00055348 0.000599435 0.000589335 0.000608525 0.000568125 0.000566105 0.00058782 0.00056156 0.00057873 0.000570145 0.00049692 0.00048682 0.00048985 0.000449955 0.00045551 0.0004242 0.000372185 0.000359055 0.000354005 0.000323705 0.0002828 0.000272195 0.000235835 0.000230785 0.0002121 0.000211595 0.000186345 0.00017069 0.000147965 0.00013332 0.00013736 0.000114635 0.00011009 8.282e-05 8.9385e-05 7.2215e-05 7.272e-05 7.171e-05 5.8075e-05 0.00044036 
1.515e-05 3.0805e-05 7.272e-05 8.4335e-05 0.00013029 0.000139885 0.00016261 0.00017069 0.000205535 0.000204525 0.000218665 0.000223715 0.00022725 0.00025856 0.0002525 0.000265125 0.000246945 0.000261085 0.00023432 0.000253005 0.00023432 0.00024745 0.000244925 0.000219675 0.000239875 0.00021008 0.0001919 0.000186345 0.00018483 0.00016968 0.00015756 0.00014443 0.000142915 0.000141905 0.000123725 0.000118675 0.000109585 9.9485e-05 8.9385e-05 7.8275e-05 7.9285e-05 7.979e-05 7.474e-05 6.161e-05 5.959e-05 5.353e-05 3.939e-05 3.636e-05 4.4945e-05 2.929e-05 0.00029593 
3.535e-06 9.595e-06 3.0805e-05 4.1915e-05 4.949e-05 5.9085e-05 6.161e-05 7.575e-05 7.6255e-05 9.09e-05 8.8375e-05 0.000104535 9.9485e-05 8.8375e-05 0.00010302 0.00011413 0.00012019 0.00011918 0.00010403 0.00011615 0.00010302 0.000109585 0.000106555 0.000101505 0.000103525 9.999e-05 9.191e-05 9.3425e-05 8.7365e-05 8.3325e-05 7.8275e-05 8.383e-05 7.171e-05 6.464e-05 6.262e-05 6.06e-05 5.7065e-05 4.9995e-05 5.05e-05 3.838e-05 3.636e-05 3.8885e-05 3.5855e-05 2.828e-05 3.232e-05 3.3835e-05 2.8785e-05 2.222e-05 1.7675e-05 1.818e-05 0.000187355 
5.05e-07 8.08e-06 1.313e-05 1.2625e-05 1.7675e-05 2.02e-05 2.121e-05 3.333e-05 3.333e-05 4.747e-05 4.646e-05 3.0805e-05 5.4035e-05 4.2925e-05 4.747e-05 4.646e-05 4.848e-05 5.4035e-05 4.7975e-05 4.141e-05 5.555e-05 4.5955e-05 4.343e-05 4.848e-05 4.7975e-05 4.545e-05 4.444e-05 4.2925e-05 3.6865e-05 4.2925e-05 3.9895e-05 4.0905e-05 3.3835e-05 3.434e-05 2.9795e-05 3.1815e-05 2.7775e-05 3.1815e-05 2.8785e-05 2.6765e-05 1.919e-05 1.5655e-05 1.4645e-05 1.6665e-05 1.3635e-05 1.01e-05 1.717e-05 2.222e-05 1.212e-05 1.4645e-05 0.00010605 
0 6.06e-06 5.555e-06 7.07e-06 6.565e-06 9.595e-06 1.1615e-05 1.414e-05 1.313e-05 1.4645e-05 1.515e-05 1.8685e-05 2.1715e-05 1.6665e-05 1.9695e-05 2.222e-05 2.02e-05 1.919e-05 2.0705e-05 2.5755e-05 2.525e-05 2.222e-05 1.515e-05 2.626e-05 2.222e-05 1.6665e-05 1.5655e-05 1.4645e-05 1.9695e-05 2.1715e-05 2.02e-05 2.222e-05 1.7675e-05 1.3635e-05 1.8685e-05 1.8685e-05 1.6665e-05 1.515e-05 1.4645e-05 1.1615e-05 1.6665e-05 1.313e-05 5.555e-06 7.575e-06 9.595e-06 7.575e-06 8.585e-06 6.565e-06 6.565e-06 4.545e-06 6.565e-05 
1.01e-06 1.01e-06 2.02e-06 1.01e-06 2.525e-06 6.06e-06 5.555e-06 6.565e-06 8.08e-06 7.07e-06 7.07e-06 7.07e-06 6.06e-06 1.0605e-05 1.01e-05 1.1615e-05 1.1615e-05 1.0605e-05 9.09e-06 9.09e-06 1.0605e-05 9.595e-06 1.01e-05 6.565e-06 9.09e-06 9.595e-06 1.2625e-05 6.565e-06 1.0605e-05 8.08e-06 8.08e-06 8.08e-06 9.595e-06 1.01e-05 4.545e-06 5.05e-06 6.06e-06 5.05e-06 6.06e-06 4.545e-06 6.565e-06 4.545e-06 7.07e-06 4.04e-06 5.05e-06 6.565e-06 3.535e-06 3.535e-06 4.04e-06 4.04e-06 3.3835e-05 
0 2.02e-06 0 1.01e-06 1.01e-06 1.01e-06 2.525e-06 1.515e-06 3.03e-06 4.04e-06 5.05e-07 4.04e-06 2.525e-06 5.05e-06 2.525e-06 4.04e-06 3.535e-06 3.03e-06 7.07e-06 4.545e-06 5.05e-06 6.06e-06 4.545e-06 3.535e-06 7.575e-06 7.07e-06 6.06e-06 3.03e-06 4.04e-06 5.05e-06 3.535e-06 3.535e-06 4.545e-06 1.01e-06 4.04e-06 2.02e-06 4.04e-06 4.04e-06 3.535e-06 3.03e-06 1.515e-06 1.515e-06 3.03e-06 3.535e-06 1.515e-06 3.03e-06 3.535e-06 0 1.515e-06 1.515e-06 1.7675e-05 
0 5.05e-07 5.05e-07 0 2.02e-06 1.01e-06 1.515e-06 1.01e-06 0 5.05e-07 2.02e-06 1.01e-06 1.01e-06 1.01e-06 1.01e-06 1.515e-06 1.01e-06 2.02e-06 4.545e-06 2.525e-06 1.515e-06 2.02e-06 3.535e-06 2.525e-06 4.04e-06 1.01e-06 3.535e-06 1.515e-06 2.02e-06 1.01e-06 2.02e-06 1.515e-06 1.515e-06 2.525e-06 2.525e-06 1.515e-06 2.02e-06 1.01e-06 1.515e-06 1.01e-06 0 1.515e-06 1.01e-06 1.01e-06 2.02e-06 1.01e-06 0 5.05e-07 1.01e-06 5.05e-07 1.313e-05 
0 0 0 0 0 0 0 1.01e-06 0 2.02e-06 1.01e-06 5.05e-07 1.515e-06 0 1.01e-06 1.515e-06 1.515e-06 0 0 0 1.01e-06 5.05e-07 5.05e-07 0 5.05e-07 2.02e-06 1.01e-06 0 2.02e-06 5.05e-07 1.01e-06 5.05e-07 1.01e-06 1.01e-06 1.515e-06 0 0 0 1.01e-06 0 1.01e-06 2.02e-06 5.05e-07 5.05e-07 1.01e-06 1.01e-06 1.515e-06 5.05e-07 0 5.05e-07 5.05e-06 
0 0 0 0 0 0 0 0 0 0 5.05e-07 5.05e-07 0 0 0 0 5.05e-07 5.05e-07 5.05e-07 0 5.05e-07 5.05e-07 5.05e-07 5.05e-07 0 0 1.01e-06 0 1.01e-06 1.01e-06 5.05e-07 1.01e-06 1.01e-06 1.01e-06 5.05e-07 0 0 0 5.05e-07 0 0 5.05e-07 0 5.05e-07 0 5.05e-07 1.01e-06 5.05e-07 5.05e-07 0 2.02e-06 
0 0 0 0 0 0 0 0 0 0 0 5.05e-07 0 0 0 0 0 0 0 0 0 1.01e-06 0 0 5.05e-07 1.01e-06 0 0 0 0 5.05e-07 0 5.05e-07 0 5.05e-07 5.05e-07 0 0 0 5.05e-07 0 5.05e-07 0 1.01e-06 0 0 0 0 0 0 1.01e-06 
0 0 0 0 0 0 0 0 0 0 0 5.05e-07 0 5.05e-07 0 0 0 0 5.05e-07 5.05e-07 0 0 0 5.05e-07 5.05e-07 0 0 0 0 5.05e-07 0 0 0 0 5.05e-07 0 0 0 0 0 0 0 5.05e-07 0 1.515e-06 0 0 0 0 0 0 
0 0 0 0 0 0 0 0 0 0 0 0 0 0 0 0 0 0 0 0 0 0 0 0 0 5.05e-07 5.05e-07 0 0 0 0 0 0 0 0 0 5.05e-07 0 0 0 0 0 5.05e-07 0 0 5.05e-07 0 0 0 0 1.01e-06 
0 0 0 0 0 0 0 0 0 0 0 0 0 0 0 0 0 0 0 0 0 0 0 0 0 0 0 0 0 0 0 0 0 0 0 0 0 0 0 0 0 0 0 0 0 0 0 0 0 0 0 
