Half rod, albedo problem, Anisotropic scattering, exponential random flight, mu_t: 1 g: -0.5
Analogmu_t c: 0.7 maxx: 10 dx: 0.19802 numsamples: 10000000 numCollisionOrders: 20 numMoments: 10
total albedo: 0.359107
per-collision order albedos: 
0 0.262311 0.0459611 0.0262104 0.010858 0.0060946 0.0031786 0.0018469 0.0010471 0.0006186 0.0003804 0.0002293 0.000136 7.97e-05 5.88e-05 3.38e-05 2.32e-05 1.32e-05 8.3e-06 7.3e-06 
Collision density L:
0.337444 0.297727 0.262155 0.231429 0.203668 0.179656 0.158776 0.140007 0.12289 0.108386 0.0957187 0.084335 0.0746193 0.0654132 0.0577215 0.0508424 0.0450051 0.0398349 0.0347511 0.0307954 0.0273377 0.0236749 0.0208201 0.0186567 0.0164054 0.0145026 0.0128023 0.0112888 0.00984144 0.00889659 0.00771135 0.00678619 0.0059085 0.00535603 0.00469095 0.00406374 0.0036158 0.00318049 0.00278508 0.00245026 0.00213211 0.00189123 0.00168973 0.00153116 0.00132108 0.00117211 0.00103626 0.000923645 0.00075346 0.00069084 0.00515959 
Collision density R:
0.939832 0.828914 0.729142 0.644186 0.567411 0.500292 0.440942 0.389089 0.343257 0.302314 0.266899 0.235029 0.206845 0.182232 0.160519 0.141622 0.124722 0.110481 0.0973766 0.0855465 0.0754005 0.0665625 0.0585512 0.0519817 0.0457909 0.0403086 0.0352859 0.031364 0.0276331 0.0243213 0.0215327 0.0189117 0.0167185 0.014741 0.013032 0.0115347 0.0101141 0.00887285 0.00778306 0.00684326 0.00607364 0.00524998 0.00469196 0.00413141 0.00361934 0.0033022 0.00291082 0.00256389 0.00220837 0.0019387 0.014442 
Density Moments:
2.13571 3.35537 10.5409 49.6304 310.982 2427.32 22604.9 243470 2.96085e+06 3.98754e+07 
Per-collision Density Moments:
1 1.00001 1.99968 5.99447 23.9287 119.115 708.924 4899.17 38500 338971 
0.437532 0.612381 1.57426 5.76908 27.2335 156.652 1059.97 8235.98 72228.7 705719 
0.26034 0.505401 1.56218 6.52326 34.157 214.515 1567.7 13037.5 121249 1.24319e+06 
0.156075 0.353122 1.24571 5.8244 33.6572 231.004 1836.18 16618.1 169139 1.91599e+06 
0.0983685 0.25835 1.0163 5.20113 32.5477 240.188 2040.24 19600.2 210048 2.48218e+06 
0.0627739 0.182953 0.787081 4.35577 29.2029 229.06 2054.38 20737.6 233071 2.89619e+06 
0.0407198 0.130411 0.605137 3.57063 25.3 208.207 1946.97 20376.9 236174 3.00857e+06 
0.0266739 0.0922408 0.456897 2.85669 21.3273 184.07 1797.62 19565.5 234692 3.07614e+06 
0.0176545 0.0653954 0.343455 2.26093 17.6684 158.763 1606.31 18038.9 222678 3.00204e+06 
0.0116959 0.0460582 0.255491 1.7706 14.5373 136.974 1448.47 16899.9 214582 2.9315e+06 
0.0077902 0.0324527 0.188993 1.36827 11.6935 114.471 1257.96 15288.3 203029 2.91609e+06 
0.0052218 0.0227992 0.138404 1.04189 9.24012 93.6592 1062.36 13265.2 179868 2.61809e+06 
0.0035093 0.0160582 0.101748 0.796807 7.32276 76.5221 889.183 11290.7 154428 2.24766e+06 
0.0023658 0.0112192 0.0734813 0.59427 5.63934 60.8931 732.435 9656.89 137765 2.10361e+06 
0.0016058 0.00792728 0.0536739 0.445502 4.30506 46.924 564.407 7371.3 103231 1.53468e+06 
0.0010859 0.00555975 0.0387709 0.330037 3.25782 36.1136 439.565 5777.75 80981.9 1.1985e+06 
0.0007308 0.00386585 0.0276438 0.240724 2.42235 27.218 333.207 4364.49 60343 871693 
0.0004978 0.00273792 0.0204122 0.185577 1.95842 23.2651 304.56 4324.85 65797.6 1.06136e+06 
0.0003389 0.00193414 0.0148043 0.137029 1.46474 17.5994 233.477 3375.2 52593 874322 
0 0 0 0 0 0 0 0 0 0 
Per-collision Densities L:
0 0 0 0 0 0 0 0 0 0 0 0 0 0 0 0 0 0 0 0 0 0 0 0 0 0 0 0 0 0 0 0 0 0 0 0 0 0 0 0 0 0 0 0 0 0 0 0 0 0 0 
0.238253 0.19538 0.160094 0.13178 0.107712 0.0883033 0.0726503 0.0595294 0.0488234 0.0400793 0.0328639 0.0268993 0.0221882 0.0181684 0.0150707 0.0121422 0.0100025 0.00830574 0.00668216 0.0055954 0.00455308 0.00368347 0.00304919 0.00253611 0.00209272 0.00166549 0.00134633 0.00119433 0.00092112 0.0007878 0.000602465 0.000514595 0.000404505 0.00035148 0.000274215 0.00024341 0.000197455 0.00014645 0.000128775 9.7465e-05 8.989e-05 6.161e-05 5.858e-05 5.05e-05 4.2925e-05 3.232e-05 3.131e-05 2.727e-05 1.6665e-05 1.5655e-05 5.959e-05 
0.0455732 0.0441653 0.041666 0.0387896 0.0354308 0.0324569 0.0291006 0.0260449 0.0227099 0.0202343 0.0176513 0.0154969 0.0134184 0.0116428 0.0101051 0.00868247 0.00742603 0.00642158 0.00549541 0.00467681 0.00407131 0.00342289 0.00284467 0.00252551 0.00214221 0.00175286 0.00149531 0.00131048 0.00107313 0.000912535 0.00076053 0.000639835 0.000525705 0.00046561 0.00037976 0.00031916 0.00026765 0.0002525 0.000200485 0.00015857 0.00014342 0.00012423 9.7465e-05 8.585e-05 6.3125e-05 5.757e-05 4.8985e-05 4.1915e-05 3.434e-05 3.2825e-05 0.000137865 
0.0275225 0.0296167 0.029793 0.0292688 0.0283689 0.0266297 0.0248223 0.0229593 0.0207454 0.0186491 0.017023 0.0152187 0.0135431 0.0118902 0.0105136 0.00920918 0.00814565 0.00720231 0.00620494 0.00546309 0.00477175 0.00403546 0.00342289 0.00301233 0.00263004 0.00227452 0.00195688 0.0016357 0.0014337 0.00125644 0.00106353 0.00087264 0.00076962 0.000614585 0.000586305 0.000485305 0.00039289 0.000337845 0.000284315 0.00022927 0.00020806 0.00017776 0.000145945 0.000132815 9.5445e-05 9.595e-05 8.0295e-05 6.262e-05 5.656e-05 5.7065e-05 0.00025856 
0.011314 0.0124185 0.0130603 0.0131613 0.0131285 0.012831 0.0125159 0.012023 0.0112691 0.0105075 0.00981619 0.00922383 0.0084936 0.00768509 0.0069079 0.0063322 0.00577569 0.00518585 0.00464802 0.00409707 0.00370721 0.00319413 0.00284214 0.00258308 0.00224119 0.00203818 0.00181043 0.00149884 0.00131957 0.00116605 0.00098576 0.00090496 0.000755985 0.000688315 0.0005858 0.000485305 0.00045349 0.000366125 0.000332795 0.000284315 0.00021816 0.00020705 0.000175235 0.000132815 0.000126755 0.000110595 9.797e-05 7.575e-05 6.4135e-05 6.6155e-05 0.00034441 
0.00654682 0.00711899 0.00757197 0.00791386 0.0079684 0.0080997 0.00797951 0.00780124 0.0075139 0.00729372 0.00695183 0.006363 0.00607061 0.0056358 0.00513939 0.00488184 0.00445562 0.00407535 0.00358954 0.00330523 0.0030396 0.00272195 0.00245127 0.00211696 0.00190537 0.00175892 0.00152359 0.00136047 0.00119483 0.00108727 0.00100394 0.00079891 0.00069589 0.00066862 0.000567115 0.0005151 0.000431775 0.000387335 0.000332795 0.00028078 0.000234825 0.000207555 0.00018887 0.000178265 0.000163115 0.000126755 9.393e-05 9.5445e-05 7.171e-05 8.0295e-05 0.000443895 
0.003434 0.00366226 0.00408949 0.00423544 0.00442986 0.00455005 0.00461368 0.00447481 0.00436371 0.00428947 0.00414454 0.0040395 0.0038678 0.00360924 0.00340724 0.00323453 0.0029997 0.0027472 0.0025043 0.00239118 0.00217605 0.00196294 0.00176296 0.00169125 0.00147511 0.00134633 0.00124735 0.00111908 0.000999395 0.00090092 0.00078073 0.000733765 0.00063024 0.000572165 0.00049793 0.000440865 0.00038279 0.000349965 0.000299465 0.000284315 0.00023028 0.000198465 0.000198465 0.0001515 0.000138875 0.00013938 0.000105545 9.09e-05 8.1305e-05 6.161e-05 0.00046763 
0.00195839 0.00216292 0.00232704 0.00245683 0.00268711 0.00271185 0.00278407 0.00273508 0.00280124 0.00278255 0.00269216 0.00259419 0.00249975 0.00238461 0.00226998 0.00220332 0.00207353 0.00195132 0.00183012 0.00174427 0.00157257 0.00141552 0.00135138 0.00124937 0.00113171 0.00104384 0.00096051 0.000909505 0.00080901 0.000743865 0.00066963 0.000595395 0.000534795 0.00048581 0.000425715 0.00038784 0.00034138 0.000288355 0.00029391 0.000227755 0.000184325 0.000191395 0.000161095 0.00015756 0.0001414 0.00011211 0.000111605 9.2415e-05 8.1305e-05 6.767e-05 0.00050096 
0.00114736 0.0012827 0.0013938 0.0014842 0.00150692 0.00156752 0.00167408 0.00167206 0.00172003 0.00167357 0.0016766 0.00161247 0.00161499 0.00155591 0.00147561 0.00141501 0.00138825 0.00131755 0.0012726 0.00116807 0.00108777 0.00100849 0.000985255 0.00090193 0.000845875 0.000792345 0.000713565 0.00067064 0.00057267 0.00056762 0.000504495 0.00048581 0.000425715 0.00036865 0.00033027 0.000303505 0.00028381 0.000262095 0.00021715 0.000193415 0.000200485 0.000156045 0.000140895 0.0001414 0.0001111 0.0001111 0.000101505 8.7365e-05 6.7165e-05 6.2115e-05 0.00044642 
0.000677205 0.00074235 0.00082416 0.00092819 0.00093526 0.000975155 0.000977175 0.00104131 0.00108979 0.00106707 0.00105293 0.0010499 0.00104939 0.000981215 0.00100192 0.00091607 0.00094637 0.000905465 0.000822645 0.000742855 0.000805475 0.00073831 0.000668115 0.00061913 0.00058277 0.00056459 0.000525705 0.00047167 0.00043329 0.000423695 0.000380265 0.000338855 0.00032017 0.00031007 0.00025755 0.00024745 0.00021513 0.000209575 0.000187355 0.00016867 0.000145945 0.00013837 0.000126755 0.000112615 9.9485e-05 8.3325e-05 8.282e-05 7.878e-05 5.252e-05 4.747e-05 0.000409555 
0.00039289 0.00045652 0.000481265 0.00054338 0.00057166 0.00058075 0.000612565 0.000625695 0.000657005 0.00066458 0.00067165 0.000618625 0.000645895 0.00063832 0.00065448 0.00064337 0.0006161 0.000589335 0.000556005 0.000524695 0.000522675 0.000459045 0.000452985 0.000445915 0.00041713 0.00039996 0.000367135 0.000340875 0.000317645 0.000311585 0.00028381 0.000264115 0.00023533 0.00024543 0.000213615 0.00018584 0.00017473 0.000152005 0.000135845 0.00012928 0.000124735 0.000104535 9.393e-05 9.0395e-05 7.3225e-05 7.474e-05 7.2215e-05 5.959e-05 5.151e-05 4.141e-05 0.00039895 
0.00022523 0.00025957 0.000309565 0.00031815 0.000356025 0.000374205 0.000383295 0.00039794 0.000437835 0.000403495 0.00043531 0.00043935 0.00045753 0.00042218 0.00038885 0.000422685 0.000384305 0.000385315 0.000380265 0.000354005 0.0003333 0.00032825 0.00030704 0.000301485 0.00030401 0.00027169 0.00027068 0.000241895 0.000235835 0.000226745 0.000199475 0.000177255 0.000184325 0.000154025 0.000159075 0.000113625 0.00012827 0.000118675 8.9385e-05 0.000103525 9.898e-05 8.4335e-05 8.686e-05 7.3225e-05 6.6155e-05 5.757e-05 4.747e-05 4.949e-05 4.4945e-05 3.6865e-05 0.00033431 
0.00014241 0.000175235 0.000206545 0.00020604 0.00021008 0.000215635 0.00024038 0.00025452 0.00027674 0.000273205 0.000262095 0.00028078 0.000274215 0.000283305 0.00026462 0.000250985 0.000278255 0.00025856 0.000264115 0.00025149 0.000221695 0.000244925 0.00020402 0.00021008 0.000203515 0.00018382 0.0001818 0.0001717 0.00015049 0.000147965 0.00013837 0.0001313 0.00012221 0.00012423 0.000125745 8.4335e-05 0.00010807 8.282e-05 7.6255e-05 8.181e-05 7.272e-05 6.565e-05 5.4035e-05 4.949e-05 5.8075e-05 4.5955e-05 4.9995e-05 3.03e-05 3.3835e-05 3.3835e-05 0.000290375 
9.2415e-05 0.000104535 0.000120695 0.00013231 0.000136855 0.0001212 0.000166145 0.00015756 0.000169175 0.000175235 0.000170185 0.000175235 0.000191395 0.00018988 0.00017776 0.000179275 0.00016968 0.00016463 0.00016564 0.0001717 0.00015251 0.000143925 0.000156045 0.000148975 0.000129785 0.000133825 0.00011918 9.898e-05 0.00012221 0.000115645 9.494e-05 0.00010302 0.000101505 9.6455e-05 8.2315e-05 7.575e-05 6.06e-05 6.6155e-05 5.05e-05 6.363e-05 4.646e-05 5.1005e-05 4.4945e-05 3.9895e-05 3.838e-05 3.4845e-05 2.5755e-05 4.2925e-05 1.919e-05 1.818e-05 0.00023634 
6.6155e-05 7.3225e-05 8.282e-05 7.3225e-05 8.585e-05 9.6455e-05 8.5345e-05 0.000104535 0.000118675 0.000101 0.000111605 0.00010706 0.000110595 0.00011817 0.00012524 0.00011817 0.000107565 0.000113625 0.000121705 9.6455e-05 9.595e-05 0.000101 0.00010908 0.000102515 0.000107565 8.1305e-05 9.999e-05 7.3225e-05 9.09e-05 7.272e-05 7.979e-05 6.9185e-05 6.3125e-05 6.06e-05 5.9085e-05 4.04e-05 5.3025e-05 4.545e-05 3.838e-05 4.545e-05 3.5855e-05 3.7875e-05 2.6765e-05 3.3835e-05 2.727e-05 2.525e-05 2.3735e-05 2.4745e-05 1.717e-05 2.121e-05 0.00019089 
3.535e-05 4.1915e-05 5.1005e-05 4.444e-05 5.151e-05 5.2015e-05 5.7065e-05 7.4235e-05 6.9185e-05 6.4135e-05 5.8075e-05 7.7265e-05 7.5245e-05 7.575e-05 8.08e-05 6.9185e-05 8.3325e-05 7.373e-05 6.969e-05 6.666e-05 7.1205e-05 5.959e-05 6.767e-05 7.0195e-05 6.767e-05 5.05e-05 6.565e-05 6.161e-05 4.747e-05 5.959e-05 4.6965e-05 5.151e-05 4.1915e-05 4.4945e-05 4.848e-05 3.6865e-05 3.636e-05 3.737e-05 3.2825e-05 2.828e-05 2.727e-05 1.919e-05 2.222e-05 2.6765e-05 2.424e-05 2.121e-05 2.0705e-05 2.02e-05 1.818e-05 1.111e-05 0.00015049 
2.02e-05 2.121e-05 3.0805e-05 3.333e-05 3.4845e-05 3.131e-05 3.8885e-05 4.5955e-05 4.3935e-05 4.6965e-05 4.848e-05 3.9895e-05 4.5955e-05 4.6965e-05 5.3025e-05 5.6055e-05 5.6055e-05 4.949e-05 4.545e-05 4.949e-05 5.555e-05 5.2015e-05 4.8985e-05 3.9895e-05 4.242e-05 5.1005e-05 3.6865e-05 4.6965e-05 3.4845e-05 3.636e-05 3.636e-05 3.6865e-05 2.8785e-05 3.03e-05 3.03e-05 2.525e-05 2.4745e-05 2.2725e-05 2.727e-05 2.02e-05 2.0705e-05 1.4645e-05 2.222e-05 1.818e-05 1.515e-05 9.09e-06 9.09e-06 1.0605e-05 9.09e-06 1.313e-05 0.000116655 
1.717e-05 1.515e-05 1.818e-05 2.3735e-05 2.02e-05 2.1715e-05 2.828e-05 1.717e-05 2.9795e-05 2.323e-05 3.03e-05 3.838e-05 2.323e-05 3.2825e-05 3.0805e-05 3.535e-05 3.2825e-05 3.131e-05 3.6865e-05 3.535e-05 2.8785e-05 2.828e-05 2.727e-05 2.9795e-05 2.828e-05 2.8785e-05 2.9795e-05 2.222e-05 2.3735e-05 2.3735e-05 2.323e-05 1.919e-05 2.222e-05 2.3735e-05 1.818e-05 2.2725e-05 1.818e-05 1.414e-05 1.9695e-05 1.414e-05 1.4645e-05 1.515e-05 1.0605e-05 1.4645e-05 9.595e-06 6.565e-06 8.585e-06 5.555e-06 7.575e-06 6.06e-06 9.797e-05 
7.575e-06 1.111e-05 1.1615e-05 1.6665e-05 1.0605e-05 1.1615e-05 1.6665e-05 1.7675e-05 1.818e-05 2.0705e-05 2.0705e-05 1.919e-05 2.2725e-05 1.616e-05 2.222e-05 1.313e-05 1.8685e-05 1.8685e-05 1.9695e-05 2.121e-05 1.9695e-05 2.2725e-05 2.9795e-05 2.3735e-05 1.818e-05 2.2725e-05 1.818e-05 1.8685e-05 1.818e-05 1.717e-05 2.222e-05 1.515e-05 1.8685e-05 1.414e-05 1.212e-05 2.2725e-05 1.414e-05 1.0605e-05 1.1615e-05 1.414e-05 1.3635e-05 7.575e-06 1.212e-05 1.0605e-05 7.07e-06 1.0605e-05 7.575e-06 6.565e-06 5.555e-06 4.545e-06 7.373e-05 
0 0 0 0 0 0 0 0 0 0 0 0 0 0 0 0 0 0 0 0 0 0 0 0 0 0 0 0 0 0 0 0 0 0 0 0 0 0 0 0 0 0 0 0 0 0 0 0 0 0 0 
Per-collision Densities L:
0.907485 0.744643 0.609387 0.501188 0.410796 0.336849 0.276665 0.226788 0.186374 0.152773 0.125411 0.102725 0.0843512 0.0688583 0.0566277 0.0465221 0.0379906 0.0314287 0.0257626 0.0210994 0.0172963 0.014191 0.0116261 0.00960409 0.00788861 0.00639482 0.00521766 0.00428745 0.003585 0.00289921 0.00245026 0.00196496 0.00160893 0.00132664 0.00106757 0.00087163 0.00070902 0.00059388 0.00049389 0.00039188 0.00033532 0.000237855 0.000207555 0.00019089 0.000156045 0.00011615 9.6455e-05 8.383e-05 7.676e-05 6.6155e-05 0.000239875 
0.0151778 0.0382982 0.052575 0.0605283 0.0638633 0.0640375 0.0620054 0.0592208 0.0548178 0.050349 0.0453364 0.0411181 0.036258 0.0322877 0.0282467 0.0248233 0.0216433 0.0190239 0.0164675 0.0141642 0.0122558 0.0105075 0.00898648 0.00777296 0.00671751 0.00571206 0.00481316 0.00410363 0.00347844 0.00295829 0.00255985 0.00211545 0.00185689 0.00151904 0.00129836 0.00107616 0.000941825 0.00077871 0.00066357 0.00051712 0.000472175 0.00039693 0.000328755 0.00026765 0.000230785 0.00018988 0.000156045 0.0001414 0.00010908 9.999e-05 0.00046763 
0.0121715 0.031365 0.0438623 0.0512439 0.0552556 0.0566196 0.0557969 0.0540062 0.0512009 0.0474993 0.0443259 0.0403243 0.0366211 0.0330134 0.029543 0.0264145 0.0233881 0.0206469 0.018285 0.0159418 0.0139779 0.0122377 0.0107262 0.00929554 0.00807445 0.00694577 0.00606202 0.00517524 0.00459045 0.00390668 0.00335775 0.00283457 0.00242501 0.00203414 0.00177861 0.00157156 0.00131401 0.00107515 0.00091607 0.00079184 0.00070599 0.000581255 0.000483285 0.00042016 0.000359055 0.00031007 0.000267145 0.000213615 0.00017574 0.000153015 0.000853955 
0.00234926 0.00685285 0.0108716 0.0143137 0.0167488 0.018839 0.0200435 0.0205692 0.0210423 0.0208772 0.0203141 0.0194854 0.0184971 0.0174392 0.0164221 0.0150965 0.0139183 0.0128901 0.011771 0.0105737 0.00946067 0.00867843 0.00769873 0.0069993 0.00617918 0.00540199 0.00478892 0.00430816 0.00370973 0.0033734 0.00287699 0.0026563 0.00229068 0.00196597 0.00173417 0.00151652 0.00130492 0.00113928 0.000980205 0.00085042 0.00075144 0.000590345 0.00052722 0.000457025 0.00039087 0.000330775 0.00031411 0.000258055 0.000235835 0.00020503 0.00106353 
0.00134886 0.00390971 0.00626099 0.00837997 0.010153 0.0115665 0.0123993 0.0131007 0.0134577 0.0134835 0.0134209 0.0131941 0.012829 0.0123301 0.0114948 0.0108459 0.0102803 0.00946572 0.00884962 0.00808505 0.00752501 0.00695789 0.00619736 0.00564085 0.00509798 0.00462782 0.00411979 0.00372135 0.00323705 0.00290375 0.00257146 0.0023129 0.00203869 0.00182558 0.00159328 0.00145289 0.001262 0.00110949 0.00099485 0.00084739 0.00069286 0.000648925 0.00055853 0.0004848 0.000414605 0.00037875 0.00032926 0.00029492 0.000247955 0.00019594 0.00136401 
0.00057469 0.00168165 0.0026861 0.00369408 0.00462075 0.00528887 0.00600142 0.00653723 0.00676751 0.00700031 0.0071508 0.00714474 0.00708212 0.00703263 0.00674125 0.00652208 0.00625594 0.00595547 0.00568075 0.00536613 0.00497577 0.00457783 0.00426574 0.00398344 0.0036355 0.00337088 0.00302394 0.00282952 0.00250682 0.00225887 0.00206192 0.00185083 0.00169882 0.00153419 0.00132007 0.00123018 0.00109383 0.000940815 0.0008383 0.00077265 0.000661045 0.000589335 0.000539845 0.00045955 0.00041309 0.000358045 0.000326735 0.000270175 0.00022422 0.00020806 0.00140037 
0.000324715 0.00095849 0.00153167 0.00211141 0.00257904 0.00300475 0.00341077 0.00371327 0.0039895 0.00421574 0.00442734 0.00437583 0.0044334 0.00434906 0.00432179 0.0043122 0.00410717 0.00402334 0.0037673 0.00359611 0.00339007 0.00321483 0.00304414 0.00284366 0.0026255 0.00248359 0.00224574 0.00214322 0.00191345 0.00177255 0.00165438 0.00146804 0.00130795 0.0012519 0.00111353 0.00100899 0.000893345 0.00079992 0.00069892 0.000649935 0.00056762 0.000495405 0.000441875 0.000388345 0.000333805 0.000344915 0.00027876 0.00026563 0.000226745 0.00020705 0.00140289 
0.000164125 0.00050702 0.00081103 0.00112868 0.00140491 0.00163216 0.00189678 0.00210535 0.00226846 0.00241289 0.00250329 0.00259166 0.00260328 0.00260378 0.00262348 0.00263913 0.00263459 0.0025043 0.00237805 0.00239017 0.00225735 0.00206949 0.00196243 0.00193971 0.00182558 0.00171044 0.00159176 0.00146854 0.00143723 0.00122564 0.00118423 0.00111504 0.0010095 0.00095041 0.00083729 0.00074942 0.000677205 0.000629735 0.000550955 0.000524695 0.00045854 0.00040905 0.000388345 0.00032522 0.000303 0.000279265 0.00024442 0.000227755 0.00020402 0.000173215 0.00128068 
9.797e-05 0.00029593 0.000455005 0.000650945 0.00078578 0.000997375 0.00108373 0.00121453 0.00133219 0.00144986 0.00155944 0.00156298 0.00161752 0.00164378 0.00168822 0.00165438 0.00162358 0.00166549 0.00154631 0.00151955 0.00148622 0.00141451 0.00140138 0.00131199 0.00124331 0.0012115 0.00106606 0.00106454 0.00100647 0.000925665 0.000839815 0.000785275 0.000709525 0.00068276 0.00066963 0.000598425 0.000525705 0.0004646 0.000459045 0.000413595 0.00036865 0.000343905 0.000302495 0.00028179 0.000238865 0.00024745 0.000208565 0.000173215 0.0001717 0.00015251 0.00117564 
5.757e-05 0.000165135 0.0002727 0.00036057 0.00045349 0.000579235 0.000637815 0.000723665 0.000782245 0.00086052 0.000909505 0.000957985 0.00095647 0.00098273 0.00100344 0.0010302 0.00102263 0.00101303 0.00101556 0.00096556 0.00098576 0.00097364 0.000904455 0.00087163 0.000838805 0.000812545 0.00075144 0.0007272 0.000691345 0.000665085 0.000615595 0.000565095 0.00055247 0.00049187 0.00045955 0.000432785 0.000410565 0.000372185 0.000325725 0.00027775 0.000278255 0.00024947 0.00024341 0.00022321 0.000210585 0.000185335 0.000160085 0.00014342 0.000136855 0.00011615 0.0010701 
2.828e-05 8.585e-05 0.000172205 0.000226745 0.00029492 0.000360065 0.000381275 0.000421675 0.000444905 0.000517625 0.000611555 0.00058984 0.000599435 0.00063226 0.000654985 0.000624685 0.00069084 0.000657005 0.00063327 0.00064337 0.00063327 0.000573175 0.00058075 0.00058883 0.000562065 0.00054641 0.000523685 0.000506515 0.00047773 0.000456015 0.000422685 0.000391375 0.000375215 0.000348955 0.000341885 0.000315625 0.000283305 0.00028583 0.000242905 0.000219675 0.00021614 0.000196445 0.000185335 0.000183315 0.000161095 0.00014443 0.000133825 0.000128775 0.00010706 8.6355e-05 0.000866075 
2.2725e-05 5.2015e-05 9.191e-05 0.000142915 0.000182305 0.000194425 0.000251995 0.000280275 0.000290375 0.000331785 0.00034441 0.00033734 0.00034845 0.00038077 0.000426725 0.00041107 0.00042521 0.00042117 0.00042117 0.00042824 0.00038582 0.00041208 0.0003939 0.000376225 0.000371175 0.000368145 0.000354005 0.00036562 0.000312595 0.000330775 0.000286335 0.00027472 0.000259065 0.0002525 0.00023937 0.000215635 0.000203515 0.00019089 0.000181295 0.00017069 0.000169175 0.00015251 0.00012423 0.000130795 0.000112615 0.000126755 9.191e-05 9.4435e-05 7.979e-05 6.7165e-05 0.0007272 
1.111e-05 3.434e-05 5.7065e-05 8.0295e-05 9.7465e-05 0.00011918 0.000138875 0.000147965 0.000194425 0.000194425 0.000218665 0.00022624 0.000239875 0.000246945 0.00026159 0.000259065 0.000258055 0.000271185 0.000269165 0.00026765 0.00027573 0.00024139 0.00025957 0.00026058 0.00022826 0.000239875 0.000235835 0.000216645 0.00022119 0.000220685 0.000209575 0.00018483 0.000198465 0.000171195 0.000193415 0.00015655 0.00014645 0.000155035 0.000124735 0.00010605 0.00011918 9.8475e-05 0.00010605 8.8375e-05 8.1305e-05 8.08e-05 8.484e-05 7.1205e-05 5.353e-05 5.2015e-05 0.00059792 
6.565e-06 2.222e-05 4.0905e-05 5.3025e-05 7.272e-05 7.3225e-05 9.0395e-05 0.000100495 0.000106555 0.00013433 0.00013736 0.000144935 0.000137865 0.000158065 0.0001616 0.000166145 0.00016766 0.00018685 0.000180285 0.000182305 0.000170185 0.000181295 0.00017069 0.000162105 0.000172205 0.00014443 0.00015554 0.000146955 0.000154025 0.000141905 0.000148975 0.000120695 0.0001111 0.000115645 0.000127765 9.595e-05 0.000101 0.00010504 8.585e-05 9.191e-05 7.8275e-05 6.6155e-05 7.575e-05 7.878e-05 5.7065e-05 5.1005e-05 6.06e-05 5.555e-05 4.3935e-05 4.0905e-05 0.000467125 
4.04e-06 1.616e-05 2.4745e-05 2.424e-05 4.343e-05 4.6965e-05 4.848e-05 6.0095e-05 6.8175e-05 7.8275e-05 7.878e-05 9.0395e-05 9.5445e-05 0.00010504 0.00012726 0.000106555 0.00011312 0.00011413 0.00011211 0.000103525 0.00010504 0.000119685 0.00011514 0.00011615 0.000111605 0.000111605 0.000100495 9.191e-05 0.00010706 8.585e-05 0.000102515 8.5345e-05 8.8375e-05 8.181e-05 7.8275e-05 7.0195e-05 7.8275e-05 7.676e-05 6.262e-05 6.9185e-05 5.454e-05 5.8075e-05 5.7065e-05 4.3935e-05 4.444e-05 4.242e-05 4.242e-05 4.444e-05 3.333e-05 3.4845e-05 0.000364105 
3.03e-06 1.01e-05 1.8685e-05 2.121e-05 2.2725e-05 3.333e-05 3.2825e-05 3.7875e-05 4.747e-05 4.949e-05 5.8075e-05 5.6055e-05 6.5145e-05 6.0095e-05 6.4135e-05 7.5245e-05 7.2215e-05 7.878e-05 8.7365e-05 7.474e-05 6.9185e-05 7.171e-05 7.373e-05 6.969e-05 7.979e-05 7.3225e-05 8.6355e-05 6.5145e-05 6.9185e-05 6.969e-05 5.959e-05 5.6055e-05 5.656e-05 6.161e-05 5.9085e-05 5.3025e-05 4.545e-05 4.6965e-05 4.8985e-05 4.343e-05 4.949e-05 4.4945e-05 3.737e-05 2.525e-05 2.525e-05 3.3835e-05 3.232e-05 2.727e-05 2.222e-05 1.818e-05 0.00028179 
2.525e-06 4.545e-06 8.585e-06 1.1615e-05 1.111e-05 2.0705e-05 1.9695e-05 2.3735e-05 2.1715e-05 2.5755e-05 3.333e-05 3.8885e-05 4.0905e-05 3.838e-05 4.5955e-05 3.7875e-05 4.6965e-05 5.252e-05 5.656e-05 5.6055e-05 4.6965e-05 4.8985e-05 4.7975e-05 4.4945e-05 4.2925e-05 5.1005e-05 4.444e-05 4.5955e-05 4.242e-05 3.939e-05 4.1915e-05 4.444e-05 4.242e-05 3.8885e-05 4.1915e-05 3.232e-05 3.737e-05 3.535e-05 3.131e-05 3.1815e-05 2.5755e-05 2.323e-05 2.2725e-05 2.7775e-05 2.8785e-05 2.1715e-05 2.5755e-05 2.02e-05 1.6665e-05 1.9695e-05 0.000203515 
5.05e-07 5.05e-06 5.05e-06 1.1615e-05 7.07e-06 1.01e-05 1.4645e-05 1.6665e-05 1.9695e-05 2.02e-05 2.222e-05 1.8685e-05 2.626e-05 2.525e-05 2.3735e-05 3.232e-05 2.929e-05 3.0805e-05 3.03e-05 3.6865e-05 3.2825e-05 3.0805e-05 3.232e-05 3.131e-05 3.1815e-05 3.939e-05 3.232e-05 3.333e-05 3.0805e-05 2.828e-05 3.232e-05 2.828e-05 2.8785e-05 3.0805e-05 2.525e-05 2.6765e-05 2.828e-05 2.02e-05 2.3735e-05 2.4745e-05 2.424e-05 1.8685e-05 2.121e-05 1.919e-05 1.515e-05 1.616e-05 1.7675e-05 1.313e-05 5.05e-06 1.111e-05 0.00016867 
0 1.515e-06 3.03e-06 8.585e-06 7.07e-06 8.08e-06 9.09e-06 1.0605e-05 9.09e-06 1.616e-05 1.313e-05 1.111e-05 1.3635e-05 1.7675e-05 1.616e-05 1.313e-05 2.02e-05 1.717e-05 2.424e-05 1.5655e-05 2.9795e-05 1.818e-05 1.616e-05 2.02e-05 2.0705e-05 2.121e-05 2.2725e-05 1.919e-05 2.0705e-05 1.8685e-05 1.515e-05 1.8685e-05 2.0705e-05 2.0705e-05 1.717e-05 2.0705e-05 1.313e-05 1.4645e-05 1.9695e-05 1.5655e-05 1.5655e-05 1.313e-05 1.1615e-05 8.08e-06 1.111e-05 1.3635e-05 1.111e-05 6.06e-06 1.1615e-05 9.09e-06 0.00012221 
0 0 0 0 0 0 0 0 0 0 0 0 0 0 0 0 0 0 0 0 0 0 0 0 0 0 0 0 0 0 0 0 0 0 0 0 0 0 0 0 0 0 0 0 0 0 0 0 0 0 0 
