Half rod, albedo problem, Anisotropic scattering, exponential random flight, mu_t: 3 g: -0.9
Analogmu_t c: 0.1 maxx: 10 dx: 0.19802 numsamples: 100000000 numCollisionOrders: 20 numMoments: 10
total albedo: 0.0478309
per-collision order albedos: 
0 0.0474846 0.00023373 0.00011031 1.53e-06 6.9e-07 1e-08 0 0 0 0 0 0 0 0 0 0 0 0 0 
Collision density L:
0.108558 0.0601017 0.0334946 0.0186273 0.0103218 0.00571413 0.00316352 0.00176503 0.000981417 0.000537371 0.000301788 0.000166196 9.0092e-05 5.1106e-05 2.73205e-05 1.74225e-05 8.6355e-06 4.8985e-06 3.4845e-06 1.6665e-06 1.0605e-06 3.535e-07 3.03e-07 2.525e-07 1.01e-07 1.01e-07 5.05e-08 0 0 0 0 0 0 0 0 0 0 0 0 0 0 0 0 0 0 0 0 0 0 0 0 
Collision density R:
2.26831 1.25839 0.69915 0.388181 0.215666 0.119568 0.0664473 0.03687 0.0204944 0.0114054 0.00630619 0.00349839 0.00193041 0.00106691 0.000598577 0.000333957 0.00018786 0.000105596 5.86305e-05 3.1714e-05 1.7271e-05 9.6455e-06 5.05e-06 3.3835e-06 1.818e-06 8.08e-07 4.545e-07 1.01e-07 1.01e-07 5.05e-08 1.01e-07 0 5.05e-08 0 0 0 5.05e-08 0 0 0 0 0 0 0 0 0 0 0 0 0 0 
Density Moments:
1.05794 0.356022 0.239628 0.241912 0.32564 0.54811 1.10788 2.6163 7.08126 21.6819 
Per-collision Density Moments:
1 0.333318 0.222206 0.222174 0.296178 0.493665 0.988199 2.3122 6.20771 18.8939 
0.0524846 0.0191525 0.01387 0.0149715 0.0214516 0.0383103 0.0819541 0.204277 0.581256 1.85843 
0.00501785 0.00327378 0.00326001 0.00434759 0.00725112 0.0144742 0.0334819 0.0874484 0.252268 0.78892 
0.00039423 0.000242384 0.000247925 0.000347569 0.000615029 0.00131099 0.00326063 0.00922369 0.0290095 0.0993594 
3.767e-05 3.22519e-05 3.97626e-05 6.36757e-05 0.000126376 0.000302111 0.000847285 0.00270552 0.00953423 0.0360676 
3.3e-06 2.78933e-06 3.71764e-06 6.50217e-06 1.37711e-05 3.37447e-05 9.26126e-05 0.000277213 0.000885215 0.00296322 
2.4e-07 2.98654e-07 5.57855e-07 1.38453e-06 4.10632e-06 1.34395e-05 4.63907e-05 0.000165088 0.000598754 0.0021996 
4e-08 3.11845e-08 3.25844e-08 3.68138e-08 4.30149e-08 5.12153e-08 6.16819e-08 7.48439e-08 9.12943e-08 1.11811e-07 
1e-08 9.83031e-09 9.6635e-09 9.49951e-09 9.33832e-09 9.17985e-09 9.02408e-09 8.87095e-09 8.72041e-09 8.57244e-09 
0 0 0 0 0 0 0 0 0 0 
0 0 0 0 0 0 0 0 0 0 
0 0 0 0 0 0 0 0 0 0 
0 0 0 0 0 0 0 0 0 0 
0 0 0 0 0 0 0 0 0 0 
0 0 0 0 0 0 0 0 0 0 
0 0 0 0 0 0 0 0 0 0 
0 0 0 0 0 0 0 0 0 0 
0 0 0 0 0 0 0 0 0 0 
0 0 0 0 0 0 0 0 0 0 
0 0 0 0 0 0 0 0 0 0 
Per-collision Densities L:
0 0 0 0 0 0 0 0 0 0 0 0 0 0 0 0 0 0 0 0 0 0 0 0 0 0 0 0 0 0 0 0 0 0 0 0 0 0 0 0 0 0 0 0 0 0 0 0 0 0 0 
0.107487 0.0591648 0.0327923 0.0181404 0.0099944 0.00549602 0.00302647 0.00167923 0.000926827 0.000505859 0.000283457 0.000153874 8.29715e-05 4.66115e-05 2.4644e-05 1.63115e-05 7.9285e-06 4.3935e-06 2.9795e-06 1.313e-06 1.01e-06 3.535e-07 2.525e-07 2.02e-07 1.01e-07 1.01e-07 5.05e-08 0 0 0 0 0 0 0 0 0 0 0 0 0 0 0 0 0 0 0 0 0 0 0 0 
0.000684427 0.000552369 0.000406677 0.000274316 0.000179831 0.000119483 7.3124e-05 4.66115e-05 2.8684e-05 1.5554e-05 9.797e-06 6.4135e-06 3.5855e-06 2.4745e-06 1.212e-06 4.545e-07 3.535e-07 2.02e-07 2.525e-07 2.02e-07 0 0 0 0 0 0 0 0 0 0 0 0 0 0 0 0 0 0 0 0 0 0 0 0 0 0 0 0 0 0 0 
0.000379053 0.000376326 0.000288254 0.000206899 0.00014241 9.54955e-05 6.1105e-05 3.72185e-05 2.51995e-05 1.4948e-05 8.181e-06 5.454e-06 3.131e-06 1.9695e-06 1.313e-06 5.555e-07 3.03e-07 3.03e-07 2.525e-07 1.01e-07 5.05e-08 0 5.05e-08 5.05e-08 0 0 0 0 0 0 0 0 0 0 0 0 0 0 0 0 0 0 0 0 0 0 0 0 0 0 0 
5.454e-06 5.9085e-06 5.1005e-06 4.2925e-06 3.5855e-06 2.2725e-06 2.121e-06 1.212e-06 5.05e-07 5.555e-07 2.525e-07 2.525e-07 2.525e-07 5.05e-08 5.05e-08 1.01e-07 0 0 0 0 0 0 0 0 0 0 0 0 0 0 0 0 0 0 0 0 0 0 0 0 0 0 0 0 0 0 0 0 0 0 0 
1.9695e-06 2.222e-06 2.222e-06 1.414e-06 1.414e-06 8.08e-07 7.07e-07 6.565e-07 2.02e-07 4.545e-07 1.01e-07 1.515e-07 1.515e-07 0 1.01e-07 0 5.05e-08 0 0 5.05e-08 0 0 0 0 0 0 0 0 0 0 0 0 0 0 0 0 0 0 0 0 0 0 0 0 0 0 0 0 0 0 0 
0 5.05e-08 0 0 1.01e-07 5.05e-08 0 1.01e-07 0 0 0 5.05e-08 0 0 0 0 0 0 0 0 0 0 0 0 0 0 0 0 0 0 0 0 0 0 0 0 0 0 0 0 0 0 0 0 0 0 0 0 0 0 0 
5.05e-08 0 0 5.05e-08 0 0 0 0 0 0 0 0 0 0 0 0 0 0 0 0 0 0 0 0 0 0 0 0 0 0 0 0 0 0 0 0 0 0 0 0 0 0 0 0 0 0 0 0 0 0 0 
0 0 0 0 5.05e-08 0 0 0 0 0 0 0 0 0 0 0 0 0 0 0 0 0 0 0 0 0 0 0 0 0 0 0 0 0 0 0 0 0 0 0 0 0 0 0 0 0 0 0 0 0 0 
0 0 0 0 0 0 0 0 0 0 0 0 0 0 0 0 0 0 0 0 0 0 0 0 0 0 0 0 0 0 0 0 0 0 0 0 0 0 0 0 0 0 0 0 0 0 0 0 0 0 0 
0 0 0 0 0 0 0 0 0 0 0 0 0 0 0 0 0 0 0 0 0 0 0 0 0 0 0 0 0 0 0 0 0 0 0 0 0 0 0 0 0 0 0 0 0 0 0 0 0 0 0 
0 0 0 0 0 0 0 0 0 0 0 0 0 0 0 0 0 0 0 0 0 0 0 0 0 0 0 0 0 0 0 0 0 0 0 0 0 0 0 0 0 0 0 0 0 0 0 0 0 0 0 
0 0 0 0 0 0 0 0 0 0 0 0 0 0 0 0 0 0 0 0 0 0 0 0 0 0 0 0 0 0 0 0 0 0 0 0 0 0 0 0 0 0 0 0 0 0 0 0 0 0 0 
0 0 0 0 0 0 0 0 0 0 0 0 0 0 0 0 0 0 0 0 0 0 0 0 0 0 0 0 0 0 0 0 0 0 0 0 0 0 0 0 0 0 0 0 0 0 0 0 0 0 0 
0 0 0 0 0 0 0 0 0 0 0 0 0 0 0 0 0 0 0 0 0 0 0 0 0 0 0 0 0 0 0 0 0 0 0 0 0 0 0 0 0 0 0 0 0 0 0 0 0 0 0 
0 0 0 0 0 0 0 0 0 0 0 0 0 0 0 0 0 0 0 0 0 0 0 0 0 0 0 0 0 0 0 0 0 0 0 0 0 0 0 0 0 0 0 0 0 0 0 0 0 0 0 
0 0 0 0 0 0 0 0 0 0 0 0 0 0 0 0 0 0 0 0 0 0 0 0 0 0 0 0 0 0 0 0 0 0 0 0 0 0 0 0 0 0 0 0 0 0 0 0 0 0 0 
0 0 0 0 0 0 0 0 0 0 0 0 0 0 0 0 0 0 0 0 0 0 0 0 0 0 0 0 0 0 0 0 0 0 0 0 0 0 0 0 0 0 0 0 0 0 0 0 0 0 0 
0 0 0 0 0 0 0 0 0 0 0 0 0 0 0 0 0 0 0 0 0 0 0 0 0 0 0 0 0 0 0 0 0 0 0 0 0 0 0 0 0 0 0 0 0 0 0 0 0 0 0 
0 0 0 0 0 0 0 0 0 0 0 0 0 0 0 0 0 0 0 0 0 0 0 0 0 0 0 0 0 0 0 0 0 0 0 0 0 0 0 0 0 0 0 0 0 0 0 0 0 0 0 
Per-collision Densities L:
2.26252 1.24807 0.689491 0.380671 0.210321 0.115943 0.064048 0.0353423 0.0195321 0.010815 0.00593976 0.0032775 0.0017981 0.000986063 0.000551157 0.000307394 0.000171296 9.4839e-05 5.21665e-05 2.84315e-05 1.5251e-05 8.383e-06 4.444e-06 2.929e-06 1.7675e-06 7.575e-07 4.545e-07 1.01e-07 1.01e-07 5.05e-08 5.05e-08 0 5.05e-08 0 0 0 5.05e-08 0 0 0 0 0 0 0 0 0 0 0 0 0 0 
0.0030148 0.00536765 0.00503384 0.00389845 0.00276286 0.00186375 0.00123801 0.00078477 0.000482073 0.000300576 0.000184123 0.000110494 6.72155e-05 4.0804e-05 2.4442e-05 1.3231e-05 7.9285e-06 5.05e-06 3.0805e-06 1.818e-06 1.0605e-06 5.05e-07 2.02e-07 2.525e-07 0 5.05e-08 0 0 0 0 5.05e-08 0 0 0 0 0 0 0 0 0 0 0 0 0 0 0 0 0 0 0 0 
0.00274856 0.0048831 0.00454455 0.00353465 0.00251586 0.00170655 0.00112155 0.000714828 0.000458035 0.000276841 0.000173114 0.000104434 6.07515e-05 3.74205e-05 2.14625e-05 1.24735e-05 8.0295e-06 5.454e-06 3.131e-06 1.3635e-06 8.585e-07 6.06e-07 3.535e-07 1.01e-07 5.05e-08 0 0 0 0 0 0 0 0 0 0 0 0 0 0 0 0 0 0 0 0 0 0 0 0 0 0 
1.8786e-05 4.83285e-05 5.555e-05 5.1106e-05 4.40865e-05 3.6764e-05 2.727e-05 1.8079e-05 1.5554e-05 9.0395e-06 5.555e-06 4.4945e-06 3.0805e-06 1.818e-06 1.212e-06 5.555e-07 4.545e-07 1.01e-07 2.02e-07 0 5.05e-08 1.01e-07 0 5.05e-08 0 0 0 0 0 0 0 0 0 0 0 0 0 0 0 0 0 0 0 0 0 0 0 0 0 0 0 
7.878e-06 2.33815e-05 2.39875e-05 2.4745e-05 2.222e-05 1.6564e-05 1.2019e-05 9.5445e-06 6.161e-06 3.838e-06 3.535e-06 1.3635e-06 1.0605e-06 8.08e-07 3.03e-07 3.03e-07 1.01e-07 1.515e-07 5.05e-08 5.05e-08 5.05e-08 5.05e-08 5.05e-08 5.05e-08 0 0 0 0 0 0 0 0 0 0 0 0 0 0 0 0 0 0 0 0 0 0 0 0 0 0 0 
2.02e-07 3.03e-07 4.545e-07 5.05e-07 5.05e-07 4.545e-07 3.03e-07 3.535e-07 4.04e-07 1.515e-07 1.01e-07 1.01e-07 1.515e-07 0 0 0 0 0 0 0 0 0 0 0 0 0 0 0 0 0 0 0 0 0 0 0 0 0 0 0 0 0 0 0 0 0 0 0 0 0 0 
5.05e-08 1.01e-07 5.05e-08 5.05e-08 1.515e-07 1.01e-07 1.01e-07 1.01e-07 0 0 0 0 5.05e-08 0 0 0 5.05e-08 0 0 5.05e-08 0 0 0 0 0 0 0 0 0 0 0 0 0 0 0 0 0 0 0 0 0 0 0 0 0 0 0 0 0 0 0 
0 0 0 0 0 5.05e-08 5.05e-08 0 0 0 0 0 0 0 0 0 0 0 0 0 0 0 0 0 0 0 0 0 0 0 0 0 0 0 0 0 0 0 0 0 0 0 0 0 0 0 0 0 0 0 0 
0 0 0 0 0 0 0 0 0 0 0 0 0 0 0 0 0 0 0 0 0 0 0 0 0 0 0 0 0 0 0 0 0 0 0 0 0 0 0 0 0 0 0 0 0 0 0 0 0 0 0 
0 0 0 0 0 0 0 0 0 0 0 0 0 0 0 0 0 0 0 0 0 0 0 0 0 0 0 0 0 0 0 0 0 0 0 0 0 0 0 0 0 0 0 0 0 0 0 0 0 0 0 
0 0 0 0 0 0 0 0 0 0 0 0 0 0 0 0 0 0 0 0 0 0 0 0 0 0 0 0 0 0 0 0 0 0 0 0 0 0 0 0 0 0 0 0 0 0 0 0 0 0 0 
0 0 0 0 0 0 0 0 0 0 0 0 0 0 0 0 0 0 0 0 0 0 0 0 0 0 0 0 0 0 0 0 0 0 0 0 0 0 0 0 0 0 0 0 0 0 0 0 0 0 0 
0 0 0 0 0 0 0 0 0 0 0 0 0 0 0 0 0 0 0 0 0 0 0 0 0 0 0 0 0 0 0 0 0 0 0 0 0 0 0 0 0 0 0 0 0 0 0 0 0 0 0 
0 0 0 0 0 0 0 0 0 0 0 0 0 0 0 0 0 0 0 0 0 0 0 0 0 0 0 0 0 0 0 0 0 0 0 0 0 0 0 0 0 0 0 0 0 0 0 0 0 0 0 
0 0 0 0 0 0 0 0 0 0 0 0 0 0 0 0 0 0 0 0 0 0 0 0 0 0 0 0 0 0 0 0 0 0 0 0 0 0 0 0 0 0 0 0 0 0 0 0 0 0 0 
0 0 0 0 0 0 0 0 0 0 0 0 0 0 0 0 0 0 0 0 0 0 0 0 0 0 0 0 0 0 0 0 0 0 0 0 0 0 0 0 0 0 0 0 0 0 0 0 0 0 0 
0 0 0 0 0 0 0 0 0 0 0 0 0 0 0 0 0 0 0 0 0 0 0 0 0 0 0 0 0 0 0 0 0 0 0 0 0 0 0 0 0 0 0 0 0 0 0 0 0 0 0 
0 0 0 0 0 0 0 0 0 0 0 0 0 0 0 0 0 0 0 0 0 0 0 0 0 0 0 0 0 0 0 0 0 0 0 0 0 0 0 0 0 0 0 0 0 0 0 0 0 0 0 
0 0 0 0 0 0 0 0 0 0 0 0 0 0 0 0 0 0 0 0 0 0 0 0 0 0 0 0 0 0 0 0 0 0 0 0 0 0 0 0 0 0 0 0 0 0 0 0 0 0 0 
0 0 0 0 0 0 0 0 0 0 0 0 0 0 0 0 0 0 0 0 0 0 0 0 0 0 0 0 0 0 0 0 0 0 0 0 0 0 0 0 0 0 0 0 0 0 0 0 0 0 0 
