Half rod, albedo problem, isotropic scattering, exponential random flight, mu_t: 3
Analogmu_t c: 0.1 maxx: 10 dx: 0.19802 numsamples: 10000000 numCollisionOrders: 20 numMoments: 10
total albedo: 0.0262874
per-collision order albedos: 
0 0.0249303 0.0012706 8.14e-05 4.4e-06 5e-07 2e-07 0 0 0 0 0 0 0 0 0 0 0 0 0 
Collision density L:
0.0605505 0.0341855 0.0195935 0.011264 0.00639633 0.00359257 0.00197708 0.0012221 0.000666095 0.00038481 0.00022422 0.00011312 7.676e-05 3.7875e-05 1.8685e-05 1.515e-05 9.09e-06 5.555e-06 3.535e-06 2.525e-06 1.01e-06 0 0 0 0 0 0 0 0 0 0 0 0 0 0 0 0 0 0 0 0 0 0 0 0 0 0 0 0 0 0 
Collision density R:
2.29562 1.30358 0.742446 0.423361 0.240444 0.136875 0.0781679 0.0439911 0.0251672 0.0144885 0.00822595 0.00460005 0.00264065 0.00151147 0.00083426 0.000511565 0.00026664 0.000172205 9.292e-05 4.848e-05 2.8785e-05 1.9695e-05 7.07e-06 5.555e-06 3.535e-06 2.525e-06 5.05e-07 5.05e-07 0 0 0 0 0 0 0 0 0 0 0 0 0 0 0 0 0 0 0 0 0 0 0 
Density Moments:
1.08187 0.37996 0.266966 0.281388 0.395459 0.694421 1.46088 3.57138 9.90407 30.5315 
Per-collision Density Moments:
1 0.333222 0.222121 0.222034 0.295722 0.491528 0.976794 2.24856 5.84538 16.7983 
0.075017 0.0416159 0.038826 0.0499785 0.0817325 0.161973 0.376984 1.00678 3.02619 10.061 
0.0062435 0.00457085 0.00526452 0.0080355 0.0151196 0.033655 0.08626 0.24955 0.801408 2.81353 
0.0005549 0.000493205 0.000667189 0.00116762 0.00247952 0.00617142 0.017568 0.0559576 0.19523 0.731466 
5.14e-05 5.10026e-05 7.59279e-05 0.000145919 0.000338018 0.000901938 0.00267882 0.008624 0.0294856 0.105431 
5.4e-06 5.93864e-06 9.98843e-06 2.21988e-05 5.89244e-05 0.000174322 0.000550875 0.00181412 0.00613775 0.0211568 
5e-07 8.32305e-07 1.60676e-06 3.39636e-06 7.57692e-06 1.74578e-05 4.10165e-05 9.75189e-05 0.000233553 0.000561895 
0 0 0 0 0 0 0 0 0 0 
0 0 0 0 0 0 0 0 0 0 
0 0 0 0 0 0 0 0 0 0 
0 0 0 0 0 0 0 0 0 0 
0 0 0 0 0 0 0 0 0 0 
0 0 0 0 0 0 0 0 0 0 
0 0 0 0 0 0 0 0 0 0 
0 0 0 0 0 0 0 0 0 0 
0 0 0 0 0 0 0 0 0 0 
0 0 0 0 0 0 0 0 0 0 
0 0 0 0 0 0 0 0 0 0 
0 0 0 0 0 0 0 0 0 0 
0 0 0 0 0 0 0 0 0 0 
Per-collision Densities L:
0 0 0 0 0 0 0 0 0 0 0 0 0 0 0 0 0 0 0 0 0 0 0 0 0 0 0 0 0 0 0 0 0 0 0 0 0 0 0 0 0 0 0 0 0 0 0 0 0 0 0 
0.0566443 0.0310631 0.017318 0.00961823 0.00534088 0.00289567 0.00153318 0.000921625 0.00047571 0.00025957 0.000152005 7.171e-05 4.949e-05 2.222e-05 1.111e-05 1.111e-05 5.555e-06 3.03e-06 2.02e-06 1.515e-06 5.05e-07 0 0 0 0 0 0 0 0 0 0 0 0 0 0 0 0 0 0 0 0 0 0 0 0 0 0 0 0 0 0 
0.00362388 0.00287244 0.00207404 0.00147662 0.000929705 0.00060903 0.000385315 0.00025755 0.00016059 9.7465e-05 5.8075e-05 3.232e-05 1.919e-05 1.111e-05 6.565e-06 3.03e-06 3.03e-06 1.515e-06 1.01e-06 5.05e-07 5.05e-07 0 0 0 0 0 0 0 0 0 0 0 0 0 0 0 0 0 0 0 0 0 0 0 0 0 0 0 0 0 0 
0.0002626 0.000223715 0.000181295 0.000155035 0.00011211 7.6255e-05 5.3025e-05 3.636e-05 2.7775e-05 2.4745e-05 1.3635e-05 7.575e-06 8.08e-06 3.03e-06 5.05e-07 1.01e-06 0 1.01e-06 5.05e-07 0 0 0 0 0 0 0 0 0 0 0 0 0 0 0 0 0 0 0 0 0 0 0 0 0 0 0 0 0 0 0 0 
1.818e-05 2.424e-05 1.8685e-05 1.212e-05 1.2625e-05 1.0605e-05 5.05e-06 6.06e-06 2.02e-06 3.03e-06 5.05e-07 1.515e-06 0 1.515e-06 5.05e-07 0 0 0 0 5.05e-07 0 0 0 0 0 0 0 0 0 0 0 0 0 0 0 0 0 0 0 0 0 0 0 0 0 0 0 0 0 0 0 
1.515e-06 2.02e-06 1.515e-06 2.02e-06 1.01e-06 1.01e-06 5.05e-07 0 0 0 0 0 0 0 0 0 5.05e-07 0 0 0 0 0 0 0 0 0 0 0 0 0 0 0 0 0 0 0 0 0 0 0 0 0 0 0 0 0 0 0 0 0 0 
0 0 0 0 0 0 0 5.05e-07 0 0 0 0 0 0 0 0 0 0 0 0 0 0 0 0 0 0 0 0 0 0 0 0 0 0 0 0 0 0 0 0 0 0 0 0 0 0 0 0 0 0 0 
0 0 0 0 0 0 0 0 0 0 0 0 0 0 0 0 0 0 0 0 0 0 0 0 0 0 0 0 0 0 0 0 0 0 0 0 0 0 0 0 0 0 0 0 0 0 0 0 0 0 0 
0 0 0 0 0 0 0 0 0 0 0 0 0 0 0 0 0 0 0 0 0 0 0 0 0 0 0 0 0 0 0 0 0 0 0 0 0 0 0 0 0 0 0 0 0 0 0 0 0 0 0 
0 0 0 0 0 0 0 0 0 0 0 0 0 0 0 0 0 0 0 0 0 0 0 0 0 0 0 0 0 0 0 0 0 0 0 0 0 0 0 0 0 0 0 0 0 0 0 0 0 0 0 
0 0 0 0 0 0 0 0 0 0 0 0 0 0 0 0 0 0 0 0 0 0 0 0 0 0 0 0 0 0 0 0 0 0 0 0 0 0 0 0 0 0 0 0 0 0 0 0 0 0 0 
0 0 0 0 0 0 0 0 0 0 0 0 0 0 0 0 0 0 0 0 0 0 0 0 0 0 0 0 0 0 0 0 0 0 0 0 0 0 0 0 0 0 0 0 0 0 0 0 0 0 0 
0 0 0 0 0 0 0 0 0 0 0 0 0 0 0 0 0 0 0 0 0 0 0 0 0 0 0 0 0 0 0 0 0 0 0 0 0 0 0 0 0 0 0 0 0 0 0 0 0 0 0 
0 0 0 0 0 0 0 0 0 0 0 0 0 0 0 0 0 0 0 0 0 0 0 0 0 0 0 0 0 0 0 0 0 0 0 0 0 0 0 0 0 0 0 0 0 0 0 0 0 0 0 
0 0 0 0 0 0 0 0 0 0 0 0 0 0 0 0 0 0 0 0 0 0 0 0 0 0 0 0 0 0 0 0 0 0 0 0 0 0 0 0 0 0 0 0 0 0 0 0 0 0 0 
0 0 0 0 0 0 0 0 0 0 0 0 0 0 0 0 0 0 0 0 0 0 0 0 0 0 0 0 0 0 0 0 0 0 0 0 0 0 0 0 0 0 0 0 0 0 0 0 0 0 0 
0 0 0 0 0 0 0 0 0 0 0 0 0 0 0 0 0 0 0 0 0 0 0 0 0 0 0 0 0 0 0 0 0 0 0 0 0 0 0 0 0 0 0 0 0 0 0 0 0 0 0 
0 0 0 0 0 0 0 0 0 0 0 0 0 0 0 0 0 0 0 0 0 0 0 0 0 0 0 0 0 0 0 0 0 0 0 0 0 0 0 0 0 0 0 0 0 0 0 0 0 0 0 
0 0 0 0 0 0 0 0 0 0 0 0 0 0 0 0 0 0 0 0 0 0 0 0 0 0 0 0 0 0 0 0 0 0 0 0 0 0 0 0 0 0 0 0 0 0 0 0 0 0 0 
0 0 0 0 0 0 0 0 0 0 0 0 0 0 0 0 0 0 0 0 0 0 0 0 0 0 0 0 0 0 0 0 0 0 0 0 0 0 0 0 0 0 0 0 0 0 0 0 0 0 0 
Per-collision Densities L:
2.26393 1.24722 0.688807 0.381129 0.209893 0.115997 0.0643032 0.0351369 0.019491 0.0109019 0.00592315 0.003232 0.00179174 0.0009999 0.000542875 0.00032017 0.000165135 0.00010201 5.1005e-05 2.8785e-05 1.717e-05 8.585e-06 2.525e-06 3.03e-06 5.05e-07 0 0 0 0 0 0 0 0 0 0 0 0 0 0 0 0 0 0 0 0 0 0 0 0 0 0 
0.0305671 0.0536598 0.0502546 0.0389966 0.0278154 0.0187315 0.0122053 0.0076553 0.00487477 0.00299516 0.00191648 0.00110242 0.00068882 0.000402485 0.00022018 0.000149985 7.6255e-05 5.151e-05 3.0805e-05 1.414e-05 9.595e-06 8.08e-06 3.03e-06 2.02e-06 2.02e-06 1.01e-06 5.05e-07 5.05e-07 0 0 0 0 0 0 0 0 0 0 0 0 0 0 0 0 0 0 0 0 0 0 0 
0.00105394 0.00254874 0.00315575 0.00300829 0.00250935 0.00193213 0.0014842 0.00106353 0.000711545 0.00050803 0.000336835 0.000219675 0.000132815 8.989e-05 6.1105e-05 3.6865e-05 2.02e-05 1.4645e-05 8.585e-06 3.535e-06 1.01e-06 2.525e-06 1.01e-06 5.05e-07 0 1.515e-06 0 0 0 0 0 0 0 0 0 0 0 0 0 0 0 0 0 0 0 0 0 0 0 0 0 
6.06e-05 0.00014645 0.000215635 0.000207555 0.000204525 0.000194425 0.000158065 0.000121705 8.1305e-05 7.4235e-05 4.2925e-05 4.0905e-05 2.323e-05 1.5655e-05 9.595e-06 3.535e-06 4.545e-06 2.525e-06 2.02e-06 2.02e-06 1.01e-06 0 5.05e-07 0 1.01e-06 0 0 0 0 0 0 0 0 0 0 0 0 0 0 0 0 0 0 0 0 0 0 0 0 0 0 
3.03e-06 1.0605e-05 1.1615e-05 1.717e-05 1.919e-05 1.818e-05 1.5655e-05 1.2625e-05 6.565e-06 7.575e-06 6.06e-06 4.04e-06 3.535e-06 3.03e-06 5.05e-07 5.05e-07 5.05e-07 1.515e-06 0 0 0 5.05e-07 0 0 0 0 0 0 0 0 0 0 0 0 0 0 0 0 0 0 0 0 0 0 0 0 0 0 0 0 0 
0 1.01e-06 1.515e-06 2.525e-06 2.525e-06 1.515e-06 1.515e-06 5.05e-07 2.02e-06 1.515e-06 5.05e-07 5.05e-07 0 5.05e-07 0 5.05e-07 0 0 5.05e-07 0 0 0 0 0 0 0 0 0 0 0 0 0 0 0 0 0 0 0 0 0 0 0 0 0 0 0 0 0 0 0 0 
0 0 0 5.05e-07 0 0 0 5.05e-07 0 0 0 5.05e-07 5.05e-07 0 0 0 0 0 0 0 0 0 0 0 0 0 0 0 0 0 0 0 0 0 0 0 0 0 0 0 0 0 0 0 0 0 0 0 0 0 0 
0 0 0 0 0 0 0 0 0 0 0 0 0 0 0 0 0 0 0 0 0 0 0 0 0 0 0 0 0 0 0 0 0 0 0 0 0 0 0 0 0 0 0 0 0 0 0 0 0 0 0 
0 0 0 0 0 0 0 0 0 0 0 0 0 0 0 0 0 0 0 0 0 0 0 0 0 0 0 0 0 0 0 0 0 0 0 0 0 0 0 0 0 0 0 0 0 0 0 0 0 0 0 
0 0 0 0 0 0 0 0 0 0 0 0 0 0 0 0 0 0 0 0 0 0 0 0 0 0 0 0 0 0 0 0 0 0 0 0 0 0 0 0 0 0 0 0 0 0 0 0 0 0 0 
0 0 0 0 0 0 0 0 0 0 0 0 0 0 0 0 0 0 0 0 0 0 0 0 0 0 0 0 0 0 0 0 0 0 0 0 0 0 0 0 0 0 0 0 0 0 0 0 0 0 0 
0 0 0 0 0 0 0 0 0 0 0 0 0 0 0 0 0 0 0 0 0 0 0 0 0 0 0 0 0 0 0 0 0 0 0 0 0 0 0 0 0 0 0 0 0 0 0 0 0 0 0 
0 0 0 0 0 0 0 0 0 0 0 0 0 0 0 0 0 0 0 0 0 0 0 0 0 0 0 0 0 0 0 0 0 0 0 0 0 0 0 0 0 0 0 0 0 0 0 0 0 0 0 
0 0 0 0 0 0 0 0 0 0 0 0 0 0 0 0 0 0 0 0 0 0 0 0 0 0 0 0 0 0 0 0 0 0 0 0 0 0 0 0 0 0 0 0 0 0 0 0 0 0 0 
0 0 0 0 0 0 0 0 0 0 0 0 0 0 0 0 0 0 0 0 0 0 0 0 0 0 0 0 0 0 0 0 0 0 0 0 0 0 0 0 0 0 0 0 0 0 0 0 0 0 0 
0 0 0 0 0 0 0 0 0 0 0 0 0 0 0 0 0 0 0 0 0 0 0 0 0 0 0 0 0 0 0 0 0 0 0 0 0 0 0 0 0 0 0 0 0 0 0 0 0 0 0 
0 0 0 0 0 0 0 0 0 0 0 0 0 0 0 0 0 0 0 0 0 0 0 0 0 0 0 0 0 0 0 0 0 0 0 0 0 0 0 0 0 0 0 0 0 0 0 0 0 0 0 
0 0 0 0 0 0 0 0 0 0 0 0 0 0 0 0 0 0 0 0 0 0 0 0 0 0 0 0 0 0 0 0 0 0 0 0 0 0 0 0 0 0 0 0 0 0 0 0 0 0 0 
0 0 0 0 0 0 0 0 0 0 0 0 0 0 0 0 0 0 0 0 0 0 0 0 0 0 0 0 0 0 0 0 0 0 0 0 0 0 0 0 0 0 0 0 0 0 0 0 0 0 0 
0 0 0 0 0 0 0 0 0 0 0 0 0 0 0 0 0 0 0 0 0 0 0 0 0 0 0 0 0 0 0 0 0 0 0 0 0 0 0 0 0 0 0 0 0 0 0 0 0 0 0 
