Half rod, albedo problem, Anisotropic scattering, exponential random flight, mu_t: 3 g: 0.1
Analogmu_t c: 0.99 maxx: 10 dx: 0.19802 numsamples: 1000000 numCollisionOrders: 20 numMoments: 10
total albedo: 0.808458
per-collision order albedos: 
0 0.221728 0.120767 0.077156 0.054175 0.040254 0.031527 0.025381 0.021045 0.017781 0.015107 0.01311 0.011414 0.010214 0.009103 0.008009 0.007363 0.006817 0.006083 0.005713 
Collision density L:
2.36388 2.23571 2.11147 1.99824 1.88865 1.77983 1.68943 1.59955 1.509 1.42994 1.35092 1.27692 1.20562 1.14363 1.0842 1.01971 0.966621 0.908409 0.858621 0.814196 0.76657 0.722741 0.684522 0.645663 0.611616 0.578286 0.543991 0.513711 0.487578 0.45857 0.432214 0.40902 0.390052 0.368408 0.348268 0.329558 0.310065 0.293814 0.279235 0.264943 0.248455 0.234184 0.223801 0.208838 0.198253 0.185769 0.174407 0.166842 0.155111 0.14696 2.56827 
Collision density R:
2.91088 2.75982 2.60825 2.46572 2.3361 2.19815 2.083 1.96752 1.86447 1.76019 1.66995 1.57836 1.49154 1.40911 1.33438 1.25688 1.19339 1.12723 1.06047 1.00334 0.949703 0.896713 0.844865 0.800895 0.757298 0.714878 0.673796 0.638567 0.598248 0.565494 0.534694 0.506318 0.479715 0.452 0.428296 0.404742 0.383199 0.360287 0.34395 0.327614 0.308287 0.290249 0.274695 0.259444 0.243652 0.23132 0.217726 0.206045 0.192536 0.182522 3.18057 
Density Moments:
19.1112 67.0986 470.768 4937.69 68456.3 1.17077e+06 2.36694e+07 5.50331e+08 1.44359e+10 4.20595e+11 
Per-collision Density Moments:
1 0.334326 0.223598 0.22444 0.300231 0.501292 1.00381 2.35276 6.36617 19.7239 
0.768281 0.438492 0.414625 0.537595 0.881034 1.74076 4.02081 10.6301 31.6779 105.092 
0.639816 0.486007 0.573246 0.890133 1.69869 3.82912 9.93216 29.0998 94.9813 341.657 
0.556176 0.511878 0.707183 1.25786 2.70486 6.78546 19.4009 62.1886 220.683 857.89 
0.49637 0.52805 0.825283 1.63772 3.88615 10.657 33.0334 113.972 432.94 1796.41 
0.451144 0.538046 0.929359 2.02039 5.21625 15.4755 51.6321 190.78 771.827 3388.53 
0.415112 0.545396 1.02579 2.41075 6.68653 21.1771 74.907 291.186 1228.79 5575.12 
0.385561 0.54943 1.11121 2.79359 8.25621 27.7715 104.01 426.643 1891.85 8971.06 
0.360608 0.551697 1.18869 3.1703 9.91438 35.2371 139.371 603.964 2832.62 14233.7 
0.339152 0.553088 1.26183 3.55037 11.6813 43.5932 180.826 821.458 4039.69 21301 
0.32061 0.553404 1.3295 3.92561 13.5123 52.6082 227.107 1071.5 5463.32 29827.8 
0.304339 0.552488 1.39002 4.28889 15.4046 62.5006 280.75 1375.78 7270.9 41060.1 
0.289828 0.551319 1.44821 4.65499 17.3888 73.2698 341.356 1732.99 9480.41 55387.6 
0.27675 0.54999 1.50368 5.02099 19.4668 85.124 411.785 2172.86 12370.7 75316.5 
0.26493 0.547741 1.5529 5.36967 21.5428 97.4566 487.81 2664.35 15706.2 99017.2 
0.254275 0.545358 1.60029 5.71927 23.694 110.616 571.169 3217.91 19571.8 127384 
0.244338 0.542329 1.64291 6.05183 25.8111 123.947 657.853 3806.82 23758.8 158464 
0.235106 0.539161 1.68407 6.39139 28.0612 138.53 754.388 4467.57 28446.4 192891 
0.226672 0.536411 1.72384 6.71966 30.2541 152.919 851.333 5147.71 33437.2 231220 
0 0 0 0 0 0 0 0 0 0 
Per-collision Densities L:
0 0 0 0 0 0 0 0 0 0 0 0 0 0 0 0 0 0 0 0 0 0 0 0 0 0 0 0 0 0 0 0 0 0 0 0 0 0 0 0 0 0 0 0 0 0 0 0 0 0 0 
0.50553 0.277195 0.15499 0.0857894 0.0461267 0.0261338 0.0144986 0.00791335 0.00430765 0.0024442 0.00138875 0.0007676 0.00039895 0.00026765 0.00012625 7.575e-05 3.03e-05 1.515e-05 0 0 0 0 0 0 0 0 0 0 0 0 0 0 0 0 0 0 0 0 0 0 0 0 0 0 0 0 0 0 0 0 0 
0.349208 0.280639 0.204929 0.140905 0.0937028 0.0594991 0.0378397 0.023129 0.0147561 0.00867085 0.0053429 0.00325725 0.0019594 0.00108575 0.0007171 0.00037875 0.00023735 0.00011615 7.575e-05 1.01e-05 2.525e-05 5.05e-06 1.01e-05 0 1.01e-05 0 0 0 0 0 0 0 0 0 0 0 0 0 0 0 0 0 0 0 0 0 0 0 0 0 0 
0.237698 0.22417 0.189128 0.151657 0.114817 0.0818504 0.0582821 0.03939 0.026462 0.0177154 0.0115191 0.00754975 0.0044743 0.00310575 0.00188365 0.0011716 0.0006464 0.0003333 0.0002323 0.00017675 0.00011615 5.05e-05 2.02e-05 2.02e-05 2.02e-05 0 0 0 0 0 0 5.05e-06 0 0 0 0 0 0 0 0 0 0 0 0 0 0 0 0 0 0 0 
0.169892 0.174215 0.159792 0.141829 0.115776 0.0909101 0.0697405 0.0521211 0.037875 0.0259267 0.018579 0.012322 0.0086961 0.0057873 0.00364105 0.0024644 0.0016665 0.0009494 0.00065145 0.0003737 0.00023735 0.0001717 8.585e-05 7.07e-05 2.02e-05 2.02e-05 1.515e-05 1.515e-05 1.01e-05 0 0 0 0 0 0 0 0 0 0 0 0 0 0 0 0 0 0 0 0 0 0 
0.129583 0.135643 0.135916 0.125073 0.110171 0.0906475 0.0746845 0.0587568 0.0444905 0.0336835 0.0247703 0.0181649 0.012822 0.0088779 0.0062216 0.00383295 0.00306535 0.0018988 0.0011918 0.00095445 0.00056055 0.00033835 0.0002121 0.00014645 0.0001313 4.545e-05 5.05e-05 2.02e-05 1.01e-05 1.01e-05 0 0 0 0 0 5.05e-06 0 0 0 0 0 0 0 0 0 0 0 0 0 0 0 
0.10102 0.112519 0.113171 0.107823 0.0993335 0.086855 0.0741239 0.0605344 0.0491567 0.0390971 0.0299869 0.0232098 0.0166751 0.0119231 0.00847895 0.00622665 0.00426725 0.00313605 0.0021109 0.0014544 0.00102515 0.000606 0.00044945 0.0003232 0.0001919 0.00010605 9.595e-05 5.555e-05 4.04e-05 1.01e-05 1.515e-05 2.525e-05 5.05e-06 0 5.05e-06 0 0 1.01e-05 0 0 0 0 0 0 0 0 0 0 0 0 0 
0.082512 0.0928493 0.0956622 0.0935715 0.0908495 0.0820019 0.0713313 0.0629432 0.0513989 0.0416019 0.0335876 0.0262348 0.0203465 0.0150036 0.0117312 0.0083426 0.0063125 0.004545 0.0032219 0.00218665 0.00145945 0.0009797 0.0008383 0.0004848 0.00031815 0.0002121 0.0001414 8.08e-05 8.08e-05 2.02e-05 3.03e-05 2.02e-05 1.01e-05 1.01e-05 0 0 5.05e-06 0 0 0 0 0 0 0 0 0 0 0 0 0 0 
0.0685841 0.0778862 0.0825372 0.0819716 0.0809667 0.0743815 0.0685437 0.0605596 0.0519342 0.0441421 0.0361328 0.0285426 0.0229169 0.0184174 0.0142511 0.010499 0.00808505 0.00596405 0.0043026 0.00312595 0.0023129 0.0015655 0.0011615 0.00085345 0.00049995 0.00043935 0.0002525 0.0001515 9.595e-05 8.08e-05 6.06e-05 2.525e-05 2.02e-05 1.01e-05 5.05e-06 5.05e-06 0 0 0 0 0 0 0 0 0 0 0 0 0 0 0 
0.0570499 0.0659278 0.070094 0.0732553 0.0726746 0.0683114 0.0640997 0.0589184 0.0500102 0.0441673 0.0366277 0.029992 0.0249925 0.0196294 0.0161247 0.0125796 0.00954955 0.00746895 0.00548935 0.00430765 0.0031007 0.0019796 0.0016261 0.00113625 0.00090395 0.0006767 0.00042925 0.0002929 0.0002424 0.0001111 9.09e-05 7.07e-05 9.09e-05 2.02e-05 1.515e-05 5.05e-06 0 0 0 5.05e-06 0 0 0 0 0 0 0 0 0 0 0 
0.0489951 0.0575448 0.0623524 0.066049 0.0653066 0.0629079 0.0596405 0.0541714 0.0486012 0.0433896 0.0377084 0.0321281 0.0264065 0.0218665 0.0174882 0.0148521 0.011206 0.0089688 0.0065953 0.00515605 0.0039491 0.0030098 0.00220685 0.0015453 0.0011211 0.0008484 0.00060095 0.00052015 0.0003232 0.00026765 0.00013635 8.08e-05 8.585e-05 5.05e-05 2.525e-05 1.515e-05 2.02e-05 2.02e-05 5.05e-06 5.05e-06 0 0 0 0 0 0 0 0 0 0 0 
0.0432886 0.0505303 0.0554036 0.0584639 0.0589891 0.0573933 0.0556005 0.0519292 0.0480811 0.0421928 0.0376074 0.0318201 0.0279013 0.0228614 0.0198667 0.0160287 0.012423 0.0101707 0.0076053 0.00620645 0.00480255 0.00347945 0.0029391 0.0021715 0.00141905 0.00111605 0.00090395 0.00063125 0.00041915 0.00028785 0.0002323 0.00019695 0.0001212 9.09e-05 4.04e-05 4.545e-05 2.525e-05 1.515e-05 1.01e-05 1.515e-05 5.05e-06 1.01e-05 5.05e-06 0 0 0 0 0 0 0 0 
0.038072 0.0452177 0.0492981 0.0512777 0.0526968 0.0526968 0.0513888 0.0488739 0.0456116 0.0409505 0.036961 0.0330119 0.0280831 0.0240683 0.0210989 0.0162055 0.0135088 0.0110242 0.0091102 0.0073326 0.0056661 0.0043531 0.00341885 0.00253005 0.00174225 0.00162105 0.00112615 0.00077265 0.000606 0.0003838 0.0003939 0.000202 0.0001515 0.00013635 9.09e-05 6.06e-05 3.535e-05 3.03e-05 5.05e-06 1.01e-05 0 5.05e-06 5.05e-06 0 0 1.01e-05 0 0 0 0 0 
0.0342845 0.0390517 0.0433442 0.0474953 0.0488436 0.0478639 0.0470761 0.0458843 0.0425059 0.0389557 0.0360873 0.033426 0.0277245 0.0250935 0.0206949 0.0176043 0.014544 0.0120493 0.0102667 0.0081204 0.00671145 0.0051611 0.0038077 0.0029391 0.00238865 0.00179275 0.00147965 0.00102515 0.0008484 0.000606 0.000404 0.00029795 0.00022725 0.00010605 0.00011615 8.08e-05 8.585e-05 5.05e-05 1.515e-05 5.05e-06 1.515e-05 2.02e-05 5.05e-06 5.05e-06 5.05e-06 5.05e-06 0 0 0 0 0 
0.0301283 0.0345673 0.0400314 0.0431674 0.0436775 0.0447986 0.0442128 0.0431371 0.0411525 0.0384154 0.035148 0.0315322 0.0289567 0.024442 0.0218918 0.0181346 0.015347 0.0131755 0.011009 0.00887285 0.00736795 0.00543885 0.00432785 0.0034744 0.00296435 0.00224725 0.00181295 0.0014443 0.0010403 0.0007878 0.0005555 0.00041915 0.0002929 0.00022725 0.0001414 0.00011615 9.09e-05 4.04e-05 6.06e-05 2.525e-05 3.03e-05 1.515e-05 5.05e-06 1.01e-05 5.05e-06 1.01e-05 0 0 0 0 0 
0.0271539 0.032017 0.0370822 0.0390062 0.0399203 0.0413848 0.0401374 0.040804 0.0381477 0.0370872 0.0342643 0.0307343 0.0275023 0.0256035 0.0216241 0.0188315 0.0160489 0.0139532 0.0117312 0.0096657 0.0075043 0.0063933 0.0051308 0.0039087 0.0031613 0.00269165 0.00193415 0.0017776 0.00132815 0.000909 0.000707 0.00045955 0.00034845 0.00036865 0.00021715 0.00014645 0.0001212 0.000101 7.07e-05 4.545e-05 5.05e-06 3.535e-05 2.02e-05 1.515e-05 5.05e-06 1.01e-05 0 0 1.01e-05 0 5.05e-06 
0.0251288 0.0292496 0.0330068 0.0351379 0.036355 0.0385719 0.037971 0.0375013 0.036658 0.0356379 0.0326533 0.0296031 0.027669 0.0241491 0.0217201 0.0189022 0.0165085 0.0149733 0.0119736 0.00969095 0.0084436 0.00712555 0.005757 0.0044642 0.00378245 0.002929 0.0024745 0.00194425 0.00160085 0.0011312 0.00087365 0.0005858 0.00051005 0.0003737 0.0003333 0.00020705 0.00017675 0.0001212 0.0001212 5.555e-05 5.05e-05 3.535e-05 2.525e-05 2.525e-05 1.515e-05 1.515e-05 0 5.05e-06 5.05e-06 0 5.05e-06 
0.0229624 0.0265933 0.0293809 0.0327442 0.0335169 0.0353803 0.0357793 0.0358651 0.0351329 0.0335573 0.0312999 0.0291486 0.0266489 0.0246794 0.0214423 0.0190688 0.0176447 0.0145087 0.0123119 0.0107565 0.0091203 0.00709525 0.00621655 0.0049894 0.00436825 0.00331785 0.0025553 0.00215635 0.001717 0.00126755 0.00107565 0.0007979 0.0006666 0.00039895 0.0004242 0.0003232 0.0001818 0.0001919 0.0001212 0.0001111 0.0001414 8.08e-05 4.04e-05 2.525e-05 3.03e-05 2.02e-05 2.525e-05 0 5.05e-06 5.05e-06 1.01e-05 
0.020801 0.0239421 0.0271438 0.0294516 0.0307495 0.0333502 0.0331634 0.0341683 0.0335977 0.0312545 0.0296789 0.0279366 0.0260934 0.0232906 0.0213009 0.018983 0.0173417 0.0149834 0.012822 0.0110999 0.0094435 0.00791335 0.00685285 0.0056358 0.00472175 0.0037269 0.0028078 0.00233815 0.0019796 0.00150995 0.0010908 0.00093425 0.0007272 0.00066155 0.0003838 0.0003535 0.00025755 0.0002424 0.0001515 0.0001515 5.555e-05 7.07e-05 4.04e-05 3.03e-05 6.565e-05 1.515e-05 5.05e-06 1.515e-05 1.01e-05 0 0 
0 0 0 0 0 0 0 0 0 0 0 0 0 0 0 0 0 0 0 0 0 0 0 0 0 0 0 0 0 0 0 0 0 0 0 0 0 0 0 0 0 0 0 0 0 0 0 0 0 0 0 
Per-collision Densities L:
2.25547 1.24979 0.691855 0.381507 0.210232 0.116105 0.0644986 0.0357944 0.0200738 0.0111201 0.0059994 0.0032421 0.0020907 0.00100495 0.0005757 0.00025755 0.000202 7.575e-05 6.06e-05 1.01e-05 2.525e-05 0 0 0 0 0 0 5.05e-06 0 0 0 0 0 0 0 0 0 0 0 0 0 0 0 0 0 0 0 0 0 0 0 
0.329538 0.584901 0.546259 0.425978 0.303136 0.204459 0.134249 0.0853652 0.0533129 0.0331078 0.0207606 0.0123675 0.00765075 0.0043329 0.0026462 0.00170185 0.00082315 0.0005454 0.00026765 0.00016665 0.0001212 6.06e-05 3.03e-05 5.05e-06 1.01e-05 1.01e-05 5.05e-06 5.05e-06 5.05e-06 0 0 0 0 0 0 0 0 0 0 0 0 0 0 0 0 0 0 0 0 0 0 
0.0950865 0.249541 0.319231 0.317292 0.274407 0.218418 0.163448 0.119104 0.0836684 0.0566964 0.0382942 0.0251137 0.0160893 0.010504 0.00694375 0.0041107 0.00255025 0.00152005 0.0009898 0.0005757 0.00042925 0.0002727 9.595e-05 5.05e-05 7.575e-05 2.525e-05 1.01e-05 5.05e-06 5.05e-06 0 5.05e-06 0 5.05e-06 0 0 0 0 0 0 0 0 0 0 0 0 0 0 0 0 0 0 
0.0474751 0.134179 0.193991 0.21663 0.216898 0.193541 0.162529 0.127649 0.0993588 0.0744118 0.0527978 0.0376074 0.0262449 0.0178164 0.0123321 0.00806485 0.0055348 0.00314615 0.00221695 0.0013938 0.00085345 0.0005858 0.0003939 0.0002222 0.0001212 5.555e-05 4.04e-05 5.555e-05 2.02e-05 5.05e-06 1.01e-05 5.05e-06 5.05e-06 5.05e-06 0 0 0 0 0 0 0 0 0 0 0 0 0 0 0 0 0 
0.0300778 0.0867691 0.129911 0.157116 0.166266 0.161262 0.144506 0.124134 0.102086 0.0823453 0.0629887 0.0480003 0.0350824 0.0253914 0.0181649 0.0119382 0.00893345 0.00611555 0.003939 0.00261085 0.00186345 0.0013736 0.000707 0.00046965 0.00026765 0.0001818 0.0001111 7.575e-05 4.545e-05 2.02e-05 2.525e-05 2.02e-05 5.05e-06 0 0 0 0 1.01e-05 0 0 0 0 0 0 0 0 0 0 0 0 0 
0.0213918 0.0620746 0.0952279 0.117625 0.13127 0.130548 0.126038 0.114711 0.0981013 0.0825271 0.0678064 0.0547168 0.0413444 0.031613 0.0229472 0.0173215 0.0123574 0.00905465 0.00615595 0.00441875 0.0029795 0.00194425 0.0014948 0.0009797 0.000505 0.0004545 0.00020705 0.0001616 0.0001313 8.08e-05 4.545e-05 2.525e-05 1.515e-05 5.05e-06 5.05e-06 0 0 1.01e-05 5.05e-06 0 0 0 0 0 0 0 0 0 0 0 0 
0.0160085 0.046455 0.0719878 0.092213 0.105681 0.109908 0.109822 0.103172 0.0929453 0.079785 0.0682861 0.0564136 0.0458035 0.0361631 0.0281184 0.0213211 0.0162964 0.0121907 0.00856985 0.0063731 0.0047167 0.00306535 0.00215635 0.0017069 0.00109585 0.0007171 0.0004848 0.0003232 0.00015655 0.0001515 4.04e-05 5.05e-05 3.03e-05 2.525e-05 5.05e-06 0 5.05e-06 0 5.05e-06 0 0 0 0 0 0 0 0 0 0 0 0 
0.0124735 0.0371731 0.0576508 0.0742098 0.0859712 0.0916777 0.0941573 0.0904758 0.0852289 0.0753157 0.0667459 0.0573983 0.0480962 0.0394405 0.0311989 0.0244016 0.0190436 0.0145945 0.0110696 0.0083022 0.0060701 0.0046359 0.00315625 0.00240885 0.0016059 0.00113625 0.0008686 0.0005252 0.000404 0.0002828 0.00012625 0.00012625 9.09e-05 3.03e-05 3.03e-05 1.515e-05 1.01e-05 0 1.01e-05 0 0 0 0 0 0 0 0 0 0 0 0 
0.00998385 0.029189 0.0473943 0.0616656 0.0722453 0.0789063 0.0816333 0.0804364 0.0765277 0.0714828 0.0647764 0.056151 0.0482629 0.0403798 0.0337694 0.0267044 0.0213868 0.0170286 0.0130947 0.0102313 0.00738815 0.00568125 0.00425715 0.0030704 0.0024846 0.00174225 0.00115645 0.0007575 0.00069185 0.00044945 0.0002626 0.0001717 0.0001515 9.595e-05 8.08e-05 2.525e-05 3.03e-05 5.05e-06 5.05e-06 2.02e-05 5.05e-06 5.05e-06 0 0 0 0 0 0 0 0 0 
0.00845875 0.0247753 0.0399354 0.0518938 0.0610697 0.0681599 0.0713414 0.0723463 0.0692103 0.0663671 0.0615242 0.0557066 0.0480457 0.0412333 0.0350117 0.0287901 0.0242148 0.0191597 0.0152056 0.0118372 0.0090496 0.0072518 0.00543885 0.0038986 0.00294415 0.00200485 0.00168165 0.00113625 0.00082315 0.00073225 0.0004949 0.0002929 0.00017675 0.00014645 0.00010605 3.535e-05 3.03e-05 5.05e-05 2.02e-05 1.515e-05 1.515e-05 1.515e-05 0 0 5.05e-06 0 0 0 0 0 0 
0.00675185 0.0208161 0.0333401 0.0440259 0.0528887 0.0584487 0.0627665 0.0644279 0.063933 0.0611101 0.0571761 0.0521211 0.0473185 0.0406778 0.0358904 0.0297142 0.0254015 0.0208464 0.0168923 0.0135896 0.0108474 0.00838805 0.0062822 0.0048783 0.003737 0.00279265 0.00222705 0.00168165 0.00111605 0.00081305 0.00054035 0.00045955 0.0002828 0.00026765 0.0001313 9.595e-05 8.585e-05 4.04e-05 2.525e-05 1.515e-05 3.03e-05 1.01e-05 5.05e-06 1.515e-05 0 5.05e-06 0 0 0 0 0 
0.0057873 0.0174175 0.0280225 0.0383901 0.0462984 0.0513282 0.0556611 0.0580599 0.0571559 0.0566509 0.0531715 0.0500354 0.0459752 0.0399556 0.0352692 0.0300829 0.0264065 0.0214777 0.0180487 0.0147915 0.0124331 0.00954955 0.0076558 0.0057166 0.00453995 0.0032926 0.0027068 0.00201495 0.00154025 0.0011514 0.0008989 0.00062115 0.00033835 0.00033835 0.0002727 0.00016665 0.000101 0.0001111 5.05e-05 3.535e-05 1.01e-05 1.01e-05 1.01e-05 5.05e-06 0 0 5.05e-06 0 5.05e-06 0 0 
0.0050298 0.0156298 0.0247501 0.0330169 0.0407687 0.0466115 0.0493284 0.0528533 0.0522524 0.0519696 0.0497425 0.0470307 0.0442178 0.0391476 0.0346733 0.0308505 0.026765 0.0222604 0.0188365 0.0162105 0.0132462 0.0105394 0.00869105 0.0065953 0.00525705 0.00400465 0.003333 0.00256035 0.00191395 0.0015352 0.0011817 0.000808 0.0006868 0.00041915 0.00032825 0.00017675 0.0001919 0.0001111 6.565e-05 5.555e-05 5.555e-05 3.535e-05 1.515e-05 5.05e-06 2.02e-05 5.05e-06 0 0 0 5.05e-06 0 
0.0046056 0.0133926 0.022114 0.0292698 0.0359005 0.0409202 0.0448238 0.0472327 0.0486063 0.0484194 0.0469499 0.0445309 0.0418746 0.038582 0.0344562 0.0305071 0.0266489 0.022826 0.0202303 0.0170084 0.0139936 0.0113625 0.0095546 0.00730735 0.00606 0.0047571 0.0037572 0.00308555 0.0024745 0.0016968 0.00148975 0.00100495 0.0007474 0.0006666 0.0003636 0.0003333 0.00027775 0.00018685 0.00015655 0.000101 7.07e-05 2.525e-05 2.525e-05 1.01e-05 2.02e-05 5.05e-06 1.515e-05 1.01e-05 0 0 1.01e-05 
0.00411575 0.0124129 0.0190234 0.025851 0.0322897 0.0370418 0.0407939 0.0422887 0.0443895 0.0429503 0.0438391 0.0429048 0.039289 0.0369963 0.0329765 0.0302596 0.0268105 0.0241592 0.0201798 0.0173771 0.0150692 0.0120897 0.0104535 0.00826685 0.0065751 0.00529745 0.0043733 0.0033027 0.002727 0.00217655 0.0016968 0.0012726 0.0009191 0.00074235 0.0005252 0.00041915 0.00032825 0.00026765 0.0002121 0.0001313 0.00010605 6.565e-05 6.06e-05 3.535e-05 2.525e-05 1.01e-05 1.515e-05 1.515e-05 1.01e-05 0 1.01e-05 
0.00352995 0.0108171 0.0176094 0.0229725 0.028477 0.0326584 0.037466 0.0390365 0.0414605 0.0407788 0.0408596 0.0395617 0.0372236 0.0356631 0.0330018 0.0295728 0.0267196 0.023528 0.0208565 0.0177003 0.0150036 0.0130492 0.0111454 0.0089688 0.00729725 0.0059994 0.0046864 0.0042622 0.0031108 0.0024745 0.00201495 0.00152005 0.0012221 0.00085345 0.00066155 0.0004848 0.00046965 0.0002727 0.00030805 0.0002121 0.000101 0.0001111 6.565e-05 4.545e-05 4.545e-05 2.525e-05 1.01e-05 1.01e-05 0 1.01e-05 2.525e-05 
0.00321685 0.00971115 0.0160944 0.0215736 0.0260328 0.0291688 0.0334866 0.0355975 0.0382184 0.038476 0.0381124 0.037264 0.036052 0.0334967 0.0320019 0.0289113 0.0262853 0.024235 0.0208262 0.0181851 0.0157914 0.0133371 0.0116605 0.0096253 0.007979 0.0061812 0.00533785 0.004545 0.0037067 0.00270175 0.0022624 0.00159075 0.0013837 0.0010504 0.0007676 0.0006565 0.00058075 0.00030805 0.0003333 0.000202 0.00019695 0.00015655 8.08e-05 8.08e-05 7.07e-05 2.525e-05 3.535e-05 1.01e-05 1.515e-05 1.01e-05 2.525e-05 
0.00296435 0.0084638 0.0141602 0.0196294 0.0240784 0.0266337 0.0309262 0.032825 0.0347996 0.0355874 0.0356126 0.0356025 0.0340875 0.0322746 0.030194 0.0274569 0.0258207 0.0232048 0.0212252 0.0184426 0.015756 0.0139431 0.0121958 0.0100697 0.00872135 0.0068781 0.00567115 0.00511565 0.00406525 0.00338855 0.0024947 0.00202505 0.0014847 0.0012928 0.0009999 0.00074235 0.0006565 0.00042925 0.0004141 0.00026765 0.0002424 0.00015655 8.08e-05 9.09e-05 5.05e-05 5.05e-05 3.535e-05 1.515e-05 2.525e-05 5.05e-06 3.03e-05 
0.0025957 0.00775175 0.0129533 0.0175084 0.0219221 0.0250177 0.0285578 0.0309717 0.0320625 0.0332896 0.0332593 0.0336583 0.0321382 0.0314211 0.0295375 0.0269418 0.0255631 0.0233108 0.020801 0.0190587 0.0159277 0.0141198 0.0123725 0.0104485 0.0089789 0.0075144 0.00607515 0.00540855 0.0044743 0.00369155 0.00302495 0.00221695 0.00195435 0.00143925 0.0013635 0.00093425 0.00074235 0.00058075 0.00036865 0.00029795 0.00030805 0.0001818 0.00014645 0.00013635 0.0001111 4.545e-05 5.555e-05 3.535e-05 1.01e-05 2.02e-05 4.545e-05 
0 0 0 0 0 0 0 0 0 0 0 0 0 0 0 0 0 0 0 0 0 0 0 0 0 0 0 0 0 0 0 0 0 0 0 0 0 0 0 0 0 0 0 0 0 0 0 0 0 0 0 
