Half rod, albedo problem, Anisotropic scattering, exponential random flight, mu_t: 1 g: -0.3
Analogmu_t c: 0.3 maxx: 10 dx: 0.19802 numsamples: 10000000 numCollisionOrders: 20 numMoments: 10
total albedo: 0.110329
per-collision order albedos: 
0 0.0976051 0.0102011 0.0020062 0.0004027 8.94e-05 1.74e-05 4.8e-06 1.3e-06 5e-07 1e-07 0 0 0 0 0 0 0 0 0 
Collision density L:
0.101554 0.0853339 0.0713242 0.0604202 0.0507252 0.0428351 0.0358373 0.0300632 0.0253167 0.0213494 0.0179947 0.0149682 0.0127477 0.0107338 0.00902334 0.00752299 0.00635038 0.00530048 0.00450662 0.00381679 0.00309767 0.0027063 0.00226695 0.00189729 0.00157762 0.00135138 0.00110797 0.00098677 0.00081103 0.00067367 0.000580245 0.000499445 0.00040703 0.00031209 0.000265125 0.000240885 0.000192405 0.00017372 0.0001313 0.000134835 9.3425e-05 8.3325e-05 6.868e-05 7.1205e-05 4.343e-05 4.545e-05 2.7775e-05 2.828e-05 2.424e-05 1.8685e-05 0.000117665 
Collision density R:
0.918575 0.77244 0.650355 0.547089 0.459413 0.386452 0.324313 0.273662 0.230463 0.193139 0.163167 0.137094 0.11553 0.096859 0.0818342 0.068423 0.0573104 0.0484825 0.0409898 0.0342865 0.0286658 0.0241632 0.0204995 0.0171341 0.0142516 0.0123452 0.0101798 0.00861379 0.00727503 0.00603021 0.00510858 0.00425867 0.00367489 0.00301334 0.00254823 0.00215938 0.00179376 0.00154227 0.00124988 0.00107969 0.000882235 0.000767095 0.000675185 0.000549945 0.00047066 0.00037067 0.000320675 0.000275225 0.00021715 0.000198465 0.00104081 
Density Moments:
1.27109 1.45462 3.32991 11.4373 52.3927 299.903 2056.15 16372.7 147798 1.4826e+06 
Per-collision Density Moments:
1 0.999899 1.99995 6.00135 24.013 120.022 718.122 4986.93 39239.1 343095 
0.202475 0.307205 0.824005 3.10205 14.9389 87.4474 602.032 4759.9 42414.9 419278 
0.0506017 0.101847 0.328082 1.42238 7.69285 49.6338 370.743 3136.76 29543 305099 
0.0131458 0.0316355 0.117429 0.574767 3.47127 24.8986 206.661 1945.29 20409 234892 
0.0035251 0.0097159 0.0399889 0.212426 1.36721 10.253 87.048 817.696 8343.11 91124.9 
0.0009658 0.00299201 0.0136342 0.0799776 0.565589 4.60453 41.6677 408.3 4250.84 46384.3 
0.0002714 0.000938696 0.00474675 0.0306741 0.236718 2.08784 20.3991 215.689 2424.27 28569.7 
7.52e-05 0.00027715 0.00144415 0.00942463 0.0729608 0.647693 6.42416 69.5925 806.804 9837.19 
2.1e-05 8.49714e-05 0.000476389 0.00328276 0.0261883 0.233247 2.26578 23.6207 260.989 3024.17 
5.6e-06 2.29979e-05 0.000128356 0.000892193 0.00746366 0.0720743 0.769996 8.79547 104.919 1287.34 
1e-06 3.34763e-06 1.30432e-05 5.27513e-05 0.000219506 0.000933813 0.00404219 0.0177414 0.078745 0.352739 
2e-07 9.77984e-07 5.57355e-06 3.49929e-05 0.000231005 0.00156091 0.0106558 0.0730641 0.50192 3.45071 
2e-07 7.25167e-07 3.21064e-06 1.58566e-05 8.21097e-05 0.000433058 0.00229957 0.0122412 0.0652208 0.347608 
0 0 0 0 0 0 0 0 0 0 
0 0 0 0 0 0 0 0 0 0 
0 0 0 0 0 0 0 0 0 0 
0 0 0 0 0 0 0 0 0 0 
0 0 0 0 0 0 0 0 0 0 
0 0 0 0 0 0 0 0 0 0 
0 0 0 0 0 0 0 0 0 0 
Per-collision Densities L:
0 0 0 0 0 0 0 0 0 0 0 0 0 0 0 0 0 0 0 0 0 0 0 0 0 0 0 0 0 0 0 0 0 0 0 0 0 0 0 0 0 0 0 0 0 0 0 0 0 0 0 
0.0886992 0.0725907 0.059384 0.0489269 0.0400531 0.0330871 0.0269877 0.0221544 0.0180563 0.0148884 0.0121862 0.00992679 0.00825322 0.00675185 0.00553581 0.00449349 0.003686 0.0030295 0.00249925 0.00207454 0.00165893 0.001363 0.00114837 0.000943845 0.00076356 0.000647915 0.00050803 0.0004444 0.000343905 0.00028078 0.000240885 0.00021412 0.00016564 0.00011514 0.0001111 8.6355e-05 6.4135e-05 5.454e-05 4.646e-05 4.242e-05 3.3835e-05 2.727e-05 1.9695e-05 1.919e-05 1.01e-05 1.111e-05 8.08e-06 7.575e-06 5.555e-06 5.05e-06 2.5755e-05 
0.0101934 0.0100439 0.00921878 0.00870822 0.00794365 0.00717403 0.00642461 0.00566358 0.00515151 0.00449097 0.00394557 0.00342946 0.00297496 0.00261136 0.00227705 0.00197304 0.00166903 0.00142966 0.00121705 0.00104535 0.00089284 0.00078982 0.00065246 0.000532775 0.000446925 0.000390365 0.00033734 0.000291385 0.000239875 0.00020806 0.000172205 0.000143925 0.000131805 8.7365e-05 8.181e-05 7.07e-05 5.858e-05 5.05e-05 3.8885e-05 4.343e-05 2.4745e-05 2.323e-05 2.1715e-05 2.121e-05 1.1615e-05 1.3635e-05 1.01e-05 6.565e-06 7.575e-06 6.565e-06 3.232e-05 
0.00210535 0.00211141 0.00213363 0.00219524 0.00209222 0.00198061 0.00184578 0.00166246 0.0015554 0.00144329 0.00134936 0.0011716 0.00107969 0.000958995 0.000833755 0.000704475 0.0006969 0.00056055 0.00051914 0.00043935 0.000354005 0.000359055 0.000298455 0.0002626 0.000230785 0.00020301 0.000158065 0.000160085 0.00013938 0.00010908 9.5445e-05 8.0295e-05 6.8175e-05 6.1105e-05 4.141e-05 4.343e-05 3.636e-05 3.838e-05 2.2725e-05 2.727e-05 1.8685e-05 1.7675e-05 8.585e-06 1.5655e-05 1.414e-05 1.1615e-05 3.535e-06 5.555e-06 7.07e-06 3.03e-06 2.424e-05 
0.000442885 0.00045551 0.00044844 0.00045652 0.000492375 0.000443895 0.0004343 0.00042723 0.000404505 0.00036966 0.000375215 0.0003333 0.000307545 0.00028583 0.00026361 0.00025048 0.00021109 0.00019291 0.000190385 0.000176245 0.00013029 0.000130795 0.00010908 0.000103525 9.494e-05 7.4235e-05 6.9185e-05 6.464e-05 5.1005e-05 4.7975e-05 4.5955e-05 3.737e-05 2.828e-05 2.9795e-05 1.8685e-05 2.828e-05 1.818e-05 1.9695e-05 1.3635e-05 1.212e-05 7.575e-06 6.565e-06 1.0605e-05 6.565e-06 5.05e-06 2.525e-06 3.535e-06 5.555e-06 2.02e-06 2.02e-06 1.919e-05 
8.484e-05 0.00010605 0.00010201 0.00011009 0.00010302 0.000119685 0.000109585 0.000112615 0.0001111 0.000110595 0.000101505 7.171e-05 9.696e-05 9.5445e-05 7.9285e-05 6.8175e-05 6.363e-05 6.565e-05 6.0095e-05 6.161e-05 4.6965e-05 4.242e-05 3.838e-05 3.5855e-05 2.727e-05 2.8785e-05 2.3735e-05 1.414e-05 2.424e-05 2.02e-05 1.7675e-05 1.5655e-05 7.575e-06 8.08e-06 1.01e-05 8.585e-06 6.565e-06 6.565e-06 5.05e-06 4.04e-06 3.535e-06 5.05e-06 3.535e-06 3.535e-06 1.01e-06 3.535e-06 1.515e-06 2.02e-06 2.02e-06 1.01e-06 9.595e-06 
1.919e-05 2.121e-05 3.1815e-05 1.818e-05 3.03e-05 2.3735e-05 2.5755e-05 3.2825e-05 2.626e-05 3.8885e-05 2.8785e-05 2.626e-05 2.4745e-05 1.919e-05 2.4745e-05 2.525e-05 1.7675e-05 1.4645e-05 1.3635e-05 1.1615e-05 8.08e-06 1.616e-05 1.212e-05 1.01e-05 8.08e-06 4.04e-06 7.07e-06 9.09e-06 7.07e-06 3.535e-06 6.565e-06 5.555e-06 4.04e-06 8.08e-06 1.515e-06 2.525e-06 4.04e-06 2.02e-06 4.545e-06 4.545e-06 3.03e-06 3.03e-06 2.525e-06 3.03e-06 1.01e-06 1.515e-06 0 1.01e-06 0 5.05e-07 4.545e-06 
6.565e-06 3.535e-06 5.05e-06 3.535e-06 1.01e-05 5.555e-06 7.575e-06 8.08e-06 8.08e-06 6.565e-06 6.565e-06 6.06e-06 8.585e-06 8.585e-06 6.565e-06 5.555e-06 6.06e-06 4.545e-06 6.06e-06 6.06e-06 3.535e-06 2.525e-06 6.06e-06 3.535e-06 4.04e-06 2.525e-06 2.525e-06 2.02e-06 4.04e-06 3.03e-06 1.01e-06 1.515e-06 1.515e-06 2.02e-06 5.05e-07 1.01e-06 3.03e-06 1.515e-06 0 1.01e-06 1.515e-06 5.05e-07 1.01e-06 1.515e-06 0 1.01e-06 1.01e-06 0 0 5.05e-07 1.01e-06 
1.01e-06 1.01e-06 5.05e-07 1.515e-06 5.05e-07 5.05e-07 5.05e-07 2.02e-06 3.03e-06 5.05e-07 1.01e-06 2.525e-06 1.515e-06 2.02e-06 1.515e-06 1.515e-06 0 2.02e-06 1.01e-06 1.01e-06 2.525e-06 2.525e-06 1.515e-06 2.02e-06 1.01e-06 5.05e-07 1.515e-06 1.01e-06 1.515e-06 1.01e-06 5.05e-07 5.05e-07 0 5.05e-07 0 0 1.01e-06 5.05e-07 0 0 5.05e-07 0 1.01e-06 5.05e-07 0 5.05e-07 0 0 0 0 1.01e-06 
1.01e-06 5.05e-07 0 0 0 0 1.515e-06 0 5.05e-07 0 0 5.05e-07 5.05e-07 5.05e-07 5.05e-07 5.05e-07 0 5.05e-07 0 1.01e-06 5.05e-07 0 5.05e-07 2.525e-06 5.05e-07 0 0 0 0 0 0 5.05e-07 0 0 0 0 5.05e-07 0 0 0 0 0 0 0 5.05e-07 0 0 0 0 0 0 
5.05e-07 0 0 0 0 0 0 0 0 0 5.05e-07 0 0 0 0 5.05e-07 0 5.05e-07 0 0 0 0 0 5.05e-07 5.05e-07 0 0 0 0 0 0 0 0 0 0 0 0 0 0 0 0 0 0 0 0 0 0 0 0 0 0 
0 0 0 0 0 0 0 0 0 0 0 0 0 0 5.05e-07 0 0 0 0 0 0 0 0 0 0 0 0 0 0 0 0 0 0 0 0 0 0 0 0 0 0 0 0 0 0 0 0 0 0 0 0 
0 0 0 0 0 0 0 0 0 5.05e-07 0 0 0 0 0 0 0 0 0 0 0 0 0 0 0 0 5.05e-07 0 0 0 0 0 0 0 0 0 0 0 0 0 0 0 0 0 0 0 0 0 0 0 0 
0 0 0 0 0 0 0 0 0 0 0 0 0 0 0 0 0 0 0 0 0 0 0 0 0 0 0 0 0 0 0 0 0 0 0 0 0 0 0 0 0 0 0 0 0 0 0 0 0 0 0 
0 0 0 0 0 0 0 0 0 0 0 0 0 0 0 0 0 0 0 0 0 0 0 0 0 0 0 0 0 0 0 0 0 0 0 0 0 0 0 0 0 0 0 0 0 0 0 0 0 0 0 
0 0 0 0 0 0 0 0 0 0 0 0 0 0 0 0 0 0 0 0 0 0 0 0 0 0 0 0 0 0 0 0 0 0 0 0 0 0 0 0 0 0 0 0 0 0 0 0 0 0 0 
0 0 0 0 0 0 0 0 0 0 0 0 0 0 0 0 0 0 0 0 0 0 0 0 0 0 0 0 0 0 0 0 0 0 0 0 0 0 0 0 0 0 0 0 0 0 0 0 0 0 0 
0 0 0 0 0 0 0 0 0 0 0 0 0 0 0 0 0 0 0 0 0 0 0 0 0 0 0 0 0 0 0 0 0 0 0 0 0 0 0 0 0 0 0 0 0 0 0 0 0 0 0 
0 0 0 0 0 0 0 0 0 0 0 0 0 0 0 0 0 0 0 0 0 0 0 0 0 0 0 0 0 0 0 0 0 0 0 0 0 0 0 0 0 0 0 0 0 0 0 0 0 0 0 
0 0 0 0 0 0 0 0 0 0 0 0 0 0 0 0 0 0 0 0 0 0 0 0 0 0 0 0 0 0 0 0 0 0 0 0 0 0 0 0 0 0 0 0 0 0 0 0 0 0 0 
Per-collision Densities L:
0.907517 0.744091 0.610945 0.501378 0.410554 0.336713 0.27563 0.226909 0.186227 0.152492 0.125569 0.102843 0.084532 0.0690451 0.0569483 0.0463938 0.0380149 0.031207 0.0257646 0.0210848 0.0172392 0.0141678 0.0116776 0.00947633 0.00769519 0.006514 0.00526109 0.00434856 0.00358449 0.00286285 0.00237603 0.00193718 0.00165085 0.00129836 0.00110393 0.00087466 0.0007171 0.00058681 0.000496415 0.00041006 0.00032421 0.00027068 0.000226745 0.000189375 0.000152005 0.000130795 0.000102515 8.484e-05 6.7165e-05 6.363e-05 0.000250985 
0.00907081 0.0229467 0.0317286 0.0362661 0.0382548 0.0384143 0.0371594 0.035297 0.0329472 0.0298829 0.027322 0.0245263 0.0218574 0.0192708 0.0171316 0.0149409 0.0129729 0.0113751 0.00999244 0.00853854 0.0072417 0.00621857 0.0054737 0.00465459 0.00397082 0.00347036 0.00292244 0.00244622 0.00209323 0.00178265 0.00151955 0.00126301 0.00111252 0.00091506 0.000754975 0.000653975 0.000562065 0.0004848 0.000343905 0.000313605 0.00026664 0.00023331 0.000207555 0.00016059 0.00014443 9.8475e-05 9.5445e-05 7.979e-05 7.0195e-05 5.353e-05 0.00031209 
0.0017372 0.00463287 0.00653268 0.0079785 0.00875115 0.0092006 0.0092516 0.00917282 0.00891325 0.00836179 0.00793103 0.00741037 0.00684932 0.00635088 0.00567317 0.00513131 0.00453945 0.00418948 0.00367135 0.00325018 0.00285628 0.00256187 0.00224422 0.0019695 0.00170943 0.00150389 0.00126452 0.00117312 0.00102616 0.00088981 0.000758005 0.000649935 0.000556005 0.000489345 0.00041612 0.000367135 0.000302495 0.00027775 0.000241895 0.00020705 0.00015049 0.000147965 0.00013231 0.00011009 0.000100495 7.474e-05 6.6155e-05 4.848e-05 3.636e-05 4.141e-05 0.00021109 
0.00019493 0.000610545 0.00092617 0.00116302 0.00147965 0.00165943 0.00177811 0.00174579 0.00181194 0.00183164 0.00174326 0.00174579 0.00169175 0.00162358 0.00151399 0.00143875 0.00129836 0.00121907 0.00112363 0.000991315 0.000935765 0.000857995 0.0007676 0.000715585 0.0005858 0.000574185 0.00049187 0.00043329 0.000364105 0.00032118 0.00029189 0.000276235 0.00022624 0.000201495 0.000175235 0.00016362 0.00013332 0.00011817 0.00010908 9.292e-05 7.676e-05 6.7165e-05 6.868e-05 5.757e-05 4.141e-05 4.04e-05 3.2825e-05 3.3835e-05 2.3735e-05 2.121e-05 0.00013837 
4.5955e-05 0.000124735 0.000176245 0.000236845 0.00028785 0.00036562 0.000377235 0.00041612 0.000439855 0.00044844 0.00044945 0.000423695 0.00045551 0.00039794 0.000420665 0.00038077 0.0003434 0.00036663 0.00031512 0.000293405 0.00028684 0.000246945 0.00023533 0.000216645 0.000203515 0.000201495 0.000172205 0.0001414 0.00013837 0.00011918 0.000105545 9.2415e-05 8.585e-05 7.5245e-05 6.3125e-05 6.565e-05 4.7975e-05 5.1005e-05 3.8885e-05 3.939e-05 3.939e-05 2.828e-05 2.121e-05 1.6665e-05 1.515e-05 9.595e-06 1.4645e-05 1.515e-05 1.1615e-05 1.01e-05 6.666e-05 
8.08e-06 2.626e-05 3.333e-05 5.151e-05 6.666e-05 7.575e-05 8.787e-05 8.686e-05 9.696e-05 8.989e-05 0.00011716 0.000116655 0.0001111 0.00012423 0.000105545 9.292e-05 0.00010504 8.686e-05 9.191e-05 9.3425e-05 7.3225e-05 7.8275e-05 7.2215e-05 7.2215e-05 6.3125e-05 5.9085e-05 4.848e-05 4.6965e-05 4.4945e-05 3.535e-05 3.737e-05 2.424e-05 2.727e-05 2.222e-05 1.9695e-05 2.6765e-05 2.02e-05 1.7675e-05 1.2625e-05 1.2625e-05 1.8685e-05 1.212e-05 1.0605e-05 8.08e-06 1.111e-05 9.09e-06 7.07e-06 7.575e-06 3.535e-06 5.05e-06 3.9895e-05 
1.01e-06 6.565e-06 7.07e-06 1.313e-05 1.616e-05 1.4645e-05 2.1715e-05 2.727e-05 2.1715e-05 2.4745e-05 2.525e-05 2.02e-05 2.323e-05 3.535e-05 3.1815e-05 3.232e-05 2.727e-05 2.7775e-05 2.323e-05 2.3735e-05 2.828e-05 2.02e-05 2.02e-05 2.1715e-05 1.717e-05 1.5655e-05 1.5655e-05 1.616e-05 1.7675e-05 1.212e-05 1.414e-05 1.1615e-05 1.2625e-05 8.585e-06 1.1615e-05 5.05e-06 8.08e-06 4.545e-06 4.545e-06 2.525e-06 3.03e-06 5.05e-06 5.555e-06 5.05e-06 3.535e-06 5.05e-06 1.01e-06 4.545e-06 3.03e-06 2.02e-06 1.6665e-05 
0 1.515e-06 3.535e-06 1.515e-06 2.02e-06 7.07e-06 4.04e-06 5.555e-06 4.545e-06 4.04e-06 6.06e-06 6.06e-06 8.585e-06 7.575e-06 4.545e-06 1.0605e-05 7.575e-06 6.565e-06 7.07e-06 7.07e-06 2.525e-06 9.09e-06 6.06e-06 6.565e-06 4.545e-06 4.545e-06 2.02e-06 5.555e-06 5.05e-06 5.05e-06 4.545e-06 3.535e-06 2.525e-06 2.525e-06 2.02e-06 1.515e-06 2.02e-06 1.01e-06 1.01e-06 1.01e-06 3.03e-06 1.515e-06 1.515e-06 1.515e-06 1.01e-06 2.525e-06 0 1.01e-06 5.05e-07 1.01e-06 3.535e-06 
0 5.05e-07 1.01e-06 1.01e-06 5.05e-07 2.02e-06 3.535e-06 1.01e-06 0 2.02e-06 4.04e-06 1.515e-06 1.01e-06 3.03e-06 1.515e-06 1.01e-06 1.515e-06 3.535e-06 0 3.03e-06 1.515e-06 1.01e-06 2.02e-06 1.01e-06 1.515e-06 2.02e-06 1.01e-06 2.525e-06 0 1.01e-06 5.05e-07 5.05e-07 1.01e-06 5.05e-07 5.05e-07 5.05e-07 5.05e-07 5.05e-07 1.515e-06 5.05e-07 0 1.01e-06 1.01e-06 1.01e-06 1.01e-06 0 1.01e-06 0 1.01e-06 5.05e-07 5.05e-07 
0 0 5.05e-07 0 0 0 0 5.05e-07 0 1.01e-06 0 0 0 5.05e-07 2.525e-06 5.05e-07 0 5.05e-07 5.05e-07 5.05e-07 5.05e-07 5.05e-07 5.05e-07 0 5.05e-07 0 5.05e-07 0 1.01e-06 1.01e-06 1.01e-06 0 0 0 5.05e-07 5.05e-07 0 0 0 0 0 0 0 0 5.05e-07 0 0 0 0 0 1.01e-06 
0 0 0 0 0 0 0 0 0 0 0 0 0 0 5.05e-07 0 0 0 0 5.05e-07 0 1.01e-06 0 0 0 0 0 0 0 0 0 0 0 0 0 0 0 0 0 0 0 0 0 0 0 0 0 0 0 0 0 
0 0 0 0 0 0 0 0 0 0 0 0 0 0 0 0 0 0 0 0 0 0 0 0 0 0 0 0 0 0 0 0 0 0 5.05e-07 0 0 0 0 0 0 0 0 0 0 0 0 0 0 0 0 
0 0 0 0 0 0 0 0 0 0 0 0 0 0 0 0 0 0 0 0 0 0 0 0 0 0 0 0 0 0 0 0 0 0 0 0 0 0 0 0 0 0 0 0 0 0 0 0 0 0 0 
0 0 0 0 0 0 0 0 0 0 0 0 0 0 0 0 0 0 0 0 0 0 0 0 0 0 0 0 0 0 0 0 0 0 0 0 0 0 0 0 0 0 0 0 0 0 0 0 0 0 0 
0 0 0 0 0 0 0 0 0 0 0 0 0 0 0 0 0 0 0 0 0 0 0 0 0 0 0 0 0 0 0 0 0 0 0 0 0 0 0 0 0 0 0 0 0 0 0 0 0 0 0 
0 0 0 0 0 0 0 0 0 0 0 0 0 0 0 0 0 0 0 0 0 0 0 0 0 0 0 0 0 0 0 0 0 0 0 0 0 0 0 0 0 0 0 0 0 0 0 0 0 0 0 
0 0 0 0 0 0 0 0 0 0 0 0 0 0 0 0 0 0 0 0 0 0 0 0 0 0 0 0 0 0 0 0 0 0 0 0 0 0 0 0 0 0 0 0 0 0 0 0 0 0 0 
0 0 0 0 0 0 0 0 0 0 0 0 0 0 0 0 0 0 0 0 0 0 0 0 0 0 0 0 0 0 0 0 0 0 0 0 0 0 0 0 0 0 0 0 0 0 0 0 0 0 0 
0 0 0 0 0 0 0 0 0 0 0 0 0 0 0 0 0 0 0 0 0 0 0 0 0 0 0 0 0 0 0 0 0 0 0 0 0 0 0 0 0 0 0 0 0 0 0 0 0 0 0 
0 0 0 0 0 0 0 0 0 0 0 0 0 0 0 0 0 0 0 0 0 0 0 0 0 0 0 0 0 0 0 0 0 0 0 0 0 0 0 0 0 0 0 0 0 0 0 0 0 0 0 
