Half rod, albedo problem, Anisotropic scattering, exponential random flight, mu_t: 3 g: 0.1
Analogmu_t c: 0.5 maxx: 10 dx: 0.19802 numsamples: 10000000 numCollisionOrders: 20 numMoments: 10
total albedo: 0.159199
per-collision order albedos: 
0 0.112559 0.0309353 0.0099629 0.0035377 0.0013263 0.0005151 0.0002084 9.04e-05 3.53e-05 1.61e-05 7.5e-06 3.3e-06 1.1e-06 4e-07 2e-07 1e-07 0 0 0 
Collision density L:
0.391445 0.260641 0.172925 0.114863 0.076206 0.0504106 0.0338148 0.0223109 0.0148662 0.0098066 0.00654935 0.00432684 0.00284214 0.00191749 0.00132563 0.00083628 0.00057469 0.00037067 0.000251995 0.000155035 0.00010302 7.777e-05 4.444e-05 3.6865e-05 2.4745e-05 1.9695e-05 1.3635e-05 3.535e-06 3.535e-06 2.02e-06 1.01e-06 0 2.02e-06 0 0 0 0 0 0 0 0 5.05e-07 5.05e-07 0 0 0 0 0 0 0 0 
Collision density R:
2.46262 1.63491 1.08457 0.721473 0.478833 0.317066 0.210479 0.14015 0.0929634 0.0616645 0.0409202 0.0272761 0.0180755 0.0118811 0.00790073 0.00530503 0.00359005 0.00225937 0.00158823 0.00102869 0.00069488 0.000459045 0.000272195 0.000201495 0.000144935 8.181e-05 5.8075e-05 4.0905e-05 2.626e-05 1.313e-05 8.585e-06 6.06e-06 5.05e-06 3.535e-06 1.515e-06 5.05e-07 1.01e-06 0 0 5.05e-07 0 1.01e-06 5.05e-07 0 0 0 0 0 0 0 0 
Density Moments:
1.68185 0.81312 0.786205 1.14027 2.20477 5.327 15.4417 52.266 202.826 891.192 
Per-collision Density Moments:
1 0.333158 0.221984 0.221903 0.295999 0.494394 0.99388 2.34131 6.33752 19.3954 
0.387487 0.220795 0.208232 0.269309 0.440739 0.871463 2.01938 5.36477 16.064 53.4572 
0.162849 0.123399 0.14512 0.22483 0.428897 0.969308 2.52957 7.48113 24.7082 90.035 
0.0715467 0.065741 0.0906006 0.160749 0.344883 0.863791 2.47057 7.96207 28.7312 116.023 
0.0322533 0.0342361 0.0533672 0.105721 0.25095 0.690798 2.16209 7.60801 29.9528 131.833 
0.0147884 0.0175907 0.0302984 0.0657351 0.169687 0.504779 1.69646 6.36517 26.5041 122.216 
0.0068589 0.00901334 0.0168983 0.0395173 0.109174 0.346041 1.23719 4.94344 21.9827 108.582 
0.0032046 0.00456679 0.00923728 0.0231947 0.0684569 0.230631 0.872211 3.66911 17.0901 87.8787 
0.0015048 0.00229962 0.00494017 0.0131246 0.0408555 0.144704 0.573264 2.51537 12.153 64.3466 
0.0007121 0.00116106 0.00265208 0.00746474 0.0244856 0.0905086 0.368149 1.61787 7.56975 37.2675 
0.0003388 0.000584024 0.00140727 0.00418024 0.0145399 0.0573716 0.250727 1.19017 6.03873 32.322 
0.0001607 0.000291183 0.000723301 0.00218049 0.00755714 0.0290887 0.121219 0.536341 2.48308 11.9006 
7.7e-05 0.00014224 0.000358631 0.00108405 0.00372916 0.0141555 0.0579806 0.251862 1.14479 5.38906 
3.6e-05 6.9386e-05 0.000181743 0.000573047 0.00206469 0.00823502 0.0355508 0.163358 0.788956 3.96638 
1.8e-05 3.6501e-05 0.000102622 0.000348611 0.00135407 0.00581155 0.0269175 0.132352 0.682819 3.66416 
8.2e-06 1.74674e-05 5.17624e-05 0.000182409 0.000715559 0.00301581 0.0133649 0.0614167 0.289961 1.39757 
3.7e-06 7.6327e-06 2.17863e-05 7.50516e-05 0.00029409 0.00126191 0.00577184 0.0276006 0.136099 0.685441 
2.1e-06 3.96281e-06 9.79e-06 2.85486e-05 9.19638e-05 0.000314888 0.0011237 0.00413725 0.0156233 0.0602588 
1.2e-06 2.12756e-06 6.60064e-06 2.51837e-05 0.00010564 0.000469 0.00216675 0.0103075 0.0500923 0.247169 
0 0 0 0 0 0 0 0 0 0 
Per-collision Densities L:
0 0 0 0 0 0 0 0 0 0 0 0 0 0 0 0 0 0 0 0 0 0 0 0 0 0 0 0 0 0 0 0 0 0 0 0 0 0 0 0 0 0 0 0 0 0 0 0 0 0 0 
0.25409 0.140813 0.0776776 0.042776 0.0238613 0.0130007 0.0073018 0.00396577 0.00222099 0.00120342 0.000689325 0.000400465 0.00018584 0.000131805 6.7165e-05 3.03e-05 1.414e-05 1.414e-05 5.555e-06 2.525e-06 1.515e-06 1.515e-06 1.01e-06 0 5.05e-07 5.05e-07 0 0 0 0 0 0 0 0 0 0 0 0 0 0 0 0 0 0 0 0 0 0 0 0 0 
0.0889431 0.0720534 0.052414 0.0359903 0.0236613 0.0152217 0.00968287 0.00591204 0.00357894 0.00224321 0.00135239 0.00079992 0.000485305 0.00028381 0.000160085 9.595e-05 5.5045e-05 3.3835e-05 1.5655e-05 1.3635e-05 5.05e-06 4.04e-06 1.01e-06 1.515e-06 1.515e-06 5.05e-07 1.01e-06 0 0 0 0 0 0 0 0 0 0 0 0 0 0 0 0 0 0 0 0 0 0 0 0 
0.0301753 0.0288547 0.0246895 0.0195511 0.0146031 0.0105156 0.00738866 0.00511767 0.0034744 0.00223917 0.00143723 0.000907485 0.00057873 0.000362085 0.000256035 0.00015756 8.686e-05 5.555e-05 3.7875e-05 1.5655e-05 1.4645e-05 9.09e-06 4.04e-06 4.04e-06 1.515e-06 1.515e-06 1.515e-06 0 0 0 0 0 0 0 0 0 0 0 0 0 0 0 0 0 0 0 0 0 0 0 0 
0.0110812 0.0112575 0.0104126 0.00924403 0.00750784 0.00598122 0.00462429 0.00332492 0.00243612 0.00169428 0.00120241 0.000788305 0.0005555 0.0003535 0.000243915 0.000160085 0.00011009 6.0095e-05 4.545e-05 2.525e-05 1.515e-05 1.0605e-05 6.565e-06 6.06e-06 3.535e-06 2.525e-06 1.515e-06 0 0 0 0 0 0 0 0 0 0 0 0 0 0 0 0 0 0 0 0 0 0 0 0 
0.00428089 0.00450713 0.00450258 0.00407939 0.00358651 0.00302243 0.00244016 0.00192456 0.00147864 0.00113171 0.000815575 0.00055752 0.00043127 0.00027977 0.000194425 0.00012827 9.2415e-05 6.2115e-05 3.838e-05 2.727e-05 1.414e-05 1.3635e-05 7.07e-06 7.07e-06 3.03e-06 3.535e-06 1.01e-06 0 1.01e-06 5.05e-07 0 0 0 0 0 0 0 0 0 0 0 0 0 0 0 0 0 0 0 0 0 
0.00168266 0.00181598 0.00180942 0.00176346 0.00162509 0.00141855 0.00126705 0.00104687 0.000825675 0.000626705 0.00047975 0.00038077 0.00025452 0.000193415 0.00016362 0.000102515 7.171e-05 5.353e-05 3.939e-05 2.4745e-05 1.515e-05 9.09e-06 4.04e-06 4.545e-06 1.01e-06 3.03e-06 5.05e-07 1.01e-06 1.01e-06 0 0 0 5.05e-07 0 0 0 0 0 0 0 0 0 0 0 0 0 0 0 0 0 0 
0.00070801 0.00075548 0.000787295 0.000828705 0.00075851 0.00068276 0.000575195 0.00051611 0.00044642 0.00033633 0.000277245 0.000224725 0.00015655 0.00013635 0.000103525 6.666e-05 5.9085e-05 3.636e-05 3.1815e-05 1.5655e-05 1.4645e-05 1.1615e-05 5.05e-06 4.04e-06 2.02e-06 2.02e-06 1.515e-06 0 0 1.01e-06 5.05e-07 0 5.05e-07 0 0 0 0 0 0 0 0 0 5.05e-07 0 0 0 0 0 0 0 0 
0.000266135 0.00032522 0.00036663 0.000355015 0.000329765 0.00031108 0.00028987 0.000259065 0.000207555 0.00017069 0.000133825 0.000131805 8.787e-05 7.878e-05 5.959e-05 4.747e-05 3.838e-05 2.02e-05 1.6665e-05 1.2625e-05 7.575e-06 7.575e-06 4.545e-06 3.03e-06 4.04e-06 1.515e-06 2.02e-06 1.01e-06 0 0 0 0 0 0 0 0 0 0 0 0 0 5.05e-07 0 0 0 0 0 0 0 0 0 
0.00012322 0.0001414 0.00015251 0.00015453 0.000148975 0.000140895 0.000132815 0.000127765 0.000106555 8.787e-05 7.8275e-05 6.565e-05 4.4945e-05 4.747e-05 3.1815e-05 2.5755e-05 2.525e-05 1.2625e-05 1.01e-05 1.01e-05 4.545e-06 3.535e-06 3.535e-06 1.515e-06 1.515e-06 1.515e-06 1.515e-06 5.05e-07 1.515e-06 5.05e-07 0 0 5.05e-07 0 0 0 0 0 0 0 0 0 0 0 0 0 0 0 0 0 0 
4.9995e-05 6.8175e-05 5.959e-05 6.262e-05 6.969e-05 6.4135e-05 5.555e-05 6.161e-05 5.555e-05 3.5855e-05 4.3935e-05 3.434e-05 2.525e-05 2.3735e-05 2.3735e-05 8.585e-06 1.0605e-05 1.0605e-05 6.06e-06 5.555e-06 1.515e-06 5.05e-06 2.525e-06 1.515e-06 2.02e-06 0 5.05e-07 0 0 0 0 0 5.05e-07 0 0 0 0 0 0 0 0 0 0 0 0 0 0 0 0 0 0 
2.424e-05 2.2725e-05 3.03e-05 2.9795e-05 3.0805e-05 2.5755e-05 2.929e-05 2.8785e-05 2.0705e-05 1.9695e-05 2.02e-05 1.919e-05 1.6665e-05 1.4645e-05 1.111e-05 6.06e-06 6.565e-06 5.555e-06 2.525e-06 1.515e-06 1.515e-06 1.01e-06 2.525e-06 2.02e-06 5.05e-07 3.03e-06 2.02e-06 5.05e-07 0 0 5.05e-07 0 0 0 0 0 0 0 0 0 0 0 0 0 0 0 0 0 0 0 0 
1.111e-05 1.4645e-05 1.3635e-05 1.616e-05 9.595e-06 1.111e-05 1.313e-05 1.0605e-05 6.565e-06 1.01e-05 1.212e-05 8.08e-06 1.111e-05 4.545e-06 5.555e-06 4.545e-06 2.02e-06 2.02e-06 2.02e-06 5.05e-07 2.525e-06 0 1.01e-06 1.01e-06 2.525e-06 0 5.05e-07 0 0 0 0 0 0 0 0 0 0 0 0 0 0 0 0 0 0 0 0 0 0 0 0 
4.04e-06 3.535e-06 5.05e-06 7.575e-06 5.555e-06 8.08e-06 5.555e-06 7.575e-06 4.545e-06 3.535e-06 3.535e-06 5.555e-06 5.05e-06 3.535e-06 4.04e-06 1.01e-06 5.05e-07 2.525e-06 0 0 1.515e-06 5.05e-07 1.01e-06 0 0 0 0 0 0 0 0 0 0 0 0 0 0 0 0 0 0 0 0 0 0 0 0 0 0 0 0 
3.03e-06 5.555e-06 5.05e-07 2.02e-06 3.03e-06 3.03e-06 4.545e-06 3.535e-06 1.01e-06 2.525e-06 2.02e-06 1.515e-06 3.535e-06 2.02e-06 0 1.01e-06 5.05e-07 0 5.05e-07 0 1.515e-06 0 0 0 0 0 0 0 0 0 0 0 0 0 0 0 0 0 0 0 0 0 0 0 0 0 0 0 0 0 0 
1.01e-06 1.515e-06 2.02e-06 1.515e-06 1.515e-06 2.02e-06 1.515e-06 1.515e-06 1.515e-06 1.01e-06 5.05e-07 1.515e-06 0 1.01e-06 0 0 0 1.515e-06 0 0 1.515e-06 5.05e-07 5.05e-07 0 1.01e-06 0 0 0 0 0 0 0 0 0 0 0 0 0 0 0 0 0 0 0 0 0 0 0 0 0 0 
5.05e-07 0 1.01e-06 0 1.515e-06 5.05e-07 1.515e-06 5.05e-07 5.05e-07 5.05e-07 5.05e-07 0 0 0 5.05e-07 5.05e-07 5.05e-07 0 0 0 5.05e-07 0 0 0 0 0 0 5.05e-07 0 0 0 0 0 0 0 0 0 0 0 0 0 0 0 0 0 0 0 0 0 0 0 
0 0 0 5.05e-07 1.01e-06 5.05e-07 5.05e-07 5.05e-07 5.05e-07 0 5.05e-07 0 0 0 5.05e-07 0 0 0 0 0 0 0 0 0 0 0 0 0 0 0 0 0 0 0 0 0 0 0 0 0 0 0 0 0 0 0 0 0 0 0 0 
5.05e-07 5.05e-07 1.01e-06 0 5.05e-07 5.05e-07 0 1.01e-06 0 0 0 0 0 0 0 0 0 0 0 0 0 0 0 0 0 0 0 0 0 0 0 0 0 0 0 0 0 0 0 0 0 0 0 0 0 0 0 0 0 0 0 
0 0 0 0 0 0 0 0 0 0 0 0 0 0 0 0 0 0 0 0 0 0 0 0 0 0 0 0 0 0 0 0 0 0 0 0 0 0 0 0 0 0 0 0 0 0 0 0 0 0 0 
Per-collision Densities L:
2.26308 1.24844 0.689052 0.381133 0.210133 0.115566 0.0638416 0.0352702 0.0194541 0.0107762 0.00596203 0.00327089 0.00178467 0.000964045 0.00057469 0.00031714 0.000171195 8.08e-05 5.454e-05 3.4845e-05 1.515e-05 8.585e-06 3.03e-06 3.03e-06 2.02e-06 5.05e-07 1.515e-06 5.05e-07 5.05e-07 0 0 0 0 0 0 0 0 0 0 0 0 0 0 0 0 0 0 0 0 0 0 
0.166368 0.296495 0.275663 0.215119 0.152648 0.102753 0.0674594 0.0430462 0.026918 0.0165473 0.0101803 0.00610141 0.00372185 0.00220786 0.00128927 0.000716595 0.00047066 0.00025654 0.00017877 8.5345e-05 5.454e-05 3.0805e-05 1.414e-05 1.0605e-05 9.09e-06 3.03e-06 1.01e-06 1.515e-06 0 1.01e-06 0 5.05e-07 0 0 0 0 0 0 0 0 0 0 0 0 0 0 0 0 0 0 0 
0.0238264 0.0637441 0.0812964 0.0804207 0.0701602 0.0558697 0.0415438 0.0301525 0.0210035 0.0144662 0.0095243 0.00636098 0.0040501 0.00256995 0.00164529 0.00104283 0.00065852 0.000395415 0.000253005 0.0001515 8.888e-05 5.656e-05 3.535e-05 2.1715e-05 2.0705e-05 9.595e-06 1.515e-06 2.02e-06 5.05e-07 0 0 1.01e-06 5.05e-07 5.05e-07 0 0 0 0 0 0 0 0 0 0 0 0 0 0 0 0 0 
0.00620342 0.017422 0.0249308 0.0281871 0.0277881 0.0249531 0.0207989 0.0166685 0.0127103 0.00943391 0.00682356 0.00481164 0.00337189 0.00228513 0.0015044 0.00104081 0.00066458 0.00041915 0.000271185 0.000181295 0.00012726 6.4135e-05 4.0905e-05 2.1715e-05 2.02e-05 1.111e-05 5.555e-06 4.545e-06 4.04e-06 0 0 0 0 0 0 0 5.05e-07 0 0 5.05e-07 0 0 0 0 0 0 0 0 0 0 0 
0.00199324 0.00555652 0.00846582 0.010151 0.01091 0.0104798 0.00949148 0.00812293 0.00667004 0.00524392 0.00403849 0.00307949 0.00222705 0.00163772 0.00113221 0.00081608 0.00057267 0.00037572 0.00027169 0.00017978 0.000110595 6.666e-05 3.9895e-05 3.838e-05 1.717e-05 1.2625e-05 9.09e-06 5.05e-06 2.525e-06 2.525e-06 2.02e-06 1.01e-06 0 5.05e-07 0 0 5.05e-07 0 0 0 0 5.05e-07 0 0 0 0 0 0 0 0 0 
0.000698415 0.00195183 0.00313454 0.0038375 0.00427129 0.00431876 0.00416726 0.0037668 0.00329664 0.0026962 0.00217756 0.00176801 0.0013226 0.000980205 0.00075245 0.0005656 0.000409555 0.000271185 0.000212605 0.000142915 0.00010807 7.8275e-05 4.141e-05 2.929e-05 1.616e-05 9.595e-06 8.585e-06 5.555e-06 5.555e-06 1.01e-06 1.01e-06 1.01e-06 5.05e-07 5.05e-07 0 5.05e-07 0 0 0 0 0 5.05e-07 0 0 0 0 0 0 0 0 0 
0.000268155 0.00077568 0.0012014 0.00155288 0.00174983 0.00179629 0.00179881 0.00170387 0.00158671 0.00132209 0.00115342 0.00095142 0.00077568 0.00057974 0.000464095 0.00034946 0.00027169 0.00017978 0.000138875 9.696e-05 7.1205e-05 5.454e-05 3.636e-05 2.1715e-05 1.717e-05 9.09e-06 9.595e-06 6.06e-06 3.535e-06 1.515e-06 1.515e-06 1.01e-06 1.01e-06 0 5.05e-07 0 0 0 0 0 0 0 5.05e-07 0 0 0 0 0 0 0 0 
0.00010807 0.00030401 0.00048783 0.000605495 0.00066862 0.00075447 0.000755985 0.000789315 0.00071104 0.000634785 0.00054843 0.00046965 0.000388345 0.00033229 0.00024745 0.000222705 0.0001616 0.000124735 8.9385e-05 6.8175e-05 4.747e-05 3.1815e-05 2.1715e-05 2.222e-05 1.5655e-05 6.06e-06 6.06e-06 5.555e-06 2.525e-06 3.03e-06 1.01e-06 5.05e-07 5.05e-07 0 5.05e-07 0 0 0 0 0 0 0 0 0 0 0 0 0 0 0 0 
4.2925e-05 0.000122715 0.00018685 0.000275225 0.000279265 0.00032421 0.00034845 0.000349965 0.000341885 0.000276235 0.000274215 0.00024846 0.000203515 0.00015453 0.00013433 0.000117665 0.000101505 6.666e-05 5.252e-05 4.2925e-05 3.131e-05 2.525e-05 1.717e-05 1.0605e-05 1.0605e-05 6.565e-06 4.04e-06 2.525e-06 2.02e-06 2.02e-06 1.01e-06 5.05e-07 1.01e-06 5.05e-07 0 0 0 0 0 0 0 0 0 0 0 0 0 0 0 0 0 
1.616e-05 4.9995e-05 8.4335e-05 0.00010302 0.00012928 0.000148975 0.000153015 0.000149985 0.000139885 0.00014645 0.000111605 0.00011211 0.000117665 8.282e-05 7.1205e-05 5.8075e-05 5.555e-05 4.3935e-05 2.9795e-05 2.424e-05 1.9695e-05 1.4645e-05 9.09e-06 1.111e-05 7.07e-06 6.06e-06 3.535e-06 3.03e-06 1.515e-06 1.515e-06 5.05e-07 0 5.05e-07 5.05e-07 0 0 0 0 0 0 0 0 0 0 0 0 0 0 0 0 0 
8.08e-06 3.03e-05 3.8885e-05 4.646e-05 5.353e-05 5.6055e-05 6.969e-05 7.2215e-05 6.464e-05 6.06e-05 7.3225e-05 5.3025e-05 5.7065e-05 4.4945e-05 4.343e-05 2.525e-05 2.2725e-05 2.1715e-05 1.6665e-05 1.111e-05 9.09e-06 1.2625e-05 5.555e-06 7.575e-06 3.03e-06 4.04e-06 4.04e-06 1.515e-06 1.01e-06 5.05e-07 1.01e-06 5.05e-07 5.05e-07 1.01e-06 5.05e-07 0 0 0 0 0 0 0 0 0 0 0 0 0 0 0 0 
1.515e-06 9.595e-06 1.5655e-05 2.424e-05 2.323e-05 2.828e-05 2.626e-05 3.232e-05 3.3835e-05 3.535e-05 2.5755e-05 2.626e-05 2.6765e-05 1.818e-05 2.4745e-05 1.6665e-05 1.515e-05 8.585e-06 1.0605e-05 4.545e-06 4.04e-06 7.575e-06 4.04e-06 1.515e-06 3.03e-06 1.01e-06 1.01e-06 1.01e-06 1.01e-06 0 0 0 0 0 0 0 0 0 0 0 0 0 0 0 0 0 0 0 0 0 0 
2.02e-06 3.03e-06 5.555e-06 1.212e-05 1.2625e-05 9.595e-06 1.2625e-05 1.616e-05 2.0705e-05 1.4645e-05 1.414e-05 1.01e-05 1.414e-05 1.4645e-05 7.575e-06 8.585e-06 6.565e-06 9.09e-06 4.545e-06 2.02e-06 3.535e-06 2.525e-06 1.01e-06 1.01e-06 1.01e-06 0 1.01e-06 5.05e-07 1.01e-06 0 0 0 0 0 0 0 0 0 0 0 0 0 0 0 0 0 0 0 0 0 0 
1.515e-06 2.525e-06 5.05e-06 2.525e-06 5.05e-06 3.535e-06 7.575e-06 4.04e-06 7.07e-06 7.07e-06 6.565e-06 6.565e-06 7.07e-06 3.535e-06 4.545e-06 4.545e-06 3.535e-06 2.525e-06 2.02e-06 1.01e-06 2.02e-06 3.535e-06 5.05e-07 1.01e-06 1.01e-06 5.05e-07 0 5.05e-07 5.05e-07 0 5.05e-07 0 0 0 0 0 0 0 0 0 0 0 0 0 0 0 0 0 0 0 0 
0 1.01e-06 1.515e-06 2.02e-06 1.01e-06 2.02e-06 2.525e-06 2.02e-06 3.03e-06 3.535e-06 3.03e-06 3.535e-06 5.05e-06 2.02e-06 3.535e-06 5.05e-07 1.01e-06 2.525e-06 5.05e-07 1.515e-06 1.515e-06 1.01e-06 2.02e-06 0 5.05e-07 5.05e-07 1.515e-06 0 0 0 0 0 5.05e-07 0 0 0 0 0 0 0 0 0 0 0 0 0 0 0 0 0 0 
0 0 1.01e-06 5.05e-07 5.05e-07 5.05e-07 5.05e-07 1.01e-06 5.05e-07 0 3.03e-06 1.01e-06 2.02e-06 1.515e-06 0 2.02e-06 1.01e-06 0 1.01e-06 0 5.05e-07 0 0 0 5.05e-07 5.05e-07 0 5.05e-07 0 0 0 0 0 0 0 0 0 0 0 0 0 0 0 0 0 0 0 0 0 0 0 
5.05e-07 0 5.05e-07 0 0 5.05e-07 0 5.05e-07 1.01e-06 0 5.05e-07 1.515e-06 0 1.01e-06 1.01e-06 5.05e-07 0 0 5.05e-07 5.05e-07 0 0 0 0 0 5.05e-07 0 0 0 0 0 0 0 0 0 0 0 0 0 0 0 0 0 0 0 0 0 0 0 0 0 
5.05e-07 0 0 0 0 5.05e-07 5.05e-07 1.515e-06 0 0 0 0 0 5.05e-07 5.05e-07 0 1.515e-06 0 0 0 0 5.05e-07 0 0 0 0 0 0 0 0 0 0 0 0 0 0 0 0 0 0 0 0 0 0 0 0 0 0 0 0 0 
0 0 0 0 0 0 0 0 0 0 0 0 0 0 0 0 1.01e-06 5.05e-07 0 0 0 0 0 0 0 5.05e-07 0 0 0 0 0 0 0 0 0 0 0 0 0 0 0 0 0 0 0 0 0 0 0 0 0 
0 0 0 0 0 0 0 0 0 0 0 0 0 0 0 0 0 0 0 0 0 0 0 0 0 0 0 0 0 0 0 0 0 0 0 0 0 0 0 0 0 0 0 0 0 0 0 0 0 0 0 
