Half rod, albedo problem, Anisotropic scattering, exponential random flight, mu_t: 3 g: 0.9
Analogmu_t c: 0.5 maxx: 10 dx: 0.19802 numsamples: 10000000 numCollisionOrders: 20 numMoments: 10
total albedo: 0.0238742
per-collision order albedos: 
0 0.012531 0.0059592 0.0028073 0.0013479 0.0006381 0.0003089 0.0001458 7.19e-05 3.43e-05 1.7e-05 6.4e-06 4e-06 1.5e-06 5e-07 1e-07 1e-07 0 1e-07 1e-07 
Collision density L:
0.06121 0.0452096 0.0330467 0.0242188 0.0176189 0.0130684 0.0095142 0.00681447 0.00505455 0.00378952 0.00273205 0.00200334 0.00144531 0.00107313 0.000781235 0.000570145 0.000435815 0.000326735 0.00019392 0.00015857 0.00011211 8.282e-05 6.363e-05 4.9995e-05 3.4845e-05 2.3735e-05 2.1715e-05 1.1615e-05 7.07e-06 3.03e-06 2.525e-06 1.01e-06 2.525e-06 2.02e-06 2.02e-06 0 1.01e-06 1.515e-06 5.05e-07 0 0 0 0 0 0 0 0 0 0 0 0 
Collision density R:
2.57906 1.88713 1.38198 1.01265 0.739986 0.542665 0.397259 0.2907 0.213511 0.15612 0.114304 0.0839977 0.0614267 0.0450374 0.0328957 0.0241299 0.017522 0.0128427 0.00960561 0.00693113 0.00495102 0.0036663 0.00262196 0.00200889 0.00145541 0.00102313 0.0007777 0.0005858 0.000402485 0.000312595 0.000228765 0.000152005 0.000121705 9.393e-05 6.0095e-05 4.7975e-05 3.3835e-05 3.4845e-05 2.828e-05 1.111e-05 6.565e-06 7.07e-06 6.06e-06 3.535e-06 3.03e-06 4.04e-06 3.535e-06 1.01e-06 1.01e-06 0 5.05e-07 
Density Moments:
1.9521 1.24049 1.57656 3.00426 7.63094 24.2321 92.3636 410.423 2077.09 11733.3 
Per-collision Density Moments:
1 0.333251 0.222192 0.222223 0.296394 0.494592 0.992717 2.3348 6.31537 19.3521 
0.487359 0.320706 0.319348 0.424867 0.70673 1.40949 3.27322 8.65845 25.6323 83.6641 
0.237749 0.231672 0.306254 0.508437 1.01493 2.36583 6.3043 18.8911 62.8044 228.96 
0.11608 0.14896 0.245034 0.486827 1.13129 3.00844 9.00994 30.0218 110.262 443.149 
0.0568066 0.0899345 0.176546 0.407867 1.08107 3.23224 10.7676 39.6014 159.697 702.405 
0.0276987 0.0519581 0.118437 0.311908 0.928746 3.08451 11.3186 45.5917 200.724 963.114 
0.0135506 0.0293279 0.0761901 0.225752 0.747904 2.7364 10.959 47.7199 224.769 1140.57 
0.006598 0.0161218 0.0468225 0.153472 0.557617 2.22275 9.65219 45.4257 230.797 1261.91 
0.0032146 0.00874081 0.0280928 0.101165 0.400941 1.73051 8.07006 40.3962 215.859 1225.68 
0.0015676 0.00468167 0.0164562 0.0643976 0.27551 1.27517 6.33317 33.5044 187.485 1102.3 
0.0007607 0.00247729 0.00945752 0.0399211 0.183046 0.903291 4.76612 26.7426 158.772 992.65 
0.000369 0.00129476 0.00531519 0.0240749 0.118211 0.62318 3.50103 20.8204 130.25 852.252 
0.0001776 0.000664232 0.00290862 0.0140379 0.0734016 0.412306 2.47311 15.7571 106.083 750.59 
8.51e-05 0.000337058 0.00155132 0.00781137 0.0422001 0.241933 1.46021 9.21943 60.5691 412.196 
4.04e-05 0.000169989 0.000834601 0.00448045 0.0257696 0.157092 1.0072 6.74899 47.0033 338.605 
1.99e-05 8.842e-05 0.000469569 0.0027317 0.017002 0.111743 0.768165 5.48109 40.3395 304.666 
9.7e-06 4.64667e-05 0.000263992 0.00163296 0.0107439 0.0741995 0.532592 3.94255 29.9193 231.718 
5.3e-06 2.57624e-05 0.000158065 0.00105326 0.00739774 0.0540597 0.407673 3.15362 24.9075 200.103 
3.5e-06 1.95556e-05 0.000131967 0.000964252 0.00745377 0.0601104 0.500713 4.27647 37.2414 329.309 
0 0 0 0 0 0 0 0 0 0 
Per-collision Densities L:
0 0 0 0 0 0 0 0 0 0 0 0 0 0 0 0 0 0 0 0 0 0 0 0 0 0 0 0 0 0 0 0 0 0 0 0 0 0 0 0 0 0 0 0 0 0 0 0 0 0 0 
0.0281341 0.0156393 0.00864611 0.00477074 0.00259924 0.00150894 0.000812545 0.00041915 0.00024442 0.000144935 6.8175e-05 5.05e-05 2.121e-05 1.717e-05 1.1615e-05 3.03e-06 2.02e-06 1.515e-06 1.515e-06 0 0 5.05e-07 0 0 0 0 0 0 0 0 0 0 0 0 0 0 0 0 0 0 0 0 0 0 0 0 0 0 0 0 0 
0.0169837 0.013885 0.0101409 0.00685134 0.00459449 0.00297344 0.00182911 0.0011206 0.00068781 0.000429755 0.000256035 0.000156045 8.787e-05 5.6055e-05 3.131e-05 1.616e-05 1.01e-05 7.575e-06 3.535e-06 3.03e-06 1.01e-06 1.01e-06 0 0 0 0 0 0 0 0 0 0 0 0 0 0 0 0 0 0 0 0 0 0 0 0 0 0 0 0 0 
0.00842492 0.00795476 0.00690588 0.0055949 0.00429099 0.00309767 0.00221695 0.00149278 0.00102061 0.00068074 0.0004141 0.000286335 0.00019291 0.00011211 6.7165e-05 4.4945e-05 3.0805e-05 1.9695e-05 6.565e-06 9.595e-06 4.04e-06 2.525e-06 5.05e-07 5.05e-07 0 0 0 0 5.05e-07 0 0 0 0 0 0 0 0 0 0 0 0 0 0 0 0 0 0 0 0 0 0 
0.00398142 0.00404808 0.00377589 0.00343148 0.00287194 0.00241996 0.00188466 0.00145592 0.00106202 0.000739825 0.000569135 0.000369155 0.00024846 0.000168165 0.00010302 8.08e-05 5.2015e-05 2.2725e-05 2.02e-05 1.2625e-05 8.585e-06 5.555e-06 3.03e-06 3.535e-06 1.515e-06 0 5.05e-07 1.01e-06 0 0 0 0 0 0 0 0 0 0 0 0 0 0 0 0 0 0 0 0 0 0 0 
0.00193718 0.00194223 0.0018786 0.00184477 0.00166398 0.00146753 0.00128876 0.000983235 0.000813555 0.0006868 0.000491365 0.000350975 0.00026664 0.000200485 0.000137865 9.9485e-05 6.06e-05 5.353e-05 2.323e-05 1.414e-05 1.3635e-05 5.05e-06 5.05e-06 6.565e-06 3.535e-06 2.02e-06 1.515e-06 0 0 0 0 0 0 0 0 0 0 0 0 0 0 0 0 0 0 0 0 0 0 0 0 
0.000922635 0.00094233 0.000908495 0.00092314 0.00080295 0.000823655 0.000742855 0.000623675 0.000527725 0.000470155 0.000371175 0.00031714 0.000232805 0.00017473 0.00011716 9.4435e-05 7.8275e-05 5.353e-05 3.2825e-05 2.222e-05 1.5655e-05 9.595e-06 1.111e-05 5.555e-06 3.03e-06 2.525e-06 1.515e-06 2.02e-06 1.01e-06 5.05e-07 5.05e-07 0 0 0 0 0 0 0 0 0 0 0 0 0 0 0 0 0 0 0 0 
0.00045248 0.000423695 0.00042117 0.000432785 0.000409555 0.0003939 0.000376225 0.00035148 0.00033128 0.00030603 0.00024846 0.000207555 0.000149985 0.000121705 0.00011009 9.191e-05 6.262e-05 4.4945e-05 3.0805e-05 2.2725e-05 1.717e-05 1.2625e-05 1.212e-05 3.535e-06 3.03e-06 1.515e-06 3.535e-06 1.515e-06 0 0 0 0 0 0 0 0 0 0 0 0 0 0 0 0 0 0 0 0 0 0 0 
0.000203515 0.00019998 0.0001919 0.000201495 0.000202505 0.000192405 0.00018079 0.00018584 0.00019493 0.000166145 0.00014847 0.00011817 0.00010403 9.4435e-05 8.484e-05 5.1005e-05 5.1005e-05 3.9895e-05 2.222e-05 1.7675e-05 1.414e-05 1.1615e-05 1.111e-05 8.08e-06 2.525e-06 1.515e-06 3.03e-06 2.02e-06 0 5.05e-07 0 0 0 0 0 0 0 5.05e-07 0 0 0 0 0 0 0 0 0 0 0 0 0 
9.292e-05 8.888e-05 9.3425e-05 9.1405e-05 8.888e-05 0.000108575 9.999e-05 9.8475e-05 9.696e-05 8.383e-05 8.8375e-05 6.969e-05 6.8175e-05 6.0095e-05 4.646e-05 3.5855e-05 2.9795e-05 3.2825e-05 1.818e-05 2.3735e-05 1.1615e-05 1.01e-05 7.575e-06 5.05e-06 7.07e-06 3.03e-06 3.535e-06 5.05e-07 1.01e-06 5.05e-07 5.05e-07 0 5.05e-07 0 5.05e-07 0 0 5.05e-07 0 0 0 0 0 0 0 0 0 0 0 0 0 
4.2925e-05 4.6965e-05 4.242e-05 4.0905e-05 5.05e-05 4.4945e-05 4.2925e-05 4.747e-05 3.838e-05 4.1915e-05 3.939e-05 4.646e-05 3.4845e-05 2.9795e-05 2.929e-05 2.4745e-05 2.525e-05 2.02e-05 1.6665e-05 1.212e-05 6.565e-06 8.08e-06 1.515e-06 6.06e-06 5.555e-06 4.545e-06 1.01e-06 1.515e-06 5.05e-07 0 5.05e-07 0 5.05e-07 0 0 0 5.05e-07 0 0 0 0 0 0 0 0 0 0 0 0 0 0 
1.818e-05 1.7675e-05 2.2725e-05 1.7675e-05 2.3735e-05 2.424e-05 2.424e-05 1.717e-05 1.6665e-05 2.2725e-05 1.8685e-05 1.818e-05 2.2725e-05 1.7675e-05 1.8685e-05 1.212e-05 1.4645e-05 1.616e-05 1.0605e-05 1.01e-05 9.595e-06 6.06e-06 5.05e-06 4.545e-06 2.02e-06 2.02e-06 2.525e-06 1.01e-06 2.525e-06 1.01e-06 0 0 0 1.01e-06 5.05e-07 0 0 0 0 0 0 0 0 0 0 0 0 0 0 0 0 
6.565e-06 1.1615e-05 1.01e-05 1.01e-05 1.414e-05 6.06e-06 7.07e-06 9.595e-06 9.09e-06 9.595e-06 1.1615e-05 6.565e-06 1.01e-05 9.595e-06 1.1615e-05 6.06e-06 8.08e-06 7.575e-06 3.03e-06 4.04e-06 4.545e-06 4.04e-06 3.03e-06 1.515e-06 2.525e-06 3.03e-06 1.01e-06 5.05e-07 5.05e-07 0 0 5.05e-07 5.05e-07 0 0 0 0 0 0 0 0 0 0 0 0 0 0 0 0 0 0 
3.535e-06 2.525e-06 6.06e-06 3.535e-06 4.04e-06 2.525e-06 3.03e-06 5.555e-06 5.555e-06 4.545e-06 4.04e-06 2.525e-06 3.03e-06 6.565e-06 5.555e-06 4.04e-06 5.05e-06 4.04e-06 2.02e-06 2.02e-06 2.525e-06 2.525e-06 2.02e-06 2.02e-06 2.02e-06 1.515e-06 1.515e-06 1.01e-06 5.05e-07 5.05e-07 0 0 0 0 0 0 5.05e-07 0 0 0 0 0 0 0 0 0 0 0 0 0 0 
1.515e-06 2.02e-06 2.02e-06 2.525e-06 5.05e-07 3.03e-06 2.525e-06 2.525e-06 2.02e-06 1.515e-06 2.02e-06 2.02e-06 1.01e-06 1.01e-06 4.545e-06 3.03e-06 2.525e-06 2.02e-06 5.05e-07 2.525e-06 1.515e-06 1.01e-06 5.05e-07 1.515e-06 1.515e-06 1.515e-06 5.05e-07 5.05e-07 5.05e-07 0 0 0 0 5.05e-07 0 0 0 0 0 0 0 0 0 0 0 0 0 0 0 0 0 
2.525e-06 1.515e-06 5.05e-07 1.01e-06 5.05e-07 1.01e-06 1.515e-06 5.05e-07 2.02e-06 1.01e-06 5.05e-07 1.01e-06 1.01e-06 1.515e-06 1.515e-06 1.01e-06 1.01e-06 5.05e-07 1.01e-06 0 5.05e-07 1.515e-06 1.01e-06 5.05e-07 5.05e-07 5.05e-07 5.05e-07 0 0 0 0 0 5.05e-07 0 5.05e-07 0 0 5.05e-07 0 0 0 0 0 0 0 0 0 0 0 0 0 
5.05e-07 1.01e-06 5.05e-07 1.01e-06 5.05e-07 5.05e-07 0 5.05e-07 1.01e-06 0 0 1.01e-06 0 5.05e-07 0 1.01e-06 1.515e-06 0 5.05e-07 5.05e-07 1.01e-06 5.05e-07 0 5.05e-07 0 0 5.05e-07 0 0 0 0 5.05e-07 0 0 5.05e-07 0 0 0 5.05e-07 0 0 0 0 0 0 0 0 0 0 0 0 
5.05e-07 2.02e-06 0 0 5.05e-07 0 1.01e-06 0 5.05e-07 0 5.05e-07 0 5.05e-07 0 5.05e-07 0 5.05e-07 0 0 5.05e-07 0 5.05e-07 0 5.05e-07 0 0 0 0 0 0 5.05e-07 0 5.05e-07 0 0 0 0 0 0 0 0 0 0 0 0 0 0 0 0 0 0 
1.01e-06 0 0 0 0 0 0 0 0 0 0 0 0 1.01e-06 0 5.05e-07 0 0 5.05e-07 5.05e-07 0 0 0 0 0 0 0 0 0 0 5.05e-07 0 0 5.05e-07 0 0 0 0 0 0 0 0 0 0 0 0 0 0 0 0 0 
0 0 0 0 0 0 0 0 0 0 0 0 0 0 0 0 0 0 0 0 0 0 0 0 0 0 0 0 0 0 0 0 0 0 0 0 0 0 0 0 0 0 0 0 0 0 0 0 0 0 0 
Per-collision Densities L:
2.26345 1.24749 0.689424 0.380896 0.209816 0.115819 0.0640618 0.0352884 0.0196758 0.0108797 0.00591709 0.00325018 0.00183214 0.000957985 0.00055045 0.00031108 0.000174225 8.787e-05 4.949e-05 3.535e-05 1.313e-05 9.09e-06 2.525e-06 2.525e-06 1.01e-06 1.01e-06 2.02e-06 5.05e-07 5.05e-07 0 0 0 0 0 0 0 0 0 0 0 0 0 0 0 0 0 0 0 0 0 0 
0.28779 0.511577 0.476522 0.370754 0.263256 0.178197 0.116354 0.0744638 0.0463742 0.0288608 0.0176442 0.0106797 0.00641653 0.00375064 0.00224978 0.00130442 0.000786285 0.00045046 0.000286335 0.00014342 9.393e-05 4.4945e-05 2.9795e-05 1.717e-05 1.1615e-05 4.545e-06 2.02e-06 2.525e-06 0 1.515e-06 0 0 0 0 0 0 0 0 0 0 0 0 0 0 0 0 0 0 0 0 0 
0.0257555 0.109389 0.167303 0.181824 0.166407 0.137938 0.106328 0.0779326 0.0556066 0.0382669 0.0257429 0.0172993 0.0111908 0.00722453 0.00463893 0.00296132 0.00178669 0.00111201 0.00072114 0.000436825 0.000242905 0.000155035 9.393e-05 5.858e-05 4.0905e-05 2.1715e-05 1.212e-05 9.09e-06 4.04e-06 1.01e-06 5.05e-07 2.525e-06 1.01e-06 0 0 0 0 0 0 0 0 0 0 0 0 0 0 0 0 0 0 
0.00183669 0.0163559 0.0398814 0.0600859 0.0703617 0.0710909 0.0650203 0.0551107 0.0443935 0.0341239 0.0255267 0.0186885 0.0131881 0.00912737 0.00631402 0.00423039 0.00278154 0.00184073 0.00123422 0.00078578 0.000501465 0.00031512 0.00019998 0.000120695 8.484e-05 4.646e-05 3.1815e-05 2.4745e-05 1.2625e-05 4.545e-06 5.05e-06 5.05e-07 2.02e-06 1.515e-06 0 5.05e-07 5.05e-07 0 0 5.05e-07 0 0 0 0 0 0 0 0 0 0 0 
0.000173215 0.00196748 0.00738815 0.0151636 0.0225205 0.0278634 0.0299298 0.0292617 0.0267544 0.0228109 0.0190122 0.0149682 0.011661 0.00878094 0.006413 0.0046152 0.00321938 0.00223614 0.00158974 0.00110292 0.00072114 0.00046965 0.00031007 0.000209575 0.000145945 7.5245e-05 6.7165e-05 3.939e-05 2.121e-05 1.5655e-05 1.0605e-05 4.545e-06 3.535e-06 2.02e-06 1.01e-06 0 1.515e-06 5.05e-07 5.05e-07 0 5.05e-07 5.05e-07 0 0 0 0 0 0 0 0 0 
3.2825e-05 0.00025351 0.00117817 0.003131 0.00591355 0.00865974 0.0109615 0.012368 0.0128992 0.0123776 0.0112746 0.0097561 0.00814969 0.00676852 0.0051813 0.003989 0.00301889 0.00222958 0.0016458 0.00119534 0.000822645 0.00058984 0.000402485 0.000269165 0.0001818 0.00013736 8.282e-05 5.8075e-05 3.535e-05 2.727e-05 1.515e-05 1.01e-05 7.575e-06 3.535e-06 1.515e-06 1.01e-06 1.515e-06 2.525e-06 0 5.05e-07 1.01e-06 5.05e-07 0 0 5.05e-07 0 0 0 0 0 0 
1.313e-05 4.8985e-05 0.00020301 0.00061206 0.00132664 0.00235936 0.0033729 0.00436775 0.00526362 0.00555904 0.0055646 0.00531664 0.00476619 0.00426271 0.00351228 0.00297344 0.00238108 0.00190739 0.00143925 0.0010802 0.00079992 0.000604485 0.00040602 0.00032623 0.00021917 0.000149985 0.00012423 8.181e-05 5.151e-05 3.03e-05 2.626e-05 1.515e-05 9.595e-06 8.08e-06 3.03e-06 2.525e-06 5.05e-07 2.525e-06 2.525e-06 0 5.05e-07 0 5.05e-07 0 0 5.05e-07 0 0 0 0 0 
6.06e-06 1.919e-05 4.8985e-05 0.00012625 0.000291385 0.000558025 0.000899405 0.00138168 0.00178316 0.00215484 0.00234169 0.0025043 0.00246642 0.00231391 0.00210989 0.00185184 0.00159025 0.00132815 0.00107868 0.000840825 0.00063731 0.000493385 0.0003737 0.000317645 0.000208565 0.00016968 9.797e-05 8.484e-05 5.757e-05 4.848e-05 3.03e-05 1.414e-05 1.7675e-05 1.0605e-05 4.545e-06 4.04e-06 2.02e-06 2.525e-06 2.525e-06 1.01e-06 0 0 1.01e-06 5.05e-07 0 0 0 5.05e-07 0 0 0 
3.03e-06 1.3635e-05 1.515e-05 3.5855e-05 7.0195e-05 0.00012928 0.000240885 0.00037673 0.000552975 0.00075245 0.000859005 0.00102313 0.00109232 0.00109838 0.00109989 0.00101455 0.000918595 0.00080598 0.00072922 0.00057873 0.000471165 0.000378245 0.000298455 0.00023836 0.000187355 0.000131805 0.000100495 9.0395e-05 6.0095e-05 4.747e-05 3.03e-05 2.5755e-05 1.9695e-05 1.5655e-05 8.585e-06 5.05e-06 1.515e-06 3.03e-06 1.515e-06 5.05e-07 5.05e-07 5.05e-07 0 5.05e-07 0 0 0 5.05e-07 0 0 0 
1.01e-06 5.555e-06 7.07e-06 1.111e-05 1.2625e-05 3.4845e-05 6.4135e-05 0.000109585 0.00014241 0.000240885 0.00029088 0.000349965 0.00043127 0.0004848 0.00049288 0.000502475 0.000474195 0.000447935 0.000412585 0.0003636 0.000309565 0.00027775 0.00021008 0.00016665 0.0001414 0.000105545 8.484e-05 6.4135e-05 5.4035e-05 4.0905e-05 3.434e-05 2.02e-05 1.515e-05 1.111e-05 9.09e-06 1.0605e-05 3.03e-06 2.525e-06 4.04e-06 1.01e-06 1.515e-06 0 0 5.05e-07 0 0 0 0 0 0 0 
2.02e-06 2.02e-06 4.545e-06 3.535e-06 6.06e-06 8.08e-06 1.7675e-05 2.727e-05 4.4945e-05 7.0195e-05 8.282e-05 0.00011312 0.00015554 0.000169175 0.000216645 0.00022321 0.00023028 0.00021311 0.000232805 0.000200485 0.00016564 0.000165135 0.000144935 0.000123725 0.00010201 8.0295e-05 5.9085e-05 5.252e-05 3.6865e-05 3.636e-05 2.323e-05 1.818e-05 1.2625e-05 1.3635e-05 8.08e-06 5.555e-06 4.04e-06 4.04e-06 4.04e-06 0 0 5.05e-07 1.01e-06 5.05e-07 0 5.05e-07 5.05e-07 0 0 0 0 
0 2.02e-06 2.02e-06 2.525e-06 1.515e-06 4.545e-06 6.565e-06 7.575e-06 1.2625e-05 1.414e-05 3.2825e-05 2.929e-05 5.2015e-05 6.666e-05 7.575e-05 0.000101 9.191e-05 0.000107565 0.00010201 9.696e-05 9.5445e-05 9.09e-05 7.2215e-05 7.676e-05 6.0095e-05 4.5955e-05 4.646e-05 3.03e-05 2.1715e-05 2.0705e-05 2.4745e-05 1.4645e-05 1.1615e-05 7.575e-06 9.595e-06 6.565e-06 5.555e-06 2.525e-06 3.535e-06 1.515e-06 5.05e-07 1.01e-06 0 5.05e-07 5.05e-07 0 5.05e-07 0 0 0 0 
0 1.515e-06 5.05e-07 5.05e-07 1.515e-06 2.525e-06 0 2.525e-06 4.545e-06 7.07e-06 1.111e-05 1.1615e-05 1.515e-05 2.0705e-05 2.7775e-05 3.2825e-05 4.4945e-05 4.646e-05 5.1005e-05 3.939e-05 4.4945e-05 4.444e-05 4.242e-05 4.141e-05 3.3835e-05 2.424e-05 3.333e-05 2.1715e-05 1.818e-05 1.5655e-05 1.01e-05 1.01e-05 9.09e-06 7.07e-06 5.555e-06 3.535e-06 4.04e-06 4.04e-06 3.03e-06 1.01e-06 5.05e-07 5.05e-07 0 0 5.05e-07 1.01e-06 5.05e-07 0 5.05e-07 0 0 
0 0 5.05e-07 2.02e-06 1.01e-06 1.01e-06 5.05e-07 1.01e-06 1.515e-06 1.01e-06 2.525e-06 5.555e-06 5.555e-06 8.585e-06 1.01e-05 1.3635e-05 1.616e-05 1.818e-05 2.2725e-05 2.222e-05 1.515e-05 1.6665e-05 2.2725e-05 1.919e-05 1.9695e-05 1.212e-05 1.6665e-05 1.3635e-05 1.0605e-05 1.1615e-05 6.565e-06 8.585e-06 4.04e-06 5.05e-06 3.535e-06 4.545e-06 2.525e-06 2.02e-06 1.01e-06 2.02e-06 0 1.01e-06 0 0 0 0 5.05e-07 0 0 0 0 
0 0 0 0 0 5.05e-07 1.515e-06 0 1.01e-06 5.05e-07 0 1.515e-06 3.03e-06 2.02e-06 3.03e-06 4.04e-06 5.05e-06 5.555e-06 7.575e-06 7.07e-06 1.313e-05 5.555e-06 5.555e-06 1.111e-05 9.09e-06 9.595e-06 6.565e-06 7.07e-06 1.01e-05 6.06e-06 5.555e-06 2.525e-06 3.03e-06 1.515e-06 2.02e-06 1.01e-06 2.525e-06 4.545e-06 1.01e-06 1.515e-06 5.05e-07 0 0 5.05e-07 0 0 5.05e-07 0 0 0 0 
0 0 0 0 0 0 5.05e-07 5.05e-07 5.05e-07 0 0 0 1.01e-06 5.05e-07 0 1.515e-06 2.02e-06 3.535e-06 2.525e-06 1.01e-06 3.03e-06 4.04e-06 4.04e-06 6.06e-06 4.04e-06 5.05e-06 4.04e-06 2.02e-06 3.03e-06 2.02e-06 3.03e-06 3.03e-06 3.535e-06 1.515e-06 1.01e-06 5.05e-07 2.525e-06 1.515e-06 2.02e-06 0 0 1.515e-06 5.05e-07 0 0 1.01e-06 0 0 0 0 0 
0 0 0 0 0 0 0 0 5.05e-07 0 0 0 0 0 0 0 5.05e-07 1.515e-06 0 1.01e-06 5.05e-07 2.02e-06 1.515e-06 3.03e-06 2.525e-06 2.525e-06 2.525e-06 1.01e-06 3.03e-06 5.05e-07 0 5.05e-07 1.01e-06 2.525e-06 0 5.05e-07 5.05e-07 1.515e-06 2.02e-06 5.05e-07 5.05e-07 1.01e-06 5.05e-07 0 0 0 5.05e-07 0 0 0 0 
0 0 0 0 0 0 0 0 0 0 5.05e-07 0 0 0 0 0 0 5.05e-07 5.05e-07 0 0 0 5.05e-07 1.01e-06 5.05e-07 0 2.525e-06 1.01e-06 1.01e-06 5.05e-07 5.05e-07 5.05e-07 5.05e-07 1.515e-06 5.05e-07 1.01e-06 0 5.05e-07 5.05e-07 1.01e-06 5.05e-07 0 1.01e-06 0 5.05e-07 5.05e-07 0 0 0 0 0 
0 0 5.05e-07 0 0 0 0 0 0 0 0 5.05e-07 0 0 0 0 0 0 0 0 0 0 1.01e-06 0 1.01e-06 0 5.05e-07 0 5.05e-07 1.01e-06 1.515e-06 5.05e-07 0 5.05e-07 1.01e-06 5.05e-07 0 0 0 0 0 0 1.515e-06 5.05e-07 5.05e-07 5.05e-07 5.05e-07 0 0 0 5.05e-07 
0 0 0 0 0 0 0 0 0 0 0 0 0 0 0 0 0 0 0 0 0 0 0 0 0 0 0 0 0 0 0 0 0 0 0 0 0 0 0 0 0 0 0 0 0 0 0 0 0 0 0 
