Half rod, albedo problem, Anisotropic scattering, exponential random flight, mu_t: 3 g: -0.9
Analogmu_t c: 0.99 maxx: 10 dx: 0.19802 numsamples: 1000000 numCollisionOrders: 20 numMoments: 10
total albedo: 0.863753
per-collision order albedos: 
0 0.470398 0.023347 0.104893 0.015494 0.047459 0.011503 0.027273 0.009084 0.01743 0.007301 0.012214 0.005885 0.008972 0.005006 0.006883 0.004216 0.005543 0.003586 0.004484 
Collision density L:
2.48328 2.2872 2.10313 1.93846 1.7941 1.64661 1.51883 1.40192 1.29115 1.19303 1.10348 1.01615 0.937714 0.869918 0.805015 0.738482 0.686204 0.626624 0.576902 0.531225 0.488961 0.44997 0.41506 0.381906 0.351672 0.326508 0.302505 0.280351 0.257015 0.233785 0.21567 0.200227 0.184734 0.169963 0.157712 0.14547 0.134643 0.124341 0.113756 0.105156 0.0959349 0.0901981 0.0824413 0.0762247 0.0707758 0.0648067 0.0592719 0.055343 0.0505051 0.0460813 0.535618 
Collision density R:
2.87884 2.64977 2.44532 2.24349 2.06937 1.91009 1.75577 1.61955 1.4904 1.37867 1.27231 1.17284 1.08189 1.00015 0.924458 0.854415 0.794244 0.727099 0.669504 0.615161 0.565666 0.521524 0.480139 0.443006 0.40801 0.375094 0.346268 0.321917 0.297228 0.273649 0.252879 0.230623 0.212787 0.195667 0.181204 0.168862 0.154671 0.142753 0.13335 0.121033 0.111504 0.102616 0.095243 0.0882538 0.0816888 0.0752804 0.0700132 0.0637361 0.0586911 0.0540199 0.620872 
Density Moments:
13.5876 33.1151 160.876 1167.28 11239.1 134489 1.91703e+06 3.16064e+07 5.90423e+08 1.23146e+10 
Per-collision Density Moments:
1 0.333828 0.222816 0.223201 0.298491 0.499323 1.0007 2.32733 6.12645 17.8917 
0.519511 0.189856 0.137608 0.148613 0.212487 0.376156 0.788566 1.89626 5.10866 15.1475 
0.490936 0.320323 0.318944 0.425557 0.711055 1.42532 3.32614 8.8349 26.2378 85.8324 
0.381071 0.234315 0.23814 0.330831 0.579137 1.2176 2.97379 8.22606 25.2608 84.7479 
0.361711 0.311151 0.385564 0.616073 1.20057 2.75313 7.23642 21.3497 69.4951 246.07 
0.310615 0.253266 0.317431 0.522989 1.05951 2.53687 6.98315 21.6308 74.0971 276.656 
0.296071 0.30337 0.437273 0.797685 1.74968 4.46989 13.0066 42.3979 152.848 603.067 
0.265805 0.262653 0.383143 0.718199 1.62957 4.32075 13.069 44.287 165.71 676.234 
0.254058 0.296512 0.479908 0.971545 2.34168 6.52084 20.5589 72.338 280.999 1194.42 
0.2341 0.266652 0.437534 0.90849 2.2571 6.49626 21.209 77.3936 312.137 1378.17 
0.224463 0.290475 0.51746 1.14378 2.98827 8.96451 30.2887 113.697 469.364 2113.57 
0.210041 0.268333 0.484701 1.09561 2.93747 9.05514 31.4444 121.258 513.851 2373.15 
0.202052 0.285076 0.550211 1.31044 3.67259 11.7761 42.3916 168.904 736.15 3472.93 
0.191024 0.26836 0.525394 1.27593 3.65166 11.9524 43.8477 177.605 784.824 3745.45 
0.184026 0.279887 0.578978 1.47083 4.38143 14.8979 56.7863 239.404 1104.3 5522.24 
0.175231 0.266795 0.560571 1.45324 4.42315 15.3516 59.571 254.656 1185.05 5942.75 
0.169232 0.274728 0.603877 1.62294 5.0879 18.0896 71.5276 309.809 1451.53 7277.38 
0.162034 0.264636 0.591048 1.61799 5.17018 18.7428 75.6221 334.787 1607.92 8299.03 
0.156874 0.270053 0.627435 1.77666 5.85358 21.845 90.7103 413.601 2048.4 10914.1 
0 0 0 0 0 0 0 0 0 0 
Per-collision Densities L:
0 0 0 0 0 0 0 0 0 0 0 0 0 0 0 0 0 0 0 0 0 0 0 0 0 0 0 0 0 0 0 0 0 0 0 0 0 0 0 0 0 0 0 0 0 0 0 0 0 0 0 
1.06039 0.587992 0.324331 0.178204 0.100338 0.0546814 0.0298455 0.0167711 0.00903445 0.00512575 0.0027977 0.00160085 0.0009191 0.0004646 0.0002929 0.0001515 6.06e-05 6.565e-05 4.04e-05 1.01e-05 0 0 0 0 5.05e-06 0 0 0 0 0 0 0 0 0 0 0 0 0 0 0 0 0 0 0 0 0 0 0 0 0 0 
0.0674731 0.0538835 0.0393143 0.027366 0.0173316 0.0114433 0.00713565 0.0042925 0.0027169 0.00172205 0.00091405 0.0006666 0.000303 0.000202 0.0001515 9.09e-05 5.05e-05 1.01e-05 5.05e-06 1.01e-05 0 0 0 0 0 0 0 0 0 0 0 0 0 0 0 0 0 0 0 0 0 0 0 0 0 0 0 0 0 0 0 
0.36255 0.357515 0.283174 0.203884 0.13839 0.0911424 0.0587517 0.0368549 0.0227705 0.0141754 0.00868095 0.0052722 0.0029694 0.0018584 0.0010807 0.00061105 0.0003737 0.0002222 0.00010605 0.0001111 8.585e-05 1.01e-05 1.01e-05 5.05e-06 0 0 0 0 5.05e-06 0 0 0 0 0 0 0 0 0 0 0 0 0 0 0 0 0 0 0 0 0 0 
0.0540603 0.0570196 0.0519544 0.0421928 0.0330624 0.0238764 0.0171599 0.0118928 0.00756995 0.00557015 0.00346935 0.0021917 0.00138875 0.000808 0.00065145 0.0003333 0.0002525 0.00012625 0.00011615 6.565e-05 2.525e-05 1.01e-05 1.515e-05 1.01e-05 5.05e-06 0 0 0 0 0 0 0 0 0 0 0 0 0 0 0 0 0 0 0 0 0 0 0 0 0 0 
0.174781 0.205671 0.197228 0.168493 0.13335 0.0999395 0.0712252 0.0495456 0.0337896 0.0228311 0.0149076 0.0095647 0.00609535 0.00385315 0.00265125 0.0015352 0.0009393 0.0006363 0.00035855 0.0002727 0.0001919 6.565e-05 7.07e-05 1.515e-05 1.01e-05 1.01e-05 0 0 0 5.05e-06 0 0 0 0 0 0 0 0 0 0 0 0 0 0 0 0 0 0 0 0 0 
0.0414555 0.0498839 0.0509242 0.0469549 0.0397991 0.0327038 0.0246743 0.019089 0.0139582 0.0100344 0.00667105 0.0046965 0.00329765 0.00202 0.00143925 0.00084335 0.000707 0.00036865 0.00026765 0.0001919 0.00011615 7.575e-05 5.05e-05 2.525e-05 1.01e-05 1.515e-05 5.05e-06 5.05e-06 0 0 0 0 0 0 0 0 0 0 0 0 0 0 0 0 0 0 0 0 0 0 0 
0.10102 0.128568 0.135678 0.129083 0.112827 0.091506 0.0719019 0.0549188 0.0400869 0.0290022 0.0203111 0.0136805 0.00932735 0.00642865 0.00450965 0.0026563 0.001919 0.0013534 0.00067165 0.00043935 0.0003131 0.00021715 0.00010605 9.09e-05 5.05e-05 4.545e-05 1.01e-05 0 0 1.01e-05 5.05e-06 0 5.05e-06 5.05e-06 0 0 0 0 0 0 0 0 0 0 0 0 0 0 0 0 0 
0.032421 0.0421675 0.045753 0.044738 0.0421675 0.0355369 0.0301182 0.0240027 0.0182457 0.0139279 0.0104384 0.00754975 0.00545905 0.00356025 0.0027068 0.00187355 0.00130795 0.0008484 0.00049995 0.00034845 0.00024745 0.0002121 0.00014645 6.06e-05 2.02e-05 1.515e-05 1.01e-05 2.525e-05 1.01e-05 0 5.05e-06 0 0 0 0 0 0 0 0 0 0 0 0 0 0 0 0 0 0 0 0 
0.0670741 0.0861177 0.0967681 0.0968287 0.0912081 0.0802193 0.0669479 0.0535704 0.0411676 0.0319817 0.024033 0.0171145 0.0129028 0.00870115 0.0061004 0.00446925 0.00290375 0.00211595 0.00129785 0.00079285 0.0005151 0.0004141 0.0001919 0.0001515 0.0001414 6.565e-05 3.535e-05 1.01e-05 2.525e-05 5.05e-06 0 5.05e-06 0 0 1.01e-05 5.05e-06 0 0 0 0 0 0 0 0 0 0 0 0 0 0 0 
0.0267751 0.03585 0.0398193 0.0406576 0.0403293 0.0360873 0.0314918 0.0259924 0.0218918 0.0175892 0.013534 0.00998385 0.00798405 0.0054843 0.00408545 0.0029492 0.0021816 0.00140895 0.00105545 0.00068175 0.00045955 0.0003333 0.000202 0.0001616 9.595e-05 6.06e-05 4.545e-05 2.525e-05 2.02e-05 5.05e-06 1.01e-05 1.01e-05 0 0 0 5.05e-06 0 0 0 0 0 0 0 0 0 0 0 0 0 0 0 
0.0465307 0.0615292 0.0715131 0.0756894 0.0728614 0.0668065 0.0592214 0.04999 0.0417837 0.0336027 0.0257702 0.0195637 0.0148066 0.0107919 0.00778205 0.00591355 0.0040804 0.0028583 0.0019998 0.0013938 0.0009292 0.0005959 0.0003838 0.0002424 0.0001717 0.0001212 9.595e-05 7.07e-05 3.03e-05 2.525e-05 5.05e-06 1.01e-05 0 0 0 5.05e-06 5.05e-06 0 0 0 0 0 0 0 0 0 0 0 0 0 0 
0.0225281 0.0298354 0.0348501 0.0375367 0.0369711 0.0353601 0.0314615 0.0273963 0.0236542 0.0196395 0.015756 0.0128321 0.0094435 0.00750935 0.00541865 0.0041208 0.00293405 0.00226745 0.00162105 0.00107565 0.0006969 0.0005252 0.00040905 0.0002222 0.0001919 0.0001111 7.575e-05 6.565e-05 2.525e-05 5.05e-06 1.515e-05 1.515e-05 5.05e-06 5.05e-06 1.01e-05 0 0 0 0 0 0 0 0 0 0 0 0 0 0 0 0 
0.034133 0.0465762 0.0536765 0.0586103 0.0598274 0.0563075 0.0509899 0.0463994 0.03989 0.0325624 0.0267347 0.0204374 0.0162964 0.0123725 0.0099081 0.00740835 0.00506515 0.0036865 0.00261085 0.00199475 0.0013029 0.00082315 0.0005656 0.0004848 0.0003636 0.00021715 9.595e-05 0.00013635 6.565e-05 5.555e-05 3.535e-05 1.01e-05 1.01e-05 1.01e-05 5.05e-06 0 0 0 0 5.05e-06 0 0 0 0 0 0 0 0 0 0 0 
0.0189577 0.0254217 0.0311232 0.0327644 0.0336684 0.0326483 0.0309262 0.0279619 0.0242602 0.0213969 0.0175235 0.0143319 0.0111353 0.00885265 0.0071003 0.00553985 0.00402485 0.0027977 0.00192405 0.00147965 0.0011615 0.00084335 0.00057065 0.00034845 0.0002929 0.0002323 0.00012625 0.00010605 5.05e-05 2.525e-05 3.03e-05 1.515e-05 1.01e-05 0 1.01e-05 1.01e-05 5.05e-06 0 0 0 0 0 0 0 0 0 0 0 0 0 0 
0.0265378 0.0351127 0.0420716 0.0467024 0.0489093 0.0471165 0.0456571 0.0411626 0.0357591 0.0306434 0.026154 0.0209828 0.0173064 0.0137158 0.011004 0.0078578 0.00625695 0.00426725 0.00344915 0.00220685 0.0018988 0.00119685 0.00100495 0.0006969 0.0004949 0.00031815 0.00026765 0.0001414 0.0001212 8.585e-05 4.04e-05 3.535e-05 3.03e-05 2.525e-05 1.01e-05 5.05e-06 5.05e-06 0 5.05e-06 0 0 5.05e-06 0 0 0 0 0 0 0 0 0 
0.016054 0.0219776 0.0268155 0.0295678 0.030901 0.0301233 0.0294415 0.0270125 0.0243562 0.0213565 0.0184022 0.015044 0.0132512 0.00999395 0.00819615 0.0066054 0.0049187 0.0037067 0.00276235 0.0021412 0.00147965 0.00105545 0.0008787 0.0005959 0.0004343 0.0002929 0.00026765 0.00010605 0.00010605 6.565e-05 5.555e-05 1.515e-05 3.535e-05 1.01e-05 5.05e-06 5.05e-06 5.05e-06 5.05e-06 0 5.05e-06 0 0 0 0 0 0 0 0 0 0 0 
0.0208767 0.0282447 0.0332644 0.0381982 0.0395819 0.0412838 0.0396425 0.0363701 0.0325523 0.0286335 0.0247652 0.0211545 0.0177003 0.0148319 0.0117665 0.0089082 0.00694375 0.005555 0.00396425 0.0031512 0.0021311 0.00145945 0.00115645 0.00092415 0.0006565 0.0004646 0.0003232 0.0001919 0.0001919 0.0001212 7.07e-05 7.575e-05 3.535e-05 2.525e-05 1.01e-05 0 0 0 5.05e-06 5.05e-06 0 0 0 0 0 0 0 0 0 0 0 
0.013933 0.019084 0.0238714 0.026462 0.0275579 0.0282497 0.0267246 0.025452 0.0236593 0.0207858 0.0186749 0.0164832 0.0137411 0.01111 0.0092718 0.00737805 0.0057368 0.00461065 0.00342895 0.0025351 0.0019594 0.00143925 0.0010302 0.00076255 0.00062115 0.0004747 0.00034845 0.00023735 0.0001818 6.565e-05 0.00011615 3.535e-05 2.02e-05 5.05e-06 1.01e-05 2.02e-05 5.05e-06 5.05e-06 0 5.05e-06 0 1.01e-05 0 0 0 0 0 0 0 0 0 
0 0 0 0 0 0 0 0 0 0 0 0 0 0 0 0 0 0 0 0 0 0 0 0 0 0 0 0 0 0 0 0 0 0 0 0 0 0 0 0 0 0 0 0 0 0 0 0 0 0 0 
Per-collision Densities L:
2.2584 1.24778 0.69139 0.381578 0.210898 0.117014 0.0641098 0.0351632 0.0198314 0.0101404 0.0060802 0.0034542 0.00183315 0.0009393 0.0006767 0.0003434 0.0001616 6.06e-05 6.06e-05 5.05e-05 2.02e-05 5.05e-06 0 0 5.05e-06 0 0 0 0 0 0 0 0 0 0 0 0 0 0 0 0 0 0 0 0 0 0 0 0 0 0 
0.0301889 0.0539088 0.0496011 0.0386426 0.0276841 0.0185436 0.0118827 0.00755985 0.0047571 0.00307545 0.00178265 0.0011312 0.0007777 0.0003535 0.00018685 0.00014645 0.00010605 3.03e-05 1.515e-05 1.01e-05 2.02e-05 0 0 0 0 0 0 0 0 0 0 0 0 0 0 0 0 0 0 0 0 0 0 0 0 0 0 0 0 0 0 
0.269054 0.475912 0.444299 0.348253 0.247081 0.167408 0.108732 0.0703718 0.0435361 0.0272498 0.0167963 0.0102869 0.00628725 0.00359055 0.00214625 0.00135845 0.0007272 0.00041915 0.0002525 0.00017675 8.585e-05 4.04e-05 5.05e-05 1.01e-05 1.515e-05 0 0 0 5.05e-06 0 0 0 0 0 0 0 0 0 0 0 0 0 0 0 0 0 0 0 0 0 0 
0.0187254 0.0451773 0.0544693 0.0520302 0.0452531 0.035345 0.0263257 0.0179629 0.0131654 0.0088577 0.0059691 0.0036562 0.002525 0.0015049 0.0010403 0.00060095 0.0005454 0.00027775 0.00014645 0.00010605 4.545e-05 3.03e-05 1.01e-05 1.515e-05 1.515e-05 0 0 0 0 0 0 0 0 0 0 0 0 0 0 0 0 0 0 0 0 0 0 0 0 0 0 
0.0815575 0.201086 0.247228 0.237158 0.203863 0.160671 0.119443 0.0854864 0.0592315 0.0410363 0.0268862 0.0176952 0.0114787 0.0073326 0.00474195 0.0029088 0.0019089 0.0012726 0.00068175 0.0004343 0.0002929 0.00016665 9.09e-05 0.000101 3.03e-05 1.515e-05 1.01e-05 0 0 0 5.05e-06 0 0 0 0 0 0 0 0 0 0 0 0 0 0 0 0 0 0 0 0 
0.0130947 0.0343956 0.0477781 0.0508485 0.048177 0.0423342 0.0353955 0.0274872 0.0210737 0.0152763 0.0111605 0.00771135 0.0051914 0.00358045 0.00237855 0.00160085 0.00106555 0.00064135 0.0005353 0.0003434 0.0001717 0.0001212 8.08e-05 5.555e-05 2.02e-05 5.05e-06 2.525e-05 1.01e-05 5.05e-06 0 5.05e-06 0 0 0 0 0 0 0 0 0 0 0 0 0 0 0 0 0 0 0 0 
0.0385921 0.104818 0.143526 0.157883 0.151455 0.133204 0.108979 0.0852238 0.0648319 0.0484144 0.0342693 0.0237451 0.0163115 0.0111403 0.00756995 0.00528735 0.0034542 0.00230785 0.00142915 0.0008484 0.0005656 0.00039895 0.0002323 0.0001717 9.09e-05 4.545e-05 3.535e-05 1.01e-05 0 1.01e-05 1.01e-05 5.05e-06 0 1.01e-05 0 0 0 0 0 0 0 0 0 0 0 0 0 0 0 0 0 
0.009393 0.0263358 0.0393648 0.045748 0.046152 0.0438997 0.0394708 0.0319716 0.0265428 0.0204475 0.0160338 0.0115999 0.00904455 0.0059792 0.00414605 0.0028886 0.00203515 0.00156045 0.0009494 0.0006767 0.0004444 0.0003434 0.0002121 0.0001212 7.07e-05 5.555e-05 3.03e-05 2.02e-05 1.01e-05 1.01e-05 0 1.01e-05 0 0 0 0 0 0 0 0 0 0 0 0 0 0 0 0 0 0 0 
0.022119 0.0611252 0.0928544 0.107247 0.110484 0.105813 0.0944401 0.0777902 0.0635492 0.0488638 0.0375821 0.0280275 0.0206495 0.0150692 0.0102818 0.00739825 0.0050601 0.0036057 0.0022523 0.00140895 0.00104535 0.00068175 0.0003939 0.0002828 0.0002121 0.0001515 6.06e-05 4.04e-05 3.03e-05 2.02e-05 0 1.01e-05 0 0 1.01e-05 1.01e-05 0 0 0 0 0 0 0 0 0 0 0 0 0 0 0 
0.00773155 0.0210383 0.033027 0.0388396 0.0421271 0.0418595 0.0387638 0.0344107 0.0296587 0.0239269 0.0198011 0.0148571 0.0116655 0.00888295 0.00623675 0.00443895 0.00336835 0.0024442 0.001616 0.0011918 0.0007373 0.0005151 0.0004242 0.00026765 0.0001919 0.0001111 4.04e-05 6.565e-05 1.01e-05 2.525e-05 2.525e-05 5.05e-06 0 0 5.05e-06 0 0 5.05e-06 0 0 0 0 0 0 0 0 0 0 0 0 0 
0.0150995 0.0407586 0.0627917 0.0770277 0.0824009 0.082315 0.0778508 0.0677407 0.0579589 0.0489042 0.0390365 0.0298051 0.0231189 0.0172609 0.0128371 0.0092314 0.00675185 0.0048783 0.0033431 0.0022826 0.0016564 0.00115645 0.0006666 0.0004444 0.00032825 0.0002121 0.0001515 6.565e-05 0.00010605 2.525e-05 2.02e-05 5.05e-06 2.525e-05 0 5.05e-06 0 5.05e-06 0 0 5.05e-06 0 0 0 0 0 0 0 0 0 0 0 
0.00597415 0.0174579 0.0269569 0.0332745 0.0375922 0.0387032 0.0374054 0.0343198 0.0302091 0.0259419 0.0220079 0.0175589 0.0141047 0.0110292 0.0080497 0.0062418 0.0047066 0.0034138 0.0025856 0.0018281 0.0013837 0.0008383 0.00060095 0.0004545 0.00031815 0.00017675 0.00011615 0.00011615 5.05e-05 2.525e-05 3.03e-05 2.525e-05 1.01e-05 5.05e-06 5.05e-06 0 5.05e-06 0 0 0 5.05e-06 0 0 0 0 0 0 0 0 0 0 
0.0102061 0.0294668 0.044743 0.0568731 0.0635896 0.0647107 0.0630139 0.059287 0.0523029 0.0452581 0.0376528 0.0308202 0.024134 0.0185436 0.0147662 0.0113272 0.00840825 0.00612565 0.0041915 0.00316635 0.0021513 0.0016766 0.00098475 0.00067165 0.00049995 0.00039895 0.0002525 0.0001616 0.0001212 9.09e-05 8.585e-05 2.02e-05 2.525e-05 2.525e-05 5.05e-06 5.05e-06 0 5.05e-06 0 5.05e-06 0 0 0 0 0 0 0 0 0 0 0 
0.0047369 0.0145137 0.0225281 0.0291032 0.0336431 0.0346632 0.0342542 0.032719 0.0303657 0.0268357 0.022922 0.0195536 0.0160136 0.0129381 0.0101758 0.00749925 0.00617615 0.00462075 0.0031613 0.00239875 0.00182305 0.0012322 0.0009797 0.00067165 0.00049995 0.00031815 0.000202 0.00017675 9.09e-05 5.05e-05 4.04e-05 3.535e-05 2.02e-05 5.05e-06 5.05e-06 5.05e-06 1.01e-05 1.01e-05 0 0 0 0 0 0 0 0 0 0 0 0 0 
0.00749925 0.0222857 0.0337492 0.0419201 0.0499193 0.0526059 0.0512323 0.0504748 0.0460308 0.0420514 0.0352238 0.0302142 0.0242703 0.0196092 0.0165691 0.0125644 0.00933745 0.00692355 0.0053833 0.00371175 0.00275225 0.00226745 0.00136855 0.00115645 0.00069185 0.00054035 0.0004242 0.00027775 0.0001717 0.00012625 9.09e-05 6.565e-05 4.04e-05 5.555e-05 2.525e-05 1.01e-05 0 0 5.05e-06 5.05e-06 0 0 0 5.05e-06 0 0 0 0 0 0 0 
0.00434805 0.0117867 0.0193567 0.0255833 0.0293304 0.0314464 0.0316837 0.0316686 0.029184 0.0259267 0.0233411 0.0207656 0.0169579 0.0144279 0.0112615 0.0094637 0.00741845 0.00577215 0.00423695 0.0031108 0.00236845 0.0016665 0.0013231 0.00091405 0.00067165 0.00052015 0.00036865 0.0002424 0.00015655 0.00012625 6.565e-05 5.555e-05 4.04e-05 2.02e-05 1.515e-05 1.01e-05 0 1.01e-05 5.05e-06 5.05e-06 0 0 0 0 0 0 0 0 0 0 0 
0.00590345 0.01666 0.0263661 0.0338704 0.0390163 0.0423241 0.0439956 0.0432482 0.0404657 0.0367994 0.0330018 0.0282901 0.0239471 0.0203616 0.0168216 0.0132512 0.0103828 0.0082214 0.00627715 0.00473185 0.0034744 0.0022927 0.00187355 0.0013635 0.00108575 0.00075245 0.0005555 0.00036865 0.00021715 0.0002525 0.00011615 9.595e-05 6.565e-05 6.565e-05 3.535e-05 5.05e-06 5.05e-06 0 5.05e-06 5.05e-06 0 0 0 0 0 0 0 0 0 0 0 
0.00344915 0.0106353 0.0168923 0.0219827 0.0255985 0.0278508 0.0288759 0.0288406 0.0277144 0.0258459 0.0231442 0.020402 0.0177255 0.0154076 0.0120897 0.0107565 0.00875165 0.0067266 0.00510555 0.00391375 0.0029997 0.00223715 0.00164125 0.0012019 0.00087365 0.0006161 0.0005353 0.00032825 0.00031815 0.00018685 0.00014645 9.09e-05 3.535e-05 3.535e-05 2.02e-05 2.525e-05 1.01e-05 5.05e-06 0 5.05e-06 5.05e-06 1.01e-05 0 0 0 0 0 0 0 0 0 
0.0047268 0.0134886 0.0206949 0.0271539 0.0316837 0.0352238 0.0373347 0.0373044 0.0357136 0.0330624 0.0298102 0.0265883 0.0234724 0.0198364 0.0172407 0.013832 0.0112767 0.00914555 0.00724675 0.00544895 0.00401475 0.0031916 0.0023634 0.001616 0.0013029 0.0009191 0.0006464 0.00052015 0.0003838 0.00022725 0.0001515 0.0001313 0.00015655 6.565e-05 3.535e-05 2.525e-05 2.525e-05 1.515e-05 2.525e-05 0 5.05e-06 0 5.05e-06 0 0 0 0 0 0 0 0 
0 0 0 0 0 0 0 0 0 0 0 0 0 0 0 0 0 0 0 0 0 0 0 0 0 0 0 0 0 0 0 0 0 0 0 0 0 0 0 0 0 0 0 0 0 0 0 0 0 0 0 
