Half rod, albedo problem, Anisotropic scattering, exponential random flight, mu_t: 1 g: 0.7
Analogmu_t c: 0.98 maxx: 10 dx: 0.19802 numsamples: 1000000 numCollisionOrders: 20 numMoments: 10
total albedo: 0.596986
per-collision order albedos: 
0 0.073845 0.061289 0.05124 0.043341 0.037252 0.031832 0.027635 0.023777 0.021104 0.01843 0.016079 0.014483 0.012809 0.011456 0.010539 0.009522 0.00856 0.007747 0.007038 
Collision density L:
0.591032 0.582805 0.576043 0.564661 0.55446 0.547748 0.537855 0.532078 0.523584 0.515878 0.507136 0.497607 0.490092 0.482265 0.47667 0.466792 0.461767 0.454046 0.4444 0.441118 0.431078 0.423094 0.417973 0.412888 0.407308 0.400243 0.39243 0.390416 0.380189 0.37575 0.370115 0.363034 0.358959 0.352783 0.346026 0.343663 0.334623 0.329331 0.326982 0.320786 0.31466 0.309499 0.306343 0.301369 0.297445 0.293481 0.287916 0.281497 0.278967 0.276457 17.4758 
Collision density R:
0.995249 0.979049 0.956975 0.943603 0.934795 0.915802 0.903485 0.888497 0.876246 0.862616 0.847072 0.834906 0.82314 0.80747 0.796537 0.788154 0.77066 0.760586 0.745431 0.734351 0.725397 0.713828 0.700046 0.687285 0.683487 0.670786 0.660697 0.64487 0.638441 0.632326 0.622817 0.607429 0.599475 0.592022 0.580366 0.572382 0.563095 0.555737 0.54236 0.539446 0.529967 0.522781 0.513928 0.506646 0.496455 0.487507 0.48327 0.475215 0.467721 0.460333 29.211 
Density Moments:
20.1982 255.722 6468.53 244922 1.23062e+07 7.65054e+08 5.60781e+10 4.67615e+12 4.31708e+14 4.32246e+16 
Per-collision Density Moments:
1 1.00105 2.00968 6.0688 24.5216 124.385 760.433 5438.5 44383.3 404100 
0.906086 1.74001 5.15354 20.5144 102.488 615.858 4320.49 34589.8 310231 3.06834e+06 
0.826629 2.28553 8.8822 43.7933 260.723 1816.03 14472.8 129824 1.29503e+06 1.42362e+07 
0.758837 2.69167 12.8686 75.4813 521.483 4136.54 36981.7 367238 4.00177e+06 4.7357e+07 
0.700377 2.98901 16.8485 114.064 893.425 7916.04 78066.7 846011 9.96739e+06 1.26479e+08 
0.649256 3.20739 20.7054 158.304 1383.11 13532.5 146199 1.72501e+06 2.20248e+07 3.01801e+08 
0.604384 3.36559 24.3844 207.392 1998.27 21396.8 251354 3.20834e+06 4.41528e+07 6.50829e+08 
0.564739 3.47826 27.8227 259.756 2729.86 31691 401507 5.50339e+06 8.10673e+07 1.27652e+09 
0.529552 3.55585 31.0203 314.698 3577.5 44722.5 607592 8.8964e+06 1.39499e+08 2.33056e+09 
0.497802 3.60727 33.991 371.61 4536.21 60658.3 878195 1.36527e+07 2.26455e+08 3.98572e+09 
0.469282 3.63657 36.6863 428.762 5580.88 79349.4 1.21819e+06 2.00368e+07 3.51062e+08 6.52201e+09 
0.443845 3.65039 39.1752 486.84 6725.94 101253 1.64123e+06 2.84133e+07 5.22206e+08 1.0139e+10 
0.420518 3.64995 41.4063 543.822 7929.83 125758 2.14257e+06 3.88892e+07 7.47253e+08 1.51214e+10 
0.399398 3.64142 43.4713 601.042 9219.05 153563 2.7426e+06 5.20621e+07 1.04348e+09 2.19622e+10 
0.380002 3.62528 45.3718 658.142 10588.4 184841 3.45574e+06 6.85825e+07 1.43537e+09 3.15152e+10 
0.361823 3.60056 47.0656 713.606 11998.8 218750 4.26614e+06 8.81981e+07 1.92008e+09 4.37851e+10 
0.345165 3.5741 48.6485 768.723 13474.6 256066 5.20448e+06 1.12121e+08 2.54389e+09 6.04931e+10 
0.329662 3.53953 50.0215 821.581 14977.4 296074 6.25972e+06 1.40269e+08 3.3099e+09 8.1846e+10 
0.315307 3.50284 51.2878 873.646 16525 338958 7.43493e+06 1.72809e+08 4.22881e+09 1.0843e+11 
0 0 0 0 0 0 0 0 0 0 
Per-collision Densities L:
0 0 0 0 0 0 0 0 0 0 0 0 0 0 0 0 0 0 0 0 0 0 0 0 0 0 0 0 0 0 0 0 0 0 0 0 0 0 0 0 0 0 0 0 0 0 0 0 0 0 0 
0.0659783 0.055651 0.0442532 0.0367489 0.0292951 0.0244976 0.0202657 0.0169377 0.0133472 0.0113322 0.0092617 0.00750935 0.00591355 0.0049793 0.0043228 0.00337845 0.002828 0.00230785 0.0017675 0.0015049 0.0012928 0.0009999 0.00085345 0.0007575 0.0006363 0.00053025 0.000404 0.0002525 0.0002727 0.00028785 0.00012625 0.0001414 0.0001616 0.0001515 7.07e-05 4.545e-05 3.03e-05 6.06e-05 2.525e-05 3.03e-05 3.535e-05 1.515e-05 3.03e-05 4.04e-05 5.05e-06 2.02e-05 0 5.05e-06 0 0 2.525e-05 
0.0607111 0.059383 0.0558581 0.0512676 0.0475862 0.0430917 0.0385315 0.0344562 0.030295 0.0275478 0.0234926 0.0204929 0.0181497 0.016054 0.0135593 0.0117766 0.00992325 0.00843855 0.00733765 0.00629735 0.00530755 0.0045147 0.00374205 0.0033229 0.0026765 0.0025856 0.0018382 0.0018483 0.00147965 0.0012524 0.0011514 0.0007979 0.000707 0.000606 0.00047975 0.0003939 0.0003333 0.00029795 0.0002121 0.0002525 0.0001919 0.00015655 0.0001414 0.00011615 6.06e-05 0.00012625 6.565e-05 8.08e-05 8.08e-05 3.535e-05 0.0001919 
0.0509495 0.0511969 0.0507525 0.0502324 0.0488032 0.0462479 0.0435714 0.041713 0.0396173 0.0367034 0.034638 0.0307747 0.0290729 0.0259368 0.0226998 0.0203313 0.0188921 0.0171044 0.0144026 0.0136855 0.0117362 0.0102212 0.0095546 0.00796385 0.0071104 0.0059691 0.00518635 0.00476215 0.0041915 0.00348955 0.00317645 0.00253005 0.0020402 0.00202505 0.00160085 0.0017574 0.00147965 0.00120695 0.00093425 0.00076255 0.00059085 0.00054035 0.0005454 0.000404 0.0003333 0.0003333 0.00032825 0.0002424 0.0001919 0.00019695 0.0008888 
0.0428493 0.0433644 0.0442128 0.0437785 0.0435361 0.0431725 0.0422534 0.0409303 0.0407485 0.0386174 0.0371731 0.0348905 0.0326281 0.0312444 0.0296637 0.0271438 0.0247097 0.0231947 0.021816 0.0195233 0.0187456 0.0160843 0.015145 0.0137512 0.0125695 0.0111555 0.0095849 0.00874155 0.0082921 0.00736795 0.00649935 0.00527725 0.0050298 0.00445915 0.0038683 0.00347945 0.0031714 0.0027169 0.00241895 0.00197455 0.0018483 0.00147965 0.00129785 0.0012625 0.00110595 0.00086355 0.00081305 0.0007373 0.0005353 0.000505 0.00333805 
0.0368347 0.03737 0.0374155 0.0374458 0.0375821 0.0375266 0.0371579 0.0374003 0.0365873 0.0362489 0.0351783 0.0342188 0.0331634 0.0316989 0.0307949 0.0297395 0.028073 0.0271993 0.0253207 0.0243309 0.0229977 0.0207454 0.0197556 0.0184881 0.0174074 0.0157964 0.0148268 0.0131856 0.012115 0.0116352 0.0102465 0.0092617 0.00868095 0.00792345 0.0065852 0.00639835 0.00542875 0.0048884 0.00452985 0.003838 0.00348955 0.00303505 0.00289365 0.00253005 0.00233815 0.0020301 0.00192405 0.00165135 0.00141905 0.00123725 0.0088173 
0.0321382 0.0320423 0.0325119 0.0326281 0.0325271 0.0326988 0.0323453 0.0320776 0.032219 0.0320271 0.0315928 0.0314868 0.0302647 0.0299617 0.029588 0.0289618 0.0287951 0.0271438 0.0266135 0.0258712 0.0245531 0.0232603 0.0223665 0.0211393 0.0201849 0.0191092 0.0178013 0.0169074 0.0156247 0.0146854 0.0139633 0.0126099 0.0114332 0.0108323 0.0100041 0.00942835 0.00808 0.0076154 0.0068074 0.00654985 0.0055752 0.0052318 0.00479245 0.0043733 0.00391375 0.00354005 0.003232 0.0028381 0.0024341 0.0022624 0.0182962 
0.0274316 0.0277346 0.0287749 0.0274266 0.027972 0.0279417 0.0274114 0.0289113 0.0279316 0.0282447 0.0280326 0.0285729 0.0277801 0.0274215 0.0275023 0.0268206 0.0267095 0.0254722 0.025245 0.0251238 0.0243107 0.0243107 0.0235229 0.0220837 0.0209979 0.0199879 0.0194526 0.0186093 0.0180184 0.0167256 0.0160944 0.0148268 0.0141451 0.0133573 0.0126351 0.0118625 0.0111757 0.0102515 0.00920615 0.00895365 0.0082214 0.0074437 0.0068175 0.00636805 0.0057772 0.00539845 0.0049995 0.0043531 0.0037572 0.0038077 0.0331179 
0.0249066 0.0241996 0.0243057 0.0243966 0.0247046 0.0246289 0.0246339 0.0245986 0.0248662 0.0252702 0.0245481 0.0245178 0.0249723 0.0242552 0.0241895 0.0241643 0.0244269 0.0236088 0.0231694 0.023331 0.0231795 0.0224321 0.0223362 0.0212201 0.021104 0.0205434 0.0199627 0.0196243 0.0183164 0.0176599 0.0172407 0.0166044 0.0161348 0.015049 0.0142814 0.0135845 0.0128573 0.0126755 0.0111504 0.0107161 0.0101 0.0095243 0.00879205 0.00848905 0.0078174 0.00694375 0.00659025 0.00603475 0.005757 0.00536815 0.0536815 
0.0212959 0.0207151 0.0211898 0.0211797 0.0216595 0.0216494 0.0216544 0.0217857 0.0220231 0.0221392 0.0220837 0.02222 0.0219372 0.0227553 0.0218413 0.0223059 0.0215837 0.0217655 0.0215332 0.0209525 0.0204879 0.0215282 0.0204323 0.0207505 0.0202 0.0191143 0.0193365 0.0183618 0.0179982 0.0178114 0.0174225 0.0166751 0.0166903 0.0161196 0.0152258 0.0141956 0.0138572 0.0132512 0.0130088 0.012221 0.0113676 0.0105495 0.0104838 0.00967075 0.00918595 0.00844865 0.0084537 0.0077164 0.00725685 0.00680235 0.0792547 
0.0184224 0.0185083 0.0183467 0.0194476 0.0185941 0.0193011 0.0194779 0.0191143 0.0202051 0.019089 0.0192658 0.0193769 0.0199021 0.0194072 0.0199728 0.0192153 0.0196395 0.0196647 0.0193516 0.0191648 0.0191244 0.0191042 0.01919 0.0185588 0.0180033 0.0185335 0.0175639 0.0175336 0.017675 0.0170791 0.0167206 0.0164428 0.0162863 0.0160792 0.0149783 0.0148066 0.0144026 0.0139885 0.0133623 0.0125998 0.0123523 0.0118726 0.0111403 0.0107515 0.0105343 0.0098071 0.0097162 0.00870115 0.00881225 0.0082214 0.105949 
0.016155 0.0166499 0.0169832 0.0168973 0.0168165 0.0168367 0.017473 0.0172559 0.0173266 0.0177558 0.0175134 0.0174276 0.0179881 0.0177053 0.0175993 0.0177609 0.0179225 0.017776 0.0179225 0.0176851 0.0171902 0.0166044 0.0169731 0.0168822 0.0172003 0.016963 0.0162257 0.0167054 0.016256 0.0159227 0.016059 0.0159681 0.0153975 0.0153318 0.0143572 0.0142511 0.0140138 0.014039 0.0140895 0.0129078 0.0125644 0.0121352 0.0117867 0.0112363 0.011009 0.0108121 0.00992325 0.00989295 0.00955965 0.0092011 0.134931 
0.0148521 0.0143117 0.0151349 0.0147006 0.015246 0.0152308 0.0153217 0.0153773 0.0156702 0.0157712 0.0155035 0.0156601 0.0159782 0.0160489 0.0159479 0.0161196 0.0155944 0.0160237 0.0162964 0.0158772 0.0158166 0.0163418 0.0159176 0.0153217 0.0154985 0.015453 0.0151854 0.0153419 0.0146602 0.0150692 0.0149682 0.0146602 0.0142663 0.0140441 0.0139784 0.0138572 0.0134128 0.0131401 0.0129735 0.0124028 0.0126957 0.0117413 0.0116655 0.0112969 0.0116655 0.0110343 0.0102818 0.0100798 0.009999 0.00968085 0.163019 
0.0128624 0.0128371 0.0135138 0.0134431 0.0133573 0.0141905 0.0139229 0.0138623 0.0145188 0.0140845 0.0138269 0.0141703 0.0145693 0.0143723 0.0145036 0.0145592 0.0144683 0.0148066 0.0144228 0.0145743 0.0143269 0.0142107 0.0138825 0.0144279 0.0145996 0.014135 0.0143218 0.0137815 0.0139431 0.0137007 0.0140542 0.0137007 0.0135896 0.0127563 0.0126604 0.0133472 0.0126856 0.012423 0.0122513 0.0123624 0.0121958 0.0115847 0.0116403 0.0113474 0.0115241 0.0106101 0.0105747 0.0099283 0.00987275 0.0096152 0.186663 
0.011812 0.0115393 0.012524 0.0120796 0.0125341 0.0121958 0.0124432 0.0125291 0.0127563 0.0128119 0.0130139 0.0130341 0.0126048 0.0128321 0.0132007 0.0133674 0.0132058 0.0133068 0.0132563 0.0128321 0.0131654 0.0130593 0.0130745 0.0130543 0.0129684 0.0129078 0.0129331 0.0131654 0.0125644 0.012519 0.0128775 0.0125089 0.0125139 0.0116958 0.0123624 0.0117867 0.0123018 0.0115645 0.0115847 0.0118019 0.0116807 0.0113928 0.0114787 0.0106909 0.010706 0.0103222 0.0100192 0.0100192 0.0097263 0.0098475 0.208136 
0.0108727 0.0109282 0.0107868 0.0106202 0.0110343 0.0110141 0.0109939 0.0113777 0.0118322 0.0116403 0.0117665 0.0118625 0.0118271 0.011711 0.0121099 0.0119584 0.0123523 0.0122463 0.0117413 0.0120291 0.0119786 0.0119736 0.0122362 0.011509 0.0117009 0.0119736 0.0118928 0.0120847 0.0116504 0.0122665 0.0115696 0.0120645 0.0117665 0.0114231 0.0112666 0.011812 0.0114635 0.0109434 0.01111 0.0111858 0.0110242 0.010605 0.0104384 0.010297 0.0097162 0.0100849 0.00967075 0.0098475 0.0095344 0.00917585 0.225654 
0.0095142 0.0095546 0.0095546 0.0097162 0.00967075 0.0103525 0.0104535 0.010196 0.0107262 0.0101859 0.0106808 0.0109131 0.0104838 0.0110242 0.0107616 0.0107363 0.0107313 0.0108424 0.0109232 0.0116958 0.0114736 0.0110444 0.011105 0.011312 0.0104586 0.0113221 0.0110949 0.01111 0.0107262 0.0107161 0.0110848 0.010903 0.0107515 0.0107818 0.0112211 0.0105646 0.0105747 0.0103475 0.0105646 0.0102768 0.0100899 0.0097061 0.009999 0.00948895 0.00987275 0.00985255 0.00965055 0.009494 0.00916575 0.00883245 0.239845 
0.0087062 0.008585 0.0085749 0.00920615 0.00900415 0.00951925 0.00948895 0.0091304 0.00956975 0.00958995 0.0100142 0.0097869 0.0097869 0.00964045 0.0095647 0.0099283 0.0103475 0.0102162 0.0104687 0.0104182 0.0100041 0.0100445 0.00963035 0.0103222 0.0104081 0.0101859 0.0100041 0.0103071 0.0105141 0.0109383 0.0099788 0.0103879 0.0099283 0.0103222 0.010095 0.00982225 0.0096556 0.0098273 0.0097869 0.00979195 0.0090092 0.0097263 0.009393 0.00931725 0.00931725 0.00908495 0.00910515 0.00915565 0.00892335 0.0089183 0.250955 
0.0076558 0.00784265 0.00815575 0.0083931 0.0084638 0.0086456 0.00853955 0.0092112 0.00852945 0.0087466 0.00883245 0.00864055 0.0088678 0.00889305 0.0093122 0.00900415 0.00960005 0.0096152 0.00910515 0.0095243 0.0089688 0.00944855 0.00926675 0.00951925 0.0096657 0.00965055 0.00951925 0.0099182 0.00988285 0.00948895 0.0095445 0.00932735 0.00934755 0.00958995 0.00912535 0.0092819 0.0092011 0.0092718 0.00924655 0.0091809 0.00861025 0.00892335 0.00902435 0.00878195 0.00866075 0.00884255 0.00845875 0.00854965 0.0081507 0.0083628 0.260055 
0 0 0 0 0 0 0 0 0 0 0 0 0 0 0 0 0 0 0 0 0 0 0 0 0 0 0 0 0 0 0 0 0 0 0 0 0 0 0 0 0 0 0 0 0 0 0 0 0 0 0 
Per-collision Densities L:
0.909197 0.74486 0.609651 0.499884 0.410353 0.335557 0.276493 0.226326 0.186305 0.154055 0.124003 0.102025 0.0843805 0.0691951 0.0565398 0.0473135 0.0382942 0.0316181 0.025048 0.0213868 0.0172104 0.0148016 0.0115595 0.00944855 0.00777195 0.00645895 0.0052924 0.00446925 0.0036764 0.00310575 0.00230785 0.00213615 0.0015251 0.0014241 0.00120695 0.00086355 0.0006767 0.00078275 0.0004646 0.0003939 0.00034845 0.0002424 0.00022725 0.00024745 0.0001515 0.0001313 8.08e-05 7.07e-05 6.06e-05 7.07e-05 0.00030805 
0.0735583 0.183754 0.246743 0.286648 0.30499 0.303864 0.29489 0.281179 0.26213 0.237269 0.216963 0.194491 0.174058 0.15299 0.135593 0.119953 0.103096 0.0905465 0.0771287 0.0674377 0.0590901 0.0509242 0.0431472 0.036961 0.0311636 0.0268913 0.0228513 0.0196698 0.0166347 0.0144531 0.0120392 0.0100091 0.00868095 0.007474 0.00614585 0.00515605 0.00460055 0.00379255 0.0029088 0.0026058 0.0020806 0.0018988 0.00155035 0.00141905 0.00105545 0.0008181 0.00081305 0.00075245 0.0005757 0.00043935 0.0024644 
0.00469145 0.025548 0.0550753 0.0866732 0.117988 0.142743 0.163782 0.175513 0.183744 0.188931 0.19036 0.186835 0.181542 0.172957 0.163135 0.15398 0.143107 0.130724 0.119074 0.109726 0.0994093 0.0897486 0.0800476 0.0707758 0.0643017 0.0576003 0.0510757 0.0430866 0.0400314 0.0346935 0.0305828 0.0260984 0.0233159 0.0208464 0.0172054 0.015049 0.0132613 0.0115494 0.0099384 0.0085446 0.00725685 0.00654985 0.00520655 0.0048884 0.00412585 0.0032421 0.00289365 0.00267145 0.00231795 0.00199475 0.0107414 
0.00104535 0.00472175 0.0113221 0.0211141 0.0344612 0.0487123 0.0639835 0.0795628 0.0925413 0.106646 0.114504 0.122149 0.130088 0.13178 0.133845 0.13378 0.132886 0.130234 0.125765 0.119453 0.114201 0.108009 0.10155 0.0944098 0.0883094 0.0824362 0.073932 0.0668115 0.0622413 0.0570549 0.0512828 0.0460661 0.0416777 0.0372741 0.0338249 0.0299768 0.0268963 0.0242905 0.0213413 0.0185133 0.0172104 0.014943 0.0132815 0.0113474 0.00988285 0.00884255 0.0074336 0.0067872 0.0059388 0.0051409 0.0330068 
0.0008686 0.00239875 0.0044642 0.00746895 0.011913 0.017064 0.0237047 0.03131 0.0392739 0.0482023 0.0570196 0.0668822 0.0737906 0.0805475 0.0871782 0.0927736 0.0948087 0.0984952 0.099783 0.101212 0.101227 0.0988891 0.0973489 0.0949501 0.0928291 0.0881124 0.0844714 0.0797042 0.0751036 0.0706243 0.0654531 0.0608929 0.0565954 0.0534896 0.0487931 0.0455258 0.0404657 0.0374912 0.0339815 0.0313403 0.0275629 0.0249975 0.0233563 0.0208515 0.0193567 0.0163216 0.0145238 0.013534 0.0117564 0.0105697 0.0780579 
0.0006161 0.0018281 0.00326735 0.00474195 0.00628725 0.0090597 0.0114837 0.0141602 0.0178013 0.0224725 0.0275579 0.0331634 0.0378296 0.0434805 0.0500506 0.054737 0.0585194 0.0642259 0.0689982 0.0712959 0.0745279 0.0760025 0.0772448 0.0778761 0.0788356 0.078371 0.0781589 0.0748511 0.074235 0.0728008 0.0702708 0.067064 0.0635694 0.0598425 0.0569539 0.0542067 0.0512929 0.0475912 0.0432078 0.0423241 0.0385164 0.035653 0.0327543 0.0299213 0.0285022 0.0256894 0.023629 0.0218261 0.0192759 0.0169074 0.147879 
0.00062115 0.0016766 0.0027068 0.00378245 0.0048783 0.0061105 0.0076154 0.00946875 0.0109484 0.0128725 0.0152763 0.0178417 0.020705 0.0248561 0.0274468 0.0316534 0.03484 0.0384255 0.0427685 0.045041 0.0487123 0.0522978 0.0545249 0.0569085 0.0597971 0.0602465 0.0617868 0.0616201 0.0634482 0.0633321 0.0632361 0.0611505 0.060999 0.0592517 0.058681 0.0560197 0.0533381 0.0516666 0.0487426 0.0467984 0.0454096 0.0425766 0.0399607 0.0374609 0.0352086 0.0325725 0.0308606 0.0284972 0.0261893 0.0245733 0.243799 
0.0004141 0.0014847 0.00227755 0.0031613 0.00443895 0.00511565 0.0060802 0.006969 0.0081911 0.009494 0.0107212 0.012418 0.0133724 0.0152056 0.0171296 0.0196445 0.0224826 0.0238714 0.0265782 0.0281487 0.0314211 0.034436 0.0365115 0.0385063 0.0413797 0.0427331 0.0453238 0.0469297 0.0479599 0.0491365 0.0509899 0.0512979 0.0514292 0.0517878 0.0516514 0.0499597 0.0510252 0.0500556 0.047263 0.0476215 0.0453137 0.043733 0.0414252 0.0405515 0.0397789 0.0366933 0.0347844 0.0327139 0.0314413 0.0299768 0.351854 
0.0003636 0.0012322 0.00191395 0.0025856 0.00369155 0.00450965 0.00491365 0.00606505 0.0067468 0.00799415 0.0086961 0.0092516 0.0105747 0.0113474 0.0124988 0.013327 0.0147157 0.0165337 0.0179578 0.019897 0.0212807 0.0230331 0.0247652 0.0266943 0.0288507 0.02979 0.0327038 0.0334613 0.0347087 0.0363297 0.0390466 0.0380013 0.0402536 0.0411575 0.0409101 0.0419706 0.0428291 0.042521 0.04343 0.0426119 0.0420463 0.041607 0.0402334 0.0389305 0.0376579 0.0375771 0.0366125 0.0338754 0.0342138 0.032113 0.456742 
0.00030805 0.00094435 0.0017473 0.0025553 0.0031815 0.003838 0.00456015 0.0049995 0.0058782 0.00645895 0.00738815 0.00787295 0.00857995 0.0092718 0.0100748 0.0110343 0.0116251 0.0125341 0.0134684 0.0145541 0.0156601 0.0161095 0.0182558 0.0186042 0.0207202 0.0213565 0.0233765 0.024543 0.0253005 0.0268913 0.0278811 0.0286386 0.0296839 0.0308404 0.032214 0.0331129 0.0345521 0.0348551 0.035042 0.035648 0.0352339 0.0354763 0.0356732 0.0353147 0.0349157 0.0338653 0.0349612 0.0334462 0.0328503 0.032012 0.547844 
0.0002727 0.00087365 0.00154025 0.00227755 0.0026664 0.00321685 0.00376225 0.00440865 0.00531765 0.0055752 0.0063731 0.00713565 0.007373 0.00815575 0.0089082 0.00905465 0.00968085 0.0106959 0.0110898 0.0117615 0.0125139 0.0132108 0.0140138 0.0148218 0.0161398 0.0165438 0.0170034 0.0183517 0.0189274 0.0203061 0.0211343 0.0217403 0.0229876 0.0239572 0.0238714 0.0249622 0.0262499 0.0275427 0.0274417 0.0286032 0.0289921 0.0297092 0.0298253 0.0305121 0.0297799 0.0297546 0.0303707 0.0304515 0.0293708 0.0290628 0.616226 
0.0001919 0.0007777 0.0012827 0.0019089 0.00244925 0.0029694 0.0032926 0.0040602 0.00479245 0.00510555 0.00553985 0.00606505 0.00682255 0.0069387 0.00769115 0.0080396 0.00832745 0.009191 0.00900415 0.00990305 0.0106404 0.0110494 0.0114736 0.0122261 0.0126351 0.0133926 0.0139431 0.0144784 0.0151551 0.0164681 0.0163216 0.0174983 0.0181043 0.0189274 0.019796 0.0196546 0.0200283 0.0212706 0.0219978 0.0222655 0.0223665 0.0242855 0.0242703 0.0247905 0.0242653 0.0250733 0.0257197 0.0256591 0.0256742 0.0263257 0.65747 
0.0002121 0.0007474 0.00119685 0.001515 0.00222705 0.00281285 0.00325725 0.00359055 0.00417635 0.00471165 0.0049187 0.0053227 0.00602465 0.0065347 0.0067569 0.0070195 0.00750935 0.00777195 0.00809515 0.0087264 0.00909505 0.0096859 0.0101606 0.0103626 0.0106808 0.0117362 0.01161 0.0120645 0.0130846 0.0129785 0.0140996 0.0141855 0.0144582 0.0151753 0.0156045 0.016458 0.0163873 0.0173367 0.0175084 0.0188264 0.018483 0.0187103 0.0196496 0.0202152 0.0206646 0.0210484 0.0212151 0.0212252 0.0216443 0.0219726 0.678028 
0.00028785 0.00052015 0.00105545 0.0014746 0.0019796 0.0022725 0.00287345 0.00315625 0.00381275 0.00420665 0.004444 0.00487325 0.00518635 0.00571155 0.00580245 0.00651955 0.00677205 0.00725685 0.0072316 0.0077568 0.0084739 0.0086557 0.00883245 0.00900415 0.0098071 0.0096657 0.010302 0.010908 0.0113171 0.0111908 0.0118271 0.012014 0.0127361 0.0124432 0.0127967 0.0136906 0.0139532 0.0142107 0.0146602 0.0147814 0.0160489 0.0158267 0.0156601 0.0169226 0.0170943 0.0169882 0.0178164 0.0181194 0.0184679 0.0188315 0.683139 
0.00020705 0.00061105 0.000909 0.0013433 0.00180285 0.00207555 0.00230785 0.002727 0.0033734 0.00360065 0.00393395 0.0043127 0.004545 0.00499445 0.00565095 0.00599435 0.0060196 0.00657005 0.00710535 0.00718615 0.00740835 0.00784265 0.0080901 0.0082214 0.00888295 0.00870115 0.00908495 0.009797 0.00957985 0.010095 0.0106707 0.0105848 0.0110191 0.0112211 0.0115746 0.0117615 0.0121099 0.0122463 0.0126856 0.0126503 0.0130442 0.0138774 0.013736 0.014039 0.0140946 0.0144733 0.0148521 0.0156247 0.0154833 0.015756 0.676225 
0.0001414 0.0005252 0.0008787 0.00128775 0.0014544 0.0018988 0.0021715 0.00243915 0.00285325 0.00331785 0.00346935 0.00375215 0.0040703 0.00440865 0.00512575 0.00505 0.0056055 0.0058984 0.00610545 0.00649935 0.00663065 0.00681245 0.00735785 0.0072114 0.00791335 0.0080497 0.00834765 0.0086153 0.00850925 0.00919605 0.009393 0.0097364 0.00936775 0.0099283 0.00998385 0.0102919 0.0105545 0.0108727 0.0109989 0.0113676 0.0117514 0.0116706 0.0123271 0.0124533 0.0125089 0.0126553 0.0129331 0.013125 0.0132765 0.0135744 0.662217 
0.0001515 0.000505 0.0007979 0.00115645 0.00124735 0.0017877 0.0018988 0.0022321 0.00267145 0.0026462 0.00323705 0.00339865 0.0036966 0.0042016 0.0042016 0.0047672 0.0050197 0.00543885 0.00574185 0.005757 0.00600445 0.00631755 0.0064842 0.0065044 0.00667105 0.0075649 0.0075043 0.00769115 0.0080598 0.00815575 0.0081608 0.00851935 0.0087567 0.00876175 0.00923645 0.00953945 0.0097566 0.00955965 0.00994345 0.00987275 0.0101808 0.0105747 0.0108272 0.0109585 0.011206 0.0112161 0.0114686 0.0114181 0.0115039 0.0119332 0.646031 
0.0001313 0.000404 0.00068175 0.00087365 0.0013231 0.00152005 0.0016766 0.0020402 0.0023129 0.00259065 0.0027068 0.0031815 0.0035148 0.00358045 0.003939 0.00403495 0.0043733 0.00480255 0.0050702 0.00536815 0.0056358 0.0056358 0.00581255 0.00614585 0.0062418 0.00649935 0.0066559 0.00666095 0.007171 0.00754975 0.0081305 0.0079689 0.00819615 0.00809515 0.0082315 0.0088476 0.00859005 0.0087365 0.00869105 0.0090092 0.0089789 0.0095445 0.00947885 0.0097869 0.0099889 0.0101404 0.0103273 0.0104333 0.0104535 0.0106606 0.625963 
0.0001515 0.00037875 0.00058075 0.0007979 0.00118675 0.0014746 0.0016362 0.0018786 0.00195435 0.0022725 0.00250985 0.0026765 0.0030401 0.0034441 0.0035249 0.00370165 0.00406525 0.00420665 0.0047672 0.00453995 0.0049086 0.0051005 0.00530755 0.00540855 0.0060095 0.0060499 0.0062822 0.00642865 0.0063327 0.0068276 0.00685285 0.0071811 0.00759015 0.0078174 0.00726695 0.0078578 0.0082113 0.00772145 0.00797395 0.00835775 0.0086456 0.00855975 0.0083325 0.0086052 0.00927685 0.00956975 0.00940815 0.00944855 0.00939805 0.0099182 0.606419 
0 0 0 0 0 0 0 0 0 0 0 0 0 0 0 0 0 0 0 0 0 0 0 0 0 0 0 0 0 0 0 0 0 0 0 0 0 0 0 0 0 0 0 0 0 0 0 0 0 0 0 
