Half rod, albedo problem, Anisotropic scattering, exponential random flight, mu_t: 1 g: -0.7
Analogmu_t c: 0.999 maxx: 10 dx: 0.19802 numsamples: 1000000 numCollisionOrders: 20 numMoments: 10
total albedo: 0.952505
per-collision order albedos: 
0 0.42455 0.063474 0.086508 0.035652 0.03828 0.022898 0.022227 0.016546 0.01507 0.012412 0.011105 0.009557 0.008692 0.007691 0.00706 0.006415 0.005737 0.00524 0.004985 
Collision density L:
0.949481 0.943486 0.933331 0.926352 0.919262 0.910646 0.899592 0.895072 0.888447 0.882326 0.873089 0.865913 0.855384 0.84888 0.842815 0.836573 0.828251 0.826104 0.821908 0.80797 0.805556 0.798238 0.789285 0.784073 0.777382 0.772443 0.766247 0.761035 0.752723 0.748642 0.73879 0.734795 0.72724 0.720266 0.720706 0.713575 0.707758 0.702187 0.697769 0.688694 0.684563 0.675412 0.672549 0.666297 0.665348 0.659641 0.651935 0.648011 0.635881 0.638628 77.7433 
Collision density R:
0.994168 0.987856 0.977902 0.976594 0.965999 0.955551 0.949683 0.944158 0.932336 0.92865 0.918398 0.905869 0.90041 0.893375 0.888694 0.878074 0.874185 0.859717 0.862126 0.848213 0.843799 0.838805 0.831457 0.822418 0.817529 0.814595 0.802071 0.799269 0.791921 0.784987 0.77919 0.768368 0.763121 0.760232 0.753172 0.746496 0.744193 0.732846 0.731063 0.725751 0.716671 0.708101 0.707293 0.702425 0.693511 0.690956 0.685154 0.676377 0.671115 0.667999 81.5914 
Density Moments:
47.4075 1150.26 55914.9 4.09912e+06 4.02038e+08 4.90925e+10 7.10929e+12 1.18253e+15 2.21478e+17 4.60926e+19 
Per-collision Density Moments:
1 1.0004 2.00033 5.99918 23.9802 119.681 715.537 4979.45 39446.6 348937 
0.574466 0.725223 1.751 6.13868 27.9542 155.52 1015.54 7556.7 62585.3 565880 
0.510404 0.979585 2.9417 11.882 60.0251 362.754 2543.42 20220.1 178987 1.73825e+06 
0.423367 0.885893 2.9505 13.1427 72.621 476.179 3593.55 30499.8 285865 2.91538e+06 
0.387293 0.984342 3.70537 18.0982 107.841 754.855 6045.1 54279.7 537515 5.78736e+06 
0.348569 0.950869 3.86547 20.3155 129.713 970.009 8286.85 79370.8 839220 9.66405e+06 
0.325355 0.99497 4.38985 24.6519 166.445 1305.31 11605.6 114828 1.24508e+06 1.46014e+07 
0.302803 0.98521 4.6162 27.4245 195.326 1613.85 15136.3 158762 1.84359e+06 2.35501e+07 
0.285962 1.00602 5.01792 31.4404 234.385 2013.05 19489.3 209350 2.46534e+06 3.15349e+07 
0.270615 1.00467 5.26976 34.6262 270.162 2424.97 24512.2 274720 3.37298e+06 4.49252e+07 
0.257934 1.01596 5.59752 38.4157 311.688 2898.81 30274 349761 4.41732e+06 6.03592e+07 
0.246557 1.01839 5.86631 41.9472 353.348 3398.81 36547.9 432459 5.55987e+06 7.68274e+07 
0.236772 1.02513 6.14819 45.602 397.54 3954.24 44025.3 541492 7.28722e+06 1.06468e+08 
0.227855 1.02742 6.39869 49.1913 443.597 4552.81 52120.2 655926 8.97328e+06 1.32212e+08 
0.219944 1.0313 6.64993 52.8052 491.114 5192.55 61178 791901 1.11455e+07 1.69222e+08 
0.212674 1.03461 6.89457 56.434 539.807 5856.81 70650.3 934107 1.33946e+07 2.06628e+08 
0.206044 1.03711 7.13265 60.1493 592.137 6611.05 82129.9 1.1203e+06 1.6617e+07 2.66015e+08 
0.200097 1.03977 7.37254 64.0031 647.659 7420.83 94442.3 1.31699e+06 1.99206e+07 3.24232e+08 
0.194648 1.04161 7.58452 67.4795 698.538 8175.78 106162 1.50898e+06 2.32431e+07 3.84831e+08 
0 0 0 0 0 0 0 0 0 0 
Per-collision Densities L:
0 0 0 0 0 0 0 0 0 0 0 0 0 0 0 0 0 0 0 0 0 0 0 0 0 0 0 0 0 0 0 0 0 0 0 0 0 0 0 0 0 0 0 0 0 0 0 0 0 0 0 
0.384951 0.315009 0.258898 0.213181 0.176078 0.142486 0.116948 0.0950461 0.0791133 0.0652763 0.0529392 0.0437987 0.0356379 0.0287648 0.0241744 0.0197455 0.0157358 0.013332 0.0113322 0.0085648 0.0073023 0.00595395 0.0049086 0.0042925 0.00352995 0.002929 0.00229775 0.00175235 0.00160085 0.00124735 0.00105545 0.0009393 0.00064135 0.0005555 0.00042925 0.00029795 0.00027775 0.0002424 0.00021715 9.09e-05 0.000202 8.585e-05 8.585e-05 6.06e-05 5.555e-05 5.05e-05 2.525e-05 4.04e-05 5.555e-05 1.515e-05 0.00010605 
0.0636553 0.0620746 0.0572064 0.0538835 0.0486972 0.045147 0.0401071 0.0354106 0.0321837 0.0285982 0.0247551 0.0211898 0.0183719 0.0162004 0.0142006 0.0119029 0.0104081 0.00877185 0.00798405 0.00680235 0.00573175 0.004444 0.0041006 0.00354005 0.00290375 0.0026058 0.0019796 0.001717 0.0014746 0.0012423 0.0011716 0.00074235 0.00074235 0.0005757 0.0005555 0.00047975 0.00036865 0.00030805 0.0002727 0.00023735 0.00018685 0.0001515 0.0001414 0.00010605 8.08e-05 7.07e-05 7.07e-05 6.565e-05 1.515e-05 3.535e-05 0.0001616 
0.0913646 0.0998082 0.101924 0.10001 0.0968893 0.089582 0.083224 0.0767651 0.0688315 0.0629584 0.0553531 0.0494799 0.0428695 0.0383548 0.0328301 0.0292951 0.025952 0.0226392 0.0191244 0.0164378 0.0143622 0.0121857 0.0107666 0.00890315 0.007979 0.00672155 0.0059186 0.0047975 0.0040501 0.00327745 0.00310575 0.0024745 0.00220685 0.0018584 0.0013635 0.0012019 0.00107565 0.0008787 0.0006969 0.0006262 0.0004747 0.00047975 0.00035855 0.0003636 0.00024745 0.0002626 0.0002121 0.000202 0.00010605 0.00011615 0.0005959 
0.037774 0.0413494 0.0425513 0.0442734 0.0438997 0.0431927 0.0419403 0.0406778 0.0375518 0.0357136 0.0325271 0.0301536 0.0279013 0.0249672 0.0232401 0.0206949 0.0187608 0.0174932 0.0144178 0.0134936 0.0116201 0.0107161 0.00899405 0.0078477 0.00724675 0.00595395 0.00543885 0.00471165 0.0040097 0.00347945 0.0032118 0.0026058 0.0023129 0.0018786 0.00185335 0.0016059 0.00126755 0.0011615 0.00085345 0.00079285 0.00075245 0.0005555 0.00054035 0.0004747 0.00036865 0.0003939 0.0002727 0.00024745 0.0002222 0.00012625 0.00086355 
0.0412989 0.0458843 0.0492678 0.0532876 0.0542118 0.0535553 0.0515403 0.0507121 0.0495658 0.0466418 0.0447329 0.0410414 0.0385063 0.0357995 0.0322594 0.0293052 0.0273054 0.0243006 0.0219675 0.0199879 0.0173872 0.015448 0.0141047 0.0128725 0.0109636 0.0097667 0.0088072 0.00799415 0.0064135 0.0057065 0.00511565 0.0043531 0.0039289 0.00327745 0.00295425 0.00261085 0.0022523 0.00203515 0.0017978 0.00155035 0.00116655 0.00116655 0.00083325 0.0007777 0.00060095 0.0006464 0.00058075 0.0004545 0.00037875 0.00031815 0.00177255 
0.0252601 0.0280275 0.0304818 0.032618 0.0334765 0.0343956 0.0350167 0.034032 0.0333906 0.0324564 0.0314262 0.0298001 0.0282548 0.0268004 0.0253258 0.023432 0.0215736 0.019897 0.0187456 0.0168721 0.0157611 0.0146955 0.0130694 0.0117968 0.0100394 0.0095041 0.00840825 0.00724675 0.0066357 0.00588325 0.0055954 0.00494395 0.00404505 0.00367135 0.0033229 0.00309565 0.0027573 0.00225735 0.0019392 0.0018483 0.00137865 0.0012221 0.00131805 0.00101 0.0008989 0.0007575 0.0006666 0.0006161 0.0004141 0.0003838 0.00272195 
0.024437 0.0270731 0.0303909 0.0324008 0.0332896 0.0347693 0.0354005 0.0351834 0.0355773 0.0343501 0.0339512 0.0328149 0.0316029 0.0298102 0.0284315 0.026558 0.0254116 0.0235583 0.0221695 0.0200233 0.0189678 0.0171549 0.0153823 0.0137209 0.0128523 0.0122564 0.0103626 0.0099384 0.00846885 0.00791335 0.00713565 0.0061913 0.00558025 0.00503485 0.00439855 0.00390365 0.00354005 0.0029593 0.00271185 0.00235835 0.0020806 0.00175235 0.00171195 0.0013332 0.00137865 0.0012322 0.00097465 0.00084335 0.0007777 0.0005555 0.0041511 
0.0178417 0.0207707 0.0228917 0.0241239 0.0248915 0.0260227 0.0273256 0.0278912 0.0276185 0.0273609 0.0266186 0.0271943 0.0257348 0.0250177 0.023528 0.0232098 0.0216393 0.0207959 0.019291 0.0175235 0.0168721 0.0158974 0.0146198 0.0134128 0.012221 0.0114433 0.0103424 0.00932735 0.008585 0.00773155 0.00695385 0.0066761 0.00571155 0.00550955 0.0045551 0.0041814 0.0038279 0.00326735 0.00303 0.00283305 0.00260075 0.0019695 0.00196445 0.00175235 0.00139885 0.0013433 0.0013231 0.00124735 0.00086355 0.00077265 0.0057368 
0.0162206 0.0186547 0.0210333 0.0219019 0.0240683 0.0248511 0.0260328 0.0268054 0.0265681 0.0268256 0.0261085 0.0264519 0.0257449 0.0252197 0.0239926 0.0232957 0.022422 0.021811 0.0198364 0.0195132 0.0176043 0.0170135 0.0158621 0.0152359 0.0137007 0.0129078 0.011812 0.0111403 0.0102263 0.00937785 0.0085951 0.0075346 0.00715585 0.0060903 0.00561055 0.0050298 0.00478235 0.0042723 0.00372185 0.00326735 0.00313605 0.00261085 0.00226745 0.00212605 0.00198465 0.00175235 0.0015453 0.0013837 0.00117665 0.0010605 0.00772145 
0.0134179 0.0151955 0.0170488 0.0182558 0.0195284 0.0207151 0.0209828 0.0217807 0.0218918 0.0222806 0.0224271 0.0227099 0.0228159 0.0220079 0.0215534 0.0208616 0.0211343 0.0192759 0.0182356 0.0179326 0.0172508 0.0161095 0.0149228 0.0142006 0.0132815 0.0128573 0.0114433 0.0102919 0.0098778 0.00935765 0.00852945 0.00756995 0.0069286 0.0064741 0.00608525 0.00530755 0.0047874 0.0043935 0.00424705 0.00355015 0.0035552 0.00288355 0.00275225 0.0025957 0.00218665 0.0019594 0.00181295 0.0016463 0.00146955 0.0013029 0.00999395 
0.0125038 0.0141047 0.0156449 0.0163974 0.0174023 0.0188315 0.0198162 0.0201243 0.0214676 0.0214423 0.0222453 0.0214878 0.0215383 0.0211141 0.020902 0.0205081 0.0193264 0.0192001 0.0184527 0.0176952 0.0168569 0.015852 0.0151601 0.014443 0.0133977 0.012822 0.0119887 0.0115443 0.0106808 0.00992325 0.0092112 0.00862035 0.0077669 0.0072013 0.00650945 0.0061711 0.0055247 0.004949 0.00491365 0.00405515 0.0035047 0.0035047 0.00326735 0.0030502 0.00250985 0.0023533 0.0020705 0.00193415 0.0016766 0.00165135 0.0123927 
0.0104939 0.0121958 0.0130593 0.0144582 0.0150945 0.0160893 0.0169731 0.0181245 0.0184376 0.0190587 0.0189779 0.0192254 0.0192001 0.0195991 0.0181952 0.0184982 0.0179831 0.0180891 0.0172508 0.0165741 0.0157358 0.0158368 0.0147713 0.013832 0.013327 0.0123069 0.0120594 0.0113625 0.0101859 0.0103323 0.0092011 0.0089284 0.00817595 0.00720635 0.0070599 0.0064034 0.0057166 0.0051914 0.00510555 0.00464095 0.00446925 0.00391375 0.00371175 0.00348955 0.0028381 0.002727 0.002323 0.00198465 0.0019291 0.00199475 0.0153874 
0.0094031 0.0110848 0.0119837 0.0125089 0.0141097 0.014842 0.0162105 0.0168165 0.0172761 0.0176851 0.0180689 0.0180588 0.0179982 0.0176447 0.0178265 0.0179376 0.0174124 0.0170438 0.0166852 0.0161045 0.0154379 0.0153217 0.0145087 0.0141956 0.0136502 0.0128321 0.01212 0.0112514 0.0107212 0.0099687 0.00970105 0.0087769 0.00833755 0.00726695 0.0074033 0.0063933 0.00616605 0.0057671 0.00545905 0.0047975 0.00459045 0.0039794 0.0037976 0.00359055 0.0033835 0.00301485 0.0027472 0.0024947 0.00216645 0.0021008 0.0177104 
0.00819615 0.0093627 0.0109484 0.0116756 0.0130139 0.0132108 0.0144935 0.0147208 0.015554 0.015953 0.0161903 0.0169529 0.0163014 0.0166953 0.0164883 0.0163317 0.0164731 0.015756 0.0154631 0.0155288 0.0149935 0.0143572 0.0140491 0.0129735 0.0127008 0.0126957 0.0119837 0.0110292 0.0109434 0.010201 0.00975155 0.00900415 0.0082315 0.00761035 0.00747905 0.00689325 0.0063327 0.0061711 0.00559035 0.00500455 0.00490355 0.0045854 0.0041006 0.0036663 0.00362085 0.003232 0.0028684 0.00272195 0.00251995 0.0022321 0.0213565 
0.00739825 0.00901425 0.009898 0.0100748 0.0112312 0.0120039 0.0129381 0.0135593 0.0144329 0.0145945 0.0149733 0.0156096 0.0152712 0.0158015 0.0153015 0.0150642 0.0156146 0.0149884 0.0151096 0.0147864 0.0146753 0.0137613 0.0131149 0.0134027 0.0124079 0.0117211 0.0120089 0.0112312 0.0106858 0.0096253 0.0096253 0.00944855 0.0086456 0.0086052 0.00796385 0.0071205 0.0066054 0.0064539 0.0058479 0.00554995 0.00504495 0.0047773 0.0041511 0.0040905 0.0037471 0.00334815 0.0030098 0.00292395 0.00266135 0.00255025 0.0238007 
0.006868 0.0078275 0.0085749 0.00976165 0.0105394 0.0113979 0.0120443 0.0124331 0.0128876 0.0136754 0.0138926 0.0138623 0.0146854 0.0140744 0.0147309 0.0144986 0.0145642 0.0142966 0.014539 0.0141905 0.0138219 0.0133421 0.0132462 0.0123927 0.0122968 0.0117211 0.0113928 0.0109888 0.0104535 0.00989295 0.0093829 0.00926675 0.0085648 0.00821635 0.0075649 0.0071205 0.0072114 0.00627715 0.0062721 0.00562065 0.005454 0.00497425 0.00482275 0.0043733 0.00399455 0.0038885 0.00324715 0.00313605 0.0027674 0.00250985 0.0277094 
0.0066155 0.0070801 0.0079891 0.00923645 0.00994345 0.0101101 0.0110747 0.0114635 0.012317 0.0124786 0.0127614 0.0126654 0.0132512 0.0130795 0.0138067 0.0137158 0.0135593 0.0136047 0.0132411 0.0130139 0.0130189 0.0132664 0.0124533 0.0121099 0.0121503 0.0116807 0.0116049 0.0110191 0.00998385 0.00967075 0.00953945 0.0091607 0.00866075 0.00815575 0.00766085 0.0072114 0.0071811 0.0066559 0.00644885 0.0057469 0.005555 0.0052823 0.00492375 0.00426725 0.00404 0.00387335 0.0034239 0.0033835 0.00285325 0.00303505 0.0310272 
0.00591355 0.00650945 0.00745885 0.00816585 0.00908495 0.0097667 0.0101758 0.0107111 0.0114231 0.0116958 0.0121301 0.0121655 0.0125038 0.0129381 0.0125745 0.0128725 0.0127563 0.0135593 0.0126452 0.0125442 0.0126604 0.0123776 0.0119029 0.01161 0.0116352 0.0113777 0.0103879 0.0105444 0.0100344 0.00983235 0.00960005 0.0086153 0.0088173 0.0082618 0.00763055 0.0079588 0.0069286 0.0066054 0.00662055 0.0058277 0.00524695 0.0055752 0.0050803 0.0045753 0.0045147 0.00387335 0.00357035 0.00379255 0.00340875 0.0031108 0.0345521 
0 0 0 0 0 0 0 0 0 0 0 0 0 0 0 0 0 0 0 0 0 0 0 0 0 0 0 0 0 0 0 0 0 0 0 0 0 0 0 0 0 0 0 0 0 0 0 0 0 0 0 
Per-collision Densities L:
0.904531 0.745183 0.609883 0.500798 0.411752 0.336476 0.276796 0.228245 0.186658 0.153646 0.124866 0.102207 0.0845067 0.0688719 0.0573933 0.0464297 0.038375 0.0301182 0.0263004 0.0209878 0.0169226 0.0139279 0.01161 0.0094536 0.0078578 0.00639835 0.00560045 0.0041612 0.0037269 0.00290375 0.00253005 0.00191395 0.00154025 0.00141905 0.00112615 0.0008989 0.00071205 0.00071205 0.0004242 0.00038885 0.0002727 0.0002929 0.00019695 0.0001717 0.0001616 0.0001515 8.585e-05 4.545e-05 4.545e-05 6.565e-05 0.00025755 
0.0129937 0.032825 0.0447279 0.0521514 0.0545653 0.0546764 0.0525453 0.0504849 0.0469852 0.0427988 0.0397789 0.0352541 0.0317443 0.0275023 0.0248107 0.0213514 0.0184022 0.0162105 0.0145087 0.0119433 0.0110343 0.0092516 0.0075851 0.0068377 0.0057267 0.00497425 0.00433795 0.0036158 0.0031209 0.00282295 0.0018887 0.00158065 0.001414 0.0013938 0.00105545 0.0009494 0.00076255 0.0006464 0.0005454 0.00045955 0.00039895 0.0003131 0.0002121 0.00026765 0.00018685 0.00019695 0.00016665 0.00014645 0.0001212 8.585e-05 0.00033835 
0.0324261 0.0789871 0.109035 0.128285 0.136077 0.136158 0.133335 0.125624 0.118726 0.109686 0.0994244 0.0894103 0.0811081 0.0714424 0.0637462 0.0556662 0.0493133 0.0432886 0.0381023 0.0330725 0.0289719 0.0240532 0.0215282 0.0183669 0.0155995 0.0139835 0.0117514 0.00993335 0.00857995 0.0073932 0.00636805 0.00514595 0.0045551 0.00404505 0.00330775 0.0027371 0.0023836 0.0018483 0.00156045 0.00131805 0.00110595 0.0010403 0.00085345 0.0006868 0.00055045 0.00048985 0.0004141 0.0003333 0.0003333 0.0002323 0.00132815 
0.00531765 0.0156348 0.0239673 0.0318504 0.0374609 0.0418342 0.0442835 0.0458692 0.0457076 0.0448844 0.0435512 0.0428493 0.0395668 0.0360924 0.0345471 0.0322594 0.0296486 0.0268105 0.0248258 0.0223715 0.0194981 0.0180386 0.0163519 0.0145339 0.0121554 0.0111605 0.0099283 0.0082416 0.007777 0.0065448 0.0057772 0.00487325 0.00421675 0.0038784 0.00339865 0.00288355 0.0025553 0.00226745 0.0018079 0.0016261 0.00143925 0.00118675 0.00086355 0.00089385 0.00070195 0.0006666 0.00057065 0.0005252 0.0003737 0.0003939 0.0019796 
0.00705485 0.020599 0.032719 0.0441269 0.0515353 0.0576104 0.0620443 0.064837 0.063928 0.0650642 0.0634735 0.0594183 0.0583982 0.0550703 0.0510909 0.04747 0.0447026 0.0404808 0.0375215 0.0333502 0.0301283 0.0273508 0.0249975 0.0225533 0.0196748 0.0181194 0.0159631 0.0144481 0.0122917 0.0106 0.00934755 0.00836785 0.0075346 0.0068074 0.00546915 0.0049086 0.00447935 0.0033532 0.00347945 0.00275225 0.00254015 0.0022119 0.0018584 0.00159075 0.00131805 0.00100495 0.0009696 0.0009595 0.00077265 0.00069185 0.003838 
0.00295425 0.00904455 0.0146955 0.0198768 0.0238007 0.028179 0.0308 0.0333098 0.0354359 0.0360772 0.0371175 0.0358096 0.0358651 0.0348652 0.0339865 0.0330169 0.0310575 0.0290981 0.0274619 0.0244774 0.0232603 0.0218867 0.0205485 0.0185436 0.017165 0.0155086 0.0139582 0.0129028 0.0108525 0.0101152 0.0092011 0.00840825 0.0073629 0.00671145 0.00557015 0.00543885 0.00447935 0.0040198 0.0034744 0.0031613 0.0027472 0.00249975 0.0020705 0.0017978 0.0016564 0.00137865 0.0011514 0.0011312 0.0008181 0.00106555 0.005252 
0.0030502 0.00961015 0.015453 0.0208969 0.0261792 0.0300172 0.0339663 0.0359156 0.038678 0.0392638 0.0409555 0.040703 0.0408495 0.0399152 0.0381225 0.0374205 0.0348652 0.0342946 0.033027 0.0308 0.0282851 0.026457 0.0249369 0.0226493 0.0206848 0.0185386 0.0172357 0.0165994 0.0145289 0.0129381 0.0114686 0.0104131 0.0099081 0.0086355 0.0076356 0.00689325 0.00624685 0.0053631 0.00492375 0.00420665 0.0038077 0.0033936 0.00306535 0.00272195 0.0024139 0.00201495 0.001717 0.00150995 0.0014645 0.0011312 0.00808505 
0.00192405 0.00587315 0.0094132 0.0134078 0.0167004 0.0190537 0.0220786 0.0252298 0.0262954 0.0288204 0.0284063 0.0285426 0.0293809 0.0298506 0.0293607 0.0291234 0.0280073 0.0270024 0.0261287 0.0250985 0.024336 0.0224473 0.0209878 0.0201849 0.0184477 0.0174781 0.015958 0.0153874 0.0133219 0.0124988 0.0114332 0.0102414 0.00948895 0.008787 0.0079891 0.00696395 0.00661045 0.0056863 0.00497425 0.0046561 0.0041612 0.0035552 0.0035047 0.0029896 0.00281285 0.0021614 0.0019897 0.001818 0.00181295 0.001515 0.0104333 
0.0019796 0.00550955 0.0090799 0.0130341 0.016059 0.0184729 0.0211898 0.0234169 0.0248915 0.0269115 0.0283608 0.0288557 0.0286992 0.0296839 0.0293759 0.0291486 0.0292395 0.0276791 0.0268711 0.0265277 0.0249824 0.0234623 0.0221241 0.0211444 0.0205889 0.0190234 0.0174124 0.0167711 0.015756 0.0146753 0.0131654 0.0124432 0.0110343 0.0101051 0.00940815 0.008383 0.00774165 0.00698415 0.0065347 0.005555 0.00513585 0.0045955 0.00403495 0.00377235 0.00338855 0.00304515 0.00254015 0.00229775 0.0018685 0.00183315 0.0140542 
0.00135845 0.00421675 0.00714575 0.00983235 0.0120998 0.0143875 0.0160439 0.0181952 0.0196445 0.0208414 0.0221847 0.023129 0.0237047 0.0240077 0.024235 0.0238158 0.0245784 0.024038 0.0232603 0.0227604 0.0222503 0.021104 0.020296 0.0193112 0.0183366 0.0174427 0.016564 0.0152005 0.0142915 0.0132815 0.0124432 0.0116756 0.0109787 0.0099788 0.00929705 0.00840825 0.00778205 0.0070902 0.00645895 0.00598425 0.00557015 0.00506515 0.0045551 0.00408545 0.0036966 0.0031916 0.0031007 0.00260075 0.00249975 0.0022422 0.0172811 
0.0013029 0.0035754 0.00629735 0.0088678 0.0106959 0.0128725 0.0147965 0.0166297 0.0184982 0.020801 0.0210181 0.0216898 0.0219524 0.0228563 0.0233058 0.0238815 0.0233411 0.023124 0.0229169 0.0220483 0.0210737 0.0210282 0.0207404 0.0190537 0.0187103 0.0177255 0.0167963 0.0161853 0.0153116 0.0142309 0.0130694 0.012221 0.0117766 0.0110292 0.00993335 0.00962025 0.0088173 0.00808505 0.00722655 0.0067367 0.00617615 0.00560045 0.0051005 0.00440865 0.00416625 0.0036966 0.00372185 0.0033835 0.00291385 0.0025553 0.0213262 
0.00108575 0.00303 0.00529745 0.00692355 0.00900415 0.0111454 0.0125038 0.0137966 0.0151399 0.0163873 0.0170539 0.0180689 0.0193769 0.0194678 0.0198667 0.0201596 0.0205434 0.0206899 0.0202909 0.0197607 0.0196546 0.0194476 0.018781 0.0180689 0.0180942 0.0166701 0.0161095 0.0151955 0.0145996 0.0138623 0.0128119 0.0118372 0.0114635 0.0107717 0.0100798 0.009595 0.00898395 0.0080699 0.00780225 0.00659025 0.0063731 0.005858 0.0055954 0.0050399 0.0047066 0.0043834 0.00408545 0.00358045 0.0030603 0.0029391 0.0256995 
0.00104535 0.00286335 0.00471165 0.0065852 0.00801435 0.0096253 0.0112969 0.0127967 0.0138572 0.0151248 0.0163065 0.0173922 0.0174932 0.0182204 0.0189072 0.0189678 0.0194779 0.0189628 0.019594 0.0190133 0.0186699 0.0183618 0.0179326 0.0175841 0.0170488 0.0167256 0.0158671 0.0148975 0.0143319 0.0143521 0.0132108 0.0124836 0.0120998 0.0106757 0.0103071 0.0097869 0.00914555 0.00853955 0.0080901 0.007474 0.00676195 0.0058075 0.0056762 0.00540855 0.00521665 0.00446925 0.0043127 0.0039087 0.0035451 0.0031613 0.0298657 
0.0008282 0.00235835 0.00384305 0.00570145 0.00710535 0.00826685 0.00968085 0.0110545 0.0116655 0.013832 0.0140946 0.0155187 0.01616 0.0161095 0.016766 0.0167711 0.0173064 0.0167004 0.017574 0.018377 0.017468 0.0172912 0.0169226 0.015953 0.0157964 0.0154833 0.0147258 0.0144228 0.0139885 0.0135744 0.0124887 0.0127361 0.0117665 0.0112969 0.0101657 0.00972125 0.0090092 0.00873145 0.0083426 0.00760025 0.0072316 0.00688315 0.00599435 0.00587315 0.0051813 0.0051308 0.004545 0.00427735 0.00368145 0.0033835 0.0349359 
0.00072215 0.00225735 0.00376225 0.00507525 0.0060196 0.00755985 0.0083527 0.0103172 0.0113524 0.0122614 0.0131755 0.0132765 0.0146602 0.0147359 0.0153672 0.0159934 0.0162913 0.0163368 0.016362 0.0162004 0.016867 0.0162964 0.0163267 0.0157055 0.0154328 0.0151904 0.0146753 0.0142158 0.0135441 0.0135138 0.01313 0.0123372 0.0115746 0.0108828 0.0104586 0.0100142 0.00950915 0.00836785 0.0083123 0.00795375 0.0074235 0.0066054 0.0063933 0.00610545 0.00567115 0.00540855 0.0046662 0.00440865 0.0039289 0.00389355 0.0387133 
0.0007474 0.0018079 0.0033128 0.00448945 0.0052823 0.00718615 0.0078578 0.0088072 0.0100798 0.011105 0.011615 0.0129129 0.0132462 0.0140491 0.0140946 0.0141905 0.0147056 0.0153722 0.0151399 0.0151854 0.0157964 0.0151147 0.0154631 0.0149531 0.0147915 0.0146955 0.0143622 0.0132765 0.0130593 0.0127361 0.0126099 0.0120695 0.0110898 0.0105747 0.0101758 0.0098677 0.0095546 0.00888295 0.00848905 0.00785275 0.00760025 0.00718615 0.0068882 0.00619635 0.0057772 0.00565095 0.00515605 0.00470155 0.00422685 0.0040804 0.0436674 
0.00067165 0.0017271 0.002929 0.0039895 0.00528735 0.00601455 0.00723665 0.008383 0.00873145 0.0103374 0.0106656 0.0111353 0.0119281 0.0124735 0.0136502 0.0132563 0.0137007 0.0139431 0.0145642 0.0139936 0.0146299 0.0141905 0.0144481 0.0138926 0.0142259 0.0137613 0.0130341 0.0134633 0.0129785 0.0121806 0.0119483 0.0118877 0.0112817 0.0109484 0.0099889 0.00969095 0.0093425 0.00938795 0.00844865 0.00802445 0.00798405 0.0072821 0.0069791 0.006363 0.00599435 0.00543885 0.0053631 0.00486315 0.0045046 0.00403495 0.048076 
0.00061105 0.0016766 0.0026563 0.00381275 0.00477225 0.00553985 0.0066256 0.00753965 0.00847895 0.00915565 0.0100192 0.0102869 0.0112817 0.0116958 0.0125341 0.0125038 0.0127816 0.0127967 0.0137815 0.0133371 0.0130038 0.0135492 0.0134936 0.0136754 0.013428 0.0133118 0.0129381 0.0124685 0.0125038 0.0115191 0.0118574 0.0108878 0.0108222 0.0106404 0.0105848 0.0096152 0.00955965 0.00878195 0.0083527 0.0078073 0.0078881 0.0071609 0.00672155 0.00672155 0.0064741 0.00620645 0.00534795 0.00506515 0.00467125 0.0044036 0.0530907 
0.0005151 0.00145945 0.0026361 0.00333805 0.0043834 0.00511565 0.00599435 0.00709525 0.00755985 0.0083931 0.00922635 0.00983235 0.0100091 0.0109333 0.0111555 0.0121049 0.0119534 0.0119433 0.0124634 0.0124786 0.0128775 0.0129482 0.0130997 0.0121402 0.0125897 0.0124735 0.0124028 0.0125291 0.0116453 0.0112817 0.0113777 0.0111201 0.0107666 0.0101051 0.0098273 0.00949905 0.00929705 0.0088072 0.0086759 0.00864055 0.00729725 0.0075952 0.00709525 0.00672155 0.0061812 0.0060499 0.0058075 0.0053934 0.0050702 0.00481265 0.0561308 
0 0 0 0 0 0 0 0 0 0 0 0 0 0 0 0 0 0 0 0 0 0 0 0 0 0 0 0 0 0 0 0 0 0 0 0 0 0 0 0 0 0 0 0 0 0 0 0 0 0 0 
