Half rod, albedo problem, Anisotropic scattering, exponential random flight, mu_t: 1 g: 0.5
Analogmu_t c: 0.98 maxx: 10 dx: 0.19802 numsamples: 1000000 numCollisionOrders: 20 numMoments: 10
total albedo: 0.669326
per-collision order albedos: 
0 0.122652 0.089803 0.067965 0.052843 0.041889 0.033727 0.02783 0.0235 0.019691 0.01677 0.014611 0.013007 0.011188 0.009928 0.008784 0.007974 0.007183 0.006565 0.00594 
Collision density L:
0.660606 0.64796 0.633684 0.625498 0.610818 0.599122 0.588734 0.572887 0.567408 0.552364 0.54588 0.531614 0.522993 0.509646 0.498218 0.488431 0.479154 0.468509 0.456055 0.4515 0.442946 0.432689 0.422902 0.418716 0.408803 0.401435 0.39235 0.384628 0.375266 0.366953 0.360999 0.352945 0.346925 0.342855 0.334765 0.327139 0.321427 0.31362 0.309701 0.304126 0.296829 0.292355 0.286901 0.281356 0.275149 0.268806 0.264297 0.258752 0.253571 0.24949 12.3001 
Collision density R:
0.988734 0.972085 0.950703 0.931675 0.913767 0.897324 0.878478 0.859232 0.843219 0.824564 0.813984 0.794178 0.7807 0.761964 0.746895 0.730841 0.718241 0.702894 0.688764 0.674912 0.659838 0.649339 0.63584 0.624074 0.610222 0.603046 0.586956 0.573902 0.562126 0.551713 0.541754 0.527488 0.518872 0.506975 0.499627 0.490905 0.478639 0.473079 0.460156 0.451576 0.444713 0.435229 0.426291 0.419079 0.410338 0.402273 0.392981 0.386956 0.377801 0.369418 18.4185 
Density Moments:
16.5075 163.787 3253.09 96829 3.83328e+06 1.88987e+08 1.11249e+10 7.58245e+11 5.83288e+13 4.95017e+15 
Per-collision Density Moments:
1 0.99989 1.99796 5.98308 23.8603 118.757 707.7 4899.89 38453.9 334572 
0.857259 1.59207 4.6514 18.3403 90.782 539.97 3745.61 29621.8 262059 2.5497e+06 
0.750348 1.95174 7.39581 35.9759 212.434 1470.86 11647.2 103443 1.01418e+06 1.08349e+07 
0.667523 2.17135 9.95816 56.9743 387.21 3037.9 26980.6 267273 2.91809e+06 3.47595e+07 
0.601239 2.30718 12.295 80.4171 616.012 5382.63 52701.9 570551 6.7574e+06 8.67792e+07 
0.547338 2.39042 14.3902 105.27 893.06 8562.03 91158.8 1.06348e+06 1.34458e+07 1.82513e+08 
0.502626 2.44055 16.262 130.905 1214.35 12657.6 145838 1.83541e+06 2.49982e+07 3.65696e+08 
0.464633 2.46676 17.9194 156.588 1569.13 17579 216630 2.90242e+06 4.18943e+07 6.46565e+08 
0.431786 2.47785 19.4005 182.213 1955.82 23383.6 306378 4.34841e+06 6.62558e+07 1.07585e+09 
0.403341 2.47662 20.7222 207.669 2373.71 30160.5 419254 6.30578e+06 1.01764e+08 1.75029e+09 
0.378507 2.46993 21.9335 233.054 2820.5 37880.6 555491 8.79327e+06 1.48936e+08 2.6793e+09 
0.356355 2.45524 22.9871 257.343 3278.56 46299.4 713006 1.18395e+07 2.10188e+08 3.96226e+09 
0.336109 2.43566 23.9315 280.862 3747.62 55377.3 891519 1.54626e+07 2.86534e+08 5.6358e+09 
0.318241 2.41321 24.7721 303.578 4226.96 65114.6 1.09145e+06 1.96805e+07 3.78538e+08 7.71522e+09 
0.301925 2.38654 25.5048 325.308 4712.8 75512.1 1.31622e+06 2.4677e+07 4.93466e+08 1.04544e+10 
0.287168 2.35879 26.1847 346.824 5214.65 86633.9 1.56377e+06 3.03131e+07 6.25639e+08 1.36561e+10 
0.273401 2.32887 26.7939 367.796 5729.97 98595.2 1.84195e+06 3.69204e+07 7.87041e+08 1.77203e+10 
0.260793 2.29832 27.3404 388.094 6253.16 111280 2.14983e+06 4.45567e+07 9.82081e+08 2.2863e+10 
0.248954 2.26544 27.8098 407.335 6772.91 124399 2.48084e+06 5.30847e+07 1.20826e+09 2.90564e+10 
0 0 0 0 0 0 0 0 0 0 
Per-collision Densities L:
0 0 0 0 0 0 0 0 0 0 0 0 0 0 0 0 0 0 0 0 0 0 0 0 0 0 0 0 0 0 0 0 0 0 0 0 0 0 0 0 0 0 0 0 0 0 0 0 0 0 0 
0.110181 0.0916828 0.0745027 0.0613373 0.049086 0.040905 0.0340774 0.0280679 0.0227957 0.0186345 0.0157762 0.0122412 0.0106303 0.0081608 0.0071508 0.00584285 0.00455005 0.00400465 0.00300475 0.0024543 0.0019392 0.00171195 0.0013534 0.0010908 0.0009393 0.0007272 0.00060095 0.0005757 0.0004545 0.000404 0.0002828 0.000202 0.00017675 0.00020705 0.00010605 6.06e-05 8.08e-05 7.07e-05 6.565e-05 2.525e-05 6.06e-05 1.515e-05 2.02e-05 1.515e-05 1.515e-05 2.525e-05 2.02e-05 0 0 0 3.535e-05 
0.0891931 0.0872539 0.0806182 0.0766085 0.070594 0.0638724 0.0572519 0.0505606 0.0448339 0.0398142 0.0345521 0.0302495 0.0269721 0.0234623 0.0200031 0.0170488 0.0148218 0.0121806 0.010302 0.0091506 0.00808 0.0066357 0.0054742 0.00480255 0.00421675 0.00354005 0.00308555 0.00243915 0.00217655 0.00177255 0.00162105 0.00120695 0.0010807 0.00099485 0.00071205 0.00067165 0.00047975 0.00037875 0.0004141 0.00032825 0.00030805 0.00025755 0.0001616 0.00017675 4.04e-05 0.0001212 8.585e-05 7.07e-05 4.04e-05 4.04e-05 0.0002929 
0.0681144 0.0677306 0.067266 0.0669731 0.0642057 0.0619888 0.0588729 0.0545653 0.0526412 0.0492426 0.0450107 0.040905 0.0368852 0.034335 0.0298657 0.0276488 0.0242804 0.0217706 0.0194678 0.0172862 0.0158166 0.0140239 0.0119332 0.0100142 0.0093627 0.00838805 0.0069084 0.00612565 0.00561055 0.0046359 0.00423695 0.00338855 0.00305525 0.00275225 0.00228765 0.00202505 0.0016766 0.0013938 0.00117665 0.00104535 0.0009797 0.00077265 0.00073225 0.000505 0.0004646 0.0004444 0.00037875 0.0002929 0.00023735 0.0002121 0.0011514 
0.0529089 0.0530099 0.0535957 0.0527523 0.0533129 0.0529493 0.0520756 0.0496718 0.0488285 0.0477023 0.0448491 0.042415 0.0398243 0.0375468 0.0352844 0.0330876 0.0306434 0.0280326 0.0261792 0.0239522 0.0218362 0.0197304 0.0179932 0.0165337 0.0140441 0.0137916 0.0118322 0.0109737 0.00953945 0.00875165 0.0075851 0.00654985 0.00581255 0.00502475 0.0047369 0.00394405 0.00357035 0.00321685 0.00285325 0.00236845 0.0020604 0.0019695 0.00152005 0.0013231 0.0012322 0.00098475 0.00095445 0.0007777 0.000707 0.00060095 0.00387335 
0.0422584 0.0422685 0.0430664 0.0427836 0.0432482 0.0434957 0.043627 0.0426776 0.042617 0.0403091 0.0407939 0.0381831 0.0379205 0.0362439 0.0360217 0.0336179 0.0318756 0.0306333 0.0286436 0.0272195 0.0254419 0.0228765 0.0217706 0.0206141 0.0188466 0.0179679 0.015549 0.0142259 0.0135845 0.0119382 0.010807 0.0098475 0.00901425 0.00834765 0.00740835 0.00669125 0.0057065 0.0054237 0.004747 0.0042016 0.00389355 0.00329765 0.0029593 0.00262095 0.00250985 0.0019796 0.001919 0.0014847 0.00148975 0.0011918 0.0085244 
0.0332341 0.0343855 0.0347592 0.0367287 0.0354662 0.0359611 0.0356076 0.0353955 0.0356934 0.03484 0.0357742 0.0346178 0.0338906 0.0327291 0.0321938 0.0311282 0.0309464 0.0288204 0.0280932 0.0266994 0.0259671 0.0245531 0.0234674 0.0216494 0.0211191 0.0197001 0.0183871 0.0169781 0.0164681 0.0145541 0.0137411 0.0134078 0.0114433 0.0110696 0.0097869 0.00926675 0.0086456 0.00765075 0.006868 0.006363 0.0055045 0.0049187 0.00457025 0.0043834 0.00360065 0.00346935 0.00302495 0.0028179 0.0024442 0.00202505 0.0176043 
0.0283305 0.0287143 0.0291486 0.0297041 0.0296536 0.0303253 0.0296082 0.0298051 0.0306788 0.0304717 0.030401 0.0297748 0.0301485 0.0290224 0.0288557 0.0286133 0.0273609 0.0271135 0.0251844 0.025755 0.0249672 0.023634 0.0224574 0.022518 0.0211696 0.0201142 0.0188769 0.0184073 0.0175134 0.0165489 0.0153571 0.0145996 0.0136502 0.0128422 0.01161 0.0111252 0.0101808 0.00952935 0.0088375 0.00809515 0.00732755 0.00660035 0.00644885 0.0057469 0.00537825 0.00482275 0.00434805 0.0039996 0.00385315 0.00324715 0.0291486 
0.0233916 0.0242097 0.0244117 0.0244218 0.025048 0.0254975 0.0256187 0.0262297 0.0265883 0.0256439 0.0259469 0.026154 0.0258611 0.0259873 0.0255379 0.0250733 0.0239067 0.0245733 0.023735 0.02323 0.0229624 0.0230028 0.0219473 0.0212807 0.0202758 0.0201849 0.0187911 0.0185588 0.017372 0.0167256 0.0160085 0.0148622 0.014645 0.0141855 0.0129684 0.0118675 0.0117867 0.0111555 0.010302 0.0095546 0.00892335 0.00844865 0.00780225 0.0071912 0.0068781 0.00622665 0.00549945 0.00542875 0.0050399 0.00456015 0.0438997 
0.0196748 0.0203364 0.0207 0.0214171 0.022119 0.022119 0.0216847 0.0224776 0.0227301 0.0223614 0.0228866 0.0229977 0.0231745 0.022523 0.0225028 0.0225685 0.0214019 0.022417 0.0214676 0.0214019 0.0210888 0.0202758 0.0198869 0.0200384 0.0192405 0.018175 0.018276 0.0173114 0.0168519 0.016357 0.0157207 0.0152258 0.0149733 0.0139784 0.0136956 0.0128422 0.0119988 0.0114029 0.0111454 0.0104737 0.0098475 0.0092516 0.00865065 0.0082618 0.007777 0.0071609 0.00692355 0.00618625 0.0063125 0.00520655 0.0606556 
0.0169024 0.0170842 0.0182356 0.0187406 0.0187507 0.0186648 0.0195587 0.0192254 0.0198263 0.0201596 0.0197455 0.0202404 0.0204424 0.0197253 0.0195132 0.0198768 0.019791 0.0194324 0.0191345 0.0192456 0.0189375 0.0188416 0.0182002 0.0182608 0.0179225 0.0171246 0.0175084 0.0166953 0.0159429 0.0156853 0.0154429 0.0148218 0.0143218 0.0141653 0.0131906 0.0128775 0.0121099 0.0115494 0.0115241 0.0110646 0.0106808 0.0098576 0.00929705 0.00899405 0.00843855 0.00806485 0.00771135 0.0071306 0.0065953 0.006262 0.0778205 
0.0145541 0.0150844 0.0162509 0.0161752 0.0161701 0.0167862 0.0167004 0.0172205 0.0169832 0.0172761 0.0177912 0.0176498 0.0175387 0.0173417 0.0177558 0.0176094 0.0175538 0.017367 0.017877 0.0176144 0.0170135 0.0171397 0.0167155 0.0167004 0.0166499 0.0160237 0.0160742 0.0155288 0.0150137 0.015049 0.0143319 0.0143824 0.0136451 0.0134785 0.01313 0.0132512 0.0121958 0.0113827 0.0116655 0.0110747 0.0106404 0.0100899 0.00964045 0.0093425 0.0089486 0.0085244 0.00806485 0.00745885 0.0071811 0.00666095 0.0953036 
0.0133068 0.0133169 0.0134179 0.0141148 0.0138673 0.0147511 0.0149177 0.0156803 0.0149884 0.0153268 0.0153823 0.0157964 0.0154783 0.01565 0.0157459 0.0154934 0.015453 0.0158419 0.0159126 0.0161045 0.0157207 0.0151753 0.0153066 0.0152056 0.0146753 0.0149076 0.0140845 0.0144683 0.014337 0.0142057 0.0137209 0.0132613 0.0133926 0.012721 0.0124584 0.0116554 0.0120594 0.0113221 0.0112918 0.0110696 0.0105495 0.0102111 0.0099687 0.0092516 0.0092415 0.00822645 0.00821635 0.00777195 0.00745885 0.00731745 0.11259 
0.0116958 0.0115696 0.0122059 0.0123675 0.0127917 0.0128068 0.0132916 0.0131199 0.0135542 0.013529 0.0137108 0.0140441 0.0143723 0.0142208 0.0139784 0.014236 0.0147258 0.0141552 0.0144632 0.0142158 0.0145137 0.0139835 0.0147157 0.0140744 0.0141198 0.013327 0.0133219 0.0133876 0.0133825 0.0132563 0.0132361 0.012423 0.0122261 0.0121402 0.012524 0.0115797 0.0111151 0.0111201 0.0105343 0.0108222 0.0102919 0.010095 0.0096859 0.0092011 0.00897385 0.00847895 0.00855975 0.0085345 0.00759015 0.00728715 0.125881 
0.00985255 0.0106555 0.0105798 0.0107565 0.0111605 0.0116201 0.0119584 0.0114787 0.0125998 0.01212 0.0126351 0.0131401 0.0124937 0.012519 0.0130795 0.012524 0.0133219 0.0135037 0.0131199 0.0130442 0.01313 0.0133522 0.012822 0.0131401 0.0129129 0.0127058 0.013029 0.0129583 0.0122917 0.0120089 0.0118978 0.0118877 0.0117211 0.011615 0.0111605 0.0112262 0.0109686 0.0104838 0.0104939 0.0102061 0.0098879 0.00969095 0.0090799 0.00910515 0.0087365 0.00873145 0.0082315 0.00781235 0.0077669 0.00760025 0.137779 
0.00904455 0.0093728 0.00969095 0.0100596 0.0108121 0.00997375 0.010701 0.0105192 0.0109383 0.0109838 0.0114686 0.0118423 0.0115443 0.0117867 0.0115443 0.0117615 0.0121503 0.0120594 0.0120998 0.0122109 0.0121655 0.0120291 0.011509 0.0120392 0.0123523 0.011918 0.0120897 0.0114332 0.0111706 0.0114686 0.0113423 0.0108373 0.0111252 0.0106757 0.0103929 0.0101758 0.0102869 0.0102667 0.0099384 0.0101 0.00931725 0.0092213 0.00895365 0.0088274 0.00838805 0.008585 0.00785275 0.00764065 0.00792345 0.0072922 0.147859 
0.00824665 0.0084739 0.0084133 0.00896375 0.00932735 0.00913545 0.00924655 0.00992325 0.00998385 0.0104283 0.0107262 0.0104333 0.0104283 0.0108424 0.0103626 0.0109888 0.0111656 0.0107313 0.0111959 0.0114029 0.0110494 0.0107666 0.0105141 0.0109333 0.010807 0.0112363 0.0108929 0.0110444 0.0110242 0.0105798 0.0102717 0.0106505 0.00981215 0.0101051 0.0098677 0.0099586 0.00963035 0.0093223 0.00954955 0.0093021 0.00892335 0.00852945 0.00843855 0.0087365 0.00826685 0.0083325 0.00746895 0.007878 0.00730735 0.0069791 0.157934 
0.00760025 0.00744875 0.00761035 0.0084638 0.0082618 0.0083426 0.00898395 0.00878195 0.0092415 0.0090597 0.0092314 0.00914555 0.0098576 0.00942835 0.0099485 0.0100849 0.0102111 0.0101909 0.0096556 0.00993335 0.00999395 0.0102414 0.0100849 0.0103172 0.0103222 0.0102465 0.00986265 0.00973135 0.0097869 0.0099384 0.00985255 0.0095041 0.00969095 0.0095748 0.0094435 0.00926675 0.009191 0.0089082 0.0089284 0.00870115 0.0086052 0.0084436 0.0084537 0.008181 0.00797395 0.0076457 0.00752955 0.0077063 0.00721645 0.00733765 0.163908 
0.0068781 0.00679225 0.00704475 0.00720635 0.0075851 0.0079588 0.00779215 0.00819615 0.00810525 0.00826685 0.00879205 0.00892335 0.00901425 0.0088072 0.00907485 0.00922635 0.00923645 0.0092516 0.00929705 0.00906475 0.0093627 0.0093021 0.00957985 0.00920615 0.0095142 0.00910515 0.0093122 0.0091809 0.00958995 0.0090597 0.0094031 0.00862035 0.00910515 0.00905465 0.00878195 0.0083426 0.00839815 0.00854965 0.0083426 0.00826685 0.0079386 0.0079891 0.00801435 0.00753965 0.0074336 0.00748915 0.00747905 0.00717605 0.0072316 0.0069488 0.170948 
0 0 0 0 0 0 0 0 0 0 0 0 0 0 0 0 0 0 0 0 0 0 0 0 0 0 0 0 0 0 0 0 0 0 0 0 0 0 0 0 0 0 0 0 0 0 0 0 0 0 0 
Per-collision Densities L:
0.906324 0.745562 0.608879 0.501319 0.409565 0.338951 0.276568 0.226796 0.186123 0.153096 0.125967 0.102697 0.08433 0.0686649 0.0553783 0.0469145 0.0383497 0.0317039 0.0258863 0.0211444 0.0175033 0.0139532 0.0112969 0.0095041 0.0077063 0.00679225 0.00502475 0.0044036 0.0034542 0.00304515 0.00234825 0.0019392 0.00145945 0.00132815 0.0010807 0.00092415 0.00074235 0.00073225 0.00048985 0.0003939 0.0002727 0.00025755 0.00016665 0.0001818 0.00018685 0.000101 7.575e-05 8.08e-05 6.06e-05 4.04e-05 0.00023735 
0.0637563 0.16063 0.221049 0.253651 0.269311 0.268988 0.26055 0.246895 0.230886 0.209171 0.19237 0.171069 0.154323 0.134567 0.118251 0.105666 0.0923342 0.0798809 0.0687204 0.0602263 0.0512525 0.0438593 0.0382033 0.0330977 0.0275579 0.0237199 0.0203364 0.0176548 0.0144026 0.012418 0.0107262 0.00871125 0.0079184 0.00655995 0.005454 0.00477225 0.00370165 0.00341885 0.00269165 0.00232805 0.0018483 0.00158065 0.00138875 0.0011009 0.0009696 0.0008989 0.00066155 0.0004444 0.00047975 0.00039895 0.0019392 
0.0055954 0.0243814 0.0498991 0.0747047 0.0988184 0.117695 0.135805 0.144374 0.150318 0.154005 0.153757 0.149702 0.146945 0.139587 0.130219 0.121468 0.11266 0.105217 0.0951673 0.087562 0.0787346 0.0712606 0.0631048 0.0571913 0.0504697 0.0456722 0.0402586 0.0351783 0.0309818 0.0272448 0.0234926 0.020301 0.0185588 0.0166953 0.0142562 0.0119938 0.010196 0.0093526 0.00769115 0.0065852 0.00577215 0.0051106 0.00438845 0.0036259 0.00320675 0.00273205 0.00233815 0.0020301 0.00190385 0.0014241 0.0085749 
0.00227755 0.0078477 0.0146955 0.024038 0.034335 0.0453238 0.0567166 0.0681397 0.0773307 0.0855319 0.092915 0.0967732 0.0995456 0.102343 0.10357 0.101227 0.100096 0.0968338 0.093723 0.0883952 0.0831836 0.0785932 0.074134 0.0694274 0.0627665 0.0596658 0.0544643 0.0492426 0.0446168 0.0418847 0.0368852 0.0330472 0.0297243 0.0265984 0.0243865 0.021614 0.0189426 0.0168872 0.0157661 0.0128573 0.0118776 0.0102364 0.0092415 0.00788305 0.00697405 0.0066862 0.00495405 0.0048076 0.00397435 0.00355015 0.0233765 
0.0016564 0.00477225 0.00862035 0.0125998 0.0173367 0.0218716 0.0279366 0.0328604 0.0397132 0.044031 0.0513838 0.0569337 0.0605647 0.0641855 0.0690992 0.0707606 0.0718464 0.0732048 0.0732957 0.0723867 0.0727806 0.0711697 0.0683215 0.0668368 0.0631907 0.0617211 0.0571054 0.0539088 0.0508333 0.0472276 0.0443037 0.0412484 0.0378902 0.0348501 0.0322342 0.0300324 0.0268357 0.0243915 0.0224574 0.0209676 0.0185133 0.0164125 0.0145491 0.0134431 0.0119786 0.0105747 0.0095344 0.00880215 0.00762045 0.0067367 0.0494143 
0.0012322 0.00392385 0.00645895 0.00895365 0.0115241 0.0150894 0.0178063 0.0201647 0.0234724 0.0273559 0.0313151 0.0348097 0.037471 0.0414807 0.0437229 0.046556 0.0483992 0.050899 0.0532826 0.0539643 0.0540047 0.0551309 0.0554642 0.0539239 0.0547622 0.0543481 0.0521615 0.0511616 0.0483942 0.0473034 0.0460005 0.0428897 0.0406071 0.0383598 0.0367337 0.0337239 0.0317797 0.0303 0.027068 0.0255227 0.0236441 0.0219625 0.0198667 0.0187355 0.0168064 0.0154631 0.0141653 0.0128826 0.0114534 0.0100546 0.0871176 
0.00095445 0.0031007 0.00526715 0.00722655 0.00906475 0.0107616 0.013226 0.0155995 0.017473 0.0194476 0.0218564 0.0236593 0.0262348 0.0277548 0.0308454 0.0321382 0.034744 0.0362085 0.0377639 0.0395365 0.0402384 0.0412383 0.0419857 0.0427281 0.0431977 0.0436775 0.0437532 0.0434957 0.0428897 0.0412535 0.040602 0.0400415 0.0379811 0.0371478 0.0361984 0.0347289 0.03282 0.0308757 0.0289365 0.0284265 0.0266691 0.0241592 0.0233411 0.021811 0.0198465 0.0191547 0.0176397 0.0157257 0.0150137 0.013933 0.133477 
0.0007272 0.00247955 0.00404505 0.00569135 0.0072013 0.0092415 0.0101556 0.0118271 0.0132815 0.0159025 0.0164327 0.01868 0.0193163 0.0217302 0.0227654 0.0237704 0.0258308 0.0267044 0.0281437 0.028881 0.030805 0.0316484 0.0331432 0.033027 0.0345016 0.0341633 0.0347289 0.0352187 0.0352844 0.0355722 0.0351581 0.0338855 0.0344764 0.0327998 0.0329866 0.0317847 0.0305879 0.0304313 0.0285527 0.0277548 0.0268155 0.0256035 0.0240532 0.0236744 0.0221948 0.0204374 0.0192708 0.018074 0.0175286 0.0158722 0.181931 
0.000606 0.00202505 0.00308555 0.00450965 0.00619635 0.00718615 0.0081911 0.0098475 0.011307 0.0120544 0.0130543 0.0147511 0.0159429 0.0169882 0.0185487 0.0194728 0.0204778 0.0217857 0.0225079 0.0230028 0.0237148 0.0252955 0.0259469 0.0268408 0.0275326 0.0272296 0.0283356 0.0281336 0.0284012 0.0288204 0.0290476 0.0286739 0.0290173 0.028482 0.0280578 0.0279972 0.0277296 0.027573 0.026962 0.0255126 0.0252147 0.0239926 0.0236997 0.0225331 0.022018 0.0214524 0.0204525 0.0198516 0.0177962 0.0172559 0.226008 
0.00048985 0.0016463 0.00272195 0.00389355 0.00498435 0.0061509 0.00687305 0.00828705 0.00945865 0.0102414 0.0116251 0.0118928 0.0128018 0.0135946 0.0151046 0.0159227 0.0171549 0.0176296 0.0185941 0.0192607 0.0200788 0.0207101 0.021513 0.021816 0.0222099 0.0226543 0.0229876 0.0231745 0.0241441 0.0238461 0.0246592 0.0248612 0.0242905 0.0250379 0.0242804 0.0243006 0.0238512 0.0235583 0.0242097 0.0235886 0.0230179 0.0222099 0.021614 0.0214524 0.021508 0.0201445 0.0198768 0.0189527 0.0178467 0.0175235 0.264474 
0.000505 0.0014443 0.00248965 0.00324715 0.00411575 0.0054237 0.006161 0.00691345 0.00760025 0.00877185 0.0099182 0.0105545 0.0113423 0.0121655 0.0128371 0.0130947 0.0138673 0.0149026 0.0153672 0.0161954 0.0172609 0.0179881 0.0177407 0.0181245 0.0189325 0.0192456 0.0196748 0.0201647 0.0200485 0.0208313 0.0207555 0.0209878 0.020604 0.0208818 0.0211999 0.0221493 0.0208111 0.0205535 0.02121 0.0206646 0.0207808 0.0207555 0.0197556 0.0190688 0.0194021 0.0186901 0.0182406 0.0179932 0.0175488 0.0169125 0.294233 
0.0004343 0.0012827 0.00210585 0.0028886 0.00362085 0.0043733 0.0052823 0.00608525 0.0068781 0.00761035 0.0081709 0.00870115 0.00980205 0.0105646 0.0111353 0.0111605 0.0122362 0.0127614 0.0136199 0.0138673 0.0142006 0.0155237 0.0162509 0.0158318 0.0168569 0.0165388 0.0170438 0.0169175 0.017165 0.0180487 0.0179831 0.0178316 0.0183366 0.0188214 0.0188517 0.0180942 0.0181043 0.0191244 0.0181447 0.0185032 0.018175 0.0183366 0.0179629 0.0182507 0.0169276 0.0172407 0.0170539 0.0163418 0.0170387 0.0157914 0.31412 
0.00046965 0.00119685 0.0017473 0.00247955 0.00311585 0.0037269 0.00450965 0.0050702 0.005656 0.0064438 0.0072417 0.0075447 0.00873145 0.0090496 0.00935765 0.0102364 0.0107818 0.011312 0.0117059 0.0124483 0.0128119 0.0131755 0.013332 0.0138976 0.0142764 0.0147511 0.0149935 0.015453 0.0151399 0.0154177 0.0159984 0.0155389 0.0159378 0.0162812 0.016665 0.0168115 0.0168165 0.0163216 0.0163065 0.0166095 0.0165691 0.0161449 0.0167913 0.0157813 0.0163267 0.0157611 0.0155288 0.0158015 0.0151046 0.0149329 0.326861 
0.0003636 0.0009696 0.0016261 0.0021008 0.0028583 0.0033936 0.0037067 0.0043531 0.0048682 0.0058782 0.0061509 0.00689325 0.007272 0.00784265 0.00860015 0.0086557 0.0092314 0.00958995 0.0101 0.0105343 0.0112464 0.0121554 0.012014 0.0121503 0.0123776 0.0125745 0.0129785 0.0134078 0.0137512 0.013731 0.0147006 0.0141855 0.0141804 0.0137461 0.0146248 0.0145339 0.0150793 0.0148773 0.0145844 0.0142764 0.0151248 0.0147309 0.0150137 0.0146955 0.0145188 0.0147511 0.0142764 0.0141855 0.0136502 0.0133118 0.337259 
0.00030805 0.0008484 0.0015352 0.00197455 0.00247955 0.00309565 0.0033936 0.00406525 0.0042824 0.00499445 0.0052823 0.00614585 0.0067872 0.0067367 0.0072114 0.0076457 0.0081204 0.00844865 0.0090092 0.00948895 0.00970105 0.0102616 0.0106707 0.0110141 0.0109888 0.011307 0.0114989 0.0117413 0.0122513 0.0121099 0.0125594 0.0129684 0.0131654 0.0131603 0.0132815 0.0132058 0.0127412 0.0135391 0.0135189 0.0128573 0.0135593 0.0133068 0.0134785 0.0131906 0.013433 0.0129432 0.0129987 0.0128523 0.0128422 0.012928 0.342198 
0.0002525 0.00069185 0.00118675 0.00170185 0.0020806 0.002727 0.0029694 0.00351985 0.00381275 0.0044339 0.0048278 0.0053429 0.0058176 0.00648925 0.00665085 0.0069286 0.00713565 0.00779215 0.00779215 0.0084739 0.0083224 0.00932735 0.00933745 0.00960005 0.0100243 0.0103626 0.0103525 0.010807 0.0111757 0.0113625 0.0112363 0.0113676 0.0116352 0.0116857 0.0117615 0.0117817 0.0121049 0.0119483 0.0118524 0.0127513 0.0118019 0.0123321 0.0118221 0.0124331 0.0123422 0.0116857 0.0119483 0.0118473 0.0117312 0.0119231 0.345168 
0.0001919 0.0005959 0.0012019 0.0015958 0.00202505 0.0025351 0.00277245 0.0030906 0.00351985 0.0037673 0.00459045 0.00482275 0.0050399 0.00585295 0.00569135 0.0060802 0.0067064 0.0067064 0.0071912 0.0075548 0.0081305 0.0078982 0.00872135 0.00851935 0.00833755 0.0093425 0.00973135 0.00952935 0.00972125 0.0101657 0.0101707 0.0106101 0.0103121 0.0102667 0.0111454 0.0110595 0.0110444 0.0112009 0.0110242 0.0110242 0.0113979 0.0113423 0.0112161 0.0114484 0.0108171 0.0109989 0.0109434 0.0110343 0.0110242 0.0103929 0.344041 
0.0001818 0.0005858 0.00100495 0.0014039 0.0018382 0.0022119 0.00267145 0.00294415 0.00316635 0.00339865 0.00389355 0.00447935 0.0048682 0.00512575 0.00535805 0.00551965 0.00559035 0.0059287 0.0066761 0.0068882 0.00719625 0.007272 0.007474 0.00835775 0.0081204 0.00814565 0.00861025 0.00882235 0.0087062 0.0092516 0.00966065 0.0093829 0.0097768 0.0098677 0.00966065 0.00969095 0.00971115 0.0103273 0.0104182 0.0101354 0.0105949 0.0104232 0.010201 0.0104788 0.0103576 0.0101303 0.0102818 0.0101303 0.00974145 0.0097465 0.342526 
0.00016665 0.000606 0.00091405 0.001212 0.00161095 0.0019291 0.0023331 0.00279265 0.00291385 0.00325725 0.00365115 0.00399455 0.00431775 0.00467125 0.00475205 0.00531765 0.005353 0.00537825 0.00561055 0.0061105 0.0066357 0.0064337 0.0067468 0.00723665 0.00732755 0.00764065 0.00771135 0.0080598 0.0081103 0.0080497 0.0085446 0.0083426 0.0087769 0.0090496 0.0088476 0.00894355 0.0091506 0.0090799 0.0096051 0.0092112 0.0095041 0.0100394 0.00932735 0.00948895 0.00942835 0.0096051 0.00976165 0.0094233 0.0093223 0.0094334 0.338709 
0 0 0 0 0 0 0 0 0 0 0 0 0 0 0 0 0 0 0 0 0 0 0 0 0 0 0 0 0 0 0 0 0 0 0 0 0 0 0 0 0 0 0 0 0 0 0 0 0 0 0 
