Half rod, albedo problem, Anisotropic scattering, exponential random flight, mu_t: 3 g: 0.5
Analogmu_t c: 0.7 maxx: 10 dx: 0.19802 numsamples: 10000000 numCollisionOrders: 20 numMoments: 10
total albedo: 0.190927
per-collision order albedos: 
0 0.0875034 0.045827 0.0248112 0.0137716 0.0077999 0.0044843 0.0026337 0.0015686 0.000955 0.0005876 0.0003676 0.0002271 0.0001419 9.12e-05 5.53e-05 3.77e-05 2.16e-05 1.55e-05 9.6e-06 
Collision density L:
0.503983 0.387605 0.298809 0.229844 0.176785 0.136104 0.104345 0.0802713 0.061713 0.0470554 0.0364125 0.0280639 0.0213635 0.0166493 0.0127427 0.0098369 0.00750582 0.00584487 0.00451925 0.00346834 0.00271034 0.00200788 0.00154025 0.00120241 0.000946875 0.00067973 0.000513585 0.00040602 0.0003333 0.000253005 0.00019493 0.000136855 0.00010605 9.191e-05 6.06e-05 5.151e-05 4.04e-05 2.323e-05 2.02e-05 1.6665e-05 1.818e-05 7.575e-06 1.1615e-05 6.06e-06 3.535e-06 2.525e-06 3.03e-06 3.03e-06 5.05e-07 1.01e-06 6.06e-06 
Collision density R:
2.63908 2.02975 1.56005 1.20111 0.92438 0.710528 0.546498 0.420299 0.323416 0.248618 0.190954 0.14727 0.112841 0.0867413 0.0667913 0.0512979 0.0397218 0.0302849 0.0234855 0.0181128 0.0137097 0.0107717 0.00819009 0.00627816 0.0048172 0.0037668 0.00279871 0.00218413 0.00167004 0.00129735 0.000985255 0.000760025 0.00055146 0.0004747 0.000333805 0.00026462 0.000209575 0.000157055 0.00012322 8.6355e-05 7.373e-05 6.4135e-05 4.5955e-05 3.2825e-05 2.424e-05 1.9695e-05 2.3735e-05 1.111e-05 9.595e-06 8.585e-06 2.828e-05 
Density Moments:
2.6961 2.03343 3.06635 6.93512 20.9191 78.9591 358.404 1903.37 11578.8 79233.3 
Per-collision Density Moments:
1 0.333242 0.222097 0.221892 0.295144 0.489437 0.969901 2.22843 5.80041 16.7883 
0.612454 0.379193 0.369371 0.485633 0.801872 1.59239 3.69491 9.8176 29.4414 98.5545 
0.382831 0.331614 0.418177 0.676207 1.32635 3.05138 8.0461 23.9145 79.1178 288.529 
0.243073 0.263493 0.402542 0.766787 1.73409 4.52446 13.357 43.9894 159.906 636.375 
0.156374 0.199854 0.354633 0.771932 1.96618 5.70535 18.522 66.3805 259.95 1103.47 
0.101674 0.14798 0.296711 0.722831 2.04207 6.5225 23.1682 90.4351 384.39 1766.02 
0.0667008 0.107899 0.239284 0.640747 1.97693 6.85437 26.2811 110.159 500.282 2443.74 
0.0440918 0.0779214 0.188239 0.547056 1.8242 6.80948 28.0284 125.929 613.095 3215.74 
0.0292795 0.0558744 0.145472 0.454387 1.62225 6.45237 28.1382 133.077 677.15 3684.53 
0.0195147 0.0398435 0.11087 0.369429 1.40309 5.91815 27.2829 136.001 727.473 4151.47 
0.0130792 0.0283504 0.0836182 0.294899 1.18336 5.2632 25.5312 133.612 748.453 4460.77 
0.0087628 0.0200687 0.0624592 0.232326 0.982366 4.59748 23.4232 128.47 752.511 4679.07 
0.0058871 0.0141724 0.0463089 0.180938 0.804423 3.96368 21.3005 123.51 766.83 5067.01 
0.0039701 0.00998787 0.0340476 0.138578 0.640569 3.27406 18.2005 108.825 694.302 4697.66 
0.0026839 0.00705449 0.0250447 0.106069 0.51026 2.71438 15.6957 97.4857 644.66 4508.12 
0.0018093 0.00492284 0.0181489 0.0800541 0.402146 2.23755 13.5334 87.7533 603.456 4363.24 
0.0012253 0.00348438 0.0133762 0.0614594 0.321521 1.86112 11.6936 78.6343 559.809 4182.52 
0.0008448 0.00248296 0.00982811 0.0466209 0.252823 1.52528 10.048 71.2673 538.117 4285.07 
0.0005779 0.00174921 0.00711045 0.0347526 0.195128 1.22486 8.42788 62.5735 494.839 4123.51 
0 0 0 0 0 0 0 0 0 0 
Per-collision Densities L:
0 0 0 0 0 0 0 0 0 0 0 0 0 0 0 0 0 0 0 0 0 0 0 0 0 0 0 0 0 0 0 0 0 0 0 0 0 0 0 0 0 0 0 0 0 0 0 0 0 0 0 
0.19792 0.109236 0.0604586 0.0333401 0.0184951 0.0101586 0.00562772 0.00301687 0.00171246 0.000973135 0.00048985 0.000275225 0.00017473 8.6355e-05 5.2015e-05 2.222e-05 1.3635e-05 8.585e-06 4.04e-06 1.515e-06 2.02e-06 1.01e-06 5.05e-07 0 0 0 0 0 0 0 0 0 0 0 0 0 0 0 0 0 0 0 0 0 0 0 0 0 0 0 0 
0.131928 0.107061 0.0779649 0.0533724 0.0352414 0.0226048 0.0142309 0.00873751 0.00537977 0.0033128 0.00193567 0.00120089 0.00069286 0.000440865 0.000245935 0.00014948 8.08e-05 5.3025e-05 2.727e-05 1.818e-05 8.585e-06 5.05e-06 2.02e-06 2.525e-06 0 5.05e-07 1.01e-06 5.05e-07 0 0 0 0 0 0 0 0 0 0 0 0 0 0 0 0 0 0 0 0 0 0 0 
0.0742421 0.0700324 0.0605995 0.0487815 0.0371766 0.0272852 0.0192284 0.0132411 0.00896577 0.00577821 0.00389254 0.00243663 0.00163368 0.000982225 0.00061105 0.000378245 0.000225735 0.000146955 9.3425e-05 5.151e-05 4.0905e-05 2.323e-05 8.08e-06 9.09e-06 4.545e-06 1.515e-06 1.515e-06 5.05e-07 5.05e-07 5.05e-07 5.05e-07 0 0 0 0 0 0 0 0 0 0 0 0 0 0 0 0 0 0 0 0 
0.0418241 0.041205 0.0389926 0.0351167 0.029644 0.0240708 0.0187087 0.0141794 0.0102924 0.00742199 0.00523736 0.00365014 0.00234825 0.00162206 0.00108171 0.000744875 0.000439855 0.00028987 0.000203515 0.0001313 8.181e-05 4.747e-05 2.9795e-05 2.1715e-05 1.212e-05 1.01e-05 3.535e-06 3.535e-06 1.515e-06 5.05e-07 1.01e-06 0 0 0 0 0 0 0 0 0 0 0 0 0 0 0 0 0 0 0 0 
0.023731 0.0239082 0.0236502 0.0224937 0.0204853 0.0178558 0.0150642 0.01222 0.00963035 0.00744067 0.00561005 0.00411474 0.00294112 0.00212706 0.00146501 0.00106202 0.00070094 0.00051207 0.00032724 0.00021816 0.000137865 9.797e-05 7.272e-05 4.444e-05 3.0805e-05 1.5655e-05 9.595e-06 5.05e-06 2.525e-06 4.04e-06 1.01e-06 0 0 0 5.05e-07 0 0 0 0 0 5.05e-07 0 0 0 0 0 0 0 0 0 0 
0.0137315 0.0140769 0.014289 0.0139405 0.0131946 0.0121816 0.0107515 0.00931624 0.00791891 0.00629584 0.0050904 0.00394203 0.00303 0.0023331 0.00174023 0.00121301 0.000881225 0.00067266 0.00043026 0.00032926 0.000214625 0.000148975 9.999e-05 7.0195e-05 4.646e-05 2.828e-05 1.313e-05 9.595e-06 8.585e-06 4.04e-06 3.535e-06 3.03e-06 1.01e-06 5.05e-07 0 5.05e-07 0 0 0 0 5.05e-07 0 0 0 0 0 0 0 0 0 0 
0.0079588 0.00858248 0.00873246 0.00850117 0.00826231 0.00785982 0.00728008 0.00663166 0.00571155 0.00488386 0.00412787 0.00343552 0.00271438 0.0021811 0.00167054 0.00123877 0.000961015 0.0006868 0.000553985 0.00034239 0.000260075 0.000195435 0.00011615 8.4335e-05 5.6055e-05 4.2925e-05 3.535e-05 2.323e-05 1.111e-05 1.01e-05 8.08e-06 1.515e-06 1.515e-06 2.02e-06 1.01e-06 0 0 0 5.05e-07 0 0 5.05e-07 0 0 0 0 0 0 0 0 0 
0.00487174 0.00514999 0.00527725 0.00529745 0.00520251 0.00508687 0.0047869 0.00442481 0.00409606 0.00357086 0.00306838 0.00262651 0.00216342 0.00180033 0.00142562 0.00116605 0.000919605 0.00070498 0.00053429 0.000403495 0.00030704 0.00019998 0.0001616 0.000101505 8.383e-05 5.454e-05 4.04e-05 3.232e-05 2.0705e-05 1.313e-05 8.08e-06 4.545e-06 1.515e-06 7.07e-06 1.515e-06 0 2.02e-06 0 5.05e-07 0 5.05e-07 0 0 0 0 0 0 0 0 0 0 
0.00297748 0.00310626 0.00330876 0.00332846 0.00329008 0.0032517 0.00309262 0.00297546 0.00272044 0.00239269 0.00223261 0.00195738 0.001666 0.0014342 0.00118675 0.00095445 0.00081204 0.000653975 0.00047874 0.000384305 0.000292395 0.00021311 0.000163115 0.00014241 9.0395e-05 7.1205e-05 4.04e-05 3.6865e-05 2.525e-05 1.6665e-05 1.212e-05 6.06e-06 5.05e-06 2.525e-06 2.525e-06 3.535e-06 2.02e-06 0 5.05e-07 5.05e-07 5.05e-07 0 5.05e-07 0 0 0 5.05e-07 0 0 0 0 
0.00181598 0.00194678 0.00204222 0.00204879 0.00210434 0.0020902 0.00196748 0.00192506 0.00179275 0.00166347 0.00153419 0.00138774 0.00124988 0.00106707 0.000902435 0.00077568 0.00067569 0.00052722 0.00042117 0.00035047 0.000283305 0.00020806 0.000173215 0.000134835 0.000101 6.4135e-05 5.252e-05 3.2825e-05 3.0805e-05 2.121e-05 1.717e-05 1.01e-05 9.595e-06 5.05e-06 5.05e-06 3.535e-06 1.515e-06 0 0 5.05e-07 5.05e-07 0 0 0 0 0 5.05e-07 0 0 0 0 
0.00109989 0.00119029 0.00129735 0.00132512 0.00134431 0.00132462 0.00124634 0.00123271 0.00119281 0.00109181 0.00102667 0.000973135 0.000860015 0.0007878 0.000715585 0.00061307 0.00049894 0.00041006 0.00035552 0.00030199 0.000248965 0.00020402 0.00016059 0.00010706 9.292e-05 7.171e-05 4.5955e-05 3.3835e-05 3.2825e-05 2.4745e-05 1.515e-05 1.2625e-05 6.565e-06 1.0605e-05 6.06e-06 3.535e-06 4.545e-06 1.01e-06 1.01e-06 0 1.01e-06 0 0 0 0 0 0 0 0 0 0 
0.000682255 0.000762045 0.000785275 0.00083022 0.000841835 0.000829715 0.00082921 0.0007979 0.000784265 0.000776185 0.00071811 0.00066458 0.00057772 0.00055045 0.000502475 0.000446925 0.00034744 0.000322695 0.000303 0.000237855 0.00020604 0.000164125 0.000128775 0.0001111 9.7465e-05 6.464e-05 3.7875e-05 3.9895e-05 3.4845e-05 3.03e-05 1.5655e-05 1.313e-05 1.0605e-05 9.595e-06 5.555e-06 4.04e-06 5.05e-07 2.02e-06 2.02e-06 0 5.05e-07 0 5.05e-07 0 0 5.05e-07 5.05e-07 0 0 0 0 
0.00043531 0.0004747 0.000525705 0.000513585 0.00054843 0.000522675 0.000538835 0.000547925 0.00051106 0.000481265 0.000479245 0.000468135 0.00040097 0.000398445 0.000341885 0.000313605 0.000298455 0.000230785 0.00021816 0.000201495 0.000168165 0.00012221 0.000107565 8.9385e-05 6.868e-05 6.363e-05 5.3025e-05 3.7875e-05 2.828e-05 2.8785e-05 2.4745e-05 1.4645e-05 1.01e-05 7.575e-06 5.05e-06 4.545e-06 4.04e-06 1.515e-06 0 1.01e-06 2.02e-06 0 1.01e-06 5.05e-07 5.05e-07 0 0 0 0 0 0 
0.000280275 0.000317645 0.00033128 0.000328755 0.00032825 0.00034542 0.000347945 0.00034239 0.00034744 0.000307545 0.00032522 0.000305525 0.00028987 0.000273205 0.00024947 0.00024139 0.000188365 0.000194425 0.00015958 0.00014544 0.00012726 0.00010605 8.989e-05 7.474e-05 6.262e-05 4.949e-05 4.646e-05 3.232e-05 3.737e-05 1.7675e-05 1.717e-05 1.3635e-05 1.4645e-05 8.08e-06 4.545e-06 3.03e-06 2.02e-06 2.02e-06 2.525e-06 1.01e-06 1.01e-06 5.05e-07 1.01e-06 0 0 0 0 5.05e-07 0 0 0 
0.00017271 0.00022018 0.000210585 0.00021008 0.00022725 0.000219675 0.000214625 0.000240885 0.000214625 0.000219675 0.000208565 0.000218665 0.00018685 0.00018584 0.00017877 0.00015857 0.000146955 0.000139885 0.00011009 0.000100495 9.494e-05 7.575e-05 5.555e-05 5.656e-05 4.9995e-05 4.242e-05 2.8785e-05 2.323e-05 2.525e-05 1.5655e-05 1.5655e-05 1.2625e-05 8.08e-06 5.555e-06 3.535e-06 4.04e-06 3.535e-06 3.535e-06 1.515e-06 1.01e-06 5.05e-07 0 5.05e-07 5.05e-07 0 0 0 0 0 5.05e-07 5.05e-07 
0.000104535 0.000127765 9.898e-05 0.00015049 0.000140895 0.000143925 0.000148975 0.000139885 0.00014847 0.00013837 0.000147965 0.00011716 0.00015049 0.000108575 0.00012423 0.00010403 0.000101505 8.484e-05 8.383e-05 6.464e-05 6.3125e-05 5.353e-05 5.353e-05 5.1005e-05 3.4845e-05 1.8685e-05 2.828e-05 2.02e-05 1.717e-05 1.5655e-05 1.5655e-05 5.05e-06 1.2625e-05 8.08e-06 8.585e-06 6.565e-06 4.545e-06 2.525e-06 2.02e-06 1.01e-06 2.525e-06 1.01e-06 0 0 0 0 0 0 0 0 5.05e-07 
7.7265e-05 7.1205e-05 8.383e-05 8.7365e-05 9.1405e-05 8.585e-05 9.595e-05 9.1405e-05 9.595e-05 0.00010302 8.686e-05 8.989e-05 8.686e-05 8.787e-05 7.979e-05 8.2315e-05 6.666e-05 6.1105e-05 6.767e-05 5.5045e-05 4.747e-05 4.242e-05 3.434e-05 3.131e-05 2.8785e-05 1.8685e-05 1.8685e-05 1.616e-05 1.5655e-05 1.1615e-05 1.0605e-05 1.212e-05 5.555e-06 7.07e-06 4.04e-06 2.525e-06 3.535e-06 2.525e-06 2.525e-06 1.515e-06 5.05e-07 1.515e-06 0 0 0 5.05e-07 0 0 0 0 0 
4.3935e-05 4.747e-05 5.4035e-05 6.161e-05 5.656e-05 6.565e-05 5.656e-05 6.4135e-05 6.666e-05 7.07e-05 6.2115e-05 6.767e-05 5.8075e-05 6.464e-05 5.1005e-05 6.5145e-05 4.3935e-05 4.343e-05 4.4945e-05 3.3835e-05 3.7875e-05 2.6765e-05 2.0705e-05 1.919e-05 2.424e-05 1.8685e-05 1.5655e-05 1.414e-05 8.08e-06 8.08e-06 7.07e-06 7.575e-06 4.04e-06 3.535e-06 2.525e-06 3.03e-06 3.03e-06 1.515e-06 5.05e-07 2.02e-06 1.515e-06 5.05e-07 1.01e-06 0 0 0 5.05e-07 0 0 0 1.515e-06 
0 0 0 0 0 0 0 0 0 0 0 0 0 0 0 0 0 0 0 0 0 0 0 0 0 0 0 0 0 0 0 0 0 0 0 0 0 0 0 0 0 0 0 0 0 0 0 0 0 0 0 
Per-collision Densities L:
2.26235 1.24868 0.689768 0.380265 0.209805 0.11596 0.064341 0.0353561 0.019393 0.0109045 0.00591608 0.00326937 0.0017872 0.00097566 0.00056358 0.00031108 0.000164125 8.8375e-05 4.343e-05 3.131e-05 1.2625e-05 6.06e-06 4.04e-06 3.03e-06 5.05e-07 5.05e-07 5.05e-07 0 0 0 0 0 0 0 0 0 0 0 0 0 0 0 0 0 0 0 0 0 0 0 0 
0.318046 0.56452 0.526301 0.409826 0.29211 0.197469 0.128851 0.0822908 0.0515029 0.0316509 0.0192506 0.0117721 0.00701041 0.00420514 0.00252096 0.00145693 0.000861025 0.0004848 0.00031007 0.000160085 9.8475e-05 5.151e-05 2.626e-05 1.8685e-05 1.111e-05 7.07e-06 2.02e-06 2.525e-06 1.515e-06 1.01e-06 1.01e-06 5.05e-07 5.05e-07 0 0 0 0 0 0 0 0 0 0 0 0 0 0 0 0 0 0 
0.0405177 0.149654 0.219042 0.233806 0.211962 0.173989 0.133391 0.0977438 0.0693527 0.0480386 0.0319902 0.0212908 0.0138314 0.00895921 0.0056358 0.00356631 0.00223816 0.00141703 0.00085951 0.000523685 0.00031007 0.00019897 0.00011211 6.1105e-05 4.6965e-05 2.626e-05 1.1615e-05 7.575e-06 3.535e-06 1.01e-06 2.02e-06 2.02e-06 2.02e-06 0 1.01e-06 0 0 0 0 0 0 0 0 0 0 0 0 0 0 0 0 
0.00907485 0.0381714 0.0729705 0.100166 0.110905 0.108385 0.0969393 0.0812495 0.0644658 0.049284 0.0364772 0.0261065 0.0185663 0.0129068 0.00878801 0.00595597 0.00398041 0.00259368 0.00170084 0.00110494 0.000673165 0.00044036 0.000284315 0.000162105 0.000114635 7.4235e-05 4.04e-05 2.828e-05 1.2625e-05 8.08e-06 5.05e-06 4.545e-06 2.02e-06 1.515e-06 1.01e-06 5.05e-07 5.05e-07 0 0 5.05e-07 0 0 0 0 0 0 0 0 0 0 0 
0.00399556 0.0133648 0.0259373 0.0396561 0.0504803 0.0560959 0.0568711 0.0534411 0.0473963 0.039646 0.0321321 0.0253505 0.019084 0.0142764 0.0104257 0.00753208 0.00531008 0.00362338 0.00256591 0.0017372 0.00114332 0.000778205 0.00051308 0.00032926 0.00021816 0.00013433 8.4335e-05 5.656e-05 3.737e-05 1.9695e-05 1.313e-05 1.01e-05 3.03e-06 3.535e-06 1.01e-06 0 1.01e-06 1.01e-06 5.05e-07 0 0 5.05e-07 0 0 0 0 0 0 0 0 0 
0.00217504 0.00657005 0.0114009 0.0171331 0.0229568 0.0272806 0.0301278 0.0307787 0.0298687 0.0271695 0.0239395 0.020252 0.0164847 0.0130805 0.0101404 0.00781134 0.00586154 0.00428493 0.00308353 0.00220382 0.00153217 0.00108171 0.000741845 0.00048379 0.000346935 0.00021917 0.000145945 0.00010807 7.9285e-05 4.2925e-05 3.535e-05 2.121e-05 1.0605e-05 7.07e-06 5.555e-06 2.525e-06 1.515e-06 5.05e-07 5.05e-07 5.05e-07 0 5.05e-07 0 5.05e-07 0 0 0 0 0 0 0 
0.00123978 0.00356884 0.006009 0.00850925 0.0112231 0.0137037 0.015601 0.0167478 0.0173892 0.0169736 0.0159166 0.0143056 0.0124725 0.0103545 0.00865621 0.00687356 0.00535452 0.00424655 0.00322594 0.0024336 0.00173569 0.00125594 0.00091506 0.000641855 0.00043329 0.0003333 0.000225735 0.000157055 0.000103525 7.777e-05 5.05e-05 3.5855e-05 1.4645e-05 1.919e-05 8.585e-06 4.545e-06 4.04e-06 2.525e-06 1.515e-06 0 5.05e-07 5.05e-07 5.05e-07 0 5.05e-07 0 0 0 0 0 0 
0.00067468 0.00209828 0.00348097 0.00475912 0.00601455 0.00721039 0.00851077 0.00942027 0.00977074 0.0100409 0.00981417 0.0093824 0.0084941 0.00763106 0.00660187 0.00544239 0.00457076 0.00353298 0.00296385 0.00234724 0.00179326 0.00137411 0.00100192 0.00076558 0.000502475 0.00039289 0.000280275 0.00017675 0.000139885 9.3425e-05 7.171e-05 4.747e-05 3.5855e-05 1.8685e-05 9.595e-06 8.585e-06 5.05e-06 4.545e-06 6.565e-06 2.525e-06 0 2.02e-06 1.01e-06 5.05e-07 5.05e-07 0 5.05e-07 0 0 0 0 
0.00039693 0.00120291 0.00199829 0.00276286 0.00349056 0.00404556 0.00477276 0.00528634 0.0056358 0.00585295 0.00600041 0.00586911 0.00555601 0.00508586 0.00463489 0.00403596 0.00356732 0.00294163 0.00243461 0.00197708 0.00156197 0.00127614 0.00101202 0.000769115 0.00057671 0.00042925 0.00029492 0.0002222 0.000157055 0.00012726 7.474e-05 6.868e-05 3.6865e-05 3.2825e-05 1.818e-05 1.1615e-05 9.09e-06 3.535e-06 5.05e-06 3.03e-06 2.02e-06 0 2.02e-06 5.05e-07 0 0 5.05e-07 5.05e-07 0 0 0 
0.00022119 0.000740835 0.00120392 0.00159025 0.00211949 0.00242754 0.00271488 0.00304768 0.00333856 0.00344915 0.00362186 0.00355975 0.00347592 0.00337795 0.00312646 0.00276639 0.00256136 0.00220382 0.00186951 0.00160792 0.00131906 0.00111959 0.000877185 0.00071306 0.000549945 0.00042319 0.00031209 0.0002424 0.00016968 0.000137865 9.7465e-05 6.464e-05 5.3025e-05 3.636e-05 2.6765e-05 1.616e-05 1.0605e-05 6.565e-06 5.05e-06 3.03e-06 3.03e-06 2.525e-06 0 1.01e-06 1.01e-06 5.05e-07 0 0 0 5.05e-07 0 
0.000159075 0.000441875 0.000739825 0.00099081 0.0012726 0.00150541 0.00161499 0.00186699 0.00199273 0.00208363 0.0022114 0.002272 0.00217655 0.00208464 0.00200334 0.00194072 0.00176245 0.00159227 0.0013731 0.00118675 0.00104131 0.00088577 0.000735785 0.000592365 0.000499445 0.00036865 0.000294415 0.000241895 0.000172205 0.00013938 0.00010403 6.666e-05 4.646e-05 3.8885e-05 3.6865e-05 2.323e-05 1.7675e-05 7.575e-06 6.06e-06 4.545e-06 4.04e-06 3.03e-06 0 2.02e-06 1.01e-06 5.05e-07 0 0 0 1.01e-06 0 
9.0395e-05 0.000275225 0.000464095 0.00061004 0.00075548 0.00090698 0.00102263 0.0011408 0.00123321 0.00131048 0.00134027 0.00138471 0.00139532 0.00136451 0.0012822 0.00123422 0.00120493 0.00105091 0.000999395 0.000857995 0.00072013 0.00066458 0.00057772 0.00046359 0.00040501 0.00034643 0.0002626 0.00021816 0.00017069 0.0001414 9.494e-05 7.4235e-05 5.757e-05 4.242e-05 3.232e-05 3.0805e-05 1.7675e-05 1.01e-05 5.05e-06 4.04e-06 4.545e-06 2.525e-06 2.525e-06 2.02e-06 2.02e-06 5.05e-07 5.05e-07 0 5.05e-07 1.01e-06 0 
5.5045e-05 0.000172205 0.00029189 0.000378245 0.00048278 0.000576205 0.00061408 0.000719625 0.000729725 0.000805475 0.00085951 0.00087163 0.00089789 0.00085446 0.00084739 0.00079588 0.00076962 0.000734775 0.000654985 0.0006161 0.00054742 0.00049692 0.000405515 0.00035249 0.00030199 0.00026563 0.00022523 0.000189375 0.000142915 0.000107565 9.292e-05 7.07e-05 5.5045e-05 4.8985e-05 3.03e-05 2.525e-05 2.4745e-05 1.313e-05 8.585e-06 6.565e-06 6.06e-06 3.03e-06 4.04e-06 1.01e-06 2.02e-06 1.01e-06 5.05e-07 0 1.515e-06 5.05e-07 1.01e-06 
2.7775e-05 0.00010201 0.000170185 0.000244925 0.000300475 0.000367135 0.000412585 0.00042218 0.00048278 0.00049591 0.00052722 0.000560045 0.000570145 0.000524695 0.000563075 0.00054439 0.00047571 0.00046561 0.000477225 0.000416625 0.00037774 0.00034946 0.000292395 0.00026664 0.00023432 0.00021513 0.000160085 0.000137865 0.000127765 8.989e-05 7.373e-05 6.262e-05 4.848e-05 4.343e-05 2.9795e-05 2.2725e-05 1.111e-05 2.121e-05 9.09e-06 9.09e-06 7.07e-06 3.03e-06 4.04e-06 1.515e-06 0 0 2.02e-06 0 1.01e-06 0 1.515e-06 
2.0705e-05 6.161e-05 0.000101505 0.000143925 0.0001818 0.00021513 0.00026664 0.000264115 0.00030704 0.000321685 0.00033835 0.0003636 0.000354005 0.000362085 0.000341885 0.00034845 0.00035653 0.000331785 0.00029088 0.000279265 0.00027371 0.00023432 0.000203515 0.00018786 0.00017372 0.000135845 0.00013736 0.000101 9.292e-05 7.676e-05 6.1105e-05 4.747e-05 4.545e-05 4.04e-05 3.0805e-05 1.818e-05 1.919e-05 1.3635e-05 1.2625e-05 9.595e-06 6.06e-06 6.565e-06 2.02e-06 1.01e-06 5.05e-07 2.02e-06 1.515e-06 1.01e-06 0 0 1.515e-06 
1.5655e-05 3.939e-05 6.464e-05 9.8475e-05 0.00010908 0.000137865 0.00016059 0.000187355 0.00017675 0.00019695 0.000214625 0.00022018 0.000226745 0.000251995 0.00021311 0.00022422 0.000221695 0.000220685 0.00020503 0.000204525 0.000173215 0.00017776 0.000130795 0.000133825 0.0001212 0.00011312 8.4335e-05 8.6355e-05 6.2115e-05 5.8075e-05 5.151e-05 4.646e-05 2.929e-05 3.1815e-05 2.9795e-05 2.424e-05 1.818e-05 1.3635e-05 8.08e-06 7.07e-06 6.565e-06 1.111e-05 5.05e-06 1.515e-06 2.525e-06 1.515e-06 2.02e-06 0 0 1.01e-06 5.05e-07 
9.595e-06 2.828e-05 4.6965e-05 6.3125e-05 7.777e-05 8.484e-05 0.000100495 0.000124735 0.00013433 0.00012221 0.000136855 0.00014645 0.00015352 0.0001515 0.00015655 0.000156045 0.000147965 0.00014847 0.00013837 0.00013635 0.00012524 0.000108575 0.00011514 9.1405e-05 7.373e-05 8.4335e-05 7.3225e-05 6.2115e-05 5.252e-05 4.343e-05 3.838e-05 3.6865e-05 2.828e-05 2.8785e-05 1.212e-05 1.6665e-05 1.7675e-05 1.111e-05 1.313e-05 6.565e-06 6.06e-06 5.555e-06 3.03e-06 2.525e-06 1.515e-06 2.525e-06 2.525e-06 1.515e-06 1.01e-06 5.05e-07 1.01e-06 
5.05e-06 2.6765e-05 2.1715e-05 3.939e-05 4.747e-05 5.3025e-05 6.8175e-05 8.3325e-05 8.989e-05 9.0395e-05 8.8375e-05 9.595e-05 0.00010605 9.7465e-05 0.00011211 9.4435e-05 0.000107565 0.000111605 8.8375e-05 8.7365e-05 9.09e-05 8.0295e-05 7.0195e-05 6.767e-05 6.565e-05 5.454e-05 3.9895e-05 4.0905e-05 4.4945e-05 3.5855e-05 3.434e-05 2.626e-05 1.818e-05 2.2725e-05 1.313e-05 1.0605e-05 1.0605e-05 1.3635e-05 1.01e-05 3.03e-06 6.565e-06 4.04e-06 5.05e-06 3.535e-06 1.515e-06 1.515e-06 3.535e-06 2.02e-06 5.05e-07 5.05e-07 2.525e-06 
2.02e-06 1.3635e-05 1.3635e-05 2.626e-05 2.7775e-05 4.1915e-05 3.8885e-05 4.5955e-05 5.151e-05 5.7065e-05 7.0195e-05 6.1105e-05 7.373e-05 7.07e-05 5.858e-05 6.262e-05 7.171e-05 7.3225e-05 6.464e-05 6.666e-05 5.454e-05 5.555e-05 6.161e-05 5.3025e-05 4.646e-05 3.939e-05 3.232e-05 2.626e-05 1.9695e-05 2.929e-05 2.121e-05 2.222e-05 1.515e-05 1.4645e-05 9.09e-06 1.515e-05 1.01e-05 5.05e-06 7.575e-06 6.06e-06 4.545e-06 3.03e-06 5.05e-06 2.525e-06 2.02e-06 2.525e-06 1.01e-06 2.02e-06 0 1.01e-06 3.03e-06 
0 0 0 0 0 0 0 0 0 0 0 0 0 0 0 0 0 0 0 0 0 0 0 0 0 0 0 0 0 0 0 0 0 0 0 0 0 0 0 0 0 0 0 0 0 0 0 0 0 0 0 
