Half rod, albedo problem, Anisotropic scattering, exponential random flight, mu_t: 3 g: -0.5
Analogmu_t c: 0.99 maxx: 10 dx: 0.19802 numsamples: 1000000 numCollisionOrders: 20 numMoments: 10
total albedo: 0.848637
per-collision order albedos: 
0 0.370657 0.092104 0.073823 0.043589 0.034214 0.025733 0.020903 0.016893 0.01399 0.012046 0.010424 0.009279 0.008049 0.007193 0.006341 0.005894 0.005441 0.004864 0.004413 
Collision density L:
2.45251 2.28876 2.13316 1.9775 1.83779 1.71545 1.58628 1.4732 1.37023 1.27555 1.18519 1.10166 1.02255 0.951587 0.891976 0.827033 0.769181 0.713757 0.664949 0.618852 0.573902 0.531679 0.495723 0.459484 0.426609 0.399945 0.369731 0.344627 0.320574 0.296496 0.276826 0.257873 0.240254 0.224841 0.207974 0.195662 0.182517 0.167625 0.155772 0.144996 0.135461 0.125043 0.115923 0.107358 0.100404 0.094935 0.0869206 0.0802546 0.0745633 0.0691143 0.928235 
Collision density R:
2.89414 2.68356 2.50367 2.32998 2.16716 2.01547 1.87056 1.73662 1.61767 1.50338 1.39904 1.3014 1.20996 1.11945 1.04485 0.975332 0.9075 0.84485 0.784578 0.728877 0.675796 0.629806 0.582644 0.543415 0.501753 0.470564 0.433113 0.406278 0.376816 0.351379 0.325437 0.30297 0.281224 0.261221 0.244784 0.229543 0.215191 0.198228 0.182527 0.170988 0.161388 0.14843 0.136512 0.1283 0.118019 0.111166 0.102692 0.0955814 0.0876226 0.0826685 1.09023 
Density Moments:
15.1154 41.1937 224.481 1831.1 19810.2 265202 4.19156e+06 7.5547e+07 1.51196e+09 3.2911e+10 
Per-collision Density Moments:
1 0.33414 0.223628 0.22444 0.299752 0.497885 0.982581 2.22572 5.62741 15.5207 
0.619289 0.289488 0.248561 0.304137 0.478457 0.912724 2.02957 5.10762 14.2132 42.9276 
0.52089 0.337341 0.34808 0.485334 0.848472 1.77925 4.34713 12.1264 38.0467 132.637 
0.441983 0.333367 0.392288 0.612967 1.18664 2.7366 7.3375 22.5163 78.1915 304.108 
0.393902 0.344923 0.452184 0.770469 1.60278 3.92733 11.0916 35.6619 129.737 532.107 
0.355798 0.345752 0.495347 0.911763 2.02981 5.27629 15.6473 52.0864 192.27 779.274 
0.326568 0.348929 0.539903 1.06303 2.5156 6.91768 21.6118 75.4848 291.298 1230.78 
0.30239 0.348969 0.57717 1.20633 3.0138 8.70445 28.3964 102.825 407.665 1750.16 
0.282399 0.34928 0.612806 1.35046 3.54161 10.7037 36.4738 137.907 571.461 2569.77 
0.265561 0.348925 0.645616 1.49231 4.0868 12.8545 45.4879 178.429 767.064 3580.13 
0.250832 0.347907 0.67503 1.62958 4.64865 15.2098 55.995 229.002 1031.09 5075.01 
0.237896 0.346805 0.703208 1.76802 5.24328 17.8369 68.441 293.152 1392.28 7290.65 
0.226222 0.344613 0.727098 1.89733 5.82688 20.4699 80.781 353.822 1705.88 8996.16 
0.215958 0.342809 0.750611 2.02718 6.42709 23.2519 94.2645 423.03 2083.16 11176.8 
0.206615 0.341217 0.774124 2.15978 7.05541 26.2378 109.094 500.949 2517.7 13747.4 
0.198143 0.339065 0.795234 2.28923 7.70337 29.4671 125.851 592.649 3048.16 16986.3 
0.190213 0.33684 0.814646 2.41249 8.33449 32.6607 142.528 683.678 3570.55 20156 
0.182921 0.334677 0.833922 2.54131 9.02607 36.322 162.514 797.644 4251.72 24421.9 
0.176234 0.332062 0.85036 2.65717 9.65674 39.6906 181.088 904.75 4897.4 28465.1 
0 0 0 0 0 0 0 0 0 0 
Per-collision Densities L:
0 0 0 0 0 0 0 0 0 0 0 0 0 0 0 0 0 0 0 0 0 0 0 0 0 0 0 0 0 0 0 0 0 0 0 0 0 0 0 0 0 0 0 0 0 0 0 0 0 0 0 
0.837871 0.463307 0.25709 0.142375 0.0784568 0.043632 0.0235785 0.0135845 0.0078477 0.0039592 0.00214625 0.0012423 0.0006666 0.00041915 0.00018685 0.00015655 7.07e-05 4.04e-05 3.03e-05 0 5.05e-06 0 0 0 0 0 0 0 0 0 0 0 0 0 0 0 0 0 0 0 0 0 0 0 0 0 0 0 0 0 0 
0.263706 0.214054 0.156227 0.106429 0.0701496 0.0461015 0.028174 0.0175791 0.0109434 0.006464 0.0040299 0.0024038 0.00145945 0.00088375 0.0004545 0.0002727 0.00019695 9.595e-05 5.05e-05 3.535e-05 1.01e-05 5.05e-06 0 5.05e-06 0 0 0 0 0 0 0 0 0 0 0 0 0 0 0 0 0 0 0 0 0 0 0 0 0 0 0 
0.244612 0.239532 0.194516 0.144556 0.101601 0.0703566 0.046253 0.0294819 0.0196445 0.0124735 0.00791335 0.0047066 0.0029896 0.00176245 0.0010605 0.0006767 0.00047975 0.00022725 0.00012625 7.07e-05 7.575e-05 1.515e-05 1.01e-05 1.01e-05 5.05e-06 1.01e-05 5.05e-06 0 0 0 5.05e-06 0 0 0 0 0 0 0 0 0 0 0 0 0 0 0 0 0 0 0 0 
0.147197 0.156176 0.14498 0.11813 0.0934503 0.0694779 0.0491719 0.0347642 0.0240027 0.0157914 0.010701 0.0068882 0.0044541 0.002929 0.0019594 0.0011211 0.0006969 0.00048985 0.00032825 0.0001919 8.585e-05 6.565e-05 3.535e-05 1.01e-05 2.02e-05 2.02e-05 0 0 5.05e-06 0 0 0 0 0 0 0 0 0 0 0 0 0 0 0 0 0 0 0 0 0 0 
0.120059 0.135502 0.132689 0.116968 0.0948289 0.0758157 0.056459 0.0410767 0.0294415 0.0207505 0.0141451 0.00989295 0.0067468 0.0041814 0.0028684 0.0019796 0.0012322 0.0007979 0.00043935 0.0003838 0.0001616 0.00013635 5.555e-05 3.535e-05 3.03e-05 4.04e-05 0 0 1.515e-05 5.05e-06 0 0 5.05e-06 0 0 5.05e-06 0 0 0 0 0 0 0 0 0 0 0 0 0 0 0 
0.0885215 0.105217 0.108706 0.0996012 0.0876226 0.0726493 0.0560298 0.043632 0.0331836 0.0240936 0.0173013 0.0122513 0.00812545 0.00577215 0.00389355 0.00265125 0.00181295 0.00119685 0.0006969 0.00052015 0.0003131 0.00018685 0.00013635 0.000101 2.525e-05 2.525e-05 1.01e-05 2.02e-05 1.515e-05 0 0 5.05e-06 0 0 0 0 0 0 0 0 0 0 0 0 0 0 0 0 0 0 0 
0.0728513 0.0894355 0.0948441 0.0912131 0.0816838 0.0706445 0.0581508 0.0464651 0.0354763 0.0272599 0.0203919 0.0148975 0.0100849 0.00710535 0.00503485 0.0034239 0.002525 0.0016463 0.00108575 0.00081305 0.0005151 0.0003636 0.00021715 0.0001515 7.07e-05 5.05e-05 4.545e-05 2.525e-05 1.01e-05 1.01e-05 1.515e-05 0 0 0 5.05e-06 0 5.05e-06 0 0 0 0 0 0 0 0 0 0 0 0 0 0 
0.0596304 0.0741593 0.0804364 0.0799163 0.0742653 0.0664126 0.0574741 0.0463186 0.0367994 0.0294516 0.0219827 0.0164681 0.0117918 0.00896375 0.00607515 0.0045349 0.00332795 0.00208565 0.00137865 0.00097465 0.0007777 0.00041915 0.00038885 0.0001616 0.0001212 5.555e-05 3.03e-05 3.535e-05 3.03e-05 1.515e-05 1.515e-05 0 0 0 0 0 0 0 0 0 0 0 0 0 0 0 0 0 0 0 0 
0.0504849 0.0628725 0.0712555 0.0716444 0.0686699 0.0627816 0.0548632 0.0468842 0.0369357 0.0309161 0.0235027 0.0181346 0.0137714 0.0102818 0.0074538 0.0054843 0.00376225 0.00282295 0.00190385 0.00140895 0.00101505 0.0006464 0.0004747 0.0003131 0.00019695 0.00014645 0.0001111 4.545e-05 1.515e-05 2.525e-05 1.01e-05 2.02e-05 1.515e-05 0 0 0 0 5.05e-06 0 0 0 0 0 0 0 0 0 0 0 0 0 
0.0438492 0.0550854 0.0613929 0.0629028 0.0632614 0.0581407 0.0518888 0.0457783 0.0376478 0.0323251 0.0252197 0.01919 0.0151197 0.0109434 0.00843855 0.0065246 0.00453995 0.0033128 0.0025452 0.00169175 0.0012625 0.00086355 0.0005454 0.0003838 0.00023735 0.00018685 0.00012625 8.585e-05 5.555e-05 5.555e-05 1.515e-05 1.515e-05 5.05e-06 5.05e-06 0 0 5.05e-06 0 0 0 0 0 0 0 0 0 0 0 0 0 0 
0.0374205 0.0485204 0.0546511 0.0576508 0.0573882 0.0544693 0.0499647 0.0440663 0.0372034 0.0314767 0.0257096 0.0205333 0.0158469 0.0126149 0.0100091 0.0073225 0.00540855 0.00404505 0.00276235 0.00221695 0.00158065 0.0010807 0.0007878 0.00053025 0.00029795 0.00024745 0.0001919 0.000101 7.07e-05 6.565e-05 3.03e-05 1.515e-05 5.05e-06 1.01e-05 5.05e-06 5.05e-06 0 0 5.05e-06 0 5.05e-06 0 0 0 0 0 0 0 0 0 0 
0.0334866 0.0418948 0.0488537 0.0521817 0.0524645 0.0508333 0.0467075 0.041203 0.0383649 0.0314817 0.0259772 0.0215029 0.0169377 0.0139835 0.0104687 0.008181 0.00601455 0.0045753 0.00342895 0.00240885 0.00171195 0.0015554 0.00097465 0.0005353 0.00041915 0.0003333 0.00021715 0.0001616 0.00012625 0.000101 4.545e-05 3.535e-05 1.01e-05 2.02e-05 2.02e-05 1.01e-05 5.05e-06 5.05e-06 0 5.05e-06 0 0 0 5.05e-06 0 0 0 0 0 0 0 
0.0289365 0.0373246 0.0436068 0.0480356 0.0478387 0.0470559 0.0447481 0.0406273 0.0357944 0.0313757 0.0275427 0.0219372 0.0175488 0.0140441 0.0113474 0.0087769 0.00686295 0.00505 0.00389355 0.0028583 0.0021816 0.0015958 0.00126755 0.00081305 0.0005454 0.0002828 0.00034845 0.00016665 0.0001717 0.0001212 6.06e-05 3.03e-05 2.525e-05 2.525e-05 1.01e-05 0 5.05e-06 0 0 0 1.01e-05 5.05e-06 0 0 0 5.05e-06 0 0 0 0 0 
0.0259823 0.0344915 0.0390466 0.0432331 0.0438997 0.0432129 0.0416474 0.0381225 0.0351884 0.0304667 0.026563 0.0224725 0.0182709 0.0147814 0.0115746 0.00927685 0.00742855 0.00596405 0.0045147 0.00325725 0.00243915 0.00197455 0.0013534 0.00085345 0.00075245 0.00048985 0.000404 0.00029795 0.00013635 0.0001616 8.585e-05 6.565e-05 3.03e-05 2.525e-05 2.525e-05 1.01e-05 1.01e-05 1.01e-05 0 1.01e-05 5.05e-06 0 0 5.05e-06 0 0 0 0 0 0 0 
0.023634 0.0306687 0.0351834 0.0394506 0.040799 0.0409101 0.0391325 0.0368852 0.0343905 0.0297092 0.0263055 0.0221089 0.0183012 0.0155742 0.012928 0.00982225 0.00805475 0.0062317 0.0051712 0.0036562 0.00288355 0.00229775 0.00168165 0.00115645 0.00091405 0.00055045 0.00040905 0.0003131 0.0001919 0.00011615 0.0001212 9.595e-05 5.05e-05 2.525e-05 3.03e-05 1.515e-05 2.02e-05 0 5.05e-06 5.05e-06 0 0 5.05e-06 5.05e-06 0 0 0 0 0 0 0 
0.0206495 0.0280629 0.0324564 0.0353399 0.0373599 0.0387234 0.0365317 0.0353702 0.0317696 0.0283911 0.0259065 0.0230785 0.0194577 0.015549 0.0132866 0.0111706 0.0084335 0.0067771 0.0055651 0.0043026 0.00304515 0.00236845 0.00180285 0.00144935 0.00100495 0.0007272 0.0005555 0.0004545 0.0002828 0.0002727 0.0001414 9.595e-05 9.09e-05 9.595e-05 3.03e-05 1.515e-05 2.02e-05 5.05e-06 5.05e-06 5.05e-06 1.01e-05 5.05e-06 0 5.05e-06 0 0 5.05e-06 0 0 0 0 
0.0188264 0.0241188 0.0296587 0.0330018 0.034234 0.0349965 0.0344562 0.0332038 0.0311484 0.028583 0.025654 0.0227301 0.0190234 0.0159934 0.0132866 0.0109737 0.00881225 0.00743865 0.00554995 0.0044339 0.0035855 0.00261085 0.0021412 0.00149985 0.00096455 0.0008181 0.000707 0.0005252 0.0002828 0.00020705 0.0001919 7.575e-05 9.595e-05 9.595e-05 4.545e-05 4.04e-05 1.515e-05 1.01e-05 1.515e-05 1.515e-05 0 0 0 0 0 5.05e-06 0 0 5.05e-06 0 0 
0.0178316 0.0240633 0.0275124 0.0300677 0.032315 0.0326988 0.0332139 0.0313656 0.0304111 0.0280124 0.0247248 0.021917 0.0189123 0.0159631 0.0141148 0.0114282 0.00969095 0.00772145 0.0064741 0.0049288 0.00373195 0.00299465 0.00222705 0.0018281 0.00160085 0.0011009 0.00074235 0.00055045 0.0004242 0.00030805 0.0002525 0.00018685 0.0001414 0.00011615 5.555e-05 2.02e-05 1.01e-05 0 1.515e-05 5.05e-06 0 5.05e-06 1.01e-05 1.01e-05 0 0 5.05e-06 5.05e-06 0 0 0 
0 0 0 0 0 0 0 0 0 0 0 0 0 0 0 0 0 0 0 0 0 0 0 0 0 0 0 0 0 0 0 0 0 0 0 0 0 0 0 0 0 0 0 0 0 0 0 0 0 0 0 
Per-collision Densities L:
2.2605 1.24456 0.689956 0.382583 0.211817 0.115726 0.0643572 0.0358702 0.0199374 0.0113221 0.00586305 0.00339865 0.0018281 0.0009797 0.00059085 0.00030805 0.0001919 9.595e-05 7.575e-05 3.535e-05 0 5.05e-06 0 0 0 0 0 0 0 0 0 0 0 0 0 0 0 0 0 0 0 0 0 0 0 0 0 0 0 0 0 
0.1515 0.265771 0.248283 0.194319 0.136603 0.0923039 0.0603627 0.0390062 0.0243713 0.0152611 0.0090294 0.00554995 0.0034744 0.0021614 0.0010605 0.0006666 0.0004545 0.0002727 0.0001212 7.575e-05 6.565e-05 2.02e-05 0 5.05e-06 5.05e-06 0 0 0 0 0 0 0 0 0 0 0 0 0 0 0 0 0 0 0 0 0 0 0 0 0 0 
0.173851 0.325407 0.321932 0.264832 0.197985 0.140592 0.096253 0.0643774 0.0421675 0.0275427 0.0172862 0.0111555 0.0066155 0.00408545 0.00282295 0.0014746 0.0009494 0.00057065 0.0003131 0.00023735 0.0001515 6.565e-05 3.535e-05 1.515e-05 1.01e-05 1.515e-05 1.01e-05 0 5.05e-06 0 5.05e-06 0 0 0 0 0 0 0 0 0 0 0 0 0 0 0 0 0 0 0 0 
0.057767 0.140552 0.174649 0.171685 0.148899 0.118019 0.0901779 0.065039 0.0465257 0.0322493 0.0218463 0.0145289 0.0094738 0.0061812 0.0041208 0.0026058 0.0017372 0.00108575 0.00063125 0.0004646 0.00023735 0.0001212 0.00010605 4.545e-05 2.02e-05 1.515e-05 1.515e-05 2.525e-05 0 5.05e-06 0 0 1.01e-05 0 0 0 0 0 0 0 0 0 0 0 0 0 0 0 0 0 0 
0.046354 0.119453 0.154783 0.162549 0.144753 0.122952 0.098374 0.0746037 0.0558227 0.0392183 0.028381 0.0192405 0.0136653 0.00911525 0.00570145 0.0039087 0.0027674 0.0016665 0.0010504 0.0006262 0.00038885 0.00025755 0.0001515 0.000101 6.06e-05 6.06e-05 1.515e-05 1.01e-05 5.05e-06 5.05e-06 5.05e-06 5.05e-06 0 0 5.05e-06 0 0 5.05e-06 0 0 0 0 0 0 0 0 0 0 0 0 0 
0.0278255 0.0766742 0.10958 0.120862 0.118503 0.10705 0.0899607 0.0726392 0.0571206 0.0436876 0.032416 0.0229422 0.0160944 0.0111858 0.0077871 0.0050904 0.00382285 0.00216645 0.0016867 0.00118675 0.0006767 0.0003636 0.00027775 0.0001616 9.09e-05 8.585e-05 4.545e-05 1.01e-05 1.515e-05 5.05e-06 1.01e-05 1.01e-05 0 0 0 0 0 0 0 0 0 0 0 0 0 0 0 0 0 0 0 
0.0222503 0.0619736 0.089688 0.103621 0.105848 0.100111 0.0871883 0.073023 0.0585194 0.0465711 0.0351884 0.026361 0.0194627 0.0136805 0.00961015 0.00692355 0.00472175 0.0032825 0.00218665 0.00159075 0.00112615 0.0006969 0.00042925 0.00027775 0.00023735 9.09e-05 8.585e-05 2.525e-05 5.05e-06 3.535e-05 2.02e-05 1.01e-05 0 0 0 5.05e-06 0 5.05e-06 0 0 0 0 0 0 0 0 0 0 0 0 0 
0.0167206 0.0473135 0.0706647 0.0828756 0.0895264 0.0873044 0.0802496 0.0689931 0.0581255 0.0466721 0.0375468 0.0277245 0.0218261 0.0156045 0.011812 0.0082618 0.0057469 0.0044137 0.0028785 0.00203515 0.00133825 0.00102515 0.00068175 0.0004848 0.00028785 0.0001515 0.0001111 4.545e-05 4.545e-05 4.04e-05 2.02e-05 1.01e-05 1.515e-05 0 0 0 0 0 0 0 0 0 0 0 0 0 0 0 0 0 0 
0.0134381 0.0381881 0.0588022 0.0721948 0.0802496 0.0776892 0.072614 0.066862 0.056959 0.0469751 0.0384507 0.0301132 0.0232654 0.0180437 0.0132512 0.0100243 0.00723665 0.0052318 0.00348955 0.0026967 0.001818 0.0012423 0.0008989 0.0005959 0.00042925 0.00029795 0.00022725 0.00012625 8.08e-05 3.535e-05 2.525e-05 1.515e-05 2.02e-05 1.01e-05 1.01e-05 0 0 5.05e-06 5.05e-06 0 0 0 0 0 0 0 0 0 0 0 0 
0.0112514 0.0323857 0.0494547 0.060696 0.0678266 0.0691547 0.0674276 0.0623271 0.0541562 0.0469246 0.039082 0.031714 0.0252652 0.0186446 0.0148874 0.0113979 0.00843855 0.006262 0.00447935 0.00307545 0.00234825 0.0015554 0.00119685 0.000707 0.000505 0.00032825 0.00018685 0.00018685 0.00011615 9.595e-05 5.05e-05 2.02e-05 2.02e-05 1.01e-05 1.01e-05 0 5.05e-06 5.05e-06 1.01e-05 0 0 0 0 0 0 0 0 0 0 0 0 
0.0090597 0.026765 0.0419857 0.0541259 0.0595799 0.0629028 0.0620948 0.0576912 0.0522524 0.0451319 0.0394153 0.0321584 0.025245 0.0205131 0.016357 0.0128321 0.0095546 0.0070397 0.0050096 0.00373195 0.002828 0.00209575 0.00153015 0.0009696 0.00073225 0.0004848 0.00030805 0.0001717 0.0001616 0.000101 6.565e-05 5.555e-05 2.02e-05 3.03e-05 1.01e-05 1.515e-05 5.05e-06 0 0 5.05e-06 1.515e-05 5.05e-06 0 0 0 0 0 0 0 0 0 
0.00778205 0.0231492 0.0359409 0.0459096 0.0531614 0.0567873 0.0554389 0.053934 0.0496971 0.0444754 0.0389153 0.0330927 0.0265075 0.0215332 0.0172912 0.0133068 0.0102364 0.0080093 0.00607515 0.00443895 0.00303505 0.00250985 0.0016665 0.00118675 0.0008989 0.00069185 0.0003838 0.00024745 0.00027775 0.0001818 7.07e-05 6.565e-05 4.04e-05 2.525e-05 2.525e-05 1.515e-05 2.525e-05 0 0 5.05e-06 5.05e-06 5.05e-06 5.05e-06 5.05e-06 5.05e-06 0 0 0 0 0 0 
0.00695385 0.01969 0.0318756 0.0404404 0.0476316 0.0511767 0.0517928 0.0495759 0.0468691 0.0422483 0.0380922 0.0325927 0.0269872 0.0219473 0.0176599 0.0137815 0.0116403 0.0086052 0.0066256 0.0051712 0.0035451 0.0028583 0.00230785 0.00141905 0.0010403 0.0008282 0.0005353 0.0004242 0.0002323 0.0002424 0.00011615 9.09e-05 6.06e-05 3.535e-05 2.525e-05 2.02e-05 0 1.01e-05 0 5.05e-06 0 1.01e-05 5.05e-06 0 0 5.05e-06 0 0 0 0 0 
0.0060701 0.0177558 0.02828 0.0367287 0.0425614 0.0458035 0.047268 0.0465004 0.0435815 0.0406879 0.0365418 0.0322443 0.0269721 0.0222705 0.0188921 0.0148268 0.0113777 0.0097667 0.0074841 0.00589335 0.0042218 0.00310575 0.0025351 0.0017877 0.0012019 0.0009797 0.00068175 0.0005252 0.0003535 0.00022725 0.00016665 0.00013635 8.08e-05 8.08e-05 2.525e-05 4.04e-05 2.02e-05 0 1.01e-05 5.05e-06 0 1.01e-05 0 0 1.01e-05 0 0 0 0 0 0 
0.0051106 0.0151248 0.0249874 0.0324766 0.0385164 0.0422483 0.0439653 0.0441572 0.0417484 0.03787 0.0354914 0.0317191 0.0273407 0.0232149 0.0189325 0.0161247 0.0128775 0.00990305 0.00804465 0.00590345 0.00481265 0.00382285 0.00303 0.0021816 0.0014443 0.00102515 0.00075245 0.00060095 0.00043935 0.0002828 0.00020705 0.0001717 7.07e-05 9.595e-05 4.04e-05 5.05e-05 3.03e-05 2.02e-05 5.05e-06 0 0 5.05e-06 5.05e-06 5.05e-06 0 1.01e-05 0 0 0 0 0 
0.0047268 0.0140643 0.0227149 0.0293708 0.0345117 0.0381881 0.0399455 0.0404606 0.0394304 0.036562 0.0338098 0.0307444 0.0264923 0.0233159 0.0193365 0.0164075 0.0131654 0.0108121 0.0085345 0.0068074 0.00532775 0.00397435 0.0030502 0.0023129 0.0018988 0.0013534 0.00082315 0.00070195 0.000606 0.0004141 0.0002323 0.0001616 0.00021715 6.06e-05 0.000101 7.07e-05 1.01e-05 4.545e-05 1.01e-05 5.05e-06 1.01e-05 5.05e-06 5.05e-06 5.05e-06 0 5.05e-06 5.05e-06 0 0 0 0 
0.0045349 0.0125947 0.0200182 0.0265075 0.0317191 0.0354056 0.0372791 0.0374003 0.0369509 0.0346228 0.0325624 0.0302849 0.0268054 0.0224069 0.0199778 0.0160641 0.0134987 0.0113827 0.00884255 0.0070397 0.00576205 0.004545 0.00350975 0.0026462 0.00198465 0.001515 0.00108575 0.0008181 0.00054035 0.0004747 0.0002929 0.0002222 0.0001818 0.00013635 9.09e-05 7.07e-05 5.05e-05 2.525e-05 2.525e-05 1.515e-05 0 0 0 0 0 5.05e-06 0 0 0 5.05e-06 0 
0.0038481 0.0117867 0.0186345 0.0244673 0.0291032 0.0324564 0.0345572 0.0349309 0.0345673 0.0337744 0.0312141 0.028583 0.026462 0.0224978 0.019392 0.016867 0.0140441 0.0116655 0.00962025 0.00801435 0.0062418 0.00486315 0.00359055 0.0029391 0.0023331 0.00183315 0.00153015 0.0010807 0.0007474 0.0005252 0.00035855 0.00032825 0.00021715 0.0002424 0.00014645 6.565e-05 5.555e-05 2.525e-05 1.01e-05 1.515e-05 0 1.515e-05 1.01e-05 5.05e-06 5.05e-06 0 0 0 5.05e-06 0 0 
0.0032926 0.0100142 0.015852 0.0217655 0.0264267 0.0294617 0.0319918 0.0328856 0.0323503 0.0315726 0.0292042 0.0277952 0.0254116 0.0226594 0.0198011 0.0171852 0.0137512 0.0116352 0.0101404 0.00805475 0.0064539 0.0052722 0.0043127 0.0030906 0.00226745 0.00182305 0.0013736 0.0012524 0.0008787 0.00059085 0.00047975 0.0003434 0.00024745 0.0001515 0.0001313 8.08e-05 7.07e-05 5.05e-05 5.555e-05 4.545e-05 1.01e-05 2.525e-05 5.05e-06 0 5.05e-06 0 0 0 0 0 0 
0 0 0 0 0 0 0 0 0 0 0 0 0 0 0 0 0 0 0 0 0 0 0 0 0 0 0 0 0 0 0 0 0 0 0 0 0 0 0 0 0 0 0 0 0 0 0 0 0 0 0 
