Half rod, albedo problem, Anisotropic scattering, exponential random flight, mu_t: 3 g: 0.7
Analogmu_t c: 0.95 maxx: 10 dx: 0.19802 numsamples: 1000000 numCollisionOrders: 20 numMoments: 10
total albedo: 0.442476
per-collision order albedos: 
0 0.071627 0.057513 0.046797 0.038104 0.031851 0.026558 0.022024 0.018734 0.015805 0.013349 0.0116 0.009872 0.008549 0.007488 0.006567 0.005787 0.005063 0.004529 0.003938 
Collision density L:
1.28009 1.18664 1.09716 1.0163 0.937204 0.870105 0.803627 0.744734 0.691699 0.636876 0.591219 0.547763 0.506591 0.466711 0.434452 0.401551 0.372286 0.344875 0.320685 0.297581 0.274619 0.253454 0.236976 0.21816 0.201874 0.187133 0.173533 0.160974 0.147101 0.134598 0.126952 0.116832 0.110242 0.101606 0.0931119 0.0861833 0.0804314 0.0755632 0.0689982 0.0639229 0.0604081 0.0547622 0.0501162 0.0457581 0.0433694 0.0401324 0.0380871 0.0345673 0.0321433 0.0292395 0.365893 
Collision density R:
2.88691 2.67152 2.47332 2.29309 2.12181 1.96789 1.81508 1.68492 1.56513 1.44485 1.33546 1.23799 1.14695 1.06124 0.983094 0.9065 0.838593 0.781402 0.724882 0.666868 0.619807 0.572519 0.533285 0.489744 0.452763 0.421079 0.390618 0.359464 0.335123 0.309919 0.285542 0.266711 0.245874 0.227927 0.209615 0.196415 0.181628 0.168221 0.155591 0.14496 0.13182 0.123351 0.115105 0.105636 0.097763 0.0913293 0.0843805 0.0777044 0.0720938 0.0671347 0.832705 
Density Moments:
11.1343 28.6489 147.263 1131.82 11554.5 147348 2.27231e+06 4.17053e+07 9.01658e+08 2.26259e+10 
Per-collision Density Moments:
1 0.333371 0.222225 0.222334 0.297519 0.500448 1.01608 2.41312 6.52355 19.592 
0.878357 0.562075 0.554396 0.734499 1.22218 2.45412 5.79354 15.7842 48.8883 169.704 
0.776837 0.715648 0.926654 1.52345 3.03321 7.11301 19.3167 60.1491 213.406 857.154 
0.691203 0.816673 1.29984 2.53841 5.8475 15.5239 46.7744 158.269 596.656 2488.34 
0.618787 0.880019 1.65228 3.72703 9.74141 28.8869 95.7807 351.226 1411.76 6171.74 
0.555686 0.915192 1.9701 5.02725 14.6875 48.2048 175.554 703.335 3080.37 14674.1 
0.501453 0.931488 2.25081 6.38909 20.5679 73.6976 290.401 1247.89 5811.92 29199.1 
0.45463 0.933431 2.49066 7.76439 27.2831 106.106 451.642 2088.81 10447 56330.7 
0.413159 0.925321 2.6939 9.12842 34.6961 145.203 661.523 3255.46 17207.7 97272.2 
0.376714 0.910281 2.86232 10.4501 42.6331 190.693 924.417 4818.61 26850.3 159189 
0.34441 0.889178 2.99246 11.6795 50.8262 241.917 1245.11 6877.11 40537.3 253908 
0.315668 0.865459 3.09802 12.8604 59.4542 300.099 1634.47 9528.68 59103 388122 
0.290051 0.839808 3.1799 13.9611 68.1812 362.916 2080.23 12736 82776.2 568221 
0.266883 0.811591 3.23343 14.9432 76.7747 429.453 2583.55 16581 112867 811186 
0.245881 0.781801 3.26358 15.8147 85.1774 499.087 3141.58 21067.5 149601 1.11954e+06 
0.227061 0.753031 3.28416 16.6383 93.6987 573.879 3774.13 26428.9 195884 1.52957e+06 
0.209944 0.724225 3.28915 17.3635 101.898 650.292 4456.34 32534.5 251739 2.05716e+06 
0.194369 0.695305 3.2783 17.9827 109.693 727.598 5181.19 39292.7 315671 2.67656e+06 
0.179839 0.666259 3.2548 18.5101 117.074 804.95 5937.66 46598.6 386868 3.38352e+06 
0 0 0 0 0 0 0 0 0 0 
Per-collision Densities L:
0 0 0 0 0 0 0 0 0 0 0 0 0 0 0 0 0 0 0 0 0 0 0 0 0 0 0 0 0 0 0 0 0 0 0 0 0 0 0 0 0 0 0 0 0 0 0 0 0 0 0 
0.162049 0.0885619 0.0489345 0.0264822 0.0144329 0.00834765 0.0044642 0.0023533 0.0014544 0.0007676 0.00034845 0.00022725 0.00017675 9.595e-05 3.535e-05 1.515e-05 5.05e-06 1.01e-05 1.01e-05 0 0 0 0 5.05e-06 0 0 0 0 0 0 0 0 0 0 0 0 0 0 0 0 0 0 0 0 0 0 0 0 0 0 0 
0.165504 0.133638 0.0966469 0.0675337 0.0445713 0.0281033 0.0177205 0.0105343 0.0069488 0.0038885 0.0023735 0.00143925 0.00091405 0.0005151 0.0003232 0.00014645 8.585e-05 5.555e-05 3.03e-05 4.04e-05 1.01e-05 5.05e-06 0 0 0 0 0 0 0 5.05e-06 0 0 0 0 0 0 0 0 0 0 0 0 0 0 0 0 0 0 0 0 0 
0.139304 0.13233 0.114822 0.0917787 0.0713919 0.0508131 0.0364257 0.0253965 0.0164731 0.011307 0.00718615 0.0047874 0.0029896 0.00199475 0.0011514 0.0007676 0.00040905 0.00028785 0.0001919 0.00010605 6.565e-05 2.525e-05 1.01e-05 1.01e-05 1.515e-05 0 1.01e-05 0 0 0 0 5.05e-06 0 0 0 0 0 0 0 0 0 0 0 0 0 0 0 0 0 0 0 
0.115569 0.114948 0.108656 0.0983993 0.0823049 0.0666297 0.0535199 0.0401374 0.0298455 0.0208818 0.0149228 0.0109585 0.00701445 0.00499445 0.0032421 0.00216645 0.00127765 0.0008383 0.00068175 0.0003131 0.0002727 0.0001414 0.00011615 5.555e-05 2.02e-05 3.03e-05 1.515e-05 5.05e-06 0 5.05e-06 5.05e-06 0 5.05e-06 5.05e-06 5.05e-06 0 0 0 0 0 0 0 0 0 0 0 0 0 0 0 0 
0.095642 0.0966217 0.0947027 0.0900112 0.082517 0.0734573 0.0618423 0.0501415 0.0411626 0.0312646 0.0237855 0.0178669 0.0127563 0.00900415 0.00657005 0.0043228 0.0030906 0.0021614 0.00161095 0.00090395 0.0006565 0.00034845 0.0003232 0.00013635 0.00011615 5.555e-05 7.07e-05 1.515e-05 2.02e-05 5.05e-06 5.05e-06 5.05e-06 5.05e-06 0 5.05e-06 1.01e-05 0 0 0 0 0 0 0 0 0 0 0 0 0 0 0 
0.0789719 0.0810475 0.0799516 0.0792901 0.075442 0.0711444 0.0631856 0.056454 0.0472125 0.0394456 0.0321231 0.0248107 0.0195839 0.0141956 0.0108323 0.0078982 0.0056459 0.00419655 0.00312595 0.0020503 0.0013029 0.0008888 0.00075245 0.0003838 0.0002828 0.0002222 0.00011615 9.09e-05 6.06e-05 5.05e-05 1.01e-05 1.01e-05 2.02e-05 1.515e-05 1.515e-05 1.01e-05 0 0 0 0 5.05e-06 0 0 0 0 0 0 0 0 0 0 
0.0665186 0.0687053 0.0688113 0.0676145 0.066458 0.0642966 0.0604738 0.0559591 0.0495304 0.043127 0.0360621 0.031103 0.0245127 0.0195587 0.0157106 0.0117463 0.00895365 0.0066458 0.00505 0.003737 0.00256035 0.0017372 0.00133825 0.0008888 0.00065145 0.00040905 0.0002727 0.00020705 0.00013635 8.08e-05 8.585e-05 6.565e-05 3.535e-05 5.05e-06 2.02e-05 0 0 0 0 0 5.05e-06 0 0 0 0 0 0 0 0 0 0 
0.056656 0.0580043 0.0576761 0.0590143 0.057267 0.0566863 0.0538532 0.0521009 0.0482174 0.0430917 0.0386628 0.0336179 0.0285325 0.023432 0.0194173 0.0153975 0.0120443 0.0100697 0.00770125 0.00572165 0.00397435 0.0032421 0.00241895 0.0016059 0.00121705 0.00089385 0.000707 0.0004747 0.00031815 0.0001818 0.0001515 7.07e-05 7.575e-05 7.07e-05 5.05e-05 1.01e-05 1.01e-05 5.05e-06 0 5.05e-06 0 0 5.05e-06 0 0 5.05e-06 0 0 0 0 0 
0.0482831 0.0488588 0.0493133 0.0505707 0.0501061 0.0496062 0.0475761 0.0460055 0.0451672 0.0408798 0.0385517 0.0345016 0.0304212 0.0262853 0.0224574 0.0189729 0.0155288 0.0123624 0.0101859 0.0080396 0.0060499 0.0049086 0.00376225 0.00260075 0.0020301 0.0014847 0.00111605 0.0007777 0.00054035 0.00032825 0.00031815 0.00018685 0.0001313 7.575e-05 7.575e-05 5.555e-05 4.04e-05 3.03e-05 1.01e-05 5.05e-06 1.01e-05 0 5.05e-06 1.01e-05 0 0 5.05e-06 0 0 0 0 
0.041511 0.0417635 0.0430513 0.0423998 0.0435209 0.0428442 0.0423998 0.0420766 0.0406576 0.0374256 0.0358651 0.0332947 0.0302697 0.0274165 0.0241794 0.021003 0.0176649 0.0149076 0.0120443 0.0103424 0.0081507 0.0065549 0.0051106 0.0038178 0.00298455 0.00223715 0.00179275 0.00128775 0.0010201 0.0006767 0.0004949 0.0003232 0.00023735 0.00020705 0.0001111 8.08e-05 6.06e-05 3.03e-05 2.02e-05 3.03e-05 5.05e-06 1.01e-05 1.01e-05 5.05e-06 0 0 1.01e-05 0 5.05e-06 0 0 
0.0352844 0.0354864 0.0369711 0.0371983 0.0371327 0.03787 0.0376175 0.0368549 0.0357035 0.0350773 0.0334664 0.0310777 0.0292042 0.0278811 0.0243511 0.0217302 0.0190385 0.0166448 0.0147965 0.0123927 0.0098172 0.00827695 0.006262 0.00526715 0.00429755 0.00349965 0.0025351 0.0019897 0.00147965 0.00089385 0.0008181 0.00056055 0.0004242 0.00033835 0.0002222 0.00012625 8.08e-05 6.565e-05 4.545e-05 5.555e-05 3.03e-05 4.04e-05 2.02e-05 1.515e-05 1.01e-05 1.515e-05 5.05e-06 0 0 0 0 
0.0302293 0.0312343 0.0322998 0.0322089 0.0327442 0.0329008 0.0334058 0.0321938 0.0319716 0.0310777 0.0302647 0.0290628 0.0272801 0.0256742 0.0236946 0.0212706 0.0199576 0.0173569 0.0157964 0.0130391 0.0116049 0.0096354 0.0078881 0.0068882 0.00536815 0.004343 0.0032724 0.00271185 0.00208565 0.0016463 0.00111605 0.0009393 0.0006767 0.000505 0.00041915 0.0002121 0.00021715 0.00014645 0.00012625 9.595e-05 6.565e-05 3.535e-05 2.525e-05 1.01e-05 4.04e-05 5.05e-06 0 5.05e-06 1.01e-05 0 0 
0.0263156 0.0274417 0.0279114 0.0284214 0.0286335 0.0293607 0.0291991 0.0281033 0.0291486 0.0278861 0.0274266 0.0263711 0.0250329 0.0244016 0.0228361 0.0208313 0.0193314 0.0176548 0.0156853 0.0141198 0.0122816 0.0106555 0.0092213 0.00775175 0.0062923 0.0052217 0.0040501 0.003838 0.0028684 0.00192405 0.00172205 0.0012827 0.0009999 0.00077265 0.0005454 0.00043935 0.0004343 0.00022725 0.0001717 0.00013635 7.07e-05 7.07e-05 6.565e-05 4.04e-05 4.545e-05 2.02e-05 2.02e-05 0 1.515e-05 5.05e-06 2.02e-05 
0.0225584 0.0243663 0.0250834 0.0250682 0.0250581 0.0259823 0.0259722 0.0257803 0.0251137 0.0251743 0.0243915 0.0237249 0.0231189 0.021912 0.0215837 0.0198112 0.0184881 0.0175841 0.0153268 0.0140946 0.0122665 0.011206 0.009898 0.00856985 0.00777195 0.0064034 0.0052217 0.0044238 0.0034946 0.00288355 0.0021412 0.00160085 0.0012928 0.0011716 0.00077265 0.00058075 0.0005858 0.00032825 0.00028785 0.00019695 0.00015655 0.00013635 8.585e-05 9.09e-05 6.565e-05 4.04e-05 2.525e-05 1.01e-05 2.525e-05 5.05e-06 2.02e-05 
0.0206646 0.0210888 0.0214625 0.0222705 0.0228058 0.0226897 0.0226796 0.0224877 0.022422 0.0224422 0.0219625 0.0214272 0.0209323 0.0206949 0.0191294 0.0184224 0.0175538 0.0164782 0.0149329 0.0136805 0.0125442 0.0114282 0.0103374 0.0091809 0.00822645 0.0071306 0.0059388 0.0049591 0.00420665 0.00335825 0.00275225 0.00228765 0.0018584 0.00141905 0.0011716 0.0008989 0.00087365 0.0004545 0.0005656 0.00032825 0.0001919 0.000202 0.0001818 0.0001212 8.08e-05 5.555e-05 5.05e-05 3.03e-05 2.02e-05 5.05e-06 4.04e-05 
0.0183366 0.0184325 0.0192405 0.0196748 0.0196597 0.0198667 0.020195 0.019998 0.0202202 0.0200182 0.0198465 0.0194173 0.0192304 0.0181043 0.0174175 0.0169428 0.0163671 0.0152207 0.0144026 0.0139027 0.0124483 0.0113928 0.0105141 0.0095445 0.00827695 0.0071609 0.00668115 0.0057469 0.0046965 0.00389355 0.0031108 0.0027169 0.0024745 0.001717 0.0016463 0.00123725 0.0009797 0.00088375 0.0006363 0.00047975 0.0003737 0.0002828 0.00023735 0.00017675 0.0001717 9.09e-05 8.08e-05 4.545e-05 3.535e-05 3.03e-05 9.09e-05 
0.0158065 0.0165489 0.0170943 0.0173973 0.0170943 0.0177407 0.0179124 0.0180841 0.0181598 0.0186093 0.0179629 0.0174225 0.0169882 0.0164933 0.0162055 0.0158772 0.0154126 0.0142713 0.0136451 0.0127967 0.0122008 0.0112918 0.0104889 0.0095546 0.0080396 0.0077063 0.00693365 0.00579235 0.0049086 0.0044238 0.00402485 0.0031007 0.0027472 0.00222705 0.0018685 0.00154025 0.0011312 0.00105545 0.0008484 0.0006161 0.00052015 0.00047975 0.0003535 0.0002828 0.0001818 0.00011615 9.595e-05 7.575e-05 6.06e-05 3.03e-05 0.00015655 
0.0138724 0.01464 0.0150793 0.0152409 0.0152308 0.0158065 0.0159883 0.0158772 0.0165236 0.0166145 0.0160843 0.0159883 0.0156954 0.0146854 0.0147561 0.0147208 0.0137916 0.0135391 0.0126856 0.0122614 0.0117312 0.0105495 0.00976165 0.0091102 0.00833755 0.0077164 0.00686295 0.0058681 0.00543885 0.00465105 0.0041309 0.00358045 0.00318655 0.0024745 0.0020503 0.00186345 0.00154025 0.0011817 0.0009595 0.00085345 0.0006666 0.0006262 0.0003939 0.0003333 0.0002727 0.00023735 0.00015655 7.575e-05 7.07e-05 7.07e-05 0.00019695 
0 0 0 0 0 0 0 0 0 0 0 0 0 0 0 0 0 0 0 0 0 0 0 0 0 0 0 0 0 0 0 0 0 0 0 0 0 0 0 0 0 0 0 0 0 0 0 0 0 0 0 
Per-collision Densities L:
2.2611 1.24971 0.688775 0.380275 0.211085 0.116529 0.0640946 0.035143 0.019594 0.0106959 0.0055651 0.00315625 0.0019594 0.00099485 0.00057065 0.00027775 0.00022725 9.09e-05 6.06e-05 4.04e-05 2.02e-05 2.02e-05 5.05e-06 0 5.05e-06 0 0 0 0 0 0 0 0 0 0 0 0 0 0 0 0 0 0 0 0 0 0 0 0 0 0 
0.488694 0.866429 0.810515 0.62969 0.449743 0.305217 0.197495 0.12677 0.0796335 0.048682 0.0293557 0.0180639 0.0110595 0.00622665 0.00380265 0.0023028 0.0012625 0.0007878 0.0005151 0.00029795 0.0001515 7.575e-05 5.555e-05 4.545e-05 0 2.02e-05 1.515e-05 1.01e-05 0 1.01e-05 0 0 0 0 0 0 0 0 0 0 0 0 0 0 0 0 0 0 0 0 0 
0.0809212 0.325008 0.492481 0.533942 0.485361 0.400672 0.308171 0.228386 0.162994 0.111151 0.0751339 0.0494092 0.0317039 0.0207505 0.0133472 0.00855975 0.00530755 0.0034643 0.0020604 0.0011817 0.0007373 0.0004545 0.00026765 0.00018685 0.00010605 8.08e-05 5.555e-05 4.545e-05 1.515e-05 5.05e-06 5.05e-06 1.515e-05 0 0 5.05e-06 1.01e-05 0 0 0 0 0 0 0 0 0 0 0 0 0 0 0 
0.0157964 0.094334 0.213373 0.313817 0.361757 0.362524 0.32526 0.277371 0.223685 0.171801 0.126997 0.0917636 0.0655692 0.0447077 0.0314211 0.0205586 0.0140643 0.0088981 0.0061812 0.0038178 0.00247955 0.00147965 0.00112615 0.00067165 0.00033835 0.0002323 0.00016665 0.00011615 8.08e-05 4.04e-05 3.03e-05 2.02e-05 1.01e-05 1.01e-05 0 5.05e-06 5.05e-06 1.01e-05 0 0 0 0 0 0 0 0 0 0 0 0 0 
0.00690335 0.0321988 0.0832695 0.150813 0.211302 0.254268 0.267544 0.258732 0.234254 0.199318 0.163322 0.13078 0.0990962 0.0739775 0.053929 0.0389305 0.0278407 0.0194577 0.013433 0.00944855 0.0060802 0.0042622 0.0025654 0.0017776 0.001212 0.00073225 0.00054035 0.0003535 0.00018685 0.0001414 4.545e-05 5.555e-05 8.08e-05 0 1.515e-05 5.05e-06 0 1.515e-05 0 5.05e-06 0 0 0 0 0 0 0 0 0 0 0 
0.00470155 0.0170438 0.037471 0.0704475 0.111585 0.153 0.182805 0.198672 0.20204 0.190279 0.171432 0.147783 0.122569 0.100071 0.07726 0.0594234 0.0439603 0.0338401 0.0240027 0.0172003 0.012524 0.00847895 0.0059287 0.0041612 0.0025149 0.001919 0.00128775 0.00093425 0.0005353 0.0004242 0.00026765 0.0001111 0.00010605 7.575e-05 5.555e-05 4.04e-05 5.05e-06 5.05e-06 1.01e-05 5.05e-06 5.05e-06 1.01e-05 0 1.01e-05 0 0 0 0 0 0 0 
0.00406525 0.0125139 0.0224725 0.0380518 0.0596658 0.0866277 0.114054 0.136481 0.151394 0.156429 0.152864 0.144147 0.127619 0.110403 0.0937432 0.0757955 0.0609939 0.0468842 0.0373549 0.0278154 0.0204172 0.0151046 0.0111403 0.0076255 0.00563075 0.00384305 0.00274215 0.00178265 0.0012726 0.0008383 0.00058075 0.00037875 0.00030805 0.00012625 0.00011615 6.565e-05 5.555e-05 1.515e-05 2.02e-05 5.05e-06 1.515e-05 1.515e-05 5.05e-06 5.05e-06 5.05e-06 5.05e-06 0 0 0 0 0 
0.00325725 0.0099283 0.0171852 0.0251137 0.0373902 0.0520605 0.070801 0.0878397 0.104681 0.115377 0.123452 0.123457 0.118296 0.11006 0.0967732 0.0843451 0.0714222 0.0592163 0.0489042 0.0379356 0.028982 0.0226695 0.0174528 0.0129482 0.0095849 0.006969 0.00496415 0.0035754 0.00259065 0.00173215 0.00114635 0.00090395 0.0005151 0.000404 0.000303 0.00017675 0.00013635 8.08e-05 5.05e-05 2.525e-05 2.02e-05 3.03e-05 0 1.515e-05 1.01e-05 0 1.01e-05 5.05e-06 0 1.01e-05 0 
0.0027169 0.0081608 0.0137916 0.0198162 0.0264166 0.0353096 0.0464903 0.0587719 0.0707707 0.0815474 0.0899203 0.0980862 0.099283 0.0979751 0.0927837 0.0840825 0.0750632 0.0658924 0.0547471 0.0467075 0.0384406 0.0302394 0.0238209 0.0182558 0.0142663 0.0107717 0.00842845 0.00590345 0.0045551 0.00310575 0.00220685 0.00164125 0.00116655 0.00086355 0.0004646 0.0004343 0.00030805 0.0001616 0.00015655 7.575e-05 6.06e-05 6.06e-05 5.05e-06 2.525e-05 1.01e-05 0 2.525e-05 0 0 5.05e-06 5.05e-06 
0.0024038 0.00685285 0.0114635 0.016463 0.0212504 0.0265933 0.0328907 0.0413292 0.0492577 0.0585396 0.065852 0.0728059 0.0787497 0.0800526 0.0802546 0.0764722 0.0710737 0.0665489 0.0578932 0.0511868 0.0433745 0.0377841 0.0294718 0.0244976 0.0190335 0.0154278 0.0116453 0.00929705 0.00686295 0.00517625 0.0038582 0.00281285 0.00196445 0.00155035 0.0009797 0.00074235 0.00052015 0.0003636 0.0002222 0.00019695 0.00018685 0.00010605 6.565e-05 4.04e-05 0 1.515e-05 1.515e-05 5.05e-06 0 1.01e-05 1.515e-05 
0.00213615 0.0058277 0.0098879 0.0140744 0.0182709 0.0218564 0.0251187 0.0309464 0.036961 0.0429402 0.0485861 0.0536512 0.0599738 0.0634482 0.0661348 0.0654884 0.0639229 0.0610444 0.0578175 0.0527321 0.0450309 0.0401425 0.0340017 0.0290022 0.0237805 0.0193112 0.0151955 0.0125442 0.0098677 0.00741845 0.0055954 0.0045046 0.0032623 0.00248965 0.0018483 0.00117665 0.0009393 0.00072215 0.00043935 0.00035855 0.0002222 0.0002323 0.0001414 9.595e-05 8.08e-05 5.555e-05 2.525e-05 0 2.525e-05 1.01e-05 2.02e-05 
0.00165135 0.0049591 0.0086961 0.0120695 0.0157964 0.0183265 0.0218817 0.0247602 0.0281386 0.0331179 0.0369357 0.0411474 0.0456369 0.0489446 0.0524998 0.054535 0.0544592 0.0537219 0.051914 0.0486315 0.0454399 0.0401021 0.0366933 0.0309616 0.0267398 0.0225432 0.0195839 0.0151652 0.0125897 0.00984245 0.0077972 0.00616605 0.0049995 0.00370165 0.0030199 0.00204525 0.00148975 0.001212 0.0008383 0.0006363 0.00053025 0.0003939 0.0002424 0.00019695 0.000101 9.595e-05 7.575e-05 2.525e-05 3.535e-05 1.515e-05 5.05e-05 
0.0013837 0.0043834 0.00734775 0.009898 0.0131805 0.0156197 0.0186244 0.0209373 0.0225988 0.0273407 0.0298405 0.0324665 0.0360469 0.0388194 0.0413999 0.0444804 0.0449905 0.0461621 0.0452228 0.0437431 0.0423392 0.0382285 0.0361176 0.0324867 0.028381 0.0251288 0.0215282 0.0178467 0.0153318 0.0126099 0.0103374 0.0080699 0.006565 0.00517625 0.00383295 0.0032118 0.0022523 0.00176245 0.00120695 0.0010403 0.0007171 0.0006161 0.0005454 0.0003737 0.00023735 0.00019695 0.0001414 5.555e-05 5.05e-05 2.02e-05 0.00010605 
0.00120695 0.00387335 0.0063529 0.0083729 0.0109282 0.0134128 0.0154177 0.0180033 0.0199677 0.022624 0.0243006 0.0261843 0.0296031 0.0313757 0.0334967 0.0352137 0.0369559 0.0384204 0.0390971 0.0386325 0.0371529 0.0352238 0.0339916 0.0312797 0.0282245 0.0258914 0.0230583 0.0199021 0.0173922 0.0141602 0.0124129 0.00992325 0.00797395 0.0068175 0.0052621 0.00436825 0.0033027 0.0025452 0.0018988 0.0015352 0.00115645 0.000808 0.00070195 0.0005656 0.00038885 0.0003333 0.00022725 0.0001616 9.09e-05 4.04e-05 0.00020705 
0.00107565 0.0034239 0.0053328 0.00758005 0.00945865 0.0114938 0.0131401 0.01515 0.0174326 0.0190688 0.0209525 0.022725 0.0241441 0.0256086 0.0277296 0.0281639 0.0305374 0.0323402 0.0329614 0.0326634 0.0326129 0.0318655 0.0311686 0.0290173 0.0274013 0.0246137 0.0233462 0.0203465 0.017978 0.0162307 0.0131048 0.0114837 0.0095142 0.0080093 0.00668115 0.00539845 0.004444 0.00338855 0.0028179 0.00228765 0.0016665 0.00126755 0.00100495 0.0007676 0.0006262 0.0004343 0.00033835 0.0002525 0.00022725 0.0001212 0.00034845 
0.00095445 0.0029795 0.00468135 0.0065549 0.0082517 0.00999395 0.011413 0.0133623 0.0148773 0.0159277 0.0183467 0.0195385 0.020599 0.0226038 0.0232603 0.0244824 0.0251187 0.0262095 0.027871 0.0275983 0.0289466 0.0281942 0.0276387 0.0262802 0.0254369 0.0237603 0.0223412 0.0200788 0.0182558 0.0165893 0.0144935 0.0124483 0.0107515 0.009292 0.00754975 0.0064236 0.0052318 0.00447935 0.00361075 0.0027876 0.002222 0.00190385 0.0014039 0.00113625 0.0008383 0.00077265 0.00043935 0.00046965 0.00028785 0.00019695 0.0006464 
0.0008181 0.00239875 0.00419655 0.00569135 0.0073124 0.0087567 0.0103273 0.0115544 0.0131856 0.0142663 0.0158419 0.0168468 0.0182507 0.0190183 0.0197506 0.0210787 0.0214474 0.0225281 0.0231543 0.0233916 0.0249571 0.0245026 0.0243612 0.0235684 0.0231139 0.0220988 0.0209171 0.0194577 0.0178467 0.016155 0.0149076 0.0134179 0.0116201 0.0102616 0.00850925 0.00731745 0.00629735 0.0051813 0.0042016 0.00360065 0.00284315 0.00226745 0.00196445 0.0014039 0.0011918 0.00101505 0.00069185 0.0005757 0.0004444 0.00038885 0.00097465 
0.0007878 0.00224725 0.0036057 0.00504495 0.0066054 0.0077063 0.00886275 0.0103273 0.0110999 0.0123422 0.0137865 0.0147965 0.0160136 0.0167307 0.0178013 0.018281 0.0183214 0.0191244 0.0201192 0.0203465 0.0204677 0.0209979 0.0211848 0.0208515 0.020806 0.0201647 0.0190789 0.0186042 0.016963 0.0159984 0.0147258 0.0135593 0.0120039 0.0105747 0.00938795 0.0079992 0.00703465 0.0058176 0.00502475 0.00421675 0.0034845 0.00274215 0.00243915 0.00190385 0.00153015 0.00122715 0.0009797 0.0007777 0.0005454 0.00046965 0.0016766 
0.00072215 0.0018887 0.00326735 0.00445915 0.00581255 0.0065549 0.00781235 0.008989 0.0100041 0.0107565 0.0120847 0.0129381 0.0140946 0.0142814 0.0156096 0.0159075 0.0172407 0.0165337 0.0170488 0.0174478 0.0178467 0.0185285 0.0186497 0.0176801 0.0184022 0.0183315 0.0172963 0.0168973 0.0164176 0.0153874 0.014241 0.0133472 0.0120847 0.0108979 0.00951925 0.00868095 0.00738815 0.0063731 0.00560045 0.0050096 0.0039592 0.00351985 0.0028684 0.00219675 0.0018988 0.00159075 0.0012928 0.0009797 0.00079285 0.00066155 0.0023634 
0 0 0 0 0 0 0 0 0 0 0 0 0 0 0 0 0 0 0 0 0 0 0 0 0 0 0 0 0 0 0 0 0 0 0 0 0 0 0 0 0 0 0 0 0 0 0 0 0 0 0 
