Half rod, albedo problem, Anisotropic scattering, exponential random flight, mu_t: 1 g: 0.1
Analogmu_t c: 0.95 maxx: 10 dx: 0.19802 numsamples: 1000000 numCollisionOrders: 20 numMoments: 10
total albedo: 0.619074
per-collision order albedos: 
0 0.213826 0.111717 0.06763 0.045815 0.033048 0.024567 0.019148 0.015231 0.012218 0.009954 0.008374 0.007064 0.006023 0.004958 0.004285 0.003835 0.003386 0.002781 0.002546 
Collision density L:
0.606091 0.582487 0.556914 0.532588 0.511807 0.491506 0.469271 0.450844 0.428891 0.416751 0.397132 0.381305 0.364893 0.353046 0.336184 0.320003 0.308909 0.296082 0.284507 0.270034 0.260903 0.248879 0.238633 0.229204 0.219806 0.210691 0.203278 0.194799 0.185739 0.177558 0.171453 0.165691 0.157661 0.151965 0.14492 0.139178 0.133371 0.128937 0.121942 0.11666 0.111539 0.107868 0.102379 0.100551 0.0952834 0.0909859 0.0873448 0.0835119 0.0809111 0.0766035 1.78307 
Collision density R:
0.980134 0.939416 0.900354 0.859914 0.827781 0.793335 0.763767 0.728008 0.696925 0.668559 0.642759 0.615822 0.587426 0.569478 0.542486 0.520655 0.499238 0.476558 0.456884 0.439284 0.419433 0.405177 0.385068 0.373761 0.354424 0.339905 0.32723 0.312282 0.300041 0.288804 0.277285 0.264115 0.254101 0.245965 0.234689 0.224356 0.214403 0.207333 0.198733 0.190153 0.182648 0.173346 0.167766 0.160777 0.153187 0.146379 0.140627 0.136002 0.12983 0.123675 2.88606 
Density Moments:
7.60533 35.7161 334.711 4689.2 87204.6 2.01514e+06 5.54503e+07 1.76305e+09 6.32852e+10 2.51473e+12 
Per-collision Density Moments:
1 1.00014 1.99997 6.00029 24.013 120.205 723.183 5093.41 41250.9 379114 
0.736039 1.2576 3.55994 13.8256 67.9271 402.678 2790 22064 195329 1.903e+06 
0.58743 1.33728 4.72325 21.9487 125.315 845.522 6573.83 57848.5 568070 6.14852e+06 
0.490271 1.35245 5.59688 29.8003 191.682 1438.16 12312.6 118508 1.2684e+06 1.49629e+07 
0.419882 1.33863 6.26769 37.2461 264.664 2174.72 20216.7 209290 2.38304e+06 2.95348e+07 
0.365996 1.30922 6.78026 44.2212 343.328 3077.45 31255.5 355233 4.47651e+06 6.20334e+07 
0.3233 1.27209 7.16789 50.5346 421.929 4048.1 43803 527906 7.0208e+06 1.02214e+08 
0.288154 1.23075 7.462 56.2903 500.431 5087 58001.5 731896 1.01149e+07 1.51702e+08 
0.258527 1.18498 7.65383 61.2772 576.424 6181.39 74103.2 979716 1.4147e+07 2.21568e+08 
0.233291 1.13898 7.78992 65.7976 651.049 7323.39 91821.8 1.26529e+06 1.89597e+07 3.06396e+08 
0.211696 1.09368 7.87202 69.7569 722.203 8478 110636 1.58221e+06 2.45232e+07 4.08189e+08 
0.192633 1.04778 7.89815 73.0599 787.393 9596.57 129695 1.91641e+06 3.0627e+07 5.24664e+08 
0.175883 1.00254 7.88519 75.9463 851.26 10786.4 151627 2.33356e+06 3.89278e+07 6.98151e+08 
0.161037 0.958916 7.8507 78.5291 912.727 11976.7 174059 2.7624e+06 4.73373e+07 8.67534e+08 
0.147919 0.91615 7.79009 80.7613 970.806 13148.1 196848 3.21269e+06 5.65261e+07 1.06207e+09 
0.135983 0.874241 7.69524 82.4609 1023.76 14318.3 221508 3.74134e+06 6.83079e+07 1.33722e+09 
0.125378 0.835015 7.59062 83.893 1073.32 15457.5 245965 4.26556e+06 7.97434e+07 1.59243e+09 
0.115621 0.795658 7.44728 84.6692 1113.62 16476 269098 4.78441e+06 9.15612e+07 1.86829e+09 
0.107045 0.759655 7.32204 85.5872 1155.09 17495.4 291810 5.28587e+06 1.02857e+08 2.13075e+09 
0 0 0 0 0 0 0 0 0 0 
Per-collision Densities L:
0 0 0 0 0 0 0 0 0 0 0 0 0 0 0 0 0 0 0 0 0 0 0 0 0 0 0 0 0 0 0 0 0 0 0 0 0 0 0 0 0 0 0 0 0 0 0 0 0 0 0 
0.193036 0.159939 0.130916 0.10755 0.0893901 0.0719575 0.0597112 0.0491163 0.038986 0.0328856 0.0266691 0.0214322 0.017776 0.0151349 0.0123321 0.00998385 0.00820625 0.00687305 0.00553985 0.0043632 0.00367135 0.00309565 0.00253005 0.0020402 0.0017877 0.0013635 0.001111 0.0008181 0.0008282 0.00064135 0.0004848 0.00040905 0.0003838 0.00023735 0.0002323 0.00018685 0.0001313 0.00017675 0.000101 6.565e-05 0.000101 6.565e-05 5.05e-05 2.525e-05 3.03e-05 2.02e-05 2.525e-05 1.01e-05 1.01e-05 0 5.05e-05 
0.111196 0.107454 0.102045 0.0936927 0.0862237 0.0790931 0.070498 0.0619837 0.0549743 0.0491567 0.0428998 0.037466 0.0321736 0.0290072 0.0252904 0.0212454 0.0183164 0.015347 0.013635 0.0111252 0.0097364 0.0082921 0.00675185 0.0059994 0.0049086 0.00439855 0.00372185 0.003232 0.0026159 0.002222 0.00183315 0.0016564 0.00128775 0.0012019 0.0008989 0.0008282 0.00068175 0.00073225 0.000505 0.0003535 0.00031815 0.000303 0.0001717 0.0002929 0.0001414 0.00016665 0.00012625 0.000101 5.555e-05 4.545e-05 0.0003535 
0.0690891 0.0691699 0.0689376 0.0677003 0.0663671 0.0635189 0.0590547 0.0554894 0.0515706 0.0489093 0.0449147 0.0407232 0.0368145 0.0345875 0.0303152 0.0265277 0.0238966 0.0217908 0.0184426 0.0168872 0.0150642 0.0130391 0.0111353 0.00991315 0.0088678 0.00781235 0.00696395 0.00617615 0.00512575 0.004545 0.0040198 0.00318655 0.00307545 0.00266135 0.00198465 0.0020503 0.00162105 0.00146955 0.00108575 0.00109585 0.000808 0.00077265 0.000606 0.00055045 0.0005252 0.00037875 0.00034845 0.0002929 0.00024745 0.0001616 0.00101505 
0.0468792 0.0485659 0.0491214 0.0491466 0.0491971 0.0484346 0.0458389 0.0458389 0.0438946 0.0418039 0.0397435 0.0372034 0.0356429 0.0323099 0.0302344 0.0278154 0.0253813 0.023225 0.0217453 0.0193314 0.0180386 0.016463 0.0147208 0.0129482 0.0118574 0.0105646 0.0095647 0.00845875 0.00724675 0.00652965 0.00598425 0.0052419 0.00446925 0.0042824 0.00347945 0.0027876 0.0026462 0.00242905 0.0021008 0.00171195 0.00159075 0.0013534 0.0011312 0.00106555 0.00090395 0.000808 0.0007575 0.0005252 0.0004949 0.00043935 0.00245935 
0.0342895 0.0345723 0.036057 0.0368549 0.0369054 0.0371024 0.0367691 0.0363651 0.0355419 0.0351177 0.033729 0.0317696 0.0310171 0.0297041 0.0283457 0.0261641 0.024341 0.0232452 0.0224069 0.0204525 0.0186194 0.0175538 0.0154631 0.0140491 0.0130795 0.0120897 0.0108929 0.0100596 0.00937785 0.007979 0.0073124 0.0065549 0.0060398 0.00540855 0.0050904 0.00470155 0.0036663 0.00350975 0.00292395 0.0026967 0.0023634 0.0021513 0.0019493 0.001515 0.00147965 0.00128775 0.0010504 0.00084335 0.0009797 0.0007171 0.00496415 
0.0252753 0.0270983 0.02727 0.0280932 0.028987 0.0297344 0.0294011 0.0297496 0.0285931 0.0297546 0.0279619 0.0275124 0.026659 0.0261035 0.0236088 0.0242249 0.0231745 0.0217756 0.0210686 0.0192203 0.0179124 0.0168822 0.0158217 0.0151854 0.0139835 0.0126402 0.0115544 0.0108727 0.0103828 0.00921625 0.00861025 0.00826685 0.0070599 0.0062923 0.00567115 0.0053126 0.0047975 0.0042319 0.0040198 0.00351985 0.0032825 0.00285325 0.0024644 0.00238865 0.00188365 0.00186345 0.00158065 0.00149985 0.00126755 0.00111605 0.0084335 
0.0198415 0.0214474 0.0212858 0.0225685 0.022725 0.0234573 0.0239825 0.0235583 0.0240835 0.0238966 0.023533 0.0239017 0.0230028 0.0220887 0.021614 0.0213363 0.0203364 0.0196243 0.0188214 0.0174579 0.0168266 0.0156904 0.0152409 0.0149379 0.0134431 0.0128775 0.0120089 0.0111353 0.0106858 0.0094233 0.0090193 0.00832745 0.00763055 0.00722655 0.00658015 0.0059691 0.0057873 0.00501465 0.00439855 0.0040905 0.0037269 0.0035552 0.0029795 0.0027876 0.0024341 0.0022321 0.0021917 0.00166145 0.0016968 0.0014544 0.012014 
0.0156954 0.0163822 0.0175033 0.0181649 0.0179275 0.0191951 0.0193617 0.0200283 0.0197556 0.0198718 0.0196243 0.0199172 0.0196647 0.0195839 0.0195082 0.0182154 0.0189325 0.0174781 0.0165943 0.016362 0.0160994 0.0150137 0.0143521 0.0137259 0.0127917 0.0123372 0.0120645 0.0111454 0.0103475 0.00951925 0.00940815 0.00889305 0.00800425 0.0077669 0.00680235 0.0062519 0.0058075 0.0056257 0.0052621 0.00493385 0.0043632 0.00370165 0.003535 0.00344915 0.0028785 0.00277245 0.0024846 0.0022725 0.0021917 0.00179275 0.0166549 
0.0123927 0.0135492 0.0142865 0.0146854 0.0150238 0.0157055 0.0163166 0.0167105 0.0159479 0.0166852 0.0166145 0.0171801 0.016867 0.01666 0.0162509 0.0163267 0.0159681 0.0155591 0.0152712 0.0147662 0.014236 0.0134936 0.013332 0.0121857 0.0121958 0.0114433 0.0109838 0.0109131 0.0101 0.00950915 0.00890315 0.00897385 0.00784265 0.00749925 0.00684275 0.00629735 0.0062923 0.0058479 0.0055348 0.0048985 0.0046359 0.00423695 0.0037471 0.0035451 0.003333 0.00302495 0.0029997 0.0026159 0.00226745 0.002323 0.0211191 
0.0102263 0.0109131 0.0113322 0.0118877 0.0127917 0.0130341 0.0136754 0.0138471 0.0140087 0.0138825 0.0144885 0.0144784 0.0145945 0.0145238 0.0141198 0.0139431 0.0138168 0.0134128 0.0133573 0.0131048 0.0128472 0.0123473 0.0122008 0.0117514 0.0114484 0.0105545 0.010403 0.0104636 0.00946875 0.00902435 0.0086961 0.0082618 0.0080295 0.00779215 0.0069892 0.00665085 0.0062721 0.0059994 0.0053732 0.0052116 0.00461065 0.00462075 0.00432785 0.00370165 0.0035653 0.00333805 0.0029593 0.0028684 0.00271185 0.0024341 0.0253965 
0.0084133 0.00904455 0.00987275 0.010302 0.0103727 0.011009 0.0113878 0.0115948 0.0117766 0.0118726 0.0121604 0.0124483 0.0123523 0.0125291 0.0129836 0.0119988 0.0121806 0.0122564 0.0116049 0.0117716 0.0115746 0.011413 0.0112009 0.0107515 0.0103525 0.0100546 0.00970105 0.00893345 0.0088577 0.00870115 0.0081608 0.00798405 0.0070498 0.00714575 0.0069993 0.0065044 0.0059287 0.00602465 0.0054338 0.0050702 0.00468135 0.0046056 0.0042622 0.003838 0.0038178 0.0033936 0.00334815 0.0031512 0.00292395 0.00261085 0.0294617 
0.00729725 0.0076053 0.0080497 0.00860015 0.00909 0.0092718 0.00953945 0.0096051 0.0099788 0.0102061 0.0108373 0.0103323 0.0109737 0.0112161 0.0108323 0.0111605 0.0107969 0.0107818 0.0104283 0.0103828 0.010605 0.0102566 0.0101152 0.00930715 0.0092617 0.00939805 0.0083224 0.0084335 0.0081305 0.00816585 0.00766085 0.00769115 0.007272 0.00674175 0.0067872 0.0061206 0.00589335 0.0057267 0.00545905 0.00505505 0.0047874 0.00441875 0.0043026 0.00459045 0.00406525 0.00354005 0.00335825 0.00314615 0.0028179 0.00271185 0.0335472 
0.00613575 0.0068074 0.0067872 0.0074538 0.00790325 0.0076457 0.0081608 0.0085446 0.0088375 0.00894355 0.0089991 0.00943845 0.0094031 0.00997375 0.0096152 0.00925665 0.00929705 0.00896375 0.0095344 0.0093324 0.00896375 0.0088981 0.00900415 0.008787 0.0081406 0.00841835 0.0078881 0.0077568 0.0077972 0.0073831 0.00736795 0.00670135 0.0071104 0.00634785 0.006363 0.00594385 0.00596405 0.0054439 0.0052924 0.00507525 0.00489345 0.00442885 0.0038784 0.0041915 0.00359055 0.00359055 0.00362085 0.00334815 0.00279265 0.00277245 0.0363398 
0.00536815 0.005555 0.00603475 0.0063428 0.0068882 0.00712555 0.00740835 0.00737805 0.00747905 0.0078881 0.0076962 0.00828705 0.00856985 0.00828705 0.00829715 0.00815575 0.00865065 0.0083527 0.007777 0.00805475 0.0082921 0.0079386 0.0082214 0.00759015 0.0078578 0.0077669 0.00739825 0.0072619 0.00705485 0.0067569 0.00679225 0.00642865 0.00633775 0.00612565 0.0057772 0.00585295 0.00538835 0.0050803 0.0049389 0.0046157 0.0042117 0.00436825 0.00431775 0.003939 0.00384305 0.00339865 0.00327745 0.0030603 0.00315625 0.0030401 0.0391022 
0.00459045 0.0049187 0.0055247 0.0055348 0.00546915 0.0059388 0.0061913 0.0067973 0.0067165 0.00702455 0.0068781 0.0070801 0.0071003 0.00684275 0.0072417 0.0069084 0.00725685 0.00742855 0.0074235 0.0073427 0.00709525 0.0076558 0.00710535 0.00708515 0.00709525 0.00693365 0.006868 0.00630745 0.00618625 0.0065549 0.0061711 0.00575195 0.00597415 0.00545905 0.0056055 0.00552975 0.005252 0.00486315 0.0045753 0.00465105 0.00449955 0.00434805 0.0041713 0.00400465 0.00381275 0.0035047 0.00336835 0.0031411 0.00320675 0.00281285 0.0411828 
0.00391375 0.00441875 0.0047066 0.0046864 0.0047369 0.00531765 0.0055348 0.0056459 0.0057974 0.00606505 0.00610545 0.0061509 0.00633775 0.0060499 0.00648925 0.00646905 0.0066256 0.0067973 0.0065549 0.006363 0.0066054 0.0061913 0.0064842 0.00655995 0.0063529 0.0064337 0.00624685 0.0060802 0.00585295 0.00564085 0.00568125 0.00569135 0.0054641 0.0054641 0.00477225 0.00515605 0.00504495 0.00471165 0.00448945 0.00426725 0.0041814 0.00398445 0.00377235 0.0040602 0.00349965 0.0035653 0.00320675 0.00307545 0.00277245 0.00275225 0.0429806 
0.0033128 0.00388345 0.0037673 0.0039996 0.0038582 0.0045248 0.0045955 0.00475205 0.0050702 0.0051308 0.00561055 0.00556005 0.00550955 0.0055954 0.00579235 0.00576205 0.00561055 0.0057772 0.00624685 0.0057772 0.0059489 0.00577215 0.0059489 0.00585295 0.0058883 0.0057166 0.005454 0.0055651 0.00567115 0.0053732 0.00534795 0.00510555 0.00495405 0.0048379 0.0050197 0.0046864 0.00447935 0.00436825 0.00424705 0.00408545 0.0038986 0.0038077 0.00346935 0.00390365 0.0034441 0.0033027 0.0030906 0.0030401 0.00283305 0.0026765 0.0445107 
0.00289365 0.00326735 0.003232 0.003636 0.0035653 0.0040804 0.0043329 0.004242 0.00464095 0.0048884 0.0048783 0.00516615 0.00484295 0.00489345 0.00485305 0.00526715 0.0050904 0.00542875 0.00527725 0.0051106 0.00519645 0.0052318 0.00518635 0.0050298 0.0052217 0.00484295 0.0051308 0.0051813 0.00495405 0.004949 0.0050197 0.0047268 0.0044945 0.0046157 0.00433795 0.00445915 0.0042117 0.00434805 0.00405515 0.003838 0.00371175 0.00361075 0.00346935 0.00328755 0.0031007 0.00298455 0.0032017 0.0027169 0.00280275 0.00266135 0.0450662 
0 0 0 0 0 0 0 0 0 0 0 0 0 0 0 0 0 0 0 0 0 0 0 0 0 0 0 0 0 0 0 0 0 0 0 0 0 0 0 0 0 0 0 0 0 0 0 0 0 0 0 
Per-collision Densities L:
0.906465 0.744092 0.609277 0.499359 0.411934 0.33931 0.278735 0.22575 0.186007 0.152833 0.124584 0.103384 0.0836078 0.068983 0.0562217 0.0464297 0.0384911 0.0315171 0.0257853 0.0212757 0.0172306 0.014135 0.0111454 0.00974145 0.0078982 0.00640845 0.00528735 0.0042319 0.0036461 0.00303 0.00238865 0.00195435 0.0015352 0.0012827 0.00105545 0.00082315 0.00075245 0.00066155 0.0005353 0.0004545 0.0002929 0.0002222 0.00022725 0.00017675 0.0001414 0.00016665 9.09e-05 5.05e-05 6.565e-05 7.575e-05 0.0002525 
0.0462833 0.114484 0.157772 0.178619 0.189688 0.189521 0.186027 0.175508 0.162686 0.149727 0.137269 0.121862 0.108479 0.0965762 0.0843047 0.0753006 0.0644633 0.0570145 0.0483891 0.041809 0.036456 0.0306384 0.0268913 0.0230735 0.0197708 0.0164883 0.0147056 0.0123574 0.0105242 0.0091809 0.00761035 0.0062418 0.005454 0.00491365 0.00382285 0.0033835 0.002828 0.0023331 0.0019291 0.001616 0.00130795 0.0012322 0.00098475 0.000707 0.0006868 0.0005555 0.00057065 0.0004242 0.00038885 0.0001818 0.0014746 
0.0095041 0.0289719 0.0481972 0.0640037 0.0783104 0.0869358 0.0947027 0.0987982 0.0998739 0.099788 0.0974802 0.0938846 0.0889255 0.0845724 0.0788709 0.0730584 0.0666095 0.0615292 0.0553834 0.049889 0.0443441 0.0408495 0.0358954 0.0324816 0.0282295 0.0251541 0.0224877 0.0201495 0.0171498 0.0152561 0.0135189 0.0116201 0.00999395 0.0090092 0.0077265 0.00671145 0.00577215 0.00508535 0.00425715 0.0035653 0.0029593 0.00277245 0.0022422 0.001919 0.0018079 0.0014746 0.00108575 0.00105545 0.0010504 0.0006969 0.00415615 
0.0049793 0.0138976 0.0239471 0.0317393 0.0409454 0.0473387 0.052414 0.0581356 0.060802 0.0627008 0.0656096 0.0644279 0.0646097 0.0643168 0.0612313 0.0597668 0.0571913 0.0532977 0.0512828 0.0475205 0.0435209 0.0417989 0.0379205 0.0342239 0.0308555 0.0292244 0.0263156 0.0240279 0.0213009 0.0199728 0.0173215 0.0153066 0.0142915 0.0127866 0.0110141 0.00974145 0.0083022 0.0078477 0.00683265 0.0059792 0.0052621 0.0043632 0.00400465 0.0037168 0.00294415 0.0026361 0.002424 0.00215635 0.00159075 0.0015958 0.0091304 
0.0029795 0.00871125 0.0138421 0.0196344 0.0247349 0.0292496 0.0329917 0.0374559 0.0400263 0.0421776 0.0446925 0.0462176 0.0459348 0.0475963 0.0468943 0.0469701 0.0457025 0.0430462 0.0423241 0.0415716 0.0394708 0.0377993 0.0343299 0.0330321 0.0310979 0.0280326 0.0273357 0.025048 0.0227452 0.021407 0.0189678 0.0180033 0.0163671 0.0150844 0.0133118 0.0117009 0.0109535 0.0100344 0.00921625 0.0082012 0.00748915 0.00594385 0.00543885 0.00529745 0.00436825 0.0039794 0.00352995 0.00290375 0.002727 0.0026765 0.0167509 
0.0019594 0.00592365 0.009797 0.0131704 0.0165186 0.020195 0.0235886 0.025957 0.0283507 0.029992 0.0318958 0.033426 0.0344663 0.0363095 0.0357237 0.0360318 0.03585 0.0352844 0.0350319 0.0331482 0.0334361 0.0326079 0.0313353 0.030093 0.0281841 0.0266034 0.0250632 0.0236744 0.0222554 0.0211898 0.0197556 0.0181093 0.0167509 0.0162863 0.0146905 0.0136249 0.0118322 0.0113777 0.010403 0.0093526 0.00844865 0.0080093 0.0067771 0.006363 0.0053429 0.00515605 0.0045248 0.00425715 0.00392385 0.00330775 0.0258055 
0.00145945 0.0042723 0.00726695 0.00957985 0.0117817 0.0144279 0.0167862 0.0186244 0.020599 0.0220534 0.024033 0.02575 0.0268054 0.027573 0.0280528 0.0284063 0.0286537 0.0288002 0.0283305 0.0284315 0.0274973 0.0272902 0.0264772 0.0265378 0.0251844 0.0237552 0.0230331 0.0216039 0.0207858 0.0195536 0.0188365 0.017367 0.0167963 0.0158772 0.0147662 0.0137057 0.0127159 0.0116706 0.0111151 0.0103121 0.00907485 0.0085951 0.00778205 0.00719625 0.00683265 0.00591355 0.00545905 0.0045147 0.0047571 0.0042117 0.0356278 
0.00111605 0.0030805 0.00525705 0.0074235 0.00875165 0.0108171 0.0124584 0.0140188 0.0158318 0.0177053 0.0183265 0.0196294 0.0206646 0.0215433 0.0224372 0.0227654 0.0236037 0.0233058 0.0236694 0.0238259 0.0234169 0.0229472 0.0231593 0.0220786 0.0218413 0.0212504 0.0202556 0.019594 0.018781 0.0181497 0.0180386 0.016559 0.0153773 0.0156702 0.0146753 0.0132462 0.0129331 0.0115797 0.0112211 0.0100798 0.0096758 0.00894355 0.00829715 0.0078376 0.0071205 0.0064842 0.006363 0.0059186 0.0052015 0.0045753 0.0460661 
0.00088375 0.00233815 0.00377235 0.00567115 0.00730735 0.00822645 0.0101303 0.0111252 0.0122412 0.0135542 0.0144178 0.0163368 0.0164327 0.0177205 0.0178114 0.0187153 0.0191042 0.0191345 0.0190032 0.0196344 0.0194324 0.0191799 0.0191749 0.0193971 0.0190436 0.0177457 0.017771 0.0171902 0.0168569 0.0165186 0.0159378 0.0154227 0.0143723 0.0142562 0.0137764 0.0129078 0.0120443 0.0115039 0.0108727 0.0102717 0.0093829 0.00932735 0.008585 0.00801435 0.0075649 0.0068781 0.00618625 0.0061105 0.0054237 0.00486315 0.0539744 
0.00066155 0.0019796 0.00316635 0.00463085 0.0054035 0.00688315 0.0082416 0.00903445 0.0104182 0.0106202 0.0114736 0.0123321 0.0132007 0.0141602 0.0150288 0.0149834 0.0158722 0.0159176 0.016458 0.0168771 0.0165186 0.0166398 0.0166448 0.0167357 0.0161701 0.0162156 0.0160691 0.0154631 0.0147511 0.0146753 0.0143723 0.0134633 0.0132866 0.013024 0.012317 0.0122311 0.0115292 0.011004 0.0104737 0.0102566 0.00973135 0.0088375 0.00835775 0.00806485 0.00782245 0.0069589 0.00623675 0.00648925 0.0055954 0.00527725 0.0616252 
0.00058075 0.0017069 0.0024745 0.00348955 0.00464095 0.0057873 0.00648925 0.00780225 0.0083022 0.0088678 0.00969095 0.0101909 0.0112312 0.0117968 0.0117867 0.0124382 0.0132411 0.0136704 0.0136754 0.0140643 0.0139885 0.0146299 0.0141653 0.0146551 0.0143774 0.0138623 0.0137512 0.0132664 0.0131553 0.0130795 0.0131957 0.0126705 0.0124483 0.0116302 0.0115039 0.0108828 0.0104283 0.0101101 0.0097263 0.00957985 0.00931725 0.0085648 0.0080093 0.00792345 0.0075144 0.0069791 0.0064236 0.0063125 0.0058075 0.0053126 0.0681094 
0.0005151 0.0012019 0.0020402 0.00290375 0.0035653 0.00466115 0.005454 0.0059792 0.0067872 0.0075245 0.0078881 0.00870115 0.00915565 0.009999 0.0104838 0.0105899 0.0108575 0.0114383 0.0117413 0.0116403 0.0117312 0.0118726 0.0125392 0.0128068 0.0120493 0.0121453 0.012115 0.0122968 0.0121655 0.0117211 0.0118473 0.0113322 0.0114686 0.0104586 0.0105798 0.0105091 0.00984245 0.00948895 0.0092819 0.0088476 0.0086961 0.00794365 0.00786285 0.0072922 0.0069488 0.0067266 0.00662055 0.0059186 0.0056358 0.0057065 0.0733513 
0.00029795 0.0011312 0.00156045 0.00234825 0.0030603 0.00408545 0.00450965 0.00469145 0.00542875 0.0064337 0.0067367 0.006969 0.0077063 0.0082517 0.0090799 0.0095142 0.00923645 0.00950915 0.0098071 0.0101505 0.010499 0.010499 0.0100798 0.0107313 0.0106353 0.0105697 0.0109181 0.0107363 0.0110191 0.0103525 0.0102869 0.0103778 0.0100041 0.0095849 0.0100798 0.00965055 0.00924655 0.0086254 0.008585 0.00818605 0.0080699 0.0073932 0.00743865 0.0068983 0.006565 0.00634785 0.00604485 0.00579235 0.005656 0.00518635 0.0769671 
0.00026765 0.00101 0.00125745 0.00205535 0.0023836 0.0030805 0.0039087 0.00403495 0.00448945 0.0052823 0.005757 0.0060398 0.0065044 0.00677205 0.0076861 0.00739825 0.00816585 0.0086153 0.0080194 0.00875165 0.0089688 0.00913545 0.00943845 0.0096253 0.0091708 0.00966065 0.00980205 0.0097364 0.00929705 0.00905465 0.00925665 0.0091607 0.00878195 0.0087769 0.0083426 0.00863045 0.00856985 0.00817595 0.00805475 0.007979 0.0071306 0.0069387 0.00735785 0.00664075 0.00648925 0.0062317 0.00615595 0.00579235 0.0052217 0.0050904 0.0799617 
0.00027775 0.0009191 0.00129785 0.00184325 0.00224725 0.00264115 0.0032017 0.0036158 0.00411575 0.0044743 0.00482275 0.0052419 0.00504495 0.00580245 0.00642865 0.0063529 0.00672155 0.0071811 0.0074134 0.0073023 0.00777195 0.0076356 0.00796385 0.0083729 0.00813555 0.0088173 0.00814565 0.00822645 0.00845875 0.0082719 0.00805475 0.00809515 0.00793355 0.0077366 0.00796385 0.00761035 0.0074538 0.00783255 0.00731745 0.0072417 0.00677205 0.00692355 0.00665085 0.0061105 0.00600445 0.0058075 0.0057772 0.0056358 0.00542875 0.00507525 0.0820322 
0.00027775 0.0008282 0.0009797 0.00159075 0.0019796 0.0021917 0.00286335 0.00311585 0.00348955 0.003838 0.00409555 0.00455005 0.0049288 0.0050298 0.0056055 0.00532775 0.00587315 0.0062418 0.00638825 0.0065549 0.00679225 0.00707 0.00675185 0.00695385 0.00722655 0.00764065 0.00742855 0.0075043 0.00704475 0.0072417 0.0073326 0.0072013 0.00698415 0.00733765 0.00699425 0.0068175 0.00670135 0.0068579 0.0067064 0.006262 0.0066458 0.0062822 0.00608525 0.0059085 0.0055449 0.00542875 0.005151 0.0051813 0.0049995 0.00484295 0.0830624 
0.0001616 0.0005656 0.0009393 0.00140895 0.001616 0.00204525 0.00230785 0.0026159 0.0029492 0.00327745 0.0035754 0.0040703 0.0043935 0.0044945 0.0045854 0.00471165 0.00499445 0.0054439 0.00556005 0.0058378 0.0057368 0.0059085 0.00604485 0.0063933 0.00627715 0.00638825 0.0063428 0.00629735 0.00653975 0.0067468 0.00659025 0.0066761 0.00654985 0.0065549 0.00613575 0.0063024 0.00606 0.006464 0.00593375 0.0058984 0.0057671 0.0057469 0.00547925 0.00565095 0.00524695 0.00519645 0.00514595 0.0045248 0.00477225 0.00451975 0.0839058 
0.00013635 0.00044945 0.00075245 0.0011918 0.00149985 0.00158065 0.0019493 0.0024644 0.00273205 0.0031512 0.0034037 0.00343905 0.00386325 0.00381275 0.0038481 0.00424705 0.00441875 0.00464095 0.0048278 0.005151 0.0052015 0.0054439 0.0052318 0.0051106 0.0057166 0.0056257 0.0059186 0.00565095 0.00591355 0.00595395 0.0057469 0.0057469 0.00611555 0.0059893 0.0054641 0.00596405 0.00565095 0.0057873 0.0053934 0.0053833 0.00518635 0.00525705 0.00507525 0.0047672 0.00495405 0.0046763 0.0046258 0.00462075 0.0043228 0.00433795 0.0830574 
0.0001212 0.00054035 0.00073225 0.0010605 0.0010807 0.0014342 0.0018483 0.00212605 0.00209575 0.002626 0.0026159 0.0030704 0.0031209 0.0032219 0.00380265 0.0036562 0.00405515 0.00403495 0.00418645 0.0044238 0.00453995 0.00474195 0.004747 0.0048884 0.0051106 0.0051611 0.00516615 0.00494395 0.0051409 0.0054439 0.00550955 0.00557015 0.0052318 0.0052924 0.00522675 0.0052823 0.00530755 0.00502475 0.00500455 0.00479245 0.00485305 0.00466115 0.0047571 0.0046864 0.0044036 0.00436825 0.0045955 0.0041511 0.0039996 0.0041006 0.0827897 
0 0 0 0 0 0 0 0 0 0 0 0 0 0 0 0 0 0 0 0 0 0 0 0 0 0 0 0 0 0 0 0 0 0 0 0 0 0 0 0 0 0 0 0 0 0 0 0 0 0 0 
