Half rod, albedo problem, Anisotropic scattering, exponential random flight, mu_t: 1 g: 0.7
Analogmu_t c: 0.7 maxx: 10 dx: 0.1 numsamples: 10000000 numCollisionOrders: 10 numMoments: 10
total albedo: 0.131971
per-collision order albedos: 
0 0.0525077 0.0311924 0.0187657 0.0113696 0.0069063 0.0042115 0.0026077 0.001626 0.0010136 
Collision density L:
0.129505 0.124366 0.119804 0.114663 0.110816 0.105812 0.101796 0.097917 0.094384 0.091446 0.087578 0.084595 0.080862 0.07777 0.07486 0.071913 0.068834 0.066492 0.06402 0.061389 0.059269 0.057243 0.054966 0.052443 0.050673 0.048857 0.047102 0.045384 0.04333 0.041722 0.04026 0.038735 0.037169 0.035992 0.034208 0.032711 0.031512 0.030661 0.029422 0.027867 0.027133 0.026032 0.025047 0.024328 0.023344 0.022258 0.021349 0.020664 0.019578 0.019154 0.018352 0.017833 0.016912 0.01623 0.015678 0.015005 0.014357 0.013809 0.013218 0.012828 0.012288 0.011977 0.011582 0.010988 0.010517 0.01008 0.009742 0.009522 0.008986 0.00879 0.008267 0.007976 0.007663 0.007495 0.007239 0.007014 0.006681 0.006548 0.006167 0.005842 0.005672 0.005327 0.005282 0.005046 0.004829 0.004576 0.004432 0.004312 0.004071 0.004028 0.003885 0.003701 0.003566 0.003272 0.003282 0.003198 0.003026 0.002877 0.002754 0.002701 0.067114 
Collision density R:
0.980077 0.943435 0.907919 0.873801 0.838257 0.806625 0.775992 0.745396 0.716472 0.686949 0.662059 0.637738 0.611664 0.590513 0.567406 0.544902 0.523397 0.504116 0.485954 0.466298 0.448271 0.431532 0.415086 0.398507 0.382976 0.369006 0.354799 0.341257 0.327389 0.315076 0.303585 0.291588 0.279777 0.269583 0.259434 0.249214 0.240177 0.230488 0.221075 0.213325 0.205033 0.197536 0.189479 0.183025 0.175083 0.168217 0.162303 0.156252 0.149359 0.144243 0.138812 0.134156 0.127918 0.123241 0.119011 0.114606 0.109935 0.105533 0.101649 0.097478 0.093514 0.089703 0.086392 0.083061 0.0805 0.076991 0.074273 0.071234 0.068648 0.066451 0.063993 0.060446 0.058804 0.056552 0.053955 0.052292 0.050368 0.047879 0.046131 0.045231 0.043425 0.041336 0.039651 0.037672 0.036317 0.035279 0.034146 0.032669 0.03156 0.030112 0.028982 0.027868 0.026911 0.025649 0.0248 0.023926 0.022838 0.022268 0.021325 0.020363 0.509427 
Density Moments:
2.89307 7.39433 37.7852 289.665 2964.97 38058.7 589348 1.0726e+07 2.25133e+08 5.36846e+09 
Per-collision Density Moments:
1 0.999931 2.00023 6.00048 23.9761 119.452 710.537 4886.89 37882.2 324085 
0.647398 1.24276 3.67698 14.6103 72.8102 436.544 3064.33 24738.1 227195 2.35946e+06 
0.421969 1.16669 4.53121 22.3097 132.548 920.943 7318.73 65428.1 649533 7.08585e+06 
0.276565 0.980879 4.68356 27.408 188.784 1492.86 13320.2 132433 1.45404e+06 1.75213e+07 
0.182255 0.778416 4.38518 29.6446 231.776 2050.26 20203.2 219151 2.59212e+06 3.31732e+07 
0.12073 0.596841 3.85266 29.4482 257.264 2517.8 27227.7 321943 4.12657e+06 5.69179e+07 
0.0802892 0.447392 3.24153 27.5778 265.933 2851.62 33571.2 429711 5.9325e+06 8.77204e+07 
0.0536323 0.330223 2.6413 24.6711 259.57 3019.04 38352.9 527506 7.80032e+06 1.23261e+08 
0.0359431 0.241168 2.10355 21.3623 243.432 3055.47 41758.2 616301 9.75834e+06 1.6481e+08 
0 0 0 0 0 0 0 0 0 0 
Per-collision Densities L:
0 0 0 0 0 0 0 0 0 0 0 0 0 0 0 0 0 0 0 0 0 0 0 0 0 0 0 0 0 0 0 0 0 0 0 0 0 0 0 0 0 0 0 0 0 0 0 0 0 0 0 0 0 0 0 0 0 0 0 0 0 0 0 0 0 0 0 0 0 0 0 0 0 0 0 0 0 0 0 0 0 0 0 0 0 0 0 0 0 0 0 0 0 0 0 0 0 0 0 0 0 
0.050041 0.045076 0.041045 0.036755 0.033472 0.030241 0.027513 0.02455 0.022328 0.020342 0.018388 0.016812 0.015195 0.013573 0.012448 0.011185 0.009904 0.008945 0.008328 0.007451 0.006665 0.006113 0.005548 0.004978 0.004492 0.004175 0.003865 0.003368 0.003028 0.00278 0.002488 0.002227 0.002075 0.001917 0.001651 0.001467 0.00141 0.001276 0.001123 0.001022 0.000893 0.000798 0.000718 0.000642 0.000584 0.00056 0.000536 0.000453 0.000428 0.000397 0.000368 0.000327 0.000276 0.000257 0.000214 0.000194 0.000194 0.000185 0.000178 0.000123 0.000114 9e-05 0.000101 8.4e-05 8.4e-05 8.4e-05 6.4e-05 6.9e-05 4.9e-05 4.9e-05 5e-05 4.9e-05 4e-05 4e-05 2.5e-05 3.6e-05 2e-05 2.1e-05 2.3e-05 1.7e-05 1e-05 1.2e-05 1e-05 1.1e-05 1.5e-05 1.3e-05 9e-06 6e-06 8e-06 4e-06 5e-06 5e-06 1e-06 5e-06 5e-06 4e-06 6e-06 2e-06 4e-06 1e-06 3.1e-05 
0.031279 0.03099 0.030591 0.029771 0.02896 0.027742 0.026884 0.02583 0.024789 0.023677 0.022415 0.021434 0.020143 0.019083 0.018031 0.016825 0.01594 0.015107 0.014024 0.013115 0.012553 0.011577 0.010821 0.009916 0.009289 0.008757 0.008039 0.00766 0.006922 0.006417 0.006151 0.00564 0.005199 0.004913 0.004425 0.004064 0.003814 0.003518 0.003225 0.00291 0.002814 0.002528 0.002351 0.002186 0.001948 0.00178 0.001646 0.001514 0.001468 0.001345 0.001173 0.001119 0.001044 0.000926 0.000886 0.000783 0.000733 0.000655 0.000577 0.000567 0.00051 0.000479 0.000416 0.000394 0.000363 0.000351 0.000311 0.000283 0.000258 0.000241 0.000203 0.000235 0.000199 0.000187 0.000146 0.000145 0.000131 0.000136 0.000105 0.000107 8.9e-05 8e-05 7.6e-05 8.6e-05 5.9e-05 7e-05 5.6e-05 4.9e-05 3.2e-05 4.4e-05 6.3e-05 3.7e-05 3.3e-05 2.8e-05 3.3e-05 2.7e-05 2.3e-05 1.8e-05 1.4e-05 2.4e-05 0.00019 
0.018794 0.018733 0.018518 0.01861 0.018442 0.018231 0.018042 0.01808 0.017673 0.017618 0.017031 0.016822 0.016257 0.015961 0.015353 0.014797 0.014237 0.013988 0.013551 0.013038 0.012481 0.011903 0.011558 0.010766 0.010384 0.009953 0.009598 0.009133 0.008635 0.008036 0.007707 0.00749 0.006906 0.006721 0.006294 0.005804 0.005388 0.005265 0.004817 0.004436 0.004421 0.004108 0.003823 0.003589 0.00346 0.003156 0.002966 0.002787 0.002537 0.002415 0.002338 0.002111 0.001971 0.00181 0.001706 0.001602 0.001471 0.001388 0.001247 0.001201 0.001075 0.00105 0.000997 0.000925 0.000834 0.000783 0.000724 0.000654 0.000604 0.000588 0.000452 0.000479 0.000444 0.000428 0.000408 0.000398 0.000381 0.000312 0.000263 0.000223 0.000244 0.000203 0.000214 0.000208 0.000193 0.00015 0.000158 0.000163 0.00012 0.000134 0.000112 0.000108 8.7e-05 8.2e-05 7.4e-05 7e-05 5.5e-05 6.9e-05 5.6e-05 4e-05 0.000625 
0.011301 0.011422 0.011369 0.01122 0.011451 0.011307 0.011181 0.011214 0.011305 0.011192 0.011253 0.011177 0.010931 0.010704 0.010567 0.010739 0.010449 0.010198 0.009965 0.009779 0.009481 0.009383 0.009159 0.008914 0.008717 0.008492 0.008194 0.007936 0.007669 0.007427 0.007154 0.006918 0.006683 0.006432 0.006208 0.005836 0.005624 0.005516 0.005305 0.004977 0.004669 0.004516 0.004429 0.004163 0.003997 0.003811 0.003538 0.003452 0.003204 0.003078 0.002882 0.002736 0.002577 0.002487 0.002369 0.002214 0.002115 0.001963 0.001863 0.001716 0.001655 0.001549 0.001523 0.001393 0.001321 0.001191 0.001087 0.001124 0.001018 0.000951 0.000902 0.000808 0.000766 0.000757 0.000659 0.000591 0.000545 0.000565 0.000553 0.000487 0.000461 0.000404 0.000418 0.00036 0.000359 0.000319 0.000291 0.000259 0.000247 0.00025 0.000265 0.00023 0.000216 0.000154 0.000159 0.000144 0.000173 0.000147 0.000116 0.000143 0.001503 
0.006897 0.006947 0.006925 0.006936 0.006931 0.006993 0.006843 0.006848 0.006865 0.007036 0.006938 0.006941 0.006842 0.006824 0.006831 0.006802 0.006766 0.006533 0.006681 0.006527 0.006473 0.006523 0.006341 0.006296 0.006317 0.006099 0.006022 0.005982 0.005775 0.005668 0.005627 0.005381 0.005292 0.005197 0.005005 0.004928 0.004844 0.004677 0.004543 0.004359 0.00424 0.004078 0.003909 0.003912 0.003779 0.003503 0.003459 0.003348 0.00322 0.003093 0.002874 0.002889 0.002619 0.002611 0.002529 0.002328 0.002241 0.002176 0.002033 0.001992 0.001889 0.0018 0.001679 0.001598 0.001547 0.001405 0.001416 0.001359 0.001284 0.001176 0.001165 0.001058 0.001018 0.000935 0.000931 0.00094 0.000812 0.000829 0.000718 0.000741 0.000657 0.000593 0.000589 0.00051 0.0005 0.00049 0.000456 0.000431 0.000393 0.000445 0.000363 0.000344 0.000305 0.000292 0.0003 0.000243 0.000235 0.000226 0.000216 0.00021 0.002862 
0.004246 0.004135 0.004313 0.004368 0.004298 0.004171 0.004129 0.004216 0.004256 0.00429 0.004313 0.004298 0.004211 0.004264 0.004266 0.004262 0.004199 0.004334 0.004227 0.004207 0.004271 0.004267 0.004301 0.004273 0.003985 0.004013 0.004031 0.004004 0.004079 0.004086 0.003893 0.003913 0.003795 0.003733 0.003645 0.003637 0.003542 0.003446 0.003436 0.003286 0.003266 0.003232 0.003168 0.003138 0.002916 0.002965 0.002845 0.002757 0.002677 0.002605 0.002626 0.00245 0.002401 0.002301 0.002216 0.002087 0.002029 0.00199 0.001967 0.001863 0.001805 0.001747 0.001698 0.001667 0.001531 0.001428 0.001368 0.001371 0.001298 0.001277 0.001168 0.001109 0.001136 0.001076 0.001021 0.000987 0.00095 0.000926 0.000856 0.000776 0.000829 0.000752 0.000686 0.000651 0.000579 0.000593 0.000554 0.000566 0.000504 0.000477 0.00047 0.000445 0.000415 0.000382 0.000355 0.000373 0.000324 0.000319 0.000266 0.000291 0.004538 
0.002574 0.002669 0.002634 0.002572 0.002564 0.002641 0.002764 0.002701 0.002662 0.002681 0.002717 0.002583 0.002678 0.002694 0.002704 0.002708 0.002702 0.0027 0.002631 0.002707 0.002698 0.002659 0.002612 0.00263 0.002642 0.002692 0.002638 0.002625 0.002646 0.002628 0.002633 0.0025 0.002459 0.002518 0.002438 0.002432 0.002448 0.002379 0.002402 0.002354 0.002326 0.002327 0.002236 0.002205 0.002224 0.002204 0.002154 0.002125 0.001935 0.001973 0.00188 0.002021 0.001925 0.001771 0.001764 0.001769 0.001718 0.001635 0.001613 0.001499 0.001507 0.001501 0.001467 0.001373 0.00133 0.001305 0.001266 0.001277 0.001205 0.001165 0.001165 0.001148 0.001088 0.000967 0.001047 0.000962 0.000927 0.000865 0.000843 0.000811 0.000794 0.000663 0.000716 0.000697 0.000627 0.000618 0.000613 0.000562 0.000565 0.000473 0.000481 0.000509 0.00046 0.000411 0.000396 0.000385 0.000396 0.000365 0.000349 0.000313 0.005907 
0.001608 0.00161 0.001621 0.001615 0.001782 0.001624 0.00161 0.001644 0.001658 0.001656 0.001624 0.001646 0.00175 0.001669 0.001699 0.001695 0.001668 0.001739 0.001706 0.001623 0.001629 0.001714 0.001687 0.001629 0.001791 0.001698 0.001695 0.001713 0.0016 0.001647 0.001579 0.001663 0.001735 0.001656 0.001598 0.001601 0.001592 0.001622 0.001596 0.00164 0.001573 0.001562 0.001516 0.001534 0.001527 0.001503 0.001412 0.001436 0.001404 0.001459 0.001368 0.0014 0.001323 0.001374 0.001281 0.001286 0.001255 0.001244 0.001182 0.001185 0.001174 0.001164 0.001131 0.001098 0.00109 0.001075 0.001026 0.000995 0.000993 0.000977 0.000896 0.000875 0.000843 0.000857 0.000812 0.000793 0.000754 0.000811 0.000711 0.000694 0.000679 0.000662 0.000634 0.000623 0.000617 0.000544 0.000511 0.000531 0.000476 0.000518 0.000478 0.00047 0.000464 0.000431 0.000436 0.000414 0.000378 0.000349 0.000344 0.000322 0.00685 
0 0 0 0 0 0 0 0 0 0 0 0 0 0 0 0 0 0 0 0 0 0 0 0 0 0 0 0 0 0 0 0 0 0 0 0 0 0 0 0 0 0 0 0 0 0 0 0 0 0 0 0 0 0 0 0 0 0 0 0 0 0 0 0 0 0 0 0 0 0 0 0 0 0 0 0 0 0 0 0 0 0 0 0 0 0 0 0 0 0 0 0 0 0 0 0 0 0 0 0 0 
Per-collision Densities L:
0.951317 0.861439 0.779939 0.706334 0.637107 0.577175 0.52372 0.471866 0.427684 0.385236 0.349013 0.31708 0.286174 0.259885 0.235246 0.212182 0.192095 0.173712 0.157971 0.142095 0.128595 0.116569 0.105294 0.095065 0.086132 0.078158 0.070815 0.063847 0.057517 0.051971 0.047292 0.042777 0.039029 0.03518 0.031822 0.028671 0.026145 0.023544 0.021478 0.019271 0.017558 0.016049 0.014388 0.012705 0.011539 0.010543 0.009609 0.008791 0.007828 0.007071 0.006409 0.005749 0.005205 0.004803 0.004421 0.003938 0.003537 0.003207 0.002896 0.002636 0.002384 0.002203 0.001951 0.001745 0.001528 0.001343 0.001307 0.001187 0.001018 0.000957 0.00083 0.000773 0.00072 0.000631 0.000596 0.00052 0.000448 0.000415 0.000359 0.000352 0.000322 0.000286 0.00025 0.000232 0.000204 0.000206 0.000184 0.000177 0.000155 0.000139 0.000131 0.000108 9.2e-05 9.9e-05 7.5e-05 6.1e-05 8.1e-05 6e-05 5.5e-05 5e-05 0.000442 
0.027521 0.076401 0.115543 0.146972 0.170786 0.188891 0.200566 0.210523 0.215225 0.217859 0.219063 0.216025 0.212065 0.20838 0.202449 0.195547 0.188825 0.180991 0.173 0.165391 0.157302 0.149375 0.141806 0.133096 0.126006 0.118526 0.111372 0.104983 0.09801 0.091912 0.086361 0.079974 0.074875 0.069991 0.065159 0.060847 0.056159 0.052236 0.048771 0.044997 0.042057 0.038979 0.036092 0.033494 0.030983 0.028638 0.026284 0.024396 0.022722 0.020939 0.019287 0.017801 0.016231 0.015171 0.014005 0.012926 0.011929 0.01054 0.010104 0.009258 0.008486 0.007725 0.007099 0.006592 0.006195 0.005703 0.005245 0.00473 0.004174 0.00394 0.003742 0.003342 0.003125 0.002863 0.002556 0.002354 0.002164 0.001918 0.001817 0.001683 0.00154 0.001398 0.001313 0.001178 0.001087 0.001002 0.000865 0.000803 0.000786 0.000672 0.000607 0.000609 0.000539 0.000499 0.000394 0.000418 0.000377 0.000346 0.000301 0.000287 0.003032 
0.000812 0.004241 0.009841 0.016533 0.024437 0.032511 0.041022 0.049514 0.056849 0.063214 0.069835 0.076526 0.081026 0.085447 0.089089 0.091783 0.093207 0.095997 0.097091 0.097102 0.096794 0.096765 0.095682 0.094544 0.09252 0.09096 0.088804 0.086134 0.083701 0.081688 0.079068 0.075977 0.073006 0.070365 0.067522 0.064732 0.062454 0.059157 0.055614 0.053781 0.050846 0.04839 0.045684 0.043729 0.041157 0.038934 0.036825 0.034722 0.032486 0.030916 0.028849 0.027586 0.025868 0.024087 0.022965 0.021233 0.020081 0.019092 0.017494 0.016549 0.015158 0.014341 0.013436 0.012567 0.011512 0.010921 0.010103 0.009506 0.008976 0.00826 0.007654 0.007059 0.006609 0.006188 0.005632 0.005437 0.00498 0.004591 0.004249 0.003993 0.003831 0.003403 0.003114 0.002839 0.002555 0.002583 0.002298 0.002167 0.002048 0.001858 0.001673 0.00158 0.00146 0.001383 0.001285 0.001159 0.001066 0.00098 0.000928 0.000871 0.009781 
0.000169 0.00058 0.001268 0.002139 0.003526 0.005073 0.006911 0.008937 0.011438 0.014056 0.016677 0.019294 0.022115 0.025219 0.027653 0.030577 0.032875 0.035107 0.037812 0.039622 0.04161 0.043136 0.044506 0.04607 0.046717 0.047634 0.04832 0.048934 0.049332 0.049081 0.048874 0.048743 0.048055 0.048035 0.047219 0.046505 0.045764 0.044789 0.043972 0.042865 0.041814 0.040755 0.039329 0.038446 0.037422 0.035624 0.034726 0.033379 0.031801 0.030887 0.029808 0.028689 0.027239 0.025963 0.024585 0.023934 0.022497 0.021824 0.020794 0.019529 0.018692 0.017573 0.016854 0.015908 0.015358 0.014298 0.01361 0.012696 0.011951 0.011604 0.010902 0.010263 0.00979 0.00911 0.008383 0.008174 0.007541 0.007101 0.006814 0.006338 0.005918 0.005505 0.005179 0.004885 0.004577 0.004246 0.003966 0.003628 0.003655 0.003345 0.003125 0.002907 0.002731 0.002521 0.002326 0.002169 0.002088 0.00199 0.001754 0.001715 0.021858 
0.000111 0.00031 0.000522 0.000757 0.001018 0.001295 0.001688 0.002167 0.002606 0.003413 0.004054 0.004905 0.00585 0.006698 0.007613 0.008867 0.00989 0.010979 0.012179 0.013535 0.014537 0.015573 0.016776 0.01791 0.018882 0.019986 0.020885 0.021724 0.022322 0.023169 0.023701 0.024689 0.024782 0.024997 0.025822 0.025726 0.026138 0.026344 0.026361 0.026483 0.026313 0.025934 0.025995 0.025874 0.025142 0.024862 0.024805 0.024428 0.024028 0.023487 0.023095 0.022653 0.021751 0.021173 0.020906 0.020355 0.019682 0.018947 0.018568 0.017739 0.017096 0.016617 0.015923 0.015396 0.014766 0.014293 0.013574 0.013201 0.012772 0.012275 0.011748 0.010944 0.010679 0.010061 0.009611 0.009145 0.008887 0.008453 0.007777 0.007725 0.007301 0.006804 0.006599 0.006002 0.005692 0.00556 0.005367 0.005029 0.004714 0.004485 0.004276 0.003935 0.003804 0.003601 0.003427 0.003131 0.002999 0.002789 0.00265 0.002523 0.037322 
6.1e-05 0.000187 0.000336 0.000418 0.000515 0.000645 0.000854 0.000971 0.001071 0.001333 0.001442 0.001688 0.001957 0.002196 0.002601 0.002823 0.003193 0.003711 0.00402 0.004402 0.004985 0.005383 0.005943 0.006394 0.006916 0.007477 0.008117 0.008607 0.009116 0.009554 0.010057 0.010671 0.010991 0.011498 0.011854 0.012302 0.012586 0.013069 0.013058 0.013525 0.013665 0.014078 0.014218 0.014474 0.014511 0.014615 0.01461 0.014738 0.014564 0.014771 0.01468 0.014449 0.014364 0.014396 0.014256 0.013992 0.013833 0.013514 0.013337 0.013124 0.012847 0.012554 0.012176 0.012054 0.011954 0.011572 0.011237 0.010998 0.010756 0.010389 0.010197 0.009732 0.009233 0.009187 0.008849 0.008363 0.008317 0.007822 0.007643 0.007578 0.007225 0.006892 0.006474 0.006303 0.00595 0.00573 0.005483 0.005301 0.004995 0.004986 0.004636 0.004469 0.004264 0.004042 0.003775 0.003662 0.003447 0.003467 0.003206 0.002998 0.051772 
3.4e-05 9.8e-05 0.000157 0.000262 0.000351 0.000385 0.000482 0.000537 0.000645 0.00073 0.000762 0.000855 0.000961 0.001086 0.001119 0.00129 0.00135 0.001491 0.001631 0.001803 0.001989 0.002175 0.002268 0.002487 0.002676 0.002997 0.003045 0.003474 0.003692 0.003857 0.004174 0.004469 0.004484 0.004814 0.005144 0.005297 0.005531 0.005789 0.006027 0.006326 0.006446 0.00677 0.006904 0.00721 0.007121 0.007391 0.007646 0.007778 0.007858 0.007929 0.008005 0.00822 0.008183 0.008392 0.008351 0.008379 0.008476 0.008273 0.008355 0.008278 0.008381 0.008247 0.008093 0.008041 0.008064 0.00788 0.007905 0.007609 0.007814 0.007504 0.007468 0.007156 0.007067 0.006988 0.006847 0.00695 0.006528 0.006228 0.006133 0.00619 0.005868 0.005825 0.005592 0.005352 0.005262 0.005029 0.005049 0.004758 0.004606 0.004319 0.004286 0.004218 0.004053 0.003805 0.003667 0.003635 0.003441 0.003332 0.003159 0.003069 0.061063 
2e-05 6.3e-05 0.000121 0.000144 0.000189 0.000246 0.000263 0.000358 0.00038 0.000422 0.000465 0.000501 0.0006 0.000614 0.000636 0.000687 0.000747 0.000845 0.000887 0.000904 0.000925 0.001016 0.001188 0.001238 0.001277 0.001314 0.001462 0.001496 0.001565 0.001624 0.001802 0.001968 0.002076 0.002129 0.002241 0.002425 0.002538 0.002609 0.002749 0.002887 0.002977 0.003137 0.003226 0.003387 0.003474 0.003637 0.003693 0.003776 0.00379 0.003901 0.004223 0.004234 0.004346 0.004319 0.004512 0.004612 0.004551 0.00477 0.00471 0.004789 0.00466 0.004731 0.004808 0.0047 0.004871 0.004807 0.004869 0.004856 0.00477 0.004921 0.004849 0.004641 0.004739 0.004709 0.004605 0.004588 0.004612 0.004552 0.004422 0.004414 0.004318 0.004221 0.00407 0.00408 0.003968 0.003953 0.0038 0.003782 0.003693 0.003579 0.003403 0.003376 0.003254 0.003175 0.003106 0.003088 0.002952 0.002875 0.00283 0.002641 0.063208 
1.5e-05 3.7e-05 7.3e-05 8.9e-05 0.000126 0.000167 0.000203 0.000189 0.000196 0.000275 0.00029 0.000318 0.000347 0.000372 0.000389 0.000445 0.000456 0.000479 0.000514 0.000564 0.000558 0.000614 0.000623 0.000673 0.000686 0.000761 0.000767 0.000813 0.000858 0.0009 0.000898 0.000944 0.001036 0.001073 0.001122 0.001115 0.001249 0.001278 0.001307 0.001301 0.001473 0.001532 0.001608 0.001635 0.001613 0.001773 0.001892 0.001893 0.001885 0.001944 0.002024 0.002179 0.002174 0.00222 0.002272 0.002379 0.002483 0.002394 0.002427 0.00259 0.002628 0.002599 0.002676 0.002709 0.002816 0.002734 0.002821 0.002828 0.002815 0.002895 0.002815 0.002774 0.002913 0.002814 0.002963 0.002874 0.002787 0.002792 0.002815 0.002862 0.00288 0.002787 0.002737 0.002686 0.002784 0.002721 0.002752 0.002661 0.002599 0.0025 0.002506 0.002398 0.002422 0.00237 0.002358 0.002295 0.002242 0.002165 0.002254 0.002049 0.059169 
0 0 0 0 0 0 0 0 0 0 0 0 0 0 0 0 0 0 0 0 0 0 0 0 0 0 0 0 0 0 0 0 0 0 0 0 0 0 0 0 0 0 0 0 0 0 0 0 0 0 0 0 0 0 0 0 0 0 0 0 0 0 0 0 0 0 0 0 0 0 0 0 0 0 0 0 0 0 0 0 0 0 0 0 0 0 0 0 0 0 0 0 0 0 0 0 0 0 0 0 0 
