Half rod, albedo problem, isotropic scattering, exponential random flight, mu_t: 1
Analogmu_t c: 0.3 maxx: 10 dx: 0.19802 numsamples: 10000000 numCollisionOrders: 20 numMoments: 10
total albedo: 0.0888128
per-collision order albedos: 
0 0.0748595 0.0112734 0.002104 0.0004424 0.0001029 2.26e-05 6.3e-06 1e-06 5e-07 2e-07 0 0 0 0 0 0 0 0 0 
Collision density L:
0.0822196 0.069483 0.0586421 0.0500672 0.0422034 0.0357217 0.0303152 0.0257 0.0217024 0.0185815 0.0155363 0.0132658 0.0113893 0.00951774 0.00815727 0.0068175 0.00571509 0.00487578 0.00409808 0.00353399 0.00295627 0.00254874 0.00213312 0.00182709 0.00149581 0.00128068 0.00108777 0.000949905 0.00077063 0.0006868 0.00059085 0.00046864 0.000362085 0.000326735 0.000292395 0.000235835 0.000234825 0.000173215 0.000143925 0.00012928 0.000100495 0.000102515 7.7265e-05 6.8175e-05 6.2115e-05 4.3935e-05 3.939e-05 3.6865e-05 3.7875e-05 3.232e-05 0.000137865 
Collision density R:
0.922513 0.780743 0.662076 0.560549 0.474964 0.402048 0.340126 0.288673 0.245361 0.207546 0.176385 0.149095 0.126295 0.107063 0.0905632 0.0770539 0.0644102 0.0550905 0.0464575 0.0395572 0.0336239 0.0282845 0.0240607 0.0203783 0.0172806 0.0147288 0.0122816 0.0104742 0.00900112 0.00748713 0.00638623 0.00536967 0.00463691 0.00388951 0.00332038 0.00276437 0.00237249 0.00207808 0.0017266 0.00143218 0.00121554 0.00102667 0.000883245 0.000750935 0.00065145 0.000540855 0.00044339 0.000398445 0.00032421 0.000278255 0.00155187 
Density Moments:
1.30162 1.55537 3.71841 13.3383 63.7782 380.454 2710.24 22332.3 207636 2.13507e+06 
Per-collision Density Moments:
1 0.999918 2.00057 6.00608 24.0469 120.291 720.824 5022.41 39794.5 352467 
0.225099 0.374887 1.04909 4.04596 19.784 116.831 805.782 6326.61 55378.3 530929 
0.0562087 0.123631 0.427239 1.95914 11.1107 74.828 582.341 5130.91 50325.7 541323 
0.0147667 0.0392233 0.157768 0.821912 5.19095 38.2249 319.514 2971.72 30274.9 333522 
0.0040071 0.0122475 0.0555786 0.322585 2.24682 18.0676 163.238 1624.09 17535 203353 
0.0011068 0.00380022 0.0190357 0.120171 0.89853 7.67269 72.9844 758.897 8495.17 101080 
0.0003119 0.00117522 0.006355 0.0426738 0.333725 2.92996 28.2023 292.649 3231.51 37569.5 
8.66e-05 0.000338908 0.00192284 0.0136971 0.115457 1.1148 12.0529 143.037 1828.11 24726.8 
2.45e-05 0.000102296 0.00060247 0.00438005 0.037221 0.356502 3.74767 42.4073 509.067 6408.93 
7.2e-06 3.05352e-05 0.000175903 0.0012672 0.0111716 0.117332 1.40662 18.4041 253.839 3608.94 
1.7e-06 6.59325e-06 3.34795e-05 0.000194431 0.00122447 0.00813998 0.0562216 0.39949 2.90163 21.4477 
7e-07 3.38401e-06 2.1363e-05 0.000153934 0.00119744 0.0098033 0.0832394 0.72573 6.44961 58.1111 
4e-07 1.74125e-06 8.23539e-06 4.12986e-05 0.00021525 0.00115002 0.00624296 0.0342474 0.189212 1.05059 
2e-07 9.41657e-07 4.62983e-06 2.36464e-05 0.000124577 0.000672098 0.00368948 0.0205026 0.114896 0.647545 
0 0 0 0 0 0 0 0 0 0 
0 0 0 0 0 0 0 0 0 0 
0 0 0 0 0 0 0 0 0 0 
0 0 0 0 0 0 0 0 0 0 
0 0 0 0 0 0 0 0 0 0 
0 0 0 0 0 0 0 0 0 0 
Per-collision Densities L:
0 0 0 0 0 0 0 0 0 0 0 0 0 0 0 0 0 0 0 0 0 0 0 0 0 0 0 0 0 0 0 0 0 0 0 0 0 0 0 0 0 0 0 0 0 0 0 0 0 0 0 
0.0682038 0.055856 0.0456096 0.0376801 0.0308525 0.0252237 0.0208555 0.0170397 0.0139148 0.0114418 0.00935311 0.00770428 0.0063524 0.00518383 0.00432129 0.00349814 0.00290173 0.00236037 0.00186244 0.00158116 0.00127058 0.00106808 0.00086658 0.00070195 0.000569135 0.000473185 0.000376225 0.000333805 0.00026361 0.000216645 0.00018483 0.00015453 9.5445e-05 9.1405e-05 8.484e-05 6.1105e-05 5.454e-05 4.6965e-05 2.929e-05 3.434e-05 2.3735e-05 2.727e-05 1.616e-05 1.2625e-05 1.1615e-05 7.07e-06 4.545e-06 7.575e-06 9.09e-06 6.06e-06 2.0705e-05 
0.0112327 0.0108383 0.0102273 0.00958036 0.00860672 0.00783205 0.00698718 0.00633119 0.00562267 0.00505606 0.00431775 0.00377892 0.00333603 0.00286739 0.00249521 0.00211242 0.00176195 0.00153975 0.00134987 0.0011716 0.00099081 0.000844865 0.000699425 0.000630745 0.000485305 0.00042622 0.00038077 0.00029391 0.000257045 0.0002424 0.000204525 0.00016059 0.000125745 0.00010403 8.6355e-05 7.474e-05 7.2215e-05 5.05e-05 4.545e-05 3.636e-05 2.626e-05 3.03e-05 2.2725e-05 2.121e-05 2.121e-05 1.3635e-05 1.313e-05 7.575e-06 1.212e-05 1.3635e-05 4.141e-05 
0.00216948 0.00212858 0.00216494 0.00218009 0.00209777 0.00203869 0.0018382 0.00173771 0.00156752 0.00151197 0.0013529 0.00127462 0.00122665 0.00102919 0.000911525 0.00083224 0.000716595 0.000649935 0.000580245 0.000509545 0.000445915 0.000411575 0.00035754 0.00031411 0.000263105 0.00023129 0.000201495 0.000189375 0.000144935 0.00013635 0.00011312 8.6355e-05 7.878e-05 7.676e-05 6.565e-05 5.151e-05 5.6055e-05 3.7875e-05 3.535e-05 2.7775e-05 2.525e-05 2.323e-05 1.616e-05 1.2625e-05 1.3635e-05 1.01e-05 1.1615e-05 1.111e-05 7.575e-06 5.05e-06 2.8785e-05 
0.000469145 0.000501465 0.00048682 0.000473185 0.000482275 0.000469145 0.000481265 0.00043834 0.00044238 0.00042521 0.000375215 0.000372185 0.00033936 0.000306535 0.000314615 0.000258055 0.000223715 0.00022422 0.000214625 0.000183315 0.000164125 0.000144935 0.00013938 0.000116655 0.000117665 9.8475e-05 8.181e-05 8.1305e-05 6.161e-05 5.858e-05 5.858e-05 4.0905e-05 3.7875e-05 3.333e-05 3.1815e-05 3.0805e-05 2.929e-05 2.1715e-05 1.6665e-05 1.8685e-05 1.414e-05 1.212e-05 1.2625e-05 1.0605e-05 6.06e-06 4.545e-06 7.575e-06 6.06e-06 4.04e-06 4.04e-06 2.5755e-05 
0.000111605 0.000119685 0.00011413 0.00011312 0.000118675 0.00011716 0.00011817 0.00011413 0.00011514 0.00010201 9.7465e-05 9.7465e-05 9.5445e-05 9.8475e-05 7.979e-05 8.888e-05 7.777e-05 7.2215e-05 6.6155e-05 5.8075e-05 6.2115e-05 5.353e-05 4.646e-05 4.2925e-05 4.2925e-05 3.333e-05 3.03e-05 3.4845e-05 2.6765e-05 2.121e-05 1.9695e-05 1.8685e-05 1.212e-05 1.2625e-05 1.6665e-05 1.0605e-05 1.313e-05 1.0605e-05 8.08e-06 9.595e-06 5.555e-06 6.565e-06 6.565e-06 5.555e-06 5.555e-06 4.545e-06 1.515e-06 2.02e-06 2.525e-06 1.515e-06 1.414e-05 
2.3735e-05 2.727e-05 2.5755e-05 2.929e-05 3.737e-05 3.131e-05 2.5755e-05 2.8785e-05 2.727e-05 3.232e-05 2.525e-05 2.828e-05 2.929e-05 2.323e-05 2.5755e-05 2.0705e-05 2.525e-05 2.02e-05 1.6665e-05 2.0705e-05 1.515e-05 1.9695e-05 1.6665e-05 1.212e-05 1.212e-05 1.1615e-05 1.0605e-05 1.313e-05 1.212e-05 7.07e-06 7.575e-06 5.05e-06 7.575e-06 5.05e-06 4.04e-06 5.555e-06 6.565e-06 3.535e-06 6.565e-06 1.515e-06 3.535e-06 3.03e-06 1.515e-06 4.04e-06 3.03e-06 2.02e-06 1.01e-06 1.515e-06 1.515e-06 1.515e-06 3.535e-06 
7.07e-06 8.585e-06 1.01e-05 8.585e-06 6.565e-06 5.555e-06 8.08e-06 9.09e-06 1.0605e-05 1.01e-05 1.1615e-05 8.08e-06 6.06e-06 6.565e-06 4.545e-06 5.555e-06 6.06e-06 6.06e-06 6.565e-06 7.07e-06 5.05e-06 4.545e-06 6.565e-06 5.555e-06 2.525e-06 4.04e-06 4.545e-06 2.525e-06 2.525e-06 3.03e-06 2.525e-06 1.01e-06 2.525e-06 3.03e-06 3.03e-06 1.01e-06 2.02e-06 2.02e-06 2.525e-06 5.05e-07 1.01e-06 0 1.01e-06 5.05e-07 1.01e-06 1.01e-06 0 5.05e-07 5.05e-07 5.05e-07 3.03e-06 
2.02e-06 2.525e-06 2.525e-06 2.02e-06 1.515e-06 3.03e-06 1.01e-06 1.01e-06 1.01e-06 5.05e-07 2.525e-06 2.02e-06 2.525e-06 2.02e-06 4.545e-06 1.515e-06 2.02e-06 2.02e-06 5.05e-07 5.05e-07 5.05e-07 1.515e-06 5.05e-07 2.02e-06 2.525e-06 2.02e-06 1.01e-06 5.05e-07 1.01e-06 1.515e-06 0 1.01e-06 2.02e-06 5.05e-07 0 0 1.01e-06 0 0 0 5.05e-07 0 5.05e-07 5.05e-07 0 5.05e-07 0 5.05e-07 0 0 5.05e-07 
0 5.05e-07 5.05e-07 0 0 1.01e-06 0 0 1.01e-06 1.515e-06 5.05e-07 0 1.01e-06 0 0 0 0 1.01e-06 5.05e-07 1.515e-06 1.515e-06 0 0 1.01e-06 5.05e-07 5.05e-07 5.05e-07 5.05e-07 0 0 0 5.05e-07 0 0 0 5.05e-07 0 0 0 5.05e-07 5.05e-07 0 0 5.05e-07 0 5.05e-07 0 0 5.05e-07 0 0 
0 0 5.05e-07 5.05e-07 0 0 0 0 0 0 0 0 0 5.05e-07 0 0 0 0 0 5.05e-07 5.05e-07 0 0 0 0 0 5.05e-07 0 0 0 0 0 0 0 0 0 0 0 0 0 0 0 0 0 0 0 0 0 0 0 0 
0 0 0 0 0 0 0 0 0 0 0 0 0 0 0 0 0 0 0 0 0 0 0 0 0 0 0 0 0 0 0 0 0 0 0 0 0 0 0 0 0 0 0 0 0 0 0 0 0 0 0 
0 0 0 0 0 0 0 0 0 0 0 0 5.05e-07 0 0 0 0 0 0 0 0 0 0 0 0 0 0 0 5.05e-07 0 0 0 0 0 0 0 0 0 0 0 0 0 0 0 0 0 0 0 0 0 0 
0 0 0 0 0 0 0 0 0 0 0 0 0 0 0 0 0 0 5.05e-07 0 0 0 0 0 0 0 0 0 5.05e-07 0 0 0 0 0 0 0 0 0 0 0 0 0 0 0 0 0 0 0 0 0 0 
0 0 0 0 0 0 0 0 0 0 0 0 0 0 0 0 0 0 0 0 0 0 0 0 0 0 0 0 0 0 0 0 0 0 0 0 0 0 0 0 0 0 0 0 0 0 0 0 0 0 0 
0 0 0 0 0 0 0 0 0 0 0 0 0 0 0 0 0 0 0 0 0 0 0 0 0 0 0 0 0 0 0 0 0 0 0 0 0 0 0 0 0 0 0 0 0 0 0 0 0 0 0 
0 0 0 0 0 0 0 0 0 0 0 0 0 0 0 0 0 0 0 0 0 0 0 0 0 0 0 0 0 0 0 0 0 0 0 0 0 0 0 0 0 0 0 0 0 0 0 0 0 0 0 
0 0 0 0 0 0 0 0 0 0 0 0 0 0 0 0 0 0 0 0 0 0 0 0 0 0 0 0 0 0 0 0 0 0 0 0 0 0 0 0 0 0 0 0 0 0 0 0 0 0 0 
0 0 0 0 0 0 0 0 0 0 0 0 0 0 0 0 0 0 0 0 0 0 0 0 0 0 0 0 0 0 0 0 0 0 0 0 0 0 0 0 0 0 0 0 0 0 0 0 0 0 0 
0 0 0 0 0 0 0 0 0 0 0 0 0 0 0 0 0 0 0 0 0 0 0 0 0 0 0 0 0 0 0 0 0 0 0 0 0 0 0 0 0 0 0 0 0 0 0 0 0 0 0 
Per-collision Densities L:
0.908051 0.744002 0.610954 0.500791 0.410789 0.336532 0.275545 0.226768 0.186362 0.152864 0.125706 0.102909 0.0842416 0.0689133 0.0568095 0.0464342 0.0378341 0.031457 0.0255671 0.0211085 0.0173821 0.0141067 0.0116695 0.00953087 0.00778963 0.00644077 0.0052414 0.00432381 0.00363095 0.00286689 0.00241037 0.00192052 0.00166246 0.00131704 0.0010908 0.00087668 0.00072518 0.00061105 0.00049591 0.00040703 0.0003333 0.000270175 0.00022523 0.00018584 0.00015554 0.00012827 9.6455e-05 8.5345e-05 6.7165e-05 6.666e-05 0.00024846 
0.0131462 0.0329174 0.0450995 0.0517832 0.0546865 0.0549698 0.0532341 0.0503 0.0470731 0.0428341 0.0391653 0.0351783 0.0314075 0.0278543 0.0242228 0.0216595 0.0184663 0.0161514 0.0140708 0.0121352 0.0104944 0.008989 0.00778407 0.00670085 0.00568933 0.00486467 0.00409404 0.00350874 0.00298556 0.00257651 0.00210939 0.00183467 0.0015549 0.00128624 0.00108676 0.00093324 0.00077366 0.000693365 0.000575195 0.00045652 0.000395415 0.000322695 0.000289365 0.00024139 0.00021109 0.00018079 0.00012928 0.000113625 9.8475e-05 8.383e-05 0.000417635 
0.00112211 0.00319059 0.00500304 0.00661247 0.00778155 0.00860722 0.00919908 0.00935311 0.00944956 0.00935109 0.00893547 0.0085441 0.00810323 0.00777801 0.00712151 0.00659278 0.00586406 0.00538633 0.0048677 0.00446067 0.00401829 0.00355015 0.00311181 0.00283255 0.00252197 0.00223008 0.00189426 0.001717 0.00149682 0.00127462 0.00113979 0.000973135 0.000857995 0.000760025 0.000663065 0.00056156 0.000493385 0.000432785 0.000350975 0.000317645 0.000262095 0.00023129 0.000199475 0.000171195 0.000154025 0.000113625 0.00011413 0.000101505 6.8175e-05 6.06e-05 0.00037572 
0.00014847 0.00050702 0.000835775 0.00109333 0.00134431 0.00152813 0.00168468 0.00176195 0.00195738 0.0019387 0.00198516 0.00185436 0.00194324 0.00192708 0.00180285 0.00178417 0.00166499 0.001515 0.00143168 0.00137158 0.0012221 0.00116857 0.0010802 0.00091405 0.000870115 0.00082618 0.0007171 0.00060297 0.0005959 0.000512575 0.000480255 0.000419655 0.00036259 0.000330775 0.000314615 0.00024341 0.00024139 0.000208565 0.00018382 0.00015049 0.0001313 0.00012322 9.999e-05 8.3325e-05 7.7265e-05 6.464e-05 5.8075e-05 5.7065e-05 4.848e-05 3.434e-05 0.00026058 
3.636e-05 0.000101 0.000146955 0.000209575 0.00027977 0.000323705 0.00035855 0.00038077 0.000409555 0.00042622 0.00045046 0.000462075 0.00044743 0.00043834 0.00046561 0.00043329 0.00043329 0.000434805 0.00037875 0.000365115 0.000370165 0.000336835 0.000299465 0.00029593 0.00028785 0.00025957 0.000237855 0.000214625 0.000208565 0.00017776 0.000167155 0.00014948 0.000133825 0.000128775 0.0001111 9.4435e-05 8.6355e-05 8.2315e-05 7.676e-05 6.3125e-05 6.0095e-05 5.454e-05 4.141e-05 4.0905e-05 3.0805e-05 3.232e-05 2.828e-05 2.3735e-05 2.424e-05 1.9695e-05 0.00014342 
7.575e-06 1.8685e-05 2.5755e-05 4.949e-05 5.959e-05 7.07e-05 8.08e-05 8.282e-05 7.5245e-05 9.999e-05 0.00011009 0.000113625 0.00011716 0.000114635 0.000106555 0.000104535 0.00010908 0.000111605 0.00010605 8.383e-05 9.5445e-05 9.1405e-05 8.3325e-05 7.676e-05 9.0395e-05 7.7265e-05 6.969e-05 7.5245e-05 5.9085e-05 6.06e-05 5.8075e-05 4.8985e-05 4.747e-05 4.444e-05 3.3835e-05 3.535e-05 3.939e-05 3.4845e-05 2.7775e-05 2.525e-05 2.02e-05 1.616e-05 2.02e-05 1.9695e-05 1.414e-05 1.3635e-05 1.0605e-05 1.111e-05 1.1615e-05 8.08e-06 6.363e-05 
1.01e-06 6.06e-06 6.565e-06 7.575e-06 1.9695e-05 1.01e-05 1.8685e-05 2.0705e-05 2.7775e-05 2.222e-05 2.4745e-05 2.6765e-05 2.828e-05 2.727e-05 2.4745e-05 3.232e-05 2.7775e-05 2.525e-05 2.525e-05 2.323e-05 3.131e-05 3.232e-05 2.323e-05 2.121e-05 2.121e-05 2.121e-05 1.7675e-05 2.323e-05 1.616e-05 1.1615e-05 1.6665e-05 1.7675e-05 1.212e-05 1.5655e-05 1.414e-05 1.6665e-05 9.09e-06 1.1615e-05 1.2625e-05 9.09e-06 8.08e-06 5.555e-06 4.545e-06 5.555e-06 7.07e-06 4.545e-06 4.04e-06 4.545e-06 4.545e-06 4.04e-06 2.828e-05 
0 0 2.525e-06 1.01e-06 3.03e-06 5.05e-06 4.545e-06 4.04e-06 6.06e-06 6.06e-06 5.555e-06 5.05e-06 4.545e-06 5.555e-06 8.08e-06 8.585e-06 8.585e-06 7.07e-06 8.08e-06 6.06e-06 6.06e-06 7.07e-06 6.06e-06 3.03e-06 7.07e-06 6.565e-06 5.05e-06 5.05e-06 5.05e-06 4.545e-06 3.535e-06 3.535e-06 2.525e-06 4.04e-06 4.545e-06 2.525e-06 3.03e-06 3.03e-06 3.03e-06 2.525e-06 3.535e-06 2.525e-06 2.525e-06 1.515e-06 1.515e-06 2.02e-06 1.515e-06 1.01e-06 5.05e-07 5.05e-07 1.01e-05 
5.05e-07 0 5.05e-07 5.05e-07 5.05e-07 1.01e-06 5.05e-07 1.515e-06 5.05e-07 3.03e-06 2.525e-06 5.05e-07 1.515e-06 2.525e-06 1.01e-06 2.02e-06 1.01e-06 1.515e-06 2.02e-06 2.525e-06 2.525e-06 2.02e-06 2.02e-06 2.525e-06 2.525e-06 2.02e-06 3.03e-06 2.02e-06 2.02e-06 1.01e-06 5.05e-07 1.515e-06 2.525e-06 1.01e-06 0 0 1.01e-06 5.05e-07 5.05e-07 0 1.01e-06 5.05e-07 5.05e-07 1.515e-06 0 1.01e-06 1.01e-06 0 1.01e-06 5.05e-07 3.535e-06 
0 0 1.01e-06 5.05e-07 5.05e-07 0 0 5.05e-07 0 5.05e-07 0 5.05e-07 5.05e-07 1.515e-06 0 2.02e-06 0 5.05e-07 0 0 1.01e-06 5.05e-07 1.01e-06 5.05e-07 5.05e-07 5.05e-07 1.01e-06 1.01e-06 5.05e-07 0 5.05e-07 5.05e-07 0 1.515e-06 5.05e-07 5.05e-07 0 0 0 5.05e-07 0 0 0 0 0 0 0 0 0 0 5.05e-07 
0 0 0 0 0 0 5.05e-07 0 5.05e-07 0 0 0 0 0 5.05e-07 5.05e-07 5.05e-07 0 0 0 5.05e-07 0 0 0 0 0 0 0 5.05e-07 5.05e-07 0 0 5.05e-07 0 5.05e-07 0 0 0 0 0 5.05e-07 0 0 0 0 0 0 0 0 0 0 
0 0 0 0 0 5.05e-07 0 0 0 0 0 5.05e-07 0 0 0 0 5.05e-07 0 0 0 0 0 0 0 0 0 5.05e-07 0 0 5.05e-07 0 0 0 0 5.05e-07 0 0 0 0 0 0 0 0 0 0 0 0 5.05e-07 0 0 0 
0 0 0 0 0 0 0 0 0 0 0 0 0 0 0 0 0 0 0 5.05e-07 0 0 0 0 0 0 0 5.05e-07 0 0 0 0 0 0 0 0 0 0 0 0 0 0 0 0 0 0 0 0 0 0 0 
0 0 0 0 0 0 0 0 0 0 0 0 0 0 0 0 0 0 0 0 0 0 0 0 0 0 0 0 0 0 0 0 0 0 0 0 0 0 0 0 0 0 0 0 0 0 0 0 0 0 0 
0 0 0 0 0 0 0 0 0 0 0 0 0 0 0 0 0 0 0 0 0 0 0 0 0 0 0 0 0 0 0 0 0 0 0 0 0 0 0 0 0 0 0 0 0 0 0 0 0 0 0 
0 0 0 0 0 0 0 0 0 0 0 0 0 0 0 0 0 0 0 0 0 0 0 0 0 0 0 0 0 0 0 0 0 0 0 0 0 0 0 0 0 0 0 0 0 0 0 0 0 0 0 
0 0 0 0 0 0 0 0 0 0 0 0 0 0 0 0 0 0 0 0 0 0 0 0 0 0 0 0 0 0 0 0 0 0 0 0 0 0 0 0 0 0 0 0 0 0 0 0 0 0 0 
0 0 0 0 0 0 0 0 0 0 0 0 0 0 0 0 0 0 0 0 0 0 0 0 0 0 0 0 0 0 0 0 0 0 0 0 0 0 0 0 0 0 0 0 0 0 0 0 0 0 0 
0 0 0 0 0 0 0 0 0 0 0 0 0 0 0 0 0 0 0 0 0 0 0 0 0 0 0 0 0 0 0 0 0 0 0 0 0 0 0 0 0 0 0 0 0 0 0 0 0 0 0 
0 0 0 0 0 0 0 0 0 0 0 0 0 0 0 0 0 0 0 0 0 0 0 0 0 0 0 0 0 0 0 0 0 0 0 0 0 0 0 0 0 0 0 0 0 0 0 0 0 0 0 
