Half rod, albedo problem, Anisotropic scattering, exponential random flight, mu_t: 3 g: 0.5
Analogmu_t c: 0.3 maxx: 10 dx: 0.19802 numsamples: 10000000 numCollisionOrders: 20 numMoments: 10
total albedo: 0.0485121
per-collision order albedos: 
0 0.0375234 0.0084295 0.001947 0.000468 0.0001096 2.52e-05 6.5e-06 2.3e-06 5e-07 1e-07 0 0 0 0 0 0 0 0 0 
Collision density L:
0.117089 0.0741416 0.0468231 0.0293986 0.0186163 0.0117044 0.0074639 0.00473842 0.00293759 0.001868 0.00119786 0.00074134 0.000501465 0.000310575 0.00018887 0.00013433 7.5245e-05 5.454e-05 2.9795e-05 1.313e-05 8.08e-06 1.01e-05 1.01e-05 4.545e-06 2.02e-06 5.05e-07 2.02e-06 1.01e-06 0 0 5.05e-07 0 0 0 0 0 0 0 0 0 0 0 0 0 0 0 0 0 0 0 0 
Collision density R:
2.40693 1.52191 0.962296 0.60937 0.38473 0.242652 0.153958 0.096909 0.0612868 0.0388744 0.0245677 0.0154964 0.00986316 0.00614939 0.00398698 0.00246592 0.00157914 0.00099687 0.000658015 0.000399455 0.00024139 0.000150995 9.6455e-05 6.969e-05 4.6965e-05 2.0705e-05 1.4645e-05 1.414e-05 6.06e-06 3.535e-06 2.02e-06 3.535e-06 2.525e-06 1.515e-06 0 0 0 0 0 0 0 0 0 0 0 0 0 0 0 0 0 
Density Moments:
1.35917 0.586976 0.507037 0.657318 1.13717 2.46169 6.40053 19.4179 67.2011 260.221 
Per-collision Density Moments:
1 0.333281 0.222103 0.222 0.29597 0.493611 0.988809 2.31302 6.18795 18.6275 
0.262386 0.162291 0.158114 0.208177 0.344811 0.688819 1.61529 4.36698 13.4398 46.6065 
0.0703525 0.0608937 0.0767962 0.124347 0.244689 0.56649 1.51042 4.5689 15.499 58.3565 
0.019102 0.0206684 0.0315592 0.0601488 0.136289 0.35711 1.06284 3.54804 13.1523 53.6212 
0.0052782 0.00673064 0.011916 0.0258783 0.0656983 0.189521 0.608753 2.14276 8.15715 33.2145 
0.0014711 0.00213794 0.00429689 0.0104683 0.029416 0.0926988 0.32127 1.20612 4.84412 20.5951 
0.0004225 0.0006775 0.00149343 0.00395537 0.011983 0.0404534 0.149485 0.595894 2.52972 11.3057 
0.0001179 0.000210921 0.000520265 0.00154064 0.00520914 0.0195738 0.0802847 0.354538 1.66608 8.2454 
3.08e-05 5.93352e-05 0.00016035 0.000523677 0.00197033 0.00834016 0.0389418 0.196742 1.05652 5.94046 
8.2e-06 1.76952e-05 5.43542e-05 0.000201418 0.000853568 0.00400234 0.0202272 0.107929 0.598778 3.41669 
1.8e-06 4.25694e-06 1.26848e-05 4.17897e-05 0.000146746 0.000539563 0.00205504 0.00804747 0.032218 0.131275 
6e-07 1.86332e-06 6.22468e-06 2.22814e-05 8.46118e-05 0.000336618 0.00138641 0.00585466 0.025169 0.1096 
4e-07 1.24471e-06 4.11846e-06 1.43991e-05 5.26768e-05 0.000199558 0.000775773 0.0030729 0.0123391 0.050047 
0 0 0 0 0 0 0 0 0 0 
0 0 0 0 0 0 0 0 0 0 
0 0 0 0 0 0 0 0 0 0 
0 0 0 0 0 0 0 0 0 0 
0 0 0 0 0 0 0 0 0 0 
0 0 0 0 0 0 0 0 0 0 
0 0 0 0 0 0 0 0 0 0 
Per-collision Densities L:
0 0 0 0 0 0 0 0 0 0 0 0 0 0 0 0 0 0 0 0 0 0 0 0 0 0 0 0 0 0 0 0 0 0 0 0 0 0 0 0 0 0 0 0 0 0 0 0 0 0 0 
0.0849683 0.047064 0.0259823 0.0141819 0.00798708 0.0042925 0.00240582 0.00132563 0.0007272 0.000407535 0.00022927 0.000132815 6.868e-05 4.141e-05 2.0705e-05 8.585e-06 6.06e-06 5.05e-06 2.02e-06 5.05e-07 1.01e-06 0 5.05e-07 0 0 0 0 0 0 0 0 0 0 0 0 0 0 0 0 0 0 0 0 0 0 0 0 0 0 0 0 
0.0243733 0.0196809 0.0142556 0.0097869 0.00634482 0.00413595 0.00260075 0.00162762 0.000973135 0.000597415 0.000370165 0.000210585 0.00013433 7.5245e-05 3.939e-05 3.131e-05 1.212e-05 8.08e-06 4.545e-06 1.515e-06 5.05e-07 3.03e-06 1.515e-06 1.01e-06 0 0 5.05e-07 5.05e-07 0 0 0 0 0 0 0 0 0 0 0 0 0 0 0 0 0 0 0 0 0 0 0 
0.00588527 0.00552622 0.00478538 0.00385921 0.00287951 0.0020902 0.00152005 0.00104939 0.000703465 0.000469145 0.000294415 0.00019392 0.00013736 7.777e-05 5.05e-05 2.9795e-05 2.1715e-05 1.3635e-05 3.03e-06 4.545e-06 1.01e-06 1.01e-06 2.02e-06 1.515e-06 5.05e-07 0 1.01e-06 0 0 0 0 0 0 0 0 0 0 0 0 0 0 0 0 0 0 0 0 0 0 0 0 
0.00139027 0.00138168 0.00132613 0.0011413 0.00100697 0.00083426 0.00062519 0.00048783 0.000332795 0.000255025 0.00017069 0.000121705 8.0295e-05 5.5045e-05 3.7875e-05 3.333e-05 1.818e-05 1.01e-05 9.09e-06 3.535e-06 2.02e-06 4.04e-06 1.515e-06 5.05e-07 0 0 5.05e-07 5.05e-07 0 0 5.05e-07 0 0 0 0 0 0 0 0 0 0 0 0 0 0 0 0 0 0 0 0 
0.000352995 0.000360065 0.0003535 0.000321685 0.00028381 0.00024745 0.000221695 0.000177255 0.00013635 9.3425e-05 8.6355e-05 4.646e-05 4.848e-05 3.232e-05 2.222e-05 1.818e-05 8.08e-06 8.08e-06 5.05e-06 1.01e-06 2.02e-06 5.05e-07 2.02e-06 5.05e-07 1.01e-06 0 0 0 0 0 0 0 0 0 0 0 0 0 0 0 0 0 0 0 0 0 0 0 0 0 0 
8.8375e-05 9.494e-05 9.191e-05 8.4335e-05 7.9285e-05 7.9285e-05 7.07e-05 4.8985e-05 4.5955e-05 3.131e-05 3.333e-05 2.6765e-05 2.121e-05 1.8685e-05 1.2625e-05 1.0605e-05 5.05e-06 3.535e-06 1.515e-06 1.515e-06 5.05e-07 1.01e-06 1.515e-06 5.05e-07 5.05e-07 5.05e-07 0 0 0 0 0 0 0 0 0 0 0 0 0 0 0 0 0 0 0 0 0 0 0 0 0 
2.525e-05 2.3735e-05 2.2725e-05 1.5655e-05 2.424e-05 2.02e-05 1.515e-05 1.6665e-05 1.3635e-05 1.111e-05 8.585e-06 5.05e-06 9.09e-06 7.575e-06 2.525e-06 1.01e-06 2.525e-06 2.525e-06 3.03e-06 0 1.01e-06 0 5.05e-07 0 0 0 0 0 0 0 0 0 0 0 0 0 0 0 0 0 0 0 0 0 0 0 0 0 0 0 0 
3.03e-06 7.575e-06 3.535e-06 7.07e-06 8.585e-06 4.04e-06 3.535e-06 3.535e-06 2.525e-06 2.02e-06 4.04e-06 2.525e-06 1.01e-06 2.02e-06 2.525e-06 1.01e-06 1.515e-06 1.515e-06 1.515e-06 5.05e-07 0 0 0 5.05e-07 0 0 0 0 0 0 0 0 0 0 0 0 0 0 0 0 0 0 0 0 0 0 0 0 0 0 0 
2.02e-06 2.525e-06 2.02e-06 5.05e-07 2.02e-06 0 5.05e-07 1.515e-06 1.515e-06 1.01e-06 1.01e-06 5.05e-07 1.01e-06 5.05e-07 5.05e-07 0 0 1.515e-06 0 0 0 0 5.05e-07 0 0 0 0 0 0 0 0 0 0 0 0 0 0 0 0 0 0 0 0 0 0 0 0 0 0 0 0 
0 0 0 0 0 5.05e-07 5.05e-07 0 1.01e-06 0 0 5.05e-07 0 0 0 5.05e-07 0 5.05e-07 0 0 0 5.05e-07 0 0 0 0 0 0 0 0 0 0 0 0 0 0 0 0 0 0 0 0 0 0 0 0 0 0 0 0 0 
0 0 0 0 0 0 0 0 0 0 0 5.05e-07 0 0 0 0 0 0 0 0 0 0 0 0 0 0 0 0 0 0 0 0 0 0 0 0 0 0 0 0 0 0 0 0 0 0 0 0 0 0 0 
0 0 0 0 0 0 0 0 0 0 0 0 0 0 0 0 0 0 0 0 0 0 0 0 0 0 0 0 0 0 0 0 0 0 0 0 0 0 0 0 0 0 0 0 0 0 0 0 0 0 0 
0 0 0 0 0 0 0 0 0 0 0 0 0 0 0 0 0 0 0 0 0 0 0 0 0 0 0 0 0 0 0 0 0 0 0 0 0 0 0 0 0 0 0 0 0 0 0 0 0 0 0 
0 0 0 0 0 0 0 0 0 0 0 0 0 0 0 0 0 0 0 0 0 0 0 0 0 0 0 0 0 0 0 0 0 0 0 0 0 0 0 0 0 0 0 0 0 0 0 0 0 0 0 
0 0 0 0 0 0 0 0 0 0 0 0 0 0 0 0 0 0 0 0 0 0 0 0 0 0 0 0 0 0 0 0 0 0 0 0 0 0 0 0 0 0 0 0 0 0 0 0 0 0 0 
0 0 0 0 0 0 0 0 0 0 0 0 0 0 0 0 0 0 0 0 0 0 0 0 0 0 0 0 0 0 0 0 0 0 0 0 0 0 0 0 0 0 0 0 0 0 0 0 0 0 0 
0 0 0 0 0 0 0 0 0 0 0 0 0 0 0 0 0 0 0 0 0 0 0 0 0 0 0 0 0 0 0 0 0 0 0 0 0 0 0 0 0 0 0 0 0 0 0 0 0 0 0 
0 0 0 0 0 0 0 0 0 0 0 0 0 0 0 0 0 0 0 0 0 0 0 0 0 0 0 0 0 0 0 0 0 0 0 0 0 0 0 0 0 0 0 0 0 0 0 0 0 0 0 
0 0 0 0 0 0 0 0 0 0 0 0 0 0 0 0 0 0 0 0 0 0 0 0 0 0 0 0 0 0 0 0 0 0 0 0 0 0 0 0 0 0 0 0 0 0 0 0 0 0 0 
Per-collision Densities L:
2.26198 1.24887 0.689138 0.381255 0.210233 0.11576 0.0640815 0.0352268 0.0194657 0.0107893 0.00592365 0.00322544 0.00179578 0.000989295 0.0005757 0.00031209 0.0001717 9.3425e-05 5.05e-05 3.535e-05 1.3635e-05 9.595e-06 1.01e-06 1.515e-06 1.515e-06 5.05e-07 2.02e-06 0 5.05e-07 0 0 0 0 0 0 0 0 0 0 0 0 0 0 0 0 0 0 0 0 0 0 
0.136588 0.241952 0.225878 0.175356 0.124636 0.08413 0.0551152 0.0351399 0.0221124 0.0135582 0.00832543 0.00504798 0.002979 0.00176851 0.00108424 0.000603475 0.000387335 0.0002222 0.00013332 6.464e-05 4.343e-05 2.525e-05 1.6665e-05 8.08e-06 6.565e-06 2.525e-06 1.515e-06 2.02e-06 0 1.515e-06 5.05e-07 0 0 5.05e-07 0 0 0 0 0 0 0 0 0 0 0 0 0 0 0 0 0 
0.0074639 0.0274599 0.0403833 0.0432265 0.03899 0.031817 0.0246526 0.0177937 0.0125341 0.00883599 0.00594133 0.00390012 0.00263105 0.00163065 0.00103071 0.000645895 0.000396425 0.00025755 0.00016463 0.000105545 6.06e-05 2.9795e-05 2.4745e-05 1.01e-05 9.595e-06 6.565e-06 1.515e-06 2.02e-06 1.01e-06 5.05e-07 0 1.01e-06 1.01e-06 0 0 0 0 0 0 0 0 0 0 0 0 0 0 0 0 0 0 
0.000708515 0.00302243 0.00574135 0.0078775 0.00872388 0.00856834 0.00761591 0.00638118 0.00498385 0.00381275 0.00284568 0.00206899 0.00144632 0.00101606 0.000705485 0.000472175 0.000314615 0.000202 0.000125745 8.3325e-05 5.757e-05 3.131e-05 1.8685e-05 1.616e-05 1.111e-05 4.04e-06 1.01e-06 2.02e-06 2.525e-06 5.05e-07 5.05e-07 5.05e-07 1.01e-06 5.05e-07 0 0 0 0 0 0 0 0 0 0 0 0 0 0 0 0 0 
0.00013635 0.000481265 0.000932735 0.00132108 0.00171953 0.00190638 0.00194173 0.00178366 0.00159984 0.00132613 0.00106555 0.000843855 0.000660035 0.000449955 0.000363095 0.00024846 0.00016564 0.00011817 9.8475e-05 5.8075e-05 2.9795e-05 2.4745e-05 1.717e-05 1.5655e-05 8.08e-06 3.535e-06 2.525e-06 1.515e-06 0 0 5.05e-07 5.05e-07 0 0 0 0 0 0 0 0 0 0 0 0 0 0 0 0 0 0 0 
3.8885e-05 9.5445e-05 0.00016362 0.00025048 0.000336835 0.000370165 0.000419655 0.00045753 0.000440865 0.000407535 0.000325725 0.00028785 0.000241895 0.00019796 0.000144935 0.00011716 9.09e-05 6.565e-05 4.545e-05 2.727e-05 2.222e-05 1.8685e-05 1.0605e-05 8.08e-06 4.545e-06 2.525e-06 3.03e-06 1.515e-06 1.01e-06 0 5.05e-07 0 0 0 0 0 0 0 0 0 0 0 0 0 0 0 0 0 0 0 0 
9.09e-06 2.222e-05 4.545e-05 6.2115e-05 7.3225e-05 7.777e-05 9.898e-05 0.000102515 0.00011716 0.000109585 9.8475e-05 8.7365e-05 7.6255e-05 6.767e-05 5.9085e-05 4.848e-05 3.03e-05 2.323e-05 2.4745e-05 1.515e-05 6.565e-06 7.07e-06 4.04e-06 5.05e-06 1.515e-06 5.05e-07 1.515e-06 3.535e-06 0 5.05e-07 0 0 0 0 0 0 0 0 0 0 0 0 0 0 0 0 0 0 0 0 0 
2.02e-06 5.05e-06 9.09e-06 1.5655e-05 1.4645e-05 1.919e-05 2.828e-05 1.919e-05 2.828e-05 2.7775e-05 3.0805e-05 2.5755e-05 2.4745e-05 1.8685e-05 1.515e-05 1.3635e-05 1.717e-05 8.585e-06 1.313e-05 8.585e-06 4.04e-06 3.03e-06 2.525e-06 2.02e-06 2.525e-06 5.05e-07 1.01e-06 1.01e-06 5.05e-07 0 0 1.01e-06 0 0 0 0 0 0 0 0 0 0 0 0 0 0 0 0 0 0 0 
1.01e-06 2.525e-06 4.545e-06 4.545e-06 3.03e-06 2.02e-06 4.04e-06 3.535e-06 3.535e-06 5.555e-06 1.01e-05 6.565e-06 6.06e-06 7.575e-06 5.555e-06 3.03e-06 4.04e-06 3.535e-06 5.05e-07 1.01e-06 3.03e-06 1.01e-06 0 2.02e-06 1.01e-06 0 5.05e-07 0 0 5.05e-07 0 5.05e-07 0 5.05e-07 0 0 0 0 0 0 0 0 0 0 0 0 0 0 0 0 0 
0 0 5.05e-07 1.01e-06 0 1.01e-06 5.05e-07 1.01e-06 1.01e-06 1.515e-06 1.01e-06 1.515e-06 1.01e-06 2.525e-06 1.01e-06 1.01e-06 1.01e-06 2.02e-06 1.01e-06 0 5.05e-07 0 5.05e-07 5.05e-07 5.05e-07 0 0 5.05e-07 5.05e-07 0 0 0 5.05e-07 0 0 0 0 0 0 0 0 0 0 0 0 0 0 0 0 0 0 
5.05e-07 5.05e-07 0 0 0 5.05e-07 0 0 0 0 0 0 5.05e-07 0 1.515e-06 5.05e-07 0 0 5.05e-07 0 0 0 5.05e-07 0 0 0 0 0 0 0 0 0 0 0 0 0 0 0 0 0 0 0 0 0 0 0 0 0 0 0 0 
0 0 0 0 0 0 0 0 0 0 0 5.05e-07 0 5.05e-07 5.05e-07 0 0 0 0 5.05e-07 0 0 0 5.05e-07 0 0 0 0 0 0 0 0 0 0 0 0 0 0 0 0 0 0 0 0 0 0 0 0 0 0 0 
0 0 0 0 0 0 0 0 0 0 0 5.05e-07 5.05e-07 0 0 0 0 5.05e-07 0 0 0 5.05e-07 0 0 0 0 0 0 0 0 0 0 0 0 0 0 0 0 0 0 0 0 0 0 0 0 0 0 0 0 0 
0 0 0 0 0 0 0 0 0 0 0 0 0 0 0 0 0 0 0 0 0 0 0 0 0 0 0 0 0 0 0 0 0 0 0 0 0 0 0 0 0 0 0 0 0 0 0 0 0 0 0 
0 0 0 0 0 0 0 0 0 0 0 0 0 0 0 0 0 0 0 0 0 0 0 0 0 0 0 0 0 0 0 0 0 0 0 0 0 0 0 0 0 0 0 0 0 0 0 0 0 0 0 
0 0 0 0 0 0 0 0 0 0 0 0 0 0 0 0 0 0 0 0 0 0 0 0 0 0 0 0 0 0 0 0 0 0 0 0 0 0 0 0 0 0 0 0 0 0 0 0 0 0 0 
0 0 0 0 0 0 0 0 0 0 0 0 0 0 0 0 0 0 0 0 0 0 0 0 0 0 0 0 0 0 0 0 0 0 0 0 0 0 0 0 0 0 0 0 0 0 0 0 0 0 0 
0 0 0 0 0 0 0 0 0 0 0 0 0 0 0 0 0 0 0 0 0 0 0 0 0 0 0 0 0 0 0 0 0 0 0 0 0 0 0 0 0 0 0 0 0 0 0 0 0 0 0 
0 0 0 0 0 0 0 0 0 0 0 0 0 0 0 0 0 0 0 0 0 0 0 0 0 0 0 0 0 0 0 0 0 0 0 0 0 0 0 0 0 0 0 0 0 0 0 0 0 0 0 
0 0 0 0 0 0 0 0 0 0 0 0 0 0 0 0 0 0 0 0 0 0 0 0 0 0 0 0 0 0 0 0 0 0 0 0 0 0 0 0 0 0 0 0 0 0 0 0 0 0 0 
