Half rod, albedo problem, Anisotropic scattering, exponential random flight, mu_t: 1 g: 0.1
Analogmu_t c: 0.9 maxx: 10 dx: 0.19802 numsamples: 10000000 numCollisionOrders: 20 numMoments: 10
total albedo: 0.50213
per-collision order albedos: 
0 0.202534 0.100108 0.0578676 0.0369696 0.0250314 0.0178507 0.013057 0.0098249 0.0075096 0.0058334 0.0045695 0.0036705 0.0029487 0.002384 0.0019356 0.0016005 0.001325 0.0011096 0.0009168 
Collision density L:
0.488215 0.459071 0.432459 0.407368 0.383761 0.361125 0.340951 0.321599 0.301885 0.284854 0.2679 0.252355 0.2384 0.224517 0.210955 0.19904 0.187543 0.176284 0.166365 0.156556 0.147979 0.139135 0.130726 0.123589 0.116293 0.109522 0.103566 0.0972913 0.091559 0.0859773 0.0812272 0.0759318 0.0719049 0.0677564 0.0638527 0.0604091 0.0567943 0.0534144 0.0502945 0.047467 0.0446698 0.0422059 0.0396309 0.0376018 0.0349682 0.0329942 0.031208 0.0292557 0.0277068 0.0263161 0.423503 
Collision density R:
0.971793 0.916318 0.861282 0.811835 0.76503 0.719043 0.678169 0.639439 0.602235 0.566738 0.534487 0.50396 0.474204 0.44598 0.420661 0.395971 0.373668 0.352374 0.331146 0.312412 0.294055 0.276934 0.260627 0.245761 0.231725 0.217525 0.205992 0.193987 0.181872 0.171938 0.161838 0.152487 0.143599 0.13551 0.127525 0.120183 0.112664 0.106545 0.100381 0.0938815 0.0892709 0.0839805 0.0792002 0.0746774 0.0701516 0.0658055 0.0622645 0.0584977 0.0552 0.0518817 0.84374 
Density Moments:
4.98067 16.5063 109.409 1087.95 14426.6 239100 4.75238e+06 1.10056e+08 2.90562e+09 8.59356e+10 
Per-collision Density Moments:
1 0.999602 1.99831 5.98928 23.9209 119.313 712.658 4944.59 38902.6 340207 
0.69758 1.1922 3.37291 13.0846 64.2389 381.23 2654.58 21251.5 192952 1.97059e+06 
0.527762 1.20014 4.23639 19.6992 112.752 764.146 5978.57 53067.7 528063 5.84302e+06 
0.417187 1.15037 4.76039 25.3837 163.866 1236.3 10654.2 103224 1.11152e+06 1.31841e+07 
0.338499 1.07829 5.04555 30.0057 213.794 1765.36 16530.3 172842 1.99483e+06 2.51786e+07 
0.279606 0.999313 5.1673 33.6305 260.225 2318.45 23296.2 260199 3.1957e+06 4.27862e+07 
0.233749 0.919151 5.17068 36.3544 302.186 2878.12 30777.8 364287 4.7215e+06 6.64391e+07 
0.197248 0.841893 5.09527 38.3317 339.432 3430.93 38803.4 484167 6.59414e+06 9.71928e+07 
0.167702 0.768703 4.96021 39.6043 370.781 3948.12 46870 611483 8.66955e+06 1.32339e+08 
0.143449 0.700493 4.78331 40.2653 396.369 4428.53 55073 751747 1.11424e+07 1.77747e+08 
0.123322 0.63741 4.58288 40.4989 417.514 4875.53 63275.1 900612 1.3922e+07 2.32023e+08 
0.106487 0.57896 4.36171 40.284 433.074 5261.61 70859.1 1.04331e+06 1.66226e+07 2.84332e+08 
0.0921834 0.525124 4.12966 39.7319 444.295 5608.85 78442.9 1.19938e+06 1.98527e+07 3.53038e+08 
0.0800119 0.475908 3.89288 38.8794 450.639 5889.15 85164.9 1.34519e+06 2.29876e+07 4.21961e+08 
0.0696115 0.430898 3.65728 37.8395 453.829 6129.69 91465.1 1.48695e+06 2.60541e+07 4.87731e+08 
0.0607304 0.389988 3.42527 36.6094 452.901 6302.12 96794.5 1.61874e+06 2.91664e+07 5.61336e+08 
0.0530696 0.352965 3.20406 35.3498 450.887 6460.48 102030 1.75184e+06 3.23568e+07 6.37397e+08 
0.0464385 0.31933 2.98907 33.958 445.573 6562.23 106448 1.87628e+06 3.55687e+07 7.19306e+08 
0.0406926 0.288677 2.78411 32.5587 439.348 6648.01 110686 2.00014e+06 3.88144e+07 8.01934e+08 
0 0 0 0 0 0 0 0 0 0 
Per-collision Densities L:
0 0 0 0 0 0 0 0 0 0 0 0 0 0 0 0 0 0 0 0 0 0 0 0 0 0 0 0 0 0 0 0 0 0 0 0 0 0 0 0 0 0 0 0 0 0 0 0 0 0 0 
0.183957 0.150261 0.123751 0.101227 0.0831371 0.0680028 0.0561813 0.0460015 0.0375755 0.0307798 0.0254929 0.0206252 0.0172023 0.0140516 0.0116357 0.00939805 0.00767853 0.0062615 0.00516211 0.00425766 0.00358348 0.00282598 0.00235583 0.00192001 0.00159277 0.00132714 0.00107616 0.000872135 0.00072215 0.0005656 0.0004848 0.000417635 0.00032724 0.000253005 0.000225735 0.000168165 0.00013938 0.000122715 0.000101505 8.484e-05 6.565e-05 6.464e-05 3.838e-05 4.2925e-05 2.929e-05 1.717e-05 2.222e-05 1.7675e-05 1.616e-05 1.414e-05 4.5955e-05 
0.0998744 0.0965908 0.0914156 0.0849152 0.0777998 0.0702233 0.0629841 0.0565135 0.0499081 0.0441612 0.0385416 0.0337133 0.0293208 0.0255828 0.022065 0.0190905 0.0162499 0.013833 0.0120347 0.0101914 0.00885871 0.00746895 0.00632058 0.00538633 0.0045955 0.00391527 0.00327745 0.00276185 0.00234977 0.00199778 0.00166448 0.00138471 0.00116403 0.00095849 0.00083426 0.00071912 0.00058681 0.00052217 0.000414605 0.000348955 0.000290375 0.000231795 0.000200485 0.00019594 0.00013635 0.00012221 9.9485e-05 8.888e-05 7.3225e-05 5.2015e-05 0.00033128 
0.0587042 0.0592027 0.0588325 0.0579114 0.0557813 0.0534684 0.0509939 0.0478826 0.0444834 0.0411913 0.0379412 0.0347117 0.0313903 0.0284734 0.0254257 0.0229124 0.0207525 0.018233 0.0161327 0.0143183 0.0127538 0.0111206 0.00972832 0.00874761 0.00744572 0.00655036 0.00582467 0.0049081 0.00428038 0.00374054 0.00324311 0.00277397 0.00241946 0.00205586 0.0017675 0.00155288 0.00132462 0.00113423 0.000965055 0.000845875 0.0006767 0.000598425 0.000529745 0.000467125 0.00038077 0.000323705 0.000282295 0.00024846 0.00019998 0.00017675 0.000933745 
0.0377897 0.0388229 0.039494 0.0394723 0.0395511 0.0390451 0.0380619 0.0367524 0.0352732 0.033889 0.0317741 0.0302359 0.0283669 0.0264357 0.0242961 0.0225331 0.0206883 0.0190739 0.0174604 0.0159954 0.0144536 0.0129937 0.0116241 0.0105616 0.00946623 0.00846027 0.00762247 0.00671398 0.0058883 0.00524746 0.00463641 0.00411676 0.00366883 0.00313302 0.00285325 0.00243663 0.00216898 0.00190133 0.00166246 0.00146804 0.00126503 0.0011004 0.000992325 0.00081709 0.000743865 0.0006363 0.000550955 0.000465105 0.0004141 0.00034845 0.00215837 
0.0258242 0.0268221 0.0274372 0.0282492 0.0281704 0.0284345 0.0286512 0.0280543 0.0273119 0.0262731 0.0256343 0.0247945 0.0239269 0.0226493 0.0213903 0.0202374 0.019043 0.0179315 0.0165186 0.0154611 0.0142854 0.0132684 0.0122276 0.0110918 0.0101702 0.00924706 0.00837442 0.00761843 0.00702203 0.00616807 0.00554288 0.00499445 0.00457833 0.00397233 0.00365418 0.00328957 0.0029492 0.00267095 0.00227806 0.00202455 0.00178972 0.00161954 0.00140087 0.00124584 0.00104485 0.000945865 0.000856985 0.00075346 0.00065852 0.00058479 0.00391779 
0.0181825 0.0193859 0.0199369 0.0206444 0.0211555 0.0212928 0.0212731 0.0215342 0.0208893 0.0209817 0.0203505 0.0199561 0.0193354 0.0186002 0.0179159 0.0173584 0.0165751 0.0155535 0.0149061 0.0139567 0.0130739 0.0124412 0.0115327 0.0107833 0.0101152 0.00940108 0.00858349 0.00786083 0.00725029 0.00669277 0.00618575 0.00561459 0.00495658 0.00469751 0.00421726 0.00385012 0.00348551 0.00308252 0.00283356 0.00250834 0.00226594 0.00198415 0.00187052 0.00162055 0.0014443 0.00128169 0.00116605 0.00104232 0.000901425 0.000819615 0.00607717 
0.0134093 0.0142597 0.0148111 0.0153126 0.0156873 0.0161161 0.0162873 0.0163489 0.0164236 0.016461 0.0162246 0.016013 0.0155515 0.0153328 0.0149015 0.0144723 0.0138532 0.0132578 0.0128841 0.012225 0.0117549 0.0112049 0.0103641 0.00996618 0.00930059 0.00874761 0.00814262 0.00770479 0.00718413 0.00663621 0.00616908 0.0056459 0.00530503 0.0047975 0.00450511 0.00415969 0.00376427 0.00342845 0.00305222 0.00288759 0.00260277 0.00235078 0.0021109 0.00195284 0.00170791 0.00154278 0.00145289 0.00127664 0.00117514 0.00101404 0.00847138 
0.0100929 0.0108126 0.0113231 0.0116882 0.0120665 0.0123887 0.012627 0.0127437 0.012877 0.0129957 0.0130093 0.0128063 0.0126947 0.012476 0.0121225 0.0119998 0.0116913 0.0114867 0.011055 0.0106484 0.0102091 0.00969095 0.00933998 0.00893396 0.00847592 0.00795577 0.00760985 0.00733159 0.00670994 0.00633775 0.00583427 0.00556056 0.00518938 0.00475912 0.0045046 0.00413848 0.00377033 0.00354914 0.00332745 0.00300273 0.00280629 0.00250834 0.00231391 0.00212403 0.00193163 0.00182305 0.00165388 0.00147814 0.00137613 0.00120443 0.0107873 
0.00772802 0.00823706 0.0085946 0.00902587 0.00938593 0.00965813 0.00981165 0.0101187 0.0102136 0.0102485 0.0100975 0.0101879 0.0102757 0.0102646 0.0100667 0.00991416 0.00969802 0.00954854 0.00932836 0.00900971 0.00882791 0.00853299 0.00820272 0.00781993 0.00746289 0.00716444 0.006918 0.00648774 0.00624584 0.00586154 0.00555096 0.00520403 0.00491719 0.00462479 0.00422635 0.00413292 0.00378296 0.00356379 0.00330523 0.00303101 0.00281184 0.00266135 0.00245481 0.00223917 0.00204323 0.00191496 0.0017367 0.0015958 0.00140996 0.0013938 0.0128921 
0.00598375 0.00629533 0.00671196 0.00694678 0.00740078 0.00768408 0.00775428 0.0079987 0.00816333 0.00824665 0.00838199 0.00836533 0.00853097 0.00833149 0.00825019 0.00814464 0.00817292 0.00790628 0.00781033 0.00762954 0.00746289 0.00734775 0.00711444 0.00685942 0.00651955 0.0063524 0.00604637 0.00582215 0.00556157 0.00533886 0.00512222 0.00483386 0.00451016 0.00438997 0.00408091 0.0038784 0.00362792 0.00338956 0.00316686 0.00292597 0.00280225 0.00260984 0.0024134 0.00227553 0.00212706 0.00198263 0.00178366 0.00172256 0.001565 0.00142461 0.0147879 
0.00479144 0.00508737 0.00533078 0.00565954 0.00600647 0.00600546 0.00630442 0.00649228 0.00664227 0.00670943 0.00677054 0.00697203 0.00676599 0.00668822 0.00687103 0.00681548 0.00672812 0.00678013 0.0066155 0.00641047 0.00622615 0.00619989 0.00600546 0.00583326 0.00581811 0.00562116 0.00539492 0.00512474 0.00493436 0.00458742 0.00459045 0.00430008 0.00416423 0.00406525 0.00378801 0.00356833 0.00340522 0.00327796 0.00301031 0.00289012 0.00268004 0.00254722 0.00242198 0.00232805 0.00203667 0.00195183 0.00182911 0.00169226 0.00154581 0.00154631 0.016256 
0.00382083 0.00401829 0.00433391 0.00453844 0.00469297 0.00483891 0.00521665 0.00522322 0.00535856 0.00539492 0.00559136 0.00546764 0.00562419 0.0056656 0.00565398 0.00576508 0.00559086 0.00559894 0.00554238 0.00549642 0.00542724 0.00527422 0.00521463 0.00496516 0.00496062 0.00478841 0.00468842 0.00451167 0.0043728 0.00427887 0.00403748 0.00389204 0.00379306 0.00361328 0.00345117 0.00333553 0.0031714 0.00294264 0.00285931 0.00270074 0.00250632 0.00242754 0.0022523 0.00214827 0.0020397 0.00185184 0.00175942 0.00162156 0.00152813 0.00149581 0.0173321 
0.00307697 0.00329008 0.00339007 0.00364156 0.0038476 0.00401374 0.00404253 0.00425816 0.00433997 0.00443895 0.00456419 0.00448036 0.00467428 0.00473337 0.00478336 0.00461722 0.00466469 0.00469095 0.00468741 0.00461116 0.00457682 0.00452329 0.00443693 0.00435108 0.00416777 0.0040698 0.00401728 0.00396829 0.00390214 0.00368398 0.00358803 0.00339158 0.00336381 0.00328402 0.0031714 0.00294062 0.00283507 0.00270933 0.00255884 0.00247854 0.00235431 0.00227705 0.00210585 0.00200586 0.00191698 0.00178619 0.00169276 0.00159681 0.00148874 0.00143067 0.0179825 
0.00250076 0.00262499 0.00282901 0.00300778 0.00311333 0.00324008 0.00339512 0.00338552 0.00366933 0.00373852 0.00370367 0.00384255 0.00381174 0.00398243 0.00388598 0.00388648 0.00396981 0.00389103 0.00391678 0.00380518 0.0038784 0.00374508 0.00373246 0.00371882 0.00369307 0.00348703 0.003484 0.00342996 0.00335118 0.0032416 0.00314969 0.00303 0.00299415 0.00285578 0.00271488 0.00257045 0.00262297 0.00246895 0.00237552 0.00226442 0.0021912 0.0021104 0.0019791 0.00187406 0.00178972 0.00164984 0.00160893 0.00148167 0.00144733 0.00140996 0.0184214 
0.00200889 0.00218867 0.00230028 0.00242653 0.00255177 0.00273104 0.0027775 0.00289567 0.00295425 0.00304869 0.003131 0.00313807 0.00320322 0.00322998 0.00322948 0.00328856 0.00339057 0.00332543 0.00334361 0.00326129 0.00332543 0.00325978 0.00319514 0.00316736 0.00302041 0.00308808 0.00307293 0.00291335 0.00284366 0.00288709 0.00282295 0.00258459 0.00256793 0.00251288 0.00239875 0.00235936 0.00232704 0.00217706 0.00219726 0.00208969 0.00198869 0.00186446 0.00178972 0.00172912 0.00162307 0.00156146 0.00149783 0.00137764 0.0013529 0.00129028 0.0184083 
0.00166246 0.00174427 0.00188214 0.00201445 0.00214928 0.00219322 0.0023129 0.00243208 0.00246996 0.00253662 0.00259368 0.00263711 0.00270579 0.00267802 0.00273508 0.00278558 0.00279013 0.00286083 0.00270579 0.00278104 0.00278861 0.00277346 0.00268711 0.00269973 0.0026159 0.00265782 0.00263661 0.00261035 0.0025149 0.00239825 0.00243006 0.00234825 0.0022725 0.0021811 0.00219675 0.00216999 0.00200031 0.00195183 0.00193062 0.00183214 0.00180639 0.00168014 0.00160994 0.00154076 0.00147107 0.00140946 0.00133169 0.00127715 0.00128422 0.00116908 0.0181982 
0.00137966 0.00150238 0.00156752 0.0017069 0.00175286 0.00183921 0.00189022 0.00199172 0.00201091 0.002121 0.00211797 0.00218716 0.00226897 0.00221998 0.00235431 0.00234623 0.00231593 0.00232149 0.00234522 0.00238411 0.00234169 0.00231038 0.00232957 0.00232957 0.00225836 0.00230634 0.00228311 0.00223261 0.0021407 0.00218463 0.00210585 0.00209979 0.00199627 0.00195385 0.00197304 0.00186699 0.00175942 0.00176245 0.00168721 0.00166953 0.00157409 0.00154227 0.00148521 0.001414 0.00134835 0.00129785 0.00127462 0.00126099 0.00115443 0.00111302 0.0177452 
0.00112767 0.0012221 0.00132159 0.00137108 0.00148268 0.00157813 0.00159328 0.00165792 0.00168822 0.00175791 0.00175134 0.00183972 0.00194526 0.00190789 0.00198162 0.00195587 0.00196799 0.00197304 0.00199273 0.00204828 0.00198162 0.00194072 0.00191597 0.00203162 0.00201091 0.00193819 0.00195435 0.00193516 0.00192405 0.00186598 0.00179174 0.00175134 0.00178013 0.00166095 0.0017165 0.00165539 0.00158974 0.00154278 0.00145844 0.00144228 0.00141905 0.00141097 0.00132664 0.00131553 0.00123422 0.00112363 0.00118019 0.00111605 0.00108171 0.000994345 0.0171892 
0 0 0 0 0 0 0 0 0 0 0 0 0 0 0 0 0 0 0 0 0 0 0 0 0 0 0 0 0 0 0 0 0 0 0 0 0 0 0 0 0 0 0 0 0 0 0 0 0 0 0 
Per-collision Densities L:
0.908024 0.745681 0.609324 0.500642 0.41068 0.336347 0.276667 0.226727 0.186393 0.152259 0.125501 0.102898 0.0843365 0.069029 0.0567878 0.046308 0.0383275 0.0312413 0.0258106 0.02121 0.0172458 0.0140915 0.0115125 0.00947128 0.00782952 0.00637815 0.0053323 0.00433088 0.00348854 0.00288406 0.0023932 0.00198061 0.00160035 0.00131603 0.00112615 0.000855975 0.00069488 0.000593375 0.000473185 0.000397435 0.00032219 0.000254015 0.000209575 0.000186345 0.000163115 0.00011211 8.9385e-05 8.1305e-05 6.7165e-05 6.565e-05 0.00025856 
0.0429119 0.10864 0.14929 0.171067 0.180989 0.180893 0.175343 0.166661 0.154525 0.142008 0.128692 0.115657 0.103431 0.0913853 0.0804303 0.0706131 0.061959 0.0538699 0.0465231 0.039993 0.0345597 0.0297334 0.0254838 0.0218822 0.0189532 0.0159489 0.0136486 0.0116953 0.00994598 0.00840068 0.00707303 0.00598072 0.0051106 0.00438391 0.00366782 0.00302192 0.0026255 0.00224473 0.00179477 0.00151197 0.00128624 0.00106555 0.000928695 0.000768105 0.000653975 0.000510555 0.000457025 0.00038582 0.00031815 0.00026462 0.0014135 
0.00860268 0.0260514 0.0433921 0.0579063 0.0701031 0.0785906 0.0850885 0.0886396 0.0899854 0.0895885 0.0876816 0.0844456 0.0800617 0.0752591 0.0705914 0.0653818 0.0600526 0.0553409 0.0499319 0.0451162 0.0404606 0.0363267 0.0324255 0.0289582 0.0256368 0.0226998 0.0201748 0.0176174 0.0154828 0.0135997 0.0117786 0.0103151 0.008989 0.00789618 0.00675741 0.00584285 0.0050798 0.00438845 0.00382134 0.00324463 0.0027871 0.00240582 0.00206949 0.00175336 0.00155591 0.00133522 0.00109939 0.00095849 0.000869105 0.00069892 0.00399859 
0.00407535 0.012023 0.0199692 0.0273195 0.0340107 0.0400197 0.0449182 0.0492436 0.0519398 0.0539249 0.0552642 0.0557091 0.0551127 0.0539921 0.0527387 0.0506571 0.0485532 0.0460227 0.043131 0.0405263 0.0378548 0.0350844 0.0321741 0.0297329 0.0270968 0.0245607 0.0225129 0.0204475 0.018183 0.016614 0.0147627 0.0132441 0.0117615 0.0105197 0.00932382 0.00835826 0.00721645 0.00639633 0.00571559 0.00499344 0.00440411 0.0039087 0.00341582 0.00294769 0.00257247 0.00225129 0.00199879 0.00177003 0.00151197 0.0013433 0.00822342 
0.00241289 0.00701445 0.0113312 0.0157252 0.0198571 0.0234567 0.0269377 0.0297364 0.0323407 0.0345415 0.0358308 0.03697 0.0376609 0.0379856 0.0378109 0.0372836 0.0369115 0.0355192 0.0344269 0.0333219 0.0318281 0.0300116 0.0283936 0.0267463 0.0250945 0.0233335 0.0215968 0.0201692 0.0183689 0.0171291 0.0156661 0.014236 0.0130548 0.0117084 0.0106858 0.00958541 0.00877135 0.0079381 0.00707253 0.00633321 0.00562924 0.00495203 0.00447784 0.00405313 0.00356278 0.00317847 0.00280881 0.00251389 0.0021412 0.00193617 0.013788 
0.00151147 0.00441471 0.00732452 0.0102091 0.0127083 0.0152374 0.017477 0.0196324 0.0215226 0.0230452 0.0244875 0.0257919 0.0263347 0.0271064 0.0273922 0.0275876 0.0273382 0.0270665 0.0268342 0.0261449 0.025456 0.0246566 0.0237921 0.0226179 0.0215968 0.0204242 0.0195789 0.0183037 0.0171448 0.0160802 0.0151384 0.0137941 0.0130078 0.0119948 0.0110438 0.0102187 0.00916373 0.00858298 0.00775226 0.00709475 0.00643875 0.00588073 0.00533179 0.0048778 0.00427988 0.00393294 0.00351581 0.00306535 0.00281588 0.00250834 0.0196945 
0.00102162 0.00295577 0.00501566 0.0068574 0.008686 0.0104853 0.0121003 0.0135805 0.0149773 0.0160625 0.0173372 0.018232 0.0191339 0.019747 0.020453 0.0206429 0.0206823 0.0206449 0.0206101 0.0205252 0.0201914 0.0198384 0.0193713 0.0187224 0.0180901 0.0175053 0.0167569 0.0157813 0.0152273 0.0144253 0.0136153 0.0128497 0.0120498 0.0113428 0.010653 0.00992224 0.00920767 0.00847491 0.00784366 0.00729776 0.00676751 0.00619585 0.00569792 0.00506566 0.00478134 0.00430664 0.0039284 0.00358247 0.00327594 0.00291991 0.0255707 
0.00070498 0.00211242 0.0035042 0.00493587 0.00620898 0.00756844 0.00859207 0.00987073 0.0109535 0.0120134 0.0128048 0.0135865 0.0140829 0.0146652 0.0152636 0.0154616 0.0157626 0.0160267 0.0160206 0.0160868 0.0160752 0.0158469 0.0155373 0.0152056 0.0150263 0.0145571 0.014136 0.0136582 0.0131037 0.0125311 0.0120614 0.0115357 0.0109014 0.0102571 0.00976721 0.00928039 0.00869105 0.00807748 0.00762954 0.0070296 0.00666449 0.00622766 0.00573226 0.00532018 0.00489295 0.00449804 0.0042218 0.00378952 0.00355975 0.00316888 0.0306818 
0.00053328 0.00155591 0.00252248 0.0035648 0.00458389 0.00542118 0.00645996 0.00729119 0.00809212 0.0088471 0.00952127 0.0101929 0.0107908 0.0112438 0.0115332 0.0120468 0.0121392 0.0123887 0.0125583 0.0127689 0.0126129 0.0126846 0.0126184 0.0124139 0.0121594 0.0118619 0.0117301 0.0114029 0.0110226 0.0108211 0.0104055 0.0101061 0.00945714 0.00912182 0.00877892 0.0083628 0.00783962 0.00754925 0.00705637 0.00667762 0.0063827 0.00591911 0.00552672 0.00520655 0.00484598 0.00451167 0.00425715 0.00390971 0.00369256 0.00338502 0.0346733 
0.00043127 0.00115999 0.00192405 0.00274821 0.0034643 0.00420867 0.00486719 0.00551157 0.00620645 0.00669681 0.00722807 0.00781993 0.00830422 0.00865015 0.00896224 0.00929958 0.0095445 0.0100232 0.0099783 0.0101717 0.0102364 0.0101924 0.0101631 0.0102015 0.0100859 0.00991669 0.00973186 0.00961621 0.00933543 0.00911879 0.00884053 0.00856935 0.00825827 0.0080396 0.0077058 0.00739522 0.00701849 0.00672812 0.0064135 0.0060499 0.00587063 0.00549693 0.00530957 0.00497577 0.0046253 0.00435361 0.0041208 0.00383699 0.00355722 0.00331886 0.0377033 
0.00030603 0.000946875 0.00149026 0.00209525 0.00263206 0.00326735 0.00375114 0.00436118 0.00484598 0.00518332 0.0056959 0.00600193 0.00650188 0.0066958 0.00705132 0.00733109 0.00756238 0.00776993 0.00794517 0.00815171 0.00816484 0.00826029 0.00825069 0.00836482 0.00832897 0.00812899 0.00817999 0.0080795 0.00785023 0.00762197 0.00759116 0.00730079 0.00719272 0.00686093 0.00671802 0.00647915 0.0062519 0.00596254 0.00581255 0.00540754 0.00523685 0.00505253 0.00474801 0.00464297 0.00435714 0.0040299 0.0038683 0.00361833 0.00343249 0.00320574 0.0396354 
0.000241895 0.000654985 0.00115494 0.00157661 0.00203515 0.00249824 0.0029689 0.00338047 0.00376276 0.00412585 0.00443643 0.00484043 0.0050803 0.00539694 0.00564287 0.00584538 0.00608121 0.00630998 0.00640744 0.00657813 0.00657207 0.00667509 0.00669782 0.00671246 0.00674428 0.00681245 0.00677458 0.0066963 0.00653723 0.00648319 0.00636906 0.00634937 0.00600698 0.00608576 0.00592365 0.00571458 0.00538734 0.00535502 0.00511313 0.00477629 0.00473539 0.00446269 0.00439906 0.00407737 0.00393294 0.00368398 0.00356177 0.00333351 0.00316282 0.00302849 0.0404879 
0.00017675 0.000547925 0.00088375 0.00128725 0.00164984 0.00201849 0.0023432 0.00263762 0.00297142 0.00332038 0.00350571 0.00383447 0.00409808 0.00433442 0.00444047 0.00479296 0.0048985 0.0051 0.00518585 0.00528988 0.0054131 0.00540451 0.00548935 0.00563732 0.00554591 0.00553682 0.0054944 0.00555551 0.00550147 0.00546208 0.00531563 0.00532068 0.00514191 0.00507475 0.004999 0.00498587 0.00476569 0.00466772 0.00454399 0.00434199 0.00421625 0.00398597 0.00390163 0.00376478 0.00356732 0.00344562 0.00326079 0.00309868 0.00288507 0.00280225 0.0404086 
0.000147965 0.000464095 0.000698415 0.00103475 0.0012827 0.00159126 0.00191345 0.00207151 0.00233613 0.00263509 0.00278457 0.00305929 0.00330018 0.00347339 0.00364711 0.00383396 0.00403394 0.00412888 0.0042824 0.00442532 0.0044233 0.00447228 0.00463893 0.00465257 0.00460409 0.00463893 0.00464954 0.00466721 0.004646 0.00463742 0.00450662 0.00444956 0.00451268 0.0043733 0.00431876 0.00414656 0.00407687 0.00400415 0.00395769 0.00377589 0.00375367 0.00355066 0.00348349 0.00341229 0.00317696 0.00306081 0.00295981 0.00279871 0.00269418 0.00267549 0.0396945 
0.000120695 0.00037673 0.00060701 0.00080901 0.00100495 0.00125341 0.00149228 0.00172609 0.00189375 0.00205434 0.00228412 0.00246945 0.00261338 0.0027674 0.00296637 0.00308151 0.00328907 0.00333755 0.00342845 0.00358096 0.00372337 0.00380568 0.0039082 0.00380467 0.00385467 0.00392183 0.00397082 0.00391476 0.00390012 0.00386275 0.00384962 0.00382386 0.00382588 0.00378599 0.00366731 0.00359257 0.0035345 0.0034643 0.00344107 0.00329917 0.00324362 0.00312848 0.00306687 0.00294314 0.00288557 0.00274367 0.00267701 0.00260782 0.00247854 0.0023129 0.0383709 
9.3425e-05 0.00029492 0.00047975 0.00065953 0.000873145 0.00103525 0.00117413 0.00142612 0.00161651 0.00171044 0.00186497 0.00198011 0.00214676 0.00232856 0.00241441 0.00254672 0.00261085 0.00282194 0.00286739 0.00290527 0.00295476 0.00307949 0.00310676 0.00321534 0.00319413 0.00326988 0.00331381 0.00329816 0.00328351 0.00330977 0.0033123 0.00324109 0.00318504 0.00322291 0.00313504 0.00313959 0.00308656 0.00303404 0.00296183 0.00291335 0.00287497 0.00276993 0.00262802 0.00264065 0.0025553 0.00240986 0.00245026 0.00227301 0.00217049 0.00208161 0.0370084 
7.07e-05 0.000226745 0.000389355 0.00056257 0.00067367 0.000836785 0.00101253 0.00115191 0.00130846 0.00138017 0.00158823 0.00169781 0.00181952 0.00190032 0.00200081 0.00205182 0.00212807 0.00228715 0.0024134 0.00241441 0.00249571 0.00258055 0.00262903 0.00264014 0.00266438 0.00269064 0.00274468 0.00272246 0.00278356 0.00274922 0.00278053 0.0027775 0.00282851 0.00277043 0.00268105 0.00266135 0.00261742 0.00261994 0.00256944 0.00251238 0.00244976 0.00246289 0.00237047 0.00233866 0.00220433 0.00218312 0.00211595 0.00207 0.00199374 0.00189022 0.0353444 
4.646e-05 0.000174225 0.00032724 0.00043834 0.000569135 0.000661045 0.000800425 0.00092112 0.00108272 0.00113322 0.00128068 0.00138724 0.00152611 0.00158772 0.00158368 0.00171599 0.0018175 0.00196698 0.00197859 0.00202808 0.00208515 0.00223766 0.00214322 0.00219827 0.00221695 0.00223968 0.00228866 0.00235583 0.00234573 0.00232553 0.00230836 0.00234068 0.00242097 0.0023831 0.00232502 0.00223412 0.00228008 0.00221241 0.00211191 0.00217655 0.00215484 0.00214019 0.00208616 0.0020296 0.00198162 0.00187961 0.00183921 0.00179023 0.00172357 0.00175084 0.0334573 
6.0095e-05 0.000163115 0.000271185 0.000382285 0.00049692 0.00054843 0.00065549 0.00078073 0.000848905 0.000941825 0.00100849 0.00118625 0.00119534 0.00131401 0.00136148 0.00143976 0.00154833 0.00159984 0.0016458 0.00173468 0.00176245 0.00179578 0.00183871 0.00184325 0.00187658 0.00185992 0.00194728 0.00200384 0.00195688 0.00196647 0.00203414 0.00198667 0.0019993 0.00201192 0.00200788 0.00197708 0.00195587 0.00189931 0.00187052 0.0017978 0.00186093 0.00185537 0.00184578 0.00172862 0.00168064 0.00169226 0.00159833 0.00162307 0.00161196 0.00150137 0.0314812 
0 0 0 0 0 0 0 0 0 0 0 0 0 0 0 0 0 0 0 0 0 0 0 0 0 0 0 0 0 0 0 0 0 0 0 0 0 0 0 0 0 0 0 0 0 0 0 0 0 0 0 
