Half rod, albedo problem, Anisotropic scattering, exponential random flight, mu_t: 3 g: -0.5
Analogmu_t c: 0.98 maxx: 10 dx: 0.19802 numsamples: 1000000 numCollisionOrders: 20 numMoments: 10
total albedo: 0.791833
per-collision order albedos: 
0 0.366765 0.090132 0.071564 0.041941 0.032558 0.024089 0.019396 0.015573 0.013032 0.011076 0.009347 0.008098 0.0069 0.006415 0.005555 0.004946 0.004489 0.004012 0.003628 
Collision density L:
2.26027 2.04001 1.85162 1.66189 1.50221 1.36222 1.22434 1.10315 1.0001 0.903586 0.813459 0.734932 0.663075 0.5974 0.53683 0.486542 0.440996 0.396213 0.35554 0.321316 0.289496 0.263857 0.237441 0.214534 0.192193 0.173887 0.157792 0.141663 0.129699 0.11514 0.102641 0.0953541 0.0863146 0.0764267 0.0701496 0.0630644 0.0579134 0.0520807 0.0471266 0.0419049 0.0383699 0.0338805 0.0307394 0.0282346 0.0245279 0.0230735 0.020604 0.0185487 0.0168822 0.0152157 0.14192 
Collision density R:
2.85119 2.56789 2.32866 2.10658 1.89205 1.71487 1.54495 1.39614 1.25851 1.13873 1.02794 0.929857 0.835947 0.755359 0.676968 0.615994 0.554445 0.501283 0.452111 0.406909 0.363928 0.330618 0.299813 0.270761 0.243057 0.219397 0.196844 0.179684 0.162135 0.145925 0.131335 0.118715 0.107585 0.0975559 0.0885215 0.0808202 0.0728412 0.0651097 0.0589133 0.0535098 0.0490557 0.04292 0.0387234 0.0345572 0.0313403 0.0288658 0.0255884 0.023432 0.0212858 0.0192254 0.179522 
Density Moments:
10.4147 20.1579 78.1852 456.032 3551.28 34511.5 399731 5.32786e+06 7.94532e+07 1.29609e+09 
Per-collision Density Moments:
1 0.333945 0.22308 0.223686 0.299443 0.501122 1.00294 2.32077 6.04021 17.2846 
0.613254 0.286219 0.245278 0.299644 0.471592 0.90348 2.02911 5.19602 14.8432 46.4633 
0.510853 0.330235 0.339759 0.471987 0.821487 1.71117 4.12817 11.238 33.7805 110.1 
0.429264 0.32333 0.379296 0.588978 1.12844 2.55885 6.67197 19.5669 63.4114 223.833 
0.3787 0.33105 0.432717 0.733755 1.51486 3.66443 10.1117 31.1857 105.741 388.79 
0.338601 0.328869 0.470436 0.863831 1.91657 4.9583 14.6046 48.1323 175.121 695.75 
0.307768 0.328149 0.506395 0.993133 2.33544 6.36163 19.6091 67.2367 253.098 1035.07 
0.282271 0.325251 0.536547 1.1172 2.77778 7.97999 25.8886 93.1868 366.806 1559.54 
0.261053 0.322331 0.564423 1.24051 3.2427 9.76371 33.1167 124.37 509.83 2253.58 
0.2428 0.318854 0.589317 1.35988 3.71708 11.6703 41.2215 161.308 690.813 3204.31 
0.226773 0.314141 0.608575 1.46704 4.17996 13.658 50.1431 203.72 904.724 4345.94 
0.212866 0.309927 0.627382 1.57393 4.65314 15.7416 59.7545 250.933 1153.48 5757.43 
0.200458 0.305303 0.643797 1.67879 5.15247 18.0935 71.3819 312.41 1502.87 7888.15 
0.189559 0.300726 0.657644 1.77279 5.60817 20.2433 81.8878 366.683 1801.46 9640.61 
0.179343 0.296203 0.671461 1.8706 6.09917 22.6291 93.8007 428.853 2141.82 11592.7 
0.170203 0.29129 0.682144 1.95957 6.57839 25.0954 106.824 500.913 2562.31 14181.7 
0.161837 0.286715 0.693023 2.05036 7.07649 27.7021 120.699 577.188 2995.84 16719.9 
0.154075 0.28195 0.701567 2.13323 7.55598 30.3094 135.074 659.281 3484.51 19754.3 
0.146946 0.277055 0.70919 2.21514 8.04878 33.075 150.83 752.892 4070.74 23639.9 
0 0 0 0 0 0 0 0 0 0 
Per-collision Densities L:
0 0 0 0 0 0 0 0 0 0 0 0 0 0 0 0 0 0 0 0 0 0 0 0 0 0 0 0 0 0 0 0 0 0 0 0 0 0 0 0 0 0 0 0 0 0 0 0 0 0 0 
0.83227 0.458606 0.254227 0.140895 0.0772751 0.0430614 0.0236037 0.0129179 0.00734775 0.0039592 0.0021816 0.00121705 0.0007171 0.0003333 0.00020705 0.00014645 0.00011615 5.05e-05 3.03e-05 1.01e-05 0 0 5.05e-06 0 0 0 0 0 0 0 0 0 0 0 0 0 0 0 0 0 0 0 0 0 0 0 0 0 0 0 0 
0.258434 0.20906 0.153485 0.104651 0.0693618 0.0449753 0.0275629 0.0174276 0.0106454 0.0063327 0.00382285 0.00235835 0.00138875 0.00072215 0.00043935 0.00026765 0.0001515 7.07e-05 7.575e-05 4.545e-05 2.525e-05 1.515e-05 0 5.05e-06 5.05e-06 0 0 0 0 0 0 0 0 0 0 0 0 0 0 0 0 0 0 0 0 0 0 0 0 0 0 
0.239426 0.231492 0.187557 0.140289 0.0978993 0.0680639 0.0447279 0.0291739 0.0187406 0.0119483 0.00752955 0.0046157 0.0026967 0.001515 0.001111 0.0006363 0.00038885 0.0002121 0.0001313 0.000101 6.06e-05 1.515e-05 1.01e-05 0 1.515e-05 0 0 0 0 0 0 0 0 0 0 0 0 0 0 0 0 0 0 0 0 0 0 0 0 0 0 
0.142269 0.149657 0.138956 0.114251 0.0897789 0.0664833 0.047566 0.0330573 0.0230432 0.0155793 0.0100596 0.0062822 0.0042319 0.0028482 0.00154025 0.001111 0.0007373 0.0005555 0.0002323 0.0001515 0.00012625 8.585e-05 5.05e-06 2.525e-05 5.05e-06 1.01e-05 0 0 0 5.05e-06 0 0 0 0 0 0 0 0 0 0 0 0 0 0 0 0 0 0 0 0 0 
0.113196 0.129421 0.126053 0.110893 0.0913747 0.0718817 0.0539694 0.0390466 0.0282598 0.0198516 0.0129886 0.0092617 0.00631755 0.00391375 0.0028482 0.00180285 0.0011211 0.00068175 0.000404 0.00022725 0.00020705 0.00012625 4.545e-05 5.05e-05 2.02e-05 2.02e-05 5.05e-06 0 5.05e-06 5.05e-06 0 0 0 0 0 0 0 0 0 0 0 0 0 0 0 0 0 0 0 0 0 
0.0828251 0.0998587 0.103156 0.0943744 0.082416 0.0691295 0.0530048 0.0409808 0.0308202 0.0225533 0.0161196 0.0114736 0.00821635 0.00545905 0.00352995 0.00248965 0.001717 0.0009999 0.0006565 0.00049995 0.0003636 0.00019695 0.0001313 8.08e-05 2.525e-05 4.545e-05 1.515e-05 2.525e-05 5.05e-06 0 0 0 0 0 0 0 0 0 0 0 0 0 0 0 0 0 0 0 0 0 0 
0.0688366 0.0829665 0.0896476 0.0845067 0.07575 0.0649683 0.0551107 0.0428543 0.0330826 0.0252147 0.01868 0.013933 0.009696 0.0067973 0.0044743 0.0032926 0.00229775 0.0014645 0.00093425 0.00068175 0.0003636 0.0002727 0.0002424 0.00010605 6.565e-05 5.555e-05 4.545e-05 2.525e-05 1.01e-05 1.515e-05 5.05e-06 0 0 0 0 5.05e-06 0 0 0 0 0 0 0 0 0 0 0 0 0 0 0 
0.0554339 0.0684477 0.0746592 0.0732452 0.0683366 0.0616555 0.053424 0.042723 0.0341027 0.0268559 0.0207909 0.0153217 0.0111605 0.0080497 0.0056964 0.00408545 0.00275225 0.0019089 0.00129785 0.00082315 0.0006565 0.0004343 0.00028785 0.00018685 0.0001414 8.08e-05 5.05e-05 3.03e-05 2.02e-05 1.01e-05 5.05e-06 5.05e-06 0 0 5.05e-06 0 0 0 0 0 0 0 0 0 0 0 0 0 0 0 0 
0.047066 0.0577569 0.065347 0.0646905 0.0622968 0.0576811 0.0495506 0.0420009 0.0343905 0.0276791 0.0215888 0.0167559 0.0123069 0.009393 0.0069387 0.0049187 0.00343905 0.0024644 0.001717 0.00118675 0.00091405 0.0005656 0.0004343 0.0002222 0.0001818 9.595e-05 8.585e-05 7.575e-05 2.02e-05 4.545e-05 2.02e-05 5.05e-06 0 5.05e-06 0 0 0 0 0 0 0 0 0 0 0 0 0 0 0 0 0 
0.0391224 0.0496011 0.0558732 0.0575296 0.0574337 0.0524594 0.0479498 0.0411373 0.034845 0.02828 0.0223059 0.0180487 0.0139178 0.0104535 0.0075447 0.0058883 0.00395415 0.0028886 0.0024341 0.00145945 0.0010605 0.0007777 0.00054035 0.0004242 0.00021715 0.0001616 9.09e-05 0.0001111 2.525e-05 5.555e-05 1.515e-05 5.05e-06 5.05e-06 0 1.01e-05 5.05e-06 5.05e-06 0 0 0 0 0 0 0 0 0 0 0 0 0 0 
0.0339108 0.0431422 0.0486164 0.0512727 0.0517524 0.0481063 0.044233 0.0399809 0.0332088 0.0279215 0.0233058 0.0187305 0.0143723 0.0112413 0.00882235 0.0066256 0.00469145 0.00336835 0.0026058 0.00190385 0.00133825 0.00101 0.0006262 0.00041915 0.0002727 0.00020705 0.000202 0.00012625 6.06e-05 6.565e-05 3.535e-05 4.04e-05 1.01e-05 1.01e-05 0 5.05e-06 0 0 5.05e-06 0 5.05e-06 0 0 0 0 0 0 0 0 0 0 
0.0291284 0.0370266 0.0440815 0.0459399 0.0459096 0.0451369 0.0417484 0.0375266 0.032724 0.0279215 0.023129 0.0185689 0.0154884 0.0122109 0.00938795 0.00695385 0.00514595 0.00403495 0.00294415 0.00212605 0.00159075 0.00119685 0.0008484 0.000505 0.0003838 0.0003131 0.0001919 0.0001111 0.00010605 9.595e-05 2.525e-05 1.515e-05 2.02e-05 0 1.01e-05 5.05e-06 0 0 0 0 0 0 0 0 0 0 0 0 0 0 0 
0.0248864 0.0334866 0.0383093 0.0417484 0.0418847 0.0414454 0.0393597 0.035547 0.0316989 0.0276589 0.0236138 0.0193617 0.0157055 0.0123877 0.0100142 0.00756995 0.00588325 0.0047672 0.00338855 0.0026765 0.0017877 0.0014342 0.0009494 0.00075245 0.0004545 0.000303 0.00026765 0.00018685 0.0001313 0.00010605 5.555e-05 3.535e-05 4.545e-05 2.525e-05 0 1.515e-05 0 5.05e-06 5.05e-06 0 1.01e-05 0 0 0 0 5.05e-06 0 0 0 0 0 
0.0223715 0.0295072 0.034537 0.0370973 0.0373448 0.0378649 0.036966 0.033128 0.0301334 0.0267549 0.0227301 0.0193971 0.0161449 0.0129381 0.0102818 0.0085345 0.0062216 0.00509545 0.00361075 0.00274215 0.0021715 0.0016766 0.00112615 0.00075245 0.00045955 0.0004545 0.0003535 0.00020705 0.0001313 0.0001313 7.575e-05 5.05e-05 2.525e-05 1.01e-05 1.01e-05 5.05e-06 5.05e-06 5.05e-06 5.05e-06 1.01e-05 5.05e-06 0 0 0 0 0 0 0 0 0 0 
0.0197657 0.0260479 0.0302647 0.033729 0.0347036 0.035547 0.0337896 0.0319362 0.0292951 0.0255884 0.022417 0.0200485 0.0165539 0.0132209 0.011105 0.00813555 0.00708515 0.0053732 0.0040501 0.0030502 0.0025957 0.0020301 0.0013231 0.00114635 0.0007777 0.00046965 0.00046965 0.0002424 0.0001717 8.585e-05 9.595e-05 6.565e-05 3.535e-05 2.02e-05 2.02e-05 3.03e-05 1.515e-05 0 1.515e-05 5.05e-06 1.01e-05 0 0 0 0 0 0 0 0 0 0 
0.0175488 0.0238158 0.027573 0.0294668 0.0319564 0.033027 0.0310575 0.0290224 0.0273104 0.0246996 0.0212302 0.0195688 0.0163671 0.0136502 0.0113928 0.0091405 0.00736795 0.0057267 0.00438845 0.00370165 0.0026765 0.00198465 0.0015554 0.0012019 0.0009292 0.00062115 0.0004848 0.0003737 0.000202 0.00021715 9.09e-05 8.08e-05 5.555e-05 6.565e-05 2.02e-05 1.515e-05 2.02e-05 1.01e-05 0 5.05e-06 1.01e-05 0 0 5.05e-06 0 5.05e-06 0 0 0 0 0 
0.0157409 0.020503 0.0240734 0.0275427 0.0298607 0.0297395 0.029285 0.0276488 0.0267044 0.024038 0.0215383 0.0192254 0.0164428 0.0141198 0.0113423 0.00927685 0.0075952 0.00636805 0.00488335 0.00352995 0.0028785 0.0021917 0.0016564 0.0013332 0.0009494 0.000707 0.00057065 0.0004848 0.00027775 0.00019695 0.0001515 0.00011615 6.565e-05 5.05e-05 2.02e-05 3.535e-05 2.02e-05 5.05e-06 2.02e-05 5.05e-06 1.01e-05 0 0 5.05e-06 0 0 0 0 0 0 0 
0.0149733 0.018887 0.0225786 0.0248864 0.0274771 0.027366 0.0276033 0.0264772 0.0249622 0.0230937 0.0208919 0.0180942 0.0158772 0.0135441 0.011615 0.0096354 0.00785275 0.0065044 0.0050803 0.00387335 0.00310575 0.0024341 0.00202 0.00148975 0.00123725 0.00091405 0.0007272 0.00043935 0.0003838 0.0002424 0.00015655 0.0001616 9.09e-05 9.595e-05 3.535e-05 5.05e-06 2.525e-05 1.515e-05 3.535e-05 5.05e-06 0 5.05e-06 0 5.05e-06 0 0 0 0 0 0 0 
0 0 0 0 0 0 0 0 0 0 0 0 0 0 0 0 0 0 0 0 0 0 0 0 0 0 0 0 0 0 0 0 0 0 0 0 0 0 0 0 0 0 0 0 0 0 0 0 0 0 0 
Per-collision Densities L:
2.2599 1.24478 0.692082 0.383189 0.209898 0.116913 0.0641754 0.0351783 0.0192405 0.0111504 0.0059085 0.0033229 0.00200485 0.0009797 0.0005353 0.00026765 0.00020705 0.0001212 0.000101 4.04e-05 0 0 0 5.05e-06 0 0 0 0 0 0 0 0 0 0 0 0 0 0 0 0 0 0 0 0 0 0 0 0 0 0 0 
0.148738 0.262943 0.246314 0.19245 0.135941 0.0926574 0.059383 0.0381174 0.0238562 0.0145743 0.0093122 0.0054843 0.0032219 0.0020099 0.0011312 0.0006969 0.00039895 0.00019695 0.0001414 7.575e-05 6.06e-05 2.525e-05 1.01e-05 5.05e-06 5.05e-06 5.05e-06 0 0 0 0 0 0 0 0 0 0 0 0 0 0 0 0 0 0 0 0 0 0 0 0 0 
0.171761 0.318493 0.316817 0.26062 0.193561 0.136981 0.0949855 0.0635947 0.0407687 0.0267499 0.0164681 0.0107313 0.0066963 0.0038885 0.0024644 0.0015756 0.0008989 0.0005757 0.00030805 0.0002727 0.0001212 8.08e-05 4.04e-05 1.01e-05 0 1.515e-05 0 0 0 0 0 0 0 0 0 0 0 0 0 0 0 0 0 0 0 0 0 0 0 0 0 
0.0556864 0.136547 0.170786 0.166478 0.145127 0.115615 0.0876024 0.0639684 0.0458338 0.0313706 0.0211343 0.013832 0.0090092 0.0062014 0.00369155 0.0022422 0.00152005 0.001212 0.0006666 0.00034845 0.00020705 0.0001515 0.000101 3.535e-05 1.515e-05 2.525e-05 5.05e-06 1.01e-05 0 5.05e-06 0 0 0 0 0 0 0 0 0 0 0 0 0 0 0 0 0 0 0 0 0 
0.0447632 0.115453 0.148798 0.155707 0.139981 0.117337 0.0949148 0.0723817 0.0531614 0.0385467 0.0272852 0.0182053 0.0128018 0.0087264 0.00549945 0.0035956 0.00237855 0.00169175 0.00100495 0.00056055 0.00035855 0.00024745 0.0001313 0.00011615 6.565e-05 3.535e-05 1.515e-05 0 1.515e-05 5.05e-06 0 0 0 0 0 0 0 0 0 0 0 0 0 0 0 0 0 0 0 0 0 
0.0266388 0.0728311 0.103929 0.116377 0.112726 0.101581 0.0858147 0.0697809 0.0536209 0.0412686 0.0309767 0.0217605 0.0152611 0.0113171 0.00736795 0.00494395 0.0032522 0.0022119 0.00145945 0.0010302 0.0006767 0.0003737 0.0003232 0.0001515 9.595e-05 5.05e-05 4.545e-05 2.525e-05 2.02e-05 1.01e-05 1.01e-05 0 0 0 0 5.05e-06 0 0 0 0 0 0 0 0 0 0 0 0 0 0 0 
0.0209575 0.0587012 0.0851784 0.0975408 0.0993032 0.094329 0.0812798 0.0691699 0.0549036 0.0433189 0.0331078 0.0245683 0.0184123 0.0133724 0.0091001 0.00640845 0.00466115 0.00293405 0.00189375 0.0013231 0.0010201 0.0004848 0.00039895 0.00025755 0.00018685 9.09e-05 7.07e-05 2.525e-05 1.515e-05 1.515e-05 2.02e-05 5.05e-06 0 0 0 0 5.05e-06 0 0 0 0 0 0 0 0 0 0 0 0 0 0 
0.0152106 0.0440512 0.0653874 0.0794214 0.0839058 0.0806839 0.0756591 0.064433 0.0538532 0.0445764 0.0343299 0.0260833 0.0203566 0.0150036 0.0107212 0.007777 0.00537825 0.00396425 0.00263105 0.0018079 0.00121705 0.0008989 0.00061105 0.00036865 0.00026765 0.00016665 0.0001111 9.09e-05 4.545e-05 2.525e-05 1.01e-05 5.05e-06 1.01e-05 5.05e-06 0 0 0 0 0 0 0 0 0 0 0 0 0 0 0 0 0 
0.0127412 0.0352086 0.0550299 0.0670085 0.0732755 0.0725382 0.06716 0.0611 0.0525604 0.0437936 0.03535 0.0282194 0.0212807 0.0165287 0.012216 0.0092819 0.0068983 0.0046763 0.0031007 0.0024038 0.0016968 0.0011514 0.0007979 0.00046965 0.0004343 0.00023735 0.0001111 0.0001313 0.00010605 5.05e-05 3.535e-05 2.02e-05 5.05e-06 1.01e-05 0 0 5.05e-06 0 0 0 0 0 0 0 0 0 0 0 0 0 0 
0.0100041 0.0287951 0.0447986 0.0558581 0.0624079 0.0644229 0.0617464 0.0567115 0.0507222 0.0425059 0.035547 0.0291486 0.023326 0.0177104 0.0133169 0.0106202 0.00768105 0.00548935 0.0038986 0.00288355 0.0019998 0.00141905 0.0011514 0.00069185 0.0004545 0.00032825 0.00018685 0.00015655 0.00011615 8.08e-05 5.05e-05 1.01e-05 2.02e-05 1.01e-05 5.05e-06 5.05e-06 1.01e-05 5.05e-06 5.05e-06 0 0 0 0 0 0 0 0 0 0 0 0 
0.00845875 0.0246036 0.03787 0.0483588 0.0537421 0.0571559 0.0555702 0.0526311 0.0469751 0.0402182 0.0348299 0.0294668 0.023629 0.0182406 0.0145693 0.0111353 0.0083022 0.006262 0.0047167 0.0033734 0.00248965 0.00188365 0.00134835 0.00081305 0.00059085 0.00039895 0.00023735 0.00019695 0.0001616 0.00012625 7.575e-05 3.535e-05 3.535e-05 4.04e-05 1.01e-05 5.05e-06 0 0 0 5.05e-06 5.05e-06 0 0 0 0 0 0 0 0 0 0 
0.00701445 0.0205081 0.032113 0.0415464 0.0478235 0.050702 0.0512323 0.0478993 0.0448137 0.039592 0.0342138 0.0288254 0.0240128 0.019493 0.0156651 0.0120897 0.00896375 0.00693365 0.00517625 0.00400465 0.00258055 0.0022119 0.0016564 0.00105545 0.00074235 0.0006161 0.00037875 0.0002626 0.000202 0.0001515 9.09e-05 5.05e-05 4.04e-05 1.515e-05 2.02e-05 1.01e-05 5.05e-06 0 0 0 0 5.05e-06 0 5.05e-06 0 0 0 0 0 0 0 
0.0062014 0.0178568 0.0280275 0.0360217 0.0417989 0.0451571 0.0461823 0.0444299 0.0412131 0.0377639 0.0331078 0.0292143 0.0240481 0.0200435 0.0158974 0.0123675 0.00988285 0.00762045 0.0060095 0.0047066 0.00309565 0.0026058 0.00199475 0.001212 0.00087365 0.0006666 0.00044945 0.0004141 0.0002424 0.00021715 0.00015655 9.09e-05 4.545e-05 4.545e-05 2.02e-05 3.03e-05 1.01e-05 1.01e-05 5.05e-06 0 5.05e-06 1.515e-05 0 0 0 5.05e-06 0 0 0 0 0 
0.0053833 0.0160388 0.024235 0.032219 0.0370014 0.0406323 0.0419352 0.0403142 0.0384053 0.0358449 0.0320574 0.027977 0.0237502 0.0200081 0.0163671 0.0134431 0.0099788 0.0085547 0.00621655 0.00498435 0.00359055 0.0027371 0.0022018 0.00166145 0.00103525 0.0007575 0.0004848 0.00042925 0.00035855 0.0002121 0.00016665 0.00013635 6.565e-05 3.03e-05 2.02e-05 2.02e-05 1.515e-05 5.05e-06 1.515e-05 0 5.05e-06 0 0 5.05e-06 5.05e-06 0 0 0 0 0 0 
0.00420665 0.013433 0.0220837 0.028275 0.0331684 0.0357237 0.0379407 0.0388446 0.0368044 0.0332139 0.0309313 0.0266085 0.0237552 0.0205232 0.0167307 0.0141047 0.0105545 0.0089486 0.00666095 0.00529745 0.00429755 0.0033431 0.0024846 0.00176245 0.00138875 0.00105545 0.0007474 0.00045955 0.00037875 0.00023735 0.00017675 0.00014645 8.08e-05 8.585e-05 4.04e-05 3.03e-05 3.03e-05 1.01e-05 2.525e-05 5.05e-06 0 5.05e-06 0 0 0 1.01e-05 0 0 0 0 0 
0.00420665 0.0119685 0.0192052 0.0255631 0.0291486 0.0332341 0.0347087 0.0350672 0.0336431 0.031108 0.0289466 0.0261944 0.0230129 0.0193415 0.0170286 0.0141855 0.0112161 0.0095344 0.00710535 0.0057166 0.0043733 0.00340875 0.00268155 0.0020503 0.00133825 0.0011514 0.00086355 0.00059085 0.0005252 0.00030805 0.00019695 0.00018685 0.000101 4.545e-05 0.000101 5.05e-05 3.03e-05 2.02e-05 5.05e-06 0 1.01e-05 5.05e-06 5.05e-06 0 0 5.05e-06 5.05e-06 0 0 0 0 
0.0039592 0.0107313 0.0169276 0.0221241 0.0271387 0.0302091 0.0314868 0.0328806 0.0319362 0.0299415 0.0278407 0.0252298 0.0224675 0.0197405 0.0172862 0.0139885 0.0113979 0.00961015 0.00749925 0.0061206 0.0048379 0.0035552 0.00280275 0.0023331 0.0018584 0.00121705 0.00082315 0.0007676 0.0005555 0.0003838 0.0002828 0.00021715 0.0001616 6.565e-05 7.07e-05 6.06e-05 3.535e-05 3.03e-05 3.535e-05 0 1.01e-05 5.05e-06 5.05e-06 5.05e-06 0 0 0 0 0 0 0 
0.00331785 0.009696 0.0155439 0.020397 0.0245834 0.0270882 0.0291335 0.0300728 0.0286689 0.0281033 0.0260378 0.0239421 0.0215332 0.0189325 0.0169478 0.0144077 0.0118726 0.0099081 0.00800425 0.0063832 0.00497425 0.00382285 0.00325725 0.0024543 0.00184325 0.0015756 0.0012019 0.0009191 0.00064135 0.00043935 0.00030805 0.00026765 0.00013635 0.0001515 0.00010605 4.04e-05 3.535e-05 4.04e-05 3.535e-05 1.01e-05 5.05e-06 1.515e-05 5.05e-06 5.05e-06 0 0 5.05e-06 0 0 0 0 
0.0028381 0.00845875 0.0133118 0.0182356 0.0215686 0.0247955 0.0270377 0.0273963 0.0271387 0.0270832 0.0246794 0.0228816 0.0210989 0.0189931 0.0160439 0.0145541 0.0118423 0.0099485 0.0085244 0.00673165 0.0050803 0.00433795 0.00330775 0.0027371 0.00202 0.00170185 0.0012019 0.0009393 0.00067165 0.00054035 0.00043935 0.0003232 0.00023735 0.00013635 8.585e-05 4.04e-05 5.05e-05 4.545e-05 3.535e-05 3.535e-05 1.01e-05 1.01e-05 5.05e-06 5.05e-06 1.01e-05 0 0 0 0 5.05e-06 0 
0 0 0 0 0 0 0 0 0 0 0 0 0 0 0 0 0 0 0 0 0 0 0 0 0 0 0 0 0 0 0 0 0 0 0 0 0 0 0 0 0 0 0 0 0 0 0 0 0 0 0 
