Half rod, albedo problem, Anisotropic scattering, exponential random flight, mu_t: 1 g: -0.9
Analogmu_t c: 0.999 maxx: 10 dx: 0.19802 numsamples: 1000000 numCollisionOrders: 20 numMoments: 10
total albedo: 0.955061
per-collision order albedos: 
0 0.474883 0.023679 0.108297 0.016038 0.049541 0.012008 0.029009 0.009457 0.018919 0.007956 0.013503 0.006625 0.010173 0.005769 0.007937 0.004883 0.006424 0.004437 0.005178 
Collision density L:
0.948143 0.944916 0.932624 0.925296 0.915277 0.907076 0.900097 0.891138 0.888285 0.885028 0.873483 0.86257 0.857591 0.850829 0.841103 0.837573 0.829533 0.819999 0.811283 0.807091 0.798531 0.794941 0.784028 0.776867 0.770842 0.763136 0.757722 0.752415 0.746294 0.746082 0.736164 0.729932 0.722776 0.719605 0.711676 0.706142 0.697582 0.692431 0.688477 0.678276 0.674584 0.67068 0.666757 0.662136 0.656525 0.646653 0.64384 0.636214 0.629892 0.623473 71.7246 
Collision density R:
0.993885 0.987775 0.977261 0.971292 0.963424 0.954647 0.943153 0.933164 0.922746 0.914949 0.916732 0.902435 0.89641 0.893098 0.883033 0.876301 0.867777 0.858318 0.85649 0.847163 0.837128 0.832599 0.821807 0.813171 0.809071 0.798587 0.793991 0.785765 0.78121 0.775109 0.767252 0.762045 0.756647 0.747976 0.745143 0.741421 0.729765 0.724165 0.722559 0.712691 0.709096 0.697254 0.696951 0.692456 0.684295 0.679043 0.67367 0.66505 0.66155 0.652965 75.1298 
Density Moments:
44.8116 1025.62 46570.7 3.12168e+06 2.72828e+08 2.90004e+10 3.58639e+12 5.00736e+14 7.72829e+16 1.2979e+19 
Per-collision Density Moments:
1 1.00021 2.00192 6.01275 24.047 119.829 713.195 4922.95 38545 336089 
0.524113 0.57405 1.24904 4.04525 17.3021 91.3917 570.429 4074.56 32497 283761 
0.499922 0.979227 2.92892 11.7374 58.8469 353.45 2467.23 19563.6 172984 1.67844e+06 
0.39112 0.721438 2.20086 9.15845 47.9056 300.533 2191.88 18163 167855 1.70236e+06 
0.374675 0.9683 3.6046 17.292 101.044 694.457 5481.68 48848.3 484861 5.29841e+06 
0.324756 0.794391 2.98268 14.6875 88.7376 633.709 5231.12 49279.9 526300 6.34505e+06 
0.31243 0.96102 4.15781 22.7352 149.222 1139.64 9919.31 96924.9 1.05054e+06 1.24963e+07 
0.283118 0.83946 3.66859 20.5659 139.341 1103.23 9995.77 102256 1.17031e+06 1.48692e+07 
0.273384 0.958151 4.65847 28.3086 204.514 1704.02 16041.6 168045 1.93466e+06 2.42057e+07 
0.254201 0.868848 4.26706 26.4489 195.678 1673.42 16195.2 174612 2.0704e+06 2.66847e+07 
0.245973 0.955247 5.10083 33.7565 263.638 2359.58 23722.5 263933 3.21047e+06 4.22503e+07 
0.232215 0.889159 4.8087 32.4822 259.791 2384.88 24606.8 280846 3.49895e+06 4.70283e+07 
0.225336 0.953538 5.51556 39.3045 328.715 3134.1 33391.6 391459 4.98456e+06 6.81551e+07 
0.214926 0.904418 5.30168 38.5171 329.432 3220.06 35263.7 426228 5.6152e+06 7.97399e+07 
0.208933 0.951316 5.89006 44.7423 397.521 4014.65 45192.2 558566 7.48577e+06 1.07593e+08 
0.200791 0.9138 5.73609 44.3425 401.571 4137.83 47556.8 600378 8.21859e+06 1.20607e+08 
0.19569 0.950484 6.25051 50.2802 472.14 5032.3 59700.7 776285 1.09194e+07 1.64246e+08 
0.189071 0.921723 6.14782 50.2946 480.749 5216.68 62977.7 832546 1.18917e+07 1.81398e+08 
0.184455 0.95042 6.60118 55.8984 550.927 6146.05 76110.9 1.03048e+06 1.506e+07 2.34943e+08 
0 0 0 0 0 0 0 0 0 0 
Per-collision Densities L:
0 0 0 0 0 0 0 0 0 0 0 0 0 0 0 0 0 0 0 0 0 0 0 0 0 0 0 0 0 0 0 0 0 0 0 0 0 0 0 0 0 0 0 0 0 0 0 0 0 0 0 
0.429078 0.354333 0.291708 0.237855 0.194723 0.158358 0.130103 0.107232 0.0876933 0.0727756 0.0591961 0.048778 0.0398597 0.0328351 0.0264469 0.0222705 0.0188012 0.0146551 0.0123321 0.00968085 0.00798405 0.0068579 0.00554995 0.0046056 0.0038784 0.0028785 0.00276235 0.0021715 0.00174225 0.00137865 0.00123725 0.0010201 0.0006969 0.00060095 0.0005353 0.00052015 0.0003333 0.00024745 0.00023735 0.0001414 0.00021715 0.0001111 0.0001111 7.575e-05 6.565e-05 9.595e-05 5.555e-05 3.535e-05 3.03e-05 2.02e-05 9.595e-05 
0.0232452 0.0225786 0.0215989 0.0198415 0.0180942 0.0166398 0.0153571 0.0131553 0.0119786 0.0103172 0.0091708 0.0081002 0.0068983 0.0062014 0.0054843 0.0044238 0.0038784 0.0032724 0.00283305 0.0024947 0.00199475 0.00175235 0.0013534 0.001313 0.00101 0.0009191 0.0007575 0.0006464 0.00047975 0.00042925 0.00035855 0.0003434 0.00027775 0.00022725 0.00014645 0.0001717 0.00014645 0.00014645 0.0001515 6.565e-05 4.04e-05 5.05e-05 4.04e-05 1.515e-05 5.555e-05 3.03e-05 1.515e-05 4.545e-05 2.02e-05 1.515e-05 6.565e-05 
0.117195 0.128972 0.131149 0.126957 0.122245 0.114948 0.105883 0.0957329 0.086658 0.0791588 0.0692507 0.0612313 0.0535755 0.0479902 0.0414605 0.0352137 0.0313403 0.0274821 0.0229775 0.0194223 0.0170286 0.01464 0.0124281 0.0105697 0.00954955 0.00773155 0.00693365 0.005353 0.0054237 0.00407535 0.00346935 0.002929 0.00254015 0.0021008 0.00174225 0.0016261 0.0013029 0.00104535 0.0008686 0.00078275 0.00066155 0.00052015 0.0004848 0.00031815 0.0002626 0.0002424 0.0002323 0.00022725 0.0001313 0.000101 0.0006161 
0.0163418 0.0185638 0.0190991 0.0196142 0.0201748 0.0192506 0.0188618 0.0179023 0.0170236 0.0158974 0.0146602 0.0131452 0.012418 0.0113676 0.0106202 0.00910515 0.00830725 0.0074336 0.00683265 0.00583275 0.00517625 0.00467125 0.00402485 0.00354005 0.0030098 0.00282295 0.00227755 0.00193415 0.0019392 0.0015453 0.001313 0.00108575 0.0010706 0.0008484 0.00082315 0.0005858 0.00049995 0.000505 0.0004343 0.0003535 0.0002828 0.00024745 0.00024745 0.00018685 0.00014645 0.0001515 0.00011615 8.585e-05 0.00010605 6.565e-05 0.00035855 
0.0547875 0.0620847 0.0664075 0.071301 0.0719979 0.0717908 0.0710737 0.0685841 0.066963 0.0637159 0.0597415 0.0534391 0.050596 0.0466772 0.0414201 0.037875 0.0347794 0.0310929 0.0275579 0.0253056 0.0220079 0.0195284 0.0173417 0.0155439 0.0134734 0.0115948 0.0101051 0.00898395 0.00807495 0.00699425 0.00613575 0.0054035 0.00474195 0.00398445 0.0034542 0.00283305 0.0025048 0.00219675 0.00185335 0.00164125 0.0013534 0.001111 0.00100495 0.0008282 0.0007575 0.0006464 0.0005353 0.0005353 0.00033835 0.0003636 0.0018887 
0.0131098 0.015049 0.0157712 0.016867 0.0176296 0.01767 0.0179073 0.0180841 0.0181598 0.0175437 0.0169175 0.015448 0.0142663 0.0138976 0.0134532 0.0122463 0.0113827 0.0101808 0.00957985 0.0088375 0.00793355 0.00726695 0.00672155 0.0054843 0.0053227 0.00468135 0.00430765 0.00393395 0.0035754 0.0029694 0.0026664 0.00231795 0.00195435 0.0018887 0.0015756 0.00152005 0.00124735 0.00105545 0.00095445 0.00082315 0.0006262 0.0005656 0.00052015 0.00054035 0.0004747 0.00035855 0.0002828 0.0002424 0.0002222 0.00018685 0.00122715 
0.0309212 0.035754 0.0403647 0.043324 0.0465307 0.0470913 0.0484396 0.0490305 0.0485305 0.0474347 0.0461924 0.0442279 0.0418443 0.0391628 0.0376124 0.0349359 0.0328957 0.0301839 0.0277447 0.0256591 0.0231189 0.0211696 0.0191446 0.0181901 0.016059 0.0141451 0.0127715 0.0119332 0.0102717 0.00904455 0.00810525 0.0073225 0.00672155 0.0057267 0.00530755 0.0044743 0.0037168 0.003333 0.0029997 0.00259065 0.00248965 0.0019796 0.00156045 0.0015453 0.0013433 0.0011514 0.0009393 0.0008282 0.0007575 0.00071205 0.00417635 
0.0103273 0.0121352 0.0128523 0.0142208 0.0149682 0.0154732 0.0157813 0.0163772 0.0165741 0.016862 0.0160843 0.0159984 0.0160035 0.0145895 0.0138673 0.0136956 0.0128018 0.0119483 0.0115393 0.0110242 0.0099283 0.00938795 0.00852945 0.00758005 0.0072821 0.0072316 0.00592365 0.0052823 0.0049389 0.004444 0.00386325 0.0036966 0.0032724 0.00293405 0.0026159 0.002323 0.0020604 0.001919 0.0018382 0.00143925 0.00123725 0.0012322 0.0009797 0.0009191 0.000707 0.0007878 0.0006161 0.00060095 0.00053025 0.00044945 0.00288355 
0.0212151 0.0238158 0.0269216 0.029083 0.0319009 0.0337189 0.0342946 0.0344915 0.0353955 0.0357237 0.0352995 0.0352995 0.0339966 0.0331078 0.0313908 0.0301132 0.0296536 0.0269771 0.0258005 0.0239724 0.0221695 0.020806 0.0189729 0.0180033 0.0166701 0.0153773 0.0143168 0.0124483 0.0118574 0.0104838 0.0100041 0.0086557 0.0077669 0.0072922 0.0062014 0.00597415 0.00511565 0.00456015 0.00414605 0.0037774 0.0034441 0.0028482 0.00244925 0.00211595 0.00199475 0.00178265 0.0016665 0.0014645 0.0011413 0.0008888 0.00700435 
0.00846885 0.00985255 0.0107616 0.0121604 0.013125 0.013433 0.0145036 0.0150743 0.0147915 0.0153318 0.0147814 0.0148925 0.0144279 0.0145289 0.0143925 0.0141956 0.0127765 0.0126301 0.0120493 0.011913 0.0109585 0.0102768 0.00973135 0.0091708 0.00839815 0.0080901 0.00741845 0.00659025 0.006363 0.006161 0.00503485 0.0048985 0.0042723 0.00410565 0.00373195 0.0032623 0.00290375 0.00277245 0.0025351 0.0022826 0.0019594 0.0018382 0.0015453 0.00155035 0.0012625 0.00103525 0.00099485 0.00106555 0.00081305 0.0007575 0.00521665 
0.0150945 0.0172054 0.0196395 0.0210939 0.0229725 0.0242552 0.0256288 0.026462 0.0268458 0.0278154 0.0282043 0.0273862 0.026765 0.0271387 0.0262045 0.0262297 0.0243461 0.0241138 0.0221291 0.0217655 0.0207606 0.019493 0.018377 0.0173013 0.0168418 0.0147864 0.0143168 0.0134229 0.0123018 0.0115645 0.0105899 0.00966065 0.00915565 0.0080396 0.0077164 0.00668115 0.0059085 0.00533785 0.00506515 0.0041107 0.00413595 0.00371175 0.0032724 0.0029694 0.00279265 0.00241895 0.0021008 0.0017473 0.00169175 0.00148975 0.0111201 
0.0072316 0.00829715 0.00963035 0.0105444 0.0112514 0.0119079 0.0119483 0.0126452 0.0134835 0.0139431 0.0140491 0.0138522 0.0141249 0.0142259 0.013433 0.0135542 0.0131654 0.0127614 0.0121352 0.0121503 0.0110999 0.0102263 0.0101909 0.00930715 0.0089789 0.00888295 0.00843855 0.0077568 0.00707505 0.00683265 0.00635795 0.00602465 0.00489345 0.0050803 0.00439855 0.0042521 0.0039087 0.00376225 0.00307545 0.00300475 0.00269165 0.0026361 0.00225735 0.0020907 0.0019897 0.0016867 0.0014241 0.00135845 0.001111 0.0012322 0.00855975 
0.0109838 0.013024 0.0139885 0.0160742 0.0179831 0.0187002 0.0191395 0.0203313 0.0217706 0.021614 0.0221291 0.0226089 0.0227048 0.0222958 0.0218766 0.0219776 0.0213464 0.0203263 0.0195334 0.0191395 0.0189325 0.018074 0.016963 0.0168064 0.0152813 0.0141097 0.013832 0.0129028 0.0121655 0.0114837 0.011004 0.0103475 0.00964045 0.0085143 0.0082315 0.0069791 0.006666 0.00630745 0.0059388 0.0051712 0.00463085 0.0044844 0.0038784 0.0032926 0.00336835 0.00279265 0.00274215 0.00246945 0.00233815 0.00192405 0.0156601 
0.00627715 0.00717605 0.00793355 0.0087668 0.00930715 0.0107919 0.0111656 0.0116756 0.0117766 0.0121806 0.0127513 0.0127311 0.012721 0.0124735 0.0128321 0.0128422 0.0122867 0.0126503 0.0113827 0.0118019 0.0113272 0.0109636 0.010403 0.00986265 0.0099182 0.0088173 0.0094233 0.0082719 0.0074437 0.0074437 0.00671145 0.00658015 0.00622665 0.00560045 0.0050803 0.00509545 0.00460055 0.0043329 0.0038885 0.00365115 0.003535 0.0032017 0.0027977 0.00276235 0.00228765 0.00215635 0.00223715 0.0016867 0.0015453 0.00162105 0.0123523 
0.00895365 0.0101303 0.0113676 0.0127109 0.0135391 0.0147965 0.0158065 0.0168519 0.0171852 0.0177255 0.0183315 0.0180285 0.0187759 0.0188113 0.0181497 0.0187608 0.0175841 0.0186699 0.0172811 0.0171953 0.0168872 0.0161095 0.015044 0.0150844 0.014438 0.0137966 0.0133876 0.0123321 0.0120796 0.0114484 0.010499 0.0101758 0.00926675 0.0087466 0.00808 0.00760025 0.0068276 0.0063832 0.00630745 0.0057772 0.00536815 0.0046864 0.00440865 0.004242 0.00384305 0.0034037 0.00311585 0.0028482 0.0026765 0.00237855 0.0209828 
0.00556005 0.0063125 0.00705485 0.0078275 0.00842845 0.0090799 0.00993335 0.0102263 0.0102364 0.010807 0.0107818 0.0116605 0.0113827 0.0120342 0.0120493 0.012019 0.0118221 0.0120443 0.0109787 0.0113171 0.0110444 0.0104131 0.0104232 0.0104788 0.0094536 0.00948895 0.0089082 0.0087668 0.0079487 0.00770125 0.00733765 0.0068983 0.006262 0.00636805 0.0059085 0.00551965 0.00521665 0.00486315 0.00466115 0.0042319 0.00398445 0.00342895 0.0031714 0.00324715 0.0029795 0.00258055 0.0023836 0.0021917 0.00209575 0.00186345 0.0170993 
0.0067872 0.0085042 0.0092213 0.0103778 0.0108878 0.0121756 0.0130189 0.0131048 0.0140794 0.0148622 0.0149177 0.0153419 0.0155894 0.0157409 0.015852 0.015655 0.0163873 0.0156197 0.0151904 0.0155389 0.014948 0.0144178 0.0143925 0.0139027 0.013534 0.0133169 0.012221 0.0113827 0.0112262 0.0107262 0.0110898 0.0100495 0.0086355 0.00893345 0.0081002 0.00809515 0.00731745 0.00651955 0.0063428 0.00605495 0.0056661 0.00501465 0.00492375 0.00432785 0.00404 0.0037572 0.0035855 0.003131 0.00288355 0.00282295 0.026356 
0.0046965 0.0056459 0.005959 0.00684275 0.00749925 0.00814565 0.0084234 0.0089284 0.00923645 0.0098475 0.0102465 0.0104687 0.0105899 0.0106959 0.0110393 0.0108626 0.0110494 0.0106404 0.0114332 0.0103121 0.0104687 0.0102616 0.0103374 0.0100899 0.00961015 0.00934755 0.0089991 0.00842845 0.0082921 0.00791335 0.0075952 0.0072619 0.0071003 0.00655995 0.00632765 0.0058883 0.0057166 0.00518635 0.00488335 0.0045248 0.00447935 0.0041814 0.0036865 0.0035552 0.00303505 0.00299465 0.0029391 0.00241895 0.0022725 0.00235835 0.0224927 
0 0 0 0 0 0 0 0 0 0 0 0 0 0 0 0 0 0 0 0 0 0 0 0 0 0 0 0 0 0 0 0 0 0 0 0 0 0 0 0 0 0 0 0 0 0 0 0 0 0 0 
Per-collision Densities L:
0.905975 0.744683 0.610055 0.500955 0.412903 0.338744 0.277058 0.225674 0.1853 0.151227 0.125558 0.102863 0.0832038 0.06918 0.0570549 0.0467782 0.0378296 0.0317494 0.0250127 0.0212302 0.0171751 0.0144733 0.0117463 0.009595 0.00781235 0.0063024 0.0055449 0.00415615 0.00367135 0.00308555 0.0024543 0.00194425 0.00171195 0.00124735 0.00100495 0.0009191 0.0007171 0.00070195 0.00053025 0.0004141 0.00031815 0.0002828 0.00021715 0.0001919 0.00012625 0.000101 8.585e-05 6.565e-05 8.08e-05 6.06e-05 0.00022725 
0.0043228 0.0106555 0.0149581 0.017569 0.0180588 0.0179982 0.0175841 0.0165994 0.0155288 0.0143067 0.0134229 0.0120897 0.0103222 0.0093627 0.00801435 0.0072215 0.006262 0.00515605 0.00481265 0.00392385 0.0034441 0.0032522 0.0024947 0.00228765 0.0018079 0.00165135 0.00120695 0.00110595 0.000909 0.0008989 0.000707 0.0006464 0.0004848 0.0004545 0.00036865 0.0002525 0.00026765 0.00023735 0.000202 0.00016665 0.0001313 9.595e-05 7.07e-05 6.06e-05 6.565e-05 5.05e-05 5.05e-05 3.03e-05 3.535e-05 3.03e-05 0.00012625 
0.0388042 0.0995406 0.135522 0.15753 0.165882 0.165999 0.158807 0.151096 0.140006 0.128406 0.118412 0.104651 0.0945613 0.0841785 0.0725281 0.065039 0.056055 0.0492375 0.0432028 0.0371125 0.0321483 0.0275023 0.0238259 0.0195637 0.0170993 0.0147309 0.0127664 0.0107616 0.00941825 0.0082214 0.00655995 0.00578225 0.0048177 0.0040501 0.00347945 0.0030401 0.00250985 0.0021513 0.0017776 0.0014241 0.0013231 0.0010403 0.00095445 0.0007373 0.00061105 0.00044945 0.0004848 0.0004242 0.00029795 0.00021715 0.00121705 
0.00195435 0.00674175 0.0100748 0.0129886 0.015448 0.0171145 0.018074 0.0190537 0.0186042 0.0184679 0.0178164 0.0171599 0.0161196 0.0157308 0.0141451 0.0130189 0.012019 0.0105848 0.0100142 0.0091203 0.00813555 0.00701445 0.00635795 0.00572165 0.00509545 0.0044339 0.00380265 0.0035148 0.00289365 0.0026765 0.0021412 0.00202505 0.00165135 0.0014241 0.00129785 0.0010908 0.00095445 0.0007878 0.00081305 0.0006767 0.00053025 0.00043935 0.00037875 0.0003636 0.0002626 0.00023735 0.0002525 0.00017675 0.00013635 0.00013635 0.00070195 
0.0100344 0.028785 0.0466368 0.0601102 0.0706495 0.0784619 0.0830372 0.0844108 0.0875165 0.0849814 0.0839866 0.0790174 0.0740734 0.0697001 0.0649885 0.0599587 0.0545703 0.0508081 0.046152 0.041309 0.0373195 0.0327745 0.02929 0.0258207 0.0229876 0.0208363 0.0177457 0.0156904 0.0140592 0.0124988 0.0112312 0.00960005 0.0080396 0.00711545 0.00623675 0.00570145 0.0045349 0.00426725 0.0034138 0.0029997 0.00260075 0.00224725 0.0018483 0.0016463 0.00143925 0.00109585 0.00105545 0.00081305 0.0006868 0.00072215 0.0036966 
0.00143925 0.0041107 0.00705485 0.009797 0.0119736 0.0139077 0.0155692 0.0165438 0.017372 0.0174629 0.0180538 0.0174781 0.0175538 0.0171549 0.0159176 0.0157156 0.0150692 0.0141198 0.0133775 0.0124634 0.0111807 0.010403 0.0099384 0.0085143 0.0080194 0.0072013 0.0064943 0.00560045 0.00529745 0.00485305 0.00434805 0.00380265 0.0032623 0.0028785 0.00263105 0.00232805 0.00205535 0.00170185 0.00160085 0.00150995 0.001111 0.00112615 0.0007979 0.0008787 0.00072215 0.00066155 0.00063125 0.00040905 0.0003939 0.00035855 0.002222 
0.00467125 0.0141703 0.0222958 0.0295526 0.0377942 0.0432381 0.0469095 0.0512171 0.0531159 0.0552773 0.0559793 0.0552571 0.0548582 0.0535654 0.0511616 0.0491163 0.0464398 0.0434704 0.0407586 0.0386982 0.0357742 0.0333856 0.0298152 0.0271236 0.0257702 0.0229018 0.0211949 0.0186345 0.0167913 0.0148268 0.0134987 0.0120695 0.0109737 0.009999 0.00867085 0.0078376 0.00680235 0.0059691 0.0051712 0.0046359 0.00399455 0.00351985 0.0032118 0.0026765 0.00225735 0.00202505 0.00173215 0.0015453 0.00135845 0.0010504 0.00755985 
0.0011514 0.00345925 0.00546915 0.0075043 0.00926675 0.0112211 0.0124129 0.0136956 0.0150541 0.0155591 0.0165085 0.0165388 0.0166145 0.0160186 0.0163923 0.0161802 0.0157611 0.015145 0.0147915 0.0142006 0.01313 0.0119685 0.0116756 0.0107515 0.00999395 0.00910515 0.00848905 0.0082214 0.00713565 0.0065953 0.00601455 0.0052419 0.00498435 0.00465105 0.0039491 0.0039491 0.0034239 0.00300475 0.00257045 0.0024139 0.00209575 0.00188365 0.0016261 0.0014847 0.0013332 0.0011716 0.00101505 0.00084335 0.0007373 0.0006868 0.00514595 
0.0024846 0.008181 0.0129129 0.0182457 0.0222958 0.026659 0.0297496 0.0327745 0.0360065 0.0371579 0.0384457 0.0401677 0.0407333 0.0406828 0.0392183 0.0390618 0.0376326 0.0360015 0.0345774 0.033431 0.0314918 0.0302748 0.0273205 0.0258358 0.024336 0.0227402 0.0206545 0.0196849 0.0178265 0.0165186 0.0151046 0.0137916 0.0123018 0.0111151 0.0097768 0.00931725 0.0085446 0.00773155 0.00691345 0.0059186 0.00536815 0.004848 0.00446925 0.0038683 0.0033027 0.0028785 0.00270175 0.0023937 0.0021412 0.00188365 0.0125594 
0.00088375 0.00281285 0.0045652 0.00624685 0.00781235 0.0089991 0.0105343 0.0114332 0.0124331 0.0130846 0.0143521 0.0148016 0.0149733 0.0154278 0.0158621 0.0156146 0.0150793 0.0148874 0.0142057 0.0142461 0.0135643 0.0132714 0.0125644 0.0122311 0.0112312 0.010504 0.0102616 0.0094435 0.00876175 0.0083527 0.0077265 0.006767 0.00616605 0.0057368 0.0055752 0.0049086 0.0046157 0.00393395 0.00391375 0.00344915 0.0032522 0.00263105 0.0024139 0.00221695 0.0021917 0.0018281 0.00153015 0.0014241 0.0011716 0.0013231 0.0089284 
0.00193415 0.00510555 0.0087567 0.0119079 0.0154682 0.0177659 0.0208616 0.0232098 0.024336 0.0268307 0.0281033 0.0289567 0.029694 0.0302091 0.0316989 0.0303404 0.0307293 0.0293153 0.029285 0.0280023 0.0270781 0.0263408 0.0245329 0.0239926 0.0221392 0.0212302 0.0200889 0.0185891 0.0172407 0.0162358 0.0154884 0.0148319 0.012721 0.0121857 0.0115039 0.0105495 0.00948895 0.0084436 0.0078477 0.00698415 0.00639835 0.00539845 0.00542875 0.00468135 0.0044743 0.00403495 0.00337845 0.00303 0.00287345 0.00260075 0.0187557 
0.0007171 0.00227755 0.0036865 0.0049894 0.0064236 0.00782245 0.00891325 0.0095344 0.011105 0.0117615 0.0121655 0.0130644 0.01363 0.0135492 0.0142158 0.0145541 0.0138926 0.0140491 0.0143168 0.0141754 0.013327 0.0128119 0.0127967 0.0122614 0.0117615 0.0110797 0.0108373 0.00986265 0.00946875 0.00932735 0.0083527 0.0079083 0.00750935 0.0066155 0.0063529 0.00601455 0.00552975 0.00517625 0.00482275 0.0043733 0.00427735 0.0036057 0.00319665 0.0028987 0.0027977 0.00266135 0.0024543 0.00202 0.00188365 0.00169175 0.0139885 
0.00136855 0.00371175 0.00629735 0.00857995 0.011211 0.013029 0.0151096 0.0170084 0.018175 0.0198566 0.0214878 0.0219473 0.0226947 0.0238512 0.0237401 0.0241592 0.0245885 0.0242602 0.0243107 0.0236694 0.0231997 0.0217706 0.022018 0.0212555 0.0207404 0.0192153 0.0182356 0.017271 0.0164681 0.0157409 0.0150894 0.0141198 0.0135694 0.0121705 0.0113625 0.0104889 0.0102414 0.0094839 0.0088173 0.0074942 0.00745885 0.00675185 0.00573175 0.0052116 0.00501465 0.00451975 0.004242 0.0036057 0.00331785 0.00312595 0.0262398 
0.00065145 0.0019392 0.00302495 0.00414605 0.00556005 0.0066155 0.0074336 0.00834765 0.00935765 0.0101354 0.0110848 0.0115292 0.0120039 0.0125493 0.0132058 0.0127008 0.0135239 0.0128826 0.0132361 0.0129331 0.0129684 0.0132159 0.0123069 0.0115595 0.0115999 0.0110898 0.0111151 0.010504 0.0100041 0.009595 0.00892335 0.00875165 0.00779215 0.0075952 0.0072316 0.00645895 0.00617615 0.0059994 0.00540855 0.0051106 0.0049793 0.004141 0.00423695 0.0038784 0.0034946 0.00341885 0.0028785 0.00282295 0.0026462 0.0022422 0.019892 
0.00089385 0.00296435 0.00488335 0.0067064 0.00798405 0.0100293 0.0114231 0.0133825 0.0141299 0.0152965 0.0160439 0.0172155 0.0184376 0.0189729 0.0197102 0.0197556 0.0202101 0.0202 0.0206899 0.0199576 0.0191244 0.0196041 0.0187204 0.0188012 0.0180235 0.0172458 0.0166903 0.0156399 0.0155742 0.0150389 0.014337 0.0131805 0.0127967 0.0123422 0.011509 0.0103525 0.009999 0.0092718 0.0087163 0.0080901 0.0077467 0.00691345 0.0063933 0.0060802 0.00553985 0.00488335 0.00471165 0.00434805 0.00407535 0.003737 0.0333906 
0.0005656 0.00160085 0.00275225 0.0035956 0.00456015 0.0055853 0.0068377 0.00705485 0.0082618 0.0088375 0.0091304 0.0103071 0.0104889 0.0112262 0.0114888 0.0112514 0.0120695 0.0123574 0.0121806 0.0120645 0.0124028 0.0118776 0.0118726 0.0117514 0.0117009 0.0111807 0.011009 0.0103121 0.010095 0.00942835 0.00939805 0.0089587 0.00876175 0.00807495 0.00752955 0.00752955 0.0069892 0.00628725 0.00592365 0.00547925 0.0052621 0.00486315 0.0050399 0.0043531 0.0041814 0.00362085 0.00352995 0.0033128 0.00321685 0.00260075 0.026356 
0.00085345 0.00227755 0.0036259 0.0050399 0.00615595 0.00736795 0.00939805 0.0104434 0.0115039 0.012221 0.0133623 0.0144228 0.0148925 0.0157156 0.0159378 0.0165236 0.0171902 0.0166802 0.0170842 0.0168317 0.0166297 0.0161903 0.0167812 0.016054 0.0163519 0.0155237 0.0155742 0.0148268 0.0142107 0.0134431 0.0132361 0.013332 0.0121402 0.0112716 0.0111353 0.0107262 0.00997375 0.0092718 0.0089789 0.0083224 0.00809515 0.0073629 0.00686295 0.0060903 0.00578225 0.0050904 0.00516615 0.00461065 0.00416625 0.00403495 0.0409959 
0.00044945 0.00142915 0.00218665 0.00313605 0.0043228 0.00498435 0.0058782 0.00653975 0.00700435 0.00776185 0.00872135 0.00865065 0.00926675 0.00968085 0.0102313 0.0106151 0.0109989 0.0111605 0.0110545 0.0113373 0.0110545 0.0116049 0.0111151 0.0110797 0.0110999 0.0108323 0.0106252 0.0103273 0.0101657 0.00973135 0.0090092 0.0093324 0.00861025 0.00808 0.00817595 0.00731745 0.00736795 0.00694375 0.0067367 0.0060095 0.00586305 0.00547925 0.0052924 0.0047268 0.00433795 0.00418645 0.00398445 0.00351985 0.00357035 0.00294415 0.0337088 
0.00052015 0.00183315 0.00301485 0.0041006 0.00485305 0.00642865 0.00725685 0.00833755 0.0091102 0.010403 0.011004 0.011711 0.0121503 0.0130442 0.0134936 0.0133876 0.0140542 0.0143622 0.0145137 0.0148824 0.0150187 0.0147864 0.0143673 0.0144228 0.0143319 0.0139633 0.0135593 0.0134734 0.0129432 0.0127109 0.012317 0.0118473 0.0113777 0.0109434 0.0110494 0.0100293 0.00954955 0.0092213 0.0088577 0.00838805 0.0081709 0.0071003 0.0070902 0.0064741 0.00641855 0.00565095 0.0053833 0.0049288 0.0046056 0.00437835 0.0479094 
0 0 0 0 0 0 0 0 0 0 0 0 0 0 0 0 0 0 0 0 0 0 0 0 0 0 0 0 0 0 0 0 0 0 0 0 0 0 0 0 0 0 0 0 0 0 0 0 0 0 0 
