Half rod, albedo problem, Anisotropic scattering, exponential random flight, mu_t: 3 g: 0.9
Analogmu_t c: 0.98 maxx: 10 dx: 0.19802 numsamples: 1000000 numCollisionOrders: 20 numMoments: 10
total albedo: 0.417051
per-collision order albedos: 
0 0.024731 0.023007 0.021431 0.019593 0.018655 0.017198 0.015971 0.015096 0.01413 0.013237 0.01238 0.011719 0.010955 0.010362 0.009707 0.008872 0.008342 0.007838 0.007569 
Collision density L:
1.23723 1.19577 1.16118 1.13112 1.09718 1.06371 1.03465 1.00059 0.979008 0.94987 0.925009 0.89788 0.870408 0.847779 0.821327 0.797789 0.777508 0.753455 0.734376 0.71352 0.692946 0.673337 0.65597 0.63227 0.617797 0.599642 0.579518 0.566565 0.55095 0.537012 0.519352 0.502909 0.4919 0.476281 0.462454 0.45048 0.438229 0.426568 0.413459 0.399824 0.39135 0.37773 0.366181 0.35504 0.344875 0.335436 0.326104 0.316135 0.307055 0.298713 10.1952 
Collision density R:
2.95626 2.87273 2.79191 2.7155 2.63612 2.56352 2.48262 2.41325 2.34734 2.27665 2.20899 2.15894 2.09157 2.03656 1.97543 1.91659 1.863 1.8061 1.75668 1.70686 1.66005 1.61135 1.56883 1.51956 1.47856 1.43904 1.40475 1.35365 1.31631 1.28327 1.24745 1.21108 1.17451 1.14356 1.10394 1.07967 1.04655 1.01666 0.988386 0.961404 0.928468 0.90293 0.87919 0.852117 0.827064 0.805531 0.784209 0.758389 0.739012 0.715787 24.533 
Density Moments:
29.1488 199.941 2746.26 56682.4 1.56002e+06 5.34014e+07 2.16511e+09 1.00133e+11 5.1285e+12 2.84249e+14 
Per-collision Density Moments:
1 0.333391 0.222255 0.2221 0.295463 0.489438 0.965473 2.19388 5.59343 15.658 
0.955202 0.627715 0.62381 0.828035 1.37327 2.72704 6.29651 16.5484 48.7169 158.578 
0.912918 0.889212 1.17487 1.94925 3.88663 9.03931 23.9921 71.4683 235.761 851.638 
0.873503 1.1205 1.84253 3.65898 8.49462 22.5398 67.1834 221.784 801.057 3131.5 
0.836134 1.32396 2.60082 6.0119 15.9308 47.5401 157.655 575.043 2288.27 9869.83 
0.801042 1.50329 3.42869 9.0339 26.8822 88.9878 323.945 1284.8 5507.79 25342.9 
0.767985 1.66047 4.30579 12.7263 42.0142 152.956 608.23 2621.47 12165.1 60416.4 
0.736657 1.79729 5.21746 17.0931 61.9988 246.099 1059.91 4918.32 24439.7 129327 
0.706779 1.91646 6.14896 22.0886 87.2027 374.303 1733.26 8603.97 45534.2 255628 
0.678539 2.01974 7.09308 27.7243 118.388 546.711 2710.93 14352.4 80734.3 480379 
0.651563 2.10816 8.03511 33.9253 155.739 769.816 4070.48 22907.1 136620 860268 
0.626484 2.18531 8.97456 40.6783 199.67 1051.33 5901.56 35153.1 221332 1.46792e+06 
0.602356 2.24996 9.89604 47.8939 250.12 1396.26 8282.16 51972.5 343803 2.39004e+06 
0.579473 2.30474 10.8005 55.557 307.449 1813.07 11326.7 74642.1 517084 3.75449e+06 
0.557374 2.34889 11.675 63.5914 371.752 2310.18 15172.5 104884 760667 5.77218e+06 
0.536413 2.38495 12.526 72.0077 443.431 2896.65 19956 144412 1.09427e+06 8.6593e+06 
0.516867 2.41411 13.3454 80.6735 521.501 3569.07 25710.5 194177 1.53286e+06 1.26169e+07 
0.498279 2.43652 14.1361 89.6447 607.124 4346.32 32696.7 257452 2.11537e+06 1.80922e+07 
0.480456 2.45236 14.8908 98.8062 699.423 5226.29 40978.9 335837 2.86832e+06 2.54709e+07 
0 0 0 0 0 0 0 0 0 0 
Per-collision Densities L:
0 0 0 0 0 0 0 0 0 0 0 0 0 0 0 0 0 0 0 0 0 0 0 0 0 0 0 0 0 0 0 0 0 0 0 0 0 0 0 0 0 0 0 0 0 0 0 0 0 0 0 
0.0555399 0.0308606 0.017574 0.0095243 0.00517625 0.00281285 0.0015655 0.0007373 0.0004646 0.0002828 0.00015655 8.08e-05 5.555e-05 3.535e-05 3.03e-05 1.01e-05 5.05e-06 5.05e-06 0 0 0 0 0 0 0 0 0 0 0 0 0 0 0 0 0 0 0 0 0 0 0 0 0 0 0 0 0 0 0 0 0 
0.0657763 0.0535149 0.0386275 0.0265327 0.01767 0.0111201 0.0067973 0.0043329 0.00245935 0.0015857 0.0010605 0.0005656 0.00033835 0.0002222 0.0001212 5.05e-05 2.525e-05 3.03e-05 1.01e-05 5.05e-06 0 0 0 0 0 0 0 0 0 0 0 0 0 0 0 0 0 0 0 0 0 0 0 0 0 0 0 0 0 0 0 
0.0644936 0.0585548 0.0512222 0.0419958 0.0316787 0.0235785 0.0164176 0.0112211 0.00733765 0.0052318 0.0032219 0.00215635 0.0014039 0.00080295 0.00051005 0.00023735 0.00026765 0.0001111 0.000101 4.04e-05 1.515e-05 3.03e-05 5.05e-06 1.01e-05 5.05e-06 5.05e-06 0 0 0 0 0 0 0 0 0 0 0 0 0 0 0 0 0 0 0 0 0 0 0 0 0 
0.060701 0.0575094 0.0561106 0.0497021 0.0421776 0.0347895 0.026967 0.0202101 0.0155591 0.0113676 0.0075245 0.00528735 0.0038279 0.00238865 0.00165135 0.0010908 0.0006565 0.0004242 0.0003535 0.00021715 0.0001414 8.08e-05 3.535e-05 4.545e-05 5.555e-05 1.515e-05 5.05e-06 2.02e-05 0 0 0 0 0 0 0 0 0 0 0 0 0 0 0 0 0 0 0 0 0 0 0 
0.0556157 0.0547016 0.0546814 0.0514393 0.0487022 0.0418494 0.0360166 0.0302243 0.0244067 0.0186598 0.0139835 0.0104838 0.0075144 0.00565095 0.0038784 0.0026866 0.00174225 0.0013029 0.0008383 0.0005757 0.00038885 0.0002727 0.00011615 9.09e-05 5.555e-05 2.02e-05 2.525e-05 3.535e-05 5.05e-06 5.05e-06 0 5.05e-06 0 0 0 5.05e-06 0 0 0 0 0 0 0 0 0 0 0 0 0 0 0 
0.0521716 0.0511161 0.0515403 0.0512929 0.0488032 0.0459298 0.0419807 0.0368903 0.0316736 0.0261994 0.0208111 0.0169276 0.0129886 0.009797 0.00697405 0.0052419 0.0037067 0.00268155 0.00208565 0.0012524 0.0009595 0.00051005 0.0004242 0.0003131 0.0002424 8.585e-05 8.585e-05 7.575e-05 1.515e-05 3.535e-05 1.01e-05 1.01e-05 0 0 5.05e-06 0 5.05e-06 5.05e-06 0 0 0 0 0 0 0 0 0 0 0 0 0 
0.0484952 0.0483942 0.0489901 0.0494092 0.0476569 0.046258 0.0436825 0.0398647 0.0361681 0.0314464 0.0275831 0.0231997 0.0183214 0.0149581 0.0113827 0.00908495 0.0066357 0.00502475 0.00363095 0.00245935 0.0018382 0.00134835 0.00099485 0.0007171 0.00052015 0.00031815 0.00026765 0.0001313 0.000101 8.08e-05 4.545e-05 1.515e-05 2.02e-05 2.525e-05 1.515e-05 0 5.05e-06 0 1.01e-05 5.05e-06 0 0 0 0 0 0 0 0 0 0 0 
0.0456773 0.0458439 0.0456167 0.045344 0.0448238 0.0438441 0.0431826 0.0412131 0.0390719 0.0365267 0.0322392 0.0276336 0.0232856 0.0200485 0.0166044 0.0133472 0.0112211 0.00775175 0.0062923 0.00494395 0.00356025 0.0026765 0.0020907 0.0017069 0.0010302 0.00063125 0.00040905 0.00036865 0.00027775 0.0002222 0.00010605 8.08e-05 7.07e-05 5.555e-05 3.03e-05 1.01e-05 2.02e-05 1.01e-05 1.01e-05 5.05e-06 0 0 5.05e-06 0 0 0 0 0 0 0 0 
0.0421675 0.0430563 0.0427836 0.042218 0.0426675 0.042314 0.04141 0.0409909 0.0391224 0.0374609 0.0347289 0.0314413 0.0276235 0.0243612 0.0215181 0.0179376 0.0151702 0.0114484 0.00980205 0.0074437 0.0058883 0.0046359 0.003838 0.0027371 0.0019493 0.0014241 0.0010605 0.00083325 0.0004949 0.0003838 0.00023735 0.00020705 0.00010605 8.585e-05 5.05e-05 5.05e-05 4.545e-05 2.525e-05 2.02e-05 5.05e-06 0 5.05e-06 5.05e-06 5.05e-06 1.01e-05 0 0 5.05e-06 0 0 0 
0.0403495 0.0401273 0.0396324 0.0395163 0.0406576 0.0394304 0.0387234 0.0389355 0.0388093 0.0371125 0.0350622 0.0334058 0.0305273 0.0278356 0.0246642 0.0222655 0.0188567 0.0159732 0.0131553 0.0107868 0.0089486 0.00718615 0.00595395 0.00437835 0.0032623 0.002626 0.00191395 0.0013332 0.0009393 0.00079285 0.00061105 0.00035855 0.0003131 0.00017675 0.0001313 0.0001414 8.585e-05 9.595e-05 4.545e-05 1.515e-05 1.01e-05 1.01e-05 2.02e-05 0 1.01e-05 0 0 0 0 0 0 
0.0375266 0.0374205 0.0373953 0.0377841 0.0373852 0.0363297 0.0377488 0.0367943 0.0364964 0.0362035 0.0346885 0.0339461 0.0323352 0.0295678 0.0274266 0.0245531 0.0224271 0.0196445 0.0165287 0.0140996 0.0120089 0.0099081 0.00821635 0.0065448 0.00512575 0.0040804 0.0029896 0.0024947 0.00172205 0.00141905 0.0011312 0.00079285 0.00061105 0.0003333 0.0003535 0.0002222 0.00017675 0.0001414 4.545e-05 5.555e-05 4.04e-05 2.02e-05 1.515e-05 5.05e-06 1.01e-05 1.01e-05 0 0 0 0 0 
0.0350925 0.0349006 0.035552 0.0347642 0.0350167 0.0345723 0.0348299 0.0353551 0.0346986 0.034037 0.0342946 0.0330674 0.032118 0.0299061 0.0286487 0.025952 0.0251894 0.0224927 0.0197304 0.0172205 0.0149783 0.0131906 0.0111353 0.00891325 0.00728715 0.00613575 0.0047571 0.00390365 0.0030199 0.0021816 0.00162105 0.0013635 0.00101505 0.00079285 0.00060095 0.00038885 0.0003131 0.0002323 0.0002121 0.0001212 5.555e-05 7.07e-05 3.03e-05 3.03e-05 1.515e-05 0 1.01e-05 1.515e-05 0 0 5.05e-06 
0.0337896 0.0327846 0.0323756 0.0322746 0.0321837 0.0332189 0.0328907 0.0327291 0.0330725 0.0328957 0.0320827 0.0314514 0.031507 0.030194 0.0287497 0.0277851 0.0258459 0.0240027 0.0221291 0.0197001 0.0181699 0.0157308 0.0137512 0.0117362 0.00970105 0.008383 0.0065448 0.0052924 0.00417635 0.00350975 0.00266135 0.0024442 0.00179275 0.00143925 0.0009393 0.00077265 0.0004949 0.00045955 0.0003232 0.0001818 0.00013635 0.0001616 7.07e-05 6.06e-05 2.525e-05 3.535e-05 1.515e-05 2.525e-05 2.02e-05 5.05e-06 2.525e-05 
0.0311434 0.0303303 0.0300324 0.0303303 0.0306889 0.0312494 0.0314464 0.0304465 0.031411 0.0304717 0.0301586 0.0302546 0.0304818 0.0296587 0.0285628 0.027775 0.0269266 0.0249723 0.0235987 0.0219069 0.0207404 0.0183467 0.0159681 0.014034 0.0121655 0.0104788 0.00866075 0.00703465 0.00620645 0.00498435 0.00398445 0.0032219 0.0026462 0.0020705 0.00169175 0.0011918 0.00094435 0.00078275 0.00061105 0.00041915 0.00030805 0.00025755 0.00017675 9.09e-05 0.000101 4.04e-05 6.06e-05 6.06e-05 2.02e-05 1.01e-05 5.05e-05 
0.028477 0.0283255 0.0281134 0.0289668 0.028583 0.0296688 0.0290779 0.0291789 0.0289113 0.0288153 0.0286234 0.0289668 0.0281689 0.0291486 0.0276841 0.027669 0.0269771 0.0253561 0.0252096 0.0228765 0.0211595 0.0202202 0.0176195 0.0156651 0.0144683 0.0124584 0.0110141 0.00950915 0.00820625 0.00687305 0.00561055 0.0046561 0.0039693 0.00304515 0.00251995 0.00208565 0.0015453 0.00113625 0.0008585 0.00074235 0.00052015 0.0004141 0.000303 0.0002424 0.0001616 0.00014645 8.585e-05 8.585e-05 4.545e-05 4.04e-05 9.09e-05 
0.0266893 0.0263863 0.0266085 0.0271135 0.0278053 0.0274619 0.0273559 0.0273104 0.0270024 0.0269165 0.0276892 0.027573 0.0274821 0.0275629 0.0267196 0.0267448 0.0258409 0.025149 0.024235 0.0231745 0.0220382 0.0213464 0.0193415 0.0174427 0.0162964 0.0151652 0.0128018 0.0113272 0.0101758 0.00848905 0.0071306 0.00597415 0.00518635 0.0042016 0.00358045 0.002626 0.00218665 0.0017574 0.0014443 0.0011716 0.000808 0.0006868 0.0004545 0.00039895 0.0003333 0.0002323 0.0001818 0.0001111 0.00011615 9.09e-05 0.000202 
0.0247551 0.0248915 0.0252753 0.0259772 0.0257954 0.0260025 0.025957 0.0256086 0.0254116 0.0259621 0.0262701 0.026356 0.0258459 0.0254066 0.0259368 0.02525 0.0251692 0.0247198 0.0237047 0.0232805 0.0224725 0.021008 0.0204323 0.0191547 0.0179073 0.0159883 0.0143572 0.0136199 0.0115544 0.010302 0.0088779 0.00784265 0.00633775 0.00542875 0.0047167 0.0038784 0.00320675 0.00255025 0.00194425 0.001616 0.00128775 0.0010605 0.0009393 0.0006767 0.00052015 0.00043935 0.000202 0.0002525 0.00021715 0.0001414 0.00033835 
0.023634 0.0239017 0.0235482 0.023836 0.0247602 0.0242602 0.0246592 0.0241996 0.0240279 0.0251238 0.0250278 0.0243309 0.0241643 0.0246642 0.0245279 0.0238815 0.0235936 0.0237552 0.0237401 0.0228765 0.0220786 0.0214272 0.0204929 0.0194476 0.0188466 0.0171751 0.0161146 0.0142309 0.0128977 0.0122311 0.0107969 0.00891325 0.007878 0.0064438 0.0060499 0.00518635 0.00423695 0.0037875 0.00276235 0.00233815 0.0018786 0.0015554 0.0012322 0.0010504 0.0007171 0.0006262 0.00041915 0.0003636 0.00031815 0.00021715 0.0005757 
0 0 0 0 0 0 0 0 0 0 0 0 0 0 0 0 0 0 0 0 0 0 0 0 0 0 0 0 0 0 0 0 0 0 0 0 0 0 0 0 0 0 0 0 0 0 0 0 0 0 0 
Per-collision Densities L:
2.26232 1.24727 0.689244 0.38179 0.210615 0.116004 0.0642461 0.0352288 0.0190537 0.0107565 0.0060701 0.00326735 0.00195435 0.00098475 0.00053025 0.00028785 0.00019695 7.07e-05 5.05e-05 2.02e-05 3.03e-05 5.05e-06 0 0 0 0 0 0 0 0 0 0 0 0 0 0 0 0 0 0 0 0 0 0 0 0 0 0 0 0 0 
0.563035 1.00198 0.938356 0.72666 0.516226 0.349334 0.226376 0.144612 0.0904506 0.0555803 0.0349208 0.0212706 0.0121857 0.00744875 0.0043531 0.00276235 0.00134835 0.000808 0.0004949 0.0002929 0.0001515 0.00010605 3.535e-05 3.535e-05 5.05e-06 1.515e-05 1.01e-05 0 0 5.05e-06 0 0 0 0 0 0 0 0 0 0 0 0 0 0 0 0 0 0 0 0 0 
0.099283 0.420317 0.638921 0.700819 0.641385 0.529624 0.407247 0.298985 0.213262 0.14643 0.0981468 0.0664631 0.0431876 0.0279619 0.018175 0.0109484 0.00723665 0.00425715 0.0026967 0.0015251 0.00101 0.0006363 0.0003636 0.00018685 0.00015655 5.05e-05 6.06e-05 2.525e-05 5.05e-06 1.01e-05 1.01e-05 0 5.05e-06 0 0 0 0 0 0 0 0 0 0 0 0 0 0 0 0 0 0 
0.0136653 0.122867 0.30247 0.452056 0.528836 0.53727 0.490653 0.413529 0.33328 0.256303 0.191612 0.140279 0.0994648 0.0691194 0.0468741 0.0323301 0.0212656 0.0136906 0.00907485 0.0056863 0.0037168 0.00240885 0.0015655 0.00095445 0.00062115 0.00039895 0.0002121 0.00015655 8.08e-05 4.04e-05 2.02e-05 1.515e-05 5.05e-06 1.515e-05 0 0 0 0 0 0 0 0 0 0 0 0 0 0 0 0 0 
0.0022321 0.0293304 0.10862 0.224483 0.333446 0.409883 0.440895 0.431002 0.390946 0.338123 0.276669 0.223099 0.170983 0.128002 0.094435 0.0685235 0.0484901 0.0337239 0.0242956 0.015655 0.0104283 0.00734775 0.00455005 0.00293405 0.001818 0.00132815 0.00080295 0.0006262 0.00033835 0.00025755 0.00010605 6.06e-05 4.04e-05 4.04e-05 1.01e-05 1.515e-05 5.05e-06 5.05e-06 0 0 5.05e-06 5.05e-06 0 0 0 0 0 0 0 0 0 
0.0011009 0.00731745 0.0339007 0.091405 0.17116 0.254177 0.319155 0.359515 0.369857 0.356187 0.323559 0.280901 0.237153 0.191259 0.151242 0.116584 0.0889709 0.0663065 0.047571 0.0349056 0.0242148 0.0167761 0.0119736 0.0080093 0.005353 0.00363095 0.00242905 0.0015554 0.0011817 0.0007272 0.00047975 0.00023735 0.0001717 0.00012625 7.07e-05 4.04e-05 3.03e-05 2.525e-05 2.02e-05 0 0 0 5.05e-06 0 0 0 0 0 0 0 0 
0.00082315 0.0030401 0.0108979 0.0335068 0.0756591 0.132936 0.195122 0.252131 0.294642 0.313645 0.313504 0.301849 0.27367 0.239451 0.20198 0.16815 0.133941 0.105697 0.0817646 0.0611656 0.0469499 0.0336078 0.024538 0.0175336 0.0121705 0.00840825 0.00598425 0.00410565 0.0028785 0.0018988 0.0012221 0.0008383 0.00060095 0.00044945 0.0002626 0.00017675 6.06e-05 7.07e-05 7.575e-05 4.04e-05 5.05e-06 1.01e-05 5.05e-06 0 1.01e-05 0 0 0 0 0 0 
0.00083325 0.00222705 0.00529745 0.0131401 0.0321382 0.0622362 0.105161 0.153293 0.201843 0.237951 0.265756 0.275998 0.269948 0.257121 0.234557 0.204863 0.1762 0.145622 0.118978 0.0949451 0.0756389 0.0567923 0.043627 0.0324463 0.0243612 0.0175033 0.0126705 0.00912535 0.00652965 0.0043834 0.00297445 0.0021715 0.00150995 0.00101505 0.00074235 0.00046965 0.00033835 0.0002121 0.00013635 0.00012625 5.05e-05 3.535e-05 1.01e-05 1.515e-05 5.05e-06 1.01e-05 0 5.05e-06 0 0 0 
0.0006666 0.0021311 0.0036562 0.0069892 0.0145895 0.0283204 0.0514898 0.0860823 0.122624 0.161348 0.193799 0.222725 0.23837 0.24244 0.236178 0.220508 0.202035 0.177906 0.153818 0.127649 0.105792 0.0859763 0.0669024 0.0526816 0.0414403 0.0303606 0.0236189 0.0171448 0.0126048 0.0093122 0.00638825 0.00501465 0.00332795 0.00220685 0.0015958 0.001212 0.00086355 0.0004848 0.00035855 0.0002424 0.00018685 0.00012625 8.08e-05 1.515e-05 3.03e-05 1.515e-05 1.515e-05 5.05e-06 1.515e-05 0 0 
0.00079285 0.0021917 0.0034037 0.00505 0.00826685 0.0144733 0.0253864 0.0439855 0.0700132 0.100288 0.1298 0.160418 0.186683 0.204904 0.211115 0.212272 0.203454 0.193016 0.1747 0.156732 0.133775 0.113726 0.093829 0.076659 0.0618524 0.0488739 0.0383548 0.0287143 0.02222 0.0167711 0.0123978 0.009696 0.0065751 0.00472175 0.00342895 0.0024745 0.0017574 0.0012019 0.0008686 0.00072215 0.0004545 0.000303 0.0001616 0.0001515 5.05e-05 5.555e-05 3.03e-05 2.525e-05 2.02e-05 2.02e-05 1.01e-05 
0.00073225 0.00188365 0.0031815 0.0045046 0.0061206 0.0091001 0.0141198 0.0232553 0.0381528 0.0581861 0.0807344 0.106863 0.132088 0.15708 0.173978 0.184679 0.18882 0.187794 0.180164 0.167761 0.151894 0.136128 0.120311 0.0993234 0.0844411 0.0689881 0.0552874 0.0443946 0.0351783 0.0281083 0.0202455 0.0163418 0.0123978 0.00926675 0.00646905 0.00481265 0.00341885 0.0026462 0.0017978 0.001414 0.0009191 0.000707 0.00045955 0.00032825 0.00025755 0.0001616 0.0001212 6.565e-05 3.03e-05 3.03e-05 6.565e-05 
0.0004949 0.0017776 0.00300475 0.00419655 0.00575195 0.0068377 0.00976165 0.0140138 0.0212504 0.0331381 0.0486113 0.0665388 0.0886023 0.110257 0.131058 0.147566 0.161676 0.166297 0.169826 0.166746 0.158615 0.147076 0.135133 0.12072 0.103904 0.0903243 0.0756389 0.0610798 0.0510757 0.0404354 0.0322241 0.0252551 0.0195991 0.0158166 0.0115645 0.00889305 0.0063226 0.0049389 0.0034441 0.00259065 0.00195435 0.00141905 0.0011514 0.00066155 0.0005656 0.0003232 0.00026765 0.0001919 0.000101 7.575e-05 0.000202 
0.0005555 0.0017271 0.0025654 0.00394405 0.00501465 0.00631755 0.00772145 0.0100293 0.0140895 0.0194829 0.0290375 0.0411474 0.0557116 0.0735785 0.0920161 0.110252 0.125871 0.138996 0.147208 0.152167 0.15198 0.148687 0.14087 0.129997 0.117822 0.107479 0.0925009 0.0796739 0.0661399 0.0557015 0.0466216 0.0371327 0.0288456 0.0241946 0.0190436 0.0144784 0.0110898 0.00823655 0.0062216 0.00485305 0.00363095 0.002424 0.0018382 0.0015958 0.0010403 0.0007676 0.00053025 0.0003434 0.00027775 0.00016665 0.00044945 
0.0005252 0.0015554 0.00253005 0.00358045 0.00450965 0.0057974 0.00664075 0.0083527 0.0104939 0.0136401 0.018074 0.0257348 0.0346127 0.0467479 0.0622665 0.077664 0.0935614 0.107025 0.11966 0.128942 0.136022 0.137875 0.136163 0.131659 0.125386 0.116387 0.106106 0.0935311 0.0817898 0.0703819 0.0603071 0.0498183 0.0414605 0.0344814 0.0267903 0.0224776 0.0172912 0.0135492 0.0101657 0.0083022 0.0061105 0.0046965 0.0032017 0.0027371 0.0020099 0.00139885 0.0010706 0.0007575 0.0004242 0.000404 0.00092415 
0.0004545 0.001313 0.00213615 0.0033027 0.00434805 0.00516615 0.0062216 0.0078982 0.00876175 0.010605 0.0128674 0.0169882 0.0228058 0.0303909 0.0400667 0.0524544 0.0656652 0.0782599 0.0921272 0.102167 0.11365 0.118938 0.125003 0.124836 0.121377 0.117231 0.112342 0.102591 0.0931523 0.0835624 0.0728109 0.0636351 0.054131 0.0451016 0.0374306 0.0308101 0.0252803 0.0203717 0.0160843 0.0125341 0.0100899 0.00737805 0.00588325 0.00421675 0.0033936 0.0026361 0.00202 0.00134835 0.0010706 0.00068175 0.00194425 
0.0004747 0.00128775 0.00210585 0.00312595 0.0038885 0.00492375 0.00589335 0.00681245 0.0076053 0.009292 0.0104283 0.0128068 0.0162762 0.0209575 0.0267903 0.0347491 0.0438189 0.0561106 0.066352 0.0783861 0.0896224 0.0980458 0.105131 0.111408 0.112095 0.112418 0.111267 0.104687 0.0988689 0.0915868 0.0827089 0.0736492 0.0653925 0.0572872 0.0478993 0.0405616 0.0343198 0.0279669 0.0226998 0.018478 0.0148723 0.0123069 0.0094435 0.0070397 0.00565095 0.00425715 0.00330775 0.00241895 0.0018483 0.0014544 0.00381275 
0.00048985 0.0011615 0.00207555 0.0027573 0.0038582 0.0046864 0.0053732 0.0063226 0.0069488 0.0082012 0.00981215 0.0105293 0.0121857 0.0149682 0.0191698 0.0237855 0.0304869 0.0383245 0.0475054 0.0574539 0.0674882 0.0763762 0.085345 0.0937179 0.097869 0.101707 0.104166 0.101682 0.0986164 0.0945815 0.0895062 0.081406 0.0742754 0.0658419 0.0578932 0.0498789 0.0442279 0.0373801 0.0303 0.0253106 0.0206091 0.017165 0.0139633 0.0109333 0.0091001 0.00701445 0.00539845 0.0037471 0.00311585 0.002424 0.00692355 
0.0004242 0.00123725 0.0019291 0.0026967 0.00345925 0.0044238 0.00508535 0.00581255 0.006666 0.00718615 0.00871125 0.0098677 0.0105091 0.0120645 0.0143976 0.0176952 0.0212959 0.0271387 0.0336835 0.0417332 0.0490052 0.0573579 0.0663166 0.0743158 0.082512 0.087158 0.0912081 0.0927837 0.0935967 0.0923191 0.0894305 0.0858248 0.0802243 0.0727049 0.06565 0.0584386 0.0511868 0.0459096 0.0400162 0.0327846 0.0273054 0.0237199 0.0192708 0.0155692 0.0126806 0.0104081 0.00836785 0.00648925 0.0048783 0.0038178 0.0121958 
0.00027775 0.00117665 0.001919 0.00257045 0.00324715 0.00402485 0.0046763 0.0057267 0.0065246 0.0065044 0.0077467 0.0086153 0.0095445 0.0101808 0.0124281 0.0143067 0.0163822 0.0195789 0.0239269 0.0294516 0.0359005 0.0427129 0.0503586 0.0572771 0.0651501 0.0719726 0.0771741 0.0810677 0.0842391 0.0861581 0.0857187 0.0837341 0.0803859 0.0765833 0.0707101 0.0654884 0.0597567 0.0522675 0.0457934 0.0406323 0.0353349 0.0300879 0.0256439 0.0210282 0.017266 0.0148066 0.0118271 0.00954955 0.00773155 0.00590345 0.0204323 
0 0 0 0 0 0 0 0 0 0 0 0 0 0 0 0 0 0 0 0 0 0 0 0 0 0 0 0 0 0 0 0 0 0 0 0 0 0 0 0 0 0 0 0 0 0 0 0 0 0 0 
