Half rod, albedo problem, Anisotropic scattering, exponential random flight, mu_t: 3 g: -0.5
Analogmu_t c: 0.95 maxx: 10 dx: 0.19802 numsamples: 1000000 numCollisionOrders: 20 numMoments: 10
total albedo: 0.688995
per-collision order albedos: 
0 0.356906 0.08414 0.065128 0.036865 0.027989 0.019898 0.015535 0.01231 0.009812 0.008245 0.006734 0.005534 0.004675 0.004152 0.003447 0.00296 0.002539 0.002326 0.001955 
Collision density L:
1.91013 1.62481 1.38519 1.17708 1.00341 0.852576 0.725629 0.616418 0.526427 0.444546 0.381563 0.324008 0.276432 0.235562 0.198839 0.167938 0.141385 0.121533 0.102566 0.088572 0.0750178 0.0646097 0.0546259 0.0477074 0.0394658 0.0341936 0.0294011 0.0239168 0.0205081 0.0168973 0.014645 0.0122059 0.0107616 0.00962025 0.0077669 0.006666 0.00568125 0.00504495 0.00404505 0.00327745 0.00300475 0.00254015 0.0018887 0.0015655 0.0016564 0.0012322 0.0010807 0.0009191 0.00076255 0.00063125 0.0048379 
Collision density R:
2.77241 2.35374 2.00736 1.70998 1.45244 1.24024 1.04947 0.896617 0.763979 0.650243 0.55098 0.468938 0.402268 0.34133 0.289915 0.244869 0.208085 0.177654 0.151813 0.127851 0.10904 0.0921474 0.0797193 0.0680286 0.0574892 0.0490658 0.042516 0.0360974 0.0298102 0.0258661 0.0211242 0.018074 0.015044 0.0132916 0.0117261 0.0094334 0.0085345 0.0072316 0.00595395 0.00485305 0.00432785 0.0035148 0.0031613 0.00255025 0.00200485 0.00160085 0.0015756 0.00129785 0.0011211 0.0009696 0.00669125 
Density Moments:
6.21878 7.62234 18.6925 68.9965 342.233 2146.76 16353.8 146347 1.49278e+06 1.68963e+07 
Per-collision Density Moments:
1 0.333344 0.222551 0.223361 0.300223 0.507428 1.03418 2.45972 6.63945 19.8592 
0.593466 0.277235 0.237881 0.291059 0.459582 0.887362 2.02295 5.30253 15.6239 50.7174 
0.479648 0.310428 0.319893 0.445402 0.777953 1.63046 3.97723 11.0361 34.2013 116.581 
0.390663 0.294196 0.345516 0.537743 1.03285 2.34768 6.14124 18.1246 59.4549 214.162 
0.334346 0.292469 0.382788 0.65027 1.34548 3.26354 9.03791 28.0169 95.7016 355.548 
0.289537 0.281033 0.401947 0.738079 1.63685 4.22631 12.3863 40.4224 144.65 560.28 
0.255143 0.272363 0.421045 0.827839 1.95253 5.32969 16.4154 55.9544 207.841 830.677 
0.226946 0.261766 0.432896 0.90411 2.25495 6.49722 21.1377 76.3037 301.273 1285.06 
0.203247 0.251086 0.440734 0.970773 2.5398 7.63762 25.8027 96.2361 390.712 1706.68 
0.183227 0.240568 0.445093 1.02898 2.81971 8.87952 31.4538 123.276 527.273 2432.07 
0.165859 0.23002 0.446328 1.07752 3.07428 10.0562 36.9319 149.845 662.801 3159.93 
0.150916 0.220106 0.446725 1.12381 3.33137 11.3041 43.0839 181.986 843.35 4253 
0.137818 0.210261 0.444617 1.16358 3.5868 12.6635 50.3054 222.113 1080.1 5740.85 
0.126205 0.200635 0.440132 1.19097 3.78458 13.7339 55.909 252.175 1248.32 6725.64 
0.115658 0.191381 0.43535 1.21784 3.98816 14.8639 61.914 284.602 1429.57 7779.16 
0.106259 0.182016 0.427501 1.23257 4.15413 15.9216 68.21 322.802 1671.91 9396.29 
0.097932 0.173553 0.420329 1.24752 4.32327 17.0179 74.7455 361.638 1907.48 10865.5 
0.090423 0.165634 0.413414 1.26258 4.49854 18.1946 82.0444 407.013 2197.08 12777.6 
0.083569 0.157833 0.405482 1.27375 4.66645 19.4045 89.9647 458.837 2544.88 15184.9 
0 0 0 0 0 0 0 0 0 0 
Per-collision Densities L:
0 0 0 0 0 0 0 0 0 0 0 0 0 0 0 0 0 0 0 0 0 0 0 0 0 0 0 0 0 0 0 0 0 0 0 0 0 0 0 0 0 0 0 0 0 0 0 0 0 0 0 
0.805127 0.444875 0.245491 0.136072 0.0756844 0.0412939 0.0231846 0.0121958 0.0071205 0.0037673 0.0019291 0.00118675 0.0006464 0.00036865 0.000202 0.00015655 7.575e-05 3.535e-05 5.555e-05 2.02e-05 5.05e-06 0 0 5.05e-06 0 0 0 0 0 0 0 0 0 0 0 0 0 0 0 0 0 0 0 0 0 0 0 0 0 0 0 
0.243041 0.19596 0.142627 0.0985255 0.0650945 0.0426978 0.0261287 0.0160186 0.0101505 0.0059489 0.0035148 0.0021412 0.0012726 0.00083325 0.00040905 0.00032825 0.00013635 7.575e-05 5.05e-05 6.565e-05 2.02e-05 1.515e-05 5.05e-06 5.05e-06 0 5.05e-06 0 0 0 0 0 0 0 0 0 0 0 0 0 0 0 0 0 0 0 0 0 0 0 0 0 
0.217216 0.21205 0.17019 0.128083 0.0901223 0.0615393 0.0405616 0.0265933 0.0171498 0.0107666 0.00692355 0.00425715 0.00256035 0.00157055 0.0010605 0.0006363 0.0003434 0.000202 0.0001313 6.565e-05 6.565e-05 3.535e-05 2.02e-05 5.05e-06 5.05e-06 5.05e-06 0 0 0 0 0 0 0 0 0 0 0 0 0 0 0 0 0 0 0 0 0 0 0 0 0 
0.124543 0.133411 0.120801 0.100086 0.0786538 0.0584891 0.0418746 0.0294011 0.0198617 0.0137007 0.00888295 0.0059388 0.0037572 0.00241895 0.00154025 0.00104535 0.00065145 0.00035855 0.00020705 0.0001313 0.00012625 6.565e-05 2.525e-05 5.05e-06 1.01e-05 5.05e-06 0 5.05e-06 0 5.05e-06 0 0 0 0 0 0 0 0 0 0 0 0 0 0 0 0 0 0 0 0 0 
0.0973539 0.110646 0.108469 0.0956369 0.0781589 0.0611606 0.0460459 0.0342592 0.0240532 0.016665 0.0114938 0.0081507 0.00538835 0.0034138 0.0022321 0.001414 0.0009393 0.0006262 0.00042925 0.00024745 0.00018685 8.585e-05 3.535e-05 5.05e-05 2.02e-05 1.01e-05 1.01e-05 0 5.05e-06 1.01e-05 0 0 0 0 0 0 0 0 0 0 0 0 0 0 0 0 0 0 0 0 0 
0.0702758 0.0816585 0.0842593 0.0778357 0.0679427 0.0565348 0.0445006 0.0341279 0.0254621 0.0185588 0.0134886 0.00947885 0.0064236 0.0048177 0.0027775 0.00210585 0.00133825 0.0008282 0.000606 0.0003737 0.00023735 0.00016665 0.00011615 5.05e-05 2.02e-05 1.515e-05 0 1.01e-05 1.01e-05 0 0 0 0 0 0 0 0 0 0 0 0 0 0 0 0 0 0 0 0 0 0 
0.05555 0.0672256 0.0715232 0.0682861 0.0613878 0.0522372 0.043632 0.0344966 0.026861 0.0199677 0.015251 0.0109737 0.00771135 0.00560045 0.0038885 0.002727 0.00189375 0.00117665 0.00079285 0.0005757 0.0004444 0.00026765 0.00015655 6.565e-05 6.565e-05 4.545e-05 3.03e-05 2.02e-05 5.05e-06 1.01e-05 1.01e-05 0 0 0 0 0 0 0 0 0 0 0 0 0 0 0 0 0 0 0 0 
0.0442532 0.0537118 0.0574539 0.0570196 0.053424 0.0478185 0.0406374 0.0341229 0.0267347 0.020498 0.0155894 0.0120493 0.0086557 0.00632765 0.004545 0.00313605 0.0021412 0.00136855 0.0010605 0.0007272 0.0005555 0.0003232 0.00018685 0.0001717 0.000101 7.07e-05 4.04e-05 3.03e-05 2.525e-05 1.01e-05 2.02e-05 0 0 0 0 0 0 0 0 0 0 0 0 0 0 0 0 0 0 0 0 
0.0353854 0.0438896 0.0490961 0.049591 0.0469448 0.0427584 0.0377538 0.0314767 0.0261944 0.0203869 0.0165691 0.01313 0.00953945 0.00746895 0.0053833 0.0036158 0.00262095 0.0020099 0.00130795 0.00097465 0.00076255 0.0004141 0.00034845 0.00019695 0.00012625 7.575e-05 2.525e-05 5.555e-05 3.03e-05 2.02e-05 1.01e-05 0 0 0 0 0 0 0 0 0 0 0 0 0 0 0 0 0 0 0 0 
0.0289113 0.0359257 0.0407586 0.0419857 0.041612 0.0382336 0.0346531 0.0306737 0.0250127 0.0206444 0.016458 0.0123372 0.0103626 0.00738815 0.0058883 0.0042218 0.0027876 0.00214625 0.00159075 0.0009696 0.00083325 0.0005959 0.0003737 0.0002424 0.00016665 0.0001212 0.00011615 5.555e-05 3.03e-05 5.05e-05 2.02e-05 1.01e-05 0 0 0 5.05e-06 0 0 0 0 0 0 0 0 0 0 0 0 0 0 0 
0.0240279 0.0308 0.0346077 0.0364964 0.0362641 0.0343249 0.0316635 0.0277902 0.0237552 0.0195385 0.0165893 0.0129684 0.0105495 0.00826685 0.0063529 0.00445915 0.0032926 0.0023735 0.0018988 0.00142915 0.00101 0.00068175 0.0004343 0.0003535 0.00020705 0.0001616 0.000101 7.575e-05 5.05e-05 4.04e-05 1.515e-05 4.545e-05 1.01e-05 1.515e-05 0 0 5.05e-06 0 5.05e-06 0 0 0 0 0 0 0 0 0 0 0 0 
0.0202 0.0244976 0.0305576 0.0313454 0.0317393 0.0316888 0.0288305 0.0253914 0.0226594 0.0197001 0.0162913 0.0130341 0.0102465 0.0082315 0.0064034 0.00506515 0.00392385 0.0028684 0.00190385 0.0013736 0.00118675 0.00083325 0.00047975 0.00034845 0.00031815 0.00022725 0.00013635 8.585e-05 6.565e-05 4.04e-05 1.01e-05 2.525e-05 1.515e-05 5.05e-06 5.05e-06 1.01e-05 0 0 5.05e-06 0 0 0 0 0 0 0 0 0 0 0 0 
0.0171549 0.0218766 0.0254318 0.0272296 0.0282295 0.0275478 0.0254672 0.0236694 0.0214625 0.0181295 0.0158873 0.0130543 0.0101101 0.00829715 0.0066963 0.0049389 0.00403495 0.00308555 0.00217655 0.0018887 0.0012726 0.00102515 0.00064135 0.00048985 0.00036865 0.0002424 0.00013635 0.000101 6.06e-05 8.08e-05 7.07e-05 4.545e-05 2.02e-05 2.02e-05 1.515e-05 5.05e-06 0 0 5.05e-06 0 0 0 5.05e-06 0 0 5.05e-06 0 0 0 0 0 
0.0145945 0.0187406 0.0220029 0.0237956 0.0245279 0.0249016 0.0229371 0.0221039 0.0194526 0.0174478 0.0148773 0.0120998 0.0103222 0.00854965 0.00694375 0.00525705 0.00391375 0.00322695 0.0026058 0.00188365 0.0013938 0.00117665 0.00088375 0.00051005 0.00033835 0.0002929 0.00022725 0.0001414 8.585e-05 5.05e-05 3.535e-05 5.05e-06 3.535e-05 3.535e-05 1.515e-05 0 1.01e-05 5.05e-06 0 5.05e-06 0 5.05e-06 0 0 0 0 0 0 0 0 0 
0.0123372 0.0164176 0.0190284 0.0213464 0.0221544 0.0217403 0.0209474 0.0197455 0.0182608 0.0159934 0.0137461 0.0120746 0.010201 0.0083022 0.0067367 0.00549945 0.004444 0.00355015 0.00241895 0.0021008 0.00159075 0.0012221 0.0007575 0.000606 0.00048985 0.0002626 0.00027775 0.00014645 7.575e-05 0.0001212 7.575e-05 4.04e-05 2.525e-05 2.02e-05 2.02e-05 1.515e-05 1.01e-05 1.01e-05 5.05e-06 5.05e-06 0 0 0 0 0 0 0 0 0 0 0 
0.0107313 0.014236 0.0172306 0.0184931 0.0196344 0.0198112 0.019185 0.0174932 0.0166852 0.0145087 0.0129028 0.0117766 0.00994345 0.00818605 0.00669125 0.00563075 0.0047167 0.00357035 0.00282295 0.0022321 0.00163115 0.0012019 0.0008585 0.00062115 0.00058075 0.00040905 0.00024745 0.00016665 0.00010605 0.00011615 8.08e-05 6.565e-05 3.535e-05 1.515e-05 1.01e-05 1.01e-05 1.01e-05 1.01e-05 0 5.05e-06 0 0 0 5.05e-06 0 0 0 0 0 0 0 
0.00948895 0.0120796 0.0147056 0.0164428 0.0173165 0.0169882 0.0172155 0.0163519 0.0155136 0.0139481 0.0121958 0.0110999 0.00947885 0.007979 0.0068478 0.00522675 0.0042218 0.00376225 0.00275225 0.0021109 0.0017574 0.00150995 0.0010302 0.0008383 0.0005555 0.0004343 0.00025755 0.0002222 0.0001717 0.000101 7.575e-05 6.565e-05 5.555e-05 3.535e-05 3.535e-05 3.03e-05 5.05e-06 5.05e-06 5.05e-06 0 1.01e-05 0 5.05e-06 5.05e-06 0 0 0 0 0 0 0 
0.0081002 0.0107969 0.0129684 0.0141956 0.0157055 0.0158873 0.0158368 0.0145491 0.014135 0.0130492 0.0120897 0.0101253 0.00888295 0.0080598 0.00690335 0.0052621 0.0045046 0.00376225 0.00300475 0.00220685 0.0017271 0.0013433 0.00115645 0.0008282 0.0006464 0.0004949 0.0003535 0.000303 0.00020705 0.0001616 0.0001111 7.07e-05 6.06e-05 5.05e-05 2.525e-05 2.525e-05 0 1.515e-05 1.01e-05 0 1.01e-05 5.05e-06 0 5.05e-06 0 0 0 0 0 0 0 
0 0 0 0 0 0 0 0 0 0 0 0 0 0 0 0 0 0 0 0 0 0 0 0 0 0 0 0 0 0 0 0 0 0 0 0 0 0 0 0 0 0 0 0 0 0 0 0 0 0 0 
Per-collision Densities L:
2.2623 1.24842 0.688542 0.380457 0.21058 0.11661 0.0644077 0.0350066 0.0196243 0.0107565 0.00575195 0.00322695 0.001919 0.0010201 0.000606 0.0002626 0.0002323 9.595e-05 0.00010605 5.05e-05 1.01e-05 1.01e-05 0 0 5.05e-06 0 0 0 0 0 0 0 0 0 0 0 0 0 0 0 0 0 0 0 0 0 0 0 0 0 0 
0.144097 0.254399 0.236961 0.185542 0.13081 0.0900769 0.0584134 0.0376528 0.0232199 0.0143521 0.0090799 0.0054035 0.00301485 0.0017978 0.0010605 0.00067165 0.0004242 0.00021715 0.0001111 7.07e-05 4.545e-05 4.545e-05 1.515e-05 1.01e-05 1.01e-05 5.05e-06 0 0 0 0 0 0 0 0 0 0 0 0 0 0 0 0 0 0 0 0 0 0 0 0 0 
0.160105 0.300162 0.298031 0.243466 0.182234 0.130027 0.0880821 0.059388 0.0386123 0.0247097 0.0160893 0.0101354 0.0064135 0.00372185 0.0024543 0.00141905 0.00083325 0.0004545 0.0003232 0.000202 0.0001111 9.595e-05 2.525e-05 4.04e-05 5.05e-06 5.05e-06 0 0 0 5.05e-06 0 0 0 0 0 0 0 0 0 0 0 0 0 0 0 0 0 0 0 0 0 
0.0510757 0.124528 0.154995 0.152571 0.131113 0.104666 0.0795426 0.0572418 0.0409606 0.0283962 0.0191496 0.012928 0.0086355 0.005353 0.00358045 0.0023432 0.00133825 0.00095445 0.00055045 0.00025755 0.0002121 0.0001212 6.565e-05 6.06e-05 1.01e-05 1.515e-05 5.05e-06 5.05e-06 5.05e-06 1.01e-05 0 0 0 0 0 0 0 0 0 0 0 0 0 0 0 0 0 0 0 0 0 
0.0398849 0.102348 0.132047 0.137052 0.125291 0.104141 0.0836634 0.0634078 0.0473438 0.0336128 0.0238865 0.0166802 0.0115746 0.0075144 0.004848 0.0032219 0.00208565 0.00141905 0.00096455 0.00053025 0.00034845 0.000303 8.08e-05 7.575e-05 4.04e-05 4.545e-05 1.515e-05 0 1.01e-05 1.01e-05 0 0 0 0 0 0 0 0 0 0 0 0 0 0 0 0 0 0 0 0 0 
0.0227553 0.0620797 0.0893547 0.0977579 0.0960308 0.0864409 0.0745734 0.0595749 0.045445 0.0348854 0.0257651 0.0185689 0.0131654 0.0095748 0.00633775 0.0041309 0.0030199 0.00179275 0.00140895 0.00084335 0.00058075 0.0003434 0.0001919 0.0001515 7.07e-05 4.545e-05 2.02e-05 2.525e-05 1.515e-05 5.05e-06 1.01e-05 0 0 0 0 0 0 0 0 0 0 0 0 0 0 0 0 0 0 0 0 
0.0169731 0.0484901 0.0702051 0.0820777 0.0836987 0.077563 0.0671802 0.0582871 0.0458793 0.0353753 0.0267499 0.0205889 0.0157358 0.0109333 0.00766085 0.00547925 0.00387335 0.00235835 0.0016867 0.0012524 0.00093425 0.00049995 0.00040905 0.0002222 0.0001111 0.000101 4.545e-05 3.535e-05 5.05e-06 1.01e-05 2.525e-05 5.05e-06 0 0 0 0 0 0 0 0 0 0 0 0 0 0 0 0 0 0 0 
0.0125139 0.0348905 0.0529038 0.063226 0.0664984 0.0659429 0.0597718 0.0513484 0.0449046 0.0347844 0.0275023 0.0211393 0.0165842 0.0121503 0.00828705 0.00636805 0.0046157 0.00292395 0.00226745 0.00146955 0.0009797 0.0007575 0.00046965 0.000303 0.00021715 0.00015655 7.07e-05 5.05e-05 4.04e-05 2.02e-05 1.515e-05 5.05e-06 1.01e-05 1.01e-05 0 0 0 0 0 0 0 0 0 0 0 0 0 0 0 0 0 
0.010196 0.0272953 0.0426119 0.0525352 0.0561863 0.0561207 0.0522524 0.04747 0.0408343 0.0340269 0.0274114 0.0217807 0.0171145 0.0131199 0.0098273 0.0072518 0.00511565 0.0038481 0.0027775 0.00167155 0.001313 0.0009797 0.0006161 0.0004343 0.00027775 0.0001919 0.00011615 7.07e-05 5.05e-05 4.04e-05 2.525e-05 1.515e-05 0 5.05e-06 0 0 5.05e-06 0 0 0 0 0 0 0 0 0 0 0 0 0 0 
0.0080194 0.0219978 0.0336532 0.0425261 0.0470206 0.0480407 0.0456015 0.0430664 0.0383598 0.0326483 0.0266034 0.0215736 0.0169074 0.0131906 0.0100445 0.0079992 0.0054338 0.00419655 0.00301485 0.0020301 0.00155035 0.00113625 0.00082315 0.00049995 0.0003636 0.00024745 0.00013635 0.0001515 0.000101 6.565e-05 5.555e-05 3.535e-05 2.525e-05 5.05e-06 0 5.05e-06 0 0 5.05e-06 0 0 0 0 0 0 0 0 0 0 0 0 
0.0064337 0.0179881 0.0277902 0.0356177 0.0391476 0.0417837 0.0393597 0.0385214 0.0353197 0.0303303 0.0250985 0.021513 0.0175589 0.0140744 0.0108222 0.00822645 0.00596405 0.0045955 0.00341885 0.0023634 0.00215635 0.0012322 0.00100495 0.0005555 0.0004848 0.0003434 0.00022725 0.0001212 0.0001313 5.05e-05 6.565e-05 2.525e-05 4.545e-05 1.01e-05 1.515e-05 0 0 5.05e-06 0 5.05e-06 0 0 0 0 0 0 0 0 0 0 0 
0.00498435 0.0146046 0.0227048 0.0296082 0.0333805 0.0357237 0.0354813 0.0341885 0.0315777 0.0284113 0.0243663 0.020301 0.0168822 0.013837 0.0112514 0.0085345 0.00663065 0.0051712 0.0039895 0.0026462 0.00185335 0.00169175 0.00108575 0.0006868 0.0005858 0.00038885 0.00027775 0.00018685 0.0001414 0.0001212 5.555e-05 3.03e-05 3.03e-05 2.02e-05 1.515e-05 1.01e-05 0 0 0 0 5.05e-06 0 0 5.05e-06 0 0 0 0 0 0 0 
0.0043329 0.0124634 0.0194526 0.0252702 0.0284871 0.0305273 0.0314464 0.0298354 0.0285578 0.0257399 0.0225028 0.0192557 0.016665 0.0135997 0.0114282 0.00851935 0.00668115 0.0054035 0.0042925 0.00318655 0.0023028 0.00173215 0.00133825 0.0009191 0.0005252 0.0005757 0.00032825 0.000202 0.0001818 0.00012625 8.08e-05 0.00012625 3.03e-05 4.545e-05 2.525e-05 2.02e-05 5.05e-06 0 1.01e-05 0 0 0 5.05e-06 0 0 5.05e-06 0 0 0 0 0 
0.00336835 0.0106101 0.0163822 0.021109 0.0250884 0.027169 0.027669 0.0270529 0.025755 0.0235431 0.0212403 0.0186244 0.0157106 0.013433 0.0110343 0.0088577 0.00687305 0.0057368 0.00449955 0.00322695 0.002525 0.00170185 0.00148975 0.0010403 0.0006868 0.00053025 0.00041915 0.00035855 0.00020705 9.595e-05 0.00010605 2.525e-05 6.06e-05 2.525e-05 4.04e-05 2.02e-05 1.515e-05 5.05e-06 1.01e-05 0 1.01e-05 0 0 0 0 0 0 0 0 0 0 
0.00296435 0.00911525 0.013731 0.0178518 0.0216999 0.0231795 0.024139 0.024841 0.0229876 0.0216443 0.0198819 0.0170741 0.0153116 0.0128018 0.0107919 0.0086052 0.00716595 0.00609535 0.00452985 0.00361075 0.0026462 0.00214625 0.0016059 0.0010605 0.00082315 0.00068175 0.000505 0.00028785 0.0002222 0.0002222 0.0001111 7.07e-05 7.575e-05 4.545e-05 2.525e-05 3.03e-05 1.515e-05 1.01e-05 1.01e-05 5.05e-06 1.01e-05 0 0 0 0 5.05e-06 0 0 0 0 0 
0.00264115 0.0074639 0.0121453 0.0162408 0.0180588 0.0203162 0.0214575 0.021816 0.021109 0.019791 0.0176043 0.0162509 0.0145996 0.0123018 0.0102162 0.0084739 0.0070498 0.00596405 0.0048985 0.00366125 0.0030098 0.0021513 0.00174225 0.0013332 0.00092415 0.000707 0.0005454 0.0003737 0.00024745 0.000202 0.00012625 0.0001212 5.05e-05 4.04e-05 3.535e-05 4.04e-05 2.02e-05 1.515e-05 1.01e-05 0 5.05e-06 1.01e-05 5.05e-06 5.05e-06 0 5.05e-06 0 0 0 0 0 
0.00214625 0.00629735 0.0104384 0.0129937 0.0167105 0.0178669 0.0190335 0.0193516 0.0191042 0.0183972 0.0171549 0.0145541 0.013635 0.0117463 0.0103626 0.00839815 0.00689325 0.00563075 0.0046965 0.0037067 0.0029997 0.00229775 0.00191395 0.00152005 0.00105545 0.0008383 0.00056055 0.0003636 0.00037875 0.00019695 0.00017675 0.00011615 8.585e-05 7.07e-05 7.07e-05 1.515e-05 3.03e-05 4.04e-05 1.01e-05 0 0 5.05e-06 1.515e-05 1.01e-05 0 0 0 0 0 0 0 
0.0019291 0.005252 0.00916575 0.0118423 0.0148672 0.0158015 0.0171599 0.0176599 0.0165691 0.0163671 0.0155136 0.0143016 0.0126604 0.0113171 0.0101707 0.00823655 0.00698415 0.00588325 0.00472175 0.00389355 0.00313605 0.00237855 0.0019392 0.0013332 0.00119685 0.0007878 0.00075245 0.0005151 0.00029795 0.00026765 0.00020705 0.00018685 0.00012625 7.07e-05 5.05e-05 5.555e-05 2.525e-05 2.02e-05 1.01e-05 1.515e-05 1.01e-05 5.05e-06 0 1.01e-05 0 5.05e-06 0 0 0 0 0 
0.00178265 0.00466115 0.00777195 0.0103778 0.0127058 0.0138875 0.0152359 0.0155439 0.0150238 0.0154833 0.0138976 0.0127462 0.0119837 0.0106757 0.0093829 0.007979 0.00666095 0.0055752 0.0046864 0.003939 0.00292395 0.0027977 0.00214625 0.00162105 0.00129785 0.0008383 0.0007272 0.0004444 0.0003939 0.00032825 0.00020705 0.00015655 0.0001414 6.565e-05 7.575e-05 4.04e-05 5.555e-05 3.535e-05 2.525e-05 5.05e-06 1.515e-05 2.02e-05 5.05e-06 1.01e-05 1.01e-05 0 0 0 0 0 0 
0 0 0 0 0 0 0 0 0 0 0 0 0 0 0 0 0 0 0 0 0 0 0 0 0 0 0 0 0 0 0 0 0 0 0 0 0 0 0 0 0 0 0 0 0 0 0 0 0 0 0 
