Half rod, albedo problem, Anisotropic scattering, exponential random flight, mu_t: 1 g: 0.7
Analogmu_t c: 0.3 maxx: 10 dx: 0.19802 numsamples: 10000000 numCollisionOrders: 20 numMoments: 10
total albedo: 0.0301909
per-collision order albedos: 
0 0.022481 0.0057371 0.00146 0.0003821 9.79e-05 2.41e-05 6.5e-06 1.7e-06 4e-07 1e-07 0 0 0 0 0 0 0 0 0 
Collision density L:
0.0282295 0.0244657 0.0209166 0.0181866 0.0156444 0.0135224 0.0116019 0.0100924 0.00869459 0.00739522 0.00644835 0.00549794 0.00476518 0.00417837 0.00353753 0.00308606 0.00261994 0.00231038 0.00204071 0.00165741 0.00151147 0.00128068 0.00110696 0.000989295 0.00082012 0.000738815 0.000586305 0.000520655 0.000473185 0.000405515 0.000341885 0.000287345 0.000276235 0.00019796 0.00018079 0.000174225 0.000158065 0.000131805 0.00010706 0.000101 7.4235e-05 6.5145e-05 6.363e-05 5.3025e-05 4.444e-05 3.636e-05 3.131e-05 2.929e-05 2.626e-05 1.414e-05 0.000134835 
Collision density R:
0.930768 0.802061 0.692775 0.598178 0.515812 0.444905 0.38377 0.331246 0.286912 0.24706 0.213383 0.184803 0.158941 0.136757 0.118305 0.102163 0.0876801 0.075951 0.0655293 0.0567272 0.0486719 0.0419832 0.0362469 0.0315125 0.0269791 0.0235719 0.0200818 0.0174755 0.0150642 0.0129457 0.0111767 0.00954349 0.00847744 0.00730382 0.00613777 0.00534442 0.00463641 0.00404253 0.0034739 0.00293052 0.0025851 0.00221241 0.00197253 0.00161398 0.00144683 0.00118675 0.0010605 0.000946875 0.00080497 0.000711545 0.00432735 
Density Moments:
1.38536 1.86227 5.00863 20.217 108.862 732.865 5917.98 55673 596715 7.1558e+06 
Per-collision Density Moments:
1 0.999759 1.99875 5.99349 23.9734 119.965 721.049 5059.83 40594.5 366333 
0.277427 0.532104 1.57409 6.25584 31.1955 187.317 1318.41 10678.1 98203.9 1.0146e+06 
0.0775375 0.214258 0.832697 4.10832 24.5017 171.364 1377 12525.9 127468 1.4355e+06 
0.0217347 0.0770367 0.368128 2.15809 14.8975 118.026 1053.68 10453.2 113958 1.35229e+06 
0.0061834 0.0263147 0.147981 0.999698 7.81071 68.896 673.484 7183.87 82506.6 1.00859e+06 
0.0017643 0.00871669 0.056261 0.429783 3.75147 36.6985 397.162 4710.53 60792.8 848876 
0.0005113 0.00282544 0.0202677 0.170255 1.61697 17.042 196.874 2469.63 33381.5 482946 
0.0001422 0.000865139 0.00688081 0.0641089 0.675598 7.90162 101.199 1403.41 20854.2 328754 
3.98e-05 0.000273906 0.00241371 0.0247133 0.286359 3.70145 52.6784 814.044 13464 235098 
1.17e-05 8.63976e-05 0.000808379 0.0086265 0.10175 1.3011 17.7515 254.889 3807.58 58622.6 
2.5e-06 2.02337e-05 0.000198918 0.00215869 0.0253155 0.317118 4.20264 58.3838 842.813 12543.2 
8e-07 8.0698e-06 9.25144e-05 0.00112027 0.0139686 0.177495 2.28602 29.7425 390.02 5146.28 
5e-07 5.08695e-06 6.17193e-05 0.000815691 0.0111965 0.156506 2.21101 31.4767 451.007 6499.69 
1e-07 4.11813e-07 1.6959e-06 6.98393e-06 2.87607e-05 0.00011844 0.000487753 0.00200863 0.0082718 0.0340643 
0 0 0 0 0 0 0 0 0 0 
0 0 0 0 0 0 0 0 0 0 
0 0 0 0 0 0 0 0 0 0 
0 0 0 0 0 0 0 0 0 0 
0 0 0 0 0 0 0 0 0 0 
0 0 0 0 0 0 0 0 0 0 
Per-collision Densities L:
0 0 0 0 0 0 0 0 0 0 0 0 0 0 0 0 0 0 0 0 0 0 0 0 0 0 0 0 0 0 0 0 0 0 0 0 0 0 0 0 0 0 0 0 0 0 0 0 0 0 0 
0.0205237 0.0168266 0.0137108 0.0113777 0.00918494 0.00763762 0.00625493 0.00513737 0.00420817 0.00336886 0.00277902 0.0022927 0.00190284 0.00159479 0.00130694 0.00104232 0.000846885 0.00067064 0.00058984 0.00047874 0.000380265 0.000288355 0.000262095 0.00022523 0.00017574 0.000148975 0.000120695 8.7365e-05 9.0395e-05 7.373e-05 4.8985e-05 4.0905e-05 4.0905e-05 2.4745e-05 2.626e-05 2.424e-05 1.8685e-05 1.1615e-05 1.3635e-05 8.585e-06 8.585e-06 9.09e-06 6.06e-06 3.03e-06 2.02e-06 1.515e-06 2.02e-06 1.515e-06 2.525e-06 5.05e-07 8.08e-06 
0.0056964 0.0055949 0.00523685 0.00486669 0.00453288 0.00404303 0.00358399 0.00328452 0.00287345 0.00249117 0.00224473 0.00193213 0.00166549 0.00147965 0.00119584 0.00109636 0.000909 0.00079083 0.00068882 0.000542875 0.000516615 0.0004545 0.000363095 0.00032017 0.00024139 0.000232805 0.00016867 0.0001717 0.00013635 0.00010908 9.191e-05 7.676e-05 6.565e-05 5.151e-05 4.545e-05 4.2925e-05 3.0805e-05 3.9895e-05 2.828e-05 2.7775e-05 1.2625e-05 1.1615e-05 1.414e-05 8.585e-06 7.575e-06 7.07e-06 5.05e-06 4.545e-06 5.05e-06 3.535e-06 1.7675e-05 
0.0014842 0.00150642 0.00144077 0.00140441 0.00140895 0.00132209 0.00127109 0.00115898 0.00112514 0.00107262 0.00094637 0.000872135 0.000802445 0.00074235 0.000642865 0.000587315 0.00052621 0.000485305 0.000456015 0.000372185 0.000348955 0.00029896 0.000262095 0.000221695 0.000220685 0.000193415 0.000149985 0.00013029 0.000123725 0.000114635 9.292e-05 7.474e-05 7.3225e-05 5.3025e-05 4.4945e-05 4.8985e-05 4.6965e-05 3.434e-05 3.0805e-05 2.1715e-05 2.02e-05 1.6665e-05 1.616e-05 9.09e-06 1.1615e-05 7.07e-06 8.08e-06 9.09e-06 7.07e-06 2.525e-06 2.2725e-05 
0.00038683 0.000395415 0.00039693 0.00039087 0.00037875 0.00037269 0.00035552 0.0003737 0.00034441 0.000320675 0.00035148 0.000283305 0.000270175 0.000243915 0.0002828 0.00024846 0.00022927 0.00024846 0.00019392 0.000170185 0.000169175 0.000158065 0.000139885 0.00013534 0.00010908 9.7465e-05 8.888e-05 8.181e-05 6.5145e-05 6.2115e-05 4.9995e-05 5.5045e-05 5.252e-05 3.434e-05 3.232e-05 2.828e-05 2.7775e-05 2.4745e-05 1.818e-05 1.6665e-05 1.717e-05 1.2625e-05 1.616e-05 1.2625e-05 1.111e-05 7.575e-06 7.07e-06 9.09e-06 6.06e-06 3.03e-06 3.131e-05 
0.00010201 0.00010302 9.2415e-05 0.000107565 0.000100495 0.000106555 0.000103525 0.00010403 0.00010403 0.00010504 9.2415e-05 8.7365e-05 8.282e-05 7.979e-05 7.9285e-05 7.9285e-05 7.3225e-05 7.777e-05 7.878e-05 6.7165e-05 6.565e-05 5.252e-05 5.757e-05 5.757e-05 5.252e-05 4.2925e-05 3.5855e-05 3.0805e-05 3.232e-05 2.7775e-05 3.3835e-05 2.5755e-05 2.7775e-05 1.5655e-05 1.818e-05 1.616e-05 1.9695e-05 1.01e-05 9.09e-06 1.2625e-05 9.09e-06 8.08e-06 6.06e-06 1.313e-05 6.06e-06 6.06e-06 6.06e-06 2.525e-06 1.515e-06 2.525e-06 2.424e-05 
2.7775e-05 2.3735e-05 3.03e-05 2.727e-05 2.6765e-05 3.2825e-05 2.7775e-05 2.2725e-05 3.03e-05 2.5755e-05 2.727e-05 2.3735e-05 3.03e-05 2.929e-05 2.222e-05 2.4745e-05 2.626e-05 2.525e-05 2.323e-05 2.222e-05 2.0705e-05 2.222e-05 1.3635e-05 2.1715e-05 1.4645e-05 1.5655e-05 1.3635e-05 1.313e-05 1.717e-05 1.212e-05 1.717e-05 8.585e-06 1.111e-05 1.3635e-05 1.0605e-05 1.0605e-05 9.09e-06 6.565e-06 6.565e-06 7.575e-06 4.04e-06 4.04e-06 4.545e-06 5.05e-06 2.525e-06 4.04e-06 1.515e-06 2.525e-06 1.01e-06 2.02e-06 1.414e-05 
6.06e-06 1.2625e-05 7.07e-06 1.01e-05 7.575e-06 5.555e-06 3.535e-06 8.08e-06 7.575e-06 8.585e-06 6.06e-06 5.05e-06 9.595e-06 6.565e-06 6.565e-06 6.06e-06 9.09e-06 9.595e-06 7.07e-06 3.03e-06 9.09e-06 6.06e-06 5.555e-06 4.04e-06 5.05e-06 4.04e-06 4.545e-06 3.535e-06 5.555e-06 4.04e-06 4.545e-06 4.545e-06 3.535e-06 2.525e-06 2.02e-06 1.515e-06 4.04e-06 4.04e-06 5.05e-07 4.545e-06 1.515e-06 2.525e-06 0 1.515e-06 2.02e-06 1.515e-06 1.01e-06 0 5.05e-07 0 1.0605e-05 
2.02e-06 2.525e-06 5.05e-07 1.515e-06 3.535e-06 1.01e-06 1.01e-06 2.02e-06 1.515e-06 2.525e-06 1.01e-06 1.515e-06 1.01e-06 1.515e-06 5.05e-07 1.01e-06 0 1.515e-06 3.03e-06 1.01e-06 5.05e-07 0 2.02e-06 2.02e-06 1.01e-06 2.02e-06 3.535e-06 2.02e-06 2.02e-06 1.515e-06 1.01e-06 5.05e-07 1.515e-06 5.05e-07 1.01e-06 1.01e-06 1.01e-06 0 0 1.01e-06 1.01e-06 5.05e-07 5.05e-07 0 1.01e-06 1.01e-06 5.05e-07 0 2.525e-06 0 3.535e-06 
0 5.05e-07 1.01e-06 5.05e-07 5.05e-07 1.01e-06 5.05e-07 1.01e-06 0 0 0 0 5.05e-07 5.05e-07 5.05e-07 5.05e-07 0 1.01e-06 0 0 0 0 1.01e-06 1.01e-06 0 1.01e-06 5.05e-07 0 0 5.05e-07 1.01e-06 0 0 2.02e-06 0 5.05e-07 0 5.05e-07 0 5.05e-07 0 0 0 0 5.05e-07 5.05e-07 0 0 0 0 2.02e-06 
5.05e-07 0 0 0 0 0 0 0 0 0 0 0 0 0 0 0 0 0 0 0 5.05e-07 0 0 5.05e-07 0 5.05e-07 0 0 0 0 5.05e-07 0 0 0 0 0 0 0 0 0 0 0 0 0 0 0 0 0 0 0 5.05e-07 
0 0 0 0 0 0 0 0 0 0 0 0 0 0 0 0 0 0 0 0 0 0 0 0 0 0 0 0 0 0 0 5.05e-07 0 0 0 0 0 0 0 0 0 0 0 0 0 0 0 0 0 0 0 
0 0 0 0 0 0 0 0 0 0 0 0 0 0 0 0 0 0 0 0 0 0 0 0 0 0 0 0 5.05e-07 0 0 0 0 0 0 0 0 0 0 0 0 0 0 0 0 0 0 0 0 0 0 
0 0 0 0 0 0 0 0 0 0 0 0 0 0 0 0 0 0 0 0 0 0 0 0 0 0 0 0 0 0 0 0 0 0 0 0 0 0 0 0 0 0 0 0 0 0 0 0 0 0 0 
0 0 0 0 0 0 0 0 0 0 0 0 0 0 0 0 0 0 0 0 0 0 0 0 0 0 0 0 0 0 0 0 0 0 0 0 0 0 0 0 0 0 0 0 0 0 0 0 0 0 0 
0 0 0 0 0 0 0 0 0 0 0 0 0 0 0 0 0 0 0 0 0 0 0 0 0 0 0 0 0 0 0 0 0 0 0 0 0 0 0 0 0 0 0 0 0 0 0 0 0 0 0 
0 0 0 0 0 0 0 0 0 0 0 0 0 0 0 0 0 0 0 0 0 0 0 0 0 0 0 0 0 0 0 0 0 0 0 0 0 0 0 0 0 0 0 0 0 0 0 0 0 0 0 
0 0 0 0 0 0 0 0 0 0 0 0 0 0 0 0 0 0 0 0 0 0 0 0 0 0 0 0 0 0 0 0 0 0 0 0 0 0 0 0 0 0 0 0 0 0 0 0 0 0 0 
0 0 0 0 0 0 0 0 0 0 0 0 0 0 0 0 0 0 0 0 0 0 0 0 0 0 0 0 0 0 0 0 0 0 0 0 0 0 0 0 0 0 0 0 0 0 0 0 0 0 0 
0 0 0 0 0 0 0 0 0 0 0 0 0 0 0 0 0 0 0 0 0 0 0 0 0 0 0 0 0 0 0 0 0 0 0 0 0 0 0 0 0 0 0 0 0 0 0 0 0 0 0 
Per-collision Densities L:
0.90804 0.743842 0.610429 0.501022 0.410825 0.336841 0.275986 0.226458 0.186527 0.152793 0.125513 0.103011 0.0843072 0.0691486 0.0567327 0.0464605 0.0379992 0.0314206 0.0255661 0.0211014 0.0172811 0.0141658 0.0116413 0.00943643 0.00778003 0.00648572 0.0052318 0.00431876 0.00360873 0.00283709 0.00236492 0.00190436 0.00164226 0.00129432 0.00108222 0.000835775 0.00071508 0.000593375 0.00048682 0.000406525 0.00032017 0.00026765 0.00023432 0.000185335 0.00016261 0.000120695 0.00010504 8.2315e-05 6.565e-05 6.363e-05 0.00025654 
0.0222286 0.0556838 0.0768236 0.0882493 0.0929321 0.0930447 0.0905319 0.0855985 0.079946 0.0728998 0.0660757 0.0598041 0.0531189 0.0467741 0.0414206 0.0364368 0.0315438 0.0276109 0.0239885 0.0207949 0.0177169 0.0152904 0.0131633 0.0114453 0.00962177 0.00839058 0.0070493 0.00597819 0.00504243 0.00441067 0.00369206 0.00308202 0.00267297 0.00227099 0.00184578 0.00160691 0.00132108 0.0011413 0.000920615 0.00076154 0.000681245 0.00055954 0.00048985 0.00040299 0.000337845 0.00025553 0.000218665 0.000203515 0.00016867 0.00014342 0.00072316 
0.00046561 0.00237098 0.00514999 0.00820171 0.0109267 0.0134466 0.0151611 0.0165958 0.0174074 0.0177841 0.0179184 0.0177068 0.0170124 0.0161635 0.0153661 0.0144132 0.0132078 0.0121473 0.0112676 0.0102586 0.00931826 0.00828554 0.00743663 0.00683417 0.00598829 0.0052924 0.00467883 0.00425513 0.00374508 0.0032219 0.00285275 0.00245026 0.00223109 0.00193415 0.00162105 0.00140794 0.00128371 0.00110191 0.00096657 0.000791335 0.00069589 0.00059691 0.000519645 0.000409555 0.000393395 0.0003232 0.000294415 0.000242905 0.00019392 0.00017473 0.00098879 
2.2725e-05 0.00013534 0.000318655 0.00061509 0.00100344 0.00139027 0.00183012 0.00225786 0.00263055 0.00307697 0.00329715 0.00357692 0.00370468 0.0038072 0.00382184 0.00388194 0.00389052 0.00368549 0.00359409 0.00345875 0.00319211 0.00309464 0.00290022 0.00267751 0.00252702 0.00231593 0.00209525 0.00195284 0.00176094 0.00159883 0.00147359 0.00130543 0.00119534 0.00111656 0.000947885 0.00088375 0.00073528 0.000661045 0.000618625 0.00053227 0.00048177 0.00041511 0.000380265 0.000330775 0.000271185 0.00024139 0.000231795 0.000202 0.00018685 0.00014342 0.000946875 
1.01e-05 2.1715e-05 3.939e-05 7.4235e-05 9.8475e-05 0.000150995 0.00022523 0.0002828 0.000343905 0.00043026 0.000485305 0.00059186 0.00066862 0.000722655 0.00079487 0.000788305 0.000851935 0.000882235 0.000909505 0.00088779 0.000915565 0.00086961 0.00084941 0.000815575 0.000780225 0.00080901 0.00072821 0.000694375 0.000660035 0.000604485 0.000552975 0.00054641 0.00048884 0.000457025 0.00041814 0.000409555 0.00037168 0.00033936 0.00031209 0.000260075 0.00024846 0.00021917 0.000214625 0.00016261 0.000170185 0.00013837 0.000113625 0.000119685 0.000110595 9.1405e-05 0.000676195 
5.05e-07 5.555e-06 1.212e-05 1.212e-05 1.818e-05 2.222e-05 2.626e-05 4.04e-05 4.3935e-05 6.565e-05 7.878e-05 9.4435e-05 0.000103525 0.00011817 0.00014544 0.00015251 0.00014746 0.000171195 0.00015958 0.00017069 0.000194425 0.00022523 0.000209575 0.00023634 0.000209575 0.000213615 0.00022927 0.000205535 0.00018685 0.00019796 0.00017372 0.00018382 0.000183315 0.00016362 0.000149985 0.000141905 0.000142915 0.000142915 0.00011817 0.00012625 0.000102515 9.898e-05 8.888e-05 7.272e-05 7.272e-05 6.7165e-05 6.0095e-05 5.959e-05 4.747e-05 5.959e-05 0.00039996 
5.05e-07 1.01e-06 2.02e-06 3.03e-06 6.06e-06 6.565e-06 5.05e-06 1.111e-05 1.111e-05 6.06e-06 1.1615e-05 1.313e-05 2.121e-05 1.8685e-05 2.1715e-05 2.3735e-05 3.4845e-05 2.727e-05 3.636e-05 4.545e-05 3.636e-05 4.343e-05 3.7875e-05 5.5045e-05 5.656e-05 5.2015e-05 5.454e-05 5.1005e-05 4.646e-05 5.656e-05 4.7975e-05 5.151e-05 4.646e-05 4.9995e-05 5.3025e-05 4.2925e-05 4.646e-05 3.9895e-05 3.838e-05 3.8885e-05 3.6865e-05 3.8885e-05 3.636e-05 3.3835e-05 2.525e-05 2.8785e-05 2.626e-05 2.828e-05 2.1715e-05 2.1715e-05 0.00019089 
0 0 0 1.01e-06 5.05e-07 1.515e-06 3.535e-06 1.01e-06 5.05e-07 3.535e-06 3.03e-06 3.535e-06 1.515e-06 3.03e-06 2.02e-06 3.535e-06 3.03e-06 6.06e-06 6.06e-06 8.08e-06 1.414e-05 6.06e-06 7.07e-06 1.01e-05 1.2625e-05 1.0605e-05 1.2625e-05 1.5655e-05 9.09e-06 1.616e-05 1.4645e-05 1.212e-05 1.2625e-05 1.414e-05 1.5655e-05 1.111e-05 1.313e-05 1.6665e-05 9.09e-06 9.595e-06 1.2625e-05 9.09e-06 5.05e-06 1.1615e-05 8.08e-06 1.01e-05 7.07e-06 3.535e-06 7.07e-06 9.595e-06 8.989e-05 
0 0 0 0 1.01e-06 5.05e-07 1.01e-06 5.05e-07 0 5.05e-07 0 1.01e-06 2.525e-06 5.05e-07 0 2.02e-06 5.05e-07 0 1.515e-06 1.01e-06 2.02e-06 2.525e-06 1.515e-06 1.01e-06 2.525e-06 1.515e-06 1.515e-06 3.03e-06 3.535e-06 1.515e-06 3.535e-06 6.06e-06 3.03e-06 3.03e-06 2.525e-06 4.04e-06 4.04e-06 5.05e-06 2.525e-06 3.03e-06 5.05e-06 5.05e-06 3.03e-06 3.03e-06 4.04e-06 1.01e-06 3.03e-06 4.545e-06 1.515e-06 1.515e-06 3.3835e-05 
0 0 5.05e-07 0 0 5.05e-07 0 0 5.05e-07 0 0 0 0 0 0 0 1.01e-06 0 0 5.05e-07 0 0 0 1.01e-06 5.05e-07 5.05e-07 5.05e-07 1.01e-06 1.01e-06 5.05e-07 5.05e-07 1.515e-06 1.01e-06 0 1.515e-06 5.05e-07 2.02e-06 1.01e-06 1.01e-06 5.05e-07 5.05e-07 1.515e-06 5.05e-07 5.05e-07 1.01e-06 5.05e-07 0 0 1.515e-06 2.525e-06 1.313e-05 
0 0 0 0 0 0 0 0 5.05e-07 0 5.05e-07 0 0 0 0 0 0 0 0 0 0 0 0 0 0 0 0 0 0 0 0 0 5.05e-07 0 0 0 1.01e-06 0 0 5.05e-07 0 5.05e-07 0 1.01e-06 5.05e-07 0 0 5.05e-07 0 0 4.04e-06 
0 0 0 0 0 0 0 0 0 0 0 0 5.05e-07 0 0 0 0 0 0 0 0 0 0 0 0 0 0 0 0 0 0 0 0 0 0 0 0 0 0 0 0 0 0 0 0 0 5.05e-07 0 0 0 2.525e-06 
0 0 0 0 0 0 0 0 0 0 0 0 0 0 0 0 0 0 0 0 5.05e-07 0 0 0 0 0 0 0 0 0 0 0 0 0 0 0 0 0 0 0 0 0 0 0 0 0 0 0 0 0 1.515e-06 
0 0 0 0 0 0 0 0 0 0 0 0 0 0 0 0 0 0 0 0 5.05e-07 0 0 0 0 0 0 0 0 0 0 0 0 0 0 0 0 0 0 0 0 0 0 0 0 0 0 0 0 0 0 
0 0 0 0 0 0 0 0 0 0 0 0 0 0 0 0 0 0 0 0 0 0 0 0 0 0 0 0 0 0 0 0 0 0 0 0 0 0 0 0 0 0 0 0 0 0 0 0 0 0 0 
0 0 0 0 0 0 0 0 0 0 0 0 0 0 0 0 0 0 0 0 0 0 0 0 0 0 0 0 0 0 0 0 0 0 0 0 0 0 0 0 0 0 0 0 0 0 0 0 0 0 0 
0 0 0 0 0 0 0 0 0 0 0 0 0 0 0 0 0 0 0 0 0 0 0 0 0 0 0 0 0 0 0 0 0 0 0 0 0 0 0 0 0 0 0 0 0 0 0 0 0 0 0 
0 0 0 0 0 0 0 0 0 0 0 0 0 0 0 0 0 0 0 0 0 0 0 0 0 0 0 0 0 0 0 0 0 0 0 0 0 0 0 0 0 0 0 0 0 0 0 0 0 0 0 
0 0 0 0 0 0 0 0 0 0 0 0 0 0 0 0 0 0 0 0 0 0 0 0 0 0 0 0 0 0 0 0 0 0 0 0 0 0 0 0 0 0 0 0 0 0 0 0 0 0 0 
0 0 0 0 0 0 0 0 0 0 0 0 0 0 0 0 0 0 0 0 0 0 0 0 0 0 0 0 0 0 0 0 0 0 0 0 0 0 0 0 0 0 0 0 0 0 0 0 0 0 0 
