Half rod, albedo problem, Anisotropic scattering, exponential random flight, mu_t: 3 g: 0.7
Analogmu_t c: 0.1 maxx: 10 dx: 0.19802 numsamples: 10000000 numCollisionOrders: 20 numMoments: 10
total albedo: 0.0081958
per-collision order albedos: 
0 0.0074964 0.0006364 5.72e-05 5.6e-06 2e-07 0 0 0 0 0 0 0 0 0 0 0 0 0 0 
Collision density L:
0.0191249 0.0111262 0.0064539 0.00371579 0.00214322 0.00121453 0.00071306 0.000438845 0.000247955 0.00013736 7.6255e-05 4.747e-05 2.828e-05 1.717e-05 1.212e-05 5.555e-06 3.03e-06 2.02e-06 1.01e-06 1.01e-06 1.01e-06 0 0 0 0 0 0 0 0 0 0 0 0 0 0 0 0 0 0 0 0 0 0 0 0 0 0 0 0 0 0 
Collision density R:
2.31596 1.3423 0.780778 0.454017 0.262783 0.152558 0.0888638 0.0511616 0.0299137 0.0175361 0.0100621 0.00587063 0.00336785 0.00196647 0.00113272 0.0006868 0.000395415 0.00022422 0.000139885 6.363e-05 4.242e-05 2.9795e-05 1.1615e-05 8.08e-06 5.555e-06 1.515e-06 2.02e-06 1.01e-06 5.05e-07 0 0 0 0 0 5.05e-07 5.05e-07 0 0 0 0 0 0 0 0 0 0 0 0 0 0 0 
Density Moments:
1.10206 0.401361 0.292388 0.319537 0.465704 0.848972 1.86163 4.79499 14.3293 49.4779 
Per-collision Density Moments:
1 0.333255 0.222137 0.222093 0.296023 0.492885 0.982962 2.27818 5.99569 17.5928 
0.092523 0.0590743 0.0582085 0.0770684 0.127987 0.255542 0.595797 1.58668 4.73893 15.6168 
0.0086184 0.00792998 0.0102515 0.0168053 0.0332984 0.0775966 0.209615 0.652815 2.34113 9.63363 
0.0008307 0.000982898 0.00157224 0.0030954 0.00722651 0.0197733 0.0639179 0.248033 1.15667 6.29939 
7.64e-05 0.00010498 0.000189571 0.00040708 0.00099705 0.0027128 0.00803755 0.025518 0.0856726 0.300886 
6.9e-06 1.12514e-05 2.31047e-05 5.43396e-05 0.000139405 0.000379957 0.0010828 0.00319186 0.00965755 0.0298223 
1.1e-06 1.9923e-06 4.33535e-06 1.03458e-05 2.60416e-05 6.80762e-05 0.000183438 0.00050703 0.00143198 0.00411853 
3e-07 5.49968e-07 1.14825e-06 2.55195e-06 5.82258e-06 1.3426e-05 3.10927e-05 7.21463e-05 0.000167578 0.000389514 
1e-07 1.00803e-07 1.01612e-07 1.02428e-07 1.0325e-07 1.04079e-07 1.04914e-07 1.05756e-07 1.06605e-07 1.07461e-07 
0 0 0 0 0 0 0 0 0 0 
0 0 0 0 0 0 0 0 0 0 
0 0 0 0 0 0 0 0 0 0 
0 0 0 0 0 0 0 0 0 0 
0 0 0 0 0 0 0 0 0 0 
0 0 0 0 0 0 0 0 0 0 
0 0 0 0 0 0 0 0 0 0 
0 0 0 0 0 0 0 0 0 0 
0 0 0 0 0 0 0 0 0 0 
0 0 0 0 0 0 0 0 0 0 
0 0 0 0 0 0 0 0 0 0 
Per-collision Densities L:
0 0 0 0 0 0 0 0 0 0 0 0 0 0 0 0 0 0 0 0 0 0 0 0 0 0 0 0 0 0 0 0 0 0 0 0 0 0 0 0 0 0 0 0 0 0 0 0 0 0 0 
0.017116 0.00943138 0.00523887 0.0028684 0.00155995 0.000849915 0.00048884 0.00026765 0.000154025 8.3325e-05 4.1915e-05 2.3735e-05 8.585e-06 8.08e-06 5.555e-06 2.02e-06 1.515e-06 1.01e-06 5.05e-07 1.01e-06 5.05e-07 0 0 0 0 0 0 0 0 0 0 0 0 0 0 0 0 0 0 0 0 0 0 0 0 0 0 0 0 0 0 
0.0018377 0.00150844 0.00105949 0.00072013 0.000482275 0.00030906 0.000181295 0.00013231 6.969e-05 3.7875e-05 2.7775e-05 1.717e-05 1.2625e-05 6.565e-06 5.05e-06 1.01e-06 1.01e-06 5.05e-07 5.05e-07 0 0 0 0 0 0 0 0 0 0 0 0 0 0 0 0 0 0 0 0 0 0 0 0 0 0 0 0 0 0 0 0 
0.00015756 0.00016766 0.000139885 0.00011312 9.292e-05 4.848e-05 3.2825e-05 3.4845e-05 2.1715e-05 1.4645e-05 5.05e-06 5.05e-06 5.05e-06 1.515e-06 1.515e-06 1.515e-06 5.05e-07 0 0 0 5.05e-07 0 0 0 0 0 0 0 0 0 0 0 0 0 0 0 0 0 0 0 0 0 0 0 0 0 0 0 0 0 0 
1.313e-05 1.818e-05 1.4645e-05 1.1615e-05 7.575e-06 6.565e-06 1.01e-05 3.535e-06 2.02e-06 1.01e-06 1.515e-06 5.05e-07 1.515e-06 5.05e-07 0 5.05e-07 0 5.05e-07 0 0 0 0 0 0 0 0 0 0 0 0 0 0 0 0 0 0 0 0 0 0 0 0 0 0 0 0 0 0 0 0 0 
5.05e-07 5.05e-07 5.05e-07 2.02e-06 5.05e-07 5.05e-07 0 5.05e-07 5.05e-07 5.05e-07 0 5.05e-07 5.05e-07 5.05e-07 0 5.05e-07 0 0 0 0 0 0 0 0 0 0 0 0 0 0 0 0 0 0 0 0 0 0 0 0 0 0 0 0 0 0 0 0 0 0 0 
0 0 5.05e-07 5.05e-07 0 0 0 0 0 0 0 0 0 0 0 0 0 0 0 0 0 0 0 0 0 0 0 0 0 0 0 0 0 0 0 0 0 0 0 0 0 0 0 0 0 0 0 0 0 0 0 
0 0 0 0 0 0 0 0 0 0 0 5.05e-07 0 0 0 0 0 0 0 0 0 0 0 0 0 0 0 0 0 0 0 0 0 0 0 0 0 0 0 0 0 0 0 0 0 0 0 0 0 0 0 
0 0 0 0 0 0 0 0 0 0 0 0 0 0 0 0 0 0 0 0 0 0 0 0 0 0 0 0 0 0 0 0 0 0 0 0 0 0 0 0 0 0 0 0 0 0 0 0 0 0 0 
0 0 0 0 0 0 0 0 0 0 0 0 0 0 0 0 0 0 0 0 0 0 0 0 0 0 0 0 0 0 0 0 0 0 0 0 0 0 0 0 0 0 0 0 0 0 0 0 0 0 0 
0 0 0 0 0 0 0 0 0 0 0 0 0 0 0 0 0 0 0 0 0 0 0 0 0 0 0 0 0 0 0 0 0 0 0 0 0 0 0 0 0 0 0 0 0 0 0 0 0 0 0 
0 0 0 0 0 0 0 0 0 0 0 0 0 0 0 0 0 0 0 0 0 0 0 0 0 0 0 0 0 0 0 0 0 0 0 0 0 0 0 0 0 0 0 0 0 0 0 0 0 0 0 
0 0 0 0 0 0 0 0 0 0 0 0 0 0 0 0 0 0 0 0 0 0 0 0 0 0 0 0 0 0 0 0 0 0 0 0 0 0 0 0 0 0 0 0 0 0 0 0 0 0 0 
0 0 0 0 0 0 0 0 0 0 0 0 0 0 0 0 0 0 0 0 0 0 0 0 0 0 0 0 0 0 0 0 0 0 0 0 0 0 0 0 0 0 0 0 0 0 0 0 0 0 0 
0 0 0 0 0 0 0 0 0 0 0 0 0 0 0 0 0 0 0 0 0 0 0 0 0 0 0 0 0 0 0 0 0 0 0 0 0 0 0 0 0 0 0 0 0 0 0 0 0 0 0 
0 0 0 0 0 0 0 0 0 0 0 0 0 0 0 0 0 0 0 0 0 0 0 0 0 0 0 0 0 0 0 0 0 0 0 0 0 0 0 0 0 0 0 0 0 0 0 0 0 0 0 
0 0 0 0 0 0 0 0 0 0 0 0 0 0 0 0 0 0 0 0 0 0 0 0 0 0 0 0 0 0 0 0 0 0 0 0 0 0 0 0 0 0 0 0 0 0 0 0 0 0 0 
0 0 0 0 0 0 0 0 0 0 0 0 0 0 0 0 0 0 0 0 0 0 0 0 0 0 0 0 0 0 0 0 0 0 0 0 0 0 0 0 0 0 0 0 0 0 0 0 0 0 0 
0 0 0 0 0 0 0 0 0 0 0 0 0 0 0 0 0 0 0 0 0 0 0 0 0 0 0 0 0 0 0 0 0 0 0 0 0 0 0 0 0 0 0 0 0 0 0 0 0 0 0 
0 0 0 0 0 0 0 0 0 0 0 0 0 0 0 0 0 0 0 0 0 0 0 0 0 0 0 0 0 0 0 0 0 0 0 0 0 0 0 0 0 0 0 0 0 0 0 0 0 0 0 
Per-collision Densities L:
2.26324 1.24716 0.689556 0.381395 0.209971 0.115699 0.064189 0.0351046 0.0195698 0.0109242 0.00593527 0.00321837 0.00178417 0.000984245 0.000554995 0.000338855 0.00016766 9.494e-05 5.252e-05 2.7775e-05 1.8685e-05 7.575e-06 3.535e-06 2.02e-06 5.05e-07 0 5.05e-07 0 5.05e-07 0 0 0 0 0 0 0 0 0 0 0 0 0 0 0 0 0 0 0 0 0 0 
0.0517943 0.0914464 0.0854248 0.0662813 0.0469403 0.031965 0.0207848 0.0131866 0.00829362 0.00511868 0.00315575 0.00194072 0.00110898 0.0006767 0.000399455 0.000233815 0.00013635 8.3325e-05 5.555e-05 2.02e-05 1.616e-05 1.3635e-05 3.535e-06 2.525e-06 4.04e-06 0 1.01e-06 1.01e-06 0 0 0 0 0 0 0 0 0 0 0 0 0 0 0 0 0 0 0 0 0 0 0 
0.000904455 0.00357237 0.00550905 0.00594284 0.00542168 0.00441522 0.00345269 0.00251743 0.00175387 0.00125745 0.000807495 0.00058277 0.000368145 0.00023836 0.00012928 8.484e-05 7.0195e-05 3.0805e-05 2.222e-05 1.111e-05 5.555e-06 5.555e-06 3.535e-06 2.525e-06 5.05e-07 1.515e-06 5.05e-07 0 0 0 0 0 0 0 5.05e-07 0 0 0 0 0 0 0 0 0 0 0 0 0 0 0 0 
1.919e-05 0.00011211 0.00027674 0.00037572 0.000413595 0.000445915 0.00039996 0.000323705 0.00025957 0.000206545 0.0001414 0.00011413 8.8375e-05 5.7065e-05 4.545e-05 2.1715e-05 1.818e-05 1.1615e-05 8.585e-06 4.545e-06 2.02e-06 1.515e-06 1.01e-06 1.01e-06 5.05e-07 0 0 0 0 0 0 0 0 0 0 5.05e-07 0 0 0 0 0 0 0 0 0 0 0 0 0 0 0 
0 4.04e-06 1.111e-05 1.8685e-05 3.333e-05 3.0805e-05 3.4845e-05 2.727e-05 3.333e-05 2.626e-05 1.919e-05 1.313e-05 1.515e-05 8.585e-06 3.535e-06 5.555e-06 2.02e-06 3.03e-06 1.01e-06 0 0 1.515e-06 0 0 0 0 0 0 0 0 0 0 0 0 0 0 0 0 0 0 0 0 0 0 0 0 0 0 0 0 0 
0 5.05e-07 5.05e-07 3.03e-06 2.02e-06 1.515e-06 2.525e-06 1.515e-06 3.535e-06 2.02e-06 2.525e-06 1.01e-06 2.02e-06 1.01e-06 0 1.515e-06 1.01e-06 5.05e-07 0 0 0 0 0 0 0 0 0 0 0 0 0 0 0 0 0 0 0 0 0 0 0 0 0 0 0 0 0 0 0 0 0 
0 0 0 0 5.05e-07 0 0 5.05e-07 0 1.01e-06 5.05e-07 0 1.01e-06 5.05e-07 0 5.05e-07 0 0 0 0 0 0 0 0 0 0 0 0 0 0 0 0 0 0 0 0 0 0 0 0 0 0 0 0 0 0 0 0 0 0 0 
0 0 0 0 5.05e-07 0 0 0 0 0 0 5.05e-07 0 0 0 0 0 0 0 0 0 0 0 0 0 0 0 0 0 0 0 0 0 0 0 0 0 0 0 0 0 0 0 0 0 0 0 0 0 0 0 
0 0 0 0 0 5.05e-07 0 0 0 0 0 0 0 0 0 0 0 0 0 0 0 0 0 0 0 0 0 0 0 0 0 0 0 0 0 0 0 0 0 0 0 0 0 0 0 0 0 0 0 0 0 
0 0 0 0 0 0 0 0 0 0 0 0 0 0 0 0 0 0 0 0 0 0 0 0 0 0 0 0 0 0 0 0 0 0 0 0 0 0 0 0 0 0 0 0 0 0 0 0 0 0 0 
0 0 0 0 0 0 0 0 0 0 0 0 0 0 0 0 0 0 0 0 0 0 0 0 0 0 0 0 0 0 0 0 0 0 0 0 0 0 0 0 0 0 0 0 0 0 0 0 0 0 0 
0 0 0 0 0 0 0 0 0 0 0 0 0 0 0 0 0 0 0 0 0 0 0 0 0 0 0 0 0 0 0 0 0 0 0 0 0 0 0 0 0 0 0 0 0 0 0 0 0 0 0 
0 0 0 0 0 0 0 0 0 0 0 0 0 0 0 0 0 0 0 0 0 0 0 0 0 0 0 0 0 0 0 0 0 0 0 0 0 0 0 0 0 0 0 0 0 0 0 0 0 0 0 
0 0 0 0 0 0 0 0 0 0 0 0 0 0 0 0 0 0 0 0 0 0 0 0 0 0 0 0 0 0 0 0 0 0 0 0 0 0 0 0 0 0 0 0 0 0 0 0 0 0 0 
0 0 0 0 0 0 0 0 0 0 0 0 0 0 0 0 0 0 0 0 0 0 0 0 0 0 0 0 0 0 0 0 0 0 0 0 0 0 0 0 0 0 0 0 0 0 0 0 0 0 0 
0 0 0 0 0 0 0 0 0 0 0 0 0 0 0 0 0 0 0 0 0 0 0 0 0 0 0 0 0 0 0 0 0 0 0 0 0 0 0 0 0 0 0 0 0 0 0 0 0 0 0 
0 0 0 0 0 0 0 0 0 0 0 0 0 0 0 0 0 0 0 0 0 0 0 0 0 0 0 0 0 0 0 0 0 0 0 0 0 0 0 0 0 0 0 0 0 0 0 0 0 0 0 
0 0 0 0 0 0 0 0 0 0 0 0 0 0 0 0 0 0 0 0 0 0 0 0 0 0 0 0 0 0 0 0 0 0 0 0 0 0 0 0 0 0 0 0 0 0 0 0 0 0 0 
0 0 0 0 0 0 0 0 0 0 0 0 0 0 0 0 0 0 0 0 0 0 0 0 0 0 0 0 0 0 0 0 0 0 0 0 0 0 0 0 0 0 0 0 0 0 0 0 0 0 0 
0 0 0 0 0 0 0 0 0 0 0 0 0 0 0 0 0 0 0 0 0 0 0 0 0 0 0 0 0 0 0 0 0 0 0 0 0 0 0 0 0 0 0 0 0 0 0 0 0 0 0 
