Half rod, albedo problem, Anisotropic scattering, exponential random flight, mu_t: 3 g: 0.9
Analogmu_t c: 0.3 maxx: 10 dx: 0.19802 numsamples: 10000000 numCollisionOrders: 20 numMoments: 10
total albedo: 0.0104485
per-collision order albedos: 
0 0.0074803 0.0021333 0.0005903 0.0001771 4.86e-05 1.37e-05 3.2e-06 1.4e-06 2e-07 3e-07 1e-07 0 0 0 0 0 0 0 0 
Collision density L:
0.0257025 0.0168746 0.0109817 0.00722403 0.00467731 0.0031209 0.0019589 0.0013029 0.00086052 0.000565095 0.000381275 0.000238865 0.00017473 9.999e-05 6.7165e-05 4.4945e-05 2.626e-05 1.9695e-05 1.4645e-05 7.07e-06 3.03e-06 4.545e-06 5.05e-07 4.545e-06 1.515e-06 5.05e-07 5.05e-07 0 0 0 0 0 0 5.05e-07 0 0 0 0 0 0 0 0 0 0 0 0 0 0 0 0 0 
Collision density R:
2.44534 1.59844 1.04519 0.684435 0.446731 0.291805 0.191083 0.124742 0.0816661 0.053531 0.0349672 0.0228336 0.0150556 0.00975357 0.00644178 0.00418443 0.00275225 0.00178417 0.00118776 0.00075952 0.000498435 0.000310575 0.000213615 0.000145945 9.999e-05 6.868e-05 4.141e-05 3.535e-05 1.111e-05 1.1615e-05 4.04e-06 3.03e-06 2.525e-06 3.535e-06 5.05e-07 0 0 5.05e-07 5.05e-07 1.01e-06 0 0 0 0 0 0 0 0 0 0 0 
Density Moments:
1.41356 0.658921 0.614525 0.860074 1.60564 3.74749 10.4933 34.2508 127.563 533.113 
Per-collision Density Moments:
1 0.333275 0.222134 0.222063 0.296058 0.493646 0.988348 2.31025 6.17673 18.5915 
0.292446 0.192345 0.191521 0.254968 0.425044 0.852244 2.00123 5.40258 16.5414 56.8056 
0.0856312 0.0834184 0.110315 0.183371 0.367059 0.860979 2.32558 7.15908 24.9809 98.4952 
0.0250349 0.0321155 0.0528462 0.105077 0.244487 0.651722 1.96283 6.62556 24.9822 105.155 
0.00737 0.0116422 0.0228209 0.0526848 0.139606 0.417323 1.3901 5.11679 20.7118 91.992 
0.0021755 0.00407829 0.00931607 0.024629 0.0737108 0.246032 0.905016 3.63213 15.7684 73.5134 
0.0006457 0.00138728 0.0035878 0.010591 0.0349186 0.126589 0.497709 2.09565 9.34418 43.6999 
0.0001874 0.000456566 0.00132535 0.00433202 0.0156059 0.0610693 0.256601 1.14671 5.40741 26.73 
5.26e-05 0.00013964 0.000437597 0.00152103 0.00574164 0.0232317 0.0997689 0.451275 2.13712 10.5476 
1.57e-05 4.50115e-05 0.000150922 0.000557472 0.00222604 0.00949814 0.0428897 0.203156 1.00118 5.0959 
3.8e-06 1.16826e-05 4.11948e-05 0.000157035 0.000634688 0.0026987 0.0120195 0.0558689 0.269978 1.35048 
1.1e-06 4.22598e-06 1.72605e-05 7.28519e-05 0.000313898 0.00137325 0.00608346 0.0272467 0.123247 0.562572 
5e-07 2.22069e-06 1.00934e-05 4.6722e-05 0.00021937 0.00104142 0.00498672 0.0240423 0.116558 0.56767 
1e-07 3.36849e-07 1.13467e-06 3.82213e-06 1.28748e-05 4.33686e-05 0.000146087 0.000492091 0.0016576 0.00558362 
0 0 0 0 0 0 0 0 0 0 
0 0 0 0 0 0 0 0 0 0 
0 0 0 0 0 0 0 0 0 0 
0 0 0 0 0 0 0 0 0 0 
0 0 0 0 0 0 0 0 0 0 
0 0 0 0 0 0 0 0 0 0 
Per-collision Densities L:
0 0 0 0 0 0 0 0 0 0 0 0 0 0 0 0 0 0 0 0 0 0 0 0 0 0 0 0 0 0 0 0 0 0 0 0 0 0 0 0 0 0 0 0 0 0 0 0 0 0 0 
0.0169847 0.00942835 0.00521716 0.0028477 0.0015958 0.000879205 0.00045551 0.000245935 0.0001414 8.383e-05 3.737e-05 2.222e-05 1.111e-05 8.585e-06 2.525e-06 2.02e-06 1.01e-06 1.515e-06 1.01e-06 5.05e-07 0 0 0 0 0 0 0 0 0 0 0 0 0 0 0 0 0 0 0 0 0 0 0 0 0 0 0 0 0 0 0 
0.00611707 0.0050091 0.0035956 0.0025144 0.00162661 0.00105293 0.00062115 0.000425715 0.000247955 0.000157055 8.282e-05 4.949e-05 3.6865e-05 1.616e-05 8.08e-06 6.06e-06 5.05e-06 3.535e-06 5.05e-07 5.05e-07 0 1.515e-06 0 5.05e-07 0 0 0 0 0 0 0 0 0 0 0 0 0 0 0 0 0 0 0 0 0 0 0 0 0 0 0 
0.00184426 0.00170135 0.00144986 0.00121352 0.000906475 0.00068781 0.00050096 0.00031007 0.000233815 0.000145945 0.000100495 5.959e-05 5.2015e-05 2.323e-05 1.515e-05 7.575e-06 4.545e-06 4.545e-06 1.515e-06 5.05e-07 0 0 0 1.01e-06 0 0 0 0 0 0 0 0 0 0 0 0 0 0 0 0 0 0 0 0 0 0 0 0 0 0 0 
0.00053025 0.00050601 0.00050399 0.00044339 0.000358045 0.000331785 0.00023937 0.000192405 0.00013433 9.09e-05 8.181e-05 4.5955e-05 3.535e-05 2.424e-05 1.9695e-05 1.414e-05 8.585e-06 2.02e-06 3.535e-06 1.515e-06 0 1.01e-06 0 0 0 0 0 0 0 0 0 0 0 0 0 0 0 0 0 0 0 0 0 0 0 0 0 0 0 0 0 
0.00016362 0.000159075 0.000153015 0.00014443 0.00012322 0.000116655 8.9385e-05 8.2315e-05 6.161e-05 4.8985e-05 4.6965e-05 3.03e-05 2.02e-05 1.3635e-05 1.111e-05 7.575e-06 4.04e-06 4.545e-06 1.515e-06 1.515e-06 5.05e-07 0 5.05e-07 0 0 0 5.05e-07 0 0 0 0 0 0 0 0 0 0 0 0 0 0 0 0 0 0 0 0 0 0 0 0 
4.4945e-05 4.747e-05 4.444e-05 4.545e-05 4.848e-05 4.04e-05 3.7875e-05 2.929e-05 2.424e-05 2.4745e-05 2.2725e-05 2.2725e-05 1.4645e-05 9.595e-06 6.565e-06 4.545e-06 1.515e-06 1.01e-06 3.03e-06 1.515e-06 5.05e-07 1.01e-06 0 5.05e-07 1.01e-06 0 0 0 0 0 0 0 0 5.05e-07 0 0 0 0 0 0 0 0 0 0 0 0 0 0 0 0 0 
1.313e-05 1.515e-05 1.212e-05 1.212e-05 1.414e-05 7.575e-06 1.111e-05 9.595e-06 1.1615e-05 7.575e-06 6.565e-06 6.565e-06 3.03e-06 3.535e-06 2.02e-06 1.515e-06 5.05e-07 1.01e-06 2.02e-06 5.05e-07 1.01e-06 1.01e-06 0 1.515e-06 0 0 0 0 0 0 0 0 0 0 0 0 0 0 0 0 0 0 0 0 0 0 0 0 0 0 0 
4.04e-06 5.555e-06 4.545e-06 2.02e-06 2.525e-06 3.03e-06 2.525e-06 5.555e-06 3.03e-06 4.545e-06 1.515e-06 1.01e-06 5.05e-07 1.01e-06 1.515e-06 5.05e-07 1.01e-06 5.05e-07 1.515e-06 0 5.05e-07 0 0 5.05e-07 5.05e-07 0 0 0 0 0 0 0 0 0 0 0 0 0 0 0 0 0 0 0 0 0 0 0 0 0 0 
5.05e-07 2.525e-06 5.05e-07 5.05e-07 1.515e-06 1.515e-06 5.05e-07 1.515e-06 2.525e-06 5.05e-07 1.01e-06 1.01e-06 1.01e-06 0 0 1.01e-06 0 1.01e-06 0 5.05e-07 5.05e-07 0 0 5.05e-07 0 0 0 0 0 0 0 0 0 0 0 0 0 0 0 0 0 0 0 0 0 0 0 0 0 0 0 
0 0 5.05e-07 5.05e-07 5.05e-07 0 5.05e-07 5.05e-07 0 1.01e-06 0 0 0 0 5.05e-07 0 0 0 0 0 0 0 0 0 0 0 0 0 0 0 0 0 0 0 0 0 0 0 0 0 0 0 0 0 0 0 0 0 0 0 0 
0 0 0 0 0 0 0 0 0 0 0 0 0 0 0 0 0 0 0 0 0 0 0 0 0 0 0 0 0 0 0 0 0 0 0 0 0 0 0 0 0 0 0 0 0 0 0 0 0 0 0 
0 0 0 0 0 0 0 0 0 0 0 0 0 0 0 0 0 0 0 0 0 0 0 0 0 5.05e-07 0 0 0 0 0 0 0 0 0 0 0 0 0 0 0 0 0 0 0 0 0 0 0 0 0 
0 0 0 0 0 0 0 0 0 0 0 0 0 0 0 0 0 0 0 0 0 0 0 0 0 0 0 0 0 0 0 0 0 0 0 0 0 0 0 0 0 0 0 0 0 0 0 0 0 0 0 
0 0 0 0 0 0 0 0 0 0 0 0 0 0 0 0 0 0 0 0 0 0 0 0 0 0 0 0 0 0 0 0 0 0 0 0 0 0 0 0 0 0 0 0 0 0 0 0 0 0 0 
0 0 0 0 0 0 0 0 0 0 0 0 0 0 0 0 0 0 0 0 0 0 0 0 0 0 0 0 0 0 0 0 0 0 0 0 0 0 0 0 0 0 0 0 0 0 0 0 0 0 0 
0 0 0 0 0 0 0 0 0 0 0 0 0 0 0 0 0 0 0 0 0 0 0 0 0 0 0 0 0 0 0 0 0 0 0 0 0 0 0 0 0 0 0 0 0 0 0 0 0 0 0 
0 0 0 0 0 0 0 0 0 0 0 0 0 0 0 0 0 0 0 0 0 0 0 0 0 0 0 0 0 0 0 0 0 0 0 0 0 0 0 0 0 0 0 0 0 0 0 0 0 0 0 
0 0 0 0 0 0 0 0 0 0 0 0 0 0 0 0 0 0 0 0 0 0 0 0 0 0 0 0 0 0 0 0 0 0 0 0 0 0 0 0 0 0 0 0 0 0 0 0 0 0 0 
0 0 0 0 0 0 0 0 0 0 0 0 0 0 0 0 0 0 0 0 0 0 0 0 0 0 0 0 0 0 0 0 0 0 0 0 0 0 0 0 0 0 0 0 0 0 0 0 0 0 0 
Per-collision Densities L:
2.26254 1.24841 0.688943 0.381208 0.21027 0.115839 0.0640178 0.0352849 0.0195076 0.0107742 0.00589335 0.00323655 0.00180336 0.000997375 0.000577215 0.00030704 0.0001818 9.191e-05 4.4945e-05 3.3835e-05 1.414e-05 9.595e-06 5.05e-07 1.515e-06 2.02e-06 5.05e-07 2.02e-06 0 5.05e-07 0 0 0 0 0 0 0 0 0 0 0 0 0 0 0 0 0 0 0 0 0 0 
0.173012 0.306809 0.286361 0.222158 0.157632 0.106848 0.0699415 0.0446314 0.0279199 0.0173048 0.010559 0.00637462 0.00379104 0.00223867 0.00137613 0.000784265 0.000470155 0.000287345 0.000157055 8.8375e-05 5.5045e-05 3.131e-05 2.121e-05 1.111e-05 8.08e-06 4.04e-06 1.515e-06 2.02e-06 0 1.515e-06 5.05e-07 0 0 5.05e-07 0 0 0 0 0 0 0 0 0 0 0 0 0 0 0 0 0 
0.00934301 0.0394097 0.0602617 0.0658262 0.0600425 0.049238 0.0382492 0.0280588 0.0199 0.0138729 0.00931473 0.00616908 0.00413444 0.00261287 0.00167357 0.00107565 0.000631755 0.000393395 0.00024846 0.00016867 8.7365e-05 5.2015e-05 3.535e-05 1.8685e-05 1.414e-05 1.1615e-05 4.04e-06 6.06e-06 1.515e-06 5.05e-07 0 1.515e-06 1.01e-06 0 0 0 0 0 5.05e-07 0 0 0 0 0 0 0 0 0 0 0 0 
0.0004141 0.0035249 0.00856783 0.0129916 0.0152545 0.015398 0.0139713 0.0117907 0.00954753 0.00730988 0.00552016 0.00402889 0.00283154 0.00197152 0.00134936 0.000930715 0.000625695 0.000419655 0.000260075 0.000169175 0.00011413 5.858e-05 3.737e-05 3.131e-05 1.7675e-05 8.585e-06 3.535e-06 7.575e-06 2.02e-06 1.01e-06 0 5.05e-07 1.01e-06 1.01e-06 0 0 0 0 0 5.05e-07 0 0 0 0 0 0 0 0 0 0 0 
2.1715e-05 0.00026058 0.000962025 0.00196496 0.00300273 0.00365216 0.00389406 0.00371276 0.00346733 0.00297041 0.00245127 0.00193769 0.00151753 0.0011009 0.000819615 0.00057873 0.00041915 0.00027573 0.000221695 0.000140895 9.4435e-05 6.3125e-05 4.444e-05 2.7775e-05 1.9695e-05 1.1615e-05 5.555e-06 4.04e-06 2.02e-06 2.525e-06 2.02e-06 0 0 5.05e-07 0 0 0 0 0 5.05e-07 0 0 0 0 0 0 0 0 0 0 0 
2.02e-06 1.9695e-05 8.383e-05 0.00025654 0.00046056 0.000695385 0.000824665 0.00101505 0.00100849 0.000954955 0.00088678 0.00073932 0.000655995 0.00054035 0.00040097 0.000295425 0.00024341 0.00017372 0.00013938 8.08e-05 7.0195e-05 4.444e-05 3.3835e-05 2.323e-05 1.6665e-05 1.4645e-05 7.575e-06 6.06e-06 3.03e-06 1.515e-06 5.05e-07 5.05e-07 5.05e-07 0 5.05e-07 0 0 5.05e-07 0 0 0 0 0 0 0 0 0 0 0 0 0 
5.05e-07 4.545e-06 1.3635e-05 2.4745e-05 5.9085e-05 0.00011716 0.000156045 0.00020604 0.00025452 0.00026058 0.00025957 0.000249975 0.00022927 0.000194425 0.00016463 0.000147965 0.00011009 8.4335e-05 6.7165e-05 4.04e-05 3.2825e-05 2.727e-05 2.121e-05 2.02e-05 9.09e-06 8.585e-06 9.09e-06 5.05e-06 5.05e-07 3.03e-06 5.05e-07 0 0 0 0 0 0 0 0 0 0 0 0 0 0 0 0 0 0 0 0 
0 5.05e-07 1.515e-06 4.04e-06 8.08e-06 1.515e-05 2.3735e-05 3.5855e-05 5.05e-05 6.767e-05 6.767e-05 7.878e-05 6.363e-05 6.666e-05 6.0095e-05 4.0905e-05 4.949e-05 3.5855e-05 3.232e-05 2.424e-05 2.0705e-05 1.414e-05 8.585e-06 7.07e-06 9.09e-06 4.04e-06 5.555e-06 3.03e-06 5.05e-07 5.05e-07 0 5.05e-07 0 1.01e-06 0 0 0 0 0 0 0 0 0 0 0 0 0 0 0 0 0 
0 0 0 0 1.515e-06 2.02e-06 4.04e-06 5.05e-06 9.09e-06 1.2625e-05 1.313e-05 1.515e-05 2.222e-05 2.323e-05 1.414e-05 1.7675e-05 1.3635e-05 1.616e-05 8.585e-06 7.07e-06 7.07e-06 6.06e-06 5.555e-06 4.04e-06 2.525e-06 3.03e-06 2.02e-06 1.01e-06 5.05e-07 0 0 0 0 5.05e-07 0 0 0 0 0 0 0 0 0 0 0 0 0 0 0 0 0 
0 0 0 0 0 0 5.05e-07 5.05e-07 1.01e-06 3.03e-06 1.515e-06 3.535e-06 6.06e-06 5.05e-06 5.05e-06 4.545e-06 5.05e-06 4.545e-06 5.05e-06 4.545e-06 1.01e-06 3.03e-06 2.02e-06 0 1.01e-06 1.01e-06 5.05e-07 5.05e-07 5.05e-07 5.05e-07 5.05e-07 0 0 0 0 0 0 0 0 0 0 0 0 0 0 0 0 0 0 0 0 
0 0 0 0 0 0 0 5.05e-07 0 0 0 0 5.05e-07 2.02e-06 1.01e-06 1.515e-06 1.515e-06 5.05e-07 3.03e-06 5.05e-07 5.05e-07 1.01e-06 1.515e-06 5.05e-07 0 0 0 0 0 5.05e-07 0 0 0 0 0 0 0 0 0 0 0 0 0 0 0 0 0 0 0 0 0 
0 0 0 0 0 0 0 5.05e-07 0 0 0 0 0 5.05e-07 0 0 0 5.05e-07 0 1.01e-06 1.01e-06 0 1.01e-06 5.05e-07 0 5.05e-07 0 0 0 0 0 0 0 0 0 0 0 0 0 0 0 0 0 0 0 0 0 0 0 0 0 
0 0 0 0 0 0 0 0 0 0 0 0 0 0 0 0 5.05e-07 0 0 0 0 0 1.01e-06 0 0 5.05e-07 0 0 0 0 0 0 0 0 0 0 0 0 0 0 0 0 0 0 0 0 0 0 0 0 0 
0 0 0 0 0 0 0 0 0 0 0 0 0 0 0 0 0 5.05e-07 0 0 0 0 0 0 0 0 0 0 0 0 0 0 0 0 0 0 0 0 0 0 0 0 0 0 0 0 0 0 0 0 0 
0 0 0 0 0 0 0 0 0 0 0 0 0 0 0 0 0 0 0 0 0 0 0 0 0 0 0 0 0 0 0 0 0 0 0 0 0 0 0 0 0 0 0 0 0 0 0 0 0 0 0 
0 0 0 0 0 0 0 0 0 0 0 0 0 0 0 0 0 0 0 0 0 0 0 0 0 0 0 0 0 0 0 0 0 0 0 0 0 0 0 0 0 0 0 0 0 0 0 0 0 0 0 
0 0 0 0 0 0 0 0 0 0 0 0 0 0 0 0 0 0 0 0 0 0 0 0 0 0 0 0 0 0 0 0 0 0 0 0 0 0 0 0 0 0 0 0 0 0 0 0 0 0 0 
0 0 0 0 0 0 0 0 0 0 0 0 0 0 0 0 0 0 0 0 0 0 0 0 0 0 0 0 0 0 0 0 0 0 0 0 0 0 0 0 0 0 0 0 0 0 0 0 0 0 0 
0 0 0 0 0 0 0 0 0 0 0 0 0 0 0 0 0 0 0 0 0 0 0 0 0 0 0 0 0 0 0 0 0 0 0 0 0 0 0 0 0 0 0 0 0 0 0 0 0 0 0 
0 0 0 0 0 0 0 0 0 0 0 0 0 0 0 0 0 0 0 0 0 0 0 0 0 0 0 0 0 0 0 0 0 0 0 0 0 0 0 0 0 0 0 0 0 0 0 0 0 0 0 
