Half rod, albedo problem, Anisotropic scattering, exponential random flight, mu_t: 3 g: 0.9
Analogmu_t c: 0.99 maxx: 10 dx: 0.19802 numsamples: 1000000 numCollisionOrders: 20 numMoments: 10
total albedo: 0.535592
per-collision order albedos: 
0 0.02462 0.023514 0.022047 0.020421 0.019603 0.018268 0.017288 0.016452 0.01526 0.014599 0.013842 0.013172 0.012328 0.011787 0.011166 0.010612 0.010123 0.009479 0.009102 
Collision density L:
1.59696 1.56107 1.5275 1.50159 1.46589 1.44464 1.41111 1.38321 1.36167 1.33147 1.30703 1.28441 1.25757 1.23721 1.20467 1.19194 1.16718 1.13753 1.1172 1.09538 1.07306 1.05239 1.0347 1.01688 0.990931 0.969928 0.953763 0.941027 0.920519 0.902142 0.881493 0.864767 0.848148 0.831523 0.820337 0.798885 0.784401 0.768923 0.754945 0.736598 0.726685 0.714232 0.699809 0.685876 0.672382 0.657035 0.646233 0.634391 0.619938 0.609197 30.8438 
Collision density R:
2.96401 2.91501 2.85868 2.80153 2.7428 2.68997 2.63891 2.58623 2.54254 2.49005 2.44145 2.3946 2.3476 2.30236 2.25401 2.20759 2.17333 2.12258 2.08921 2.04599 2.0047 1.96017 1.9279 1.89505 1.85174 1.8168 1.78494 1.7467 1.71371 1.68224 1.65504 1.61642 1.58033 1.54742 1.51576 1.497 1.46507 1.43513 1.40627 1.38368 1.35254 1.32663 1.30195 1.27474 1.25525 1.22599 1.20385 1.17979 1.15997 1.13583 57.5514 
Density Moments:
46.555 471.227 9545.8 290170 1.1752e+07 5.92228e+08 3.53887e+10 2.41493e+12 1.82653e+14 1.49612e+16 
Per-collision Density Moments:
1 0.333859 0.222865 0.223289 0.298153 0.49633 0.986079 2.26532 5.86938 16.7961 
0.96537 0.635655 0.633507 0.844139 1.40824 2.8257 6.65215 18.1244 56.883 205.752 
0.932382 0.908822 1.20189 1.99653 3.98982 9.32121 24.9511 75.4276 254.847 955.005 
0.901043 1.15671 1.90342 3.78314 8.79358 23.3764 69.8834 231.817 843.915 3339.8 
0.871579 1.38079 2.7133 6.2746 16.6413 49.7356 165.306 604.715 2414.26 10443.5 
0.843313 1.58331 3.61216 9.51981 28.3419 93.9034 342.35 1360.99 5855.22 27081.5 
0.816835 1.7662 4.58048 13.5394 44.7052 162.805 647.841 2796.26 13015 65017.7 
0.791355 1.93128 5.6059 18.3622 66.5903 264.324 1138.99 5294.02 26407.3 140779 
0.767082 2.08052 6.67605 23.9908 94.7832 407.407 1891.31 9430.25 50281.4 285652 
0.743932 2.21439 7.77511 30.3875 129.783 599.731 2978.55 15820.3 89518.9 537969 
0.721776 2.33496 8.89637 37.5487 172.322 851.657 4504.07 25370.2 151648 959135 
0.700764 2.44431 10.0362 45.4821 223.219 1175.29 6598.68 39332.1 248032 1.65e+06 
0.680525 2.54211 11.1814 54.1261 282.783 1579.68 9380.66 58973.5 391286 2.73337e+06 
0.661517 2.63003 12.3278 63.4573 351.56 2076.43 12998.9 85892.7 597120 4.35586e+06 
0.643046 2.70812 13.4663 73.4139 429.708 2674.34 17593.4 121826 884999 6.72597e+06 
0.625506 2.7785 14.5989 83.99 517.776 3386.86 23370.6 169434 1.28655e+06 1.02053e+07 
0.608691 2.84046 15.7104 95.0702 615.477 4220.26 30472.8 230795 1.82806e+06 1.51065e+07 
0.592524 2.89586 16.8095 106.691 723.43 5186.8 39093.3 308539 2.5425e+06 2.18243e+07 
0.577116 2.9447 17.8907 118.823 842.151 6302.52 49512 406721 3.4837e+06 3.10433e+07 
0 0 0 0 0 0 0 0 0 0 
Per-collision Densities L:
0 0 0 0 0 0 0 0 0 0 0 0 0 0 0 0 0 0 0 0 0 0 0 0 0 0 0 0 0 0 0 0 0 0 0 0 0 0 0 0 0 0 0 0 0 0 0 0 0 0 0 
0.056151 0.0312242 0.0174377 0.00938795 0.00538835 0.00280275 0.0014948 0.0008989 0.0004848 0.0002727 0.0001515 9.09e-05 5.05e-05 2.525e-05 1.01e-05 5.05e-06 5.05e-06 0 0 5.05e-06 0 0 0 0 0 0 0 0 0 0 0 0 0 0 0 0 0 0 0 0 0 0 0 0 0 0 0 0 0 0 0 
0.067766 0.0541461 0.0392436 0.0272751 0.017978 0.0116453 0.0071609 0.0045854 0.0026462 0.0016968 0.00107565 0.00057065 0.000303 0.00023735 0.0001111 6.565e-05 5.05e-05 4.04e-05 2.525e-05 0 0 5.05e-06 0 0 0 0 0 0 0 0 0 0 0 0 0 0 0 0 0 0 0 0 0 0 0 0 0 0 0 0 0 
0.0657965 0.0612212 0.0529594 0.0431573 0.0326382 0.0242754 0.0169377 0.0119231 0.0078881 0.0054439 0.00350975 0.0020705 0.0014645 0.0008585 0.000505 0.0002424 0.0001919 0.00014645 0.0001111 3.535e-05 3.535e-05 5.05e-06 1.01e-05 5.05e-06 5.05e-06 0 0 0 0 0 0 0 0 0 0 0 0 0 0 0 0 0 0 0 0 0 0 0 0 0 0 
0.0632614 0.0607768 0.0585194 0.0509545 0.0447935 0.0362237 0.0290779 0.0220029 0.0160843 0.0118726 0.0078679 0.0053025 0.0038683 0.002525 0.0016463 0.00104535 0.0007171 0.00047975 0.0003838 0.00020705 0.00013635 8.08e-05 3.535e-05 4.04e-05 2.02e-05 0 5.05e-06 5.05e-06 0 0 5.05e-06 0 0 0 0 0 0 0 0 0 0 0 0 0 0 0 0 0 0 0 0 
0.0586154 0.0580498 0.0574236 0.0535755 0.0512222 0.0454904 0.0381124 0.0315423 0.0254217 0.0189577 0.0148874 0.0110999 0.00793355 0.00605495 0.0037774 0.00294415 0.00192405 0.00141905 0.00097465 0.0005252 0.0004646 0.00029795 0.00010605 8.585e-05 6.565e-05 3.535e-05 1.01e-05 3.03e-05 1.01e-05 2.02e-05 0 0 0 5.05e-06 0 0 0 0 0 0 0 0 0 0 0 0 0 0 0 0 0 
0.0552975 0.0548026 0.0555147 0.0540249 0.0515757 0.0488689 0.044637 0.0385568 0.0337542 0.0275528 0.0225483 0.0179174 0.014039 0.0106555 0.0075851 0.0058176 0.0041814 0.0030199 0.0022523 0.00149985 0.0010302 0.00069185 0.0004444 0.00033835 0.0002121 0.0001313 7.575e-05 5.555e-05 4.04e-05 2.525e-05 5.05e-06 1.515e-05 5.05e-06 1.01e-05 0 5.05e-06 1.01e-05 0 0 0 0 0 0 0 0 0 0 0 0 0 0 
0.0521312 0.0516817 0.0520251 0.0521211 0.0510555 0.0492931 0.0473286 0.0427483 0.039688 0.0342946 0.0293708 0.0253207 0.0198566 0.0161449 0.0126654 0.00990305 0.00751945 0.0057267 0.0041612 0.0027472 0.00213615 0.0015049 0.0011009 0.00078275 0.0004848 0.0003636 0.0002222 0.00019695 0.00012625 4.04e-05 6.565e-05 1.515e-05 2.525e-05 2.02e-05 5.05e-06 1.01e-05 5.05e-06 0 0 0 0 0 0 0 0 0 0 0 0 0 0 
0.0488386 0.0488941 0.0492375 0.0484144 0.048677 0.0487527 0.047061 0.0448137 0.0431422 0.0387941 0.035042 0.0306434 0.0256591 0.0220887 0.0179629 0.0147612 0.0117413 0.00913545 0.00689325 0.00541865 0.0039996 0.00303505 0.00211595 0.00152005 0.00113625 0.00080295 0.00060095 0.0004545 0.0003131 0.0002222 8.585e-05 0.00013635 8.08e-05 2.02e-05 3.03e-05 1.01e-05 2.02e-05 0 5.05e-06 0 0 0 5.05e-06 0 0 0 0 0 0 0 0 
0.0462681 0.0465257 0.0462277 0.0463085 0.047066 0.0464752 0.045854 0.0453844 0.0437381 0.0405616 0.0384558 0.0339966 0.0305576 0.0273811 0.023028 0.0198061 0.0166347 0.0128927 0.0106909 0.0086557 0.00658015 0.00507525 0.00417635 0.0029896 0.0022119 0.00166145 0.0012221 0.00081305 0.0004949 0.0004646 0.00023735 0.0002121 0.00013635 8.08e-05 7.07e-05 5.555e-05 5.05e-05 2.525e-05 5.05e-06 2.02e-05 5.05e-06 5.05e-06 0 5.05e-06 5.05e-06 0 0 0 0 0 0 
0.0442986 0.0437633 0.0439249 0.044435 0.0450763 0.0434401 0.0435462 0.0438744 0.0426271 0.0410969 0.0392486 0.0366327 0.0337542 0.0311282 0.027568 0.0251187 0.0210535 0.01717 0.015145 0.0124028 0.0097768 0.0082113 0.00624685 0.00493385 0.00376225 0.0030502 0.00207555 0.00132815 0.0011918 0.0008181 0.00057065 0.0004747 0.0003232 0.00021715 0.00018685 0.0001414 8.585e-05 0.000101 2.02e-05 2.02e-05 1.515e-05 1.01e-05 5.05e-06 0 5.05e-06 0 5.05e-06 0 0 0 0 
0.0419706 0.0415767 0.0414302 0.0420059 0.041511 0.0418999 0.0417383 0.0411121 0.0415009 0.0404859 0.039592 0.03787 0.0362641 0.0333805 0.0307293 0.0287598 0.0253965 0.0218817 0.0181598 0.0159378 0.0137259 0.0112413 0.0087466 0.00742855 0.00583275 0.0044137 0.0034845 0.0025957 0.00191395 0.00139885 0.0012928 0.00093425 0.0006464 0.0004747 0.00035855 0.00024745 0.0002222 0.00012625 8.585e-05 6.565e-05 3.03e-05 3.535e-05 2.02e-05 2.02e-05 0 1.515e-05 1.01e-05 5.05e-06 0 0 0 
0.0387941 0.0398092 0.0392486 0.0397839 0.0397183 0.039688 0.0397082 0.0394153 0.039996 0.0393547 0.0387184 0.0376629 0.0362489 0.0345016 0.0322493 0.0300172 0.0281336 0.0253207 0.022321 0.0198516 0.0168064 0.0145541 0.0124988 0.0103929 0.00798405 0.00644885 0.00552975 0.00444905 0.00332795 0.0024038 0.0018382 0.0015352 0.001212 0.00086355 0.00060095 0.00039895 0.0003939 0.0002424 0.0001717 0.0001212 4.04e-05 8.585e-05 3.03e-05 4.04e-05 3.03e-05 1.01e-05 0 1.515e-05 5.05e-06 0 5.05e-06 
0.0380417 0.037466 0.0372892 0.0379912 0.0374609 0.0372791 0.0381578 0.0373953 0.0380316 0.0376528 0.0370165 0.0366226 0.0351329 0.0345067 0.0329917 0.0320827 0.0299718 0.0280376 0.0260378 0.0219776 0.0199778 0.0181295 0.0158621 0.013332 0.0110393 0.0093627 0.0075548 0.00629735 0.0050298 0.00395415 0.00318655 0.0024947 0.00208565 0.00132815 0.00115645 0.00089385 0.0006565 0.0004747 0.00031815 0.00018685 0.00015655 0.00015655 0.00011615 0.00012625 6.06e-05 1.01e-05 1.01e-05 3.03e-05 5.05e-06 1.01e-05 3.535e-05 
0.0354965 0.036153 0.0356783 0.0359459 0.0348703 0.0360873 0.0358298 0.0360974 0.035956 0.035749 0.035648 0.0346279 0.0345925 0.034234 0.0334411 0.0323857 0.0309161 0.0291789 0.0273862 0.0245632 0.0236189 0.0211141 0.0187002 0.0160641 0.0137411 0.0120089 0.0103879 0.0082618 0.0072417 0.0059186 0.00440865 0.0038784 0.0029694 0.00235835 0.0018887 0.00152005 0.00098475 0.0009292 0.00057065 0.00039895 0.00045955 0.00028785 0.00023735 0.00013635 8.08e-05 8.08e-05 5.05e-05 3.535e-05 2.02e-05 5.05e-06 8.08e-05 
0.0343451 0.0342491 0.0331179 0.0340572 0.033532 0.0341431 0.0342845 0.0341229 0.0340976 0.0332795 0.0334613 0.0337391 0.0331432 0.0335371 0.0322645 0.0323251 0.0312343 0.0299415 0.0287345 0.0270579 0.0245986 0.0233462 0.020907 0.0187052 0.0168014 0.0144026 0.0131048 0.010802 0.00917585 0.0077972 0.00660035 0.00544895 0.0044036 0.00344915 0.0028886 0.0023836 0.00187355 0.0013736 0.0009292 0.0008787 0.0005858 0.00049995 0.00033835 0.00028785 0.0001515 0.0001313 0.0001212 5.555e-05 5.05e-05 3.535e-05 0.0001313 
0.0321281 0.0320271 0.0317696 0.032421 0.0321786 0.0329765 0.0323806 0.0323402 0.0322645 0.0315676 0.0323907 0.0326584 0.0328553 0.0318049 0.0315171 0.0310373 0.0310828 0.0296233 0.0289365 0.0275579 0.026053 0.0249066 0.0224927 0.0213817 0.0188921 0.0172357 0.0150086 0.0131149 0.0115039 0.0099586 0.00821635 0.0071811 0.0059085 0.00503485 0.00425715 0.00329765 0.0024947 0.0019695 0.00165135 0.00132815 0.00098475 0.00074235 0.0006262 0.0004545 0.00031815 0.00021715 0.0001919 0.00016665 0.00013635 7.575e-05 0.0002424 
0.0303303 0.0302142 0.0303758 0.0311484 0.0304263 0.030901 0.0309313 0.0305525 0.0300526 0.0312242 0.0310727 0.0311535 0.0308353 0.0306384 0.030502 0.0300172 0.0302748 0.0290224 0.0283053 0.0269569 0.0269923 0.0255328 0.0243107 0.022523 0.0200283 0.01919 0.0170135 0.0157055 0.0137209 0.0120897 0.0107818 0.00881225 0.0075245 0.00675185 0.0056762 0.004444 0.00393395 0.0031411 0.0023331 0.0020402 0.00162105 0.00128775 0.00098475 0.00083325 0.00058075 0.0004848 0.0003232 0.0002424 0.0002525 0.00015655 0.00039895 
0.0287446 0.0290375 0.0288557 0.0295375 0.0292143 0.0293001 0.0294668 0.0285275 0.029588 0.0300728 0.029997 0.0299465 0.0292597 0.0299162 0.0293355 0.028684 0.0290173 0.0280679 0.0275023 0.0268458 0.0270327 0.0254217 0.0242602 0.0227452 0.0221796 0.0204475 0.0191143 0.0171902 0.0162863 0.014438 0.0127462 0.0107414 0.0094839 0.0084537 0.00735785 0.0060196 0.00509545 0.0042016 0.00345925 0.0028179 0.0024139 0.00187355 0.00131805 0.00126755 0.0009797 0.00078275 0.0006363 0.00045955 0.0003535 0.000202 0.0007171 
0 0 0 0 0 0 0 0 0 0 0 0 0 0 0 0 0 0 0 0 0 0 0 0 0 0 0 0 0 0 0 0 0 0 0 0 0 0 0 0 0 0 0 0 0 0 0 0 0 0 0 
Per-collision Densities L:
2.25657 1.25155 0.691663 0.380725 0.209615 0.116009 0.0644986 0.0353197 0.0193314 0.0112666 0.00598425 0.0032825 0.0020099 0.00100495 0.0004949 0.00032825 0.0001414 6.565e-05 7.07e-05 4.545e-05 1.515e-05 0 5.05e-06 5.05e-06 0 0 0 0 0 0 0 0 0 0 0 0 0 0 0 0 0 0 0 0 0 0 0 0 0 0 0 
0.5686 1.01113 0.946491 0.734558 0.520019 0.353515 0.230507 0.147248 0.0920868 0.0568125 0.0360318 0.0211141 0.0128422 0.00767095 0.00414605 0.00280275 0.00148975 0.00089385 0.0005151 0.00029795 0.00022725 0.000101 5.555e-05 2.02e-05 2.02e-05 2.02e-05 5.05e-06 0 0 5.05e-06 0 0 0 0 5.05e-06 0 0 0 0 0 0 0 0 0 0 0 0 0 0 0 0 
0.101015 0.427982 0.655273 0.713302 0.655293 0.537628 0.415933 0.306737 0.21869 0.150369 0.101293 0.0680235 0.0435613 0.0282952 0.0183871 0.011408 0.00726695 0.00433795 0.002727 0.00177255 0.0009999 0.0006161 0.0004343 0.000202 0.00014645 8.585e-05 5.05e-05 1.515e-05 2.525e-05 1.01e-05 5.05e-06 0 1.01e-05 0 0 0 5.05e-06 0 0 0 0 0 0 0 0 0 0 0 0 0 0 
0.014544 0.126523 0.309439 0.466595 0.545178 0.553626 0.505288 0.426483 0.346273 0.264827 0.197021 0.144637 0.103076 0.0712505 0.0482477 0.0330573 0.0220483 0.0144279 0.00983235 0.0058984 0.00379255 0.0024947 0.0017372 0.00095445 0.0005959 0.000404 0.0002121 0.0001616 7.07e-05 5.05e-05 3.03e-05 2.525e-05 1.01e-05 1.01e-05 5.05e-06 0 5.05e-06 0 0 0 0 0 0 0 0 0 0 0 0 0 0 
0.00231795 0.0303758 0.112428 0.231861 0.3464 0.425968 0.459171 0.450359 0.409045 0.353576 0.291102 0.230083 0.177644 0.13434 0.0973186 0.0709475 0.050596 0.035956 0.0252248 0.0165893 0.0109181 0.0074235 0.00490355 0.00319665 0.0020099 0.0012827 0.0008888 0.0006363 0.00035855 0.0002222 0.00016665 7.575e-05 6.06e-05 2.02e-05 3.535e-05 1.01e-05 1.515e-05 0 5.05e-06 0 5.05e-06 0 0 0 0 0 0 0 0 0 0 
0.0012019 0.007575 0.035552 0.0963894 0.178548 0.265064 0.334638 0.378775 0.391481 0.37623 0.343208 0.296576 0.247389 0.201677 0.159696 0.123079 0.0923595 0.0689426 0.0504394 0.0366782 0.0266539 0.0178922 0.0120847 0.00854965 0.0055752 0.00382285 0.002727 0.0015857 0.0011514 0.0007676 0.00048985 0.0003232 0.0002121 0.00010605 7.07e-05 5.555e-05 3.03e-05 2.02e-05 5.05e-06 5.05e-06 1.01e-05 1.01e-05 0 0 0 0 0 0 0 0 0 
0.00090395 0.00348955 0.0118827 0.0360469 0.0802344 0.140723 0.206257 0.26761 0.312711 0.334765 0.334557 0.322301 0.292461 0.25253 0.216842 0.175467 0.143016 0.111731 0.0863298 0.0661247 0.0489901 0.0364964 0.0258762 0.0188113 0.0127311 0.0091607 0.0063125 0.0042622 0.00300475 0.00204525 0.0013534 0.00092415 0.000707 0.000404 0.0002424 0.00019695 0.0001212 6.565e-05 4.545e-05 4.545e-05 1.01e-05 1.01e-05 1.515e-05 0 0 0 0 0 0 0 5.05e-06 
0.0007777 0.00253005 0.0058277 0.0142006 0.0336987 0.0672054 0.113635 0.164332 0.215271 0.257439 0.283754 0.296637 0.292324 0.276851 0.250712 0.220205 0.18835 0.155924 0.126871 0.101702 0.0802799 0.061706 0.047566 0.0357338 0.0262095 0.0182154 0.013529 0.0097768 0.00696395 0.0047268 0.00332795 0.0022422 0.0016463 0.00104535 0.00075245 0.00045955 0.000303 0.00022725 0.0001818 0.0001313 7.575e-05 2.525e-05 2.02e-05 2.525e-05 1.515e-05 5.05e-06 5.05e-06 5.05e-06 0 0 5.05e-06 
0.0007878 0.00234825 0.00415615 0.00759015 0.0156247 0.0316938 0.0562267 0.0917383 0.133431 0.175927 0.210858 0.24194 0.258545 0.263221 0.254328 0.241062 0.218413 0.192799 0.166307 0.13834 0.112994 0.0925312 0.0731947 0.0586053 0.0450157 0.0333654 0.0255429 0.0187759 0.0138673 0.0101 0.00706495 0.0051005 0.0035754 0.00235835 0.0017574 0.00129785 0.0007979 0.0005252 0.00046965 0.0003232 0.00021715 0.000101 0.00010605 3.03e-05 4.04e-05 3.03e-05 3.535e-05 5.05e-06 1.515e-05 5.05e-06 1.515e-05 
0.00072215 0.00232805 0.00358045 0.00591355 0.0087466 0.0157964 0.0288911 0.0478387 0.0756238 0.108964 0.143935 0.176235 0.20399 0.223351 0.232032 0.23382 0.225887 0.211524 0.191754 0.169584 0.145263 0.122427 0.103283 0.0843956 0.0680033 0.0534341 0.0422887 0.0320069 0.0246895 0.0183315 0.0137411 0.0101354 0.0073326 0.00531765 0.003636 0.00262095 0.0019291 0.0012524 0.0009797 0.00059085 0.0004949 0.0003535 0.00024745 0.00016665 8.08e-05 5.05e-05 6.565e-05 5.05e-06 2.525e-05 2.525e-05 5.555e-05 
0.0006868 0.0019594 0.00342895 0.0047571 0.00702455 0.0101657 0.016059 0.0263156 0.0417231 0.0622615 0.0904203 0.118619 0.147314 0.172463 0.191557 0.204328 0.212423 0.206818 0.201879 0.187451 0.166988 0.149445 0.130002 0.110933 0.0931422 0.0755531 0.0617211 0.0492678 0.0395264 0.0305879 0.0236189 0.0177407 0.0137007 0.00981215 0.00746895 0.0055954 0.0038481 0.00269165 0.00198465 0.00140895 0.00100495 0.00065145 0.0004444 0.0003737 0.0003535 0.00019695 0.00014645 5.05e-05 5.555e-05 2.525e-05 9.595e-05 
0.00057065 0.0020705 0.00327745 0.00470155 0.00625695 0.0078073 0.0107919 0.0160237 0.0236997 0.0364257 0.0541108 0.0738058 0.0987124 0.12376 0.145889 0.164256 0.179659 0.187204 0.190148 0.189208 0.178194 0.163519 0.150763 0.133169 0.116483 0.100096 0.0842845 0.0685285 0.0564388 0.0461015 0.0362287 0.0285325 0.0224927 0.0173215 0.013029 0.0097465 0.0074942 0.0053833 0.00390365 0.0027674 0.002222 0.00152005 0.00100495 0.00074235 0.0005555 0.0003939 0.0002727 0.0002121 0.0001616 9.09e-05 0.0002525 
0.00062115 0.0020907 0.00291385 0.00461065 0.0056358 0.00677205 0.00849915 0.0113625 0.0158267 0.0218766 0.0319059 0.0460055 0.0627261 0.0829463 0.10353 0.124321 0.141839 0.157696 0.166382 0.174094 0.172351 0.166443 0.158792 0.146501 0.134264 0.120124 0.10349 0.0888952 0.0758561 0.0632462 0.0522423 0.0424301 0.0337946 0.0265883 0.0216443 0.0164226 0.0123927 0.0094839 0.00717605 0.00543885 0.00414605 0.00293405 0.0021614 0.0015857 0.0010605 0.0008989 0.0005454 0.00040905 0.0003232 0.0002121 0.0005656 
0.00069185 0.0017776 0.00287345 0.0041915 0.0052823 0.00632765 0.00756995 0.0092011 0.0118322 0.0153066 0.0210737 0.0290173 0.0393446 0.0540552 0.0707 0.0874357 0.10607 0.121766 0.137446 0.148091 0.156378 0.156136 0.155035 0.151147 0.142592 0.131719 0.119645 0.105176 0.0930614 0.0805526 0.0691648 0.0572165 0.0471418 0.0391426 0.0309969 0.0257853 0.0204828 0.0155086 0.011413 0.0094435 0.0072013 0.00548935 0.0039693 0.0029694 0.0021513 0.0015655 0.00129785 0.0008484 0.0006363 0.00046965 0.0010908 
0.0005757 0.0015352 0.00273205 0.0037471 0.0053328 0.00613575 0.0068882 0.00861025 0.00997375 0.0116655 0.0151349 0.019892 0.0270074 0.0348804 0.0459853 0.0599486 0.075543 0.0897335 0.106131 0.117832 0.130846 0.139309 0.142309 0.14441 0.139956 0.134603 0.129169 0.117902 0.105646 0.0965611 0.0842845 0.0728412 0.0607717 0.051909 0.043329 0.0357793 0.029694 0.0236795 0.0192809 0.0148824 0.0117766 0.0087466 0.0067064 0.0053732 0.0040703 0.00303505 0.0019594 0.00154025 0.0011514 0.00096455 0.00233815 
0.00051005 0.0014746 0.00268155 0.0034845 0.00488335 0.00606505 0.00677205 0.00805475 0.0088072 0.0107212 0.012115 0.0149884 0.0188315 0.0243865 0.0319059 0.0398698 0.0517827 0.0640896 0.0774973 0.0905213 0.103293 0.114817 0.123265 0.129709 0.132047 0.130886 0.127351 0.123417 0.114241 0.106964 0.0957228 0.0861025 0.0759116 0.0656399 0.0554389 0.0471014 0.0400011 0.0328957 0.0271286 0.0218211 0.0177205 0.0148218 0.0108424 0.00840825 0.00683265 0.00509545 0.00395415 0.00275225 0.00198465 0.0015756 0.0046965 
0.00060095 0.00141905 0.0024038 0.003434 0.0045349 0.00563075 0.0065953 0.0074841 0.0083628 0.0093627 0.01111 0.0123624 0.0148571 0.0177255 0.0226897 0.028174 0.0363095 0.0450561 0.0550703 0.0669226 0.0784821 0.0906728 0.10154 0.10909 0.114231 0.120614 0.121367 0.12023 0.115509 0.111055 0.10601 0.0958642 0.0861429 0.076861 0.0676599 0.0593173 0.0509091 0.0437431 0.036456 0.0304717 0.0247652 0.0205485 0.0167761 0.0132058 0.0103172 0.0081406 0.0066054 0.0047167 0.00361075 0.0027371 0.0085749 
0.0004848 0.00140895 0.0023432 0.00334815 0.00398445 0.00514595 0.00619635 0.00730735 0.00800425 0.00873145 0.0101202 0.0110141 0.0126099 0.0146147 0.0177104 0.0215585 0.0261944 0.0317292 0.0399354 0.0478538 0.0580245 0.0687154 0.0792446 0.0896072 0.0957278 0.103904 0.108595 0.111878 0.111514 0.109959 0.105752 0.101424 0.0941068 0.0866277 0.0776892 0.068978 0.0613727 0.0537017 0.0469953 0.0392941 0.0330876 0.0278962 0.0231896 0.0191648 0.0157964 0.012216 0.00991315 0.0076962 0.00586305 0.0045551 0.0148167 
0.00040905 0.0014544 0.0022422 0.00314615 0.0040703 0.00467125 0.00559035 0.006868 0.00750935 0.0082416 0.0092819 0.0100041 0.0113575 0.0126149 0.0148369 0.0166802 0.0197253 0.023937 0.0292042 0.0355318 0.0431422 0.0511212 0.060494 0.0692153 0.0784922 0.0858904 0.0916272 0.0983033 0.101106 0.10298 0.103212 0.100303 0.0962227 0.0909909 0.0853349 0.0771085 0.0707101 0.063832 0.0556611 0.049288 0.0420362 0.0361681 0.0305626 0.0256136 0.0214423 0.0176902 0.0141703 0.0115494 0.00927685 0.0072215 0.0248814 
0 0 0 0 0 0 0 0 0 0 0 0 0 0 0 0 0 0 0 0 0 0 0 0 0 0 0 0 0 0 0 0 0 0 0 0 0 0 0 0 0 0 0 0 0 0 0 0 0 0 0 
