Half rod, albedo problem, Anisotropic scattering, exponential random flight, mu_t: 1 g: -0.1
Analogmu_t c: 0.99 maxx: 10 dx: 0.19802 numsamples: 1000000 numCollisionOrders: 20 numMoments: 10
total albedo: 0.825452
per-collision order albedos: 
0 0.271674 0.120808 0.074296 0.051378 0.03823 0.029441 0.02356 0.019201 0.016358 0.013731 0.012079 0.01055 0.009339 0.008338 0.007372 0.006715 0.0061 0.005531 0.005095 
Collision density L:
0.819176 0.801172 0.783593 0.768039 0.750657 0.7363 0.724862 0.708384 0.69237 0.680573 0.663555 0.64944 0.636967 0.623478 0.612267 0.600496 0.588381 0.577185 0.561575 0.551814 0.53837 0.526048 0.515317 0.510727 0.494163 0.490153 0.476195 0.464948 0.45551 0.447713 0.436133 0.426816 0.421109 0.411378 0.402349 0.39445 0.386517 0.375973 0.373119 0.363544 0.355414 0.348142 0.340304 0.334517 0.326427 0.321023 0.315332 0.308954 0.299632 0.294789 14.1122 
Collision density R:
0.989138 0.967888 0.946102 0.935406 0.907743 0.891987 0.872908 0.859768 0.837856 0.820266 0.802743 0.787315 0.772827 0.754632 0.73783 0.726538 0.711232 0.699041 0.681891 0.669923 0.651319 0.640603 0.626028 0.61455 0.603924 0.590072 0.578235 0.5671 0.554258 0.5409 0.531235 0.520605 0.508035 0.499571 0.486684 0.476846 0.467165 0.461055 0.448036 0.439749 0.428816 0.423847 0.413489 0.403566 0.393966 0.388254 0.383467 0.371135 0.365958 0.358338 17.086 
Density Moments:
17.4244 166.418 3180.43 91131.6 3.47657e+06 1.65341e+08 9.39246e+09 6.17321e+11 4.57111e+13 3.72513e+15 
Per-collision Density Moments:
1 1.00134 2.00635 6.02769 24.0931 119.824 709.887 4858.92 37575.8 322862 
0.718373 1.16522 3.22172 12.3203 59.7709 350.096 2393.9 18623.9 161356 1.52824e+06 
0.590251 1.25818 4.25518 19.1869 107.138 709.436 5404.78 46269.5 436505 4.46382e+06 
0.510209 1.30978 5.12437 26.129 162.639 1190.29 9989.61 94407.8 990604 1.1406e+07 
0.453901 1.33949 5.88428 33.2256 226.787 1806.86 16420.8 167484 1.89443e+06 2.3547e+07 
0.411006 1.3593 6.56959 40.3869 297.757 2543.4 24573.4 263570 3.09022e+06 3.90875e+07 
0.377376 1.37033 7.17214 47.3434 372.541 3382.1 34642.4 393676 4.89737e+06 6.59633e+07 
0.349997 1.37807 7.73353 54.3797 453.564 4346.15 46812 557588 7.25096e+06 1.01871e+08 
0.32735 1.38102 8.23615 61.2549 538.47 5422.42 61238.6 763631 1.03887e+07 1.52739e+08 
0.30769 1.38077 8.70541 68.1815 629.265 6639.26 78492.5 1.02491e+06 1.46164e+07 2.25554e+08 
0.290828 1.38061 9.15656 75.1951 725.622 7981.52 98074.1 1.32695e+06 1.95547e+07 3.11106e+08 
0.275816 1.37844 9.57342 82.0129 822.907 9383.28 119158 1.66078e+06 2.51211e+07 4.0861e+08 
0.262451 1.37378 9.95023 88.6045 921.629 10868.9 142448 2.04459e+06 3.17736e+07 5.29576e+08 
0.2504 1.36878 10.3064 95.2357 1027.25 12561.4 170707 2.53998e+06 4.08886e+07 7.05134e+08 
0.239513 1.36262 10.6463 101.918 1137.25 14364.8 201335 3.08488e+06 5.10596e+07 9.03871e+08 
0.229739 1.35536 10.9543 108.299 1246.13 16211.7 233877 3.68815e+06 6.28507e+07 1.14627e+09 
0.220837 1.34927 11.2576 114.679 1357.69 18149.3 268653 4.33984e+06 7.56224e+07 1.4076e+09 
0.212594 1.34113 11.5319 120.91 1471.08 20168 305327 5.02716e+06 8.8928e+07 1.67314e+09 
0.204932 1.33187 11.7764 126.78 1581.82 22215.8 344296 5.80169e+06 1.05076e+08 2.02611e+09 
0 0 0 0 0 0 0 0 0 0 
Per-collision Densities L:
0 0 0 0 0 0 0 0 0 0 0 0 0 0 0 0 0 0 0 0 0 0 0 0 0 0 0 0 0 0 0 0 0 0 0 0 0 0 0 0 0 0 0 0 0 0 0 0 0 0 0 
0.249147 0.201328 0.165297 0.137128 0.110095 0.0911677 0.0744067 0.0619231 0.0507576 0.0420009 0.0339966 0.0279417 0.0230735 0.0196799 0.0153318 0.0121554 0.0102869 0.00843855 0.00669125 0.0058277 0.0048177 0.0039693 0.0032522 0.00271185 0.00221695 0.001616 0.0014948 0.00127765 0.00102515 0.00081305 0.00065145 0.0005959 0.0005555 0.000303 0.00021715 0.00021715 0.00020705 0.00016665 0.0001212 0.00011615 0.0001111 7.575e-05 3.03e-05 4.545e-05 3.535e-05 2.525e-05 3.535e-05 1.01e-05 2.525e-05 1.01e-05 5.555e-05 
0.120523 0.118322 0.111469 0.102843 0.0941371 0.0854561 0.0776589 0.0695335 0.0607212 0.0532472 0.046657 0.0409202 0.0357288 0.0301435 0.025755 0.0233765 0.0196344 0.0168569 0.0150086 0.0127866 0.0107969 0.00873145 0.00747905 0.00643875 0.00564085 0.0046864 0.00414605 0.0031714 0.00274215 0.00223715 0.00219675 0.0017271 0.00150995 0.0011514 0.00095445 0.0008585 0.00076255 0.000606 0.00042925 0.0004141 0.00037875 0.0002424 0.0002121 0.0001616 0.000202 0.0001111 0.0001212 0.0001414 8.585e-05 5.555e-05 0.0003636 
0.0765681 0.0777448 0.077669 0.0769166 0.0742906 0.0701193 0.0655995 0.0620241 0.056762 0.053929 0.0485002 0.0437684 0.0395264 0.0353298 0.0321231 0.0286285 0.0260984 0.023427 0.0203515 0.0177558 0.0156954 0.0138724 0.0121402 0.0103323 0.0087668 0.00817595 0.00685285 0.00602465 0.00536815 0.0046763 0.0039491 0.00329765 0.00289365 0.00258055 0.00220685 0.0018988 0.00160085 0.00119685 0.00117665 0.00097465 0.0008888 0.00069185 0.00069185 0.00054035 0.0004545 0.00035855 0.00036865 0.00028785 0.0002323 0.0001111 0.0011312 
0.0533028 0.0565802 0.0580144 0.0568984 0.0568731 0.0561459 0.0554692 0.0525756 0.051505 0.0478387 0.0445511 0.0415565 0.0388143 0.0365216 0.0339057 0.0308858 0.0285426 0.0255227 0.0238108 0.0207555 0.0189779 0.0168569 0.0151955 0.0135391 0.0125139 0.010807 0.00952935 0.0082517 0.0076962 0.0064741 0.0060499 0.0050298 0.0042016 0.003737 0.00361075 0.00288355 0.002525 0.0023836 0.0019493 0.00179275 0.001515 0.0013433 0.00101 0.00108575 0.0007878 0.0007171 0.00067165 0.00053025 0.0004747 0.0003636 0.00262095 
0.0392537 0.0417231 0.0436674 0.0441976 0.0446319 0.0451117 0.0452733 0.0444451 0.0434957 0.0419908 0.0405162 0.0380265 0.0367438 0.0344057 0.03232 0.0299263 0.0282043 0.026462 0.0244218 0.0228715 0.020599 0.0192961 0.0166852 0.0159176 0.0140188 0.0137209 0.0116554 0.0106858 0.0091506 0.0082012 0.0071104 0.0068175 0.0061307 0.00574185 0.0048581 0.00445915 0.0039592 0.0033027 0.00321685 0.0024644 0.0022018 0.00195435 0.00183315 0.00153015 0.00124735 0.0012221 0.0009898 0.00090395 0.0007171 0.0006868 0.00472175 
0.0302697 0.0331482 0.0347339 0.0357288 0.0363954 0.0371478 0.0378397 0.0373902 0.0364055 0.0365469 0.0346329 0.0347693 0.0332997 0.0321635 0.0308353 0.0286133 0.0276538 0.0258358 0.0235128 0.0228816 0.0205636 0.0198617 0.0182002 0.0163166 0.0154682 0.0146602 0.0131654 0.0121402 0.0107565 0.0102616 0.00928695 0.00837795 0.00749925 0.0071104 0.00583275 0.00546915 0.0049288 0.00452985 0.00393395 0.0036764 0.0031512 0.00266135 0.0027371 0.00202 0.00180285 0.00167155 0.00155035 0.00119685 0.0012928 0.0011009 0.0078982 
0.0240279 0.02626 0.0279164 0.0289214 0.0304364 0.0310525 0.0312494 0.0314262 0.0310121 0.0314868 0.0312292 0.030497 0.0294668 0.0290931 0.0282144 0.0270731 0.0258207 0.0246238 0.0233866 0.0220382 0.0215383 0.0195031 0.0187557 0.0173316 0.0160136 0.0151551 0.0144026 0.0133017 0.0115292 0.0108777 0.0101051 0.00927685 0.00878195 0.0077871 0.0071003 0.00641855 0.00581255 0.0054136 0.00484295 0.00415615 0.0038986 0.003737 0.0030704 0.0027472 0.00230785 0.0022725 0.00191395 0.0017574 0.00155035 0.0014948 0.0110545 
0.0203465 0.0215837 0.0230634 0.02424 0.0252702 0.0263863 0.0272094 0.0272801 0.0273458 0.0269569 0.0276639 0.0270226 0.0270882 0.0257601 0.0255177 0.0250076 0.02424 0.0235532 0.0224523 0.0217049 0.0203616 0.0188012 0.0180184 0.0174528 0.0158873 0.0155439 0.0146248 0.0134078 0.0128624 0.011211 0.0108373 0.009797 0.00942835 0.0087264 0.00812545 0.00756995 0.00641855 0.0059085 0.00553985 0.0052823 0.0046258 0.0042016 0.0037269 0.0033431 0.0029593 0.0027876 0.00250985 0.002323 0.00191395 0.0020402 0.0157257 
0.0166145 0.0184578 0.0193668 0.0210484 0.0218564 0.022619 0.0233916 0.0239522 0.0237956 0.024442 0.0240481 0.0245077 0.0241542 0.0234926 0.0236946 0.0230331 0.0224826 0.0220837 0.0206949 0.020397 0.0192001 0.018579 0.0181497 0.0171347 0.016155 0.0156399 0.0146147 0.013226 0.0127058 0.0116302 0.0111656 0.0105646 0.0102263 0.00921625 0.00842845 0.00780225 0.00738815 0.0066054 0.00647915 0.00572165 0.0056762 0.00487325 0.0044036 0.00400465 0.0037168 0.0033936 0.00291385 0.00285325 0.0024947 0.00247955 0.0204778 
0.0140643 0.0160338 0.0167711 0.0179881 0.0187608 0.0193415 0.0202101 0.0207202 0.0216544 0.021508 0.0215383 0.0209828 0.0212858 0.021205 0.0215181 0.0208717 0.0203414 0.020195 0.0190638 0.019594 0.0186446 0.0177558 0.0162307 0.0165842 0.0158318 0.0155692 0.0141097 0.0134532 0.0129886 0.0121099 0.0116958 0.0106555 0.0100899 0.0100344 0.00888295 0.00836785 0.00809515 0.00688315 0.0067064 0.00640845 0.0056762 0.0051106 0.00474195 0.00482275 0.0043026 0.00374205 0.0034441 0.0034138 0.00287345 0.00282295 0.025654 
0.0127614 0.013332 0.014842 0.0155439 0.0162711 0.0176548 0.0172912 0.0183315 0.0184224 0.0190133 0.0190941 0.0199172 0.0195536 0.0195738 0.0194476 0.0191395 0.0192203 0.0187961 0.0182103 0.0173821 0.0165943 0.0166246 0.0161297 0.0158368 0.01565 0.0146703 0.0142814 0.0136199 0.0127715 0.0122867 0.0115342 0.0108272 0.0102111 0.0097869 0.0094233 0.0083931 0.00819615 0.00751945 0.00719625 0.0065044 0.00618625 0.00585295 0.00491365 0.00504495 0.00453995 0.00431775 0.0041208 0.0036562 0.0032825 0.00316635 0.0312696 
0.0111959 0.0117211 0.0131755 0.0137613 0.0145945 0.0149278 0.016059 0.0162913 0.0171347 0.0173013 0.017473 0.017271 0.017473 0.0174074 0.0175185 0.0172104 0.0174276 0.016867 0.0166751 0.0163418 0.0168367 0.0159176 0.0155995 0.0153268 0.0150793 0.0139784 0.013534 0.0132563 0.0122715 0.0120291 0.011408 0.0109838 0.010504 0.00980205 0.0092011 0.0091001 0.00808 0.0080194 0.0073528 0.0070195 0.00659025 0.0061913 0.0056055 0.00536815 0.0048985 0.004545 0.004242 0.00397435 0.00386325 0.0033936 0.0375316 
0.00964045 0.0105293 0.0111504 0.0123675 0.0130795 0.0131149 0.0139431 0.014241 0.0151147 0.0153975 0.015751 0.0155692 0.0157863 0.0162762 0.0163317 0.015958 0.015852 0.0162863 0.0153975 0.0155136 0.0148521 0.0144784 0.0145491 0.0143117 0.0136603 0.0134734 0.0132866 0.0126099 0.0116908 0.0118221 0.0112262 0.0112211 0.0103323 0.0097061 0.0094031 0.0092819 0.0088274 0.007979 0.007676 0.0071306 0.0067771 0.0067771 0.00600445 0.0054843 0.00521665 0.0052116 0.0049187 0.0044945 0.00395415 0.0035956 0.043329 
0.00878195 0.0092112 0.0102768 0.0106 0.011413 0.0118271 0.0126957 0.0130341 0.013231 0.0136855 0.0135896 0.0143925 0.0148672 0.0146652 0.0148117 0.0149783 0.0145945 0.0147006 0.0145844 0.0146905 0.0146854 0.0139683 0.0139936 0.013534 0.0130492 0.0140946 0.0125846 0.0124786 0.0117665 0.0114635 0.0105495 0.0104081 0.0104737 0.00974145 0.0095142 0.00926675 0.0087163 0.00794365 0.00772145 0.00770125 0.0072215 0.00654985 0.0058277 0.0058378 0.0052621 0.004747 0.004747 0.0045147 0.00413595 0.0040097 0.0480457 
0.00767095 0.0084941 0.0089486 0.009595 0.0102162 0.0111403 0.0112969 0.0117413 0.0122816 0.0127866 0.0127967 0.0133825 0.0136401 0.013534 0.0137764 0.0140138 0.0135492 0.0138017 0.0135239 0.0139835 0.0136754 0.0129432 0.0128826 0.0130442 0.0128472 0.0120948 0.0118322 0.0116655 0.0113171 0.011312 0.0107464 0.0103576 0.010297 0.0094132 0.0093829 0.00907485 0.0081103 0.0081002 0.00773155 0.0072922 0.0070094 0.0064236 0.00631755 0.00598425 0.0056762 0.00547925 0.00515605 0.0046561 0.00427735 0.0044541 0.0537674 
0.0069488 0.0076255 0.00806485 0.00880215 0.00947885 0.009898 0.0101051 0.0106707 0.0107717 0.0113625 0.0120039 0.0120948 0.0123523 0.012014 0.0124129 0.0129179 0.0129533 0.0132209 0.0128826 0.0129078 0.0120796 0.0120746 0.0122715 0.0124634 0.0117312 0.0116857 0.0110646 0.0115039 0.0111504 0.0106353 0.00999395 0.010201 0.00949905 0.00934755 0.00904455 0.0084941 0.0081002 0.008181 0.0077164 0.0073023 0.0072215 0.0069589 0.00637815 0.0061408 0.0058681 0.00557015 0.0051712 0.0049894 0.00469145 0.0041511 0.0597163 
0.0064135 0.00685285 0.0072417 0.00796385 0.00809515 0.00929705 0.00937785 0.0101101 0.0099485 0.0105899 0.0114181 0.0114736 0.0113373 0.011514 0.0118625 0.0121806 0.0116958 0.0117312 0.0117514 0.0115443 0.0118877 0.0122059 0.0116302 0.0117817 0.0112514 0.0112565 0.0106303 0.0108878 0.0104081 0.0104384 0.0097364 0.0099182 0.0092718 0.00925665 0.0090496 0.00856985 0.00865065 0.0080699 0.007575 0.00753965 0.00701445 0.00671145 0.0066963 0.00616605 0.0058681 0.00588325 0.00532775 0.0052116 0.00450965 0.0046864 0.0638169 
0.0057974 0.0059287 0.00707505 0.00746895 0.0078477 0.0083325 0.008787 0.00925665 0.0094839 0.0096152 0.0102364 0.00989295 0.0104586 0.0105293 0.0105697 0.0114989 0.0110494 0.0112312 0.0109737 0.0110141 0.0110949 0.0105192 0.0106606 0.0110343 0.0107565 0.0103828 0.0104788 0.0100293 0.0102818 0.0099586 0.0096354 0.009696 0.0097465 0.0087668 0.00841835 0.00798405 0.0084638 0.0080598 0.00726695 0.0072619 0.00707 0.0069993 0.0064539 0.0062923 0.0059792 0.00566105 0.0052621 0.00508535 0.00477225 0.0046157 0.0696345 
0 0 0 0 0 0 0 0 0 0 0 0 0 0 0 0 0 0 0 0 0 0 0 0 0 0 0 0 0 0 0 0 0 0 0 0 0 0 0 0 0 0 0 0 0 0 0 0 0 0 0 
Per-collision Densities L:
0.907561 0.742633 0.606722 0.505752 0.409742 0.337486 0.275336 0.227568 0.18531 0.153116 0.12573 0.102288 0.0837644 0.068579 0.0567721 0.0470559 0.0392234 0.0316837 0.0256843 0.021008 0.0170741 0.014438 0.0115645 0.0098576 0.0079487 0.0065145 0.0053429 0.00431775 0.0036461 0.0028987 0.00228765 0.0019796 0.0015049 0.0014342 0.00114635 0.00089385 0.00072215 0.00066155 0.00046965 0.000404 0.00037875 0.0002727 0.00021715 0.0001919 0.0001919 0.00012625 7.575e-05 9.595e-05 8.08e-05 4.545e-05 0.000202 
0.0379558 0.0976014 0.133699 0.155156 0.161373 0.162655 0.158156 0.151419 0.139845 0.128654 0.116438 0.103717 0.0935816 0.0834614 0.0718009 0.0633674 0.0552874 0.0486366 0.042319 0.0367943 0.030906 0.0272195 0.0231189 0.0197708 0.016761 0.0146551 0.0123675 0.0104737 0.00857995 0.00756995 0.0067064 0.00527725 0.00459045 0.00384305 0.0031815 0.0026058 0.0023533 0.00220685 0.0016261 0.0012827 0.00119685 0.00112615 0.000808 0.0006969 0.00058075 0.00038885 0.0004545 0.00035855 0.00023735 0.00022725 0.00121705 
0.0140491 0.0396779 0.0597062 0.0745077 0.0857743 0.0940209 0.0978993 0.0986619 0.0972075 0.0956369 0.0920514 0.0873448 0.0822797 0.0757248 0.0692254 0.0647006 0.0594991 0.0531765 0.0484447 0.0438492 0.0389456 0.0343804 0.030194 0.0275579 0.0245127 0.0214827 0.0184679 0.0159378 0.0141299 0.0126048 0.0112615 0.00943845 0.00808505 0.0072518 0.00637815 0.0050096 0.00444905 0.0039592 0.00349965 0.0027068 0.00247955 0.0022624 0.0019594 0.00169175 0.00132815 0.0011312 0.00104535 0.0008585 0.00070195 0.00060095 0.0034845 
0.006666 0.0188062 0.0320019 0.0410818 0.0497779 0.0577922 0.0627665 0.0664984 0.0688972 0.0682508 0.0685235 0.0681548 0.0670539 0.064231 0.0600799 0.0575195 0.0554339 0.0516817 0.0477478 0.0442835 0.0411121 0.037567 0.0336229 0.0307444 0.0285376 0.0254116 0.0232452 0.0200637 0.0175286 0.0161146 0.0143572 0.0129432 0.0111959 0.0101354 0.00872135 0.0078477 0.0068478 0.0061711 0.00527725 0.0043228 0.00396425 0.00371175 0.0031512 0.0028078 0.00223715 0.0019998 0.00190385 0.00150995 0.0012928 0.00117665 0.00721645 
0.0039996 0.0122059 0.0193516 0.0273508 0.0324463 0.0380164 0.0428897 0.0470206 0.0487527 0.0510505 0.0526564 0.0527271 0.053328 0.0528432 0.0517474 0.0491769 0.0480659 0.046253 0.0429301 0.0410515 0.0389254 0.0360217 0.0340673 0.0317393 0.0288002 0.0271236 0.0248208 0.0236744 0.0204576 0.0185992 0.0173266 0.0155237 0.0137714 0.0126907 0.0113575 0.009999 0.00924655 0.00820625 0.00729725 0.0064135 0.00561055 0.0050803 0.004646 0.0039491 0.0033027 0.0029088 0.0026058 0.00229775 0.0020907 0.00183315 0.0127563 
0.00269165 0.00829715 0.0136047 0.0185689 0.0232553 0.0272953 0.0311535 0.0344562 0.0377084 0.0391628 0.0410515 0.0420009 0.0430058 0.0431018 0.0431472 0.0416423 0.0416777 0.0406727 0.0390769 0.0376175 0.0354864 0.0344915 0.0324059 0.0295476 0.0287345 0.0270478 0.0251541 0.023533 0.0220786 0.0207404 0.0186951 0.0175235 0.0156651 0.0147056 0.0128876 0.0114736 0.0105545 0.00937785 0.0089991 0.0083224 0.00716595 0.00634785 0.0057873 0.00491365 0.00474195 0.00418645 0.0036562 0.00333805 0.00299465 0.00255025 0.0195991 
0.0021614 0.00613575 0.0099687 0.0136199 0.017473 0.0206192 0.0230381 0.0264772 0.0284366 0.0310878 0.0326887 0.0337643 0.0346733 0.0358348 0.0359459 0.0365166 0.0359459 0.034239 0.0342087 0.0343198 0.032421 0.0317797 0.0310777 0.0294011 0.0276538 0.0258661 0.0248258 0.023225 0.0221342 0.0200283 0.0193617 0.0179225 0.0169731 0.0151753 0.0142461 0.0123675 0.0122513 0.0110393 0.00999395 0.0088981 0.0081608 0.00791335 0.00739825 0.0063125 0.0053631 0.0051409 0.00451975 0.00410565 0.0035249 0.00355015 0.0270377 
0.00147965 0.00457025 0.0081709 0.0106757 0.0138875 0.016559 0.018579 0.0212908 0.0235633 0.0248965 0.0258661 0.0277397 0.0292042 0.0297092 0.0303152 0.0311535 0.0303303 0.0305424 0.0304768 0.0302445 0.0293001 0.0284467 0.0278508 0.0269165 0.026563 0.0250935 0.0237047 0.0231038 0.0216393 0.0198516 0.0192658 0.0178922 0.0167206 0.0160085 0.0148218 0.0140188 0.0134684 0.0121604 0.0106858 0.0106202 0.00916575 0.00882235 0.0079992 0.0072821 0.00669125 0.0059489 0.0056055 0.00494395 0.0043632 0.00408545 0.036052 
0.00122715 0.0035552 0.0062721 0.0085749 0.011307 0.012726 0.0154227 0.0171145 0.0194324 0.020397 0.0216544 0.0237047 0.0247097 0.0253965 0.0259722 0.026765 0.026058 0.0273458 0.0270175 0.0267347 0.0259722 0.0258106 0.0258459 0.0250632 0.0242552 0.0233462 0.0229119 0.0218463 0.0207505 0.0197708 0.0189224 0.0180689 0.0169882 0.0157914 0.0153217 0.0145541 0.0133472 0.0124382 0.0116504 0.0105646 0.0103071 0.0095142 0.0081406 0.0079487 0.0074437 0.0065751 0.00636805 0.0055651 0.00500455 0.0046763 0.0453137 
0.00101 0.00305525 0.00496415 0.007272 0.0091405 0.0109232 0.0128422 0.0142057 0.0164529 0.0172357 0.0181952 0.0199475 0.0204778 0.0212908 0.0223614 0.0229674 0.0232957 0.0237098 0.0239875 0.0239522 0.0237148 0.0230886 0.022619 0.0220736 0.0222301 0.0216999 0.0213817 0.0207 0.019897 0.0191951 0.0181144 0.0170943 0.0163418 0.0158772 0.0151955 0.0141249 0.013433 0.0129634 0.0115544 0.0115393 0.010499 0.0101556 0.00893345 0.00835775 0.00808 0.006969 0.00686295 0.0062115 0.00583275 0.00526715 0.0544895 
0.00081305 0.00259065 0.0041612 0.00608525 0.007575 0.00930715 0.0104889 0.0123321 0.0138067 0.0150945 0.015751 0.0174276 0.017978 0.0190789 0.0197001 0.0204879 0.0205939 0.0211292 0.0218463 0.0211444 0.0208515 0.0213969 0.020705 0.0206192 0.0206495 0.0198566 0.0199021 0.0191446 0.0188163 0.018175 0.0177306 0.0166095 0.0156146 0.0158621 0.014438 0.0141703 0.0133017 0.012726 0.0122968 0.0114029 0.0107212 0.00998385 0.0094536 0.00895365 0.00812545 0.0076659 0.00761035 0.00659025 0.00625695 0.0057368 0.0645744 
0.0006363 0.0020503 0.0035956 0.0052924 0.00637815 0.00785275 0.00972125 0.0103222 0.011615 0.013327 0.0133623 0.0150591 0.0155742 0.0165943 0.0172862 0.017064 0.0179477 0.0186547 0.0180588 0.0192809 0.0192607 0.0197607 0.0190537 0.0193516 0.0190789 0.0187456 0.0178013 0.017776 0.0174528 0.0171801 0.0169781 0.0155136 0.0158116 0.0150086 0.0146299 0.0143016 0.0132108 0.0126907 0.0117716 0.0113575 0.0109787 0.010403 0.0097061 0.0088274 0.0086153 0.0082012 0.00783255 0.00716595 0.0067165 0.00622665 0.0735836 
0.000707 0.00205535 0.00313605 0.0043935 0.0058277 0.00679225 0.00776185 0.00925665 0.0102869 0.0108929 0.0118827 0.0131452 0.0135441 0.0141148 0.0156651 0.0157863 0.0162509 0.0165337 0.016963 0.0169832 0.0173569 0.0170034 0.0171296 0.0172609 0.017271 0.0170892 0.0169428 0.0167761 0.0162358 0.0160742 0.0156449 0.0157813 0.0149379 0.0143319 0.0137461 0.0135037 0.0132967 0.0125947 0.012216 0.0113322 0.0108171 0.0101 0.0101 0.0090395 0.00860015 0.0081911 0.00796385 0.00739825 0.00716595 0.00653975 0.0816282 
0.0005858 0.00165135 0.00280275 0.00370165 0.00493385 0.00619635 0.00693365 0.00824665 0.00872135 0.0102717 0.0108626 0.0116655 0.0122665 0.0128119 0.0133825 0.0142006 0.0141804 0.0150692 0.0156146 0.0151046 0.01565 0.0155742 0.0163469 0.0158469 0.0156399 0.0157358 0.0157964 0.0160085 0.0152561 0.0154126 0.014847 0.0144077 0.0144834 0.0140037 0.0132967 0.0130442 0.0127058 0.0122968 0.0117665 0.0113625 0.0106707 0.0106555 0.0101303 0.0093324 0.0088173 0.007777 0.00810525 0.00712555 0.00716595 0.0067973 0.088678 
0.00057065 0.0014241 0.00240885 0.0034845 0.0043329 0.00544895 0.00638825 0.0071003 0.0080093 0.0090597 0.00986265 0.0102162 0.0108929 0.0115645 0.011514 0.012625 0.0128725 0.0137411 0.0138825 0.0143673 0.0143319 0.0144935 0.0143168 0.0140491 0.0146703 0.0147864 0.0142814 0.0141249 0.014241 0.0140845 0.0137764 0.0137562 0.0140138 0.0130189 0.0130088 0.0116302 0.0121049 0.0121453 0.0114585 0.011514 0.0103424 0.0100697 0.00962025 0.0093021 0.0088173 0.0085042 0.0081305 0.00750935 0.0072215 0.00678215 0.0984851 
0.0004545 0.00115645 0.00220685 0.00308555 0.0037976 0.00474195 0.00582265 0.0064337 0.00750935 0.00788305 0.0084941 0.0091001 0.00970105 0.00998385 0.0107414 0.0115544 0.0119685 0.0123422 0.0124634 0.0127715 0.0129937 0.0133573 0.0131199 0.0135391 0.0135239 0.0132765 0.0132866 0.0134381 0.0138926 0.0134987 0.0130189 0.0131856 0.0129735 0.0121705 0.0120998 0.0120241 0.0113423 0.0113221 0.0105949 0.0102869 0.0104333 0.0101202 0.0094334 0.009393 0.0091102 0.0084133 0.00820625 0.0076861 0.00699425 0.006969 0.104772 
0.00041915 0.0011514 0.00188365 0.0026563 0.00373195 0.00428745 0.00527725 0.0057065 0.00607515 0.00689325 0.0077265 0.00851935 0.0089486 0.0094435 0.0099081 0.010504 0.0110595 0.0116352 0.0114635 0.0118827 0.0117665 0.0123624 0.012418 0.0126957 0.0127361 0.0128018 0.0121554 0.0127159 0.0122614 0.0121705 0.0127715 0.0126856 0.0118221 0.0115039 0.0114585 0.0114282 0.0116756 0.0106707 0.0104838 0.0105495 0.0100293 0.00970105 0.00948895 0.0088577 0.0087668 0.0084436 0.00832745 0.0075952 0.00761035 0.0070599 0.110156 
0.0003636 0.00100495 0.0018079 0.0024442 0.0031714 0.00398445 0.00457025 0.00536815 0.00546915 0.006363 0.00712555 0.00752955 0.00795375 0.008585 0.0088981 0.009595 0.0099283 0.0101202 0.0106858 0.0108171 0.0107666 0.0112262 0.0113575 0.0118625 0.0118928 0.0114231 0.0115241 0.0116857 0.0119635 0.0114837 0.0113625 0.0111454 0.0114484 0.0111908 0.0111807 0.0109939 0.0103778 0.0103071 0.00993335 0.0100344 0.0094132 0.00939805 0.0091607 0.0088072 0.00852945 0.00838805 0.00809515 0.0073326 0.00780225 0.006969 0.116453 
0.00033835 0.00106555 0.0016766 0.0022321 0.00290375 0.003434 0.0043228 0.0046258 0.0054439 0.0056964 0.00642865 0.0067064 0.0073326 0.0081507 0.0084537 0.0083325 0.00909 0.00943845 0.00993335 0.0099889 0.0104838 0.010201 0.0105798 0.0112161 0.010701 0.01111 0.0107464 0.0110797 0.0111959 0.0107969 0.0112565 0.0108272 0.0104182 0.0107212 0.0106303 0.0102414 0.0101 0.0100546 0.00943845 0.00996365 0.0088476 0.00882235 0.00886275 0.0084537 0.0081507 0.00816585 0.0077164 0.00747905 0.00728715 0.00726695 0.121129 
0 0 0 0 0 0 0 0 0 0 0 0 0 0 0 0 0 0 0 0 0 0 0 0 0 0 0 0 0 0 0 0 0 0 0 0 0 0 0 0 0 0 0 0 0 0 0 0 0 0 0 
