Half rod, albedo problem, Anisotropic scattering, exponential random flight, mu_t: 1 g: 0.3
Analogmu_t c: 0.3 maxx: 10 dx: 0.19802 numsamples: 10000000 numCollisionOrders: 20 numMoments: 10
total albedo: 0.0655812
per-collision order albedos: 
0 0.0525752 0.0102578 0.0021294 0.0004783 0.0001086 2.4e-05 5.8e-06 1.5e-06 4e-07 2e-07 0 0 0 0 0 0 0 0 0 
Collision density L:
0.0605636 0.051964 0.044235 0.0377801 0.0322655 0.0275013 0.0233194 0.0201854 0.0171538 0.0145586 0.0124548 0.0105959 0.00902334 0.00774367 0.00659177 0.00564742 0.00477377 0.00406222 0.00357237 0.00300425 0.00257045 0.00222301 0.00182558 0.00162509 0.0013327 0.00115999 0.000967075 0.000842845 0.000717605 0.000612565 0.00052318 0.000431775 0.000401475 0.00030502 0.00027371 0.000251995 0.00021412 0.000185335 0.000147965 0.000126755 0.00011312 9.797e-05 8.181e-05 7.2215e-05 5.4035e-05 5.6055e-05 5.353e-05 3.7875e-05 2.727e-05 1.9695e-05 0.00015857 
Collision density R:
0.925375 0.789569 0.674454 0.576095 0.491193 0.418977 0.357409 0.305336 0.262063 0.222967 0.190638 0.163282 0.138802 0.118257 0.101288 0.0862308 0.0734088 0.0630902 0.0537401 0.0460484 0.0389481 0.0332886 0.0285759 0.0243966 0.0207353 0.017925 0.0151253 0.0129952 0.0110898 0.00941623 0.00808505 0.00679579 0.00593123 0.00506869 0.00422938 0.00360469 0.00314363 0.00274417 0.00224523 0.00189476 0.00168771 0.00140441 0.00125089 0.00102465 0.0008888 0.000722655 0.000659025 0.00053429 0.00048985 0.00039895 0.00235785 
Density Moments:
1.33473 1.67176 4.18877 15.7487 78.9802 495.131 3721.09 32529.7 323040 3.57235e+06 
Per-collision Density Moments:
1 1.00008 2 5.99825 23.9872 119.931 719.616 5036.01 40245.7 361290 
0.247295 0.441815 1.27306 4.98941 24.6546 146.972 1026.89 8239.29 74742.5 756693 
0.0639954 0.155663 0.570748 2.72045 15.8507 108.972 863.948 7772.85 78373 875824 
0.0170262 0.0508415 0.222229 1.23316 8.20448 63.3125 553.831 5395.06 57651.5 666785 
0.0046411 0.0161294 0.0805187 0.502348 3.70421 31.2527 295.062 3065.43 34578.6 418831 
0.0012772 0.00499179 0.0279095 0.192731 1.54756 13.9473 137.692 1462.4 16480.2 194939 
0.0003579 0.00156563 0.00961058 0.0721366 0.628176 6.16487 66.7931 785.372 9873.03 130980 
0.0001036 0.000494199 0.00331528 0.027392 0.263844 2.86032 33.9791 433.017 5821.65 81524.9 
2.65e-05 0.00013905 0.00101691 0.00901275 0.0914611 1.03019 12.6031 164.675 2268.1 32594.8 
6.3e-06 3.60897e-05 0.000307479 0.00338832 0.0444572 0.653815 10.3603 172.605 2976.87 52607.4 
1.1e-06 5.30216e-06 3.85951e-05 0.000323261 0.00290268 0.0270923 0.258681 2.50576 24.5157 241.661 
2e-07 1.03039e-06 8.46533e-06 7.61403e-05 0.000693468 0.00632626 0.0577245 0.526726 4.8063 43.8568 
1e-07 1.2488e-07 1.55951e-07 1.94751e-07 2.43206e-07 3.03716e-07 3.79281e-07 4.73647e-07 5.91492e-07 7.38656e-07 
0 0 0 0 0 0 0 0 0 0 
0 0 0 0 0 0 0 0 0 0 
0 0 0 0 0 0 0 0 0 0 
0 0 0 0 0 0 0 0 0 0 
0 0 0 0 0 0 0 0 0 0 
0 0 0 0 0 0 0 0 0 0 
0 0 0 0 0 0 0 0 0 0 
Per-collision Densities L:
0 0 0 0 0 0 0 0 0 0 0 0 0 0 0 0 0 0 0 0 0 0 0 0 0 0 0 0 0 0 0 0 0 0 0 0 0 0 0 0 0 0 0 0 0 0 0 0 0 0 0 
0.0476266 0.0391143 0.0320655 0.026459 0.0215948 0.0178134 0.0144864 0.0119953 0.00981821 0.00797193 0.00654884 0.00532573 0.00441421 0.00364004 0.00302647 0.00245683 0.00197405 0.00160287 0.00135391 0.00111757 0.00089486 0.000727705 0.000613575 0.000511565 0.000409555 0.00034845 0.000278255 0.00021715 0.00017978 0.000163115 0.00012423 0.000105545 0.000100495 6.2115e-05 6.161e-05 4.8985e-05 3.434e-05 2.626e-05 3.03e-05 1.9695e-05 1.9695e-05 1.6665e-05 1.01e-05 9.595e-06 6.565e-06 7.07e-06 4.04e-06 2.02e-06 4.04e-06 1.515e-06 1.4645e-05 
0.0101722 0.0099889 0.00936725 0.00863348 0.00796486 0.00712202 0.00636098 0.00578932 0.00508384 0.00448541 0.00393597 0.00343602 0.00294668 0.00258611 0.00217453 0.00195839 0.00163721 0.00140643 0.00123927 0.00102566 0.000927685 0.000791335 0.00061105 0.000528735 0.00044743 0.000397435 0.00032522 0.000297445 0.000237855 0.000193415 0.00016665 0.000129785 0.00013029 8.888e-05 9.09e-05 7.878e-05 5.252e-05 5.959e-05 4.3935e-05 3.939e-05 2.5755e-05 2.3735e-05 2.323e-05 1.414e-05 1.3635e-05 1.414e-05 1.3635e-05 8.585e-06 8.08e-06 5.555e-06 2.727e-05 
0.00216191 0.00220685 0.00214221 0.00206545 0.00204828 0.00194678 0.00183921 0.00176043 0.00164731 0.00155237 0.00139532 0.00131856 0.00115797 0.00105343 0.00095445 0.00082416 0.00078376 0.000647915 0.000646905 0.000543885 0.0004646 0.000449955 0.00037067 0.00034138 0.000290375 0.000248965 0.00020907 0.000185335 0.00017069 0.00014746 0.00012625 0.000103525 8.787e-05 8.6355e-05 5.6055e-05 6.0095e-05 6.1105e-05 4.848e-05 3.4845e-05 3.131e-05 2.828e-05 2.525e-05 2.02e-05 1.818e-05 1.717e-05 1.111e-05 1.212e-05 8.585e-06 8.585e-06 5.555e-06 3.6865e-05 
0.00047167 0.00049288 0.000493385 0.000459045 0.000494395 0.00045551 0.000474195 0.00047268 0.00045551 0.00040198 0.00043026 0.000376225 0.00035653 0.000335825 0.000319665 0.000290375 0.00027472 0.000288355 0.000233815 0.00021917 0.0001919 0.00016665 0.000147965 0.000160085 0.000121705 0.00010504 0.000106555 9.494e-05 8.585e-05 6.7165e-05 6.2115e-05 5.5045e-05 5.05e-05 4.242e-05 3.636e-05 4.0905e-05 3.535e-05 2.5755e-05 1.9695e-05 1.717e-05 1.919e-05 1.5655e-05 1.515e-05 1.4645e-05 8.585e-06 1.0605e-05 1.0605e-05 1.212e-05 4.04e-06 4.545e-06 3.434e-05 
0.000101505 0.000122715 0.000121705 0.000124735 0.00012524 0.00012827 0.000118675 0.000124735 0.00011009 0.000108575 0.00010504 0.000100495 0.000112615 8.7365e-05 8.5345e-05 8.383e-05 8.383e-05 8.282e-05 7.07e-05 7.3225e-05 5.858e-05 5.8075e-05 5.454e-05 5.454e-05 4.747e-05 4.1915e-05 3.232e-05 3.535e-05 2.828e-05 2.8785e-05 2.5755e-05 2.2725e-05 2.1715e-05 1.616e-05 1.414e-05 1.4645e-05 1.717e-05 1.4645e-05 1.111e-05 1.111e-05 1.414e-05 8.585e-06 7.07e-06 1.0605e-05 2.525e-06 7.07e-06 7.575e-06 4.545e-06 1.515e-06 2.02e-06 2.424e-05 
2.0705e-05 2.828e-05 3.4845e-05 3.1815e-05 2.7775e-05 2.626e-05 2.9795e-05 3.03e-05 2.727e-05 2.7775e-05 2.929e-05 3.1815e-05 2.626e-05 3.0805e-05 2.2725e-05 2.0705e-05 1.515e-05 2.323e-05 1.717e-05 1.8685e-05 2.323e-05 2.02e-05 2.02e-05 1.8685e-05 1.212e-05 1.414e-05 1.0605e-05 9.09e-06 9.595e-06 7.575e-06 1.2625e-05 1.1615e-05 7.575e-06 6.06e-06 1.01e-05 6.06e-06 8.08e-06 7.575e-06 6.06e-06 6.06e-06 5.05e-06 6.06e-06 3.535e-06 2.525e-06 3.03e-06 4.04e-06 5.05e-06 5.05e-07 5.05e-07 0 1.1615e-05 
7.07e-06 8.585e-06 8.585e-06 4.04e-06 7.575e-06 6.565e-06 9.09e-06 8.08e-06 8.585e-06 7.575e-06 8.08e-06 5.05e-06 6.06e-06 7.575e-06 6.565e-06 8.585e-06 4.04e-06 8.585e-06 9.09e-06 4.04e-06 6.565e-06 8.585e-06 5.555e-06 7.575e-06 3.03e-06 2.525e-06 3.535e-06 2.525e-06 4.545e-06 4.545e-06 4.04e-06 3.03e-06 2.525e-06 2.02e-06 3.03e-06 2.02e-06 5.05e-06 1.01e-06 1.515e-06 2.02e-06 5.05e-07 1.01e-06 1.01e-06 1.01e-06 2.02e-06 1.515e-06 0 1.515e-06 0 5.05e-07 3.535e-06 
2.02e-06 5.05e-07 5.05e-07 2.02e-06 2.525e-06 1.01e-06 1.01e-06 3.03e-06 2.02e-06 3.03e-06 2.02e-06 1.515e-06 2.525e-06 1.515e-06 2.02e-06 4.04e-06 1.01e-06 1.515e-06 1.01e-06 1.01e-06 2.525e-06 5.05e-07 1.01e-06 1.515e-06 1.01e-06 1.01e-06 0 5.05e-07 5.05e-07 5.05e-07 1.515e-06 5.05e-07 5.05e-07 1.01e-06 1.01e-06 5.05e-07 5.05e-07 1.01e-06 5.05e-07 0 5.05e-07 5.05e-07 1.515e-06 1.515e-06 0 0 0 0 5.05e-07 0 3.535e-06 
0 1.01e-06 5.05e-07 5.05e-07 0 1.01e-06 0 1.515e-06 1.01e-06 0 0 5.05e-07 5.05e-07 1.01e-06 0 5.05e-07 0 0 5.05e-07 1.01e-06 0 0 1.01e-06 1.01e-06 0 0 1.515e-06 5.05e-07 5.05e-07 0 0 0 0 0 5.05e-07 0 0 1.01e-06 0 0 0 5.05e-07 0 0 5.05e-07 0 0 0 0 0 2.525e-06 
0 0 5.05e-07 0 0 0 0 0 0 0 0 0 0 0 0 0 0 5.05e-07 0 0 5.05e-07 0 0 0 0 5.05e-07 0 0 0 0 0 0 0 0 0 0 0 0 0 0 0 0 0 0 0 5.05e-07 0 0 0 0 0 
0 0 0 0 0 5.05e-07 0 0 0 0 0 0 0 0 0 0 0 0 0 0 0 0 0 0 0 0 0 0 0 0 0 0 0 0 0 0 0 0 0 0 0 0 0 0 0 0 5.05e-07 0 0 0 0 
0 0 0 0 0 0 0 0 0 0 0 0 0 0 0 0 0 0 0 0 0 0 0 0 0 0 0 0 0 0 0 0 0 0 0 0 0 0 0 0 0 0 0 0 0 0 0 0 0 0 0 
0 0 0 0 0 0 0 0 0 0 0 0 0 0 0 0 0 0 0 0 0 0 0 0 0 0 0 0 0 0 0 0 0 0 0 0 0 0 0 0 0 0 0 0 0 0 0 0 0 0 0 
0 0 0 0 0 0 0 0 0 0 0 0 0 0 0 0 0 0 0 0 0 0 0 0 0 0 0 0 0 0 0 0 0 0 0 0 0 0 0 0 0 0 0 0 0 0 0 0 0 0 0 
0 0 0 0 0 0 0 0 0 0 0 0 0 0 0 0 0 0 0 0 0 0 0 0 0 0 0 0 0 0 0 0 0 0 0 0 0 0 0 0 0 0 0 0 0 0 0 0 0 0 0 
0 0 0 0 0 0 0 0 0 0 0 0 0 0 0 0 0 0 0 0 0 0 0 0 0 0 0 0 0 0 0 0 0 0 0 0 0 0 0 0 0 0 0 0 0 0 0 0 0 0 0 
0 0 0 0 0 0 0 0 0 0 0 0 0 0 0 0 0 0 0 0 0 0 0 0 0 0 0 0 0 0 0 0 0 0 0 0 0 0 0 0 0 0 0 0 0 0 0 0 0 0 0 
0 0 0 0 0 0 0 0 0 0 0 0 0 0 0 0 0 0 0 0 0 0 0 0 0 0 0 0 0 0 0 0 0 0 0 0 0 0 0 0 0 0 0 0 0 0 0 0 0 0 0 
0 0 0 0 0 0 0 0 0 0 0 0 0 0 0 0 0 0 0 0 0 0 0 0 0 0 0 0 0 0 0 0 0 0 0 0 0 0 0 0 0 0 0 0 0 0 0 0 0 0 0 
Per-collision Densities L:
0.907516 0.743912 0.610475 0.50114 0.410632 0.336752 0.275887 0.226446 0.18663 0.152898 0.125636 0.103055 0.0842981 0.069081 0.0569029 0.0463585 0.0381098 0.0313943 0.0256777 0.0211065 0.0172609 0.0141168 0.0116847 0.00949804 0.00778205 0.00646047 0.00524998 0.00435411 0.00359661 0.0028578 0.00238613 0.0019493 0.00162509 0.00128422 0.00108828 0.000857995 0.00071104 0.000582265 0.00049086 0.00039087 0.000326735 0.000275225 0.00022927 0.0001818 0.00015857 0.00012221 0.00010504 8.282e-05 6.969e-05 6.2115e-05 0.00025149 
0.017014 0.0427291 0.058735 0.0674907 0.0710495 0.0709601 0.0688764 0.0654137 0.0611752 0.0556247 0.0505288 0.0457505 0.0405172 0.0357505 0.0316155 0.0277447 0.0240355 0.0211171 0.0183204 0.0159565 0.0135446 0.0116897 0.0101091 0.00869257 0.00739169 0.00643269 0.00546259 0.00451167 0.00386729 0.00334664 0.00283255 0.00235633 0.00201243 0.00172407 0.00142764 0.00120443 0.0010297 0.00089991 0.000674175 0.000575195 0.00051611 0.00043228 0.0003737 0.000299465 0.000257045 0.000189375 0.00017372 0.000145945 0.000130795 0.00010807 0.00056156 
0.000705485 0.00247905 0.0045349 0.00645037 0.00815272 0.00959702 0.010653 0.0112807 0.0117923 0.01177 0.0117216 0.0115721 0.0110151 0.010452 0.00980205 0.00916626 0.00833856 0.0077462 0.00708364 0.00640744 0.00572973 0.00514747 0.00462378 0.00420009 0.00368852 0.00324816 0.00279619 0.00263812 0.00229068 0.00197859 0.00174377 0.00147713 0.00135542 0.0011913 0.00097162 0.00083123 0.00079386 0.00067468 0.000571155 0.000483285 0.000441875 0.00034037 0.00032017 0.000247955 0.00024038 0.0001919 0.000163115 0.00012726 0.000123725 9.898e-05 0.000595395 
9.7465e-05 0.00036663 0.0005454 0.000816585 0.00110494 0.00135694 0.00161348 0.00176649 0.0019791 0.00215231 0.00220231 0.00234573 0.0023432 0.00232906 0.00230634 0.00230129 0.00224776 0.00214575 0.00203162 0.00191698 0.00176801 0.0017064 0.00156348 0.00142865 0.00131957 0.00123725 0.00109989 0.00101556 0.00091607 0.000814565 0.00074942 0.0006565 0.00061509 0.000559035 0.00046359 0.00045248 0.000369155 0.000358045 0.00031512 0.000258055 0.000251995 0.00020806 0.00018281 0.000170185 0.000125745 0.00011918 0.00012524 9.2415e-05 8.8375e-05 6.666e-05 0.000452985 
3.1815e-05 6.363e-05 0.000116655 0.000152005 0.00019796 0.00025654 0.000294415 0.00033936 0.00038885 0.00041006 0.00042925 0.000437835 0.000475205 0.00050197 0.00051813 0.0005151 0.00053328 0.00053025 0.00048278 0.000503485 0.00047975 0.000478235 0.000450965 0.000416625 0.000394405 0.000393395 0.00037067 0.000330775 0.000285325 0.000296435 0.00025452 0.000247955 0.00022725 0.000212605 0.00018786 0.00017069 0.00015453 0.000140895 0.00013433 0.000116655 9.696e-05 8.989e-05 9.0395e-05 7.8275e-05 7.2215e-05 6.464e-05 4.949e-05 5.2015e-05 4.9995e-05 3.434e-05 0.000258055 
7.575e-06 1.414e-05 3.939e-05 3.333e-05 4.444e-05 4.343e-05 6.464e-05 7.0195e-05 7.3225e-05 9.09e-05 9.3425e-05 8.989e-05 0.000114635 0.000111605 0.00011514 0.00010908 0.000102515 0.0001212 0.00010706 0.000118675 0.000120695 0.00011514 0.00010706 0.000123725 0.00011211 0.00011817 0.00010807 0.00010403 9.8475e-05 9.0395e-05 7.878e-05 6.8175e-05 6.262e-05 7.07e-05 5.9085e-05 5.959e-05 4.9995e-05 6.4135e-05 3.9895e-05 5.3025e-05 3.636e-05 3.5855e-05 3.5855e-05 3.333e-05 2.525e-05 2.121e-05 2.626e-05 2.222e-05 1.6665e-05 1.616e-05 0.000141905 
2.525e-06 3.535e-06 5.05e-06 9.595e-06 8.08e-06 9.595e-06 1.3635e-05 1.5655e-05 2.02e-05 1.616e-05 1.9695e-05 2.1715e-05 3.131e-05 2.323e-05 2.0705e-05 2.929e-05 2.9795e-05 2.6765e-05 2.5755e-05 2.9795e-05 3.333e-05 3.03e-05 2.828e-05 2.828e-05 3.4845e-05 2.525e-05 2.9795e-05 2.929e-05 2.424e-05 2.4745e-05 2.727e-05 2.828e-05 2.4745e-05 2.02e-05 2.2725e-05 2.02e-05 2.727e-05 1.717e-05 1.1615e-05 1.111e-05 1.01e-05 1.414e-05 1.414e-05 9.09e-06 6.565e-06 8.585e-06 1.212e-05 9.595e-06 7.07e-06 8.585e-06 5.656e-05 
0 1.01e-06 1.515e-06 1.515e-06 2.02e-06 2.02e-06 4.545e-06 3.03e-06 4.04e-06 4.545e-06 5.05e-06 7.07e-06 5.555e-06 5.555e-06 5.555e-06 4.545e-06 9.595e-06 8.08e-06 1.0605e-05 8.08e-06 9.595e-06 4.04e-06 7.07e-06 7.07e-06 8.08e-06 7.07e-06 6.06e-06 1.01e-05 7.07e-06 5.05e-06 9.595e-06 8.08e-06 5.05e-06 5.05e-06 5.05e-06 6.06e-06 7.07e-06 5.555e-06 6.565e-06 5.05e-06 6.06e-06 7.575e-06 1.515e-06 3.03e-06 1.515e-06 4.04e-06 3.535e-06 1.515e-06 3.535e-06 3.03e-06 2.828e-05 
0 0 5.05e-07 1.01e-06 5.05e-07 0 1.515e-06 1.01e-06 5.05e-07 5.05e-07 1.01e-06 2.02e-06 2.02e-06 2.02e-06 1.01e-06 1.515e-06 5.05e-07 5.05e-07 5.05e-07 1.01e-06 1.515e-06 5.05e-07 1.515e-06 5.05e-07 4.04e-06 1.01e-06 2.02e-06 1.515e-06 2.525e-06 1.515e-06 2.525e-06 3.03e-06 3.03e-06 1.515e-06 2.525e-06 1.515e-06 1.01e-06 1.515e-06 1.515e-06 1.515e-06 1.515e-06 1.01e-06 3.03e-06 1.515e-06 1.515e-06 1.515e-06 0 5.05e-07 0 1.01e-06 8.08e-06 
0 0 0 0 0 0 0 0 0 0 0 0 0 0 5.05e-07 5.05e-07 1.01e-06 0 0 0 0 0 0 1.01e-06 0 1.515e-06 0 0 1.515e-06 5.05e-07 5.05e-07 1.01e-06 0 0 1.01e-06 5.05e-07 0 0 0 0 0 0 0 0 0 0 0 0 0 0 3.03e-06 
0 0 5.05e-07 0 5.05e-07 0 0 0 0 0 0 0 0 0 0 0 5.05e-07 0 0 0 0 0 0 0 0 0 0 0 0 0 0 0 5.05e-07 0 0 0 0 0 0 0 0 0 0 0 0 0 5.05e-07 0 0 0 5.05e-07 
0 0 0 0 0 0 0 0 0 0 0 0 0 0 0 0 0 0 0 0 0 0 0 0 0 0 0 0 0 0 0 0 0 0 0 0 0 0 0 0 0 0 0 0 0 0 0 0 0 0 0 
0 0 0 0 0 0 5.05e-07 0 0 0 0 0 0 0 0 0 0 0 0 0 0 0 0 0 0 0 0 0 0 0 0 0 0 0 0 0 0 0 0 0 0 0 0 0 0 0 0 0 0 0 0 
0 0 0 0 0 0 0 0 0 0 0 0 0 0 0 0 0 0 0 0 0 0 0 0 0 0 0 0 0 0 0 0 0 0 0 0 0 0 0 0 0 0 0 0 0 0 0 0 0 0 0 
0 0 0 0 0 0 0 0 0 0 0 0 0 0 0 0 0 0 0 0 0 0 0 0 0 0 0 0 0 0 0 0 0 0 0 0 0 0 0 0 0 0 0 0 0 0 0 0 0 0 0 
0 0 0 0 0 0 0 0 0 0 0 0 0 0 0 0 0 0 0 0 0 0 0 0 0 0 0 0 0 0 0 0 0 0 0 0 0 0 0 0 0 0 0 0 0 0 0 0 0 0 0 
0 0 0 0 0 0 0 0 0 0 0 0 0 0 0 0 0 0 0 0 0 0 0 0 0 0 0 0 0 0 0 0 0 0 0 0 0 0 0 0 0 0 0 0 0 0 0 0 0 0 0 
0 0 0 0 0 0 0 0 0 0 0 0 0 0 0 0 0 0 0 0 0 0 0 0 0 0 0 0 0 0 0 0 0 0 0 0 0 0 0 0 0 0 0 0 0 0 0 0 0 0 0 
0 0 0 0 0 0 0 0 0 0 0 0 0 0 0 0 0 0 0 0 0 0 0 0 0 0 0 0 0 0 0 0 0 0 0 0 0 0 0 0 0 0 0 0 0 0 0 0 0 0 0 
0 0 0 0 0 0 0 0 0 0 0 0 0 0 0 0 0 0 0 0 0 0 0 0 0 0 0 0 0 0 0 0 0 0 0 0 0 0 0 0 0 0 0 0 0 0 0 0 0 0 0 
