Half rod, albedo problem, Anisotropic scattering, exponential random flight, mu_t: 1 g: -0.1
Analogmu_t c: 0.9 maxx: 10 dx: 0.19802 numsamples: 10000000 numCollisionOrders: 20 numMoments: 10
total albedo: 0.53489
per-collision order albedos: 
0 0.247379 0.100159 0.0557329 0.0348247 0.0234515 0.0165296 0.0120792 0.0090559 0.0068925 0.0053508 0.0042312 0.0033591 0.0027148 0.0021733 0.0018028 0.0014521 0.0011982 0.0010067 0.0008522 
Collision density L:
0.518314 0.485472 0.454514 0.425663 0.398904 0.373687 0.349995 0.328145 0.307107 0.287473 0.269516 0.251829 0.236565 0.221596 0.206972 0.194354 0.182131 0.170755 0.159892 0.149346 0.140267 0.131528 0.122498 0.11527 0.107885 0.101192 0.0949173 0.0886442 0.0831503 0.0779195 0.0728195 0.0682159 0.0637926 0.0597375 0.0559636 0.0526452 0.048831 0.0460696 0.0431113 0.0402334 0.0378073 0.0354919 0.0330351 0.0311085 0.0291986 0.0274442 0.0256429 0.0239102 0.0222094 0.0211206 0.310407 
Collision density R:
0.968291 0.907784 0.849076 0.795265 0.745064 0.697824 0.653336 0.613156 0.574644 0.537403 0.503886 0.472387 0.441868 0.41341 0.387866 0.363477 0.34035 0.319023 0.298693 0.279828 0.262088 0.245604 0.229414 0.215013 0.201933 0.18887 0.177 0.165775 0.155377 0.14529 0.136523 0.127715 0.119758 0.111767 0.105171 0.0981326 0.0917908 0.0861873 0.0806081 0.0753743 0.0707303 0.0663868 0.062111 0.0579715 0.0547375 0.0508818 0.0477811 0.0449915 0.0422044 0.0391668 0.580395 
Density Moments:
4.65023 14.0799 85.2833 775.897 9438.58 144184 2.65958e+06 5.76126e+07 1.43272e+09 4.00603e+10 
Per-collision Density Moments:
1 1.0002 2.00122 6.00872 24.085 120.936 730.856 5172.18 42019.6 385946 
0.652577 1.058 2.92754 11.2222 54.6751 322.403 2228.9 17682.9 158843 1.60537e+06 
0.487188 1.03816 3.50795 15.8149 88.4582 588.935 4544.42 39928.6 394986 4.37024e+06 
0.382717 0.982788 3.84642 19.6321 122.369 897.02 7545.22 71591 756973 8.84033e+06 
0.309679 0.915115 4.01908 22.6785 154.634 1230.1 11155.2 113448 1.27827e+06 1.58099e+07 
0.255247 0.844597 4.07844 25.019 183.87 1565.05 15084.9 161979 1.91359e+06 2.46262e+07 
0.213203 0.774671 4.05443 26.739 209.957 1899.5 19369 219023 2.71203e+06 3.63977e+07 
0.179801 0.707924 3.97357 27.9363 232.853 2229.64 24021.8 286891 3.75499e+06 5.33656e+07 
0.152709 0.644846 3.84944 28.6312 251.411 2526.71 28472.7 354467 4.82038e+06 7.09542e+07 
0.130563 0.586229 3.69573 28.8975 265.783 2788.93 32722.7 423197 5.96889e+06 9.10614e+07 
0.1122 0.532496 3.52797 28.9007 277.85 3041.89 37175.6 500014 7.32288e+06 1.15803e+08 
0.0967789 0.483074 3.34972 28.6343 286.656 3263.01 41420 578209 8.78289e+06 1.43937e+08 
0.0837089 0.437604 3.16539 28.1644 293.039 3463.59 45631.8 661108 1.04251e+07 1.77449e+08 
0.0726212 0.39627 2.97983 27.5018 296.311 3621.7 49289.8 737206 1.19992e+07 2.10874e+08 
0.0631628 0.358716 2.79943 26.7638 298.284 3767.52 52961.2 818341 1.37738e+07 2.50722e+08 
0.0550565 0.324396 2.61964 25.8692 297.359 3868.47 55936.8 887790 1.53234e+07 2.85489e+08 
0.0480839 0.29338 2.44753 24.9339 295.294 3952.45 58706 955351 1.68739e+07 3.21071e+08 
0.0420501 0.264892 2.27649 23.8494 289.998 3978.88 60482.3 1.00584e+06 1.81379e+07 3.52328e+08 
0.0368229 0.239113 2.11216 22.7025 282.739 3966.47 61532.7 1.0419e+06 1.90698e+07 3.74423e+08 
0 0 0 0 0 0 0 0 0 0 
Per-collision Densities L:
0 0 0 0 0 0 0 0 0 0 0 0 0 0 0 0 0 0 0 0 0 0 0 0 0 0 0 0 0 0 0 0 0 0 0 0 0 0 0 0 0 0 0 0 0 0 0 0 0 0 0 
0.2246 0.183645 0.151142 0.123938 0.101528 0.0832881 0.0684174 0.0562732 0.0460777 0.0379164 0.0310964 0.0252672 0.0209469 0.0171604 0.0141077 0.0115105 0.00934957 0.00783356 0.00630442 0.00516868 0.00435159 0.00345976 0.00285477 0.00236997 0.00189981 0.00160237 0.0012923 0.00110797 0.00087567 0.000733765 0.00060701 0.00048379 0.00041915 0.000315625 0.0002525 0.000212605 0.0001717 0.000158065 0.00013029 0.00010201 8.5345e-05 7.1205e-05 5.151e-05 4.747e-05 3.636e-05 2.626e-05 3.2825e-05 2.626e-05 2.121e-05 1.818e-05 6.0095e-05 
0.0998223 0.0970433 0.0911288 0.084642 0.0780079 0.0705525 0.0630775 0.0565868 0.0502561 0.0439683 0.038334 0.0337709 0.0292844 0.0253545 0.0221503 0.019089 0.0163463 0.0140956 0.0120766 0.0101556 0.00874004 0.00739371 0.00627109 0.00541966 0.00461873 0.0039385 0.00333603 0.00273458 0.00235886 0.00198465 0.00168923 0.0013635 0.00117312 0.000986265 0.000846885 0.000741845 0.00057873 0.000505505 0.00042016 0.000377235 0.00031613 0.000255025 0.000215635 0.00018786 0.00014645 0.00012423 0.000101 7.878e-05 7.07e-05 5.5045e-05 0.00031512 
0.0569887 0.058525 0.0581679 0.0572402 0.0554232 0.0527503 0.0499248 0.0467872 0.0432053 0.0398248 0.0363332 0.0332835 0.0298112 0.0270246 0.0240804 0.0214701 0.0195435 0.0170806 0.0150591 0.013387 0.011712 0.0102505 0.00891729 0.0078371 0.0068574 0.00598021 0.00524392 0.00451218 0.00392688 0.00342794 0.00298758 0.00249167 0.00211646 0.00184477 0.00165287 0.00138471 0.00114282 0.00103071 0.000882235 0.00071811 0.000606 0.00053025 0.000470155 0.000398445 0.000333805 0.000288355 0.00024745 0.00020604 0.000193415 0.00015554 0.00084234 
0.0360535 0.037576 0.038885 0.0388976 0.0389825 0.0385568 0.0375998 0.0361888 0.0344688 0.0327457 0.0307197 0.0287764 0.026713 0.0250288 0.0225977 0.0208313 0.0189961 0.0175543 0.01591 0.0143269 0.0128482 0.0117054 0.0103101 0.00940664 0.0082921 0.00743057 0.00653723 0.00568479 0.00519544 0.0045546 0.00392183 0.00350521 0.00310878 0.00267347 0.00244774 0.0020301 0.00175892 0.00159227 0.00139431 0.00120443 0.0010297 0.00093324 0.000758005 0.00064943 0.000561055 0.00052318 0.000463085 0.00039188 0.00033027 0.000281285 0.00170337 
0.0242481 0.0257858 0.026862 0.0277008 0.0279023 0.0281881 0.0279204 0.0273059 0.0266817 0.025807 0.0250142 0.0236582 0.0229093 0.0213322 0.0200889 0.0190026 0.0177422 0.0163277 0.015102 0.0139193 0.0129159 0.011868 0.0108656 0.00973236 0.00879054 0.00806889 0.0072513 0.00643623 0.00591456 0.00528079 0.00465913 0.00418494 0.00366428 0.00336027 0.0030199 0.00259974 0.00235936 0.00213716 0.00184578 0.00159934 0.00142259 0.00129179 0.00109484 0.00095647 0.00086355 0.00076154 0.00063832 0.00057873 0.00051914 0.00040905 0.00285477 
0.0171488 0.0184734 0.0194087 0.0202535 0.0206949 0.0207868 0.0211504 0.0211282 0.0207585 0.0203752 0.0200202 0.0193521 0.0187163 0.0179118 0.0172139 0.016408 0.0154192 0.0145001 0.0139683 0.0126861 0.0118796 0.0111539 0.0102964 0.00960965 0.00880417 0.00821181 0.00729978 0.00679023 0.00632614 0.00562772 0.00505505 0.00476771 0.00419453 0.00381982 0.00348248 0.00309363 0.00273508 0.00247248 0.00221847 0.00195132 0.00174579 0.00155389 0.00139128 0.00122311 0.00110696 0.000994345 0.00085547 0.000752955 0.000688315 0.000600445 0.00428947 
0.0126134 0.0134825 0.0143051 0.0149121 0.0153757 0.015911 0.0161191 0.0162857 0.0162979 0.0161267 0.0159338 0.0155777 0.0152364 0.0149753 0.0143743 0.0138446 0.0132926 0.0127725 0.0120614 0.011358 0.0107732 0.0101616 0.00942936 0.00899102 0.0083219 0.00779114 0.00725231 0.00670438 0.00611454 0.00565954 0.00520352 0.00477074 0.00433139 0.0040698 0.00359611 0.00338249 0.00299667 0.00273508 0.00246238 0.00223665 0.00198314 0.00182911 0.00162004 0.00149076 0.00133219 0.00114534 0.00106 0.000983235 0.000860015 0.000777195 0.0057772 
0.00941876 0.0101182 0.0109146 0.0114181 0.011816 0.0122281 0.0126058 0.0126356 0.012621 0.0128432 0.012772 0.0125881 0.0125917 0.0121816 0.0118165 0.0117503 0.0113903 0.0107722 0.0104 0.00992174 0.00961722 0.00901779 0.00853248 0.00810071 0.00765681 0.00718161 0.00676599 0.00633674 0.00588982 0.00543885 0.00507525 0.00464853 0.00435613 0.00399506 0.0036865 0.00342592 0.00316787 0.0028578 0.00255379 0.00234876 0.00217605 0.00197001 0.00179679 0.0016463 0.00144178 0.0013736 0.0012317 0.00111454 0.000980205 0.000902435 0.00723059 
0.00724928 0.00791133 0.00836432 0.00879811 0.00930008 0.00961722 0.00967378 0.00999648 0.0101465 0.0101424 0.0103444 0.0102697 0.0101641 0.0100086 0.00981215 0.00968792 0.00940512 0.00917333 0.00885467 0.00866681 0.00824463 0.00790174 0.00767802 0.00718312 0.00681801 0.00649026 0.00631553 0.00576003 0.00550703 0.00504394 0.00483841 0.00452177 0.00426119 0.00390618 0.00357338 0.00331937 0.00312898 0.00290123 0.00263257 0.00247248 0.00223008 0.0020604 0.00185436 0.00172458 0.00160237 0.00146501 0.00129482 0.00117918 0.00108525 0.000971115 0.00877236 
0.0056762 0.00603677 0.00652561 0.00692658 0.0072417 0.00755329 0.00776236 0.00792497 0.00815828 0.00816636 0.00833806 0.00820777 0.0082108 0.00832695 0.00818656 0.00808202 0.00804314 0.00771438 0.00753612 0.00742047 0.00708162 0.00688012 0.00660742 0.00640997 0.0061302 0.00581811 0.00550299 0.00535149 0.00501566 0.00469095 0.0044642 0.00416726 0.00386729 0.00373599 0.00347036 0.00329412 0.00295627 0.00275427 0.00266438 0.00242653 0.00225079 0.00214726 0.00191597 0.00179881 0.00166246 0.00158469 0.001414 0.00127563 0.00114231 0.00100041 0.00984902 
0.00440663 0.00485305 0.0052313 0.00542421 0.00578175 0.00594284 0.00618878 0.00637967 0.00661096 0.00667358 0.0067867 0.00685336 0.00674731 0.00681952 0.00680488 0.00685386 0.00656702 0.00649127 0.00636351 0.00631048 0.00614737 0.00592921 0.00564237 0.00555702 0.00535149 0.00513434 0.00491668 0.00474448 0.00446572 0.00422938 0.00399253 0.00383346 0.00365317 0.00346582 0.00314868 0.00306737 0.00277498 0.00269317 0.0024942 0.00233007 0.0022215 0.00203263 0.00183921 0.00172761 0.00164479 0.00152308 0.00142259 0.00127563 0.00117867 0.0010605 0.011106 
0.00352389 0.00377033 0.00407131 0.00440209 0.00461217 0.00488891 0.00499546 0.00519948 0.0052818 0.00549794 0.00552925 0.00553329 0.00567822 0.00565903 0.00565449 0.00553531 0.0055848 0.00547319 0.00531563 0.00529089 0.00531664 0.00505758 0.00499849 0.00476215 0.00467277 0.00449652 0.00434603 0.00419857 0.00400516 0.00380922 0.00366378 0.00353551 0.00330826 0.00311989 0.0029997 0.00284669 0.00266994 0.00252096 0.00237603 0.00227452 0.00210686 0.00189981 0.00182154 0.00171852 0.00155288 0.00148369 0.00137613 0.00128472 0.00114585 0.00111858 0.011714 
0.00278659 0.00307394 0.00327038 0.00351935 0.00371579 0.00394254 0.00405919 0.00423948 0.00438239 0.00443289 0.00459146 0.00456773 0.00468943 0.00466115 0.00469802 0.00462126 0.00457783 0.00468085 0.00448642 0.00453086 0.00439906 0.0043324 0.00426877 0.00408798 0.00403596 0.00392032 0.0038178 0.00367893 0.00351177 0.00347945 0.0032623 0.00313302 0.00295678 0.00288961 0.00273205 0.00263307 0.00243107 0.00238259 0.00217605 0.00207959 0.0019993 0.00185891 0.00174882 0.00162661 0.00161247 0.0014438 0.00138168 0.00121907 0.00116504 0.00108979 0.0124185 
0.00227907 0.00252652 0.00262499 0.00289769 0.00305929 0.00320877 0.00333603 0.00340067 0.00353652 0.00366933 0.00381831 0.00379508 0.00388951 0.00399758 0.00386325 0.00384861 0.00375367 0.00380215 0.00383396 0.00386527 0.00380417 0.00375316 0.00359156 0.00348147 0.00354561 0.00335472 0.00339512 0.00316787 0.00310121 0.00301788 0.00290931 0.00273811 0.00270276 0.00255833 0.00248309 0.00237047 0.00223109 0.0021614 0.00204879 0.00191648 0.00178669 0.00171549 0.00164277 0.00152965 0.00144986 0.0013736 0.00131654 0.00118877 0.00111504 0.00107818 0.0126861 
0.00191496 0.00203313 0.00221998 0.00240229 0.00246289 0.00261893 0.00276387 0.00283154 0.00294668 0.0031411 0.00311181 0.00313454 0.00317645 0.00327291 0.00324766 0.00323301 0.00326887 0.00334108 0.00338199 0.00325776 0.00320978 0.0031911 0.00305576 0.00303808 0.00298758 0.00294314 0.00290729 0.00282447 0.00268155 0.00269064 0.00262095 0.00248157 0.00242855 0.00229119 0.00219221 0.0021508 0.00200536 0.00188113 0.00181245 0.00170135 0.00173569 0.00159479 0.00152712 0.00144531 0.00138471 0.00124028 0.00122917 0.00115797 0.00102919 0.00106151 0.0129432 
0.00154732 0.00167408 0.001818 0.00195587 0.00209171 0.00215837 0.00225735 0.00237401 0.0023937 0.0024942 0.00256894 0.00266135 0.00272347 0.00273559 0.00273609 0.00267398 0.00270074 0.00276942 0.00277094 0.00271943 0.0027371 0.00273559 0.00263711 0.00263307 0.00261035 0.00255025 0.00249773 0.00244218 0.00234825 0.00234825 0.00227856 0.00215585 0.0021205 0.00199627 0.00197758 0.00191951 0.00181346 0.00172256 0.00162459 0.00163519 0.00155692 0.00145743 0.00142612 0.00133623 0.00127765 0.00120089 0.00107919 0.00109989 0.00099485 0.000975155 0.0128538 
0.00125644 0.00143319 0.0015044 0.0016155 0.00170943 0.00181396 0.00184881 0.0019589 0.00202707 0.00208414 0.00221746 0.00218918 0.00222604 0.00224877 0.00220685 0.00233714 0.00234522 0.00241289 0.00233462 0.00233613 0.00234421 0.00236441 0.00227351 0.00231795 0.00220231 0.00219726 0.00217807 0.0021412 0.0020296 0.00206495 0.00199425 0.00192001 0.00188264 0.00176952 0.00173771 0.00175437 0.00162105 0.00155995 0.00150086 0.00146753 0.00135593 0.0013332 0.00124281 0.00123069 0.00114787 0.00113221 0.00107111 0.00102313 0.00090395 0.00094536 0.0126927 
0.00105747 0.0011615 0.00120948 0.00131098 0.00144632 0.00149632 0.00154682 0.00159025 0.00171751 0.00177558 0.00180336 0.00183719 0.00192658 0.00189981 0.00192153 0.00197809 0.00200283 0.00198617 0.00196344 0.00202707 0.00192304 0.00198162 0.00193819 0.00198869 0.00195637 0.00188416 0.00188517 0.00181952 0.00181093 0.00180841 0.00174478 0.00167105 0.00164125 0.00156449 0.00152561 0.00148066 0.00146905 0.00136704 0.00135694 0.00130341 0.00127513 0.001262 0.001161 0.00111605 0.00104131 0.00103929 0.00093829 0.00090092 0.00087062 0.00083931 0.0124796 
0 0 0 0 0 0 0 0 0 0 0 0 0 0 0 0 0 0 0 0 0 0 0 0 0 0 0 0 0 0 0 0 0 0 0 0 0 0 0 0 0 0 0 0 0 0 0 0 0 0 0 
Per-collision Densities L:
0.90745 0.744732 0.609859 0.50068 0.41038 0.336724 0.276703 0.226922 0.18655 0.152295 0.125026 0.103263 0.0842795 0.0691345 0.0568635 0.0465443 0.0383103 0.0313353 0.0257515 0.021157 0.0172806 0.014139 0.0115393 0.00947734 0.00786285 0.00639886 0.00530503 0.00425008 0.00354409 0.00284669 0.00243006 0.00197405 0.00160893 0.00134532 0.00110696 0.00084739 0.000697405 0.00062519 0.00048278 0.000414605 0.000321685 0.000271185 0.00021917 0.00018685 0.00014443 0.0001313 9.1405e-05 8.484e-05 7.878e-05 6.565e-05 0.00026967 
0.0351222 0.0888856 0.121624 0.14005 0.147531 0.148105 0.143432 0.136508 0.126633 0.116274 0.105572 0.094591 0.0843865 0.0745658 0.0659171 0.0579735 0.05045 0.0442693 0.0380922 0.0327695 0.0284204 0.0245011 0.0208383 0.01788 0.0155389 0.0130997 0.0111979 0.00942835 0.00806485 0.00692406 0.00581508 0.00488739 0.00423796 0.00356227 0.00299011 0.00248915 0.00217352 0.0018175 0.00146097 0.00125291 0.00109686 0.000882235 0.000767095 0.00066054 0.000536815 0.0004545 0.000380265 0.00033734 0.000266135 0.000227755 0.00112615 
0.011568 0.0321791 0.0493001 0.0617878 0.0715721 0.0774574 0.0807591 0.0821822 0.0813313 0.0794491 0.0761621 0.0725326 0.0676831 0.0629584 0.0580442 0.053578 0.0484613 0.0439759 0.0397162 0.0356177 0.0318978 0.0286673 0.0250899 0.0224508 0.0197263 0.0173558 0.015304 0.0133633 0.0117276 0.010199 0.00905566 0.00778761 0.00670034 0.00589032 0.00504394 0.00433341 0.00366681 0.0032219 0.00279922 0.00239471 0.00207959 0.00172104 0.00154379 0.00124685 0.00115898 0.000957985 0.000843855 0.00068276 0.00061307 0.000506515 0.00286588 
0.00492779 0.0144107 0.0231941 0.0309232 0.0374917 0.0428184 0.0468206 0.0495339 0.0512964 0.0520221 0.0523392 0.0513449 0.0501 0.0481235 0.0461328 0.0435164 0.0410934 0.0384982 0.035754 0.0329603 0.0303162 0.0279851 0.0252551 0.0230573 0.0210302 0.0187926 0.0169624 0.015354 0.013633 0.0122841 0.0109105 0.00966116 0.00852794 0.0075139 0.0066458 0.00595749 0.00512979 0.00456116 0.00395516 0.00346632 0.00304162 0.00275023 0.0023427 0.00201142 0.00174579 0.0015448 0.00134633 0.00119988 0.00101303 0.00090799 0.00541613 
0.00279265 0.00813757 0.0132391 0.0178851 0.0224276 0.0260514 0.0292143 0.0316509 0.0337461 0.0350081 0.0361716 0.0364135 0.0362843 0.0359393 0.0351586 0.0341819 0.0328816 0.0312706 0.0298829 0.0285093 0.0267812 0.0249389 0.0233174 0.0216837 0.0199122 0.018586 0.0169059 0.0154156 0.0139027 0.0128891 0.0116953 0.0105005 0.00955965 0.00854814 0.00767449 0.00690133 0.0060701 0.00549289 0.0048879 0.00435007 0.00389406 0.00339158 0.00308555 0.00274468 0.00235381 0.00211949 0.00185285 0.00162509 0.00144026 0.00126503 0.00861379 
0.0017367 0.00512777 0.00834513 0.011412 0.0143238 0.0171609 0.0192269 0.0214378 0.0231048 0.0244274 0.0254611 0.0260681 0.0267054 0.0267968 0.026713 0.0262913 0.0257853 0.0251732 0.0242683 0.0235406 0.0223124 0.0214145 0.0202096 0.0190395 0.0178235 0.0167554 0.0159853 0.0147233 0.0136128 0.0124427 0.0116261 0.0106439 0.00971873 0.00888447 0.00814565 0.00736189 0.00668317 0.00602516 0.00548178 0.00496516 0.00442229 0.00402889 0.00364459 0.00324463 0.00290325 0.00256187 0.00226543 0.0020599 0.00183618 0.0016458 0.0119816 
0.00114736 0.00344511 0.00562671 0.00778811 0.00979094 0.0115721 0.0134269 0.0149813 0.0162484 0.0175422 0.0184593 0.019092 0.0197001 0.0200162 0.0202061 0.0203545 0.0202601 0.019847 0.0196041 0.019138 0.0185173 0.0176932 0.0170463 0.0162857 0.0157651 0.0148293 0.0140486 0.013233 0.0125083 0.0116882 0.0108211 0.0100182 0.00945562 0.00859005 0.00802698 0.00731392 0.00683871 0.00624382 0.00568176 0.00520958 0.00471468 0.00435108 0.0039789 0.00356783 0.00323049 0.00295072 0.00266438 0.00242249 0.00212605 0.00190688 0.0153353 
0.000771135 0.00244673 0.00405111 0.00552167 0.00701849 0.00830271 0.00960712 0.0108494 0.0120478 0.0128957 0.0136092 0.0142188 0.0147773 0.0154394 0.0157853 0.0156772 0.0157272 0.0158383 0.0155363 0.0153904 0.0151091 0.0147137 0.0143269 0.0136395 0.0133598 0.0129351 0.0121109 0.0115453 0.0110883 0.010451 0.00990608 0.00932382 0.00874711 0.00813101 0.00773004 0.00712707 0.00666499 0.00614838 0.00569438 0.00517423 0.00476973 0.00450006 0.00402334 0.00367489 0.00336128 0.00312949 0.00287648 0.00258914 0.00230886 0.00212959 0.0184951 
0.00058681 0.0018079 0.00288204 0.0040496 0.00513434 0.00616959 0.0070796 0.00804667 0.00897486 0.00948996 0.0102727 0.0109423 0.0111974 0.0116377 0.012068 0.0124871 0.0124094 0.0124402 0.0125331 0.0124346 0.0122523 0.012124 0.0119114 0.0116377 0.0110454 0.0108843 0.0105479 0.0102263 0.00965964 0.00919201 0.00883296 0.00843098 0.00788608 0.00745784 0.00712707 0.00657258 0.00623322 0.00586053 0.00537219 0.00506414 0.00465408 0.00437987 0.00399859 0.00369711 0.00348299 0.00318201 0.00291183 0.00269064 0.0024341 0.0022619 0.021205 
0.0004545 0.00132866 0.00219473 0.00306636 0.00390365 0.00467984 0.00527978 0.00610596 0.0067564 0.00739876 0.00785427 0.00832341 0.00888497 0.0091501 0.00939856 0.00963288 0.00987376 0.0100591 0.0101217 0.01005 0.0100884 0.00995052 0.00977428 0.00973489 0.00946067 0.00901425 0.00891275 0.0086658 0.00842946 0.00801789 0.00770176 0.0074028 0.00706293 0.00677862 0.00644027 0.00605091 0.00574135 0.00533785 0.00508081 0.00474296 0.0044536 0.00410565 0.00387739 0.00360065 0.00346885 0.00311434 0.00290527 0.00268155 0.00251591 0.00225129 0.0231376 
0.000335825 0.00101758 0.001666 0.00232351 0.00297294 0.00367438 0.00413242 0.00474448 0.00526968 0.00576155 0.00613979 0.0065852 0.00685588 0.00715434 0.00750228 0.00766641 0.0080896 0.00813151 0.00810929 0.00821585 0.00818454 0.00815171 0.00807394 0.00798809 0.00789164 0.00775327 0.007524 0.00745936 0.00724069 0.00692911 0.0067367 0.00647461 0.00622867 0.00591456 0.00569489 0.00541562 0.00520807 0.00493234 0.00459146 0.00441269 0.00411626 0.0039592 0.00364257 0.00343249 0.00317898 0.00296233 0.00283507 0.00266388 0.00243865 0.00223261 0.0246243 
0.000262095 0.00080194 0.00132866 0.00183921 0.00232755 0.00277296 0.00322847 0.00373448 0.00414353 0.00449602 0.00476619 0.0052212 0.00556763 0.00567469 0.00588881 0.00617767 0.00633573 0.00650289 0.00663621 0.00671549 0.00673519 0.00675387 0.00663116 0.00672004 0.00665489 0.00649531 0.00642663 0.00636199 0.00619181 0.00597213 0.00582417 0.00563934 0.00548077 0.00524392 0.00504899 0.00487174 0.00460762 0.00452329 0.00418797 0.00400869 0.00391375 0.0036461 0.00347996 0.00319968 0.00301889 0.00279518 0.00267903 0.0025245 0.00235684 0.00223513 0.0253894 
0.000213615 0.00065448 0.00104434 0.00141249 0.00186244 0.00222958 0.00259924 0.0029391 0.00324463 0.00359207 0.00387537 0.00418443 0.0043935 0.0046662 0.0047975 0.00491971 0.00518686 0.00529594 0.00544441 0.0053227 0.00556106 0.00555551 0.00561055 0.00550955 0.00550248 0.00544441 0.00532321 0.0052924 0.00524847 0.00510757 0.00496415 0.00491062 0.004646 0.00464348 0.00445006 0.00430462 0.00406172 0.00390466 0.00379306 0.00357187 0.00349258 0.00332189 0.00313959 0.00310323 0.0028679 0.00264873 0.00249824 0.00242047 0.0022624 0.00203263 0.02596 
0.00015655 0.000514595 0.00079184 0.00110444 0.00145188 0.00176397 0.00204576 0.00234573 0.00264267 0.00284972 0.00316938 0.00334462 0.00362035 0.00375013 0.00391325 0.00411272 0.00421221 0.0043228 0.00440209 0.00447935 0.00458389 0.00467933 0.00462934 0.00459601 0.0046152 0.00455005 0.00454248 0.00456823 0.00452329 0.00432129 0.00427382 0.00416726 0.00411777 0.00393143 0.00387992 0.00375518 0.00360368 0.00345976 0.00337593 0.00319312 0.00312949 0.00297395 0.00288507 0.00265378 0.00257197 0.00245279 0.00229826 0.00222756 0.00209474 0.00198516 0.0258035 
0.000124735 0.000384305 0.000688315 0.00090193 0.00113777 0.00143168 0.00162408 0.00190284 0.00214423 0.0023629 0.00252803 0.00276437 0.00283154 0.00307798 0.00322746 0.00330826 0.00344309 0.00355318 0.00361328 0.0037769 0.00377538 0.00382033 0.00392234 0.0038678 0.00384608 0.00383901 0.00384356 0.00380417 0.00376124 0.00379811 0.00361378 0.00363045 0.003585 0.0034335 0.0033931 0.00330624 0.00316686 0.00312343 0.0029492 0.00289567 0.00274518 0.00267347 0.00249218 0.00240885 0.00234724 0.00221493 0.00211494 0.00206091 0.00194476 0.00181649 0.0257298 
0.000100495 0.000314615 0.0005353 0.000738815 0.000952935 0.0011206 0.00134027 0.0015251 0.00171498 0.00190688 0.00203313 0.00220231 0.00232755 0.00252551 0.00266489 0.00271741 0.00284416 0.00289618 0.00292193 0.00301233 0.00308353 0.00317544 0.00319665 0.00327392 0.00326634 0.00323907 0.00322493 0.00322897 0.00322392 0.00314262 0.00316029 0.00315423 0.00303 0.00299011 0.00294365 0.00286133 0.00273306 0.00265479 0.00263812 0.00253965 0.00251844 0.00242905 0.00224725 0.00218514 0.00211797 0.00200435 0.00190991 0.00188315 0.00180942 0.00164782 0.0249218 
7.979e-05 0.00027876 0.000443895 0.00059994 0.00078376 0.000929705 0.00104889 0.00126654 0.00141703 0.00157207 0.00169175 0.00179124 0.00201798 0.00207252 0.00215029 0.00227351 0.00229523 0.00237906 0.00251086 0.00260984 0.00261338 0.00263964 0.00275528 0.00271943 0.00270882 0.00276841 0.0027472 0.0027366 0.00275932 0.00278053 0.00266287 0.00263459 0.00263711 0.00256035 0.00254975 0.00248713 0.00241239 0.00234421 0.0023427 0.00221948 0.00220938 0.00213615 0.00196395 0.00195183 0.0018988 0.00180689 0.00170741 0.00159328 0.00163873 0.00155389 0.0242052 
7.373e-05 0.00021412 0.000389355 0.00053732 0.00064842 0.00078881 0.000913545 0.0010095 0.00116453 0.00128119 0.0013736 0.00151197 0.00159833 0.00164176 0.00179073 0.00186446 0.00197354 0.00199627 0.00203919 0.00212252 0.00221645 0.00221594 0.00223917 0.00226341 0.00233967 0.00234169 0.0023129 0.00230381 0.00227149 0.00232452 0.00233209 0.00222907 0.00229977 0.00220332 0.00216191 0.00222453 0.0021109 0.00205283 0.00195233 0.00196294 0.00188769 0.00183265 0.00183467 0.00176548 0.00172862 0.00161146 0.00156096 0.00149228 0.00141198 0.00137966 0.0230497 
5.454e-05 0.00018483 0.00029492 0.000420665 0.00055247 0.000645895 0.000775175 0.00087264 0.000927685 0.00103879 0.00119786 0.00121301 0.00133977 0.00136855 0.00148319 0.00152914 0.00167004 0.00168317 0.00176447 0.00176801 0.00182861 0.00184679 0.00192102 0.00193415 0.00197051 0.00203313 0.00201041 0.00199273 0.00192456 0.00194173 0.00192001 0.00191345 0.00197859 0.00191799 0.00190436 0.00185335 0.00187204 0.00173973 0.00183467 0.00172912 0.00166246 0.00159631 0.00157712 0.0014842 0.0015044 0.00142612 0.00139936 0.00137259 0.00133926 0.00124937 0.0217908 
0 0 0 0 0 0 0 0 0 0 0 0 0 0 0 0 0 0 0 0 0 0 0 0 0 0 0 0 0 0 0 0 0 0 0 0 0 0 0 0 0 0 0 0 0 0 0 0 0 0 0 
