Half rod, albedo problem, isotropic scattering, exponential random flight, mu_t: 1
Analogmu_t c: 0.9 maxx: 10 dx: 0.19802 numsamples: 10000000 numCollisionOrders: 20 numMoments: 10
total albedo: 0.519448
per-collision order albedos: 
0 0.224983 0.101261 0.0569777 0.0359055 0.0241444 0.017155 0.0125438 0.0094272 0.0071867 0.005561 0.0043765 0.0035006 0.0028121 0.0022867 0.0018539 0.0015158 0.0012536 0.0010413 0.000876 
Collision density L:
0.503681 0.472805 0.444148 0.417895 0.391763 0.368409 0.346198 0.325483 0.305231 0.286778 0.269882 0.252361 0.237353 0.223073 0.209687 0.196916 0.184485 0.173255 0.163042 0.153007 0.144203 0.134744 0.12655 0.118785 0.111796 0.104661 0.0989386 0.0927796 0.0870893 0.082012 0.0765317 0.0721812 0.0679508 0.0635472 0.0599667 0.0563686 0.0528417 0.0492895 0.0466054 0.0434835 0.0410833 0.0388067 0.0361757 0.0341289 0.0319822 0.0299283 0.0283123 0.0268357 0.0247339 0.0232558 0.362403 
Collision density R:
0.96906 0.910674 0.855004 0.80341 0.755188 0.708807 0.66626 0.625437 0.587563 0.552004 0.518714 0.487213 0.457478 0.429291 0.403383 0.379286 0.355215 0.334407 0.31417 0.294442 0.277053 0.259866 0.244064 0.228828 0.215483 0.202685 0.190323 0.178653 0.167656 0.157763 0.148109 0.138864 0.130117 0.122703 0.115302 0.108117 0.101633 0.095294 0.0893012 0.0842502 0.0791542 0.0741416 0.0697759 0.0655485 0.0615666 0.0579109 0.0544249 0.0511974 0.0481497 0.0451662 0.698746 
Density Moments:
4.80441 15.1907 96.1019 911.961 11532 182108 3.44694e+06 7.59964e+07 1.90935e+09 5.36681e+10 
Per-collision Density Moments:
1 0.999994 1.99894 5.99101 23.9353 119.542 716.949 5025.59 40388.4 366659 
0.675035 1.12498 3.14812 12.1286 59.1806 348.635 2401.86 18902.9 166802 1.62434e+06 
0.506216 1.11303 3.84327 17.5913 99.4242 666.079 5145.85 44913 435560 4.62671e+06 
0.398777 1.05889 4.25644 22.1843 140.525 1042.28 8828.68 83845.6 879782 1.00755e+07 
0.322998 0.988754 4.47545 25.8926 180.152 1455.47 13340 136402 1.53628e+06 1.88701e+07 
0.266477 0.914118 4.56106 28.7947 216.981 1887.59 18545.7 202630 2.43424e+06 3.18822e+07 
0.222589 0.83919 4.54418 30.8876 249.069 2307.1 24038 277633 3.51777e+06 4.85328e+07 
0.187809 0.767718 4.46419 32.4047 277.914 2729.36 30079.3 366824 4.90097e+06 7.12065e+07 
0.15955 0.70036 4.33853 33.3881 302.465 3128.35 36220.5 463129 6.47609e+06 9.82994e+07 
0.13642 0.637612 4.17842 33.8688 322.017 3484.53 42078.1 559207 8.09338e+06 1.2649e+08 
0.117275 0.579948 3.99948 33.9975 337.998 3814.39 47921.9 661074 9.90852e+06 1.59991e+08 
0.101092 0.526224 3.80071 33.7414 349.546 4101.29 53435.7 762140 1.17692e+07 1.95026e+08 
0.0874571 0.47717 3.59745 33.254 358.059 4360.58 58907.7 870384 1.39121e+07 2.3839e+08 
0.0759671 0.432822 3.39531 32.6058 364.45 4606.36 64590.1 990893 1.64514e+07 2.92931e+08 
0.0660956 0.391664 3.18552 31.6455 365.28 4761.95 68828.6 1.08875e+06 1.86658e+07 3.44224e+08 
0.0575836 0.354187 2.98087 30.586 364.135 4890.78 72789.5 1.18568e+06 2.09501e+07 3.98759e+08 
0.0503068 0.320372 2.78538 29.4801 361.48 4992.94 76307.2 1.27471e+06 2.30716e+07 4.49406e+08 
0.0440503 0.289734 2.59459 28.2462 355.837 5043.47 78987.8 1.35009e+06 2.49601e+07 4.95677e+08 
0.0385845 0.261534 2.40948 26.9583 348.685 5068.48 81301.2 1.42093e+06 2.68046e+07 5.41675e+08 
0 0 0 0 0 0 0 0 0 0 
Per-collision Densities L:
0 0 0 0 0 0 0 0 0 0 0 0 0 0 0 0 0 0 0 0 0 0 0 0 0 0 0 0 0 0 0 0 0 0 0 0 0 0 0 0 0 0 0 0 0 0 0 0 0 0 0 
0.203719 0.167634 0.137626 0.11274 0.092062 0.075799 0.0626003 0.0512626 0.0418034 0.0343698 0.0280174 0.0230452 0.0189905 0.0155646 0.0127982 0.0105762 0.00858601 0.00696547 0.00575751 0.00475963 0.00384406 0.00321332 0.00261489 0.00217049 0.00175538 0.00140592 0.00119332 0.00097162 0.000791335 0.00066862 0.00051712 0.0004444 0.00035956 0.000291385 0.000248965 0.0001919 0.000150995 0.00013231 0.00011817 9.393e-05 7.575e-05 6.2115e-05 4.848e-05 4.1915e-05 4.2925e-05 2.2725e-05 2.424e-05 1.616e-05 1.313e-05 1.212e-05 5.555e-05 
0.10099 0.0972256 0.0920277 0.0859187 0.0784371 0.0714732 0.064032 0.0570261 0.0504005 0.0445996 0.0392607 0.0339229 0.0297647 0.0257702 0.0222877 0.019092 0.0162297 0.0141062 0.0120589 0.0103772 0.00894204 0.00752046 0.00636957 0.00542572 0.00463843 0.00398294 0.00331937 0.00279972 0.00237704 0.00210787 0.00169074 0.0014342 0.00122917 0.000990305 0.00084436 0.000737805 0.00060398 0.00051207 0.00043632 0.000337845 0.000307545 0.000281285 0.000206545 0.00017978 0.00014847 0.00012928 0.000103525 8.0295e-05 7.474e-05 5.2015e-05 0.000312595 
0.0579417 0.0586436 0.0588143 0.0579558 0.0555768 0.0533982 0.0505742 0.0473655 0.0441032 0.040556 0.0372453 0.0337966 0.0306853 0.0276649 0.0250793 0.022325 0.019895 0.0176275 0.0156015 0.0139203 0.0123705 0.0107858 0.00940411 0.00811586 0.00720585 0.0062312 0.00546612 0.00468893 0.00413848 0.00365317 0.00305475 0.00279013 0.0022922 0.00195991 0.00170589 0.00151096 0.00126149 0.00110393 0.000922635 0.000789315 0.000689325 0.000570145 0.000489345 0.00042117 0.0003838 0.00029795 0.00025957 0.0002222 0.00018483 0.000169175 0.00088274 
0.0367822 0.0381219 0.0393107 0.0393759 0.0394839 0.0386567 0.0374155 0.0364731 0.0348798 0.0331487 0.0316206 0.029646 0.0276437 0.025652 0.0238143 0.0217483 0.0202217 0.0182573 0.0165357 0.0149626 0.0135325 0.012275 0.0109449 0.00984902 0.00893244 0.00785629 0.00703617 0.0062514 0.00557318 0.00488941 0.00430008 0.00376074 0.00342188 0.00296587 0.00257601 0.00228715 0.00198162 0.00168014 0.00150844 0.00128876 0.00116302 0.000987275 0.00084133 0.000790325 0.000646905 0.000566105 0.000508535 0.000416625 0.00035653 0.00030401 0.0018887 
0.0251515 0.0262661 0.02732 0.0277179 0.0281356 0.0281936 0.0281078 0.0278063 0.027067 0.0263171 0.0255682 0.024336 0.023083 0.0220523 0.0208257 0.0195884 0.0181335 0.0169584 0.0159035 0.0145354 0.0134593 0.012372 0.0113812 0.010352 0.00947986 0.00866328 0.00778306 0.00703061 0.00637866 0.00561459 0.00507374 0.00459146 0.00422534 0.00366883 0.00326382 0.00289062 0.00260681 0.00238714 0.00205434 0.00181447 0.00163721 0.00146804 0.00126755 0.0011408 0.000963035 0.00085345 0.000733765 0.00068882 0.00059489 0.00052419 0.00328856 
0.0178563 0.0189072 0.0194289 0.0205035 0.0210136 0.0211236 0.0210959 0.0210151 0.0209126 0.0205611 0.0204803 0.0196753 0.0191415 0.0183335 0.017573 0.0168428 0.015804 0.0151929 0.0142087 0.0134391 0.0126614 0.0116645 0.010961 0.0100243 0.00939603 0.00859359 0.00803607 0.00736846 0.0065039 0.00611909 0.00553278 0.0050904 0.00454399 0.00420665 0.00373094 0.00347642 0.00313555 0.00282497 0.00253712 0.00222049 0.00194627 0.00176043 0.00156853 0.00142158 0.00124988 0.00109434 0.00097566 0.00088678 0.000797395 0.00068983 0.00504243 
0.0129305 0.0138678 0.0145081 0.0151056 0.015606 0.0159923 0.0160706 0.0163943 0.0163903 0.0162676 0.0160378 0.0158939 0.0156116 0.015151 0.0145465 0.0141849 0.0136683 0.0129608 0.0124543 0.0118761 0.0113979 0.0105691 0.00999951 0.00940815 0.00868802 0.00816737 0.00770832 0.00704223 0.00660439 0.00605445 0.00555399 0.00523837 0.00473185 0.00435714 0.00407182 0.00368095 0.00337997 0.00306737 0.0027573 0.00252197 0.00228917 0.00205636 0.0018685 0.00168216 0.0014948 0.00135189 0.00123523 0.00110393 0.000986265 0.000864055 0.00687053 
0.00968035 0.0104045 0.010858 0.0115044 0.0119347 0.0123139 0.0126427 0.0127366 0.0129139 0.0129477 0.0127901 0.0127245 0.0126255 0.012372 0.0121008 0.0117407 0.0114433 0.011012 0.0106999 0.0102954 0.00971873 0.00940714 0.00888144 0.00842391 0.00803405 0.00743916 0.00714575 0.00669731 0.00620342 0.00582013 0.00558328 0.00511212 0.00476417 0.00443895 0.00407283 0.00376175 0.00337441 0.00316534 0.00285628 0.00264115 0.0024033 0.00225887 0.00201041 0.00181245 0.00171094 0.0015448 0.00138471 0.0012221 0.00110545 0.00100445 0.00883296 
0.00749269 0.00806233 0.00846128 0.00894002 0.00934402 0.00956874 0.00990659 0.0100955 0.010099 0.0103863 0.0103475 0.0101773 0.0100929 0.0101687 0.00985962 0.00986821 0.00948188 0.00937381 0.00903395 0.00883851 0.00847592 0.00813656 0.00785679 0.00744269 0.00716646 0.00675236 0.0064635 0.00618979 0.00582922 0.0054843 0.00510353 0.00484901 0.00450107 0.00428442 0.00395112 0.00365671 0.00337694 0.00319968 0.00301738 0.00274316 0.00255682 0.00233007 0.00215787 0.00192759 0.00175387 0.00161853 0.00148521 0.00141804 0.00124079 0.00114484 0.0106651 
0.00583124 0.0062317 0.00658369 0.00700839 0.00734725 0.00754571 0.00791234 0.00801637 0.00824615 0.00821585 0.00835119 0.0082618 0.0083325 0.00832745 0.00815626 0.00801839 0.00790881 0.00784215 0.00772398 0.00742451 0.00725938 0.00704172 0.00683669 0.00653723 0.00626049 0.00600647 0.00584184 0.00551864 0.00533129 0.00507626 0.00471973 0.00452834 0.00416827 0.0039486 0.00382235 0.00344259 0.0033426 0.00308505 0.00287547 0.0026664 0.00245077 0.00241188 0.00215635 0.00197809 0.00186093 0.00167357 0.00152106 0.00146753 0.00132613 0.00118928 0.0121947 
0.00455864 0.00490153 0.00529644 0.00553581 0.00567014 0.0060297 0.00618979 0.00645239 0.00656601 0.00674579 0.00665085 0.00667459 0.00672155 0.00691295 0.00681043 0.00665489 0.00677508 0.00660995 0.00647259 0.00628523 0.00615393 0.0059989 0.00592971 0.00580043 0.00551612 0.00531008 0.00519443 0.00495001 0.00472832 0.00449248 0.00425513 0.00406727 0.0039087 0.00363196 0.00348804 0.00330422 0.00314211 0.00288002 0.00272751 0.00253106 0.00245531 0.00230432 0.00213716 0.00198819 0.00188618 0.00163671 0.00156853 0.00149632 0.00134785 0.00126452 0.0132911 
0.00367438 0.00391628 0.00415262 0.004393 0.0046556 0.00480962 0.00510151 0.00519241 0.00530957 0.00533937 0.0055146 0.00554995 0.0055853 0.00563378 0.00574286 0.00564237 0.00550198 0.00555652 0.00546461 0.00530604 0.00531664 0.00520201 0.00501667 0.00494143 0.00480558 0.00462883 0.00460611 0.00422685 0.00419908 0.00399556 0.00382285 0.00364863 0.00351985 0.00333906 0.00317191 0.00308656 0.00287749 0.00270933 0.00259267 0.00244774 0.00231038 0.00216393 0.00202859 0.00190638 0.00178417 0.00168317 0.00158217 0.00146349 0.00134583 0.00123574 0.0142107 
0.00292698 0.00319968 0.00334209 0.00354056 0.00374862 0.00390264 0.00410515 0.00422938 0.00431371 0.00437785 0.00447733 0.00456015 0.0045647 0.00457025 0.00472074 0.00479144 0.00470711 0.00464701 0.00466065 0.00457025 0.00454197 0.0044132 0.00429099 0.00419908 0.00414656 0.00400314 0.00391123 0.00379255 0.00366378 0.00353904 0.00337643 0.00325776 0.00320726 0.00304717 0.00287497 0.00279871 0.00271741 0.00250935 0.00247349 0.00221746 0.00217554 0.00211999 0.00190082 0.00180891 0.00172306 0.00165489 0.00153318 0.00144228 0.001363 0.0012115 0.0148889 
0.00240734 0.0026053 0.00275781 0.00289769 0.00307141 0.00323503 0.003282 0.00351834 0.00360621 0.00369054 0.00369761 0.00379003 0.00383245 0.00386527 0.00398445 0.00390264 0.00395264 0.00390365 0.00391123 0.00382487 0.00383901 0.00377538 0.00366327 0.00357439 0.00351682 0.00349157 0.0033224 0.00329715 0.00320625 0.00315575 0.00303101 0.00288658 0.00284063 0.00269771 0.00264368 0.00252399 0.00244319 0.00223715 0.00224069 0.00206646 0.00195637 0.00191698 0.00180841 0.00169529 0.00167004 0.00150541 0.00146147 0.00140693 0.00127664 0.00121099 0.0153273 
0.00193567 0.00214221 0.00220382 0.00241592 0.0025245 0.00260378 0.00270175 0.00278558 0.00300374 0.00300829 0.00310272 0.00316332 0.00312595 0.0032113 0.00319312 0.00325473 0.00333098 0.00331684 0.00326028 0.00327846 0.00325624 0.00316534 0.00310373 0.00309111 0.00306081 0.00301738 0.00293456 0.00293708 0.0027972 0.00280023 0.00262398 0.0025755 0.00253611 0.00244774 0.00235532 0.00223968 0.00218261 0.0020599 0.00196849 0.00193971 0.00180891 0.00174175 0.00166044 0.00160287 0.00153722 0.0014135 0.0013534 0.00131755 0.00122311 0.00115241 0.0154449 
0.00157308 0.00169024 0.00181043 0.0019998 0.00210939 0.00216746 0.00231391 0.00228109 0.00247501 0.00251187 0.00250076 0.00264065 0.00269872 0.00268458 0.00271337 0.00280326 0.00274367 0.00273104 0.00272902 0.00278609 0.00279619 0.00271135 0.00275629 0.00271741 0.00259419 0.0025856 0.00248713 0.0025952 0.00248662 0.00238663 0.00228159 0.00224422 0.00224321 0.00216342 0.00206394 0.00198011 0.00192658 0.00183265 0.00175134 0.00167761 0.00168519 0.00159025 0.00148218 0.00149026 0.00133876 0.00134179 0.00126705 0.00123018 0.0011211 0.0011105 0.0152773 
0.00129886 0.00141653 0.0015347 0.00162055 0.00173013 0.00174831 0.00187355 0.00193163 0.0020498 0.00204273 0.00218665 0.00216039 0.0022018 0.00222352 0.00229775 0.00233209 0.00237148 0.00232502 0.00241491 0.00238865 0.00234926 0.00232401 0.0023331 0.00227351 0.00228311 0.00225028 0.00219877 0.00218463 0.00211949 0.00210282 0.00204879 0.00199172 0.00198263 0.00191799 0.00177306 0.00178013 0.00168519 0.00162964 0.00158873 0.00154581 0.00148925 0.00146804 0.00137966 0.00131199 0.00124331 0.00121655 0.00116453 0.00109636 0.00107212 0.00100394 0.0152106 
0.00108121 0.00118726 0.00125695 0.00133775 0.00141148 0.00152712 0.0015751 0.00165893 0.00167862 0.0017473 0.00180588 0.0018281 0.00184527 0.00192203 0.00193971 0.0019796 0.00199021 0.00199526 0.00203162 0.00200233 0.00202556 0.00200233 0.00197556 0.00197506 0.00191648 0.00184881 0.00189729 0.00187557 0.00188113 0.00181043 0.00181346 0.00177457 0.0016867 0.00167408 0.00166246 0.00154985 0.00157207 0.00141552 0.00146703 0.00143572 0.00134886 0.00126755 0.00118069 0.00122766 0.0011004 0.00107212 0.00105293 0.00101909 0.00094637 0.000960005 0.0146344 
0 0 0 0 0 0 0 0 0 0 0 0 0 0 0 0 0 0 0 0 0 0 0 0 0 0 0 0 0 0 0 0 0 0 0 0 0 0 0 0 0 0 0 0 0 0 0 0 0 0 0 
Per-collision Densities L:
0.906857 0.744335 0.609964 0.500839 0.411104 0.337122 0.276546 0.227161 0.186313 0.15253 0.12557 0.103191 0.0839557 0.0690512 0.0567428 0.0467398 0.0377695 0.0313322 0.025702 0.0211509 0.0172932 0.0141663 0.0115726 0.00953137 0.00783912 0.00644178 0.00519494 0.00435512 0.0035749 0.00288709 0.00235128 0.00198566 0.00157762 0.00128472 0.00106858 0.000881225 0.000717605 0.00058681 0.00048177 0.000388345 0.00034037 0.00025553 0.000211595 0.00021008 0.00014847 0.00012827 0.00010201 8.686e-05 6.767e-05 5.656e-05 0.000237855 
0.0390673 0.0985033 0.134912 0.155004 0.164604 0.164708 0.160098 0.150918 0.140525 0.129117 0.11688 0.105174 0.0940467 0.0831609 0.0732876 0.064233 0.0559459 0.0486103 0.0427185 0.0364418 0.031614 0.0272387 0.0233002 0.0198687 0.0170998 0.0146187 0.0123856 0.0106494 0.008888 0.00766742 0.00651753 0.0054742 0.00468893 0.00393648 0.00328503 0.00278861 0.00236643 0.00199172 0.00165388 0.00140491 0.00117059 0.000957985 0.00084234 0.00067468 0.000616605 0.000496415 0.000438845 0.00034138 0.00026563 0.00022018 0.00123826 
0.00998587 0.0287421 0.0456151 0.0595738 0.0698607 0.0774367 0.0822231 0.0843845 0.0849354 0.0836997 0.0811964 0.0774842 0.0733553 0.0684189 0.063582 0.0585568 0.0538118 0.0489153 0.0441092 0.039999 0.0356394 0.0321554 0.0285209 0.0253475 0.0224654 0.0198909 0.0175018 0.0154035 0.0134638 0.0117382 0.0101869 0.00887992 0.00768307 0.00680235 0.0059085 0.00502273 0.00434199 0.00379053 0.00330422 0.00275175 0.002424 0.00208161 0.0017468 0.00149834 0.00127664 0.00111201 0.000936775 0.000836785 0.000684275 0.00058378 0.00334815 
0.00455813 0.0133689 0.0217291 0.0291915 0.0358984 0.0415484 0.0458858 0.04939 0.0516565 0.0531957 0.0534517 0.0533331 0.0523261 0.0512257 0.0490431 0.0468059 0.0444208 0.0419009 0.0391299 0.03636 0.0336946 0.0309898 0.0280689 0.0260322 0.0235502 0.0216135 0.0193602 0.0173685 0.0157949 0.0141572 0.0126795 0.0111959 0.0098874 0.00895567 0.00785023 0.00698516 0.00611858 0.0053828 0.00474347 0.00416423 0.00367085 0.00319413 0.00280023 0.00243158 0.00211898 0.00187658 0.00163014 0.00142612 0.00121857 0.00107161 0.00657914 
0.0025346 0.00759167 0.0125099 0.0170286 0.0210964 0.0248819 0.0280997 0.030909 0.0330502 0.0348672 0.0361434 0.0366842 0.03707 0.0371887 0.0366181 0.0357914 0.0345955 0.0332941 0.0319089 0.0303631 0.0289825 0.027115 0.0255762 0.0237345 0.0222003 0.020602 0.0191208 0.0175371 0.0159787 0.0146273 0.0134497 0.0122569 0.0109449 0.0100227 0.00888598 0.00813505 0.0072114 0.00651198 0.00586558 0.00530957 0.0046758 0.00413444 0.00372589 0.00321887 0.00292042 0.00254167 0.00229169 0.00203263 0.00178417 0.00158419 0.010806 
0.00156904 0.00478639 0.00788659 0.0109393 0.0136507 0.0162928 0.0185002 0.0206328 0.0223846 0.0236648 0.0249162 0.0258969 0.0268544 0.0270781 0.0271049 0.0268857 0.0267297 0.026463 0.0254636 0.0246051 0.0239577 0.0228305 0.0219766 0.0205586 0.0196384 0.0183153 0.0174957 0.0163322 0.0150753 0.0141031 0.0130669 0.0121523 0.0111555 0.0103116 0.00937684 0.00857743 0.00784669 0.00714222 0.00658268 0.00585497 0.00532472 0.00474448 0.00432735 0.00379154 0.00346834 0.00316736 0.00282952 0.00255328 0.00224321 0.00198819 0.0152965 
0.00108424 0.00314262 0.00533735 0.00737755 0.00918242 0.0110848 0.0128846 0.0142642 0.0157712 0.0169725 0.0179088 0.0187703 0.0195693 0.0197874 0.0203162 0.0205818 0.0204394 0.0203788 0.0201303 0.0196733 0.0192183 0.0188072 0.0181073 0.0175417 0.016766 0.0159732 0.0154126 0.0145359 0.0137587 0.0128502 0.0119741 0.0113878 0.0106701 0.0097768 0.00920413 0.00843047 0.00782902 0.00727907 0.00664176 0.00613121 0.00564489 0.00516868 0.00467529 0.00434199 0.00386527 0.00352995 0.00320221 0.00289163 0.00270579 0.00233411 0.019595 
0.000755985 0.0023331 0.00380619 0.00523635 0.00663722 0.00789517 0.00924049 0.0104389 0.0114514 0.0123866 0.0132209 0.0139804 0.0147137 0.0150036 0.015455 0.0157323 0.0157464 0.0158807 0.0158858 0.0158201 0.0154656 0.0153475 0.0149995 0.0146051 0.0140451 0.0137618 0.0131633 0.0126205 0.0119725 0.0114574 0.0107888 0.0102242 0.00961571 0.00916474 0.00861985 0.00809515 0.00749976 0.00699981 0.00647764 0.0060292 0.00564994 0.00514696 0.0048884 0.00442885 0.00410868 0.00372842 0.0034335 0.00312595 0.002828 0.00255783 0.0236446 
0.000579235 0.00163923 0.00279467 0.0038986 0.00491719 0.00585649 0.00684831 0.00762197 0.00840421 0.00927231 0.0100344 0.0105146 0.0110545 0.0115079 0.0118347 0.0121735 0.0123548 0.0124765 0.01252 0.0126482 0.0126088 0.0124947 0.012373 0.0120205 0.0118534 0.0114261 0.0109343 0.0108752 0.0103065 0.00996113 0.00955763 0.00923039 0.00868701 0.00819918 0.00794567 0.00736846 0.00702102 0.00651905 0.00611404 0.00581104 0.00548733 0.00503889 0.00474448 0.00439906 0.00402536 0.00380669 0.00349612 0.00315777 0.00297142 0.00275983 0.0270074 
0.000390365 0.00123927 0.00207909 0.00286941 0.00365014 0.00436573 0.0051505 0.00582114 0.00652359 0.00707909 0.00760177 0.00822494 0.00851531 0.00886932 0.00923241 0.00957733 0.00973893 0.00985205 0.0101889 0.0100737 0.010098 0.00988538 0.0100005 0.00987376 0.00973236 0.00961975 0.00932584 0.00907283 0.00883902 0.00853905 0.00826332 0.00800072 0.00777397 0.00735331 0.00702657 0.00663419 0.00644784 0.00609535 0.00573529 0.0053929 0.00507222 0.00475054 0.00449097 0.00426725 0.00391173 0.00365014 0.00338855 0.00326281 0.0029391 0.00280073 0.0292541 
0.000323705 0.000966065 0.00164731 0.00217403 0.00281184 0.00333654 0.00398092 0.00455359 0.00499849 0.00552218 0.00595749 0.00635745 0.00664025 0.00694072 0.00739926 0.00759369 0.00771135 0.00801132 0.00809667 0.00806485 0.0083123 0.00819969 0.00814868 0.00813959 0.00800324 0.00801486 0.00788356 0.00761793 0.00742098 0.0073528 0.00719322 0.00679528 0.00665035 0.00642916 0.00616605 0.00593678 0.00572721 0.00542017 0.00510404 0.00501213 0.00468236 0.00440613 0.00426018 0.00399152 0.00378397 0.00347895 0.00329563 0.00313908 0.0028987 0.00269822 0.0311641 
0.000260075 0.00074033 0.00125796 0.00167054 0.00219625 0.00259267 0.00319716 0.00361227 0.00395163 0.00431927 0.0047263 0.00503081 0.00525554 0.00547572 0.00575498 0.00617413 0.00622413 0.00630594 0.00654329 0.00653521 0.00662358 0.00676448 0.00679781 0.006666 0.00672206 0.00667055 0.00659884 0.00643926 0.00626958 0.00632563 0.00609889 0.00585548 0.00573125 0.00556813 0.00538583 0.00525251 0.00496365 0.00482376 0.00457177 0.0044339 0.00427786 0.00405111 0.00387386 0.00369004 0.00352995 0.00329058 0.00308151 0.00284012 0.00278861 0.00267953 0.0321236 
0.000199475 0.000580245 0.00101354 0.00135189 0.00173165 0.00208565 0.00243915 0.00278356 0.00310878 0.00342744 0.00366226 0.00399152 0.00421069 0.004393 0.00464348 0.00483386 0.00501263 0.00522473 0.00520554 0.00540653 0.00547471 0.00551915 0.00555652 0.00553632 0.0056055 0.00540805 0.00556611 0.00541259 0.00536007 0.00535351 0.00513535 0.00509192 0.0049389 0.00482679 0.00468893 0.00459096 0.00440108 0.00418999 0.00414201 0.0039082 0.00377589 0.00360015 0.00353803 0.00336179 0.0031709 0.00310979 0.00286335 0.00274973 0.00257702 0.00246945 0.0325185 
0.00016261 0.00044642 0.00078275 0.00110747 0.00134734 0.00167711 0.00194223 0.00225735 0.00247703 0.00276791 0.00298253 0.00316635 0.00342946 0.00353399 0.00379457 0.00393799 0.00408798 0.00423089 0.00436825 0.00442835 0.00455359 0.00444703 0.0046157 0.00470761 0.00458843 0.00465206 0.00458692 0.0045344 0.00457025 0.00450864 0.00449147 0.00433492 0.00420867 0.00412888 0.00400768 0.0040097 0.00379003 0.00370317 0.00360621 0.00354965 0.00336633 0.00326382 0.00306434 0.0029391 0.00283204 0.0027775 0.00262398 0.00257096 0.00239926 0.00228563 0.0322276 
0.0001212 0.00037774 0.000660035 0.000902435 0.00106 0.00132209 0.00151197 0.00179124 0.00205081 0.00216191 0.00236542 0.00261944 0.00271993 0.00291638 0.00299465 0.00317241 0.00335421 0.00348703 0.00352642 0.00360116 0.00369812 0.0037264 0.00384053 0.00386628 0.00386982 0.00390618 0.00383952 0.00390113 0.00385164 0.00384002 0.00383245 0.00369913 0.00360823 0.00356025 0.00355066 0.00347996 0.00327745 0.00326281 0.00316837 0.0031305 0.0029992 0.00288153 0.00280326 0.002676 0.0025043 0.00247602 0.00240986 0.0022826 0.00221443 0.00210888 0.0313757 
9.7465e-05 0.000329765 0.00048985 0.000726695 0.000923645 0.00107666 0.00130038 0.00145238 0.00159681 0.00182406 0.00197859 0.00212504 0.00222049 0.00232553 0.00250783 0.00268559 0.0027972 0.00285881 0.00286487 0.0029588 0.00312999 0.0031007 0.00316736 0.00312545 0.00323756 0.00329109 0.00328705 0.00318605 0.0033224 0.00319413 0.00321483 0.00317191 0.00311585 0.00304616 0.00300627 0.0029997 0.00292345 0.00285729 0.00268812 0.00265226 0.00263004 0.00253258 0.00247198 0.00243865 0.00230735 0.00219019 0.00214777 0.00207202 0.00201596 0.00184275 0.0303783 
8.383e-05 0.00028078 0.00042723 0.00056762 0.000745885 0.000896375 0.0010504 0.00119988 0.00138017 0.00144733 0.00165034 0.00174326 0.00179831 0.00196597 0.00203515 0.00209929 0.00226442 0.0023937 0.00245834 0.00250076 0.00252096 0.00255328 0.00269418 0.00262903 0.00268307 0.00270731 0.00275781 0.00270933 0.00277649 0.00272801 0.00278912 0.00270983 0.00264115 0.00269115 0.00264822 0.00255227 0.00252753 0.00250127 0.00235078 0.00242097 0.00229018 0.00227301 0.00214322 0.00208616 0.00200889 0.00199728 0.00193062 0.00184073 0.00177306 0.00172761 0.0292188 
6.969e-05 0.00019695 0.00035047 0.000439855 0.00060095 0.00076154 0.00086961 0.00098778 0.00108323 0.00122311 0.00135643 0.00145087 0.00152914 0.00159631 0.00175336 0.00177912 0.00192607 0.00193213 0.00205939 0.00212706 0.00210686 0.00220635 0.00224372 0.00218918 0.00234017 0.00228664 0.00229826 0.00230381 0.00235684 0.00230179 0.00233209 0.00229927 0.00225079 0.00226089 0.00223463 0.00224271 0.00219675 0.00212252 0.0020907 0.00207404 0.00195637 0.00203919 0.00190941 0.00193011 0.00180134 0.00180083 0.00172054 0.00162206 0.00156601 0.00153268 0.0275765 
5.959e-05 0.00015857 0.000285325 0.000414605 0.000492375 0.000594385 0.00070498 0.00081204 0.00090193 0.00104788 0.00109989 0.00116049 0.00123826 0.00133573 0.00143925 0.00151702 0.00152864 0.00164832 0.00170993 0.00177205 0.00179427 0.00180538 0.00183012 0.00188567 0.00192456 0.00200788 0.00192203 0.00201546 0.00198364 0.00201394 0.00196647 0.0019387 0.0020099 0.00200889 0.00198768 0.00191395 0.00185891 0.00188668 0.00178467 0.0017367 0.00171296 0.00180336 0.00166751 0.00160641 0.00159378 0.0015453 0.0014842 0.00146602 0.00145339 0.00133371 0.0261171 
0 0 0 0 0 0 0 0 0 0 0 0 0 0 0 0 0 0 0 0 0 0 0 0 0 0 0 0 0 0 0 0 0 0 0 0 0 0 0 0 0 0 0 0 0 0 0 0 0 0 0 
