Half rod, albedo problem, Anisotropic scattering, exponential random flight, mu_t: 3 g: -0.7
Analogmu_t c: 0.98 maxx: 10 dx: 0.19802 numsamples: 1000000 numCollisionOrders: 20 numMoments: 10
total albedo: 0.803472
per-collision order albedos: 
0 0.416229 0.061174 0.081282 0.033196 0.034808 0.020639 0.019612 0.014109 0.012855 0.010102 0.009044 0.007628 0.006609 0.005964 0.005207 0.004671 0.004135 0.003806 0.003423 
Collision density L:
2.28097 2.04151 1.82995 1.6438 1.47127 1.31563 1.18583 1.06205 0.948784 0.852576 0.765449 0.684856 0.613126 0.547885 0.494092 0.444804 0.400132 0.355222 0.319887 0.287764 0.255767 0.227755 0.208237 0.185189 0.16614 0.148081 0.13434 0.120321 0.107828 0.0957935 0.0861025 0.0773761 0.0679427 0.06211 0.056863 0.0498789 0.0444905 0.0402132 0.0363297 0.031815 0.0290577 0.0261237 0.0228715 0.0211393 0.0182154 0.0169983 0.0149228 0.0133472 0.0119887 0.0104586 0.0912333 
Collision density R:
2.84467 2.5427 2.2817 2.04185 1.83147 1.63991 1.47266 1.32145 1.18267 1.05854 0.951157 0.853662 0.765565 0.682063 0.614747 0.550485 0.496642 0.442895 0.397814 0.355237 0.319933 0.285507 0.257287 0.231664 0.206904 0.184951 0.167746 0.149152 0.133522 0.119791 0.106424 0.0968691 0.0860571 0.0751339 0.069791 0.0626958 0.056055 0.0489749 0.0452127 0.0397536 0.036052 0.0319009 0.0287497 0.0265226 0.0233108 0.0206848 0.0183568 0.0166347 0.0148117 0.0134381 0.113984 
Density Moments:
9.79015 17.7438 64.2488 348.297 2513.38 22644.8 244410 3.06465e+06 4.35302e+07 6.85386e+08 
Per-collision Density Moments:
1 0.333577 0.222761 0.223396 0.298497 0.496473 0.982473 2.23772 5.71447 16.0123 
0.563495 0.236858 0.190801 0.223851 0.341791 0.6378 1.39582 3.47685 9.63172 29.1332 
0.490971 0.314165 0.314704 0.424342 0.715504 1.44069 3.35424 8.81365 25.6369 81.2328 
0.399933 0.278468 0.308869 0.458747 0.847114 1.86441 4.76112 13.8548 45.3534 165.279 
0.358579 0.303956 0.381265 0.619981 1.23055 2.87817 7.7589 23.766 81.9025 314.772 
0.316687 0.28808 0.389821 0.680963 1.44445 3.59448 10.2715 33.2225 120.251 481.653 
0.289695 0.295853 0.434752 0.811992 1.823 4.76165 14.1629 47.233 174.396 704.577 
0.264393 0.287311 0.449421 0.89059 2.11311 5.8096 18.1149 63.0808 242.294 1014.98 
0.244961 0.288034 0.478902 0.999735 2.48607 7.14153 23.2268 84.3366 338.336 1487.03 
0.227158 0.281524 0.493021 1.08081 2.81269 8.42447 28.4472 106.682 439.124 1964.48 
0.212525 0.27975 0.514516 1.1782 3.19165 9.92363 34.699 134.4 569.795 2617.55 
0.199261 0.274558 0.52668 1.2543 3.52416 11.3302 40.8045 161.967 699.368 3249.14 
0.187494 0.271242 0.54279 1.34381 3.91447 13.0186 48.4125 198.123 880.672 4204.46 
0.177129 0.266247 0.551969 1.41261 4.24402 14.5201 55.3836 231.739 1049.95 5094.85 
0.1676 0.262343 0.563966 1.49342 4.63587 16.373 64.4425 278.238 1301.16 6520.18 
0.159011 0.257822 0.572502 1.56269 4.99152 18.1121 73.1314 323.431 1546.98 7918.43 
0.151139 0.25379 0.581416 1.63262 5.34984 19.8582 81.7786 367.754 1783.25 9229.12 
0.143935 0.249299 0.588198 1.69847 5.71631 21.7697 91.8838 423.023 2097.46 11084.7 
0.137216 0.245075 0.594587 1.7631 6.08645 23.7512 102.641 483.641 2454.17 13275.3 
0 0 0 0 0 0 0 0 0 0 
Per-collision Densities L:
0 0 0 0 0 0 0 0 0 0 0 0 0 0 0 0 0 0 0 0 0 0 0 0 0 0 0 0 0 0 0 0 0 0 0 0 0 0 0 0 0 0 0 0 0 0 0 0 0 0 0 
0.940658 0.521397 0.286729 0.158166 0.0882084 0.0476771 0.0269822 0.0147359 0.0083931 0.0048884 0.00241895 0.00145945 0.00077265 0.00037875 0.00025755 0.0001414 8.585e-05 4.04e-05 3.03e-05 1.01e-05 0 0 0 0 0 0 0 0 0 0 0 0 0 0 0 0 0 0 0 0 0 0 0 0 0 0 0 0 0 0 0 
0.176518 0.141582 0.103338 0.0710081 0.0465206 0.0301132 0.0182305 0.011514 0.00738815 0.0044541 0.0026361 0.0016968 0.00088375 0.0005656 0.00035855 0.0002121 0.0001111 5.05e-05 3.535e-05 3.535e-05 1.515e-05 5.05e-06 0 5.05e-06 0 0 0 0 0 0 0 0 0 0 0 0 0 0 0 0 0 0 0 0 0 0 0 0 0 0 0 
0.277765 0.270933 0.218029 0.157701 0.110216 0.0713616 0.0477579 0.0298859 0.019089 0.0117766 0.00751945 0.0043733 0.00269165 0.00150995 0.0008787 0.0005151 0.00034845 0.00014645 7.07e-05 7.575e-05 3.03e-05 5.05e-06 5.05e-06 0 0 5.05e-06 0 0 0 0 0 0 0 0 0 0 0 0 0 0 0 0 0 0 0 0 0 0 0 0 0 
0.112923 0.120917 0.111448 0.0906576 0.0706899 0.0521312 0.0372337 0.0254874 0.0169428 0.0112767 0.00811535 0.00469145 0.0031916 0.00192405 0.0011615 0.00074235 0.0005555 0.0003636 0.00015655 0.0001212 7.07e-05 3.03e-05 1.515e-05 1.515e-05 5.05e-06 5.05e-06 0 5.05e-06 0 5.05e-06 0 0 0 0 0 0 0 0 0 0 0 0 0 0 0 0 0 0 0 0 0 
0.123619 0.145011 0.13938 0.12118 0.0967378 0.0742855 0.0544895 0.0380922 0.0267044 0.0184224 0.0119281 0.0084032 0.0056459 0.003232 0.0022321 0.0013837 0.0008383 0.0004848 0.00032825 0.00019695 9.595e-05 6.565e-05 4.04e-05 2.02e-05 2.525e-05 5.05e-06 1.515e-05 0 5.05e-06 0 0 0 5.05e-06 0 0 0 0 0 0 0 0 0 0 0 0 0 0 0 0 0 0 
0.0738058 0.088067 0.0888396 0.084229 0.0720888 0.0578276 0.0457985 0.0345218 0.0250076 0.018175 0.012923 0.0092314 0.00586305 0.00403495 0.00267145 0.001919 0.00114635 0.00066155 0.00043935 0.0002929 0.0002323 8.585e-05 6.06e-05 4.545e-05 2.02e-05 1.515e-05 5.05e-06 2.525e-05 1.01e-05 0 0 5.05e-06 5.05e-06 0 0 0 0 0 0 0 0 0 0 0 0 0 0 0 0 0 0 
0.0710687 0.0886831 0.0943037 0.0888447 0.079785 0.0659429 0.0538482 0.0408141 0.0313201 0.0227351 0.0164024 0.0116756 0.00817595 0.00533785 0.003939 0.00242905 0.001717 0.0009595 0.00071205 0.00046965 0.00023735 0.0001717 0.0001111 8.08e-05 3.535e-05 5.555e-05 2.02e-05 0 5.05e-06 5.05e-06 1.01e-05 5.05e-06 0 0 0 0 0 0 0 0 0 0 0 0 0 0 0 0 0 0 0 
0.05151 0.0636603 0.0685841 0.0689376 0.0633876 0.0555197 0.0466671 0.0377336 0.0293456 0.0226038 0.0170135 0.0125644 0.0090597 0.0062216 0.00443895 0.0032825 0.0022321 0.0013534 0.00099485 0.00059085 0.00039895 0.000202 0.0002525 9.595e-05 0.000101 2.525e-05 2.02e-05 2.525e-05 5.05e-06 2.02e-05 1.01e-05 0 5.05e-06 0 0 0 0 0 0 0 0 0 0 0 0 0 0 0 0 0 0 
0.0479195 0.0590699 0.0673872 0.0672761 0.0633725 0.0569943 0.0479346 0.0407687 0.0321382 0.0251642 0.0192708 0.0141703 0.0105747 0.00773155 0.00552975 0.0039188 0.0026563 0.00201495 0.0012221 0.0007272 0.00063125 0.00035855 0.0002525 0.00019695 6.06e-05 7.575e-05 5.05e-05 2.02e-05 2.525e-05 1.515e-05 1.515e-05 5.05e-06 0 5.05e-06 0 0 0 0 0 0 0 0 0 0 0 0 0 0 0 0 0 
0.0374155 0.0472983 0.0529796 0.0553076 0.0532775 0.0494193 0.0446168 0.0373751 0.0305576 0.0248258 0.0200687 0.0148268 0.011312 0.00793355 0.0059489 0.0045349 0.0031613 0.0022523 0.0015352 0.0011514 0.00082315 0.0004848 0.00030805 0.000202 0.00018685 0.000101 5.555e-05 4.04e-05 2.02e-05 3.03e-05 5.05e-06 1.515e-05 5.05e-06 5.05e-06 0 0 0 0 0 0 0 0 0 0 0 0 0 0 0 0 0 
0.0336684 0.0432785 0.0487325 0.0531109 0.0512878 0.0478084 0.0429402 0.0381023 0.0321534 0.0261691 0.0207757 0.0158924 0.0125543 0.0092819 0.00703465 0.0052318 0.0038077 0.0024644 0.00211595 0.00137865 0.0008484 0.0006767 0.00041915 0.00030805 0.00020705 0.000202 0.00010605 6.565e-05 6.565e-05 2.02e-05 1.01e-05 1.01e-05 5.05e-06 1.01e-05 5.05e-06 0 0 0 5.05e-06 0 0 0 0 0 0 0 0 0 0 0 0 
0.0274872 0.036057 0.0421473 0.0444855 0.0448895 0.0436573 0.0400011 0.0355419 0.0299314 0.0250379 0.0197152 0.0163166 0.0124634 0.0100142 0.00719625 0.00570145 0.00436825 0.0030199 0.0020806 0.00172205 0.0011413 0.00087365 0.00061105 0.0003636 0.000202 0.000202 9.595e-05 9.595e-05 5.555e-05 1.515e-05 3.535e-05 2.02e-05 5.05e-06 1.01e-05 0 0 0 5.05e-06 0 0 0 0 0 0 0 0 0 0 0 0 0 
0.0246743 0.0329058 0.0387941 0.0413949 0.0419756 0.0413494 0.0379457 0.0343552 0.0297344 0.0254571 0.021513 0.0169832 0.0139027 0.0104737 0.0080699 0.00604485 0.00493385 0.00330775 0.0026866 0.00201495 0.00136855 0.0008989 0.0005959 0.00056055 0.0003838 0.00020705 0.00013635 0.00014645 8.585e-05 5.05e-05 4.04e-05 2.525e-05 3.03e-05 5.05e-06 1.01e-05 0 5.05e-06 5.05e-06 0 0 0 0 0 0 0 0 0 0 0 0 0 
0.0215938 0.028477 0.0336431 0.0370317 0.0380366 0.0362792 0.0355874 0.0315726 0.0277447 0.0248713 0.0200788 0.0172609 0.0132512 0.010908 0.00879205 0.0067064 0.0050197 0.0038481 0.00287345 0.00216645 0.0014847 0.00122715 0.00086355 0.00056055 0.00047975 0.0002323 0.00020705 0.00016665 9.09e-05 5.555e-05 1.515e-05 2.525e-05 3.535e-05 0 5.05e-06 5.05e-06 5.05e-06 5.05e-06 0 0 0 0 0 0 0 0 0 0 0 0 0 
0.0191698 0.0255985 0.0303909 0.0339663 0.035249 0.0347137 0.0331836 0.0308454 0.0274973 0.0238714 0.0204475 0.0174579 0.0142461 0.0113575 0.0088274 0.0073124 0.00568125 0.0039087 0.0032118 0.0024543 0.0018281 0.00121705 0.00096455 0.0007373 0.00053025 0.0003737 0.00027775 0.00018685 0.0001212 0.00011615 5.555e-05 4.545e-05 3.535e-05 2.525e-05 5.05e-06 1.01e-05 5.05e-06 5.05e-06 0 5.05e-06 0 0 0 0 0 0 0 0 0 0 0 
0.0169882 0.0226745 0.0273963 0.030704 0.0313656 0.0317797 0.0309767 0.0286184 0.025952 0.0232502 0.0202101 0.0168064 0.0144329 0.0118827 0.00967075 0.0073326 0.005858 0.00446925 0.0033633 0.0029391 0.0020301 0.00146955 0.00116655 0.00083325 0.00058075 0.0004848 0.0003232 0.0002424 0.0001414 0.0001515 7.575e-05 2.525e-05 2.525e-05 2.02e-05 1.515e-05 0 5.05e-06 0 1.01e-05 0 5.05e-06 0 0 0 0 0 0 0 0 0 0 
0.0158722 0.021109 0.0245178 0.0275023 0.0295829 0.0298455 0.0290224 0.027573 0.0247652 0.021912 0.0200788 0.0173367 0.0142663 0.0121099 0.0098172 0.0079285 0.0060802 0.0046864 0.00370165 0.0030199 0.00211595 0.0015857 0.00121705 0.00099485 0.0006464 0.00052015 0.0003939 0.00021715 0.0002121 0.00014645 8.585e-05 8.08e-05 3.03e-05 2.02e-05 2.02e-05 5.05e-06 5.05e-06 5.05e-06 5.05e-06 0 5.05e-06 0 0 0 0 0 0 0 0 0 0 
0.0134482 0.0189274 0.0222857 0.025043 0.0269064 0.0270983 0.0270276 0.0257853 0.0232603 0.0212151 0.0192557 0.016458 0.0139431 0.0122261 0.0103071 0.00794365 0.00642865 0.00475205 0.00404 0.00310575 0.0024038 0.0018584 0.00134835 0.0011918 0.00074235 0.0006464 0.00054035 0.0003333 0.0002727 0.0001616 0.0001212 8.08e-05 5.555e-05 2.02e-05 2.525e-05 2.02e-05 1.01e-05 1.01e-05 0 0 0 0 5.05e-06 0 0 0 0 0 0 0 0 
0 0 0 0 0 0 0 0 0 0 0 0 0 0 0 0 0 0 0 0 0 0 0 0 0 0 0 0 0 0 0 0 0 0 0 0 0 0 0 0 0 0 0 0 0 0 0 0 0 0 0 
Per-collision Densities L:
2.26095 1.24842 0.691052 0.380098 0.210333 0.115988 0.0633422 0.0350268 0.0200081 0.0112211 0.0060398 0.0033633 0.00204525 0.00089385 0.00053025 0.0002929 0.00018685 9.09e-05 8.585e-05 1.515e-05 1.515e-05 5.05e-06 5.05e-06 0 0 0 0 0 0 0 0 0 0 0 0 0 0 0 0 0 0 0 0 0 0 0 0 0 0 0 0 
0.0906172 0.15953 0.146566 0.113468 0.08181 0.0549895 0.0350925 0.0228967 0.0147359 0.0089385 0.0055146 0.00315625 0.0020503 0.00114635 0.0006363 0.000505 0.00027775 0.0001111 8.08e-05 2.525e-05 4.545e-05 1.515e-05 0 5.05e-06 5.05e-06 0 0 0 0 0 0 0 0 0 0 0 0 0 0 0 0 0 0 0 0 0 0 0 0 0 0 
0.213166 0.382906 0.364176 0.288951 0.208888 0.143976 0.0940108 0.0625746 0.0388042 0.0250127 0.0160085 0.0093829 0.00577215 0.0034037 0.00218665 0.00123725 0.0007777 0.0003535 0.0002121 0.00014645 7.575e-05 4.04e-05 4.04e-05 1.01e-05 1.01e-05 5.05e-06 0 0 0 0 0 0 0 0 0 0 0 0 0 0 0 0 0 0 0 0 0 0 0 0 0 
0.0427735 0.104212 0.127654 0.123483 0.105131 0.0836583 0.0623423 0.0445865 0.0308909 0.021513 0.0145289 0.00988285 0.00575195 0.0038582 0.00245935 0.00161095 0.00090395 0.00069185 0.00036865 0.00032825 0.0001515 7.575e-05 3.03e-05 3.03e-05 2.525e-05 1.01e-05 0 0 1.515e-05 0 0 5.05e-06 0 0 0 0 0 0 0 0 0 0 0 0 0 0 0 0 0 0 0 
0.0565247 0.141587 0.176306 0.172351 0.153076 0.12318 0.0951824 0.0694123 0.0495557 0.0347137 0.0234017 0.0155338 0.0104384 0.006969 0.00414605 0.0029189 0.00178265 0.00114635 0.000707 0.0003535 0.00030805 0.0001414 6.565e-05 4.545e-05 2.525e-05 2.02e-05 1.01e-05 5.05e-06 2.525e-05 0 5.05e-06 0 0 5.05e-06 0 0 0 0 0 0 0 0 0 0 0 0 0 0 0 0 0 
0.0246036 0.0640239 0.0900769 0.0992628 0.0942078 0.0840472 0.069791 0.0551713 0.0419706 0.031613 0.0224321 0.0159075 0.0111353 0.00763055 0.00470155 0.0034946 0.00236845 0.00157055 0.00079285 0.0005959 0.00033835 0.00026765 0.00014645 9.09e-05 5.555e-05 1.515e-05 2.02e-05 1.01e-05 3.03e-05 1.01e-05 5.05e-06 5.05e-06 5.05e-06 0 0 0 0 0 0 0 0 0 0 0 0 0 0 0 0 0 0 
0.0255278 0.0678771 0.0970307 0.108999 0.106757 0.0953592 0.0812798 0.0661449 0.0513939 0.0390315 0.0286335 0.0205283 0.0148874 0.010201 0.0071407 0.0048985 0.00317645 0.0021513 0.0014443 0.0009191 0.00052015 0.0003232 0.0002222 0.0001818 0.00011615 6.565e-05 3.535e-05 1.515e-05 1.515e-05 1.01e-05 1.01e-05 5.05e-06 5.05e-06 0 0 0 0 0 0 0 0 0 0 0 0 0 0 0 0 0 0 
0.0149379 0.0419403 0.0629584 0.0732402 0.0764065 0.0729877 0.0657157 0.0555147 0.0449046 0.035042 0.0279114 0.0208868 0.0159176 0.0111353 0.00800425 0.00556005 0.00433795 0.0025957 0.0017776 0.0012423 0.0007979 0.00056055 0.0003333 0.00014645 0.0001414 0.0001313 3.03e-05 4.04e-05 3.535e-05 1.515e-05 1.01e-05 5.05e-06 1.515e-05 5.05e-06 0 0 0 0 0 0 0 0 0 0 0 0 0 0 0 0 0 
0.0146299 0.0396779 0.0605394 0.0720534 0.0767146 0.074336 0.0679074 0.0587416 0.0492981 0.0393193 0.0309868 0.0233512 0.0177104 0.0131654 0.0093829 0.00713565 0.00486315 0.0034643 0.00217655 0.00152005 0.00098475 0.00074235 0.00058075 0.00026765 0.0002525 0.0001414 9.595e-05 3.535e-05 4.04e-05 4.04e-05 5.05e-06 1.01e-05 1.01e-05 0 0 0 5.05e-06 0 5.05e-06 0 0 0 0 0 0 0 0 0 0 0 0 
0.0106808 0.0297041 0.0445107 0.0546966 0.0595597 0.0586406 0.0569236 0.0526412 0.043728 0.0357894 0.0303657 0.0240431 0.0183618 0.0137209 0.00987275 0.00775175 0.00575195 0.00386325 0.00277245 0.00189375 0.0014645 0.0009292 0.0006565 0.00037875 0.00032825 0.00018685 0.0001515 9.09e-05 3.03e-05 3.03e-05 2.525e-05 1.01e-05 1.515e-05 1.515e-05 0 5.05e-06 0 0 5.05e-06 0 0 0 0 0 0 0 0 0 0 0 0 
0.00968085 0.0272246 0.0404859 0.0515706 0.0570953 0.0573024 0.0556965 0.0501617 0.0442532 0.0379407 0.0309262 0.0254268 0.0199425 0.0146955 0.011716 0.00875165 0.00645895 0.00469145 0.00332795 0.0024947 0.0016766 0.00110595 0.0007878 0.0005555 0.00034845 0.00030805 0.0001919 0.0001111 7.575e-05 8.585e-05 3.03e-05 1.01e-05 1.01e-05 5.05e-06 1.01e-05 1.01e-05 0 0 0 5.05e-06 0 0 0 0 0 0 0 0 0 0 0 
0.0073124 0.0215383 0.0335573 0.0412737 0.046662 0.0490002 0.0486568 0.0453642 0.0408949 0.0352238 0.0299213 0.0244016 0.0197304 0.0155692 0.0120746 0.0091607 0.0068276 0.00525705 0.0036158 0.00267145 0.00216645 0.0014645 0.0010201 0.00070195 0.00045955 0.00035855 0.0001919 0.0001616 7.575e-05 6.565e-05 4.04e-05 5.555e-05 2.525e-05 0 1.01e-05 0 0 5.05e-06 0 0 0 0 0 0 0 0 0 0 0 0 0 
0.00686295 0.0189729 0.030194 0.0379154 0.0438441 0.0450359 0.0452278 0.0435361 0.03939 0.0351278 0.0294819 0.0260631 0.0204121 0.0168771 0.0132159 0.0097768 0.0076962 0.00605495 0.00431775 0.00309565 0.0024947 0.0016261 0.0012221 0.0008383 0.00063125 0.0004141 0.0002929 0.0001717 0.0001616 0.0001111 7.575e-05 5.05e-05 3.03e-05 4.04e-05 5.05e-06 1.01e-05 0 0 5.05e-06 0 0 0 0 0 0 0 0 0 0 0 0 
0.00565095 0.0159429 0.0253965 0.032416 0.0373549 0.0405566 0.0408242 0.0394708 0.0364408 0.0327644 0.0278255 0.0242703 0.0203919 0.0165085 0.0131805 0.0102313 0.0080396 0.00636805 0.00481265 0.00350975 0.0026159 0.00191395 0.00158065 0.0010807 0.00077265 0.0004242 0.00033835 0.0002525 0.0001515 0.00010605 9.09e-05 5.05e-05 3.03e-05 3.535e-05 1.515e-05 0 1.01e-05 0 5.05e-06 0 0 0 0 0 0 0 0 0 0 0 0 
0.00465105 0.0141451 0.0229927 0.029386 0.0343804 0.0373145 0.0384962 0.0371579 0.034941 0.0309919 0.0281184 0.0240633 0.0206192 0.0171852 0.0143875 0.0108878 0.00838805 0.0067771 0.00513585 0.00378245 0.0030603 0.00232805 0.00169175 0.0011211 0.00105545 0.00058075 0.00045955 0.00034845 0.00019695 0.00017675 0.0001212 6.06e-05 4.04e-05 5.555e-05 3.03e-05 1.01e-05 1.01e-05 1.515e-05 5.05e-06 5.05e-06 0 0 0 0 0 0 0 0 0 0 0 
0.0041814 0.0122311 0.0202657 0.0261439 0.0301485 0.0330927 0.0347996 0.0336734 0.03181 0.029588 0.0266943 0.0238512 0.0198415 0.016458 0.0142966 0.01161 0.0089688 0.0072922 0.00519645 0.00440865 0.0033633 0.0024139 0.00181295 0.0014039 0.0009393 0.00072215 0.0006161 0.00037875 0.00028785 0.00017675 0.00015655 7.07e-05 8.585e-05 1.515e-05 2.525e-05 0 2.02e-05 1.01e-05 1.515e-05 0 0 5.05e-06 0 0 0 0 0 0 0 0 0 
0.00381275 0.0111959 0.0178164 0.0234421 0.0281083 0.0301182 0.0321483 0.031709 0.0298809 0.0278205 0.0257247 0.0232452 0.0199576 0.0169175 0.0140542 0.0119231 0.009494 0.0072821 0.00582265 0.00462075 0.00348955 0.00257045 0.0021109 0.00140895 0.00117665 0.00094435 0.00063125 0.00042925 0.0003636 0.0002424 0.0001515 0.0001212 8.585e-05 7.07e-05 3.535e-05 2.02e-05 5.05e-06 1.01e-05 1.01e-05 0 0 0 5.05e-06 0 0 0 0 0 0 0 0 
0.0033027 0.0097869 0.0158722 0.0213817 0.0244269 0.0276488 0.0289618 0.0290123 0.0284315 0.0260328 0.0244976 0.0217807 0.01919 0.0167458 0.0143521 0.0120847 0.00984245 0.0076356 0.0062418 0.00485305 0.003737 0.00292395 0.00229775 0.0017776 0.0012827 0.0008989 0.00087365 0.0005757 0.0004444 0.0002727 0.00024745 0.00011615 8.585e-05 7.07e-05 5.555e-05 2.02e-05 3.535e-05 1.515e-05 1.01e-05 5.05e-06 0 0 5.05e-06 0 0 0 0 0 0 0 0 
0.0030603 0.009191 0.014746 0.019089 0.0228361 0.0253662 0.0270731 0.0274468 0.0269165 0.0248965 0.0231795 0.0214019 0.0190335 0.0166903 0.0139582 0.0119584 0.00999395 0.00796385 0.00663065 0.00527725 0.00382285 0.0031815 0.00262095 0.00188365 0.00129785 0.00101505 0.00087365 0.0006666 0.00043935 0.00035855 0.00023735 0.0001313 0.0001111 9.595e-05 5.555e-05 5.05e-05 3.03e-05 1.01e-05 2.02e-05 5.05e-06 2.02e-05 0 0 0 0 0 0 0 0 0 0 
0 0 0 0 0 0 0 0 0 0 0 0 0 0 0 0 0 0 0 0 0 0 0 0 0 0 0 0 0 0 0 0 0 0 0 0 0 0 0 0 0 0 0 0 0 0 0 0 0 0 0 
