Half rod, albedo problem, Anisotropic scattering, exponential random flight, mu_t: 1 g: 0.3
Analogmu_t c: 0.1 maxx: 10 dx: 0.19802 numsamples: 10000000 numCollisionOrders: 20 numMoments: 10
total albedo: 0.0186917
per-collision order albedos: 
0 0.0174774 0.0011294 7.99e-05 4.5e-06 4e-07 1e-07 0 0 0 0 0 0 0 0 0 0 0 0 0 
Collision density L:
0.0171195 0.0143051 0.0118079 0.00982932 0.00816383 0.00687457 0.00570499 0.00481114 0.00391527 0.00327139 0.0026866 0.00221746 0.00183164 0.00155338 0.00130745 0.00105848 0.00083931 0.00072417 0.000599435 0.000486315 0.00040602 0.00035754 0.000292395 0.000248965 0.000212605 0.000165135 0.00014847 0.000103525 0.000103525 7.07e-05 5.353e-05 5.05e-05 5.1005e-05 3.2825e-05 3.535e-05 2.7775e-05 2.121e-05 1.5655e-05 1.212e-05 1.414e-05 1.2625e-05 1.0605e-05 6.06e-06 7.575e-06 5.05e-06 3.03e-06 3.535e-06 2.02e-06 3.535e-06 1.01e-06 1.414e-05 
Collision density R:
0.913711 0.759 0.631332 0.523698 0.434713 0.360879 0.30098 0.250037 0.207894 0.173193 0.143844 0.119213 0.0990982 0.0819272 0.0684881 0.0567085 0.0471781 0.0394178 0.0327235 0.0272766 0.0225144 0.0186754 0.0154126 0.0129209 0.0107747 0.00898345 0.00741239 0.0062413 0.0052217 0.00425261 0.00352793 0.00292143 0.00243966 0.00204778 0.00169276 0.00139835 0.00113221 0.00100091 0.0007878 0.000652965 0.00055954 0.000473185 0.00040198 0.000311585 0.00024644 0.000234825 0.000196445 0.000157055 0.000124735 0.00011009 0.000519645 
Density Moments:
1.09035 1.16659 2.49694 8.01926 34.3678 184.468 1193.85 9113.89 81277.1 845500 
Per-collision Density Moments:
1 0.999828 1.99949 5.99725 23.9793 119.784 716.979 4991.49 39507.2 349119 
0.0825113 0.147302 0.424302 1.66354 8.22982 49.1356 343.568 2750.84 24755.1 246261 
0.0071202 0.0173117 0.063676 0.30527 1.79512 12.549 102.824 984.797 11032 143624 
0.0006528 0.00193616 0.00843698 0.0470162 0.320323 2.66218 27.5855 360.049 5720.46 103784 
5.74e-05 0.000190057 0.000910799 0.005416 0.0376277 0.295219 2.55477 23.9402 239.227 2516.23 
4.9e-06 1.68028e-05 8.50714e-05 0.000531564 0.00371417 0.0276861 0.215122 1.7203 14.0492 116.575 
8e-07 4.00397e-06 2.66813e-05 0.000199941 0.00158368 0.0129798 0.109089 0.93545 8.15542 72.0841 
2e-07 9.1995e-07 5.74881e-06 4.04012e-05 0.000293651 0.00215315 0.0158226 0.116339 0.855526 6.29154 
0 0 0 0 0 0 0 0 0 0 
0 0 0 0 0 0 0 0 0 0 
0 0 0 0 0 0 0 0 0 0 
0 0 0 0 0 0 0 0 0 0 
0 0 0 0 0 0 0 0 0 0 
0 0 0 0 0 0 0 0 0 0 
0 0 0 0 0 0 0 0 0 0 
0 0 0 0 0 0 0 0 0 0 
0 0 0 0 0 0 0 0 0 0 
0 0 0 0 0 0 0 0 0 0 
0 0 0 0 0 0 0 0 0 0 
0 0 0 0 0 0 0 0 0 0 
Per-collision Densities L:
0 0 0 0 0 0 0 0 0 0 0 0 0 0 0 0 0 0 0 0 0 0 0 0 0 0 0 0 0 0 0 0 0 0 0 0 0 0 0 0 0 0 0 0 0 0 0 0 0 0 0 
0.015908 0.0130957 0.0106787 0.0087567 0.00719625 0.00598476 0.00492173 0.0040698 0.00327291 0.00271539 0.00219473 0.00178619 0.00146349 0.00121301 0.00102717 0.000814565 0.000648925 0.00054338 0.00044844 0.000368145 0.000305525 0.000237855 0.00020099 0.000171195 0.000138875 0.000118675 0.000104535 7.0195e-05 6.666e-05 4.7975e-05 2.9795e-05 3.232e-05 3.5855e-05 1.8685e-05 2.323e-05 1.919e-05 1.2625e-05 7.07e-06 5.05e-06 9.595e-06 4.545e-06 6.565e-06 5.05e-06 3.535e-06 4.04e-06 1.515e-06 2.02e-06 1.01e-06 2.525e-06 5.05e-07 7.07e-06 
0.00112969 0.00111403 0.00103374 0.000989295 0.00088476 0.00080396 0.00069993 0.000668115 0.000565095 0.00049288 0.000434805 0.00037673 0.000322695 0.0002929 0.00024644 0.000213615 0.00016665 0.00015655 0.000127765 9.7465e-05 8.5345e-05 9.494e-05 7.4235e-05 6.4135e-05 5.4035e-05 3.636e-05 3.737e-05 2.7775e-05 2.7775e-05 1.5655e-05 2.02e-05 1.5655e-05 1.1615e-05 1.01e-05 8.585e-06 6.06e-06 6.565e-06 5.555e-06 6.565e-06 3.535e-06 6.06e-06 3.535e-06 1.01e-06 3.03e-06 1.01e-06 1.01e-06 1.01e-06 1.01e-06 1.01e-06 5.05e-07 5.05e-06 
7.373e-05 8.989e-05 8.888e-05 7.6255e-05 7.272e-05 7.8275e-05 7.575e-05 6.6155e-05 7.272e-05 5.9085e-05 4.949e-05 4.4945e-05 4.242e-05 4.545e-05 2.9795e-05 2.626e-05 2.02e-05 2.0705e-05 2.02e-05 1.7675e-05 1.313e-05 1.9695e-05 1.414e-05 1.111e-05 1.818e-05 9.09e-06 6.565e-06 4.545e-06 6.565e-06 5.555e-06 3.03e-06 2.525e-06 3.535e-06 3.535e-06 3.535e-06 1.515e-06 1.515e-06 2.525e-06 5.05e-07 5.05e-07 1.01e-06 5.05e-07 0 1.01e-06 0 5.05e-07 5.05e-07 0 0 0 2.02e-06 
7.575e-06 5.555e-06 6.565e-06 6.565e-06 9.595e-06 6.06e-06 6.06e-06 7.07e-06 3.535e-06 4.04e-06 7.575e-06 8.585e-06 3.03e-06 2.02e-06 4.04e-06 3.535e-06 3.03e-06 2.525e-06 3.03e-06 3.03e-06 2.02e-06 4.545e-06 2.525e-06 2.525e-06 1.01e-06 1.01e-06 0 5.05e-07 2.02e-06 1.515e-06 5.05e-07 0 0 5.05e-07 0 5.05e-07 5.05e-07 5.05e-07 0 0 1.01e-06 0 0 0 0 0 0 0 0 0 0 
5.05e-07 0 0 5.05e-07 5.05e-07 1.515e-06 1.01e-06 0 1.01e-06 0 0 1.01e-06 0 0 0 5.05e-07 5.05e-07 1.01e-06 0 0 0 0 5.05e-07 0 5.05e-07 0 0 5.05e-07 5.05e-07 0 0 0 0 0 0 0 0 0 0 5.05e-07 0 0 0 0 0 0 0 0 0 0 0 
0 0 0 0 0 0 5.05e-07 0 0 0 0 0 0 0 0 0 0 0 0 0 0 5.05e-07 0 0 0 0 0 0 0 0 0 0 0 0 0 5.05e-07 0 0 0 0 0 0 0 0 0 0 0 0 0 0 0 
0 0 0 0 0 0 0 0 0 0 0 0 0 0 0 0 0 0 0 0 0 0 0 0 0 0 0 0 0 0 0 0 0 0 0 0 0 0 0 0 0 0 0 0 0 0 0 0 0 0 0 
0 0 0 0 0 0 0 0 0 0 0 0 0 0 0 0 0 0 0 0 0 0 0 0 0 0 0 0 0 0 0 0 0 0 0 0 0 0 0 0 0 0 0 0 0 0 0 0 0 0 0 
0 0 0 0 0 0 0 0 0 0 0 0 0 0 0 0 0 0 0 0 0 0 0 0 0 0 0 0 0 0 0 0 0 0 0 0 0 0 0 0 0 0 0 0 0 0 0 0 0 0 0 
0 0 0 0 0 0 0 0 0 0 0 0 0 0 0 0 0 0 0 0 0 0 0 0 0 0 0 0 0 0 0 0 0 0 0 0 0 0 0 0 0 0 0 0 0 0 0 0 0 0 0 
0 0 0 0 0 0 0 0 0 0 0 0 0 0 0 0 0 0 0 0 0 0 0 0 0 0 0 0 0 0 0 0 0 0 0 0 0 0 0 0 0 0 0 0 0 0 0 0 0 0 0 
0 0 0 0 0 0 0 0 0 0 0 0 0 0 0 0 0 0 0 0 0 0 0 0 0 0 0 0 0 0 0 0 0 0 0 0 0 0 0 0 0 0 0 0 0 0 0 0 0 0 0 
0 0 0 0 0 0 0 0 0 0 0 0 0 0 0 0 0 0 0 0 0 0 0 0 0 0 0 0 0 0 0 0 0 0 0 0 0 0 0 0 0 0 0 0 0 0 0 0 0 0 0 
0 0 0 0 0 0 0 0 0 0 0 0 0 0 0 0 0 0 0 0 0 0 0 0 0 0 0 0 0 0 0 0 0 0 0 0 0 0 0 0 0 0 0 0 0 0 0 0 0 0 0 
0 0 0 0 0 0 0 0 0 0 0 0 0 0 0 0 0 0 0 0 0 0 0 0 0 0 0 0 0 0 0 0 0 0 0 0 0 0 0 0 0 0 0 0 0 0 0 0 0 0 0 
0 0 0 0 0 0 0 0 0 0 0 0 0 0 0 0 0 0 0 0 0 0 0 0 0 0 0 0 0 0 0 0 0 0 0 0 0 0 0 0 0 0 0 0 0 0 0 0 0 0 0 
0 0 0 0 0 0 0 0 0 0 0 0 0 0 0 0 0 0 0 0 0 0 0 0 0 0 0 0 0 0 0 0 0 0 0 0 0 0 0 0 0 0 0 0 0 0 0 0 0 0 0 
0 0 0 0 0 0 0 0 0 0 0 0 0 0 0 0 0 0 0 0 0 0 0 0 0 0 0 0 0 0 0 0 0 0 0 0 0 0 0 0 0 0 0 0 0 0 0 0 0 0 0 
0 0 0 0 0 0 0 0 0 0 0 0 0 0 0 0 0 0 0 0 0 0 0 0 0 0 0 0 0 0 0 0 0 0 0 0 0 0 0 0 0 0 0 0 0 0 0 0 0 0 0 
Per-collision Densities L:
0.907873 0.744445 0.611176 0.50029 0.410266 0.336091 0.276712 0.226884 0.186133 0.153081 0.125497 0.102779 0.0844597 0.06878 0.0567751 0.0462787 0.038072 0.0313908 0.025653 0.0212347 0.01727 0.0141935 0.0114837 0.00949501 0.00789366 0.00648875 0.00521261 0.0044238 0.00359409 0.0028987 0.00238108 0.00194375 0.00159227 0.00127058 0.00107717 0.0008787 0.00069286 0.00061913 0.000480255 0.00039188 0.000321685 0.000262095 0.000221695 0.000184325 0.00014241 0.000139885 0.000108575 9.3425e-05 6.363e-05 6.0095e-05 0.000249975 
0.00575852 0.0142551 0.0196152 0.0226275 0.0235148 0.0236633 0.022978 0.0218286 0.0203879 0.0186976 0.0169614 0.0150652 0.0133401 0.0118938 0.0105025 0.00932281 0.00808758 0.00708515 0.00617363 0.00525301 0.00454298 0.003838 0.00336229 0.00289416 0.00241996 0.00207404 0.00182608 0.00149834 0.00130189 0.00109989 0.000930715 0.00079083 0.00068377 0.000612565 0.000474195 0.00040299 0.00033128 0.00028482 0.000231795 0.000194425 0.000175235 0.000155035 0.000134835 9.4435e-05 8.2315e-05 6.464e-05 6.3125e-05 4.2925e-05 4.444e-05 2.9795e-05 0.000186345 
7.676e-05 0.00028886 0.00051611 0.000732755 0.000891325 0.0010701 0.00121907 0.00125846 0.00127361 0.00131654 0.00128826 0.00127866 0.00120241 0.00115443 0.00112514 0.00101404 0.000917585 0.00085244 0.000801435 0.00071407 0.0006262 0.00057671 0.00050399 0.00046763 0.00040602 0.000364105 0.000322695 0.000283305 0.00028179 0.000215635 0.00019089 0.00015857 0.00014039 0.00014443 0.000118675 9.6455e-05 9.0395e-05 7.6255e-05 6.06e-05 5.5045e-05 5.252e-05 4.646e-05 3.737e-05 2.626e-05 1.717e-05 2.323e-05 1.818e-05 1.5655e-05 1.2625e-05 1.717e-05 6.5145e-05 
2.525e-06 1.0605e-05 2.3735e-05 4.343e-05 3.636e-05 5.05e-05 6.6155e-05 6.262e-05 9.292e-05 9.09e-05 9.0395e-05 8.484e-05 9.09e-05 9.2415e-05 7.7265e-05 8.9385e-05 9.09e-05 8.3325e-05 8.9385e-05 6.9185e-05 6.767e-05 6.06e-05 5.959e-05 5.757e-05 5.2015e-05 5.1005e-05 4.4945e-05 3.434e-05 3.9895e-05 3.434e-05 2.222e-05 2.525e-05 1.919e-05 1.717e-05 2.0705e-05 1.7675e-05 1.414e-05 1.919e-05 1.313e-05 9.595e-06 8.585e-06 7.575e-06 7.07e-06 6.565e-06 4.545e-06 5.555e-06 5.555e-06 3.535e-06 4.04e-06 2.02e-06 1.616e-05 
0 0 1.01e-06 4.04e-06 4.04e-06 3.03e-06 3.535e-06 1.515e-06 6.06e-06 5.555e-06 5.555e-06 5.555e-06 4.04e-06 5.555e-06 7.575e-06 3.535e-06 9.595e-06 5.555e-06 6.06e-06 5.05e-06 7.575e-06 6.06e-06 3.03e-06 6.565e-06 3.03e-06 5.555e-06 5.555e-06 1.515e-06 4.04e-06 3.535e-06 1.515e-06 3.03e-06 3.535e-06 3.03e-06 2.02e-06 2.525e-06 3.03e-06 1.01e-06 1.01e-06 1.515e-06 1.515e-06 2.02e-06 1.01e-06 0 0 5.05e-07 1.01e-06 1.01e-06 0 1.01e-06 2.02e-06 
0 0 0 0 5.05e-07 5.05e-07 1.01e-06 5.05e-07 5.05e-07 1.01e-06 1.01e-06 0 1.01e-06 5.05e-07 5.05e-07 0 5.05e-07 5.05e-07 0 5.05e-07 0 5.05e-07 0 0 0 0 5.05e-07 0 0 5.05e-07 1.515e-06 0 0 0 0 0 5.05e-07 0 5.05e-07 5.05e-07 0 0 0 0 0 1.01e-06 0 0 0 0 0 
0 0 0 0 0 0 0 5.05e-07 0 0 0 0 0 5.05e-07 0 0 0 0 0 0 0 0 0 0 0 0 0 0 0 0 0 0 5.05e-07 0 0 0 0 0 5.05e-07 0 0 0 0 0 0 0 0 5.05e-07 0 0 0 
0 0 0 0 0 0 0 0 0 5.05e-07 0 0 0 0 0 0 0 0 0 0 0 0 0 0 0 0 0 0 0 0 0 0 0 0 0 0 0 5.05e-07 0 0 0 0 0 0 0 0 0 0 0 0 0 
0 0 0 0 0 0 0 0 0 0 0 0 0 0 0 0 0 0 0 0 0 0 0 0 0 0 0 0 0 0 0 0 0 0 0 0 0 0 0 0 0 0 0 0 0 0 0 0 0 0 0 
0 0 0 0 0 0 0 0 0 0 0 0 0 0 0 0 0 0 0 0 0 0 0 0 0 0 0 0 0 0 0 0 0 0 0 0 0 0 0 0 0 0 0 0 0 0 0 0 0 0 0 
0 0 0 0 0 0 0 0 0 0 0 0 0 0 0 0 0 0 0 0 0 0 0 0 0 0 0 0 0 0 0 0 0 0 0 0 0 0 0 0 0 0 0 0 0 0 0 0 0 0 0 
0 0 0 0 0 0 0 0 0 0 0 0 0 0 0 0 0 0 0 0 0 0 0 0 0 0 0 0 0 0 0 0 0 0 0 0 0 0 0 0 0 0 0 0 0 0 0 0 0 0 0 
0 0 0 0 0 0 0 0 0 0 0 0 0 0 0 0 0 0 0 0 0 0 0 0 0 0 0 0 0 0 0 0 0 0 0 0 0 0 0 0 0 0 0 0 0 0 0 0 0 0 0 
0 0 0 0 0 0 0 0 0 0 0 0 0 0 0 0 0 0 0 0 0 0 0 0 0 0 0 0 0 0 0 0 0 0 0 0 0 0 0 0 0 0 0 0 0 0 0 0 0 0 0 
0 0 0 0 0 0 0 0 0 0 0 0 0 0 0 0 0 0 0 0 0 0 0 0 0 0 0 0 0 0 0 0 0 0 0 0 0 0 0 0 0 0 0 0 0 0 0 0 0 0 0 
0 0 0 0 0 0 0 0 0 0 0 0 0 0 0 0 0 0 0 0 0 0 0 0 0 0 0 0 0 0 0 0 0 0 0 0 0 0 0 0 0 0 0 0 0 0 0 0 0 0 0 
0 0 0 0 0 0 0 0 0 0 0 0 0 0 0 0 0 0 0 0 0 0 0 0 0 0 0 0 0 0 0 0 0 0 0 0 0 0 0 0 0 0 0 0 0 0 0 0 0 0 0 
0 0 0 0 0 0 0 0 0 0 0 0 0 0 0 0 0 0 0 0 0 0 0 0 0 0 0 0 0 0 0 0 0 0 0 0 0 0 0 0 0 0 0 0 0 0 0 0 0 0 0 
0 0 0 0 0 0 0 0 0 0 0 0 0 0 0 0 0 0 0 0 0 0 0 0 0 0 0 0 0 0 0 0 0 0 0 0 0 0 0 0 0 0 0 0 0 0 0 0 0 0 0 
0 0 0 0 0 0 0 0 0 0 0 0 0 0 0 0 0 0 0 0 0 0 0 0 0 0 0 0 0 0 0 0 0 0 0 0 0 0 0 0 0 0 0 0 0 0 0 0 0 0 0 
