Half rod, albedo problem, Anisotropic scattering, exponential random flight, mu_t: 1 g: 0.3
Analogmu_t c: 0.95 maxx: 10 dx: 0.19802 numsamples: 1000000 numCollisionOrders: 20 numMoments: 10
total albedo: 0.581589
per-collision order albedos: 
0 0.166252 0.102721 0.067467 0.047747 0.035002 0.026734 0.020561 0.016443 0.013263 0.010986 0.009222 0.007849 0.006649 0.005792 0.004829 0.004346 0.003716 0.003191 0.002884 
Collision density L:
0.569504 0.552046 0.530982 0.510722 0.491057 0.475074 0.455773 0.43734 0.418968 0.404823 0.392986 0.377629 0.36408 0.351379 0.338269 0.324038 0.311994 0.302298 0.291552 0.275735 0.270155 0.258863 0.251899 0.241052 0.229573 0.223993 0.215181 0.20708 0.201672 0.192804 0.184906 0.179386 0.17368 0.167594 0.16012 0.154328 0.148576 0.143329 0.137678 0.133189 0.12625 0.122755 0.118524 0.114342 0.109141 0.10553 0.101626 0.0982528 0.0954248 0.091703 2.40447 
Collision density R:
0.983321 0.949188 0.911439 0.876049 0.847622 0.815141 0.786649 0.752879 0.727917 0.704268 0.673392 0.650147 0.62572 0.603874 0.579538 0.561828 0.539623 0.518857 0.499061 0.481871 0.461449 0.444981 0.427553 0.412696 0.399046 0.383325 0.371018 0.356676 0.341688 0.330078 0.318423 0.305954 0.293491 0.286249 0.275811 0.264807 0.255747 0.246213 0.235956 0.226796 0.221261 0.213479 0.202924 0.196602 0.189208 0.180325 0.17572 0.170094 0.162655 0.155171 4.14059 
Density Moments:
8.37103 44.4415 473.403 7569.68 160885 4.23929e+06 1.32133e+08 4.70455e+09 1.86208e+11 8.01858e+12 
Per-collision Density Moments:
1 0.998676 1.99624 5.99501 24.0823 121.528 741.124 5324.89 44291.5 420499 
0.78382 1.39984 4.03162 15.798 78.0785 465.349 3245.33 25914.9 233052 2.3282e+06 
0.641529 1.56012 5.72032 27.2733 158.964 1092.68 8643.42 77221 766959 8.34787e+06 
0.541631 1.61549 7.05094 39.0553 259.335 1998.63 17496.8 171299 1.85288e+06 2.19225e+07 
0.466887 1.62078 8.09645 50.5877 374.065 3173.85 30283.2 320315 3.71583e+06 4.68721e+07 
0.408344 1.59822 8.89735 61.3928 497.641 4603.19 47721.7 547868 6.90685e+06 9.49951e+07 
0.361409 1.56376 9.54216 71.821 632.617 6338.58 71008.1 879860 1.19806e+07 1.7855e+08 
0.322827 1.52064 10.0326 81.2231 765.537 8161.38 96655 1.25636e+06 1.77762e+07 2.72159e+08 
0.290235 1.46943 10.3724 89.5725 897.831 10147.9 126987 1.73731e+06 2.57463e+07 4.10332e+08 
0.262449 1.41765 10.6349 97.4446 1034.88 12372.9 163426 2.35304e+06 3.65523e+07 6.07408e+08 
0.238242 1.36264 10.7889 104.067 1161 14560 201579 3.04231e+06 4.95739e+07 8.65198e+08 
0.217052 1.30842 10.8699 109.734 1278.33 16700.9 240318 3.76154e+06 6.34531e+07 1.14498e+09 
0.198332 1.25393 10.889 114.692 1392.22 18935 283481 4.61647e+06 8.10877e+07 1.52651e+09 
0.181886 1.20193 10.8742 119.154 1503.2 21225.6 329480 5.55318e+06 1.00707e+08 1.95124e+09 
0.167099 1.15087 10.8282 123.252 1613.58 23622.5 379874 6.62833e+06 1.24383e+08 2.49331e+09 
0.153864 1.10096 10.7373 126.519 1713.4 25945.7 431868 7.81243e+06 1.52371e+08 3.18475e+09 
0.141936 1.05275 10.6183 129.323 1810.06 28332.3 487760 9.1381e+06 1.85048e+08 4.0329e+09 
0.131054 1.00413 10.442 131.078 1890.19 30456.5 538823 1.03435e+07 2.13677e+08 4.72212e+09 
0.121303 0.958342 10.2711 132.777 1969.24 32574.9 590182 1.15644e+07 2.42833e+08 5.42686e+09 
0 0 0 0 0 0 0 0 0 0 
Per-collision Densities L:
0 0 0 0 0 0 0 0 0 0 0 0 0 0 0 0 0 0 0 0 0 0 0 0 0 0 0 0 0 0 0 0 0 0 0 0 0 0 0 0 0 0 0 0 0 0 0 0 0 0 0 
0.150975 0.124205 0.102202 0.0837896 0.0683316 0.0560853 0.0466671 0.0377134 0.0304111 0.0257601 0.0207353 0.0169276 0.0140794 0.0111302 0.00949905 0.00736795 0.00634785 0.0052621 0.0042319 0.003434 0.0029088 0.0023028 0.0019089 0.00150995 0.00132815 0.0010201 0.00084335 0.0006666 0.00068175 0.0005656 0.0003838 0.00033835 0.000303 0.00017675 0.00017675 0.00014645 0.00012625 0.0001313 0.0001111 6.565e-05 7.07e-05 4.545e-05 3.03e-05 2.525e-05 3.535e-05 2.02e-05 2.525e-05 2.525e-05 1.515e-05 5.05e-06 5.05e-05 
0.10146 0.0983639 0.0941371 0.0869459 0.0800627 0.0725281 0.0647006 0.0572721 0.0508687 0.0446976 0.0392587 0.0346178 0.0295829 0.0262499 0.0225281 0.0196748 0.0172256 0.014236 0.0123927 0.010095 0.0091102 0.0075447 0.0063024 0.00519645 0.004444 0.00408545 0.0034441 0.0028078 0.0022826 0.00196445 0.00174225 0.00148975 0.00124735 0.0010403 0.00083325 0.00075245 0.0006161 0.0005555 0.00043935 0.0003838 0.00040905 0.00022725 0.00020705 0.00021715 0.00013635 0.00015655 0.00014645 5.05e-05 7.07e-05 5.555e-05 0.00034845 
0.068276 0.0689477 0.0677963 0.066256 0.0650693 0.0633371 0.0586457 0.0552571 0.0515201 0.0475407 0.0448491 0.0406879 0.037673 0.0343047 0.0308858 0.0275579 0.0242804 0.0222251 0.0189173 0.0170943 0.0152106 0.0134027 0.0120291 0.0104384 0.0094132 0.00807495 0.00688315 0.0060499 0.0052217 0.00469145 0.0040905 0.00335825 0.0030199 0.0027472 0.0021412 0.00198465 0.00164125 0.00129785 0.00124735 0.0009494 0.00086355 0.00073225 0.00070195 0.0005252 0.00054035 0.00044945 0.00033835 0.00027775 0.0002525 0.0002222 0.0012524 
0.0479447 0.048581 0.0501819 0.0502829 0.0490507 0.048677 0.0476064 0.0461318 0.0442178 0.0423241 0.0412636 0.0391274 0.0369913 0.0330725 0.0316888 0.0295122 0.0272902 0.025048 0.0235886 0.0204727 0.0192405 0.0179932 0.0157055 0.0140643 0.0128927 0.0112514 0.0107666 0.00907485 0.00808505 0.0073225 0.0066256 0.0057772 0.00512575 0.00453995 0.00387335 0.0033128 0.00303 0.0025351 0.0022826 0.0021008 0.00169175 0.00160085 0.0013231 0.0013332 0.0011413 0.0009292 0.0008585 0.00076255 0.0006464 0.00057065 0.00289365 
0.0357843 0.0368448 0.0368246 0.0366933 0.0374155 0.0376983 0.037875 0.0366226 0.0358247 0.0353147 0.0342087 0.032921 0.0317443 0.031108 0.0300273 0.0278154 0.0263105 0.0255732 0.0237704 0.0218009 0.0201647 0.0189981 0.0177811 0.0159934 0.0152914 0.013534 0.0125947 0.0117716 0.0104485 0.00943845 0.00857995 0.00814565 0.0070195 0.00621655 0.0058176 0.00520655 0.0044945 0.0041006 0.003737 0.00330775 0.0029492 0.0024644 0.00226745 0.0020402 0.001818 0.0015453 0.0012726 0.0012827 0.00125745 0.0009797 0.00639835 
0.0265832 0.0278609 0.0278457 0.0292294 0.0292345 0.0295981 0.0295021 0.0297041 0.0289214 0.0291537 0.0286992 0.027568 0.0272094 0.0276286 0.0259924 0.0251945 0.0238815 0.0229977 0.0223715 0.0205687 0.0198465 0.0189375 0.0183012 0.0171953 0.0159732 0.0149632 0.013736 0.0124079 0.0122614 0.0107414 0.0101404 0.00929705 0.0089486 0.0077467 0.0068175 0.00652965 0.005757 0.00535805 0.0049389 0.0043531 0.0039289 0.00374205 0.0031815 0.0030098 0.0023331 0.0022725 0.00190385 0.00179275 0.0016665 0.00140895 0.0114181 
0.0207757 0.0223059 0.0223968 0.0227957 0.0234775 0.0243006 0.02424 0.023932 0.023528 0.0240481 0.0234118 0.0242148 0.0231442 0.0232906 0.0222806 0.0219019 0.0214878 0.0203818 0.0197102 0.0193466 0.0184376 0.0180235 0.0166802 0.0163368 0.0152207 0.014842 0.0132512 0.0130088 0.0123776 0.0111807 0.0106555 0.0097869 0.009494 0.0087769 0.00797395 0.0075649 0.0069286 0.0064337 0.0058176 0.0050904 0.00490355 0.0043228 0.0038481 0.0036562 0.00323705 0.00292395 0.0027472 0.00225735 0.00208565 0.0020402 0.0174276 
0.0171246 0.0176043 0.0184022 0.0184325 0.0187254 0.0189274 0.0197708 0.0196243 0.0195789 0.0201849 0.0205788 0.0206899 0.0201445 0.0198768 0.019594 0.0190335 0.0184931 0.0180689 0.0180033 0.0168519 0.0173316 0.0169276 0.0157358 0.0148268 0.0139582 0.0139936 0.0130189 0.012827 0.0122614 0.0113928 0.0105495 0.0098879 0.0095546 0.00926675 0.00857995 0.0082113 0.007474 0.00679225 0.00663065 0.0057974 0.00548935 0.0050399 0.0046157 0.00418645 0.0039188 0.0037976 0.00334815 0.0033431 0.0029189 0.00250985 0.0242501 
0.0132058 0.0142107 0.0145592 0.0152662 0.0158015 0.0163166 0.0163418 0.016559 0.0171094 0.0166852 0.0171801 0.0169933 0.0172559 0.0168569 0.0168771 0.0157964 0.0158823 0.016357 0.0158469 0.015448 0.0153015 0.014342 0.0144279 0.0136603 0.0131149 0.0132512 0.0127715 0.0118877 0.0109484 0.0109787 0.0100697 0.0104434 0.00911525 0.0091809 0.0089183 0.0079184 0.0077972 0.0074437 0.00635795 0.00605495 0.0056863 0.00546915 0.0054944 0.0045652 0.0042218 0.00396425 0.0037067 0.00374205 0.0033027 0.0031108 0.0308909 
0.011105 0.0119079 0.0123624 0.0130795 0.0132967 0.013433 0.0137259 0.0142865 0.014443 0.0140441 0.0148672 0.0142764 0.0147612 0.0143875 0.0140744 0.0139885 0.0140946 0.0143875 0.0140491 0.013433 0.0131502 0.0130795 0.0125745 0.0127008 0.0117009 0.0117413 0.011716 0.0111302 0.0108222 0.0102061 0.0095142 0.0095344 0.00916575 0.00908495 0.0081709 0.00755985 0.0074134 0.00731745 0.0069084 0.00619635 0.0060903 0.0056762 0.00543885 0.0050803 0.00462075 0.0043026 0.0038178 0.00398445 0.00370165 0.00337845 0.0388396 
0.009494 0.0094637 0.0106151 0.0109434 0.0108575 0.0112767 0.011913 0.0118221 0.0119635 0.0121756 0.0121857 0.0124533 0.0128624 0.0127361 0.012519 0.0123321 0.0121655 0.0126351 0.0118524 0.0118675 0.0118069 0.0120897 0.0114282 0.0114837 0.0110747 0.0108474 0.0105192 0.009898 0.00981215 0.00965055 0.00943845 0.0088072 0.0087567 0.0083628 0.00769115 0.00753965 0.0073932 0.0071003 0.0067872 0.00642865 0.0060499 0.0060499 0.00537825 0.0052015 0.0045854 0.0044137 0.0043329 0.0040703 0.0038582 0.00380265 0.0453086 
0.0080295 0.00855975 0.00877185 0.0093728 0.0087971 0.0095647 0.0100293 0.0101253 0.0102111 0.0103424 0.0107212 0.0103273 0.0106858 0.0108373 0.0107717 0.0108878 0.0110444 0.0107414 0.0109535 0.0105394 0.0110797 0.0103879 0.0108121 0.0101505 0.00954955 0.0094435 0.00935765 0.0096354 0.0091809 0.0089284 0.0084739 0.0081911 0.00810525 0.00768105 0.0072417 0.00707 0.0070397 0.00658015 0.00654985 0.00619635 0.00601455 0.0054944 0.00523685 0.0052318 0.00501465 0.00456015 0.00436825 0.00408545 0.00395415 0.00361075 0.0497375 
0.00698415 0.00747905 0.00755985 0.0075346 0.0078073 0.0084739 0.0080295 0.00854965 0.0089284 0.008888 0.0092314 0.0094839 0.00961015 0.00898395 0.0095243 0.00961015 0.0094839 0.00935765 0.0093425 0.0096859 0.0095849 0.00908495 0.00971115 0.00882235 0.00859005 0.00910515 0.00886275 0.0083123 0.0083224 0.0084739 0.00811535 0.00756995 0.0071912 0.0070902 0.00695385 0.00677205 0.0069286 0.0062115 0.00634785 0.00581255 0.00561055 0.0056156 0.0051914 0.005454 0.00479245 0.0045753 0.00436825 0.00420665 0.0039693 0.00374205 0.0539391 
0.0054641 0.0061812 0.0064741 0.00683265 0.0070801 0.0073124 0.0074235 0.007474 0.00727705 0.00810525 0.0076356 0.00808505 0.0078578 0.0080598 0.0087567 0.0084032 0.0084739 0.0085547 0.0087567 0.0085749 0.00843855 0.0081911 0.00835775 0.00799415 0.0078578 0.0080093 0.00766085 0.00795375 0.0075649 0.0073528 0.0073225 0.00728715 0.00660035 0.0068478 0.0067468 0.00647915 0.00615595 0.00586305 0.00585295 0.0059186 0.00537825 0.00524695 0.0051308 0.0047571 0.00467125 0.00442885 0.00414605 0.00397435 0.0039592 0.0038885 0.0574034 
0.0050298 0.0053631 0.0055045 0.00597415 0.0061913 0.0059893 0.0066256 0.00657005 0.00663065 0.00698415 0.00707 0.00685285 0.0071003 0.00729725 0.00735785 0.0073528 0.0074538 0.00719625 0.0077164 0.0077164 0.00760025 0.0073124 0.00736795 0.0071205 0.006969 0.0069589 0.0069791 0.0070094 0.00686295 0.00716595 0.00661045 0.0064438 0.00623675 0.00627715 0.0061206 0.0059489 0.00579235 0.00541865 0.00529745 0.00551965 0.00476215 0.0049389 0.0045652 0.0046561 0.0044238 0.0043329 0.00410565 0.003939 0.0038784 0.0035653 0.0611858 
0.0043632 0.00469145 0.00457025 0.0052015 0.00520655 0.005757 0.0054944 0.00548935 0.0058681 0.00554995 0.00606 0.0062014 0.00614585 0.00626705 0.0061105 0.0066862 0.00677205 0.0069488 0.00694375 0.00671145 0.00661045 0.0062216 0.0067165 0.00663065 0.0065145 0.00631755 0.006262 0.00654985 0.0061408 0.006363 0.006161 0.0059792 0.00606505 0.00574185 0.00574185 0.0052621 0.0052924 0.0054035 0.00496415 0.00505505 0.0046662 0.00451975 0.0047571 0.0045248 0.00417635 0.00409555 0.0038178 0.00386325 0.003737 0.00345925 0.0635088 
0.00354005 0.00415615 0.00410565 0.0043228 0.0045046 0.00471165 0.00496415 0.0049389 0.0048379 0.00516615 0.0052722 0.00544895 0.00535805 0.0059388 0.00586305 0.0057974 0.0059388 0.0058883 0.0060802 0.00603475 0.00590345 0.00591355 0.00572165 0.0059792 0.0058277 0.0057469 0.00593375 0.0056459 0.00602465 0.0058782 0.0053732 0.0055247 0.0053429 0.0054237 0.0050399 0.00524695 0.0050197 0.0049187 0.0046258 0.00479245 0.00430765 0.0042521 0.0042925 0.0041915 0.00406525 0.0038279 0.00382285 0.00359055 0.00340875 0.00342895 0.0655642 
0.0034037 0.00360065 0.0035552 0.00384305 0.00406525 0.0041107 0.0042824 0.00429755 0.00465105 0.0046056 0.00465105 0.0048783 0.00493385 0.0053732 0.00532775 0.0052722 0.0053631 0.0053025 0.00515605 0.00512575 0.00542875 0.0051207 0.0057065 0.00558025 0.00516615 0.0055348 0.0054742 0.0051611 0.00532775 0.005151 0.0049187 0.0049793 0.0050197 0.00484295 0.00486315 0.00455005 0.00467125 0.00440865 0.00432785 0.00444905 0.00431775 0.004444 0.0039087 0.0037168 0.00349965 0.00390365 0.0036966 0.00337845 0.00329765 0.0033027 0.0651804 
0 0 0 0 0 0 0 0 0 0 0 0 0 0 0 0 0 0 0 0 0 0 0 0 0 0 0 0 0 0 0 0 0 0 0 0 0 0 0 0 0 0 0 0 0 0 0 0 0 0 0 
Per-collision Densities L:
0.908126 0.746006 0.610373 0.498708 0.412393 0.338623 0.277583 0.224493 0.18481 0.152444 0.125568 0.102944 0.083926 0.0701496 0.0558581 0.0464095 0.037572 0.0320625 0.0254672 0.0212908 0.017372 0.0138572 0.0109939 0.0093829 0.00770125 0.00657005 0.00525705 0.0042925 0.0035451 0.0029795 0.00239875 0.00168165 0.00153015 0.0014544 0.0011312 0.00083325 0.0007575 0.0005959 0.0005555 0.00042925 0.00035855 0.00023735 0.0001818 0.00018685 0.0001818 0.00014645 8.08e-05 7.07e-05 7.575e-05 6.565e-05 0.00028785 
0.0544693 0.13631 0.185032 0.212358 0.224568 0.224669 0.219362 0.20704 0.194486 0.178462 0.159782 0.143334 0.128553 0.114019 0.0999799 0.0893194 0.0772701 0.0669681 0.0583023 0.0497274 0.043127 0.0364156 0.0321887 0.0273458 0.0230129 0.0195183 0.0169781 0.0151197 0.0123321 0.0104232 0.00871125 0.00730735 0.00630745 0.00578225 0.00435815 0.00385315 0.0030805 0.002828 0.00225735 0.0019796 0.00152005 0.00143925 0.00119685 0.0009292 0.0007575 0.00069185 0.0006464 0.00053025 0.0004545 0.00026765 0.00172205 
0.00702455 0.0248056 0.0460358 0.0653672 0.083522 0.0959399 0.106914 0.113125 0.117675 0.119549 0.115953 0.114393 0.109327 0.103964 0.0978791 0.0913646 0.084532 0.0783205 0.071407 0.0633169 0.0569186 0.0520302 0.0461621 0.0414302 0.0373044 0.0327998 0.0291789 0.0256237 0.0230785 0.0199879 0.017473 0.0152914 0.0134027 0.0116908 0.0102061 0.0086557 0.007272 0.00646905 0.00512575 0.00510555 0.00427735 0.0035047 0.00299465 0.0025048 0.0022725 0.00201495 0.00154025 0.0013433 0.00122715 0.00103525 0.0061812 
0.00352995 0.0106808 0.0184275 0.0268761 0.0355823 0.0434401 0.0520857 0.0576609 0.0631351 0.0681498 0.0712909 0.07322 0.074836 0.0745582 0.0741744 0.0717757 0.0705233 0.0670236 0.0641451 0.0613525 0.0570145 0.0535957 0.0496971 0.0455864 0.0416171 0.0384204 0.0355924 0.032315 0.0294769 0.0270125 0.024235 0.0217302 0.0192203 0.0177558 0.0154985 0.0138774 0.0121705 0.0106606 0.00916575 0.0081507 0.0070902 0.006565 0.00595395 0.0051106 0.0044844 0.0039188 0.0034845 0.00321685 0.00247955 0.0021816 0.0143218 
0.00216645 0.006767 0.0109181 0.0157358 0.020907 0.0253914 0.0293456 0.0340421 0.0372842 0.0410262 0.0442481 0.0473488 0.048273 0.0501819 0.0515151 0.0524695 0.0522473 0.0509091 0.0503384 0.0499647 0.0481063 0.0479195 0.0444703 0.0427786 0.0400314 0.0381174 0.0363853 0.0339007 0.0314514 0.0293001 0.0269064 0.024942 0.0222554 0.0213969 0.0191951 0.0179679 0.0161196 0.0138673 0.0131149 0.0118978 0.010398 0.00937785 0.00834765 0.0076154 0.0067973 0.00606 0.0053732 0.00464095 0.0042218 0.0039087 0.0274316 
0.00167155 0.0046157 0.00830725 0.0109131 0.0136906 0.017069 0.019791 0.0226594 0.0261338 0.0274872 0.0297445 0.0322443 0.0339461 0.0355672 0.0364812 0.0378346 0.0388547 0.0382487 0.038582 0.0385972 0.0380215 0.0380063 0.0370519 0.0362136 0.0352692 0.0341178 0.0321483 0.0310979 0.0291941 0.0282548 0.0268256 0.0257045 0.023528 0.0225836 0.0210636 0.0198718 0.0173316 0.0165287 0.0149531 0.0133017 0.0132815 0.0115847 0.0105495 0.0097263 0.00888295 0.00760025 0.0069488 0.0065852 0.0059994 0.00508535 0.0432937 
0.0011514 0.003535 0.00583275 0.00818605 0.0103525 0.0122261 0.0140946 0.0164378 0.018175 0.0197556 0.0223766 0.0239623 0.0241946 0.0263257 0.0270983 0.0290173 0.029088 0.0294163 0.0304616 0.0305525 0.0304061 0.0298152 0.0299364 0.0296183 0.0295829 0.0288103 0.0280982 0.0273609 0.0265984 0.0246087 0.0243764 0.0229169 0.0218312 0.0217251 0.0203616 0.0195082 0.0182002 0.0168822 0.0164024 0.0146703 0.0136098 0.0129836 0.0118019 0.0111454 0.0101455 0.0091607 0.0086658 0.0076356 0.00719625 0.00652965 0.0616403 
0.00080295 0.00263105 0.00450965 0.0060802 0.00752955 0.0091506 0.010701 0.0123675 0.0135441 0.015655 0.0162156 0.0177255 0.0187052 0.0200536 0.0213817 0.0227402 0.0226594 0.0235078 0.0231896 0.0240532 0.0244723 0.0241845 0.0244016 0.0248359 0.0247905 0.0240784 0.0238259 0.0233714 0.0227755 0.0225685 0.0217302 0.0209525 0.0205687 0.0191143 0.0191042 0.0180891 0.017776 0.0164024 0.0156096 0.0150339 0.0139885 0.013024 0.0126048 0.0117463 0.0104333 0.0098576 0.00958995 0.00915565 0.0083022 0.00748915 0.0788962 
0.00066155 0.00204525 0.0033431 0.0048177 0.0061307 0.00734775 0.00835775 0.00967075 0.0108121 0.0122261 0.0134987 0.0141754 0.0151702 0.0152611 0.0165489 0.017069 0.0178164 0.0184123 0.0193011 0.0200889 0.0199475 0.020094 0.0194425 0.0205232 0.0201546 0.0199829 0.0202202 0.0198819 0.0190638 0.0190537 0.0188567 0.0182457 0.0179932 0.0177255 0.0169983 0.0162206 0.0163923 0.0156803 0.0147157 0.0137815 0.0137158 0.0125846 0.0117413 0.0116605 0.0107515 0.0103828 0.00963035 0.0089587 0.0086254 0.0079285 0.0938341 
0.00058075 0.00175235 0.00264115 0.00405515 0.0046157 0.00598425 0.0070902 0.00787295 0.00851935 0.00981215 0.010297 0.0114686 0.0125089 0.0128119 0.0137007 0.0138976 0.0149228 0.015145 0.0157257 0.0163923 0.0159984 0.017064 0.0169983 0.0170892 0.0166549 0.0169327 0.0171902 0.0167761 0.0165842 0.0167155 0.0161903 0.0157005 0.0159883 0.0159782 0.0153975 0.0142966 0.0143925 0.0139178 0.0136148 0.0131401 0.0132159 0.0121604 0.0117665 0.0111302 0.0108676 0.00966065 0.00938795 0.0089991 0.0084234 0.0079184 0.106737 
0.00035855 0.00149985 0.0021513 0.00305525 0.0037774 0.00481265 0.0055954 0.0064034 0.00755985 0.0078376 0.0085951 0.0095445 0.0101859 0.010807 0.0107161 0.0119029 0.0119332 0.012519 0.013024 0.0136552 0.0138421 0.0140239 0.0139279 0.0145642 0.0146551 0.0142006 0.0144178 0.0148571 0.0143471 0.0139077 0.01363 0.0139734 0.0136704 0.0138471 0.0134128 0.0132058 0.0129836 0.0126604 0.0124735 0.0117059 0.0117564 0.0116453 0.0112464 0.0105747 0.0103222 0.0099283 0.00925665 0.00901425 0.0081507 0.0077871 0.114579 
0.0003838 0.00113625 0.00173215 0.0024341 0.0030906 0.004141 0.00483285 0.00525705 0.0057267 0.00681245 0.00703465 0.00779215 0.00850925 0.00889305 0.00963035 0.00958995 0.0100344 0.0102111 0.0110898 0.0112918 0.0114231 0.0117009 0.0120392 0.0118574 0.0124533 0.0120645 0.0124281 0.0128422 0.0124786 0.0129129 0.0124634 0.0123574 0.0118524 0.0118322 0.0121099 0.0116706 0.0114231 0.0113322 0.0110292 0.0105444 0.0108929 0.0104485 0.0100546 0.00966065 0.00901425 0.0090092 0.00912535 0.0089385 0.00789315 0.0077972 0.12074 
0.00021715 0.0009696 0.00145945 0.0023028 0.0027977 0.00341885 0.00370165 0.004747 0.00495405 0.0055651 0.0057772 0.0066256 0.0071912 0.00734775 0.00761035 0.00816585 0.00842845 0.00948895 0.00928695 0.00953945 0.0093829 0.0101253 0.0103929 0.0099283 0.0106656 0.0107919 0.0104535 0.0110949 0.01111 0.0105545 0.0111807 0.0111555 0.0104889 0.0107262 0.0106555 0.0104283 0.0102465 0.00998385 0.0103525 0.0096152 0.0095445 0.0097263 0.0093627 0.0089486 0.00853955 0.0082214 0.00832745 0.00822645 0.00790325 0.00750935 0.126063 
0.00022725 0.00074235 0.00130795 0.00197455 0.0020907 0.0027573 0.0034643 0.0037774 0.00414605 0.00483285 0.00537825 0.00516615 0.00553985 0.0063125 0.006565 0.00713565 0.00696395 0.00762045 0.0076053 0.00819615 0.0084638 0.00873145 0.008686 0.0089789 0.00957985 0.00944855 0.00940815 0.0094233 0.00979195 0.00953945 0.0098273 0.0097566 0.0093122 0.00919605 0.00930715 0.009696 0.00927685 0.009292 0.00852945 0.0089082 0.0085143 0.0086254 0.0083527 0.00818605 0.0081002 0.0077467 0.00768105 0.00739825 0.00698415 0.00681245 0.12929 
0.00020705 0.00073225 0.0011615 0.0014847 0.0019897 0.00236845 0.0028583 0.00312595 0.0035148 0.00404505 0.0042319 0.00460055 0.0050399 0.00530755 0.0056257 0.0057671 0.0067872 0.0064236 0.0065751 0.0070397 0.00764065 0.00746895 0.00738815 0.00750935 0.0078578 0.00818605 0.00801435 0.00784265 0.0082012 0.00852945 0.00829715 0.00867085 0.00866075 0.00817595 0.0085143 0.0083022 0.008383 0.0085143 0.00786285 0.0079588 0.00779215 0.0077366 0.00741845 0.0074639 0.0074538 0.0068074 0.00685285 0.0070902 0.00658015 0.0065044 0.131063 
0.0001414 0.00058075 0.00089385 0.0012524 0.00161095 0.0021917 0.0023735 0.0025654 0.00318655 0.0034138 0.0037067 0.0038481 0.0042622 0.0044036 0.00476215 0.00503485 0.00563075 0.0056863 0.00564085 0.00616605 0.0063125 0.0061509 0.0068074 0.006969 0.00689325 0.00723665 0.0074639 0.0073124 0.0073932 0.00718615 0.00748915 0.00730735 0.00746895 0.0074134 0.00749925 0.00736795 0.0076457 0.00741845 0.00759015 0.00692355 0.0075245 0.0072922 0.00670135 0.00664075 0.00670135 0.00665085 0.0061812 0.0061913 0.00615595 0.00632765 0.130103 
0.00018685 0.00046965 0.00087365 0.00108575 0.00129785 0.001818 0.0019594 0.0024442 0.00268155 0.0029189 0.0031916 0.00363095 0.00409555 0.00394405 0.00390365 0.00453995 0.0048379 0.00491365 0.0048682 0.00521665 0.00571155 0.0053934 0.00582265 0.00592365 0.00615595 0.00637815 0.00647915 0.0063327 0.0067468 0.0063832 0.00646905 0.00634785 0.00672155 0.00657005 0.0066357 0.0064842 0.0064135 0.00680235 0.00641855 0.00644885 0.00691345 0.00661045 0.00618625 0.00617615 0.0065347 0.0058479 0.00584285 0.00548935 0.00560045 0.00540855 0.128492 
0.0001919 0.00044945 0.00071205 0.0007979 0.0011918 0.00141905 0.0017675 0.0020907 0.00245935 0.0026058 0.00279265 0.0028785 0.0035451 0.00373195 0.00380265 0.0039087 0.00403495 0.00449955 0.00465105 0.0044743 0.00491365 0.00467125 0.0052116 0.0051914 0.00547925 0.00554995 0.00533785 0.005555 0.0057772 0.0057267 0.00583275 0.00560045 0.0058277 0.0062014 0.00598425 0.005858 0.00585295 0.00623675 0.00588325 0.00570145 0.00566105 0.00580245 0.0055146 0.00567115 0.00556005 0.0054338 0.00575195 0.0051914 0.00531765 0.00514595 0.124871 
0.0001111 0.00032825 0.00061105 0.000909 0.00100495 0.00123725 0.0015049 0.00175235 0.0018887 0.0021917 0.00241895 0.0026664 0.0027371 0.00325725 0.00346935 0.0035451 0.0037572 0.0037976 0.0039996 0.00399455 0.00433795 0.0041208 0.0045652 0.00469145 0.00471165 0.00481265 0.00501465 0.0047571 0.00487325 0.0052217 0.0054439 0.005151 0.00494395 0.005151 0.00504495 0.0052419 0.00535805 0.0053732 0.0051813 0.0052722 0.0053631 0.0053934 0.00486315 0.0051106 0.00499445 0.0050399 0.0049187 0.00470155 0.00477225 0.0047066 0.123139 
0 0 0 0 0 0 0 0 0 0 0 0 0 0 0 0 0 0 0 0 0 0 0 0 0 0 0 0 0 0 0 0 0 0 0 0 0 0 0 0 0 0 0 0 0 0 0 0 0 0 0 
