Half rod, albedo problem, Anisotropic scattering, exponential random flight, mu_t: 1 g: 0.1
Analogmu_t c: 0.999 maxx: 10 dx: 0.19802 numsamples: 1000000 numCollisionOrders: 20 numMoments: 10
total albedo: 0.935439
per-collision order albedos: 
0 0.224804 0.123312 0.079075 0.056151 0.042482 0.03329 0.027241 0.022361 0.019348 0.016376 0.014431 0.012847 0.011486 0.010225 0.009257 0.008476 0.007903 0.007238 0.006605 
Collision density L:
0.932427 0.925079 0.92167 0.915105 0.909212 0.904571 0.896708 0.897471 0.883467 0.883083 0.877483 0.871054 0.870701 0.860954 0.855404 0.853905 0.846431 0.841588 0.838477 0.832659 0.823953 0.820802 0.818004 0.812929 0.812065 0.807167 0.796638 0.792724 0.789684 0.781033 0.780023 0.773827 0.768923 0.7676 0.761227 0.753374 0.750905 0.749779 0.746112 0.736972 0.734189 0.730462 0.729063 0.723221 0.71759 0.709 0.706389 0.700753 0.69642 0.694163 117.402 
Collision density R:
0.996668 0.990502 0.983508 0.978483 0.971383 0.970024 0.957874 0.957924 0.951041 0.943855 0.936618 0.930397 0.929235 0.920888 0.914212 0.910071 0.905319 0.899218 0.897138 0.886098 0.882619 0.875099 0.870044 0.86558 0.865853 0.862787 0.85242 0.845774 0.844113 0.840557 0.836189 0.827316 0.824897 0.816105 0.817105 0.808136 0.802804 0.800637 0.79433 0.787664 0.783073 0.781164 0.778321 0.773458 0.767787 0.760141 0.756732 0.756248 0.744496 0.74132 125.442 
Density Moments:
64.6416 2163.71 144907 1.45572e+07 1.94261e+09 3.20676e+11 6.23167e+13 1.37307e+16 3.33136e+18 8.70058e+20 
Per-collision Density Moments:
1 1.00053 2.00163 6.01639 24.241 123.663 775.851 5898.87 53683.5 573340 
0.774211 1.3251 3.75171 14.5458 71.2706 421.774 2930.79 23485.9 214543 2.21535e+06 
0.650162 1.47906 5.21943 24.221 138.129 932.55 7283.61 64822.7 650274 7.28554e+06 
0.57044 1.5727 6.50428 34.6355 223.098 1677.99 14396.4 138481 1.4728e+06 1.71111e+07 
0.513753 1.63622 7.65253 45.4475 322.99 2655.59 24693.5 255390 2.89994e+06 3.57805e+07 
0.470708 1.68338 8.70101 56.5442 436.452 3874.33 38706.8 428275 5.18176e+06 6.78531e+07 
0.436948 1.72072 9.68455 68.0722 565.469 5382.26 57530.1 680627 8.81313e+06 1.23748e+08 
0.409281 1.75113 10.6051 79.758 705.735 7129.13 80643.5 1.00774e+06 1.37694e+07 2.04009e+08 
0.386508 1.77553 11.4746 91.7471 860.483 9185.67 109436 1.43484e+06 2.04822e+07 3.15558e+08 
0.366772 1.79459 12.2767 103.538 1021.13 11429.7 142412 1.94823e+06 2.89554e+07 4.63418e+08 
0.350044 1.81105 13.0422 115.484 1193.58 13984.7 182273 2.60758e+06 4.05216e+07 6.78077e+08 
0.335253 1.82618 13.7913 127.746 1378.25 16821.8 227920 3.38298e+06 5.44616e+07 9.43373e+08 
0.32209 1.83727 14.4736 139.534 1564.43 19823.1 278726 4.29423e+06 7.18198e+07 1.29433e+09 
0.31028 1.84876 15.1611 151.904 1768.23 23251.4 339416 5.44085e+06 9.51975e+07 1.8143e+09 
0.299749 1.85883 15.8163 164.069 1973.83 26780.5 402649 6.63193e+06 1.18783e+08 2.30364e+09 
0.290169 1.86721 16.4413 176.235 2187.38 30555.1 471617 7.94228e+06 1.44646e+08 2.83194e+09 
0.281414 1.87525 17.0613 188.748 2416.5 34812.5 554145 9.62222e+06 1.80514e+08 3.63126e+09 
0.273216 1.88051 17.6283 200.674 2640.45 39043.2 637047 1.13253e+07 2.17372e+08 4.4742e+09 
0.26568 1.88449 18.1731 212.6 2872.44 43582.1 729104 1.32761e+07 2.60594e+08 5.47354e+09 
0 0 0 0 0 0 0 0 0 0 
Per-collision Densities L:
0 0 0 0 0 0 0 0 0 0 0 0 0 0 0 0 0 0 0 0 0 0 0 0 0 0 0 0 0 0 0 0 0 0 0 0 0 0 0 0 0 0 0 0 0 0 0 0 0 0 0 
0.204803 0.166544 0.136805 0.113155 0.0930463 0.0756339 0.0619989 0.0508384 0.0409 0.0345471 0.0280528 0.0228361 0.019286 0.0158318 0.0126604 0.0105495 0.00850925 0.0068882 0.00586305 0.0044036 0.0040097 0.0033027 0.002626 0.00205535 0.00184325 0.00129785 0.00124735 0.00087365 0.00084335 0.0005656 0.0005151 0.00041915 0.0002828 0.0002929 0.000202 0.0001919 0.00016665 0.00018685 0.00012625 8.08e-05 0.0001414 6.565e-05 4.545e-05 3.03e-05 2.02e-05 3.03e-05 2.525e-05 1.515e-05 3.535e-05 5.05e-06 5.05e-05 
0.12272 0.119887 0.113019 0.104626 0.0957329 0.0880518 0.0773963 0.0687911 0.0612717 0.0548279 0.0472529 0.0413999 0.0355722 0.0315221 0.0270175 0.0231846 0.0207 0.0173215 0.0152308 0.0126755 0.0110545 0.00909 0.00806485 0.00661045 0.005959 0.0050803 0.0040905 0.00333805 0.0029795 0.0023129 0.00224725 0.0017776 0.0014746 0.0012221 0.00097465 0.00085345 0.0007878 0.0006464 0.0005252 0.0005353 0.00037875 0.0003333 0.00026765 0.00022725 0.00017675 0.00012625 0.0001515 0.0001111 8.08e-05 8.585e-05 0.00029795 
0.0801839 0.0811535 0.0804112 0.0784518 0.076149 0.0749925 0.069387 0.0664378 0.0603576 0.0566307 0.0518837 0.0472428 0.0433341 0.0384053 0.0346733 0.0316736 0.027568 0.025952 0.0217504 0.0196799 0.0174781 0.0157762 0.0129886 0.0119584 0.0106 0.0091809 0.0077568 0.006868 0.0058277 0.0053126 0.00438845 0.0040501 0.00321685 0.0029088 0.00231795 0.00199475 0.0016463 0.00169175 0.0014948 0.00112615 0.00097465 0.00077265 0.00066155 0.0005959 0.00048985 0.0003636 0.0003838 0.0002727 0.0003131 0.0002222 0.00120695 
0.0570398 0.0591709 0.0609535 0.0608626 0.0601809 0.0596102 0.0568832 0.0559288 0.0539896 0.0510454 0.0475862 0.0457783 0.0436017 0.0399152 0.0364812 0.034133 0.0317039 0.0293759 0.0262247 0.0245885 0.0220938 0.0196799 0.0178518 0.015852 0.0143622 0.0128775 0.0117615 0.0102919 0.00927685 0.0081305 0.0072215 0.0061105 0.0054439 0.00487325 0.0043733 0.0040501 0.00300475 0.00278255 0.00259065 0.0022826 0.00197455 0.0016463 0.0013332 0.00124735 0.00101 0.00104535 0.0007373 0.00074235 0.00057065 0.0005252 0.0032724 
0.0436674 0.0453692 0.0466368 0.0471822 0.0475306 0.0470509 0.0473387 0.0476215 0.0453945 0.0435108 0.0422332 0.0416928 0.0407687 0.0386224 0.0368852 0.0336633 0.0322291 0.030199 0.0282598 0.0263408 0.0235633 0.0218615 0.0203061 0.0187961 0.0176397 0.0159277 0.014039 0.0127462 0.0117817 0.0104788 0.0093728 0.00865065 0.00802445 0.0072215 0.00617615 0.00535805 0.0045753 0.0043632 0.00412585 0.00321685 0.00291385 0.0025553 0.0025048 0.00221695 0.0017574 0.00159075 0.00137865 0.0012827 0.00105545 0.0009999 0.0064337 
0.0349006 0.0355874 0.0368549 0.0381528 0.0385265 0.0391022 0.0392739 0.0395769 0.0389254 0.0399203 0.038072 0.0374559 0.0366378 0.035345 0.0336532 0.0322594 0.0299768 0.0294062 0.028073 0.0255278 0.0247046 0.0234472 0.021912 0.019897 0.0187911 0.0173316 0.0161045 0.0148874 0.0135795 0.0127159 0.0115342 0.0106303 0.00980205 0.00838805 0.0081305 0.00722655 0.00649935 0.00579235 0.0051712 0.00465105 0.00416625 0.0036865 0.0033835 0.00308555 0.00268155 0.0023533 0.002222 0.0018685 0.0016564 0.0016463 0.0108828 
0.0272852 0.0284467 0.0304616 0.0314514 0.0325321 0.0333149 0.0335926 0.0342138 0.0339613 0.03383 0.0332189 0.0326735 0.0325725 0.0313353 0.0308858 0.0302495 0.0288961 0.0271337 0.0268054 0.0251844 0.0247652 0.0231947 0.0214827 0.0205131 0.0197556 0.0181043 0.0169428 0.0158924 0.0149127 0.0137158 0.0130896 0.0119988 0.0111201 0.0098475 0.0094839 0.0082517 0.0077366 0.00664075 0.00639835 0.00573175 0.0055247 0.00498435 0.00456015 0.0040703 0.00376225 0.00326735 0.0029492 0.002929 0.0025149 0.00232805 0.0171145 
0.02323 0.0252046 0.0257096 0.0269367 0.027775 0.0284618 0.0293001 0.0294567 0.0292345 0.0294668 0.0295274 0.0293355 0.0293304 0.0289214 0.0280174 0.028179 0.0268913 0.025851 0.0256288 0.0240481 0.0229927 0.0226594 0.0209121 0.0203313 0.0196344 0.0188719 0.0179275 0.0168872 0.0153217 0.0147511 0.0136502 0.0130997 0.0121958 0.0110797 0.0101404 0.0095647 0.00921625 0.00812545 0.00749925 0.00709525 0.0067367 0.0060499 0.00554995 0.00506515 0.00440865 0.00426725 0.00389355 0.00329765 0.00295425 0.00283305 0.0245178 
0.0199273 0.0202606 0.0221039 0.0230432 0.0236946 0.0252753 0.0255227 0.0264317 0.0256389 0.0262196 0.0260681 0.0260176 0.0262752 0.0259318 0.0253157 0.0256944 0.0249672 0.0242501 0.0246339 0.0231189 0.0223968 0.0216342 0.0214827 0.0198617 0.0194274 0.0184679 0.018579 0.0173872 0.015958 0.014544 0.0139835 0.0137512 0.0130846 0.0116706 0.0112262 0.0102768 0.0096354 0.00910515 0.0083628 0.0077568 0.0070195 0.0067569 0.00633775 0.0056358 0.0051813 0.00484295 0.0046864 0.0041006 0.00373195 0.0033734 0.0338754 
0.017266 0.0176952 0.0193718 0.0198263 0.0207757 0.0216999 0.021811 0.0229169 0.0237805 0.0234017 0.0233613 0.0238916 0.024033 0.0243057 0.0238865 0.0234118 0.0223867 0.022422 0.0223968 0.0221392 0.0207909 0.0205081 0.0199172 0.0194021 0.0189173 0.0181093 0.0169428 0.0164479 0.0165135 0.0147359 0.0144329 0.0130492 0.013327 0.0121604 0.0117817 0.0105899 0.0104232 0.0096859 0.00895365 0.00860015 0.0080295 0.00752955 0.0070801 0.00674175 0.00629735 0.00544895 0.00515605 0.0049995 0.00456015 0.0040602 0.0421271 
0.0148521 0.0158974 0.0168418 0.0181093 0.0186951 0.019392 0.020402 0.0201899 0.0204121 0.0214019 0.0218514 0.0213868 0.0211999 0.0206798 0.0213716 0.0209525 0.0210131 0.0212706 0.0209878 0.0206343 0.0197859 0.0195536 0.0190082 0.0184275 0.0177861 0.0177811 0.0160792 0.0164327 0.0160136 0.0148066 0.014544 0.013433 0.0130341 0.0124836 0.0117867 0.0110797 0.0105444 0.0104434 0.0096859 0.0091506 0.0083628 0.00808 0.00795375 0.0069286 0.00681245 0.0060701 0.00584285 0.00533785 0.0050904 0.00466115 0.0517019 
0.0136451 0.0140037 0.0153874 0.0162358 0.0161045 0.0169226 0.0174528 0.0181245 0.0185487 0.0191042 0.0195082 0.0197405 0.0197354 0.0197354 0.0197253 0.0197455 0.0199526 0.0196041 0.0192759 0.0190335 0.018983 0.0180639 0.0182406 0.0176649 0.0178467 0.0168923 0.0163216 0.0154934 0.0152106 0.0144026 0.014236 0.0139077 0.0127866 0.0129684 0.0124685 0.0119079 0.0112615 0.0104687 0.00982225 0.0092314 0.00914555 0.00837795 0.0081002 0.00772145 0.00696395 0.006565 0.00621655 0.00588325 0.0054136 0.0051914 0.0623574 
0.0116857 0.012928 0.0134027 0.0143319 0.0148975 0.0158065 0.0157207 0.0163974 0.0166802 0.0170892 0.0178821 0.0174983 0.0178619 0.0180689 0.0183214 0.017973 0.0182204 0.018175 0.0178821 0.0180538 0.0177609 0.017372 0.0173922 0.0165842 0.0168115 0.0159328 0.0157661 0.0154581 0.0145844 0.0141804 0.0143774 0.0131704 0.0129482 0.0124533 0.0119534 0.0115898 0.0108222 0.0106656 0.0101505 0.00923645 0.0092617 0.0087769 0.00817595 0.0079487 0.00722655 0.00688315 0.00659025 0.00632765 0.00577215 0.00547925 0.0704778 
0.0108626 0.011312 0.012221 0.012827 0.0133573 0.0135441 0.0150844 0.0153975 0.0153874 0.0155843 0.0158974 0.0157964 0.0158671 0.0167812 0.017064 0.0170387 0.01717 0.0172205 0.0159732 0.0169529 0.0168317 0.0163873 0.0161954 0.0159631 0.0156904 0.0152662 0.0150036 0.0141198 0.0141653 0.0143521 0.01363 0.013433 0.0124937 0.0124685 0.0119786 0.011312 0.0109838 0.0105242 0.0102515 0.0094637 0.00913545 0.0090597 0.0082719 0.00824665 0.0075346 0.00723665 0.00693365 0.0065751 0.00665085 0.00601455 0.0793911 
0.0096354 0.0103273 0.0110696 0.0113221 0.0125695 0.0128018 0.0129583 0.01363 0.0139633 0.0143319 0.0146147 0.0154934 0.0154884 0.015549 0.0157712 0.0155086 0.0155389 0.0157661 0.0162105 0.0158924 0.0154126 0.015246 0.0154985 0.015246 0.0147208 0.0149783 0.014337 0.0143218 0.0137209 0.0135492 0.0129381 0.0130543 0.0127614 0.0121907 0.0114484 0.0118221 0.0110191 0.0110393 0.0104384 0.009898 0.00911525 0.00917585 0.00891325 0.0085749 0.00764065 0.0073023 0.0074134 0.00674175 0.0063024 0.0060903 0.0888649 
0.00914555 0.00965055 0.0100192 0.0105949 0.0114888 0.0114484 0.012418 0.0125947 0.0126503 0.0133219 0.0137007 0.0133825 0.0141653 0.0144582 0.0144531 0.0146198 0.0151046 0.0152157 0.0147915 0.0146753 0.0144228 0.0145339 0.0148571 0.0147713 0.014342 0.0140794 0.0135946 0.0135037 0.0133623 0.0129381 0.0126301 0.0129836 0.0126452 0.0122816 0.0114231 0.0107212 0.0110797 0.0106353 0.0102061 0.00950915 0.0090698 0.00875165 0.00865065 0.00848905 0.0077871 0.0075043 0.0073831 0.00678215 0.00669125 0.0064034 0.0982175 
0.00831735 0.0087466 0.0094233 0.00963035 0.010095 0.0103576 0.0111807 0.0118322 0.0114989 0.0130139 0.0125644 0.0125745 0.013024 0.0132815 0.013231 0.013731 0.0137663 0.0136552 0.0139178 0.0139481 0.0140289 0.0135441 0.0136199 0.0138926 0.0138623 0.0132916 0.0134785 0.0127412 0.0127765 0.0125493 0.0125139 0.0121049 0.0118978 0.0114989 0.0113575 0.0111605 0.0108575 0.0101253 0.0101303 0.00954955 0.00943845 0.0094839 0.00885265 0.0084133 0.0079184 0.0078881 0.00749925 0.0068983 0.0066054 0.006565 0.106328 
0.00755985 0.00798405 0.0085345 0.0090193 0.00942835 0.010201 0.0102919 0.0108272 0.0108777 0.0114383 0.0119231 0.0123725 0.012524 0.0124836 0.0124331 0.0131149 0.0129583 0.0132765 0.0125897 0.0132967 0.013231 0.0129583 0.0133724 0.0130694 0.0127816 0.0134229 0.0125846 0.0126705 0.0124079 0.0122917 0.0119786 0.0113423 0.0117211 0.0113625 0.0107818 0.0106606 0.0098172 0.0102869 0.0096657 0.0100899 0.0092213 0.0088779 0.00848905 0.0085244 0.0079285 0.0079689 0.00759015 0.00715585 0.0069185 0.0066256 0.114004 
0 0 0 0 0 0 0 0 0 0 0 0 0 0 0 0 0 0 0 0 0 0 0 0 0 0 0 0 0 0 0 0 0 0 0 0 0 0 0 0 0 0 0 0 0 0 0 0 0 0 0 
Per-collision Densities L:
0.906354 0.74336 0.609777 0.501667 0.411151 0.338567 0.27469 0.227715 0.186678 0.151732 0.126184 0.102722 0.0851531 0.0689881 0.0560449 0.0462934 0.0388194 0.0310828 0.0260934 0.0210787 0.0168569 0.013938 0.0116958 0.0097162 0.00782245 0.006767 0.00532775 0.0041107 0.0035754 0.0028482 0.0022826 0.00179275 0.0015857 0.0014342 0.0010908 0.00095445 0.00067165 0.00063125 0.00049995 0.0003939 0.00035855 0.0002424 0.00025755 0.00014645 0.00015655 0.000101 0.0001111 5.555e-05 9.09e-05 4.545e-05 0.00028785 
0.0474751 0.120493 0.163812 0.188996 0.200303 0.201288 0.194243 0.183775 0.171756 0.15702 0.143986 0.128689 0.114287 0.101752 0.090289 0.0787699 0.0677205 0.0598223 0.0524544 0.0446622 0.0389153 0.0335472 0.0280124 0.0244471 0.0207555 0.0181901 0.0157813 0.0128674 0.0111656 0.0095546 0.0080497 0.0065448 0.00538835 0.0047268 0.0040501 0.0032724 0.0028886 0.00241895 0.0021513 0.00195435 0.00131805 0.00131805 0.0009999 0.0008585 0.00067165 0.00059085 0.00048985 0.0004141 0.00032825 0.00031815 0.00143925 
0.0105646 0.0323453 0.05302 0.0706546 0.0849259 0.0978084 0.103328 0.110787 0.111014 0.110014 0.10806 0.103333 0.0983235 0.0933392 0.0856733 0.0809616 0.0731897 0.0669125 0.0615141 0.0557823 0.0496213 0.0456924 0.0401879 0.035552 0.0318857 0.0283053 0.0249723 0.0217554 0.0192809 0.0167913 0.0146501 0.0131149 0.0112817 0.0100546 0.00834765 0.0069791 0.00568125 0.0053227 0.00465105 0.0039087 0.0034845 0.00310575 0.0026361 0.002121 0.00185335 0.0014544 0.00128775 0.00111605 0.0009797 0.0009292 0.00470155 
0.00573175 0.0165893 0.027371 0.0367792 0.0462075 0.0544895 0.0618827 0.0671398 0.0704122 0.0750077 0.0755531 0.0747754 0.0755076 0.0730786 0.0725635 0.0694426 0.0653723 0.0628473 0.0591507 0.0555652 0.0509596 0.0471468 0.0449854 0.0405263 0.0373397 0.0340017 0.0306737 0.0278104 0.0246238 0.0224725 0.0204374 0.018281 0.0162055 0.0140996 0.0130997 0.0112615 0.0100748 0.00890315 0.00777195 0.00669125 0.00609535 0.00535805 0.00470155 0.004141 0.00348955 0.0032724 0.00264115 0.0022624 0.0018786 0.00176245 0.0111302 
0.0035047 0.0104081 0.0170589 0.0244218 0.0295577 0.0354207 0.041001 0.046056 0.0477629 0.0520049 0.0539795 0.0552622 0.0576862 0.0577922 0.0575549 0.0568226 0.0558328 0.0539694 0.0528331 0.0492779 0.0487477 0.0460358 0.0432684 0.0397587 0.0374761 0.0353601 0.0329917 0.0304818 0.0284315 0.0257702 0.0236694 0.021306 0.0199425 0.0180639 0.0162257 0.0145339 0.0134936 0.0119635 0.0107262 0.00968085 0.00849915 0.00770125 0.0072417 0.0058984 0.0052318 0.00492375 0.0041814 0.00368145 0.00327745 0.00291385 0.0207 
0.00254015 0.00736795 0.0125695 0.0167509 0.0215282 0.025346 0.0295425 0.0332189 0.0355116 0.0395011 0.0412484 0.042925 0.0455005 0.0455308 0.0456924 0.0460813 0.0466065 0.045647 0.0457379 0.0431523 0.042415 0.0407485 0.0397839 0.03838 0.0365115 0.0349662 0.0330573 0.030704 0.0286689 0.0270175 0.0255783 0.0239017 0.0224271 0.0201445 0.0189729 0.0173569 0.0156752 0.014337 0.0129886 0.0119786 0.010499 0.00979195 0.0090698 0.0083224 0.0073023 0.00667105 0.00594385 0.0051207 0.004646 0.004343 0.0326432 
0.00177255 0.0059085 0.0092213 0.0133219 0.016155 0.0192759 0.0221594 0.0257298 0.0287295 0.0302697 0.0318756 0.0344107 0.0351329 0.0369054 0.0378296 0.0388547 0.038784 0.0382184 0.0388194 0.0391173 0.0373246 0.0369408 0.0355066 0.0347087 0.0337997 0.0329058 0.0312999 0.0295728 0.0285426 0.0271236 0.0253258 0.0239976 0.0226897 0.0218514 0.0204273 0.0188921 0.0167155 0.0164529 0.0144683 0.0134229 0.0125947 0.012019 0.0111807 0.0101909 0.00854965 0.00784265 0.0074841 0.0070195 0.00602465 0.0055853 0.0475811 
0.00157055 0.0043228 0.00760025 0.0101455 0.0129634 0.016256 0.0182507 0.0198314 0.0220584 0.0245329 0.0261085 0.0279316 0.0290931 0.031007 0.0313757 0.0320019 0.0337542 0.0335219 0.0337997 0.0332341 0.0332543 0.0330826 0.0323857 0.0314969 0.0314413 0.0304414 0.0284063 0.0281184 0.0273963 0.0262247 0.025452 0.0235381 0.0224523 0.0218766 0.0206192 0.0192102 0.0183467 0.0168973 0.0157914 0.0145794 0.0139734 0.0133219 0.0120544 0.0114231 0.0099182 0.00950915 0.00929705 0.0082113 0.00735785 0.0067367 0.0630695 
0.0012827 0.00337845 0.0057166 0.0080093 0.0101253 0.0126604 0.0146652 0.0171044 0.018882 0.0198869 0.0221544 0.0228917 0.0249117 0.0259368 0.0267751 0.0273559 0.0281841 0.0287295 0.0287093 0.0286335 0.02878 0.0290981 0.0291941 0.0290274 0.0281841 0.0279164 0.0263055 0.026659 0.0256894 0.0253005 0.0241542 0.0233209 0.0224271 0.0216544 0.0206798 0.0189577 0.0185891 0.0169933 0.0158873 0.0148672 0.0142663 0.0133169 0.0125341 0.0119837 0.0113777 0.0102515 0.00974145 0.00921625 0.0087567 0.00789315 0.0808152 
0.0008888 0.0028684 0.0047773 0.0069387 0.00869105 0.010802 0.0124281 0.0140188 0.015352 0.0173872 0.0183214 0.0197152 0.021306 0.0215534 0.0230987 0.0235179 0.0245228 0.0255682 0.0253914 0.0257601 0.0260378 0.0248309 0.0254924 0.0258712 0.0257348 0.0254823 0.0247703 0.0239421 0.0235078 0.0236845 0.0229523 0.0220534 0.0211949 0.0205889 0.0197859 0.0189173 0.0181346 0.017266 0.0163216 0.0154278 0.0147511 0.0138522 0.01313 0.0125846 0.0118423 0.0113171 0.0103828 0.0102566 0.0091708 0.00861025 0.0968742 
0.00086355 0.00253005 0.00429755 0.00623675 0.00725685 0.00909505 0.0107515 0.0121049 0.0139279 0.0144279 0.0158722 0.0177508 0.0180184 0.0194425 0.0194981 0.0206545 0.021508 0.0222503 0.0220786 0.0232906 0.0230331 0.0232704 0.0227755 0.0232856 0.0229321 0.0231846 0.0234169 0.0230179 0.0223059 0.0215585 0.0215686 0.0211494 0.0200839 0.020099 0.0187002 0.0180285 0.0183164 0.0167761 0.0160439 0.0156197 0.0148521 0.0144531 0.0138421 0.013231 0.0122917 0.0116504 0.0111252 0.010201 0.0094031 0.0090496 0.112504 
0.0007777 0.0021513 0.0033936 0.0052419 0.00633775 0.00795375 0.0091304 0.0104182 0.0119029 0.0128523 0.0138067 0.0149682 0.0156803 0.0169428 0.017675 0.0187456 0.0197859 0.0199324 0.0198314 0.0209474 0.0207606 0.0205333 0.0211444 0.0208262 0.0211393 0.0216645 0.0212252 0.0215282 0.0206293 0.0209575 0.0198768 0.0195385 0.0191395 0.0183921 0.0181548 0.017877 0.0168418 0.0165438 0.0161045 0.015756 0.0148824 0.0145844 0.0134027 0.0131553 0.0124533 0.0117362 0.0110191 0.0109737 0.0102616 0.0093021 0.127906 
0.00072215 0.0019089 0.0031411 0.0045551 0.00548935 0.0071205 0.0078982 0.0092718 0.0103879 0.0116756 0.0119938 0.0134684 0.0141653 0.0149884 0.0157257 0.0157863 0.0169024 0.017473 0.0180588 0.0187254 0.0195082 0.0191597 0.0188921 0.0194324 0.019594 0.0194476 0.0192708 0.0189072 0.0186648 0.0198061 0.0188466 0.0183366 0.0182154 0.0172963 0.0177154 0.0167812 0.0160944 0.0160792 0.0156197 0.0149682 0.0146804 0.0140895 0.0133825 0.0134734 0.0130139 0.0115999 0.0110242 0.0107919 0.0101909 0.00963035 0.140885 
0.00068175 0.0017978 0.0027876 0.00399455 0.0051611 0.0060398 0.00702455 0.00818605 0.0092819 0.0100192 0.0110444 0.0118827 0.0123877 0.0131805 0.0139128 0.0147814 0.0153823 0.0163166 0.0161802 0.0168266 0.0170236 0.0175437 0.0177912 0.0181194 0.0181043 0.0184578 0.0180689 0.0179326 0.018079 0.0177003 0.0170034 0.0171246 0.0171448 0.0171953 0.0166246 0.0161449 0.016256 0.015756 0.0147965 0.0150036 0.0143673 0.0134936 0.0135946 0.0131149 0.0125139 0.0120039 0.0114433 0.0109131 0.0102263 0.00979195 0.155707 
0.0005151 0.00159075 0.00264115 0.00346935 0.00474195 0.0057166 0.00652965 0.00721645 0.00814565 0.0091506 0.00973135 0.0109737 0.0116251 0.0122564 0.0130341 0.0127513 0.0129634 0.0141905 0.0149127 0.0154985 0.0159328 0.0157762 0.0157914 0.0166549 0.0163469 0.0168771 0.0172256 0.0168468 0.0174781 0.0168367 0.0162055 0.0165741 0.0165539 0.0160994 0.0157207 0.0154076 0.0155591 0.0151248 0.0143117 0.0137916 0.0140491 0.0135492 0.0132159 0.0125846 0.0122362 0.0112868 0.0119029 0.0112413 0.010802 0.0100192 0.167175 
0.00047975 0.00138875 0.00240885 0.0031613 0.00398445 0.0050803 0.0060802 0.00655995 0.00770125 0.0087466 0.00859005 0.00956975 0.0103677 0.0105899 0.0116403 0.0123624 0.012322 0.0126553 0.0139077 0.0138219 0.0145491 0.0148218 0.0144834 0.0154581 0.0152813 0.0150086 0.0153924 0.015751 0.0158924 0.0154985 0.0160388 0.0156096 0.0154025 0.0149177 0.0149177 0.0148268 0.0143117 0.0142562 0.0141804 0.0132714 0.0134482 0.0132815 0.0126099 0.0122463 0.0121554 0.0115191 0.0109737 0.0109181 0.0102818 0.0100596 0.178356 
0.00047975 0.00133825 0.00197455 0.00269165 0.00373195 0.00462075 0.0053833 0.00576205 0.0070498 0.00726695 0.00801435 0.00880215 0.00910515 0.0102667 0.0104636 0.0112868 0.0115191 0.0118726 0.0126301 0.0130038 0.0132159 0.0136401 0.0131502 0.0139279 0.014034 0.0140542 0.0147662 0.0142966 0.0143622 0.0150894 0.0148066 0.0144178 0.0150642 0.0143976 0.0144834 0.0141299 0.0138168 0.0137562 0.0134532 0.0130543 0.0131149 0.0126856 0.0128573 0.0121402 0.0117968 0.0115999 0.01111 0.0106252 0.010196 0.009797 0.18789 
0.0003939 0.0012019 0.0019089 0.0028482 0.0033128 0.0042925 0.00468135 0.00554995 0.00604485 0.006969 0.00717605 0.0082416 0.0086557 0.00901425 0.00969095 0.0102162 0.0107464 0.0109181 0.0116453 0.0119534 0.0125442 0.0126654 0.0124028 0.013231 0.0139431 0.0137007 0.0133674 0.0137613 0.0139582 0.0135441 0.0139683 0.0134482 0.0139178 0.0132007 0.0134835 0.0137007 0.0136956 0.0128876 0.0133674 0.0128573 0.0122513 0.0118069 0.0123422 0.0117867 0.0115746 0.0107868 0.0110191 0.0106858 0.0098576 0.0096051 0.196258 
0.0003434 0.0012019 0.00171195 0.00247955 0.00311585 0.00363095 0.00450965 0.00526715 0.00554995 0.0061408 0.00688315 0.00718615 0.00778205 0.00828705 0.0087163 0.0094132 0.0096354 0.0102515 0.0104333 0.0106454 0.0113171 0.0116756 0.0119332 0.0120342 0.0130088 0.012721 0.0130492 0.0128169 0.0133118 0.0128472 0.0130189 0.013029 0.0129583 0.0128624 0.0126503 0.0125745 0.0129078 0.0126907 0.012322 0.01212 0.0121806 0.0118322 0.0115191 0.0118473 0.0112211 0.010903 0.0105394 0.0107262 0.00994345 0.00954955 0.203454 
0 0 0 0 0 0 0 0 0 0 0 0 0 0 0 0 0 0 0 0 0 0 0 0 0 0 0 0 0 0 0 0 0 0 0 0 0 0 0 0 0 0 0 0 0 0 0 0 0 0 0 
