Half rod, albedo problem, isotropic scattering, exponential random flight, mu_t: 3
Analogmu_t c: 0.98 maxx: 10 dx: 0.19802 numsamples: 1000000 numCollisionOrders: 20 numMoments: 10
total albedo: 0.751703
per-collision order albedos: 
0 0.244497 0.120324 0.074076 0.050198 0.037007 0.028276 0.022734 0.018692 0.015586 0.013021 0.011227 0.00972 0.008508 0.007559 0.006809 0.005858 0.005461 0.004784 0.004334 
Collision density L:
2.16372 1.98696 1.825 1.68216 1.53549 1.41422 1.30487 1.19805 1.10705 1.01467 0.933775 0.857884 0.790133 0.724736 0.666358 0.6146 0.567337 0.520302 0.47369 0.436699 0.405404 0.370443 0.338825 0.310954 0.289178 0.261853 0.241476 0.222023 0.204853 0.186562 0.171059 0.158333 0.1459 0.135325 0.122579 0.114115 0.104298 0.0954349 0.0879256 0.0821585 0.0746895 0.0694476 0.0617464 0.057368 0.0528331 0.0481114 0.0443289 0.041102 0.0374559 0.034436 0.386976 
Collision density R:
2.88293 2.64051 2.4307 2.24372 2.05433 1.88379 1.7374 1.59426 1.47047 1.34888 1.23895 1.14228 1.05127 0.963894 0.883189 0.811596 0.750839 0.69238 0.635179 0.578942 0.535421 0.493602 0.451541 0.415509 0.382033 0.352086 0.321185 0.2944 0.271826 0.251445 0.226649 0.209459 0.192572 0.177821 0.163615 0.151692 0.138638 0.12723 0.117104 0.108252 0.0996365 0.0915666 0.0843754 0.0764621 0.0697153 0.0645491 0.0587669 0.0546208 0.0498738 0.0462277 0.514969 
Density Moments:
12.3571 28.9953 135.657 949.845 8870.77 104201 1.49292e+06 2.56866e+07 5.24646e+08 1.24964e+10 
Per-collision Density Moments:
1 0.33351 0.222766 0.223477 0.298922 0.498249 0.988328 2.25266 5.73571 15.945 
0.73539 0.408139 0.381211 0.491849 0.807224 1.607 3.75806 10.0784 30.394 101.318 
0.600506 0.439946 0.506362 0.773244 1.46085 3.27938 8.50616 24.9376 81.0828 287.504 
0.514573 0.456037 0.611172 1.06315 2.25196 5.59675 15.9104 50.7495 178.784 686.148 
0.453883 0.463398 0.69912 1.34933 3.13718 8.48525 26.0744 89.4226 337.301 1381.47 
0.407725 0.466321 0.775468 1.63206 4.10062 11.893 38.9395 141.659 565.778 2456.98 
0.371167 0.466419 0.841726 1.90512 5.10643 15.6824 53.9966 205.269 851.961 3828.29 
0.34105 0.464495 0.900223 2.17642 6.20736 20.2214 73.6511 295.44 1290.96 6094.61 
0.315426 0.46103 0.951442 2.43818 7.34712 25.2283 96.6749 407.265 1864.77 9196.02 
0.293566 0.457452 0.998949 2.69709 8.53462 30.6872 122.782 538.238 2553.51 12977.8 
0.274566 0.452103 1.03825 2.93831 9.72182 36.4867 152.269 696.507 3452.81 18374.6 
0.257882 0.446664 1.07433 3.1771 10.9628 42.8337 185.81 882.385 4538.18 25056.9 
0.242957 0.440948 1.10686 3.41093 12.2593 49.8994 225.65 1118.44 6014.75 34807.8 
0.229504 0.434978 1.1359 3.63221 13.5181 56.8653 265.2 1352.38 7462.5 44190.5 
0.217255 0.428471 1.16045 3.83883 14.7471 63.8952 306.253 1601.4 9038.98 54605.3 
0.206099 0.422132 1.18298 4.04255 16.0298 71.6588 354.229 1909.09 11094.7 68905 
0.196095 0.4158 1.20336 4.23909 17.298 79.4501 402.987 2226.59 13262.8 84468.8 
0.186677 0.408839 1.21924 4.42284 18.5841 87.9196 459.534 2617.65 16084.1 105754 
0.178218 0.402577 1.23546 4.60494 19.8469 96.1163 513.173 2979.7 18626 124378 
0 0 0 0 0 0 0 0 0 0 
Per-collision Densities L:
0 0 0 0 0 0 0 0 0 0 0 0 0 0 0 0 0 0 0 0 0 0 0 0 0 0 0 0 0 0 0 0 0 0 0 0 0 0 0 0 0 0 0 0 0 0 0 0 0 0 0 
0.555818 0.305949 0.169382 0.0929453 0.0512979 0.0278356 0.0158671 0.00853955 0.00470155 0.0026462 0.00150995 0.0007575 0.00059085 0.0002727 0.0001313 9.595e-05 3.03e-05 2.525e-05 1.515e-05 1.515e-05 0 0 0 0 0 0 0 0 0 0 0 0 0 0 0 0 0 0 0 0 0 0 0 0 0 0 0 0 0 0 0 
0.344541 0.279709 0.201596 0.140178 0.0923393 0.057671 0.0372034 0.0234623 0.0143168 0.0087163 0.0055146 0.00303 0.001818 0.0011918 0.0006262 0.00044945 0.00026765 0.00015655 0.00011615 2.525e-05 2.02e-05 1.01e-05 0 5.05e-06 0 1.515e-05 0 0 0 0 0 0 0 0 0 0 0 0 0 0 0 0 0 0 0 0 0 0 0 0 0 
0.22375 0.21459 0.183997 0.144152 0.107863 0.0773963 0.054742 0.0374559 0.0246541 0.0156853 0.0104889 0.0063731 0.00423695 0.00255025 0.0016059 0.0010605 0.00070195 0.0003737 0.0002525 0.00011615 8.585e-05 6.06e-05 4.04e-05 2.525e-05 1.01e-05 5.05e-06 0 0 0 0 0 0 0 0 0 0 0 0 0 0 0 0 0 0 0 0 0 0 0 0 0 
0.159519 0.16467 0.153414 0.132108 0.108373 0.0851784 0.063726 0.0475155 0.0330977 0.0231189 0.0163216 0.0111403 0.0067771 0.00476215 0.00299465 0.002222 0.0013736 0.0007979 0.0005858 0.0002828 0.0002828 0.0001414 9.09e-05 7.07e-05 2.02e-05 1.515e-05 5.05e-06 0 0 5.05e-06 0 0 0 0 0 0 0 0 0 0 0 0 0 0 0 0 0 0 0 0 0 
0.120064 0.127598 0.126467 0.116827 0.101182 0.0842189 0.0668974 0.051707 0.0398294 0.0289668 0.021003 0.0149884 0.0103475 0.00689325 0.00512575 0.00354005 0.0023937 0.0016766 0.00119685 0.00071205 0.0004848 0.0002929 0.00020705 0.00010605 0.0001313 3.535e-05 2.525e-05 3.03e-05 2.525e-05 1.515e-05 5.05e-06 5.05e-06 0 0 0 0 0 0 0 0 0 0 0 0 0 0 0 0 0 0 0 
0.0934301 0.10453 0.105863 0.101778 0.0909606 0.0795476 0.0663015 0.0544996 0.0433997 0.0331937 0.0252551 0.0190537 0.0138724 0.0100849 0.00734775 0.00498435 0.00354005 0.00273205 0.0017776 0.00115645 0.0007373 0.000505 0.00026765 0.00020705 0.00016665 8.08e-05 7.07e-05 3.03e-05 3.03e-05 1.515e-05 5.05e-06 0 0 5.05e-06 0 0 0 0 0 0 0 0 0 0 0 0 0 0 0 0 0 
0.0764116 0.0844259 0.088572 0.0877286 0.0815222 0.0736947 0.0644229 0.0549289 0.0451521 0.0357136 0.0284719 0.0217554 0.0171044 0.0122917 0.00887285 0.006464 0.00495405 0.0035249 0.00232805 0.00156045 0.0011716 0.00082315 0.00054035 0.00033835 0.00022725 0.00014645 7.575e-05 5.555e-05 7.07e-05 1.515e-05 1.515e-05 2.02e-05 0 5.05e-06 5.05e-06 0 5.05e-06 0 5.05e-06 0 0 0 0 0 0 0 0 0 0 0 0 
0.0617363 0.071503 0.075442 0.0769721 0.0735735 0.0674175 0.0615595 0.0520554 0.0453288 0.0368347 0.0303404 0.0243612 0.0189325 0.0147258 0.0109787 0.00852945 0.0063327 0.0045248 0.00326735 0.0024038 0.00175235 0.0010302 0.0008383 0.00060095 0.00045955 0.0002525 0.0001717 0.0001313 7.575e-05 5.555e-05 1.515e-05 5.05e-06 5.05e-06 1.01e-05 5.05e-06 5.05e-06 0 0 5.05e-06 0 0 5.05e-06 0 0 0 0 0 0 0 0 0 
0.0514494 0.0594739 0.0643017 0.0663671 0.0645744 0.0616403 0.0562671 0.050702 0.0435108 0.0370923 0.0312545 0.0251844 0.0209727 0.0162762 0.012418 0.00998385 0.00728715 0.00552975 0.0041511 0.00304515 0.0021109 0.00165135 0.00120695 0.000909 0.0005757 0.00035855 0.00024745 0.00017675 0.00010605 0.0001212 5.05e-05 4.545e-05 1.515e-05 2.525e-05 1.515e-05 1.01e-05 5.05e-06 5.05e-06 0 0 0 0 0 0 0 0 0 0 0 0 0 
0.0444956 0.0510808 0.0567065 0.0582669 0.0580801 0.0566913 0.0529897 0.0473589 0.041814 0.0370569 0.0316635 0.026053 0.0219069 0.0176851 0.0138673 0.0113979 0.008585 0.0067165 0.0048682 0.00372185 0.0027775 0.00228765 0.0015554 0.0011817 0.00075245 0.0006464 0.0003737 0.00025755 0.0002525 8.08e-05 7.575e-05 6.565e-05 2.525e-05 3.03e-05 3.03e-05 1.01e-05 1.01e-05 5.05e-06 0 0 0 0 0 0 0 0 0 0 0 0 0 
0.0373347 0.0447784 0.0498738 0.0525301 0.0523837 0.0509091 0.0482073 0.0445259 0.0404303 0.0362691 0.0302445 0.0279316 0.0223008 0.0187052 0.0152005 0.0120039 0.00969095 0.007575 0.0059186 0.00443895 0.0033027 0.00274215 0.0019291 0.001515 0.0011211 0.0007979 0.00052015 0.0003535 0.00019695 0.00022725 8.08e-05 0.00014645 8.585e-05 4.04e-05 2.525e-05 5.05e-06 1.515e-05 2.525e-05 0 1.01e-05 5.05e-06 0 0 0 0 0 0 0 0 0 0 
0.0326988 0.0388699 0.043526 0.04595 0.0463287 0.0452783 0.0456621 0.0416423 0.0381225 0.0348097 0.0313908 0.0266085 0.0231038 0.0192557 0.0156954 0.0125745 0.0102111 0.00861025 0.00650945 0.00523685 0.00381275 0.003333 0.0024341 0.001717 0.0012625 0.0009292 0.0007373 0.0004949 0.00034845 0.0002727 0.0001515 0.0001212 8.585e-05 7.575e-05 3.535e-05 3.03e-05 2.525e-05 1.01e-05 2.02e-05 1.515e-05 0 5.05e-06 5.05e-06 0 0 0 0 0 0 0 0 
0.0293557 0.0335421 0.0387386 0.0407636 0.0421726 0.0422332 0.041107 0.0377892 0.036456 0.0339007 0.0302647 0.0262499 0.0223564 0.0196647 0.0162055 0.0136249 0.0112413 0.00900415 0.00703465 0.00608525 0.0047672 0.0034441 0.0028684 0.00213615 0.0018281 0.001111 0.0008686 0.00070195 0.00045955 0.00028785 0.0002323 0.00022725 0.00012625 6.06e-05 8.585e-05 6.06e-05 3.535e-05 3.03e-05 3.535e-05 1.515e-05 1.01e-05 5.05e-06 0 5.05e-06 1.01e-05 0 5.05e-06 5.05e-06 0 0 0 
0.0260075 0.0301788 0.0334916 0.0369761 0.0379457 0.0381578 0.0377488 0.0367438 0.0342542 0.0317948 0.0293203 0.0251389 0.0226846 0.0201142 0.0163065 0.0141148 0.0113827 0.00966065 0.00808 0.00644885 0.00508535 0.0042218 0.003232 0.0023533 0.0018685 0.00141905 0.00117665 0.0007878 0.00071205 0.00051005 0.0003131 0.000202 0.00013635 0.00017675 0.0001111 6.06e-05 4.545e-05 3.535e-05 1.01e-05 3.03e-05 1.01e-05 1.01e-05 1.01e-05 0 0 0 0 0 5.05e-06 0 0 
0.0225634 0.0271286 0.030194 0.0335219 0.0343552 0.035451 0.0343198 0.0337997 0.0325321 0.030199 0.0277851 0.0245481 0.0225331 0.019892 0.0167963 0.014438 0.0121251 0.0106858 0.0085951 0.0069185 0.0056459 0.004141 0.00340875 0.0027371 0.00236845 0.00149985 0.0012625 0.001111 0.00077265 0.00057065 0.00038885 0.000303 0.00027775 0.00019695 9.09e-05 8.08e-05 5.05e-05 4.04e-05 5.05e-05 2.525e-05 5.05e-06 2.02e-05 1.515e-05 0 1.515e-05 0 0 5.05e-06 0 5.05e-06 0 
0.0207101 0.023937 0.0271488 0.0303606 0.0307293 0.0316736 0.0323554 0.0319918 0.0302546 0.0292496 0.0264822 0.0239875 0.0214171 0.0195284 0.0168569 0.0149985 0.0126149 0.0103525 0.0086355 0.00716595 0.00594385 0.0048177 0.0037774 0.003131 0.00259065 0.00186345 0.0014443 0.00127765 0.0009494 0.00068175 0.0005555 0.0004545 0.00027775 0.00023735 0.0001717 0.00011615 8.585e-05 8.08e-05 5.05e-05 5.05e-06 2.525e-05 5.05e-06 2.02e-05 1.01e-05 5.05e-06 1.01e-05 5.05e-06 0 5.05e-06 0 0 
0.0182457 0.0214575 0.0245986 0.0277902 0.0284416 0.030199 0.0302899 0.0286386 0.0290173 0.0268509 0.024745 0.0232502 0.0210434 0.0191345 0.0170337 0.0150945 0.0126402 0.0106909 0.0092718 0.00790325 0.00643875 0.0055449 0.00425715 0.00339865 0.00289365 0.0020907 0.00172205 0.00149985 0.00092415 0.000808 0.00057065 0.00044945 0.00038885 0.00028785 0.0002121 0.00013635 7.575e-05 9.595e-05 5.555e-05 3.535e-05 5.05e-05 2.525e-05 2.525e-05 5.05e-06 5.05e-06 1.01e-05 0 5.05e-06 5.05e-06 0 5.05e-06 
0.0162307 0.0199122 0.0220332 0.0250581 0.0263206 0.0271185 0.0280124 0.026967 0.0268913 0.0250379 0.0242653 0.0225129 0.0207151 0.0187557 0.0170387 0.0148723 0.0129028 0.010807 0.00924655 0.0078174 0.00687305 0.0055954 0.00433795 0.0039087 0.0028987 0.00256035 0.0020806 0.0015453 0.0012019 0.00094435 0.0007777 0.0006161 0.00042925 0.00034845 0.0002727 0.00017675 0.0001212 0.000101 0.0001212 6.06e-05 3.535e-05 4.04e-05 2.525e-05 5.05e-06 5.05e-06 1.01e-05 5.05e-06 5.05e-06 0 0 1.01e-05 
0 0 0 0 0 0 0 0 0 0 0 0 0 0 0 0 0 0 0 0 0 0 0 0 0 0 0 0 0 0 0 0 0 0 0 0 0 0 0 0 0 0 0 0 0 0 0 0 0 0 0 
Per-collision Densities L:
2.26446 1.2469 0.68828 0.381563 0.208949 0.116079 0.0639835 0.0353652 0.0200435 0.0107161 0.0060499 0.0034542 0.0017574 0.00109585 0.00059085 0.0003333 0.0001818 8.585e-05 6.565e-05 2.02e-05 2.525e-05 0 0 0 0 0 0 0 0 0 0 0 0 0 0 0 0 0 0 0 0 0 0 0 0 0 0 0 0 0 0 
0.297849 0.527811 0.492633 0.382275 0.27267 0.183174 0.120352 0.076255 0.0473842 0.029088 0.0181598 0.0113221 0.0065448 0.0037572 0.0024745 0.0013938 0.0008282 0.0006363 0.00026765 0.000202 7.575e-05 4.04e-05 4.04e-05 1.515e-05 1.01e-05 2.02e-05 1.515e-05 0 0 0 0 0 0 0 0 0 0 0 0 0 0 0 0 0 0 0 0 0 0 0 0 
0.101015 0.244263 0.298708 0.289006 0.244572 0.191486 0.141006 0.101682 0.0720989 0.0477326 0.0315777 0.0206192 0.0130947 0.00829715 0.0053025 0.00333805 0.0022624 0.0013635 0.0008282 0.0005353 0.00030805 0.0001616 0.00010605 8.585e-05 6.565e-05 2.525e-05 2.02e-05 1.515e-05 0 0 0 0 0 0 0 0 0 0 0 0 0 0 0 0 0 0 0 0 0 0 0 
0.0505303 0.137936 0.188956 0.207676 0.198177 0.171155 0.140804 0.111055 0.0835775 0.060701 0.0424352 0.0303505 0.0209272 0.0140138 0.00960005 0.0066155 0.0044541 0.0025048 0.00181295 0.00115645 0.0006969 0.0004646 0.00022725 0.00014645 0.00012625 8.08e-05 6.565e-05 3.535e-05 2.02e-05 5.05e-06 1.01e-05 5.05e-06 0 0 0 0 0 0 0 0 0 0 0 0 0 0 0 0 0 0 0 
0.0317342 0.0868146 0.130219 0.151899 0.156277 0.145531 0.127598 0.108903 0.0874559 0.0676902 0.0511111 0.0371933 0.0271842 0.0204273 0.0134987 0.00936775 0.00722655 0.0045854 0.0030603 0.0019594 0.00137865 0.00087365 0.0004949 0.00030805 0.00024745 0.00016665 7.575e-05 6.06e-05 6.565e-05 5.555e-05 1.01e-05 1.515e-05 1.01e-05 0 0 0 0 0 0 0 0 0 0 0 0 0 0 0 0 0 0 
0.0216847 0.0625695 0.0943946 0.115857 0.123164 0.122856 0.112469 0.100737 0.0856177 0.0698415 0.0554086 0.0435714 0.03282 0.0244976 0.0183416 0.0127563 0.0089082 0.0062519 0.004747 0.00325725 0.00220685 0.0013433 0.00095445 0.0005555 0.00044945 0.000303 0.00017675 9.09e-05 6.06e-05 4.545e-05 1.01e-05 2.525e-05 1.01e-05 1.01e-05 5.05e-06 5.05e-06 1.01e-05 0 0 0 0 0 0 0 0 0 0 0 0 0 0 
0.0162408 0.0457985 0.0710434 0.0903142 0.0991972 0.102379 0.0994446 0.090799 0.0796789 0.0679932 0.0568176 0.0464146 0.0367438 0.0285022 0.0206798 0.015958 0.0118625 0.0086961 0.00628725 0.00431775 0.0031007 0.00220685 0.0014443 0.0010605 0.00070195 0.00049995 0.00025755 0.00018685 0.00011615 8.585e-05 4.545e-05 4.04e-05 2.02e-05 5.05e-06 5.05e-06 0 1.01e-05 5.05e-06 0 0 5.05e-06 0 0 0 0 0 0 0 0 0 0 
0.0128068 0.0357793 0.0561611 0.0719221 0.0814818 0.0869661 0.0869964 0.0806334 0.0740179 0.065241 0.0548026 0.0467277 0.0384457 0.0309767 0.0239471 0.0185133 0.0142764 0.0110595 0.007979 0.00594385 0.0040198 0.00314615 0.00223715 0.00139885 0.00106555 0.000808 0.0005555 0.0003838 0.00023735 0.00011615 0.00010605 5.05e-05 2.525e-05 1.01e-05 5.05e-06 1.515e-05 1.01e-05 0 1.01e-05 0 0 5.05e-06 0 0 0 0 0 0 0 0 0 
0.0101657 0.0285931 0.0453844 0.0583124 0.0677104 0.0719979 0.0752955 0.0727301 0.0677054 0.0614333 0.0538633 0.0465509 0.0386679 0.032118 0.0256692 0.0199677 0.0164277 0.0121806 0.00950915 0.00721645 0.0052419 0.0040602 0.00288355 0.00210585 0.00146955 0.0010504 0.0007575 0.00051005 0.0003131 0.0002323 0.00017675 0.0001515 8.585e-05 4.04e-05 3.03e-05 1.01e-05 1.01e-05 1.515e-05 0 1.01e-05 0 5.05e-06 0 0 0 0 0 0 0 0 0 
0.00801435 0.0236492 0.037875 0.0503081 0.0572872 0.0622968 0.0652814 0.0645946 0.062413 0.0581912 0.0509798 0.0450915 0.0394557 0.0330927 0.0269266 0.0221897 0.0179629 0.0141804 0.0112413 0.0082416 0.0059792 0.0048076 0.00364105 0.0026664 0.0021311 0.0014241 0.0010706 0.00077265 0.0004848 0.00038885 0.00020705 0.00020705 0.000101 7.575e-05 5.555e-05 4.545e-05 1.515e-05 2.02e-05 1.515e-05 0 0 1.01e-05 0 0 0 0 0 0 0 0 0 
0.0066862 0.0196092 0.0312848 0.0418443 0.0488083 0.0543683 0.0572721 0.0569186 0.0553329 0.0536664 0.0484598 0.0438896 0.0377488 0.0332644 0.0280023 0.0226139 0.0186951 0.0149985 0.0122867 0.009696 0.0072518 0.0056964 0.00440865 0.00347945 0.00241895 0.00204525 0.00125745 0.0008383 0.0006262 0.000404 0.0003434 0.0002727 0.0002323 0.00011615 9.09e-05 7.575e-05 3.535e-05 2.525e-05 1.515e-05 2.525e-05 1.515e-05 0 1.515e-05 0 0 0 0 0 0 0 0 
0.00572165 0.0164378 0.0264065 0.0364004 0.0431674 0.0471872 0.0509091 0.0506566 0.0503031 0.0486719 0.0450612 0.0412939 0.0370519 0.0324867 0.0281134 0.0236189 0.0190789 0.0161449 0.01313 0.0103475 0.008383 0.00663065 0.00524695 0.00409555 0.00281285 0.00235835 0.00170185 0.00131805 0.0009292 0.0006464 0.00046965 0.00033835 0.0002323 0.00017675 0.00010605 6.06e-05 5.555e-05 5.555e-05 3.03e-05 3.03e-05 1.01e-05 5.05e-06 5.05e-06 1.515e-05 0 0 5.05e-06 0 0 0 0 
0.00488335 0.0143622 0.0229169 0.0312898 0.0374458 0.042622 0.0457227 0.0463085 0.0459348 0.0441673 0.0422635 0.0395365 0.0352137 0.0315625 0.0276791 0.0236037 0.0201647 0.0167206 0.0137512 0.0111908 0.00915565 0.0074437 0.0056964 0.0048581 0.00345925 0.00297445 0.00200485 0.0015655 0.0013029 0.0007777 0.00060095 0.00048985 0.0004242 0.0002222 0.0001313 0.00014645 8.585e-05 7.07e-05 5.555e-05 4.545e-05 2.525e-05 1.515e-05 5.05e-06 5.05e-06 5.05e-06 5.05e-06 5.05e-06 5.05e-06 5.05e-06 0 0 
0.00442885 0.0120746 0.0201596 0.027063 0.0324412 0.0371276 0.0406374 0.0422988 0.0421372 0.0409808 0.0401526 0.0365721 0.0338451 0.0302546 0.0274518 0.0238966 0.0201647 0.017367 0.014337 0.012317 0.0097162 0.0078376 0.0064034 0.00485305 0.0041511 0.0032522 0.0023533 0.00182305 0.00145945 0.0011716 0.0008484 0.0006161 0.00038885 0.00042925 0.0002828 0.0001414 0.000101 7.575e-05 5.05e-05 2.525e-05 4.04e-05 2.02e-05 0 2.02e-05 5.05e-06 0 0 0 5.05e-06 5.05e-06 0 
0.00391375 0.0111151 0.0178568 0.0237502 0.0286487 0.0325725 0.0361984 0.0377488 0.038178 0.038274 0.0369054 0.0348703 0.0315524 0.0295324 0.0263509 0.023629 0.0202606 0.0180134 0.0149783 0.0125493 0.0102313 0.008484 0.00692355 0.0056257 0.00447935 0.003737 0.00276235 0.00208565 0.0017978 0.00127765 0.0008787 0.00077265 0.0005757 0.00044945 0.0003232 0.00026765 9.09e-05 0.0001313 8.08e-05 4.04e-05 5.05e-05 2.525e-05 2.02e-05 5.05e-06 1.515e-05 1.515e-05 5.05e-06 1.01e-05 0 5.05e-06 0 
0.0034138 0.0097566 0.0155338 0.0208818 0.025654 0.0290628 0.0317292 0.0341229 0.0353955 0.0350117 0.034436 0.0331533 0.0306182 0.0279821 0.0256894 0.0228412 0.0202404 0.0177912 0.0150339 0.0128775 0.0108474 0.00908495 0.00728715 0.0058277 0.0048682 0.00417635 0.0032017 0.00246945 0.00208565 0.00158065 0.0011211 0.0008686 0.000606 0.00056055 0.00045955 0.0003131 0.000202 0.0001919 0.000101 4.545e-05 7.07e-05 4.04e-05 2.525e-05 2.525e-05 1.01e-05 1.01e-05 5.05e-06 1.01e-05 5.05e-06 5.05e-06 0 
0.00309565 0.0086254 0.0139986 0.0192001 0.0225382 0.0263358 0.0291082 0.0308505 0.0328301 0.0323402 0.0315878 0.0301788 0.0285174 0.026962 0.0252197 0.0228563 0.020099 0.0173973 0.0154884 0.0130795 0.0115948 0.00931725 0.00813555 0.00637815 0.0050904 0.00450965 0.003535 0.00292395 0.0021008 0.0017574 0.0012827 0.0009999 0.0007979 0.0006262 0.0005151 0.00042925 0.0002525 0.0001919 9.595e-05 0.00011615 6.06e-05 6.06e-05 5.05e-05 3.535e-05 1.01e-05 2.02e-05 2.02e-05 0 5.05e-06 5.05e-06 5.05e-06 
0.0026361 0.0079285 0.0124079 0.0166903 0.0206293 0.0235027 0.0267549 0.027674 0.0295526 0.0301485 0.0297344 0.028482 0.0276589 0.025649 0.023528 0.0217302 0.0199425 0.0174629 0.0151349 0.0129331 0.0119685 0.00949905 0.0075952 0.0066256 0.0054843 0.00468135 0.00384305 0.00297445 0.00240885 0.00202 0.00160085 0.0012928 0.00093425 0.00087365 0.0006161 0.00047975 0.0003434 0.0002424 0.00016665 0.0001515 0.0001111 8.08e-05 4.04e-05 6.565e-05 2.525e-05 5.05e-06 1.515e-05 1.01e-05 1.01e-05 0 1.515e-05 
0.0022422 0.0069387 0.0111908 0.0154328 0.0188517 0.021912 0.024745 0.0253106 0.0272852 0.027775 0.0276336 0.0264166 0.0256136 0.0240229 0.0228109 0.0214019 0.0190082 0.0172912 0.0150389 0.0129684 0.0117817 0.0101051 0.00832745 0.00715585 0.006161 0.0049187 0.00393395 0.0034542 0.00269165 0.00222705 0.0016059 0.0012524 0.0010201 0.00087365 0.00080295 0.00066155 0.00038885 0.00028785 0.00019695 0.00019695 0.00010605 8.585e-05 8.585e-05 6.565e-05 3.03e-05 1.01e-05 5.05e-06 2.02e-05 1.515e-05 0 1.515e-05 
0 0 0 0 0 0 0 0 0 0 0 0 0 0 0 0 0 0 0 0 0 0 0 0 0 0 0 0 0 0 0 0 0 0 0 0 0 0 0 0 0 0 0 0 0 0 0 0 0 0 0 
