Half rod, albedo problem, Anisotropic scattering, exponential random flight, mu_t: 1 g: 0.9
Analogmu_t c: 0.9 maxx: 10 dx: 0.19802 numsamples: 10000000 numCollisionOrders: 20 numMoments: 10
total albedo: 0.158985
per-collision order albedos: 
0 0.0223627 0.0191991 0.0165007 0.0140942 0.0121094 0.0103636 0.0088957 0.0076539 0.0065356 0.0056277 0.0048234 0.0041825 0.003605 0.0030591 0.0026781 0.0023123 0.002008 0.0017126 0.0014524 
Collision density L:
0.157301 0.152725 0.148742 0.144397 0.141121 0.136781 0.133575 0.129832 0.126133 0.122766 0.119629 0.116262 0.113008 0.110118 0.106886 0.104008 0.100985 0.098328 0.0957859 0.0938255 0.0912565 0.0884139 0.0858273 0.0834467 0.0813722 0.079338 0.0769241 0.0747784 0.0728983 0.0710676 0.0691214 0.0673428 0.0653202 0.0634497 0.0619882 0.0601551 0.0588345 0.05712 0.0554798 0.054031 0.0526877 0.0512171 0.0498046 0.0483214 0.0472806 0.0461323 0.0446814 0.0431785 0.042418 0.0412853 1.49044 
Collision density R:
0.98575 0.960789 0.934209 0.909553 0.884912 0.859894 0.83789 0.814425 0.792852 0.771798 0.751099 0.731326 0.710501 0.691975 0.67409 0.655394 0.637349 0.620135 0.603414 0.587452 0.571214 0.556213 0.541489 0.526569 0.513079 0.498735 0.485587 0.472837 0.45877 0.447338 0.435341 0.423213 0.412047 0.40114 0.390898 0.380168 0.369564 0.359586 0.349038 0.339898 0.330486 0.321755 0.313488 0.304873 0.296917 0.28824 0.281332 0.273054 0.266327 0.259062 9.36938 
Density Moments:
8.41193 61.0512 886.056 19279.6 559004 2.02587e+07 8.82505e+08 4.50763e+10 2.65624e+12 1.7841e+14 
Per-collision Density Moments:
1 0.999462 1.99714 5.98865 23.9843 120.492 730.497 5205.59 42738.6 397359 
0.877657 1.73229 5.17226 20.6379 103.08 618.751 4341.33 34887.2 316051 3.18524e+06 
0.770644 2.2528 8.9299 44.4453 266.013 1860.02 14877.5 133935 1.33957e+06 1.47264e+07 
0.677169 2.60649 12.8583 76.622 534.208 4263.43 38318.2 382890 4.2098e+06 5.04957e+07 
0.595387 2.82878 16.6701 115.625 919.972 8251.12 82324.8 904227 1.08406e+07 1.40869e+08 
0.523684 2.9484 20.175 159.53 1425.65 14188.5 155522 1.86103e+06 2.41388e+07 3.37388e+08 
0.460979 2.99031 23.2669 206.386 2045.42 22359.5 267000 3.4556e+06 4.81527e+07 7.18307e+08 
0.405972 2.97296 25.8976 254.605 2771.49 33018.6 426856 5.94702e+06 8.87826e+07 1.41336e+09 
0.357718 2.91172 28.0448 302.492 3586.49 46246.4 643591 9.60784e+06 1.53079e+08 2.59154e+09 
0.315436 2.81811 29.6962 348.312 4464.12 61886.2 921439 1.46536e+07 2.47756e+08 4.43573e+09 
0.278282 2.70209 30.8971 391.404 5391.93 79993.2 1.26971e+06 2.14544e+07 3.84312e+08 7.27184e+09 
0.245751 2.57239 31.6922 430.964 6347.02 100277 1.689e+06 3.01854e+07 5.70187e+08 1.13454e+10 
0.216994 2.43234 32.1002 466.25 7309.78 122536 2.18326e+06 4.11642e+07 8.18441e+08 1.71087e+10 
0.191696 2.28752 32.1669 496.71 8255.29 146281 2.74754e+06 5.44736e+07 1.13629e+09 2.48696e+10 
0.169477 2.14152 31.9427 522.401 9175.11 171418 3.38745e+06 7.05254e+07 1.54232e+09 3.53444e+10 
0.149833 1.99689 31.4728 543.218 10048.8 197294 4.08773e+06 8.90211e+07 2.03155e+09 4.8464e+10 
0.132567 1.85631 30.8067 559.419 10869.4 223718 4.8497e+06 1.10288e+08 2.62329e+09 6.51059e+10 
0.117302 1.72034 29.9654 570.825 11619.8 250184 5.66456e+06 1.34347e+08 3.32799e+09 8.59065e+10 
0.10383 1.59026 28.9963 578.075 12301.5 276511 6.52678e+06 1.61154e+08 4.15054e+09 1.11252e+11 
0 0 0 0 0 0 0 0 0 0 
Per-collision Densities L:
0 0 0 0 0 0 0 0 0 0 0 0 0 0 0 0 0 0 0 0 0 0 0 0 0 0 0 0 0 0 0 0 0 0 0 0 0 0 0 0 0 0 0 0 0 0 0 0 0 0 0 
0.0204707 0.016768 0.0137547 0.0111645 0.0092612 0.00750733 0.00629483 0.00507374 0.00414302 0.00336785 0.00281487 0.00229775 0.00187103 0.001565 0.00128624 0.0010403 0.00087466 0.00070094 0.000581255 0.000477225 0.000407535 0.000320675 0.000263105 0.00021008 0.000165135 0.000143925 0.000126755 8.888e-05 7.676e-05 6.3125e-05 7.272e-05 3.4845e-05 3.8885e-05 3.333e-05 2.2725e-05 1.7675e-05 1.313e-05 1.1615e-05 8.585e-06 8.08e-06 8.585e-06 6.565e-06 6.06e-06 3.535e-06 2.525e-06 2.02e-06 3.535e-06 2.525e-06 5.05e-07 0 8.08e-06 
0.0191678 0.0185471 0.0175376 0.0163049 0.01495 0.0134365 0.0121624 0.010807 0.00966924 0.00847592 0.00742754 0.00650996 0.0056959 0.00495607 0.00422382 0.0035653 0.00321382 0.00267448 0.00228866 0.0019493 0.00166751 0.00142915 0.00120645 0.00099586 0.00088173 0.000759015 0.000624685 0.00051005 0.000433795 0.000368145 0.00031512 0.00027068 0.000216645 0.000195435 0.000161095 0.000133825 0.00010302 9.6455e-05 8.383e-05 7.1205e-05 5.959e-05 5.05e-05 3.1815e-05 2.9795e-05 2.828e-05 2.424e-05 1.717e-05 1.4645e-05 1.01e-05 1.111e-05 6.161e-05 
0.0165347 0.016313 0.0163529 0.015953 0.0154889 0.0146556 0.0142774 0.013533 0.0124533 0.011715 0.0107727 0.00991719 0.00904708 0.00827392 0.00741744 0.00674125 0.00599738 0.00538684 0.00473892 0.00426119 0.00378952 0.00337441 0.00297041 0.00262449 0.00227402 0.00198263 0.00168721 0.0014544 0.00131048 0.00115746 0.000956975 0.00086456 0.000714575 0.000598425 0.000525705 0.000471165 0.000409555 0.000351985 0.0003232 0.00024745 0.000225735 0.000182305 0.00014847 0.000135845 0.000119685 0.000101505 7.8275e-05 6.767e-05 6.464e-05 5.4035e-05 0.00029795 
0.0141531 0.0142152 0.0140425 0.0141243 0.0137789 0.0137815 0.0135658 0.0132063 0.0128432 0.0123442 0.0119347 0.0114186 0.0106434 0.0101975 0.00949198 0.00895416 0.00824211 0.00770933 0.00708667 0.00655086 0.00593123 0.00548026 0.00489446 0.00448339 0.00389355 0.00364762 0.00327644 0.00290527 0.00263156 0.00231694 0.0020801 0.00179982 0.00162812 0.00144632 0.00126149 0.00114029 0.00101455 0.000860015 0.000756995 0.000682255 0.0005858 0.00051005 0.00045046 0.00040198 0.00035653 0.00029391 0.000261085 0.00022725 0.000204525 0.00017877 0.00106454 
0.0120594 0.0121326 0.0119326 0.012169 0.012066 0.01202 0.0119392 0.0118513 0.0118296 0.0116706 0.0113847 0.011108 0.0110014 0.0103207 0.0101566 0.00969297 0.00918949 0.00884154 0.00836987 0.00793103 0.00757248 0.00691446 0.00652814 0.00609283 0.00561611 0.00518837 0.00478235 0.00442936 0.0039996 0.00369054 0.00332492 0.00298051 0.00279164 0.00249723 0.00231442 0.00211494 0.00186446 0.00170084 0.00148066 0.00130593 0.0011812 0.00104889 0.00091607 0.000824665 0.0007474 0.00066155 0.000578225 0.000523685 0.000449955 0.000416625 0.00277599 
0.0102747 0.0104283 0.0103404 0.0104197 0.01045 0.0102985 0.0103778 0.0103656 0.0103126 0.0101848 0.0102273 0.0100338 0.00997022 0.00982074 0.00959046 0.00934705 0.00916525 0.00885619 0.00858399 0.00844512 0.00809566 0.00769974 0.00731644 0.0070392 0.00655844 0.00627059 0.00588426 0.00551763 0.0051909 0.00480508 0.0046152 0.00422433 0.00390719 0.0036254 0.00333805 0.00303253 0.00278609 0.00259924 0.00236946 0.00211393 0.00196092 0.0017569 0.00160893 0.00147713 0.00134633 0.00118221 0.00108676 0.00092112 0.000875165 0.00076861 0.00594739 
0.00895769 0.00876832 0.00890366 0.00878448 0.00895214 0.00892487 0.009039 0.00888194 0.00888447 0.00892386 0.00880922 0.0089284 0.00861076 0.00870065 0.00858652 0.00852844 0.00836583 0.00832392 0.00818858 0.00793759 0.0078472 0.00769469 0.00740987 0.0071301 0.00703465 0.0067261 0.00642411 0.00607263 0.00594587 0.00552571 0.00533735 0.00504344 0.0047167 0.00451773 0.00423998 0.00394708 0.0037471 0.00347844 0.00315726 0.00300475 0.00282699 0.00249773 0.00232401 0.00213716 0.00195435 0.00183416 0.00165034 0.00146955 0.0013837 0.00128775 0.011106 
0.0077159 0.00759672 0.00767297 0.00768156 0.00772903 0.00766792 0.00759722 0.00758308 0.0076149 0.00772095 0.00755783 0.00750784 0.00767449 0.00759217 0.0075442 0.00745431 0.00746188 0.00735432 0.00738512 0.00734321 0.00721292 0.0070801 0.00706142 0.00676599 0.00680538 0.00651046 0.00636502 0.00615747 0.00602869 0.00581255 0.00557571 0.00541209 0.00517878 0.00501869 0.00476165 0.00448238 0.00422029 0.00408192 0.00381326 0.00361782 0.00333906 0.00322796 0.00305475 0.0026967 0.00260782 0.00243461 0.00225887 0.00207707 0.00197758 0.00180083 0.0185143 
0.00655995 0.00647612 0.00657005 0.00661045 0.0065852 0.00662358 0.00656904 0.00659227 0.00656652 0.00654935 0.00657914 0.00658621 0.00657864 0.00657763 0.00651551 0.00647966 0.00658318 0.00636856 0.0064438 0.00644128 0.00637007 0.00636957 0.00632563 0.00632361 0.00618676 0.00604788 0.00601859 0.00582518 0.0057565 0.00576054 0.00554894 0.00531462 0.00521817 0.00501061 0.00484144 0.00472983 0.00455864 0.00428796 0.00409858 0.0040496 0.0038981 0.00364257 0.00350773 0.00334058 0.003131 0.00294213 0.00276791 0.00263509 0.00254066 0.0022826 0.0272367 
0.00565499 0.00562419 0.00566812 0.0056555 0.00566812 0.00572721 0.00558429 0.00570044 0.00562318 0.00565398 0.00566459 0.00571711 0.00570499 0.00560752 0.00560146 0.00566509 0.0055853 0.0056252 0.00558379 0.00568176 0.00562671 0.00553379 0.00561207 0.00555753 0.0054636 0.00544845 0.00539643 0.00535603 0.00535603 0.00528533 0.00514292 0.00504091 0.00486972 0.00484245 0.00465509 0.00462176 0.0045445 0.00442279 0.0042213 0.00422887 0.00397435 0.00390264 0.00372286 0.00355116 0.00341633 0.00333906 0.00321887 0.00294718 0.00279972 0.00265226 0.0365741 
0.0048879 0.00494799 0.00482578 0.00484447 0.00481568 0.00486012 0.00483689 0.00493587 0.00490254 0.00479649 0.00492123 0.00492628 0.00488386 0.0049389 0.00489699 0.00481265 0.00481164 0.00486113 0.00484497 0.00483083 0.00491668 0.00494698 0.00483588 0.00479599 0.00485861 0.00480861 0.00478791 0.004747 0.00468337 0.00467933 0.00454904 0.0046556 0.0045647 0.00437229 0.00435108 0.00433139 0.00427937 0.00422988 0.00414555 0.00400667 0.00394304 0.00385113 0.00370721 0.00366125 0.00348198 0.00342845 0.00333906 0.00309767 0.00301182 0.00295981 0.0457348 
0.00423948 0.00416878 0.00415363 0.00412686 0.0042213 0.00419807 0.00418746 0.00422988 0.00424453 0.00424756 0.00416171 0.00418191 0.00418999 0.0042016 0.00420514 0.00415969 0.00425261 0.00425311 0.00421069 0.00425867 0.00420615 0.00420463 0.00424958 0.00419453 0.00414605 0.00418696 0.00414757 0.00414201 0.00400869 0.00415969 0.00409555 0.00403445 0.00400869 0.00398546 0.00401728 0.00394153 0.00384154 0.00389254 0.00388648 0.00381376 0.00370418 0.00365873 0.0035148 0.00345319 0.00345521 0.00333906 0.00322241 0.00312999 0.00307899 0.00300071 0.0538896 
0.00361277 0.00357136 0.0035855 0.00356126 0.00363095 0.00361934 0.00361833 0.0036158 0.00367186 0.0036254 0.00366024 0.00368246 0.0035249 0.00366529 0.00363247 0.00362944 0.0036456 0.00353399 0.00369307 0.00362388 0.00366933 0.00357338 0.00359308 0.00362287 0.00355924 0.00362287 0.00359813 0.00358146 0.00357237 0.00362186 0.00358045 0.00363095 0.00353399 0.00359964 0.00358702 0.00342188 0.00348551 0.00350117 0.00345673 0.0033229 0.00340724 0.00327947 0.00328604 0.00321786 0.00320675 0.00311232 0.00308757 0.00304061 0.00293203 0.00283053 0.0605965 
0.00315474 0.00313504 0.00314211 0.00305626 0.00316332 0.00310878 0.00312242 0.00312999 0.00321635 0.00307192 0.00312393 0.00311636 0.00313858 0.00315625 0.00307899 0.00314969 0.00317494 0.00311181 0.00317443 0.00315322 0.00319059 0.0030699 0.00302091 0.00310676 0.00312696 0.00316938 0.00312696 0.00315625 0.00313454 0.00310525 0.00309363 0.00313908 0.00315474 0.00313858 0.00311484 0.00306232 0.00311888 0.00304263 0.00302394 0.00303707 0.00303707 0.00300071 0.00300223 0.00285123 0.00288254 0.0028583 0.00287547 0.00276336 0.00279568 0.00269519 0.0655722 
0.0026563 0.00272246 0.00270983 0.00265832 0.00269721 0.00273155 0.00271842 0.00270074 0.00259166 0.00272902 0.00274973 0.00276791 0.00268256 0.00266287 0.00268307 0.00271185 0.00270478 0.00274266 0.00274114 0.00267398 0.00273912 0.00269771 0.00269822 0.002676 0.00274266 0.00272094 0.00271286 0.00272246 0.00264469 0.00268458 0.00274821 0.00271236 0.00270327 0.00270579 0.00274821 0.0026866 0.00273458 0.00266135 0.00266893 0.00269115 0.00267549 0.00262651 0.00252854 0.0025654 0.00266691 0.00258156 0.00257197 0.00247551 0.00244218 0.00251288 0.0686169 
0.00230482 0.00235583 0.00237906 0.00229018 0.00233563 0.00233815 0.00231442 0.00230583 0.00236037 0.00231543 0.00238108 0.00234068 0.00232149 0.00231795 0.00233664 0.0023831 0.00228513 0.00232603 0.00232098 0.00239522 0.00234623 0.00233714 0.00234623 0.00233108 0.00241239 0.00236795 0.00236037 0.00233007 0.00233714 0.00242249 0.002323 0.00236643 0.00236037 0.00229422 0.00235886 0.00234825 0.00241592 0.00232048 0.00239118 0.00226392 0.00234017 0.00229573 0.00233411 0.00230129 0.00225887 0.00228715 0.00222049 0.00221443 0.00215938 0.00220534 0.0699981 
0.00196849 0.0019796 0.00200637 0.00198263 0.00206242 0.00202051 0.00199425 0.00201596 0.00197556 0.00194122 0.00201495 0.00197607 0.00203616 0.00203869 0.0020402 0.00204727 0.00198718 0.00205384 0.00202707 0.00210232 0.0020296 0.00205939 0.00197253 0.00205485 0.00204071 0.00202051 0.00206192 0.00207656 0.00203465 0.00201899 0.0020397 0.00204323 0.00208111 0.00204525 0.00204172 0.0020604 0.0020705 0.00198819 0.00201091 0.00200586 0.00195839 0.00203364 0.00199122 0.00200839 0.00199677 0.0019993 0.00192456 0.00196546 0.00196142 0.00197102 0.0696976 
0.00170993 0.00164832 0.00172054 0.00170084 0.00172458 0.00172458 0.0017367 0.00171549 0.00171953 0.0017574 0.00175437 0.00173619 0.00179427 0.00173569 0.00177861 0.00177255 0.00176548 0.00180134 0.00174629 0.00180235 0.00180336 0.00178366 0.00172811 0.00178215 0.00172003 0.0018175 0.00176144 0.00174528 0.00180033 0.00175437 0.00180386 0.00178669 0.00179831 0.00173266 0.0017872 0.00174983 0.00176094 0.00173569 0.00173518 0.00178215 0.00172205 0.00176902 0.00171953 0.00171296 0.0017165 0.00176397 0.0016963 0.00171801 0.00175185 0.00172458 0.0686487 
0 0 0 0 0 0 0 0 0 0 0 0 0 0 0 0 0 0 0 0 0 0 0 0 0 0 0 0 0 0 0 0 0 0 0 0 0 0 0 0 0 0 0 0 0 0 0 0 0 0 0 
Per-collision Densities L:
0.906664 0.74467 0.610608 0.501506 0.410655 0.337145 0.27665 0.226502 0.186704 0.152748 0.125337 0.102639 0.0845011 0.0689759 0.0568686 0.0462625 0.0377987 0.0312252 0.0256424 0.0209605 0.017369 0.0141284 0.0115645 0.00951925 0.00776337 0.00640441 0.00526816 0.00430008 0.00359409 0.002878 0.00235886 0.00192153 0.00161701 0.0012726 0.00109636 0.00088274 0.000715585 0.00059388 0.000459045 0.000374205 0.000325725 0.00024644 0.00023028 0.000187355 0.000156045 0.000118675 0.000101505 8.383e-05 7.6255e-05 6.0095e-05 0.00026967 
0.0740936 0.187358 0.257115 0.295335 0.312161 0.312673 0.30332 0.287151 0.267643 0.245304 0.222416 0.19997 0.17792 0.158353 0.139117 0.122449 0.106433 0.0928448 0.0803152 0.069593 0.0596996 0.0515393 0.0442112 0.0377094 0.0324104 0.0275786 0.0234532 0.0200975 0.0171367 0.0145445 0.0122998 0.0103485 0.00896981 0.00743411 0.00641451 0.00531563 0.00446016 0.00378195 0.00317847 0.00265277 0.00221342 0.00188618 0.00158772 0.0013226 0.00114686 0.00091809 0.000810525 0.00063529 0.00053833 0.00042622 0.00239471 
0.00419706 0.0245955 0.0546703 0.0881826 0.119599 0.145717 0.167709 0.182434 0.192235 0.197187 0.197676 0.194832 0.188581 0.180425 0.171239 0.160213 0.14902 0.137304 0.126088 0.114432 0.104082 0.0940961 0.0845461 0.075445 0.0671867 0.0599087 0.0529634 0.0470281 0.0411287 0.036257 0.0319054 0.0276164 0.024292 0.0210817 0.018384 0.0158151 0.0138855 0.0120271 0.0104338 0.00893749 0.00773004 0.00669075 0.00563479 0.00490456 0.00428846 0.00366883 0.00306838 0.00262297 0.00229977 0.00190941 0.0111519 
0.0002525 0.00243461 0.00823655 0.0179381 0.0309585 0.0457727 0.0621211 0.0781538 0.0921499 0.106478 0.117725 0.126709 0.133406 0.137761 0.140492 0.14032 0.13878 0.135966 0.131945 0.126741 0.120618 0.114005 0.107557 0.100396 0.0932685 0.0860656 0.0796269 0.0725402 0.0664625 0.060649 0.0549672 0.0492289 0.0445248 0.0401541 0.0359237 0.0322235 0.0286335 0.0254808 0.0226099 0.0201071 0.0176078 0.015508 0.0137557 0.0120185 0.0106444 0.00926221 0.00827291 0.00707051 0.00615848 0.00544441 0.0351869 
7.9285e-05 0.000377235 0.0012216 0.00308252 0.00648723 0.0112711 0.017827 0.0254318 0.0342062 0.0431578 0.0531013 0.0623847 0.0709606 0.0796057 0.0864217 0.092714 0.0976205 0.101104 0.10323 0.105352 0.105013 0.104116 0.102586 0.0999855 0.0972039 0.0934932 0.0893618 0.0849097 0.0799501 0.0754485 0.071205 0.0660894 0.061559 0.0571761 0.052571 0.0484002 0.044091 0.0406131 0.0368433 0.0336532 0.0303343 0.027569 0.0248824 0.0223735 0.0199445 0.0178927 0.0160055 0.014293 0.0128124 0.0114337 0.0843103 
6.2115e-05 0.00019998 0.000379255 0.000766085 0.00145794 0.00266489 0.00453591 0.00727099 0.0105848 0.0148308 0.0194859 0.0253217 0.0309398 0.0369039 0.0433128 0.0493446 0.0551935 0.0604263 0.0655975 0.0696653 0.0734361 0.0765358 0.0786825 0.0800092 0.0809783 0.0809444 0.0802541 0.0795744 0.0777968 0.0758258 0.0732725 0.0707818 0.0679331 0.064888 0.061866 0.0583871 0.0549162 0.0514984 0.0479513 0.0447986 0.0415938 0.038788 0.0357389 0.0328003 0.0304545 0.0277048 0.0254262 0.0232547 0.0210125 0.0193597 0.164214 
4.9995e-05 0.000170185 0.000279265 0.00039491 0.00057166 0.00092112 0.00132361 0.00210838 0.00315878 0.00470862 0.00659682 0.00900062 0.01177 0.0148313 0.0185507 0.0224361 0.0265766 0.0307388 0.0349021 0.0389744 0.0430558 0.0470842 0.0506591 0.0537926 0.0567171 0.0588759 0.060899 0.0620387 0.0630987 0.0636315 0.063678 0.0635532 0.0623922 0.061305 0.0603081 0.0589315 0.0568696 0.0550263 0.0527069 0.050044 0.047929 0.0454232 0.0430472 0.0404056 0.038176 0.0357 0.0333876 0.0310787 0.0289441 0.0267988 0.27091 
4.9995e-05 0.000133825 0.000238865 0.000332795 0.000425715 0.00056257 0.000707505 0.000953945 0.00125998 0.00170286 0.00233058 0.00322948 0.00427331 0.00572418 0.00732048 0.00923494 0.0114771 0.0138274 0.0165933 0.019287 0.022115 0.0251768 0.0281608 0.0313716 0.034392 0.0371922 0.0396006 0.0420104 0.044083 0.0459373 0.0473857 0.0487184 0.0499223 0.0503864 0.0507803 0.0506722 0.0505384 0.0498243 0.0490158 0.0482063 0.0471584 0.0457727 0.0444688 0.0429841 0.041414 0.0393541 0.0377482 0.036058 0.0339961 0.0323144 0.390263 
3.6865e-05 0.00011312 0.00020301 0.00028785 0.00035956 0.00045551 0.00049894 0.00062721 0.00073629 0.00092819 0.00114787 0.00141451 0.00182002 0.00230482 0.00300071 0.00377993 0.00485305 0.00594587 0.00726089 0.00877286 0.0104424 0.0123225 0.0140713 0.0163842 0.0185492 0.0207045 0.0231699 0.0253894 0.0270953 0.0294142 0.0311949 0.0333133 0.0347112 0.0362509 0.0375296 0.0388057 0.03969 0.0402046 0.0404561 0.0405712 0.0407535 0.040302 0.0402859 0.0398667 0.0390426 0.0384244 0.0372645 0.0362368 0.0354126 0.0337769 0.502883 
3.838e-05 9.5445e-05 0.000189375 0.00024139 0.00031411 0.000356025 0.000429755 0.000519645 0.00058883 0.00066155 0.00078275 0.00086658 0.00104586 0.00126351 0.00144329 0.00176952 0.00220635 0.00269923 0.00324614 0.00410212 0.00484649 0.00575549 0.00677609 0.0079583 0.00929554 0.0106348 0.0121725 0.0139476 0.0153288 0.0170271 0.0188219 0.020354 0.0218953 0.0238032 0.024899 0.026361 0.0278412 0.0289173 0.0297788 0.0310338 0.0314267 0.0322897 0.0325639 0.032973 0.0329841 0.0330053 0.033079 0.0326725 0.0324316 0.0317236 0.590069 
2.7775e-05 8.3325e-05 0.000137865 0.000215635 0.000269165 0.000316635 0.000361075 0.000469145 0.000471165 0.000554995 0.000613575 0.000707 0.000754975 0.00085446 0.00098879 0.0011004 0.00124988 0.00149177 0.00163418 0.00198314 0.00244016 0.00289618 0.00329967 0.00403344 0.00453288 0.00533684 0.00616605 0.00714878 0.00812091 0.00928897 0.0102869 0.0113857 0.0126896 0.0139133 0.0154414 0.0166039 0.0177543 0.018882 0.0200697 0.021156 0.0222412 0.0231628 0.0240395 0.0248324 0.0253712 0.0259868 0.026457 0.0266393 0.0270518 0.0270998 0.64239 
2.6765e-05 6.969e-05 0.00012524 0.00016665 0.000221695 0.00029795 0.00031916 0.00038178 0.00042117 0.0004747 0.00053429 0.000578225 0.000639835 0.00067569 0.000726695 0.000828705 0.000908495 0.00097768 0.00108272 0.00125644 0.00144228 0.00159429 0.00189375 0.00209828 0.00243562 0.00272296 0.00317241 0.00371024 0.00419453 0.00495001 0.00553834 0.00636452 0.00705738 0.00774216 0.00877993 0.00965156 0.0106181 0.011611 0.0125477 0.0133835 0.0144612 0.0153454 0.0162994 0.0171624 0.0179189 0.0186709 0.0193486 0.0199288 0.0205929 0.0212085 0.658738 
2.424e-05 6.1105e-05 0.00010908 0.000158065 0.000192405 0.00024543 0.000265125 0.00031007 0.00034845 0.000410565 0.000453995 0.000505505 0.00052419 0.00059792 0.00062822 0.00065549 0.000690335 0.000777195 0.000853955 0.00091809 0.00098576 0.00104939 0.00120392 0.00127715 0.00147157 0.00160994 0.00187305 0.00202051 0.00237148 0.0026967 0.00302748 0.00350723 0.0039486 0.00439199 0.00493234 0.00536411 0.00604485 0.00666903 0.00744623 0.00815373 0.00873398 0.00957935 0.0104192 0.0109928 0.0116943 0.0123866 0.0132568 0.0139658 0.0145622 0.0150596 0.643693 
1.8685e-05 6.1105e-05 0.00010302 0.00012221 0.00015453 0.000206545 0.000248965 0.000303 0.00032118 0.0003434 0.000386325 0.00044945 0.00046056 0.000487325 0.00052621 0.000569135 0.00060398 0.000639835 0.000690335 0.00073225 0.00079285 0.00078982 0.000906475 0.00096253 0.00106 0.001111 0.00119483 0.0013731 0.00145743 0.00162661 0.00181649 0.00202808 0.00225685 0.0025245 0.00283558 0.00313959 0.00344764 0.00393092 0.00426018 0.00480356 0.00522221 0.00565449 0.00617918 0.00679579 0.00737199 0.00793658 0.00854056 0.00906576 0.00971115 0.010254 0.60605 
1.717e-05 4.8985e-05 8.4335e-05 0.00012726 0.000154025 0.00017372 0.000202505 0.000248965 0.00025755 0.00030603 0.000354005 0.00036663 0.000393395 0.00045753 0.000456015 0.00047268 0.000512575 0.000582265 0.00056964 0.000622665 0.00066761 0.000673165 0.000692355 0.000770125 0.000808 0.000835775 0.000915565 0.00104081 0.00103424 0.00109333 0.00125038 0.00133421 0.00147157 0.00158621 0.00168216 0.00186295 0.00206343 0.0023326 0.00254066 0.00284618 0.0031305 0.00348248 0.0037365 0.0040602 0.00446824 0.00480962 0.00529442 0.00567974 0.00612363 0.0066857 0.555333 
1.6665e-05 3.8885e-05 6.6155e-05 9.8475e-05 0.000119685 0.000142915 0.000176245 0.000218665 0.000245935 0.000275225 0.00027573 0.000322695 0.00035047 0.00039592 0.000404 0.00043228 0.000456015 0.000463085 0.000514595 0.000539845 0.000550955 0.00061408 0.000604485 0.000645895 0.000661045 0.000710535 0.000767095 0.000811535 0.00081709 0.00084941 0.000908495 0.00101505 0.00100596 0.00113979 0.00118827 0.00123574 0.00137966 0.00149026 0.00159833 0.00180487 0.00195839 0.00206697 0.00235482 0.00254116 0.00274569 0.00295779 0.00331078 0.00349965 0.00379912 0.00416979 0.499503 
1.2625e-05 3.939e-05 6.767e-05 8.282e-05 9.898e-05 0.000123725 0.000158065 0.0001717 0.000194425 0.000224725 0.00025048 0.00028179 0.000296435 0.000323705 0.000345925 0.000383295 0.00038885 0.000445915 0.000427735 0.000451975 0.000485305 0.00048177 0.000540855 0.000575195 0.00054742 0.000622665 0.000671145 0.000691345 0.00068074 0.00069993 0.0007373 0.00077467 0.00081204 0.000854965 0.000908495 0.00097263 0.00099283 0.00100041 0.00114787 0.00121099 0.00131199 0.00141097 0.001515 0.001616 0.00175942 0.00194072 0.00207757 0.00223362 0.00246289 0.00260025 0.443998 
8.585e-06 3.333e-05 6.1105e-05 7.5245e-05 0.00010302 0.00010706 0.000127765 0.00014847 0.00018382 0.00018988 0.00022422 0.00023634 0.000242905 0.00026967 0.000300475 0.00031209 0.0003535 0.00035754 0.00038582 0.0003939 0.000438845 0.000437835 0.000500455 0.000481265 0.00050197 0.00050096 0.000542875 0.00055651 0.00060701 0.000616605 0.000662055 0.00065549 0.000671145 0.00070296 0.000738815 0.000751945 0.00076962 0.00081204 0.000877185 0.000910515 0.00099485 0.00096758 0.00108828 0.00113474 0.00125594 0.00133118 0.00133118 0.00144935 0.00157358 0.00170286 0.392162 
1.0605e-05 2.525e-05 4.444e-05 5.9085e-05 7.878e-05 0.000106555 0.00011514 0.000133825 0.00014746 0.00017877 0.00018584 0.000165135 0.000214625 0.00023028 0.000271185 0.00029391 0.000283305 0.000318655 0.000300475 0.00036158 0.000366125 0.000390365 0.0004141 0.000420665 0.000414605 0.0004545 0.000464095 0.000492375 0.00051611 0.000527725 0.00054136 0.00055752 0.000589335 0.000578225 0.000648925 0.000621655 0.000665085 0.000659025 0.000695385 0.00075043 0.00073225 0.000790325 0.00079487 0.00088577 0.00091203 0.00092213 0.00108121 0.00105596 0.00107868 0.00120948 0.344428 
0 0 0 0 0 0 0 0 0 0 0 0 0 0 0 0 0 0 0 0 0 0 0 0 0 0 0 0 0 0 0 0 0 0 0 0 0 0 0 0 0 0 0 0 0 0 0 0 0 0 0 
