Half rod, albedo problem, Anisotropic scattering, exponential random flight, mu_t: 3 g: 0.3
Analogmu_t c: 0.7 maxx: 10 dx: 0.19802 numsamples: 10000000 numCollisionOrders: 20 numMoments: 10
total albedo: 0.237501
per-collision order albedos: 
0 0.122578 0.0556983 0.0271701 0.0140584 0.007642 0.0042594 0.002429 0.0014341 0.0008619 0.0005096 0.0003249 0.000196 0.0001197 7.92e-05 5.09e-05 3.12e-05 1.83e-05 1.46e-05 8.4e-06 
Collision density L:
0.618677 0.46296 0.346993 0.259637 0.195058 0.145947 0.10936 0.0819231 0.0609732 0.045549 0.0343344 0.0256197 0.0191036 0.0143152 0.0106631 0.0080194 0.00596001 0.00455712 0.00341835 0.00252197 0.00193819 0.00141299 0.00104889 0.000782245 0.00061913 0.000450965 0.000326735 0.00024846 0.00018281 0.000141905 9.393e-05 6.666e-05 5.7065e-05 4.242e-05 3.3835e-05 2.7775e-05 1.6665e-05 8.585e-06 8.08e-06 7.07e-06 6.06e-06 3.03e-06 3.03e-06 3.535e-06 0 1.01e-06 1.515e-06 1.01e-06 5.05e-07 5.05e-07 2.02e-06 
Collision density R:
2.60697 1.94938 1.45996 1.09396 0.819974 0.613102 0.45957 0.344356 0.257994 0.193302 0.143978 0.10792 0.0808919 0.0603763 0.0451652 0.0340905 0.0256025 0.0192658 0.0142506 0.01086 0.00798607 0.00602112 0.00447481 0.00337542 0.00250733 0.00188012 0.00136098 0.00103778 0.000778205 0.000576205 0.000459045 0.000322695 0.00023836 0.000186345 0.000138875 0.00010302 7.3225e-05 5.353e-05 4.242e-05 3.232e-05 2.7775e-05 2.02e-05 9.595e-06 1.4645e-05 6.06e-06 5.05e-06 5.555e-06 3.03e-06 3.535e-06 3.03e-06 7.07e-06 
Density Moments:
2.54175 1.73984 2.38128 4.88718 13.3694 45.7159 187.734 901.104 4955.13 30700.2 
Per-collision Density Moments:
1 0.333272 0.222214 0.222234 0.296163 0.492548 0.979268 2.2548 5.86206 16.8508 
0.577437 0.344173 0.330599 0.4317 0.710258 1.40787 3.26424 8.67416 26.0545 87.6637 
0.348594 0.282758 0.345526 0.548438 1.06288 2.42611 6.36756 18.8892 62.5265 228.628 
0.216829 0.215833 0.31408 0.579671 1.28215 3.29115 9.59885 31.3418 113.37 450.942 
0.137773 0.159555 0.265768 0.553927 1.36755 3.87762 12.3721 43.7724 169.848 716.807 
0.0887708 0.115922 0.215335 0.496336 1.34534 4.16306 14.4286 55.2622 231.554 1053.04 
0.0579051 0.0835014 0.169601 0.424518 1.24209 4.1267 15.2808 62.2348 275.935 1320.5 
0.0380872 0.0596924 0.131054 0.353449 1.11147 3.96174 15.728 68.7218 327.576 1690.82 
0.025209 0.0424974 0.0998181 0.286859 0.957109 3.60215 15.0142 68.4225 337.585 1788.62 
0.016764 0.030194 0.0754233 0.229768 0.810158 3.21284 14.0744 67.2785 347.845 1932.02 
0.0112143 0.0213943 0.056416 0.181179 0.673365 2.8201 13.1224 67.4733 384.024 2435.69 
0.0075035 0.015095 0.0418214 0.140942 0.548938 2.40268 11.6133 61.2431 349.177 2136.22 
0.0050547 0.0106473 0.0308486 0.108728 0.443376 2.03492 10.3281 57.2481 343.208 2207.34 
0.0034108 0.00749564 0.0225969 0.0826648 0.348765 1.6498 8.59351 48.6679 296.818 1934.61 
0.0023158 0.0053231 0.0167065 0.0634587 0.277986 1.36763 7.42748 43.9724 280.952 1920.77 
0.0015527 0.00370867 0.0120945 0.0477268 0.216915 1.10467 6.18818 37.6011 245.03 1696.44 
0.0010538 0.00260613 0.00875783 0.03562 0.166907 0.876896 5.07538 31.9428 216.265 1560.22 
0.0007265 0.00184665 0.00637365 0.0265337 0.126876 0.678532 3.99235 25.5532 176.368 1302.62 
0.000493 0.00129175 0.00458029 0.0195455 0.0956244 0.522148 3.12857 20.3225 141.742 1052.53 
0 0 0 0 0 0 0 0 0 0 
Per-collision Densities L:
0 0 0 0 0 0 0 0 0 0 0 0 0 0 0 0 0 0 0 0 0 0 0 0 0 0 0 0 0 0 0 0 0 0 0 0 0 0 0 0 0 0 0 0 0 0 0 0 0 0 0 
0.277174 0.152926 0.084585 0.0465827 0.0259802 0.014243 0.00793103 0.00425513 0.0023932 0.0013529 0.000687305 0.00040602 0.000240885 0.000120695 7.3225e-05 3.5855e-05 2.2725e-05 1.01e-05 6.565e-06 4.545e-06 2.02e-06 1.01e-06 1.01e-06 0 0 0 0 0 0 0 0 0 0 0 0 0 0 0 0 0 0 0 0 0 0 0 0 0 0 0 0 
0.160211 0.129545 0.094331 0.0645567 0.0427407 0.0275907 0.0173513 0.010601 0.00658066 0.00401627 0.00238057 0.00143117 0.00086658 0.00051914 0.000303 0.000196445 9.898e-05 6.4135e-05 3.131e-05 2.02e-05 9.09e-06 5.05e-06 4.545e-06 3.03e-06 2.02e-06 0 1.515e-06 5.05e-07 0 5.05e-07 0 0 0 5.05e-07 0 0 0 0 0 0 0 0 0 0 0 0 0 0 0 0 0 
0.0820246 0.0776852 0.066511 0.0536765 0.0405778 0.0296869 0.0209317 0.0143703 0.00971822 0.00630442 0.00415464 0.00265226 0.00175589 0.00103879 0.00066963 0.00040097 0.00024947 0.00015756 9.696e-05 6.0095e-05 3.3835e-05 2.323e-05 1.0605e-05 9.595e-06 5.05e-06 3.535e-06 2.02e-06 1.01e-06 0 0 5.05e-07 0 0 0 5.05e-07 0 0 0 0 0 0 0 0 0 0 0 0 0 0 0 0 
0.0432437 0.0433356 0.0408904 0.0361035 0.030194 0.0242435 0.0188183 0.0141506 0.0102131 0.00731897 0.00508232 0.00355672 0.002323 0.00159782 0.0010499 0.000673165 0.000431775 0.000280275 0.00018079 0.000123725 8.4335e-05 3.7875e-05 2.525e-05 2.222e-05 1.313e-05 5.05e-06 5.555e-06 1.01e-06 1.01e-06 1.01e-06 5.05e-07 0 0 0 0 0 0 0 0 0 0 0 0 0 0 0 0 0 0 0 0 
0.0236082 0.0243945 0.023992 0.0224543 0.0203121 0.017372 0.0144425 0.0116973 0.00883952 0.00687053 0.00514999 0.00370771 0.0026462 0.00188517 0.00131502 0.000910515 0.000632765 0.00045147 0.000266135 0.00018281 0.000136855 8.181e-05 5.353e-05 3.1815e-05 2.8785e-05 1.6665e-05 7.575e-06 7.07e-06 2.02e-06 2.525e-06 5.05e-07 0 0 5.05e-07 0 0 0 0 0 0 5.05e-07 0 0 0 0 0 0 0 0 0 0 
0.0131906 0.0139562 0.014295 0.0137895 0.0129356 0.0116852 0.0100298 0.00867085 0.00710333 0.00560853 0.00453692 0.00340017 0.00259722 0.001969 0.00138118 0.00103172 0.00071811 0.00052217 0.000346935 0.000261085 0.00017372 0.00011615 9.1405e-05 4.848e-05 3.636e-05 1.616e-05 1.4645e-05 9.595e-06 7.07e-06 3.535e-06 1.01e-06 3.535e-06 1.01e-06 1.01e-06 0 5.05e-07 1.01e-06 0 0 0 5.05e-07 0 0 0 0 0 0 0 0 0 0 
0.00764318 0.00816181 0.00862338 0.00845017 0.00815878 0.00756036 0.00683114 0.0060191 0.00519544 0.0041713 0.00362035 0.00283457 0.0022518 0.00171852 0.00133068 0.0009595 0.00072013 0.00050298 0.00041006 0.00023836 0.000188365 0.0001515 7.373e-05 6.06e-05 3.9895e-05 3.0805e-05 2.5755e-05 1.212e-05 8.585e-06 6.06e-06 9.09e-06 2.525e-06 1.515e-06 1.515e-06 2.02e-06 5.05e-07 0 0 5.05e-07 0 0 0 5.05e-07 0 0 0 0 0 0 0 0 
0.00451066 0.00495153 0.00521211 0.00524089 0.00516413 0.00479144 0.00456167 0.00407586 0.00358247 0.00308505 0.00262247 0.002171 0.00170337 0.00141148 0.00110191 0.00084638 0.00067266 0.000503485 0.000384305 0.00029492 0.000214625 0.00014241 0.000115645 6.6155e-05 4.5955e-05 4.242e-05 2.525e-05 1.414e-05 1.616e-05 1.1615e-05 7.07e-06 2.525e-06 2.02e-06 4.04e-06 1.01e-06 5.05e-07 5.05e-07 5.05e-07 5.05e-07 5.05e-07 0 5.05e-07 0 0 0 0 0 0 0 0 0 
0.00274316 0.00301435 0.00320524 0.00324261 0.00320827 0.00307141 0.00292951 0.0027674 0.00242703 0.00216292 0.0018983 0.00164024 0.00131351 0.00109585 0.000914555 0.0007272 0.00058277 0.00046965 0.00035552 0.000273205 0.00018584 0.000144935 0.000107565 8.0295e-05 6.464e-05 4.343e-05 2.727e-05 2.4745e-05 1.5655e-05 8.585e-06 6.06e-06 3.535e-06 4.545e-06 2.02e-06 1.01e-06 3.535e-06 5.05e-07 0 5.05e-07 0 0 5.05e-07 5.05e-07 0 0 0 0 0 0 0 0 
0.00165842 0.00183063 0.00195031 0.00198819 0.00206848 0.00202657 0.00196041 0.00182356 0.00164075 0.00147965 0.00132159 0.00113777 0.00103626 0.000871125 0.000705485 0.00059893 0.00046157 0.00037673 0.00030401 0.00024139 0.00018584 0.00014342 9.9485e-05 7.878e-05 6.0095e-05 4.242e-05 3.333e-05 2.323e-05 1.818e-05 8.08e-06 7.575e-06 4.545e-06 3.03e-06 2.02e-06 2.525e-06 1.01e-06 0 5.05e-07 0 0 0 0 0 0 0 0 0 0 0 0 0 
0.000945865 0.00116807 0.00125341 0.00125745 0.00135138 0.00131654 0.00125442 0.00120544 0.00110292 0.00099586 0.000921625 0.000817595 0.000732755 0.000621655 0.00051308 0.000444905 0.000365115 0.0003131 0.00026361 0.000183315 0.000164125 0.000124735 0.00010302 7.07e-05 5.656e-05 4.0905e-05 2.828e-05 2.222e-05 1.6665e-05 1.212e-05 6.06e-06 6.06e-06 6.565e-06 4.04e-06 2.525e-06 2.02e-06 2.525e-06 0 5.05e-07 5.05e-07 0 0 0 0 0 0 0 0 0 0 0 
0.000636805 0.00072013 0.00078073 0.00082214 0.00083628 0.000822645 0.00080901 0.000746895 0.000737805 0.000707 0.000647915 0.000593375 0.000489345 0.000444905 0.00040097 0.000339865 0.00027674 0.00024846 0.00019796 0.000161095 0.000137865 9.8475e-05 7.676e-05 6.464e-05 5.252e-05 3.4845e-05 2.121e-05 2.222e-05 1.4645e-05 1.212e-05 1.111e-05 5.555e-06 4.545e-06 5.05e-06 4.04e-06 3.03e-06 1.01e-06 5.05e-07 5.05e-07 0 1.01e-06 0 0 0 0 5.05e-07 5.05e-07 5.05e-07 0 0 0 
0.00039592 0.00046157 0.000497425 0.000521665 0.000554995 0.000534795 0.000526715 0.00053732 0.000502475 0.000495405 0.000401475 0.00040703 0.00034239 0.00030502 0.0002727 0.00024644 0.00020705 0.00018382 0.00015453 0.000122715 9.6455e-05 7.7265e-05 6.464e-05 4.747e-05 4.04e-05 3.6865e-05 2.6765e-05 2.02e-05 1.515e-05 1.5655e-05 6.06e-06 8.08e-06 6.565e-06 2.02e-06 5.05e-07 2.525e-06 2.02e-06 5.05e-07 1.01e-06 1.515e-06 0 5.05e-07 0 0 0 0 0 5.05e-07 0 0 0 
0.000261085 0.000302495 0.000307545 0.000327745 0.000333805 0.00034946 0.000327745 0.0003434 0.00031916 0.000315625 0.000286335 0.00027068 0.00026058 0.000227755 0.000184325 0.00019695 0.000143925 0.000140895 0.00011514 9.0395e-05 8.282e-05 6.262e-05 6.5145e-05 3.8885e-05 3.1815e-05 3.232e-05 2.121e-05 1.7675e-05 1.4645e-05 1.212e-05 7.575e-06 7.07e-06 5.05e-06 1.01e-06 1.515e-06 1.515e-06 2.525e-06 5.05e-07 5.05e-07 1.01e-06 5.05e-07 0 5.05e-07 0 0 0 0 0 0 0 0 
0.00014746 0.000177255 0.000208565 0.000223715 0.00022422 0.0002323 0.000200485 0.000226745 0.00022119 0.000201495 0.000198465 0.00019998 0.0001717 0.00014342 0.000147965 0.00013231 0.000106555 9.191e-05 7.979e-05 7.3225e-05 6.4135e-05 5.454e-05 3.838e-05 3.838e-05 2.7775e-05 2.3735e-05 1.717e-05 1.616e-05 1.01e-05 7.575e-06 7.575e-06 3.535e-06 2.525e-06 1.515e-06 4.04e-06 3.03e-06 1.515e-06 5.05e-07 1.515e-06 1.01e-06 5.05e-07 0 0 5.05e-07 0 0 0 0 0 0 5.05e-07 
8.484e-05 0.00011312 0.000118675 0.000139885 0.0001515 0.000137865 0.00014342 0.0001414 0.000141905 0.00014746 0.000133825 0.000129785 0.0001212 0.000110595 9.4435e-05 8.484e-05 8.383e-05 6.6155e-05 6.1105e-05 5.858e-05 4.646e-05 4.141e-05 3.2825e-05 2.929e-05 2.6765e-05 2.121e-05 1.3635e-05 1.1615e-05 9.595e-06 1.0605e-05 3.03e-06 5.05e-06 3.535e-06 3.535e-06 3.535e-06 3.03e-06 2.02e-06 1.01e-06 1.01e-06 0 0 5.05e-07 0 0 0 0 0 0 0 0 0 
6.868e-05 7.474e-05 8.08e-05 9.6455e-05 8.6355e-05 9.797e-05 0.00011009 9.7465e-05 8.282e-05 0.00011211 8.484e-05 8.5345e-05 9.191e-05 8.686e-05 5.6055e-05 6.4135e-05 6.161e-05 5.252e-05 4.7975e-05 4.0905e-05 3.4845e-05 2.9795e-05 1.8685e-05 2.424e-05 1.9695e-05 1.3635e-05 9.595e-06 1.01e-05 9.595e-06 8.08e-06 4.04e-06 5.05e-06 4.04e-06 1.01e-06 1.01e-06 3.03e-06 5.05e-07 5.05e-07 0 5.05e-07 5.05e-07 5.05e-07 0 5.05e-07 0 5.05e-07 0 0 0 0 0 
5.05e-05 4.747e-05 5.656e-05 5.1005e-05 5.8075e-05 6.363e-05 7.2215e-05 6.565e-05 6.0095e-05 7.0195e-05 6.8175e-05 5.7065e-05 4.949e-05 5.151e-05 4.242e-05 4.3935e-05 3.3835e-05 3.6865e-05 3.6865e-05 3.232e-05 2.424e-05 1.4645e-05 1.313e-05 1.717e-05 1.717e-05 1.1615e-05 9.595e-06 8.585e-06 5.555e-06 8.08e-06 4.545e-06 1.515e-06 1.01e-06 2.525e-06 2.525e-06 0 1.515e-06 1.01e-06 5.05e-07 5.05e-07 5.05e-07 5.05e-07 0 5.05e-07 0 0 5.05e-07 0 0 0 5.05e-07 
0 0 0 0 0 0 0 0 0 0 0 0 0 0 0 0 0 0 0 0 0 0 0 0 0 0 0 0 0 0 0 0 0 0 0 0 0 0 0 0 0 0 0 0 0 0 0 0 0 0 0 
Per-collision Densities L:
2.26316 1.24792 0.689535 0.380146 0.210056 0.115957 0.0642108 0.0353833 0.0194763 0.0109151 0.00596658 0.00324665 0.0017978 0.000970105 0.00054944 0.00031815 0.00017473 0.000106555 5.151e-05 2.929e-05 1.5655e-05 5.05e-06 4.545e-06 2.02e-06 5.05e-07 5.05e-07 0 0 0 0 0 0 0 0 0 0 0 0 0 0 0 0 0 0 0 0 0 0 0 0 0 
0.275987 0.489085 0.456115 0.354981 0.252989 0.170938 0.111685 0.0711601 0.0446198 0.0275791 0.0167079 0.0101687 0.00612818 0.00363146 0.00219726 0.00125493 0.000752955 0.00041511 0.00028482 0.00014746 8.585e-05 3.7875e-05 2.525e-05 1.9695e-05 1.1615e-05 4.04e-06 1.515e-06 2.02e-06 1.01e-06 1.01e-06 0 0 5.05e-07 0 5.05e-07 0 0 0 0 0 0 0 0 0 0 0 0 0 0 0 0 
0.0418953 0.132011 0.183449 0.190191 0.169398 0.137386 0.104695 0.0765752 0.0540759 0.0371508 0.0248253 0.016363 0.010602 0.00681094 0.004343 0.00268913 0.00172256 0.00107868 0.000675185 0.00041006 0.00023836 0.000143925 7.777e-05 4.8985e-05 3.7875e-05 1.9695e-05 1.01e-05 6.06e-06 3.535e-06 1.515e-06 1.515e-06 2.02e-06 1.01e-06 0 0 5.05e-07 0 0 0 0 0 0 0 0 0 0 0 0 0 0 0 
0.012875 0.0420811 0.0683987 0.0853773 0.0891956 0.0839739 0.0731124 0.0602112 0.0470776 0.0354323 0.0259015 0.0185178 0.0130537 0.00902233 0.00607667 0.00417787 0.00275124 0.00176447 0.00115898 0.00074639 0.000465105 0.00030805 0.00018281 0.000116655 7.9285e-05 5.3025e-05 2.3735e-05 1.4645e-05 1.01e-05 5.05e-06 4.545e-06 2.02e-06 1.01e-06 1.01e-06 5.05e-07 5.05e-07 5.05e-07 0 0 5.05e-07 0 0 0 0 0 0 0 0 0 0 0 
0.00603879 0.017873 0.0293607 0.0390663 0.0446021 0.0458737 0.0442168 0.0397011 0.0339512 0.0279033 0.0219806 0.0169781 0.0127371 0.00932887 0.0067165 0.00485053 0.00338855 0.00238815 0.00162459 0.00107818 0.0007171 0.00048682 0.000322695 0.000192405 0.000133825 8.6355e-05 5.757e-05 3.2825e-05 2.2725e-05 1.1615e-05 9.09e-06 7.07e-06 1.515e-06 2.525e-06 5.05e-07 5.05e-07 5.05e-07 5.05e-07 0 0 0 5.05e-07 0 0 0 0 0 0 0 0 0 
0.00310575 0.00895719 0.0145213 0.0194536 0.0232588 0.024894 0.0252662 0.0240122 0.0220554 0.0194344 0.0164847 0.0133749 0.0106641 0.00831584 0.00631806 0.00471569 0.00349612 0.00258459 0.00176094 0.0013226 0.00091203 0.00060701 0.000421675 0.000285325 0.00019695 0.000120695 7.8275e-05 6.06e-05 4.2925e-05 2.222e-05 2.02e-05 9.595e-06 5.555e-06 4.545e-06 2.02e-06 2.525e-06 1.515e-06 0 5.05e-07 5.05e-07 0 5.05e-07 0 0 0 0 0 0 0 0 0 
0.00164984 0.00484598 0.00779771 0.0103469 0.0126018 0.0138784 0.0146425 0.0145965 0.0138582 0.0127063 0.011159 0.00974903 0.00818908 0.00650238 0.00531765 0.00415969 0.00313403 0.00244723 0.00176548 0.00131401 0.000956975 0.000695385 0.00048278 0.000329765 0.00022927 0.00017574 0.00010504 6.868e-05 5.353e-05 3.737e-05 2.4745e-05 1.818e-05 6.06e-06 9.09e-06 4.545e-06 1.515e-06 2.02e-06 2.02e-06 1.01e-06 0 0 0 5.05e-07 0 0 0 0 0 0 0 0 
0.00092718 0.00271589 0.00451066 0.00581306 0.00714222 0.00799466 0.00856531 0.00877943 0.0085547 0.00809818 0.00742249 0.00665944 0.00574842 0.00489042 0.00405566 0.00332644 0.002676 0.00207404 0.00164075 0.00130088 0.000931725 0.000720635 0.000511565 0.00037774 0.000268155 0.000191395 0.000131805 8.585e-05 6.4135e-05 4.646e-05 2.828e-05 2.4745e-05 1.6665e-05 6.06e-06 6.06e-06 2.525e-06 4.04e-06 2.525e-06 3.535e-06 1.515e-06 5.05e-07 5.05e-07 5.05e-07 0 5.05e-07 0 0 0 0 0 0 
0.00054136 0.00153874 0.00252298 0.00337593 0.00425311 0.00471569 0.00507727 0.00528432 0.00533078 0.00511111 0.00485053 0.00448339 0.00399607 0.0035148 0.00300879 0.00255328 0.00211797 0.00173215 0.00132209 0.00108828 0.00083628 0.000643875 0.00049692 0.00036158 0.000270175 0.00019291 0.00013736 0.00010201 7.272e-05 5.6055e-05 3.4845e-05 2.525e-05 1.7675e-05 1.111e-05 1.111e-05 4.04e-06 4.545e-06 1.01e-06 1.01e-06 1.515e-06 5.05e-07 5.05e-07 2.02e-06 0 0 0 0 0 0 0 0 
0.00028482 0.00090092 0.00143168 0.00204576 0.00249874 0.00285275 0.00306687 0.00322342 0.00338249 0.00321483 0.00306838 0.00286941 0.0027265 0.00248511 0.00210535 0.00181851 0.00161701 0.00134179 0.00104333 0.000897385 0.000725685 0.00056762 0.00043026 0.00035148 0.00023432 0.000194425 0.00013433 0.00010302 7.6255e-05 5.757e-05 4.646e-05 3.232e-05 1.7675e-05 1.2625e-05 8.08e-06 9.09e-06 4.04e-06 3.03e-06 1.515e-06 5.05e-07 2.525e-06 1.01e-06 0 0 5.05e-07 0 0 0 5.05e-07 0 0 
0.00020806 0.00054136 0.00088173 0.00122362 0.0015251 0.00177659 0.00183063 0.00202101 0.00205182 0.0020498 0.00199879 0.00186699 0.00181952 0.00160287 0.00147006 0.00133017 0.00114181 0.000991315 0.000812545 0.000699425 0.00053126 0.00046157 0.00037471 0.00030906 0.000242905 0.000162105 0.000125745 9.9485e-05 7.07e-05 5.454e-05 4.6965e-05 2.8785e-05 2.4745e-05 1.6665e-05 1.3635e-05 8.585e-06 6.06e-06 4.04e-06 3.03e-06 1.01e-06 3.535e-06 1.01e-06 0 1.515e-06 0 1.01e-06 0 0 0 0 5.05e-07 
0.00011615 0.000349965 0.00052621 0.00071609 0.000905465 0.00105091 0.00115544 0.00123725 0.00130139 0.00136098 0.00124483 0.00126402 0.00115342 0.00111959 0.00094738 0.000933745 0.00082517 0.000695385 0.000630745 0.00051409 0.0004141 0.0003636 0.000314615 0.00023533 0.000182305 0.000144935 0.000117665 9.2415e-05 6.262e-05 5.252e-05 4.646e-05 3.03e-05 2.323e-05 1.919e-05 1.515e-05 1.111e-05 4.545e-06 4.04e-06 3.03e-06 2.02e-06 1.515e-06 1.515e-06 0 5.05e-07 2.02e-06 5.05e-07 0 0 1.01e-06 0 0 
6.969e-05 0.000201495 0.00034037 0.00043834 0.00055752 0.000667105 0.00076255 0.000785275 0.000818605 0.000853955 0.0008383 0.00083022 0.000783255 0.00072114 0.00065145 0.000618625 0.00054338 0.00049591 0.000451975 0.00037572 0.00033128 0.00025856 0.00022018 0.000194425 0.000153015 0.000125745 9.999e-05 8.4335e-05 5.9085e-05 4.343e-05 3.838e-05 2.424e-05 2.525e-05 2.222e-05 1.0605e-05 8.585e-06 7.07e-06 6.06e-06 4.545e-06 3.03e-06 3.03e-06 2.02e-06 5.05e-07 1.515e-06 0 5.05e-07 0 0 0 0 5.05e-07 
3.7875e-05 0.000127765 0.00019089 0.0002929 0.00035754 0.000418645 0.000456015 0.000505505 0.000516615 0.000504495 0.000531765 0.000533785 0.000507525 0.000505 0.000480255 0.0004444 0.000385315 0.00034845 0.00029997 0.00027674 0.00022826 0.00020604 0.0001717 0.000148975 0.000125745 0.000101505 8.7365e-05 6.8175e-05 4.848e-05 3.838e-05 3.0805e-05 2.2725e-05 1.4645e-05 1.717e-05 1.1615e-05 1.01e-05 8.08e-06 5.05e-06 2.02e-06 4.04e-06 4.04e-06 1.515e-06 5.05e-07 1.01e-06 0 0 5.05e-07 0 0 0 5.05e-07 
2.0705e-05 7.878e-05 0.000139885 0.000166145 0.000241895 0.000261085 0.000286335 0.00031209 0.000324715 0.00034542 0.000348955 0.000351985 0.000342895 0.000331785 0.000334815 0.000299465 0.00029391 0.000234825 0.00023432 0.000195435 0.00017473 0.00014645 0.000117665 0.00011312 8.585e-05 8.08e-05 5.9085e-05 5.6055e-05 4.343e-05 3.1815e-05 2.7775e-05 2.121e-05 1.515e-05 1.414e-05 1.3635e-05 7.07e-06 5.05e-06 4.04e-06 5.555e-06 3.535e-06 3.535e-06 1.01e-06 1.01e-06 1.01e-06 5.05e-07 0 1.515e-06 0 0 5.05e-07 5.05e-07 
1.616e-05 5.252e-05 9.292e-05 0.00012423 0.000137865 0.00015554 0.00017776 0.00019796 0.00019897 0.000217655 0.00021311 0.000229775 0.000207555 0.000210585 0.00021513 0.00019695 0.000189375 0.00018281 0.000159075 0.00013938 0.00012019 9.999e-05 9.3425e-05 8.4335e-05 7.1205e-05 6.1105e-05 5.05e-05 3.636e-05 3.737e-05 2.828e-05 2.0705e-05 1.414e-05 1.3635e-05 1.212e-05 1.313e-05 9.09e-06 6.565e-06 3.03e-06 3.03e-06 3.535e-06 2.525e-06 2.02e-06 1.515e-06 1.01e-06 5.05e-07 5.05e-07 1.01e-06 0 0 0 0 
8.08e-06 3.3835e-05 5.555e-05 7.979e-05 9.797e-05 0.00011615 0.000126755 0.00011918 0.00014948 0.00014746 0.000132815 0.000141905 0.00014645 0.000135845 0.000130795 0.000137865 0.0001212 0.000123725 0.00010403 0.000100495 9.191e-05 7.474e-05 5.8075e-05 6.0095e-05 4.242e-05 4.1915e-05 4.04e-05 3.232e-05 3.131e-05 2.121e-05 1.7675e-05 1.4645e-05 8.585e-06 7.575e-06 4.04e-06 5.555e-06 6.565e-06 3.535e-06 4.04e-06 2.02e-06 2.02e-06 1.515e-06 5.05e-07 2.525e-06 0 5.05e-07 1.515e-06 0 5.05e-07 0 5.05e-07 
8.585e-06 2.1715e-05 2.9795e-05 4.949e-05 5.454e-05 6.2115e-05 9.4435e-05 8.5345e-05 8.787e-05 9.191e-05 9.494e-05 9.9485e-05 9.5445e-05 8.2315e-05 7.979e-05 9.5445e-05 9.494e-05 8.686e-05 6.969e-05 7.0195e-05 5.858e-05 5.757e-05 4.444e-05 3.636e-05 3.939e-05 3.434e-05 2.525e-05 2.8785e-05 1.9695e-05 1.9695e-05 1.4645e-05 1.2625e-05 8.08e-06 7.07e-06 6.06e-06 4.04e-06 4.04e-06 3.03e-06 2.02e-06 1.515e-06 5.05e-07 2.525e-06 5.05e-07 1.515e-06 0 5.05e-07 5.05e-07 5.05e-07 0 0 5.05e-07 
4.04e-06 1.313e-05 2.02e-05 2.727e-05 3.03e-05 4.7975e-05 4.8985e-05 5.757e-05 6.1105e-05 6.363e-05 7.373e-05 5.757e-05 6.262e-05 6.8175e-05 5.9085e-05 5.5045e-05 5.656e-05 5.555e-05 6.161e-05 4.3935e-05 4.646e-05 3.535e-05 3.8885e-05 3.2825e-05 2.9795e-05 2.5755e-05 1.818e-05 1.717e-05 1.4645e-05 1.0605e-05 1.0605e-05 6.565e-06 1.111e-05 7.07e-06 3.535e-06 5.05e-06 1.515e-06 2.525e-06 5.05e-07 2.525e-06 2.02e-06 5.05e-07 5.05e-07 1.515e-06 0 0 0 0 0 5.05e-07 0 
0 0 0 0 0 0 0 0 0 0 0 0 0 0 0 0 0 0 0 0 0 0 0 0 0 0 0 0 0 0 0 0 0 0 0 0 0 0 0 0 0 0 0 0 0 0 0 0 0 0 0 
