Half rod, albedo problem, Anisotropic scattering, exponential random flight, mu_t: 3 g: 0.3
Analogmu_t c: 0.9 maxx: 10 dx: 0.19802 numsamples: 10000000 numCollisionOrders: 20 numMoments: 10
total albedo: 0.45962
per-collision order albedos: 
0 0.157528 0.0919856 0.0577948 0.0384093 0.0265883 0.0192289 0.0141904 0.0107707 0.008224 0.006426 0.0051127 0.0040554 0.0032918 0.002671 0.0021557 0.001781 0.0014765 0.0012167 0.0010099 
Collision density L:
1.27494 1.0843 0.926036 0.78734 0.670966 0.5717 0.486655 0.414333 0.352822 0.300204 0.256054 0.218083 0.185559 0.158144 0.134478 0.114679 0.097823 0.0834745 0.0705379 0.0601435 0.0517347 0.0438991 0.0374079 0.0317256 0.0272331 0.0233542 0.0195819 0.016763 0.0143304 0.012225 0.0105272 0.00887588 0.00757904 0.00637462 0.00546562 0.0046359 0.00401425 0.00334411 0.00291133 0.00243511 0.0020599 0.00176649 0.00149177 0.00132916 0.00107919 0.000950915 0.00079992 0.000708515 0.00056661 0.00051207 0.00292143 
Collision density R:
2.77406 2.36038 2.01314 1.71356 1.45886 1.24344 1.05742 0.900938 0.768126 0.653541 0.557382 0.474542 0.403061 0.344044 0.292933 0.24975 0.21254 0.181256 0.154146 0.13144 0.111821 0.0955091 0.0813202 0.069386 0.0589734 0.0504697 0.0431048 0.0364807 0.0309641 0.0265332 0.0225366 0.0192582 0.0163171 0.0140365 0.0118746 0.010148 0.00854056 0.00742098 0.00625392 0.00527776 0.00452329 0.00382891 0.00325422 0.00286285 0.00240027 0.00204424 0.00172811 0.00148824 0.00127715 0.00113726 0.00642562 
Density Moments:
5.40567 6.67238 16.4886 61.2116 303.756 1892.85 14265.7 126941 1.31107e+06 1.5483e+07 
Per-collision Density Moments:
1 0.3331 0.221848 0.2215 0.294735 0.490071 0.977468 2.27281 6.02985 17.9397 
0.742521 0.442338 0.424603 0.554141 0.911632 1.80864 4.20316 11.214 33.878 114.877 
0.576418 0.467486 0.571267 0.90726 1.7604 4.02534 10.5873 31.4768 104.418 382.727 
0.461051 0.458908 0.667954 1.23351 2.73143 7.02469 20.5456 67.3202 244.351 973.764 
0.376456 0.435996 0.726187 1.51356 3.73853 10.6175 33.9928 120.952 473.056 2015.34 
0.312217 0.407389 0.756093 1.74047 4.7096 14.5451 50.3053 192.236 803.416 3641.84 
0.261774 0.377156 0.766402 1.91971 5.62135 18.6955 69.3539 283.54 1267.22 6158.39 
0.221326 0.346796 0.761494 2.05266 6.44435 22.8973 90.4289 392.204 1852.94 9484.73 
0.188414 0.317748 0.746957 2.14801 7.1695 26.9814 112.386 511.47 2519.27 13333.7 
0.161361 0.290289 0.724612 2.20628 7.77625 30.8172 134.759 641.631 3293.3 18079.4 
0.138842 0.264536 0.69653 2.23227 8.2687 34.3985 157.781 787.772 4241.18 24447.8 
0.119856 0.240769 0.666083 2.23889 8.68482 37.7777 180.877 940.813 5264.26 31448.9 
0.103846 0.218876 0.633535 2.2247 9.00536 40.8384 203.7 1103.12 6422.68 39892.6 
0.0901586 0.198593 0.599053 2.18939 9.21441 43.4097 224.808 1263.77 7640.2 49311.2 
0.0784797 0.180086 0.56437 2.14009 9.3345 45.5163 243.584 1412.12 8781.51 58124.5 
0.0684497 0.163183 0.530222 2.08215 9.39657 47.372 261.935 1567.96 10061.8 68678 
0.0598629 0.147938 0.497179 2.01728 9.3991 48.8987 279.009 1724.44 11439.4 80867.7 
0.0524129 0.133901 0.464425 1.94376 9.33988 50.1088 294.908 1881.12 12891.7 94292.7 
0.0459297 0.121062 0.432638 1.86411 9.21269 50.7855 306.765 2005.64 14066 105080 
0 0 0 0 0 0 0 0 0 0 
Per-collision Densities L:
0 0 0 0 0 0 0 0 0 0 0 0 0 0 0 0 0 0 0 0 0 0 0 0 0 0 0 0 0 0 0 0 0 0 0 0 0 0 0 0 0 0 0 0 0 0 0 0 0 0 0 
0.355854 0.195907 0.109005 0.0599374 0.0331421 0.0180775 0.0100692 0.00554238 0.00307293 0.00165842 0.000945865 0.00051611 0.00028785 0.00017675 7.979e-05 4.6965e-05 3.131e-05 1.212e-05 8.585e-06 4.04e-06 1.515e-06 1.515e-06 0 0 0 0 0 0 0 0 0 0 0 0 0 0 0 0 0 0 0 0 0 0 0 0 0 0 0 0 0 
0.264514 0.214175 0.156386 0.106849 0.0707667 0.0453985 0.028435 0.0173978 0.0107974 0.00653167 0.00384507 0.00234775 0.0014039 0.00082214 0.00047571 0.00029492 0.00015655 9.9485e-05 6.2115e-05 3.1815e-05 2.3735e-05 1.212e-05 5.05e-06 3.535e-06 1.515e-06 5.05e-07 1.01e-06 1.01e-06 0 5.05e-07 0 0 0 0 0 0 0 0 0 0 0 0 0 0 0 0 0 0 0 0 0 
0.174588 0.164567 0.14197 0.113824 0.0859419 0.0629351 0.0441527 0.030251 0.0205399 0.013327 0.0088572 0.00568075 0.00361227 0.00220231 0.0014342 0.00089486 0.00055146 0.000341885 0.000207555 0.000117665 8.08e-05 3.939e-05 2.5755e-05 1.01e-05 1.01e-05 7.07e-06 3.03e-06 2.525e-06 0 1.515e-06 5.05e-07 5.05e-07 0 0 0 0 0 0 5.05e-07 0 0 0 0 0 0 0 0 0 0 0 0 
0.118127 0.118552 0.111403 0.0985073 0.0825044 0.0661636 0.0513757 0.0383815 0.0279422 0.0197637 0.0139037 0.00946774 0.00657914 0.00433947 0.00293355 0.00196546 0.00127816 0.000793355 0.00052217 0.00030805 0.000195435 0.000119685 8.2315e-05 6.0095e-05 3.5855e-05 2.222e-05 1.212e-05 7.575e-06 2.525e-06 5.05e-06 1.515e-06 5.05e-07 1.01e-06 1.01e-06 0 1.01e-06 0 0 0 0 0 0 0 0 0 0 0 0 0 0 0 
0.083374 0.0858162 0.0848107 0.0793289 0.0712813 0.061204 0.0503076 0.0410025 0.0316499 0.0242789 0.0178649 0.013128 0.00951117 0.0067165 0.00462176 0.00324715 0.00217049 0.00147107 0.00096051 0.000691345 0.0004444 0.000290375 0.00018685 0.00010908 7.07e-05 5.555e-05 2.525e-05 1.7675e-05 1.2625e-05 8.585e-06 3.03e-06 1.01e-06 1.01e-06 2.02e-06 1.01e-06 1.515e-06 0 0 5.05e-07 0 0 0 0 0 0 0 0 0 0 0 0 
0.0602339 0.0639886 0.0647097 0.0623968 0.0582528 0.0527129 0.0459383 0.0388229 0.0320453 0.025649 0.0201843 0.0154202 0.0117448 0.00868398 0.0062721 0.00449501 0.00320625 0.00238209 0.00165236 0.00113726 0.00077467 0.000483285 0.000347945 0.00021715 0.000161095 0.000102515 6.6155e-05 4.242e-05 2.7775e-05 1.8685e-05 8.585e-06 9.09e-06 4.04e-06 1.515e-06 2.02e-06 4.04e-06 5.05e-07 1.515e-06 0 0 5.05e-07 5.05e-07 0 0 0 0 0 0 0 0 0 
0.0447344 0.048281 0.0497142 0.0494819 0.0473756 0.0438461 0.0398844 0.0349899 0.0299415 0.0249965 0.0204687 0.0164448 0.0129588 0.0100465 0.00749572 0.00575094 0.00426271 0.00314666 0.00221796 0.00158318 0.00114888 0.000774165 0.00052924 0.00039895 0.00025755 0.00017473 0.00011514 8.1305e-05 4.8985e-05 3.939e-05 1.9695e-05 1.2625e-05 1.3635e-05 7.07e-06 3.03e-06 1.515e-06 2.02e-06 1.01e-06 1.01e-06 1.515e-06 5.05e-07 5.05e-07 0 0 0 5.05e-07 0 0 0 5.05e-07 0 
0.034189 0.0371347 0.0389214 0.039238 0.0382391 0.0362211 0.0338537 0.0305772 0.0271018 0.0233184 0.0195965 0.0163564 0.013479 0.0107474 0.0085143 0.0065948 0.00505253 0.00387335 0.00288002 0.00212201 0.00154177 0.00110191 0.00084133 0.000560045 0.000394405 0.00027169 0.000199475 0.00013938 9.0395e-05 5.858e-05 4.3935e-05 3.4845e-05 1.7675e-05 1.515e-05 6.565e-06 4.04e-06 5.05e-06 3.03e-06 5.555e-06 1.01e-06 0 5.05e-07 0 0 0 0 0 0 5.05e-07 0 5.05e-07 
0.0264428 0.0289517 0.0306409 0.0309313 0.0310792 0.0301086 0.0285598 0.0261464 0.0238082 0.0210742 0.01843 0.0157252 0.0131669 0.0109004 0.0088168 0.00704829 0.00562621 0.00442784 0.00328856 0.00256843 0.00194324 0.00146703 0.00106505 0.000735785 0.000564085 0.000422685 0.00027977 0.00021715 0.00014847 0.000102515 6.9185e-05 5.252e-05 2.3735e-05 2.02e-05 1.3635e-05 1.3635e-05 7.07e-06 6.06e-06 3.535e-06 1.01e-06 2.02e-06 3.03e-06 1.01e-06 0 0 5.05e-07 0 5.05e-07 0 0 5.05e-07 
0.020754 0.0228038 0.0244183 0.025252 0.0252697 0.0248576 0.0238385 0.0226902 0.020752 0.0188956 0.0166695 0.0146001 0.0123412 0.0106752 0.00876882 0.00727756 0.00594638 0.0046561 0.00368448 0.00288254 0.00227705 0.00173417 0.00133169 0.000972125 0.00073225 0.00055752 0.00039693 0.00029593 0.000208565 0.000125745 0.000117665 7.171e-05 5.151e-05 3.2825e-05 2.5755e-05 2.02e-05 1.5655e-05 5.05e-06 3.535e-06 4.04e-06 2.525e-06 1.01e-06 5.05e-07 1.515e-06 0 0 5.05e-07 0 0 0 0 
0.016262 0.0183209 0.0197177 0.0204565 0.020702 0.0206585 0.0199283 0.019089 0.0177821 0.0163802 0.0148283 0.013228 0.0114282 0.0100475 0.0085239 0.00728766 0.00585548 0.00485709 0.00382689 0.00314716 0.00248864 0.00190789 0.00152611 0.00115494 0.000890315 0.00066357 0.000478235 0.00035047 0.00026159 0.000204525 0.00013837 0.00010807 7.1205e-05 5.454e-05 4.2925e-05 3.03e-05 1.515e-05 1.212e-05 1.01e-05 3.535e-06 3.03e-06 1.01e-06 2.02e-06 2.02e-06 1.01e-06 0 0 0 0 0 0 
0.0131401 0.0146455 0.0159418 0.0165398 0.0170316 0.017121 0.016819 0.0161393 0.0151566 0.0143183 0.0131345 0.011819 0.0105287 0.00934503 0.00813 0.00679528 0.00573125 0.00486972 0.00395163 0.0032517 0.00266186 0.00210686 0.00166701 0.00130442 0.00102919 0.00078982 0.00061206 0.000426725 0.000356025 0.000267145 0.000196445 0.00012322 0.0001111 6.565e-05 5.555e-05 3.2825e-05 2.626e-05 1.919e-05 1.515e-05 9.09e-06 7.07e-06 2.525e-06 2.02e-06 2.525e-06 0 1.515e-06 0 5.05e-07 0 0 1.01e-06 
0.0106065 0.0118675 0.012874 0.0136037 0.0140138 0.0143122 0.0141698 0.0135855 0.0131219 0.0124063 0.0115059 0.0104717 0.00957884 0.00839765 0.00739977 0.00652208 0.00563631 0.00483134 0.003838 0.00330169 0.00272852 0.00226139 0.00181295 0.00147309 0.00112161 0.000898395 0.000658015 0.0005454 0.000424705 0.000299465 0.00024543 0.000168165 0.00012524 9.292e-05 7.6255e-05 5.151e-05 4.04e-05 2.3735e-05 1.717e-05 1.414e-05 1.111e-05 9.09e-06 4.04e-06 3.03e-06 1.01e-06 2.02e-06 5.05e-07 2.525e-06 0 5.05e-07 1.01e-06 
0.00855824 0.00962934 0.0105697 0.0113721 0.0115342 0.0119852 0.0117468 0.011614 0.0111928 0.0106257 0.00999244 0.00917383 0.0085042 0.00767499 0.00681902 0.00606707 0.00530755 0.00456318 0.0038476 0.00326432 0.00274619 0.00231038 0.00187002 0.00149329 0.00121049 0.00098071 0.000750935 0.000634785 0.00047066 0.000359055 0.000298455 0.00020705 0.00015352 0.00011615 8.989e-05 7.1205e-05 5.1005e-05 3.4845e-05 2.222e-05 1.7675e-05 1.818e-05 1.111e-05 8.585e-06 3.03e-06 4.04e-06 3.535e-06 1.01e-06 1.515e-06 1.515e-06 5.05e-07 1.01e-06 
0.00708768 0.00793204 0.00877034 0.00930412 0.00983841 0.00987831 0.00997123 0.00983589 0.00941926 0.00920161 0.00862793 0.00816383 0.00753612 0.00685336 0.00618827 0.00555854 0.00489901 0.00425109 0.0036961 0.00314413 0.00269418 0.00228866 0.00186093 0.00152056 0.00127058 0.00107262 0.00081406 0.00067367 0.00051106 0.00040703 0.000331785 0.00024341 0.00019897 0.00014847 0.000121705 9.393e-05 6.8175e-05 4.9995e-05 2.626e-05 2.9795e-05 1.3635e-05 1.1615e-05 8.585e-06 6.565e-06 4.04e-06 4.545e-06 2.525e-06 2.02e-06 2.525e-06 0 5.05e-07 
0.0057666 0.00654581 0.00723867 0.00769418 0.0082416 0.0084436 0.00845724 0.00831887 0.00813707 0.00796789 0.00762651 0.0070796 0.00658924 0.00609384 0.00564338 0.00508232 0.0045041 0.00393446 0.00348703 0.0030199 0.00260328 0.00222554 0.00187658 0.0015756 0.00135138 0.00108272 0.00087668 0.000688315 0.000596405 0.000456015 0.000367135 0.000283305 0.000228765 0.000159075 0.000148975 0.00011413 7.9285e-05 5.2015e-05 4.343e-05 2.6765e-05 1.919e-05 1.6665e-05 1.1615e-05 1.2625e-05 5.555e-06 4.04e-06 5.555e-06 2.02e-06 1.01e-06 2.525e-06 2.02e-06 
0.00475003 0.00537926 0.00602415 0.00651905 0.00684629 0.00702203 0.00705637 0.00704677 0.00712101 0.00674276 0.00653773 0.00628826 0.00589285 0.00544693 0.00499445 0.00449602 0.00407788 0.00361176 0.00332088 0.00280528 0.00247299 0.00209979 0.001818 0.00155944 0.00132866 0.00108272 0.00089991 0.00071205 0.00062923 0.0004545 0.00038784 0.000322695 0.00024543 0.00018988 0.000152005 0.000131805 8.9385e-05 7.8275e-05 5.1005e-05 3.232e-05 2.5755e-05 2.2725e-05 2.02e-05 1.111e-05 8.08e-06 8.08e-06 3.03e-06 2.525e-06 3.535e-06 2.02e-06 3.535e-06 
0.00395668 0.00451521 0.00498385 0.00546461 0.00575044 0.00587669 0.00601354 0.00610545 0.00611151 0.00585245 0.00568933 0.00538078 0.00514141 0.00474195 0.00442734 0.00398193 0.00374003 0.00330977 0.00297445 0.00260833 0.00229472 0.00200334 0.00170943 0.00150642 0.00131452 0.00111151 0.000913545 0.00077366 0.00063024 0.000494395 0.00040198 0.00033835 0.000284315 0.000194425 0.0001717 0.000134835 0.00010706 8.08e-05 5.8075e-05 4.8985e-05 3.9895e-05 2.9795e-05 1.818e-05 2.1715e-05 9.595e-06 7.07e-06 8.585e-06 5.555e-06 5.05e-06 4.04e-06 7.575e-06 
0 0 0 0 0 0 0 0 0 0 0 0 0 0 0 0 0 0 0 0 0 0 0 0 0 0 0 0 0 0 0 0 0 0 0 0 0 0 0 0 0 0 0 0 0 0 0 0 0 0 0 
Per-collision Densities L:
2.26321 1.24783 0.690114 0.380169 0.210458 0.115654 0.0642607 0.0349389 0.0194869 0.0106969 0.00589487 0.00330371 0.00180184 0.000970105 0.00054641 0.000274215 0.000173215 9.696e-05 5.757e-05 2.7775e-05 1.5655e-05 7.575e-06 3.535e-06 2.02e-06 5.05e-07 5.05e-07 1.515e-06 5.05e-07 0 0 0 0 0 0 0 0 0 0 0 0 0 0 0 0 0 0 0 0 0 0 0 
0.355473 0.629548 0.58772 0.456183 0.325307 0.220006 0.143209 0.0915908 0.0570751 0.0355778 0.0216266 0.0129942 0.00776539 0.00457126 0.00274367 0.0016463 0.000949905 0.000558025 0.000346935 0.00017675 0.00012423 7.5245e-05 3.5855e-05 2.02e-05 1.313e-05 7.575e-06 1.515e-06 2.525e-06 1.01e-06 2.02e-06 5.05e-07 0 0 0 0 0 5.05e-07 0 0 0 0 0 0 0 0 0 0 0 0 0 0 
0.0690199 0.21871 0.303542 0.314993 0.279869 0.227487 0.173228 0.126143 0.0894274 0.0614454 0.0409186 0.0270241 0.0176634 0.0114226 0.00722049 0.00453692 0.00283709 0.00174478 0.0011312 0.00068579 0.000397435 0.00024644 0.00015049 8.6355e-05 4.7975e-05 4.242e-05 2.02e-05 9.09e-06 4.04e-06 5.555e-06 3.535e-06 1.515e-06 1.01e-06 0 5.05e-07 0 0 0 5.05e-07 0 0 0 0 0 0 0 0 0 0 0 0 
0.0277189 0.0890259 0.146293 0.181491 0.189795 0.179112 0.155219 0.127844 0.100126 0.075698 0.055251 0.0396319 0.0276993 0.0191557 0.0129108 0.00876175 0.00578983 0.00376175 0.00249218 0.00157308 0.00101606 0.000669125 0.00041511 0.00024947 0.00015857 0.00011211 6.363e-05 3.434e-05 2.4745e-05 1.0605e-05 1.01e-05 4.04e-06 4.545e-06 1.515e-06 2.02e-06 1.515e-06 1.01e-06 5.05e-07 0 0 0 0 0 0 0 0 0 0 0 0 0 
0.0162191 0.0491719 0.0805253 0.106407 0.121801 0.12615 0.120635 0.108377 0.0931846 0.0758894 0.0605818 0.0462343 0.0349601 0.0256883 0.0183396 0.0131749 0.00918494 0.00630644 0.00427836 0.00292648 0.00192557 0.00135441 0.000821635 0.000585295 0.000360065 0.000233815 0.000171195 8.888e-05 6.5145e-05 3.838e-05 1.8685e-05 1.6665e-05 1.2625e-05 5.555e-06 4.04e-06 2.525e-06 1.01e-06 1.01e-06 1.515e-06 0 5.05e-07 0 0 0 0 0 0 0 0 0 0 
0.0107974 0.031665 0.0515509 0.0681361 0.0804834 0.0874963 0.088882 0.0850804 0.0778983 0.0682497 0.0575099 0.0473806 0.0370837 0.0292789 0.0221882 0.0166297 0.0122452 0.00888447 0.00638926 0.00449804 0.00311282 0.00214878 0.00143521 0.00101909 0.00065549 0.000456015 0.000295425 0.00020705 0.000131805 8.888e-05 4.9995e-05 3.838e-05 2.0705e-05 1.5655e-05 7.575e-06 5.05e-06 5.05e-06 3.03e-06 2.525e-06 1.515e-06 5.05e-07 1.01e-06 0 0 0 0 0 0 0 0 0 
0.00753359 0.0219342 0.035348 0.0470776 0.0561414 0.0625453 0.0657889 0.0654081 0.062519 0.0572317 0.0512136 0.0438385 0.0365635 0.0299308 0.0239602 0.0186668 0.0142597 0.0110257 0.00821534 0.00597264 0.00439047 0.00301536 0.00226038 0.00155742 0.00108121 0.000722655 0.00053126 0.000325725 0.000240885 0.00014948 0.000104535 6.767e-05 4.848e-05 3.2825e-05 2.222e-05 6.565e-06 6.565e-06 5.555e-06 3.03e-06 3.03e-06 2.525e-06 2.02e-06 5.05e-07 1.01e-06 0 5.05e-07 0 0 0 0 5.05e-07 
0.00529543 0.015959 0.025606 0.034393 0.0409388 0.0461954 0.0492037 0.0505414 0.0494754 0.0471771 0.0433669 0.0386067 0.0336724 0.0287128 0.0239001 0.0194738 0.0153247 0.0120715 0.00939603 0.00728261 0.00543683 0.00400566 0.00298304 0.00220584 0.00159328 0.00110343 0.000801435 0.00053429 0.00037471 0.0002626 0.000179275 0.000116655 8.787e-05 5.7065e-05 3.737e-05 2.525e-05 1.1615e-05 1.0605e-05 6.565e-06 8.08e-06 2.525e-06 3.03e-06 5.05e-07 5.05e-07 5.05e-07 5.05e-07 1.01e-06 0 0 0 5.05e-07 
0.00382336 0.0117443 0.0189633 0.0254672 0.0309075 0.0350849 0.0376437 0.0394713 0.0391956 0.0381351 0.0361045 0.0333103 0.0297092 0.0259646 0.0224574 0.0189653 0.0156818 0.0127401 0.0101258 0.00793961 0.006262 0.00479397 0.00366277 0.00274619 0.00201192 0.00150238 0.00109989 0.00078578 0.00057166 0.000393395 0.000282295 0.00018887 0.00013534 8.686e-05 6.0095e-05 4.1915e-05 2.4745e-05 2.02e-05 1.313e-05 8.585e-06 4.545e-06 6.06e-06 2.02e-06 1.01e-06 5.05e-07 5.05e-07 1.01e-06 0 0 0 0 
0.00294365 0.00885467 0.0145945 0.0194748 0.0237956 0.0272937 0.029386 0.0307914 0.0313959 0.0309621 0.029949 0.0281613 0.0256888 0.0233073 0.0204035 0.0176856 0.0151434 0.0125624 0.0103823 0.00849713 0.00667156 0.0052823 0.00415514 0.00322342 0.00245986 0.00183517 0.00137259 0.00107313 0.000762045 0.000572165 0.000394405 0.000269165 0.000201495 0.000134835 8.08e-05 7.0195e-05 5.252e-05 3.232e-05 1.717e-05 1.111e-05 1.0605e-05 6.06e-06 2.02e-06 3.03e-06 2.02e-06 1.01e-06 5.05e-07 0 5.05e-07 0 0 
0.00237956 0.00675438 0.0112272 0.0150005 0.0183911 0.0213039 0.0232946 0.0246046 0.0252333 0.025151 0.0247905 0.0236305 0.0220978 0.0203404 0.0182982 0.016164 0.0140441 0.0120422 0.0101742 0.00846077 0.00690941 0.0055646 0.00446269 0.00351329 0.00277144 0.00218867 0.00165034 0.00121049 0.000923645 0.000707505 0.00053227 0.00035956 0.00027775 0.000205535 0.000142915 9.393e-05 7.4235e-05 4.747e-05 4.3935e-05 2.121e-05 1.5655e-05 1.0605e-05 7.575e-06 6.565e-06 3.03e-06 2.525e-06 1.515e-06 0 0 5.05e-07 1.515e-06 
0.00185941 0.0052616 0.00873448 0.0117786 0.0145087 0.0169468 0.0185588 0.019742 0.020501 0.0207999 0.0206091 0.0198071 0.018938 0.0175871 0.016054 0.0146167 0.0129255 0.0112686 0.00963086 0.00818858 0.00689426 0.00567317 0.00471317 0.00375619 0.00300172 0.00237603 0.00190032 0.00147309 0.00108828 0.0008888 0.00066054 0.00047369 0.000354005 0.000264115 0.00018382 0.000154025 0.0001111 7.2215e-05 5.151e-05 3.8885e-05 2.3735e-05 1.9695e-05 1.313e-05 8.08e-06 3.03e-06 4.545e-06 3.03e-06 1.01e-06 1.01e-06 5.05e-07 2.02e-06 
0.00142764 0.00427988 0.00694224 0.00932836 0.0116685 0.0135613 0.014948 0.0161635 0.0166524 0.016918 0.0171816 0.0167256 0.0159792 0.0151515 0.0139961 0.0128684 0.0116544 0.0103348 0.00911424 0.00774519 0.00660237 0.00564893 0.0046864 0.0038375 0.00320928 0.00255682 0.00203061 0.00161297 0.00130644 0.0009696 0.000751945 0.000559035 0.00044137 0.00032825 0.000249975 0.000185335 0.00013332 0.000101505 8.08e-05 4.9995e-05 4.4945e-05 3.131e-05 2.02e-05 1.4645e-05 8.585e-06 6.06e-06 5.05e-06 3.535e-06 2.02e-06 5.05e-07 2.02e-06 
0.00113272 0.00342542 0.00551915 0.00759116 0.00932836 0.0107636 0.0121907 0.013184 0.0137734 0.0142147 0.0141375 0.0140309 0.0134047 0.0129785 0.0122205 0.0113378 0.0103535 0.00923847 0.00828655 0.00717908 0.00622766 0.00533836 0.00466115 0.00384911 0.00317544 0.00261792 0.00215837 0.00175791 0.00140693 0.00107414 0.000843855 0.000663065 0.00052419 0.0003838 0.0002929 0.000232805 0.00017271 0.000119685 9.09e-05 8.181e-05 4.848e-05 3.8885e-05 2.828e-05 1.414e-05 1.7675e-05 7.07e-06 9.595e-06 4.04e-06 3.03e-06 2.525e-06 6.06e-06 
0.00088678 0.00278558 0.0044738 0.00609182 0.00756743 0.00887487 0.00994042 0.0108257 0.0113529 0.0116655 0.0118968 0.0119412 0.0115463 0.0110681 0.0105525 0.00983791 0.00916575 0.00824514 0.00748006 0.00661803 0.00577165 0.00508333 0.00437835 0.00380366 0.00309464 0.00264873 0.00218968 0.00179073 0.00142259 0.00117564 0.000932735 0.00073326 0.000567115 0.000494395 0.00035754 0.000271185 0.000218665 0.000150995 0.000113625 8.484e-05 6.4135e-05 4.949e-05 3.7875e-05 2.3735e-05 1.8685e-05 1.01e-05 1.01e-05 7.575e-06 5.555e-06 4.04e-06 6.565e-06 
0.00071811 0.00222301 0.00360924 0.00494698 0.00612616 0.00723009 0.00814818 0.00886932 0.00944098 0.00973034 0.0100091 0.00991366 0.00988992 0.00949653 0.00919353 0.00861379 0.00789265 0.0073119 0.0067564 0.00602162 0.0053727 0.00482679 0.00411727 0.00357742 0.00307495 0.00266034 0.00217908 0.00180235 0.00148773 0.00119786 0.00097768 0.00078982 0.00059893 0.000511565 0.00039794 0.000320675 0.00024341 0.00018887 0.000144935 0.00010302 8.0295e-05 5.757e-05 5.2015e-05 3.2825e-05 3.0805e-05 1.313e-05 1.01e-05 1.2625e-05 1.212e-05 5.05e-06 1.01e-05 
0.000586305 0.00180891 0.00296738 0.00405212 0.00506616 0.00595092 0.00663469 0.00730735 0.00785578 0.0082517 0.00829463 0.008383 0.00832594 0.0081103 0.00782548 0.00743259 0.00707354 0.00647259 0.00599082 0.00549642 0.00489244 0.00442784 0.0038274 0.00336987 0.0028578 0.00255429 0.00215231 0.0018175 0.00148723 0.00129078 0.000992325 0.00081911 0.000666095 0.00054338 0.000416625 0.00036259 0.00026058 0.00020806 0.00017372 0.000119685 8.787e-05 7.474e-05 5.252e-05 4.5955e-05 3.7875e-05 2.626e-05 1.8685e-05 1.414e-05 8.585e-06 6.565e-06 1.818e-05 
0.000494395 0.00148066 0.00246642 0.00331331 0.00422382 0.00497324 0.00561813 0.00612565 0.00648521 0.00684023 0.00705081 0.00714626 0.0071003 0.00699223 0.006716 0.00643522 0.0061408 0.00580649 0.00528584 0.00487426 0.00450915 0.00403243 0.00353298 0.0031305 0.00272195 0.0023831 0.00210131 0.00178063 0.00148369 0.00125392 0.00104131 0.000873145 0.00070195 0.000564085 0.00046157 0.00039289 0.000289365 0.000260075 0.00016968 0.00012827 0.00010605 9.8475e-05 6.0095e-05 5.2015e-05 3.737e-05 2.6765e-05 2.323e-05 1.717e-05 1.2625e-05 1.313e-05 2.8785e-05 
0.000394405 0.00124382 0.0020402 0.00273811 0.00350824 0.00419655 0.0046359 0.00517423 0.00547774 0.00566055 0.00589487 0.00609636 0.00601607 0.00601354 0.00576761 0.00554591 0.00532371 0.0051005 0.00469196 0.00444602 0.00398849 0.00373044 0.00324614 0.00292698 0.00264014 0.00219978 0.00199071 0.0016458 0.00148016 0.00123271 0.00100344 0.00088577 0.000702455 0.000582265 0.00047571 0.00040703 0.00032017 0.000277245 0.00021109 0.00013938 0.00012827 0.00010807 6.262e-05 5.656e-05 4.5955e-05 3.333e-05 2.222e-05 1.919e-05 1.6665e-05 1.0605e-05 3.434e-05 
0 0 0 0 0 0 0 0 0 0 0 0 0 0 0 0 0 0 0 0 0 0 0 0 0 0 0 0 0 0 0 0 0 0 0 0 0 0 0 0 0 0 0 0 0 0 0 0 0 0 0 
