Half rod, albedo problem, Anisotropic scattering, exponential random flight, mu_t: 1 g: -0.3
Analogmu_t c: 0.95 maxx: 10 dx: 0.19802 numsamples: 1000000 numCollisionOrders: 20 numMoments: 10
total albedo: 0.670517
per-collision order albedos: 
0 0.308872 0.102546 0.063513 0.041005 0.029244 0.021424 0.016369 0.013138 0.010383 0.008551 0.007012 0.005878 0.004928 0.004224 0.003747 0.003119 0.002774 0.002411 0.002189 
Collision density L:
0.656879 0.620857 0.589795 0.561626 0.535739 0.508606 0.482921 0.459641 0.435441 0.414534 0.394531 0.372316 0.356272 0.337598 0.321559 0.306601 0.295077 0.27828 0.262398 0.252652 0.238759 0.229376 0.216155 0.204222 0.195834 0.187507 0.176866 0.167983 0.16256 0.15398 0.146541 0.139759 0.132159 0.125902 0.120508 0.113979 0.10753 0.103581 0.0970762 0.0926776 0.089178 0.084128 0.0787497 0.0769317 0.0731139 0.068069 0.0652965 0.0620999 0.0584134 0.0562419 1.08505 
Collision density R:
0.979523 0.928235 0.878902 0.837346 0.798945 0.757621 0.721731 0.684401 0.651167 0.619842 0.591577 0.559848 0.531927 0.507136 0.48124 0.457177 0.434532 0.415403 0.394723 0.372458 0.355454 0.339001 0.320387 0.304091 0.292653 0.275412 0.265231 0.251934 0.237906 0.227942 0.216423 0.206394 0.197718 0.186663 0.178073 0.168862 0.16056 0.155151 0.145334 0.137991 0.131598 0.125205 0.12019 0.111751 0.107131 0.101843 0.0974903 0.0935917 0.0874963 0.0834715 1.61817 
Density Moments:
6.58582 25.973 204.056 2391.52 37166.4 716824 1.63903e+07 4.2878e+08 1.24731e+10 3.94511e+11 
Per-collision Density Moments:
1 1.00076 2.00689 6.05414 24.499 125.142 776.997 5709.7 48620.5 471037 
0.641354 0.974121 2.61578 9.86953 47.7007 280.395 1936.87 15328.4 136213 1.33641e+06 
0.506644 1.02095 3.29381 14.2957 77.3676 499.401 3734.33 31719.5 302135 3.20061e+06 
0.41774 1.0058 3.73834 18.2963 110.032 781.402 6388.89 59127.6 611795 7.00367e+06 
0.355915 0.98581 4.09016 21.9598 143.115 1090.28 9465.02 91899.9 983521 1.1463e+07 
0.308819 0.956179 4.34711 25.2571 176.439 1429.97 13132.4 134386 1.5126e+06 1.85235e+07 
0.271964 0.924568 4.54495 28.2761 210.085 1802 17449.3 187744 2.21771e+06 2.84801e+07 
0.242098 0.890704 4.68932 31.0324 244.001 2206.64 22470.8 253830 3.14437e+06 4.23064e+07 
0.216885 0.856394 4.79423 33.5658 278.225 2643.28 28155.7 330830 4.2339e+06 5.84046e+07 
0.195704 0.82103 4.8441 35.5803 308.496 3060.66 34023.6 417222 5.5736e+06 8.02447e+07 
0.177222 0.786114 4.87216 37.475 339.887 3527.96 41071.1 528265 7.41679e+06 1.12476e+08 
0.161342 0.752864 4.87856 39.0763 367.584 3939.72 47124.9 619435 8.83799e+06 1.35472e+08 
0.147322 0.719248 4.85338 40.3985 394.778 4399.8 54836.6 753183 1.12671e+07 1.81729e+08 
0.134962 0.686922 4.81684 41.5685 420.194 4832.63 61985.7 873330 1.33485e+07 2.18963e+08 
0.123933 0.65517 4.75769 42.44 442.876 5253.31 69453.8 1.00839e+06 1.58838e+07 2.68586e+08 
0.113934 0.624254 4.67899 42.9661 460.648 5607.55 76096.4 1.13597e+06 1.8456e+07 3.23243e+08 
0.105076 0.595275 4.60501 43.6041 481.711 6040.21 84455.8 1.30073e+06 2.1863e+07 3.97956e+08 
0.096874 0.567902 4.5317 44.2087 502.932 6494.72 93557.6 1.48458e+06 2.56833e+07 4.79792e+08 
0.089557 0.539952 4.42404 44.2474 515.235 6798.35 99840 1.61029e+06 2.82066e+07 5.31141e+08 
0 0 0 0 0 0 0 0 0 0 
Per-collision Densities L:
0 0 0 0 0 0 0 0 0 0 0 0 0 0 0 0 0 0 0 0 0 0 0 0 0 0 0 0 0 0 0 0 0 0 0 0 0 0 0 0 0 0 0 0 0 0 0 0 0 0 0 
0.280881 0.22824 0.187138 0.154717 0.127078 0.105409 0.0851329 0.0719625 0.0569287 0.0467832 0.0384911 0.0313454 0.0261893 0.0211393 0.0176902 0.0143117 0.0124584 0.0097061 0.0078174 0.00667105 0.00532775 0.0042622 0.00376225 0.0028381 0.00263105 0.00221695 0.00165135 0.00141905 0.0010605 0.0010403 0.0006565 0.00057065 0.0003939 0.000404 0.0003636 0.0003131 0.000202 0.00017675 0.0001414 0.000101 0.0001414 8.08e-05 9.09e-05 3.03e-05 6.06e-05 3.535e-05 2.525e-05 4.04e-05 3.535e-05 3.03e-05 0.00011615 
0.103419 0.0991871 0.0937028 0.0876529 0.0795426 0.0716848 0.0648572 0.0570903 0.0504849 0.0445107 0.039693 0.0351127 0.0294112 0.0266287 0.0228412 0.0195839 0.016766 0.0144481 0.0119837 0.0101909 0.00851935 0.00756995 0.0068074 0.0055651 0.00485305 0.0040602 0.0032118 0.002727 0.00239875 0.00201495 0.0017473 0.0014948 0.0010605 0.0009292 0.0009696 0.0007272 0.0006666 0.00052015 0.0004343 0.000404 0.0003232 0.00025755 0.00018685 0.0001919 9.595e-05 0.00017675 0.00017675 9.09e-05 6.565e-05 9.595e-05 0.0003535 
0.0654581 0.0693163 0.0697506 0.068069 0.0665287 0.0631351 0.0588477 0.0542623 0.049692 0.0466014 0.0412232 0.0370317 0.0338148 0.0295375 0.0269872 0.0239673 0.0213009 0.0182558 0.0161348 0.0142006 0.0125341 0.0108121 0.00965055 0.0079992 0.0070296 0.00647915 0.00527725 0.004747 0.00410565 0.00345925 0.0030098 0.00262095 0.00232805 0.00197455 0.00164125 0.00156045 0.0010908 0.0011211 0.000707 0.0007474 0.00055045 0.0005555 0.00041915 0.0004444 0.0003232 0.0002929 0.00018685 0.00020705 0.00016665 0.0001111 0.0007777 
0.0429755 0.045349 0.0467883 0.0471519 0.0475155 0.0471115 0.0453844 0.0432583 0.0415969 0.0384406 0.0361227 0.0337694 0.031108 0.0282598 0.0263257 0.0238259 0.0216898 0.0193264 0.0174831 0.0157207 0.0140996 0.0132462 0.0111858 0.0102111 0.00884255 0.0078477 0.0071306 0.00615595 0.0054035 0.00494395 0.00443895 0.00366125 0.00303505 0.002727 0.0026765 0.00211595 0.0017877 0.001616 0.0014544 0.001212 0.00104535 0.0008787 0.0007979 0.00067165 0.00062115 0.00053025 0.00049995 0.0004343 0.00025755 0.0003434 0.00154025 
0.0300324 0.0333906 0.0341481 0.0359611 0.0363853 0.03636 0.0361075 0.0352389 0.0350319 0.0335371 0.0321079 0.0293658 0.0285325 0.0268307 0.0245127 0.0237603 0.0212605 0.019493 0.0178114 0.0165388 0.0156146 0.0144329 0.012423 0.0110242 0.00997375 0.00921625 0.0081507 0.0070498 0.00626705 0.00575195 0.0051308 0.0044844 0.00411575 0.0036966 0.00334815 0.00301485 0.00235835 0.0023331 0.00181295 0.00158065 0.00135845 0.00127765 0.0009292 0.00089385 0.00090395 0.0008383 0.00065145 0.0006363 0.0005151 0.00046965 0.0028482 
0.0227402 0.0247652 0.0257651 0.0273811 0.028179 0.0288911 0.0289113 0.0290224 0.0282952 0.0269771 0.0268155 0.0256187 0.0246794 0.02373 0.0224776 0.0211747 0.0202909 0.0184123 0.0174579 0.0161348 0.0150339 0.0135795 0.0128624 0.0112514 0.010504 0.009898 0.00895365 0.00807495 0.00726695 0.006767 0.005959 0.0055752 0.00480255 0.00453995 0.00392385 0.0036562 0.0030502 0.0025856 0.0026058 0.00242905 0.0019392 0.001616 0.00141905 0.00129785 0.0013231 0.00103525 0.00084335 0.0007474 0.0007979 0.0006363 0.00395415 
0.0176043 0.0189729 0.0198566 0.0215282 0.022523 0.0232603 0.0233866 0.0235886 0.0235027 0.0233108 0.0229927 0.0220887 0.0216797 0.021109 0.0199526 0.0190638 0.0182255 0.0174225 0.0164529 0.0154126 0.0144481 0.013731 0.0125644 0.0116908 0.0109787 0.0094031 0.00922635 0.00822645 0.0077063 0.0070498 0.00651955 0.0058782 0.00537825 0.0050601 0.0041915 0.00378245 0.00378245 0.00351985 0.00293405 0.00250985 0.0023836 0.0021008 0.0020402 0.00156045 0.00143925 0.0012322 0.00114635 0.00099485 0.0009393 0.00079285 0.0059893 
0.0138522 0.015347 0.0163014 0.0167812 0.0178568 0.0181194 0.0190436 0.0194476 0.0192153 0.0197304 0.0190941 0.0186042 0.018175 0.0181346 0.0178619 0.0167559 0.0171195 0.0161954 0.0150086 0.0145592 0.0136603 0.0125998 0.0120039 0.0108171 0.010802 0.0100849 0.0087668 0.00819615 0.0080396 0.00726695 0.00684275 0.0060398 0.00587315 0.00528735 0.00446925 0.0044541 0.00400465 0.00374205 0.00318655 0.0030603 0.002626 0.0022725 0.002222 0.0019392 0.00176245 0.0015857 0.0014443 0.00113625 0.0011312 0.0010605 0.00775175 
0.0109232 0.0116908 0.013428 0.0136855 0.0147208 0.0152662 0.0157813 0.0163216 0.0166802 0.0167963 0.016261 0.0165994 0.0162711 0.0157106 0.0159782 0.0152359 0.0147612 0.0144481 0.0135037 0.0131906 0.0121705 0.0118978 0.0114635 0.0111706 0.0100495 0.0097566 0.0092516 0.0082921 0.0080497 0.00764065 0.00691345 0.00633775 0.0060297 0.0055348 0.00511565 0.00468135 0.0043228 0.0040097 0.00359055 0.00317645 0.00304515 0.0027977 0.0022422 0.0021816 0.0020402 0.00176245 0.0016564 0.0015554 0.0013534 0.0012221 0.0100041 
0.00928695 0.0099081 0.0109434 0.0115746 0.0119988 0.0122766 0.013231 0.0135946 0.0137815 0.0135391 0.0140188 0.0139077 0.0138774 0.0141249 0.0134684 0.0130947 0.0131149 0.0127866 0.0128422 0.0119635 0.0114585 0.011211 0.010701 0.0102313 0.0094132 0.0091001 0.0087163 0.00803455 0.00774165 0.00739825 0.0067468 0.0063327 0.0059489 0.0055045 0.005151 0.00467125 0.0043834 0.004343 0.0037673 0.0031613 0.00329765 0.0028179 0.0025048 0.00244925 0.0023533 0.00192405 0.0018483 0.0016665 0.00162105 0.0012423 0.0116352 
0.00755985 0.00815575 0.0088981 0.0095647 0.0097566 0.0108474 0.0110949 0.0108828 0.0114484 0.0123271 0.0123473 0.0118423 0.0124887 0.012221 0.0122109 0.0117766 0.0119685 0.0116504 0.0110595 0.0115292 0.0107363 0.0105192 0.0096657 0.00980205 0.00927685 0.0087365 0.00808 0.00798405 0.00731745 0.0068983 0.00643875 0.0061206 0.00587315 0.00539845 0.0051914 0.00472175 0.00428745 0.0040703 0.0034239 0.003333 0.00328755 0.00283305 0.00257045 0.0025856 0.0024038 0.00224725 0.00198465 0.00184325 0.0016362 0.0014948 0.0140794 
0.0063832 0.0066761 0.00748915 0.0078982 0.00862035 0.00871125 0.00952935 0.00937785 0.0102212 0.0101505 0.0106707 0.010701 0.0110191 0.0103929 0.0103576 0.0108575 0.0105192 0.0106 0.0097869 0.00963035 0.0096455 0.0090395 0.0088375 0.0086759 0.008282 0.00844865 0.00779215 0.00723665 0.007373 0.00701445 0.0062519 0.00614585 0.0056358 0.00509545 0.0050803 0.00463085 0.0044137 0.00403495 0.0039693 0.0035451 0.0033633 0.0029997 0.00273205 0.00277245 0.0024745 0.00217655 0.0021008 0.00190385 0.00176245 0.00154025 0.0160994 
0.004949 0.00617615 0.00650945 0.00677205 0.00741845 0.0077063 0.00815575 0.00848905 0.0086557 0.0089284 0.00876175 0.00907485 0.009292 0.009494 0.0093526 0.00928695 0.00920615 0.009191 0.00887285 0.00945865 0.00847895 0.00847895 0.00839815 0.0077972 0.0075043 0.0078881 0.00732755 0.0069387 0.00676195 0.0061509 0.0062115 0.00583275 0.0052924 0.00538835 0.00493385 0.0045551 0.0044339 0.00400465 0.00361075 0.0036057 0.00304515 0.00320675 0.00291385 0.0028684 0.00244925 0.00219675 0.0021614 0.00197455 0.00172205 0.00181295 0.017468 
0.0047874 0.00500455 0.0055045 0.00613575 0.00627715 0.00668115 0.00667105 0.0071407 0.0073225 0.0076457 0.00771135 0.00815575 0.0080194 0.00832745 0.00836785 0.00864055 0.0082315 0.0082416 0.0078376 0.0081507 0.00781235 0.0076053 0.00750935 0.0067973 0.00712555 0.00688315 0.00665085 0.00649935 0.0064236 0.00606505 0.0058378 0.00574185 0.0055954 0.0051005 0.0045147 0.0043127 0.00422685 0.0039794 0.00385315 0.00349965 0.0032017 0.00325725 0.00261085 0.0027573 0.00240885 0.0022523 0.0022321 0.0019796 0.0018382 0.00179275 0.0193415 
0.0039289 0.0043329 0.00502475 0.00498435 0.0056257 0.00559035 0.00601455 0.0064236 0.00644885 0.00726695 0.00687305 0.0067468 0.00714575 0.00711545 0.0071508 0.00677205 0.00755985 0.00755985 0.00730735 0.0070902 0.00717605 0.0073124 0.0069387 0.00670135 0.00671145 0.0062317 0.00616605 0.0060398 0.0058782 0.00566105 0.0054136 0.0051207 0.0048682 0.00461065 0.00458035 0.0041006 0.0040299 0.0041006 0.003636 0.0032522 0.00308555 0.00288355 0.00275225 0.00275225 0.0025755 0.00231795 0.0022018 0.00197455 0.00184325 0.0017776 0.0208565 
0.0036057 0.0034946 0.00403495 0.0042622 0.00500455 0.00493385 0.00526715 0.00579235 0.0056863 0.0060196 0.00618625 0.00598425 0.0062519 0.00615595 0.0063529 0.0066054 0.00665085 0.0067367 0.0067468 0.0064842 0.00666095 0.00670135 0.00617615 0.00600445 0.0059085 0.00573175 0.00570145 0.0055651 0.0054641 0.004949 0.00520655 0.00500455 0.0045854 0.0042319 0.0041915 0.00425715 0.0038481 0.0034542 0.00364105 0.0034946 0.00337845 0.00300475 0.00282295 0.00254015 0.00244925 0.0024341 0.00201495 0.0020705 0.0019493 0.00186345 0.0218413 
0.00288355 0.00321685 0.00365115 0.003737 0.00404 0.0044137 0.00466115 0.0048177 0.00513585 0.00504495 0.0058176 0.0054338 0.00583275 0.0055853 0.0054742 0.0059489 0.00609535 0.0058176 0.0055752 0.00595395 0.0061812 0.00558025 0.00540855 0.00566105 0.0055247 0.0051914 0.00503485 0.0050702 0.00515605 0.0048379 0.0044945 0.00465105 0.00455005 0.00414605 0.00393395 0.00389355 0.00380265 0.0036562 0.00319665 0.00316635 0.00293405 0.00283305 0.00255025 0.00259065 0.0024947 0.0022523 0.0021412 0.0023028 0.0017978 0.001818 0.0231189 
0.0024846 0.00247955 0.0031815 0.00349965 0.00389355 0.0038986 0.00404 0.00441875 0.00449955 0.0045551 0.004949 0.00486315 0.00517625 0.00502475 0.0049793 0.0052621 0.00554995 0.0053126 0.0053631 0.0054035 0.0052015 0.0052419 0.00516615 0.0051005 0.0049793 0.00470155 0.00475205 0.0047571 0.00460055 0.00447935 0.0040703 0.00443895 0.00398445 0.0040804 0.0039087 0.0035653 0.0036158 0.0030502 0.0033532 0.0030098 0.0029694 0.0029694 0.0024442 0.0026866 0.0024947 0.00216645 0.00219675 0.0019897 0.0018079 0.0017574 0.0239219 
0 0 0 0 0 0 0 0 0 0 0 0 0 0 0 0 0 0 0 0 0 0 0 0 0 0 0 0 0 0 0 0 0 0 0 0 0 0 0 0 0 0 0 0 0 0 0 0 0 0 0 
Per-collision Densities L:
0.910242 0.744582 0.605737 0.499975 0.413135 0.335618 0.277043 0.226594 0.185118 0.153353 0.125578 0.102495 0.0836735 0.0695032 0.0575801 0.0470509 0.0371983 0.0320776 0.0253359 0.0214726 0.0177962 0.0145339 0.0109636 0.00935765 0.00753965 0.00661045 0.00557015 0.0041612 0.00361075 0.00300475 0.00249975 0.0019291 0.00147965 0.0013231 0.0010302 0.00093425 0.00070195 0.00067165 0.00052015 0.00037875 0.000303 0.00027775 0.00027775 0.00020705 0.00013635 0.0001414 0.00010605 9.09e-05 7.07e-05 9.595e-05 0.0003131 
0.0290527 0.0728766 0.0999294 0.115342 0.120922 0.122321 0.117766 0.110999 0.104252 0.0956167 0.0869105 0.0776589 0.0689275 0.059994 0.0544289 0.0482881 0.040799 0.0362439 0.0313807 0.0267196 0.022922 0.0203919 0.0172306 0.0146147 0.0125998 0.0103727 0.00921625 0.0075952 0.006363 0.0056964 0.00481265 0.00422685 0.00348955 0.0028583 0.0023937 0.00217655 0.00178265 0.00159075 0.0012221 0.00102515 0.00075245 0.0007777 0.0006262 0.0004545 0.0005858 0.0003939 0.0003737 0.00022725 0.00021715 0.0001818 0.0009292 
0.0177659 0.0449097 0.066559 0.0785376 0.0869661 0.0916878 0.09191 0.0909758 0.0891073 0.0846532 0.0803253 0.0733765 0.0677407 0.0628271 0.0573125 0.0513686 0.0462833 0.0419706 0.0365166 0.0327038 0.0288911 0.0258712 0.0223362 0.0198415 0.0175437 0.0152207 0.013433 0.0115696 0.0099384 0.0086456 0.0079386 0.0068175 0.005757 0.00500455 0.00397435 0.0036057 0.00308555 0.00276235 0.00234825 0.00186345 0.0016968 0.00136855 0.00115645 0.0009898 0.0009696 0.00083325 0.0006363 0.00049995 0.0004848 0.00033835 0.00214625 
0.0064337 0.018478 0.0295678 0.0381174 0.0453844 0.0507121 0.0555046 0.0577569 0.0586861 0.057666 0.0570499 0.055449 0.0548026 0.0500708 0.047369 0.0447178 0.041612 0.0378144 0.0353096 0.0320019 0.0293254 0.0261994 0.0234926 0.0215585 0.0194274 0.0170539 0.0155086 0.0139683 0.0124079 0.0112514 0.0097768 0.008686 0.0075851 0.00691345 0.00587315 0.0049692 0.00432785 0.00430765 0.003232 0.00299465 0.00254015 0.00225735 0.0019998 0.00172205 0.00135845 0.00136855 0.0010504 0.00104535 0.00088375 0.00065145 0.0043026 
0.00387335 0.0111757 0.0186648 0.0253056 0.0307343 0.0355369 0.0387386 0.0407939 0.0432583 0.0441976 0.0443289 0.0445915 0.0428644 0.0430361 0.0401071 0.0392991 0.0371478 0.0344562 0.0328301 0.0307798 0.0284921 0.02626 0.0236896 0.0219473 0.0206141 0.0183012 0.0169882 0.0152763 0.0138118 0.0122968 0.0108323 0.00984245 0.0087466 0.0081406 0.0070599 0.00643875 0.00593375 0.00492375 0.00452985 0.00380265 0.00336835 0.00314615 0.00243915 0.0021715 0.0019089 0.0018786 0.00154025 0.00131805 0.00130795 0.00117665 0.00685285 
0.0025452 0.00740835 0.0116352 0.0161449 0.0206646 0.0235179 0.0269822 0.0298657 0.03131 0.0333401 0.0338855 0.0336734 0.034436 0.0341178 0.0336179 0.0323049 0.0311838 0.030401 0.0291234 0.0270983 0.0257247 0.023937 0.0224372 0.0207303 0.0196142 0.017978 0.0167862 0.0156853 0.0144279 0.0133573 0.0115544 0.0108626 0.00989295 0.00895365 0.00862035 0.00735785 0.00630745 0.00606 0.0054136 0.0049591 0.004242 0.0036764 0.00351985 0.0027775 0.0027472 0.00242905 0.00196445 0.00185335 0.001717 0.00156045 0.0096253 
0.0016261 0.0052419 0.0087466 0.0111807 0.0148622 0.0175942 0.019892 0.022013 0.023629 0.0245279 0.0266741 0.0272498 0.0275478 0.0277296 0.0275225 0.0278508 0.0270377 0.0260378 0.0252955 0.0235684 0.0230987 0.0222453 0.0212353 0.020195 0.0191951 0.0174983 0.0164226 0.0150339 0.0143269 0.0131401 0.0116504 0.0108171 0.0104131 0.00948895 0.00845875 0.00766085 0.00737805 0.0068478 0.0061004 0.00539845 0.0048076 0.0042925 0.0038178 0.0035047 0.00304515 0.0026664 0.002424 0.00229775 0.00193415 0.0019796 0.0135694 
0.001313 0.00399455 0.0065751 0.00851935 0.0111858 0.013433 0.0155389 0.0173165 0.01818 0.0197304 0.0210282 0.0210737 0.0221089 0.0222705 0.0218817 0.0223362 0.0222402 0.022624 0.0219524 0.020907 0.0207858 0.0195031 0.0192254 0.0181598 0.0172458 0.0160237 0.0155692 0.0147561 0.0136098 0.0127513 0.0118625 0.0113221 0.0106101 0.00953945 0.00893345 0.0081911 0.00742855 0.00695385 0.0068074 0.00566105 0.0054641 0.004848 0.00418645 0.00384305 0.0036057 0.00304515 0.0031007 0.0026462 0.0023634 0.00210585 0.0171044 
0.0009999 0.0032017 0.004949 0.00664075 0.00838805 0.0103475 0.011913 0.0132411 0.0148218 0.0161045 0.0167458 0.0178518 0.0182204 0.0184729 0.0189577 0.0185941 0.0190133 0.0193163 0.0184628 0.018483 0.0180336 0.0177457 0.0166297 0.0157257 0.0156853 0.0153318 0.0143471 0.0138673 0.0129937 0.0124331 0.0118322 0.0112666 0.0100445 0.00919605 0.00859005 0.00823655 0.0076558 0.007171 0.0065852 0.00632765 0.00573175 0.0052015 0.00459045 0.00424705 0.00371175 0.00360065 0.00297445 0.00293405 0.0026765 0.0023937 0.0214524 
0.00081305 0.0027472 0.0040097 0.00520655 0.00685285 0.0081911 0.00953945 0.0104232 0.0122311 0.01262 0.0133219 0.0142309 0.0147612 0.0149076 0.0156853 0.0158722 0.0162257 0.0162812 0.0160792 0.016357 0.0154985 0.0154884 0.0151904 0.0147208 0.0140491 0.0133573 0.0129886 0.0129078 0.0121554 0.0109282 0.0106656 0.0104485 0.0100596 0.00904455 0.00834765 0.00814565 0.0073427 0.00704475 0.0063428 0.0063832 0.00570145 0.00518635 0.00474195 0.0043733 0.00397435 0.0035855 0.00352995 0.0032825 0.00284315 0.002727 0.0243259 
0.00063125 0.0018382 0.0032623 0.0047773 0.00530755 0.00647915 0.0075548 0.00859005 0.00947885 0.0106101 0.0112363 0.0121453 0.0120039 0.0130593 0.0129432 0.0140542 0.0136704 0.0137714 0.0137663 0.0137562 0.0137966 0.0137411 0.0130795 0.0131654 0.0131502 0.0125392 0.0126503 0.011812 0.0109737 0.0103475 0.0105697 0.00973135 0.0090799 0.00892335 0.00878195 0.00775175 0.0073225 0.0069084 0.00602465 0.0055651 0.005757 0.00523685 0.00485305 0.00465105 0.0041208 0.0040198 0.0035956 0.0035249 0.00295425 0.00274215 0.0279568 
0.0005555 0.00147965 0.00254015 0.0037269 0.00437835 0.00552975 0.00655995 0.0074336 0.00754975 0.0086557 0.00940815 0.0096051 0.0102414 0.0111454 0.0110595 0.0111403 0.0117615 0.011817 0.0119635 0.0120291 0.0122715 0.0116403 0.011615 0.0114736 0.0112262 0.0113474 0.0105394 0.0105394 0.0100041 0.00977175 0.00975155 0.0089284 0.00889305 0.008181 0.00832745 0.00769115 0.0071306 0.00689325 0.00652965 0.0064943 0.0054439 0.00536815 0.00498435 0.0046157 0.00442885 0.0036562 0.0037471 0.0034542 0.00323705 0.0027775 0.0307646 
0.0004343 0.0013332 0.0021715 0.0030401 0.0037471 0.0044945 0.005454 0.00604485 0.00674175 0.0070094 0.0080194 0.00837795 0.0086052 0.00962025 0.00933745 0.00964045 0.0099586 0.0101354 0.0103172 0.0104182 0.010499 0.0105192 0.0103727 0.0104232 0.0107969 0.0101606 0.00994345 0.0098677 0.00874155 0.00873145 0.00878195 0.00888295 0.0082517 0.0078578 0.0078073 0.00734775 0.0069589 0.00641855 0.00629735 0.00546915 0.00532775 0.00532775 0.00466115 0.00453995 0.0041006 0.00395415 0.00374205 0.00324715 0.0031007 0.0028886 0.0333906 
0.0003838 0.00106555 0.0017372 0.0025149 0.00327745 0.0038481 0.00444905 0.0051914 0.00533785 0.00641855 0.00668115 0.0071205 0.0074336 0.00803455 0.0081507 0.0083325 0.00884255 0.0088173 0.00937785 0.00909505 0.0092213 0.00914555 0.00906475 0.00899405 0.0091809 0.00877185 0.0090799 0.0085749 0.00869105 0.00804465 0.0081608 0.00753965 0.0076356 0.0076255 0.00691345 0.0065044 0.0065448 0.00633775 0.00619635 0.00541865 0.00528735 0.00480255 0.00466115 0.0043127 0.00437835 0.0041006 0.003737 0.00357035 0.0031815 0.0028684 0.0357389 
0.00032825 0.00083325 0.00141905 0.0023432 0.0027068 0.0033431 0.0039996 0.004242 0.004949 0.0053227 0.00570145 0.0061711 0.0064236 0.0069488 0.0071811 0.00710535 0.0076558 0.0076962 0.00800425 0.00787295 0.00826685 0.00808 0.00820625 0.00829715 0.00812545 0.0081709 0.0081002 0.00781235 0.00766085 0.00768105 0.0070296 0.00697405 0.00701445 0.00665085 0.00666095 0.0063226 0.00589335 0.00603475 0.00563075 0.00547925 0.0051106 0.0047672 0.00439855 0.00426725 0.0041107 0.0037269 0.003636 0.00343905 0.0032017 0.00293405 0.03737 
0.0002626 0.00073225 0.0013433 0.00184325 0.0024442 0.00277245 0.0030805 0.00366125 0.003939 0.00458035 0.00497425 0.0052419 0.0054944 0.00590345 0.00626705 0.00626705 0.00659025 0.00683265 0.00688315 0.0071003 0.00693365 0.00747905 0.00750935 0.0070801 0.0073528 0.00716595 0.0069084 0.0074639 0.0072922 0.0068983 0.00668115 0.00638825 0.006464 0.00629735 0.00634785 0.0057166 0.0056964 0.0056762 0.0050197 0.00516615 0.00488335 0.00463085 0.0044945 0.00380265 0.0039188 0.0038279 0.003535 0.00311585 0.00306535 0.0030805 0.0387487 
0.0002828 0.00076255 0.00099485 0.00163115 0.00200485 0.0026967 0.0028179 0.0031815 0.00351985 0.00388345 0.00435815 0.00451975 0.00479245 0.00508535 0.00540855 0.00552975 0.0057166 0.00605495 0.00623675 0.00621655 0.0061307 0.0065751 0.00649935 0.0064034 0.00664075 0.0065145 0.0062216 0.00638825 0.00606 0.0066155 0.0064236 0.00608525 0.0061408 0.00565095 0.0054742 0.0051409 0.0050601 0.0052217 0.00479245 0.00471165 0.0042824 0.00434805 0.0044238 0.0038582 0.0036966 0.0036865 0.003333 0.0032118 0.002929 0.00273205 0.0402839 
0.00021715 0.0005353 0.0009494 0.0012524 0.00165135 0.00211595 0.0024846 0.00265125 0.002828 0.0033734 0.00379255 0.004141 0.004343 0.0044541 0.0047369 0.0046662 0.0050904 0.0052621 0.00553985 0.00528735 0.0056156 0.0058479 0.00588325 0.00566105 0.0059489 0.0059186 0.0058984 0.00574185 0.00556005 0.00561055 0.0053934 0.0055752 0.0053934 0.0053934 0.00514595 0.0051005 0.00513585 0.0046763 0.00440865 0.0044945 0.0041309 0.0041713 0.0041208 0.003939 0.0035249 0.0034643 0.0034441 0.0031714 0.00298455 0.0027775 0.040602 
0.0001919 0.0005252 0.0008585 0.00111605 0.0012827 0.00193415 0.00200485 0.00241895 0.00275225 0.0026967 0.0032219 0.0035148 0.00412585 0.00403495 0.00421675 0.00432785 0.0046864 0.0045955 0.0047369 0.0047571 0.00481265 0.00505505 0.00498435 0.0050904 0.0051308 0.0053833 0.00514595 0.00508535 0.00511565 0.0051106 0.0051712 0.00474195 0.0046965 0.00482275 0.00491365 0.00464095 0.00451975 0.00422685 0.0042319 0.00415615 0.0039794 0.00396425 0.0039693 0.0033734 0.00337845 0.0032724 0.00316635 0.0030401 0.00282295 0.00279265 0.0411727 
0 0 0 0 0 0 0 0 0 0 0 0 0 0 0 0 0 0 0 0 0 0 0 0 0 0 0 0 0 0 0 0 0 0 0 0 0 0 0 0 0 0 0 0 0 0 0 0 0 0 0 
