Half rod, albedo problem, Anisotropic scattering, exponential random flight, mu_t: 3 g: 0.1
Analogmu_t c: 0.999 maxx: 10 dx: 0.19802 numsamples: 1000000 numCollisionOrders: 20 numMoments: 10
total albedo: 0.935439
per-collision order albedos: 
0 0.224804 0.123312 0.079075 0.056151 0.042482 0.03329 0.027241 0.022361 0.019348 0.016376 0.014431 0.012847 0.011486 0.010225 0.009257 0.008476 0.007903 0.007238 0.006605 
Collision density L:
2.77918 2.72889 2.67765 2.63162 2.58706 2.54192 2.49509 2.45173 2.41587 2.36344 2.32277 2.2822 2.2468 2.20162 2.16987 2.11614 2.08347 2.04202 2.00744 1.97231 1.93728 1.90505 1.87194 1.83638 1.79503 1.77291 1.74323 1.70879 1.67981 1.64677 1.62667 1.59537 1.57178 1.55239 1.52511 1.49193 1.47157 1.44026 1.41396 1.39235 1.37261 1.35 1.32338 1.29486 1.27719 1.25361 1.23372 1.21013 1.18613 1.17227 65.0353 
Collision density R:
2.97068 2.91989 2.86684 2.81087 2.76433 2.71461 2.66585 2.61072 2.58106 2.53044 2.4884 2.44135 2.39777 2.3519 2.31957 2.27312 2.22146 2.18912 2.1489 2.10779 2.06917 2.03442 1.99792 1.967 1.93883 1.89243 1.86089 1.81906 1.7951 1.76045 1.73554 1.70921 1.67835 1.65231 1.62694 1.60215 1.56801 1.54218 1.51652 1.48636 1.46303 1.43823 1.4127 1.38935 1.36351 1.343 1.31367 1.29409 1.26526 1.25079 69.4739 
Density Moments:
64.6416 721.238 16100.7 539155 2.39829e+07 1.31965e+09 8.54825e+10 6.27832e+12 5.07751e+14 4.42035e+16 
Per-collision Density Moments:
1 0.333509 0.222404 0.222829 0.299272 0.5089 1.06427 2.69724 8.18221 29.1287 
0.774211 0.4417 0.416856 0.538734 0.879884 1.7357 4.02029 10.7389 32.6998 112.551 
0.650162 0.49302 0.579937 0.897074 1.70529 3.83765 9.99124 29.64 99.1121 370.144 
0.57044 0.524234 0.722697 1.2828 2.75429 6.9053 19.7481 63.3201 224.479 869.332 
0.513753 0.545408 0.850281 1.68324 3.98753 10.9283 33.8732 116.776 441.997 1817.84 
0.470708 0.561126 0.966779 2.09423 5.38829 15.9438 53.0957 195.828 789.782 3447.3 
0.436948 0.573575 1.07606 2.52119 6.98109 22.1492 78.9164 311.215 1343.26 6287.03 
0.409281 0.583711 1.17834 2.954 8.71277 29.338 110.622 460.785 2098.67 10364.7 
0.386508 0.591844 1.27496 3.39804 10.6232 37.8011 150.119 656.076 3121.81 16032 
0.366772 0.598198 1.36408 3.83474 12.6065 47.0359 195.352 890.822 4413.25 23544.1 
0.350044 0.603684 1.44914 4.27718 14.7356 57.5502 250.032 1192.31 6176.14 34449.9 
0.335253 0.608727 1.53236 4.73135 17.0155 69.2254 312.647 1546.86 8300.81 47928.3 
0.32209 0.612425 1.60818 5.16791 19.314 81.5766 382.341 1963.52 10946.5 65758.8 
0.31028 0.616253 1.68457 5.62606 21.8301 95.6846 465.592 2487.81 14509.6 92175.9 
0.299749 0.619612 1.75736 6.07662 24.3683 110.208 552.331 3032.43 18104.4 117037 
0.290169 0.622402 1.82681 6.52722 27.0047 125.741 646.937 3631.59 22046.3 143877 
0.281414 0.625083 1.8957 6.99066 29.8333 143.261 760.144 4399.73 27513.2 184487 
0.273216 0.626836 1.9587 7.43235 32.5982 160.672 873.865 5178.46 33130.9 227313 
0.26568 0.628164 2.01923 7.87407 35.4622 179.35 1000.14 6070.47 39718.6 278085 
0 0 0 0 0 0 0 0 0 0 
Per-collision Densities L:
0 0 0 0 0 0 0 0 0 0 0 0 0 0 0 0 0 0 0 0 0 0 0 0 0 0 0 0 0 0 0 0 0 0 0 0 0 0 0 0 0 0 0 0 0 0 0 0 0 0 0 
0.508151 0.281835 0.153737 0.0854359 0.0477781 0.0259469 0.0142764 0.00798405 0.00438845 0.0022826 0.00121705 0.0006868 0.00047975 0.00028785 9.595e-05 7.07e-05 5.05e-05 1.515e-05 2.02e-05 0 0 0 5.05e-06 0 0 0 0 0 0 0 0 0 0 0 0 0 0 0 0 0 0 0 0 0 0 0 0 0 0 0 0 
0.355626 0.288411 0.207459 0.143481 0.0941118 0.061206 0.0389608 0.0237653 0.0151298 0.00863045 0.00549945 0.0030502 0.0019594 0.00124735 0.00067165 0.00038885 0.0002323 0.000101 7.575e-05 2.02e-05 2.02e-05 1.515e-05 0 0 0 0 0 0 0 0 0 0 0 0 0 0 0 0 0 0 0 0 0 0 0 0 0 0 0 0 0 
0.241749 0.229593 0.196182 0.155757 0.116413 0.0851935 0.0589083 0.0407232 0.0275377 0.0180083 0.0116554 0.0072215 0.00483285 0.00287345 0.0017473 0.0010201 0.0006868 0.0004242 0.00024745 0.0001717 9.09e-05 6.06e-05 2.525e-05 1.515e-05 5.05e-06 0 5.05e-06 0 0 0 0 5.05e-06 5.05e-06 0 0 0 0 0 0 0 0 0 0 0 0 0 0 0 0 0 0 
0.177164 0.180654 0.166802 0.14441 0.119998 0.0952127 0.0729069 0.0533836 0.0390012 0.0276993 0.0187759 0.0132967 0.00837795 0.00590345 0.00359055 0.002525 0.0015655 0.00100495 0.0007171 0.0004141 0.00020705 0.00016665 0.00012625 6.565e-05 3.535e-05 2.02e-05 1.515e-05 1.01e-05 1.01e-05 1.01e-05 0 0 0 0 0 0 0 0 0 0 0 0 0 0 0 0 0 0 0 0 0 
0.135673 0.141764 0.140355 0.127437 0.116276 0.0960914 0.0781639 0.0609636 0.0476064 0.0350066 0.0260479 0.0187557 0.0130644 0.008686 0.00647915 0.0042521 0.00279265 0.00198465 0.00124735 0.0007575 0.00059085 0.0003838 0.00032825 0.0001515 0.000101 5.05e-05 5.555e-05 1.515e-05 1.01e-05 1.515e-05 0 5.05e-06 0 0 0 0 0 0 0 0 0 0 0 0 0 0 0 0 0 0 0 
0.107343 0.115781 0.117776 0.115448 0.105636 0.0916424 0.0783053 0.0652561 0.0522271 0.0411828 0.0319665 0.0237451 0.0174629 0.0125038 0.0091506 0.0064438 0.00450965 0.0031916 0.0021816 0.0014645 0.00089385 0.00063125 0.00044945 0.00029795 0.0001818 0.00014645 0.00010605 4.04e-05 3.535e-05 2.525e-05 1.01e-05 1.01e-05 0 0 5.05e-06 0 5.05e-06 0 0 0 0 0 0 0 0 0 0 0 0 0 0 
0.0861934 0.0972984 0.101768 0.0997224 0.0947936 0.0862793 0.076755 0.0651905 0.0548026 0.0445208 0.0362085 0.0275831 0.0207757 0.0162408 0.0123927 0.00914555 0.00673165 0.00461065 0.00317645 0.0022725 0.00168165 0.00108575 0.0007272 0.00057065 0.0002929 0.00025755 0.00020705 0.00010605 9.595e-05 4.545e-05 2.525e-05 3.03e-05 1.01e-05 5.05e-06 1.515e-05 0 5.05e-06 5.05e-06 0 0 0 0 0 0 0 0 0 0 0 0 0 
0.0741441 0.0831735 0.0879912 0.0883296 0.0862692 0.0809212 0.0726695 0.0639027 0.0564338 0.04696 0.0389456 0.0307848 0.024841 0.0198819 0.0150238 0.0114585 0.00819615 0.0061206 0.00441875 0.00349965 0.0024745 0.00165135 0.00118675 0.0008787 0.00057065 0.00040905 0.00030805 0.00020705 0.00011615 0.000101 6.565e-05 4.04e-05 2.525e-05 5.05e-06 1.01e-05 0 0 0 5.05e-06 1.01e-05 0 0 0 5.05e-06 0 0 0 0 0 0 0 
0.0622918 0.072013 0.0775933 0.0783053 0.0775226 0.0749117 0.0701496 0.0629786 0.0564742 0.0478892 0.0408192 0.0331735 0.0271034 0.0215332 0.0171549 0.01363 0.0104232 0.0082113 0.00599435 0.0045551 0.00326735 0.0023836 0.0018786 0.0012625 0.000808 0.0006868 0.00043935 0.00029795 0.0002424 0.00015655 0.00012625 9.595e-05 6.565e-05 1.515e-05 2.02e-05 1.515e-05 5.05e-06 1.515e-05 1.01e-05 0 0 0 0 5.05e-06 0 0 0 0 0 0 0 
0.054333 0.0623019 0.0685083 0.0706546 0.0722251 0.0682205 0.0653268 0.0598274 0.0539694 0.0476973 0.0408091 0.0345319 0.0290628 0.0241592 0.0201192 0.0156045 0.0122917 0.0097566 0.00712555 0.0056257 0.0043026 0.00317645 0.00255025 0.0016564 0.00123725 0.00082315 0.0006868 0.0004747 0.0003131 0.00020705 0.00021715 7.575e-05 8.08e-05 2.525e-05 4.545e-05 1.01e-05 2.525e-05 1.01e-05 1.515e-05 5.05e-06 0 5.05e-06 5.05e-06 0 0 0 0 0 0 0 0 
0.0475912 0.0561964 0.061004 0.06464 0.0632513 0.0632361 0.061408 0.0569893 0.0516464 0.0472529 0.0410111 0.03535 0.0306737 0.0255934 0.0216948 0.0172508 0.0141097 0.010908 0.00889305 0.00680235 0.005252 0.00405515 0.0029189 0.00220685 0.0015756 0.0014443 0.00091405 0.0006464 0.00049995 0.00035855 0.00025755 0.00020705 0.00010605 6.565e-05 7.07e-05 4.545e-05 4.545e-05 1.515e-05 2.525e-05 1.01e-05 0 1.01e-05 1.01e-05 0 0 0 0 0 0 0 0 
0.0430361 0.0492628 0.0541259 0.0583528 0.0591961 0.0593022 0.0572923 0.0539694 0.0510606 0.0451066 0.0409303 0.0373448 0.0315524 0.0267549 0.0227856 0.0186648 0.0153924 0.012827 0.0104687 0.00790325 0.00661045 0.0049692 0.0037976 0.002727 0.00229775 0.001717 0.00116655 0.0008585 0.00061105 0.0004444 0.00034845 0.00021715 0.0001919 0.00012625 9.09e-05 4.545e-05 3.535e-05 2.02e-05 3.03e-05 3.03e-05 5.05e-06 2.02e-05 0 0 5.05e-06 0 0 5.05e-06 0 0 0 
0.0380164 0.0450359 0.0487982 0.0524695 0.0542522 0.0543683 0.0536967 0.0513484 0.0485103 0.0442229 0.040496 0.0359964 0.0316383 0.0272751 0.0233512 0.0198011 0.0163721 0.013837 0.0110242 0.00897385 0.00725685 0.0057469 0.00432785 0.00362085 0.00269165 0.00209575 0.0015756 0.0011514 0.0008888 0.0005858 0.0004949 0.00031815 0.0001919 0.0001414 0.00012625 6.565e-05 9.595e-05 4.04e-05 3.03e-05 3.03e-05 5.05e-06 5.05e-06 1.515e-05 5.05e-06 1.01e-05 0 0 0 5.05e-06 0 0 
0.0343956 0.0397284 0.0458692 0.0472781 0.0497122 0.0514292 0.0497577 0.0485457 0.0459601 0.0426372 0.0395567 0.0357591 0.0317595 0.0276589 0.0240532 0.0207454 0.0180285 0.0145996 0.0122059 0.0100748 0.0079689 0.006363 0.0051813 0.0042319 0.00304515 0.00269165 0.00186345 0.00137865 0.0012322 0.0007878 0.00064135 0.00043935 0.00027775 0.0002727 0.00025755 0.000101 0.0001414 8.585e-05 4.545e-05 3.03e-05 2.02e-05 2.525e-05 1.01e-05 1.515e-05 1.515e-05 1.01e-05 1.01e-05 0 0 0 5.05e-06 
0.0310323 0.0366933 0.0405515 0.04444 0.0468085 0.0468135 0.0475155 0.0459904 0.044036 0.0415918 0.0387537 0.0354611 0.0324968 0.0281891 0.0251288 0.0214575 0.0182002 0.0155439 0.0131098 0.0108525 0.00919605 0.00748915 0.00589335 0.00469145 0.00356025 0.0029492 0.0021917 0.0017473 0.00140895 0.00108575 0.000808 0.0005858 0.0004949 0.0003737 0.00027775 0.000202 0.0001919 9.595e-05 9.09e-05 1.515e-05 5.05e-05 5.05e-05 2.525e-05 5.05e-06 3.535e-05 0 1.01e-05 1.01e-05 1.01e-05 0 5.05e-06 
0.0288153 0.033532 0.0376629 0.0404051 0.0430765 0.04494 0.0438896 0.0441623 0.042016 0.0398041 0.0382588 0.0344259 0.0319211 0.0273306 0.0249268 0.0216696 0.0191244 0.0164327 0.0136603 0.0120089 0.0099586 0.0081406 0.00663065 0.00526715 0.00427735 0.0035047 0.0028684 0.0021715 0.0017069 0.001414 0.00103525 0.00062115 0.00058075 0.00044945 0.0003535 0.0003232 0.00022725 0.0001616 9.09e-05 5.555e-05 0.000101 5.05e-05 2.525e-05 3.03e-05 5.05e-06 1.01e-05 1.515e-05 0 5.05e-06 0 5.05e-06 
0.0264873 0.0300829 0.0345117 0.0381528 0.0395365 0.0411525 0.0418948 0.0410565 0.0406323 0.0380669 0.0365166 0.0340168 0.0311131 0.0284719 0.0251844 0.0222857 0.0192961 0.0173619 0.0143774 0.0126957 0.0105747 0.00878195 0.00721645 0.00613575 0.0047672 0.0039188 0.0030098 0.00243915 0.00209575 0.0015756 0.00119685 0.00094435 0.00083325 0.0005757 0.0004444 0.00028785 0.0002323 0.000202 0.000101 0.0001313 9.09e-05 6.06e-05 3.535e-05 1.515e-05 3.535e-05 2.02e-05 1.01e-05 2.02e-05 0 0 1.515e-05 
0.0240784 0.0286487 0.0319968 0.0357338 0.0374407 0.0393496 0.0391173 0.0394001 0.0387891 0.03737 0.035042 0.0328048 0.0297698 0.0281891 0.024942 0.0227149 0.0199425 0.0170034 0.0153773 0.013125 0.0115191 0.00925665 0.00815575 0.0064539 0.00518635 0.00446925 0.00361075 0.0030805 0.00232805 0.00176245 0.00138875 0.00123725 0.00083325 0.00064135 0.00059085 0.00033835 0.00029795 0.00019695 0.00018685 0.0001313 0.0001111 0.000101 6.06e-05 2.525e-05 6.06e-05 1.515e-05 1.515e-05 1.515e-05 5.05e-06 1.01e-05 1.515e-05 
0 0 0 0 0 0 0 0 0 0 0 0 0 0 0 0 0 0 0 0 0 0 0 0 0 0 0 0 0 0 0 0 0 0 0 0 0 0 0 0 0 0 0 0 0 0 0 0 0 0 0 
Per-collision Densities L:
2.25949 1.25138 0.689083 0.380639 0.210186 0.116195 0.064029 0.03535 0.0199172 0.0105343 0.00566105 0.00347945 0.00180285 0.00099485 0.00056055 0.00026765 0.00017675 9.09e-05 5.555e-05 5.05e-05 1.515e-05 1.01e-05 5.05e-06 1.01e-05 0 0 5.05e-06 0 5.05e-06 0 0 0 0 0 0 0 0 0 0 0 0 0 0 0 0 0 0 0 0 0 0 
0.33178 0.590587 0.549773 0.429694 0.306328 0.206313 0.136032 0.0860066 0.0547269 0.0335876 0.0199829 0.0120493 0.00745885 0.00459045 0.00253005 0.0014948 0.0009292 0.0004848 0.0002323 0.00016665 0.00010605 7.575e-05 4.545e-05 2.02e-05 1.515e-05 0 0 5.05e-06 0 0 0 5.05e-06 0 0 0 0 0 0 0 0 0 0 0 0 0 0 0 0 0 0 0 
0.0959298 0.253389 0.325129 0.321407 0.277336 0.221064 0.166918 0.121432 0.0851632 0.0578276 0.0390466 0.0253813 0.015655 0.010499 0.00661045 0.0038582 0.0026058 0.0016362 0.0008282 0.00057065 0.0003535 0.00023735 0.0001818 5.555e-05 5.05e-05 2.525e-05 3.535e-05 1.01e-05 1.01e-05 0 0 5.05e-06 0 5.05e-06 0 0 0 0 0 0 0 0 0 0 0 0 0 0 0 0 0 
0.049692 0.137476 0.199435 0.225336 0.22115 0.197662 0.165675 0.132658 0.102015 0.0749067 0.0549238 0.0384608 0.0267499 0.0181447 0.0123321 0.00817595 0.00506515 0.003434 0.0023432 0.0015049 0.00086355 0.0005454 0.00041915 0.00021715 0.0001212 0.0001212 6.06e-05 4.04e-05 1.01e-05 1.01e-05 5.05e-06 1.01e-05 0 0 0 0 0 0 0 0 0 0 0 0 0 0 0 0 0 0 0 
0.0309717 0.0894002 0.13482 0.161247 0.173033 0.166625 0.150859 0.129063 0.105828 0.0846835 0.0649178 0.0488234 0.0361833 0.0258813 0.0183719 0.0127866 0.0087567 0.0061004 0.00410565 0.0027472 0.0017069 0.00122715 0.0008181 0.00058075 0.0002929 0.00023735 0.00013635 6.06e-05 7.07e-05 2.02e-05 1.01e-05 0 0 5.05e-06 1.01e-05 0 5.05e-06 0 0 0 0 0 0 0 0 0 0 0 0 0 0 
0.0224776 0.063625 0.098273 0.123675 0.136724 0.138335 0.131305 0.118912 0.104535 0.0863904 0.071907 0.0564742 0.0430008 0.0322695 0.0246945 0.0177356 0.0127311 0.0090294 0.0063428 0.00426725 0.0029795 0.0020705 0.00132815 0.00097465 0.00068175 0.0004444 0.0002727 0.0001717 0.0001212 0.0001111 4.04e-05 3.535e-05 1.515e-05 0 5.05e-06 0 5.05e-06 0 0 5.05e-06 0 0 0 0 0 0 0 0 0 0 0 
0.0169024 0.0487527 0.0766186 0.096556 0.109868 0.115857 0.115261 0.107156 0.0980054 0.085239 0.072013 0.0611707 0.0476367 0.0380366 0.0299213 0.0223463 0.0166196 0.0122816 0.00865065 0.0065246 0.00458035 0.00336835 0.00227755 0.00148975 0.00114635 0.00069185 0.00051005 0.00034845 0.00025755 0.0001414 0.00010605 5.555e-05 6.565e-05 3.535e-05 5.05e-06 1.01e-05 1.01e-05 0 1.01e-05 0 0 5.05e-06 0 0 0 0 0 0 0 0 0 
0.0134936 0.0393648 0.0601405 0.078573 0.0914757 0.099278 0.100288 0.0969651 0.090289 0.0817393 0.0714424 0.061706 0.0510353 0.0418746 0.0333957 0.0270175 0.0202202 0.0150339 0.0113625 0.00847895 0.0066155 0.0046258 0.00314615 0.00235835 0.00160085 0.0010908 0.00078275 0.00059085 0.000505 0.0002727 0.0001616 9.09e-05 8.08e-05 2.525e-05 4.04e-05 3.535e-05 5.05e-06 0 1.515e-05 1.01e-05 1.01e-05 0 0 5.05e-06 0 0 0 0 0 0 0 
0.0103778 0.0307949 0.0506515 0.0649329 0.0776236 0.0842694 0.0861227 0.0873196 0.0824059 0.0776488 0.0699021 0.0612919 0.0514696 0.0424503 0.0358954 0.0292092 0.0234674 0.0186244 0.0142057 0.0104485 0.0083022 0.00629735 0.00471165 0.00314615 0.00239875 0.00163115 0.0013736 0.0007676 0.00064135 0.0004646 0.0003636 0.0002222 0.00012625 8.08e-05 5.05e-05 5.05e-05 4.04e-05 1.515e-05 5.05e-06 1.01e-05 0 1.515e-05 5.05e-06 0 0 0 0 0 0 0 0 
0.0085345 0.0264317 0.0417989 0.0554238 0.0659581 0.0736088 0.0771893 0.0761944 0.0759874 0.0711343 0.0662005 0.0592921 0.0517221 0.044031 0.0375569 0.0319564 0.0258712 0.0206394 0.0162206 0.0125745 0.00999395 0.0075245 0.00611555 0.004242 0.0032017 0.0024139 0.00165135 0.00131805 0.00086355 0.0005656 0.0005151 0.0002929 0.00015655 0.0001414 9.09e-05 7.07e-05 4.545e-05 6.565e-05 2.02e-05 3.03e-05 5.05e-06 5.05e-06 1.515e-05 0 5.05e-06 0 0 0 0 0 0 
0.00769115 0.0225887 0.0367842 0.0480508 0.056959 0.0644128 0.0684023 0.0693315 0.0695335 0.0668822 0.0628018 0.0568277 0.0511363 0.0449248 0.0393648 0.0329765 0.0268862 0.0223665 0.0180386 0.0147359 0.0115494 0.0091102 0.0071306 0.00534795 0.0041915 0.00316635 0.0023836 0.0015554 0.00129785 0.0009191 0.0006262 0.00044945 0.00035855 0.00023735 0.0001818 0.0001313 6.06e-05 7.07e-05 5.555e-05 3.535e-05 3.03e-05 5.05e-06 1.01e-05 1.01e-05 0 1.01e-05 5.05e-06 0 0 0 0 
0.0063226 0.0195334 0.0314514 0.0416272 0.050298 0.0584639 0.0615393 0.0625039 0.064029 0.0631149 0.0585548 0.0544239 0.04949 0.0452228 0.0390113 0.033729 0.0280831 0.024139 0.0202152 0.0155237 0.0136502 0.0108171 0.0083022 0.0065347 0.00506515 0.00386325 0.0030502 0.00220685 0.00163115 0.0012322 0.00082315 0.00060095 0.00049995 0.0003838 0.0002121 0.0001919 0.0001515 9.09e-05 6.06e-05 3.535e-05 3.535e-05 2.02e-05 1.515e-05 1.01e-05 5.05e-06 0 1.01e-05 5.05e-06 0 0 5.05e-06 
0.00577215 0.017165 0.0275579 0.0371377 0.0448794 0.0501617 0.0562924 0.0574842 0.0583124 0.0573781 0.0553985 0.0517928 0.0477932 0.0437381 0.0398698 0.0334159 0.0292092 0.0247905 0.0210989 0.0176902 0.0142663 0.0118271 0.0089688 0.0074235 0.00598425 0.00486315 0.0035754 0.0028179 0.0020806 0.00172205 0.00110595 0.00081305 0.00075245 0.00039895 0.0003737 0.00021715 0.00023735 0.00014645 9.595e-05 9.09e-05 4.04e-05 2.02e-05 3.535e-05 2.02e-05 1.515e-05 0 0 5.05e-06 1.01e-05 5.05e-06 5.05e-06 
0.00526715 0.0151955 0.0244925 0.0329462 0.0394809 0.0464802 0.0500304 0.0534543 0.0546309 0.0537118 0.0512727 0.0499647 0.0468085 0.0428644 0.0392234 0.0343602 0.0295122 0.0264115 0.0226038 0.0188466 0.0156601 0.0133118 0.0106101 0.00845875 0.00664075 0.00533785 0.00428745 0.00330775 0.00260075 0.00191395 0.001515 0.0012221 0.0008383 0.0006767 0.0005656 0.00038885 0.00028785 0.00021715 0.0001717 0.00010605 6.565e-05 5.05e-05 2.525e-05 2.525e-05 1.515e-05 2.02e-05 5.05e-06 5.05e-06 5.05e-06 5.05e-06 1.01e-05 
0.004747 0.0139279 0.0218918 0.0298556 0.0369155 0.0399051 0.0463439 0.0482225 0.0504495 0.0511616 0.0493335 0.0472276 0.0449955 0.0413898 0.0380366 0.0344309 0.0299768 0.0268357 0.0231189 0.0198617 0.0170842 0.0142208 0.0117968 0.00972125 0.00766085 0.0061509 0.0046965 0.00386325 0.00309565 0.00227755 0.0019089 0.00144935 0.00101505 0.0008383 0.0006363 0.00047975 0.0003636 0.0002424 0.00022725 0.00013635 9.09e-05 9.595e-05 4.545e-05 3.535e-05 1.01e-05 1.515e-05 0 1.515e-05 1.01e-05 1.01e-05 1.01e-05 
0.00427735 0.0122261 0.0203414 0.0269064 0.0325978 0.0373397 0.0422786 0.0447632 0.0456823 0.0471418 0.0470509 0.0446622 0.0427483 0.0400011 0.0370115 0.0334108 0.0296991 0.0271842 0.0237401 0.0210484 0.0175942 0.0148167 0.0127513 0.0106151 0.008686 0.0066963 0.0056257 0.0044541 0.0034643 0.0029795 0.00225735 0.00179275 0.0012726 0.00091405 0.000808 0.00059085 0.00043935 0.000404 0.0002323 0.0001212 0.00013635 0.0001818 5.05e-05 5.555e-05 3.535e-05 5.05e-06 2.525e-05 1.01e-05 0 0 1.01e-05 
0.00379255 0.0110444 0.0181952 0.0240835 0.0298354 0.0346784 0.0388497 0.0407182 0.0428543 0.0437482 0.0442885 0.0430109 0.0410262 0.0388547 0.0367943 0.0333351 0.0297445 0.0270781 0.0246844 0.0206697 0.0186699 0.0155793 0.0131553 0.0111858 0.00936775 0.0078073 0.0063125 0.00505505 0.00390365 0.0031916 0.00265125 0.0020099 0.0016463 0.00122715 0.0009494 0.00068175 0.00048985 0.000505 0.0003333 0.0002424 0.00017675 0.00017675 0.00011615 6.565e-05 6.565e-05 3.03e-05 1.515e-05 2.525e-05 2.02e-05 3.03e-05 2.02e-05 
0.0035047 0.0104535 0.0162762 0.0223867 0.0273609 0.0318807 0.0361429 0.0382992 0.0410111 0.0412636 0.0413343 0.0403849 0.0399506 0.0369155 0.0357035 0.0324917 0.0289012 0.0269266 0.0243814 0.0208363 0.0194678 0.0164731 0.0138673 0.0122614 0.00992325 0.0082921 0.00672155 0.0056257 0.00469145 0.00362085 0.00301485 0.0023533 0.0018079 0.0014544 0.00122715 0.00091405 0.0007777 0.00056055 0.00038885 0.00028785 0.0002323 0.00019695 0.00015655 0.00010605 7.575e-05 5.05e-05 3.03e-05 3.03e-05 2.02e-05 1.515e-05 3.03e-05 
0.00325725 0.00922635 0.0153268 0.0202101 0.0247854 0.0293001 0.0323958 0.0356429 0.038779 0.0389759 0.0390062 0.0380871 0.0379205 0.0361328 0.0345875 0.0321685 0.0291688 0.0264721 0.024442 0.0213817 0.0191597 0.016564 0.0145743 0.0126553 0.0105495 0.00952935 0.00718615 0.0062418 0.00498435 0.00403495 0.00334815 0.00254015 0.0021412 0.00168165 0.0014443 0.00106555 0.0008989 0.00073225 0.0004646 0.0003535 0.00042925 0.0002626 0.00015655 0.00011615 0.0001111 0.000101 5.05e-05 3.03e-05 2.02e-05 5.05e-06 5.05e-05 
0 0 0 0 0 0 0 0 0 0 0 0 0 0 0 0 0 0 0 0 0 0 0 0 0 0 0 0 0 0 0 0 0 0 0 0 0 0 0 0 0 0 0 0 0 0 0 0 0 0 0 
