Half rod, albedo problem, Anisotropic scattering, exponential random flight, mu_t: 1 g: 0.9
Analogmu_t c: 0.3 maxx: 10 dx: 0.19802 numsamples: 10000000 numCollisionOrders: 20 numMoments: 10
total albedo: 0.0104485
per-collision order albedos: 
0 0.0074803 0.0021333 0.0005903 0.0001771 4.86e-05 1.37e-05 3.2e-06 1.4e-06 2e-07 3e-07 1e-07 0 0 0 0 0 0 0 0 
Collision density L:
0.00977882 0.00858147 0.0073422 0.00642108 0.00546865 0.00498486 0.00413797 0.00367135 0.00317241 0.00271387 0.00243612 0.00207404 0.00172256 0.00159126 0.0013635 0.0011913 0.0010201 0.000909505 0.000752955 0.000630745 0.000575195 0.00049793 0.00041915 0.00038582 0.000331785 0.000295425 0.00023331 0.00021109 0.000194425 0.00015958 0.000134835 0.00013029 0.00011615 9.4435e-05 7.777e-05 6.666e-05 6.666e-05 5.858e-05 4.949e-05 3.737e-05 2.8785e-05 3.3835e-05 1.919e-05 2.424e-05 2.3735e-05 1.616e-05 1.212e-05 1.6665e-05 8.08e-06 1.212e-05 6.3125e-05 
Collision density R:
0.933363 0.809073 0.702901 0.610365 0.529062 0.459016 0.398346 0.345772 0.301077 0.260845 0.226417 0.197173 0.170715 0.147661 0.128355 0.111827 0.0962161 0.0837618 0.0728569 0.0633038 0.0549223 0.047424 0.0412757 0.0360424 0.0310105 0.0272963 0.0233593 0.0204884 0.0176977 0.0153449 0.0133643 0.0114756 0.0101273 0.008787 0.00750582 0.00654076 0.00569034 0.00506515 0.00430008 0.00368499 0.00324968 0.00281891 0.00248258 0.00210333 0.00185588 0.0015554 0.00138976 0.00123927 0.00105343 0.00092314 0.00595951 
Density Moments:
1.41356 1.97676 5.53072 23.222 130.057 910.641 7649.62 74906.6 836939 1.04933e+07 
Per-collision Density Moments:
1 0.999824 1.99921 5.99569 23.9807 119.956 720.506 5052.52 40525.5 365937 
0.292446 0.577036 1.72369 6.88413 34.4285 207.095 1458.9 11815.4 108528 1.1181e+06 
0.0856312 0.250255 0.992834 4.95101 29.7318 209.218 1695.34 15656.9 163900 1.93868e+06 
0.0250349 0.0963464 0.475616 2.83708 19.8035 158.368 1430.9 14490.1 163908 2.06977e+06 
0.00737 0.0349265 0.205388 1.42249 11.3081 101.41 1013.38 11190.4 135890 1.81068e+06 
0.0021755 0.0122349 0.0838446 0.664984 5.97058 59.7858 659.757 7943.48 103457 1.44696e+06 
0.0006457 0.00416184 0.0322902 0.285957 2.82841 30.7612 362.83 4583.18 61307.2 860146 
0.0001874 0.0013697 0.0119282 0.116965 1.26408 14.8398 187.062 2507.86 35478 526127 
5.26e-05 0.00041892 0.00393837 0.0410678 0.465073 5.64531 72.7316 986.938 14021.7 207608 
1.57e-05 0.000135034 0.0013583 0.0150518 0.180309 2.30805 31.2666 444.302 6568.74 100303 
3.8e-06 3.50477e-05 0.000370753 0.00423995 0.0514097 0.655783 8.76218 122.185 1771.33 26581.5 
1.1e-06 1.2678e-05 0.000155344 0.001967 0.0254257 0.333699 4.43484 59.5886 808.622 11073.1 
5e-07 6.66206e-06 9.08408e-05 0.00126149 0.017769 0.253064 3.63532 52.5805 764.736 11173.5 
1e-07 1.01055e-06 1.0212e-05 0.000103197 0.00104286 0.0105386 0.106497 1.0762 10.8755 109.902 
0 0 0 0 0 0 0 0 0 0 
0 0 0 0 0 0 0 0 0 0 
0 0 0 0 0 0 0 0 0 0 
0 0 0 0 0 0 0 0 0 0 
0 0 0 0 0 0 0 0 0 0 
0 0 0 0 0 0 0 0 0 0 
Per-collision Densities L:
0 0 0 0 0 0 0 0 0 0 0 0 0 0 0 0 0 0 0 0 0 0 0 0 0 0 0 0 0 0 0 0 0 0 0 0 0 0 0 0 0 0 0 0 0 0 0 0 0 0 0 
0.00680589 0.00563782 0.00454096 0.00377538 0.00302647 0.00262651 0.00207202 0.00172256 0.00142259 0.00111757 0.00096051 0.00076962 0.00062721 0.000533785 0.000434805 0.000350975 0.000293405 0.000234825 0.00018281 0.000157055 0.000115645 8.6355e-05 8.484e-05 7.474e-05 6.06e-05 4.545e-05 3.535e-05 3.1815e-05 2.626e-05 2.5755e-05 1.414e-05 1.212e-05 1.111e-05 9.595e-06 7.07e-06 5.555e-06 4.04e-06 3.535e-06 3.535e-06 3.535e-06 2.02e-06 3.03e-06 1.01e-06 1.515e-06 0 5.05e-07 5.05e-07 1.01e-06 0 5.05e-07 3.535e-06 
0.00210333 0.00209525 0.0019185 0.00179578 0.00166398 0.00154934 0.00132411 0.00121251 0.00105899 0.00093829 0.00084537 0.000730735 0.000588325 0.00056358 0.0004747 0.00041713 0.000338855 0.00029694 0.00024947 0.000193415 0.000178265 0.000171195 0.000145945 0.000108575 8.8375e-05 8.8375e-05 7.1205e-05 6.2115e-05 5.353e-05 4.141e-05 2.9795e-05 2.8785e-05 2.424e-05 1.919e-05 1.818e-05 1.212e-05 1.0605e-05 1.3635e-05 1.2625e-05 7.575e-06 3.535e-06 5.05e-06 3.03e-06 3.03e-06 2.02e-06 3.03e-06 1.01e-06 2.02e-06 1.515e-06 3.535e-06 6.565e-06 
0.00062923 0.00059489 0.00062014 0.00060297 0.000540855 0.00055752 0.000505 0.000480255 0.0004646 0.00044945 0.000395415 0.00036865 0.00031916 0.000320675 0.00026664 0.00025654 0.000225735 0.000205535 0.000196445 0.000150995 0.00015352 0.00012625 9.7465e-05 8.6355e-05 9.5445e-05 7.8275e-05 6.0095e-05 5.3025e-05 5.4035e-05 3.8885e-05 3.8885e-05 3.3835e-05 2.7775e-05 2.424e-05 1.919e-05 1.616e-05 2.222e-05 1.313e-05 1.6665e-05 5.555e-06 6.565e-06 1.111e-05 3.535e-06 4.545e-06 7.07e-06 2.525e-06 1.515e-06 3.535e-06 1.515e-06 2.02e-06 8.585e-06 
0.000163115 0.00018382 0.000183315 0.00016463 0.000169175 0.000172205 0.00016362 0.000183315 0.000157055 0.000140895 0.000161095 0.0001414 0.000121705 0.00011211 0.00012423 0.00011312 0.000102515 0.00011615 7.676e-05 8.1305e-05 8.1305e-05 7.171e-05 5.555e-05 6.5145e-05 5.05e-05 4.646e-05 3.737e-05 3.4845e-05 2.8785e-05 2.727e-05 2.727e-05 2.929e-05 2.525e-05 1.919e-05 1.4645e-05 1.212e-05 1.616e-05 1.313e-05 6.06e-06 8.585e-06 9.09e-06 6.565e-06 7.07e-06 6.06e-06 6.565e-06 5.555e-06 4.04e-06 4.545e-06 3.535e-06 3.03e-06 1.01e-05 
5.454e-05 5.151e-05 5.757e-05 5.7065e-05 4.7975e-05 5.4035e-05 5.353e-05 5.151e-05 4.7975e-05 5.2015e-05 4.7975e-05 4.444e-05 4.2925e-05 4.04e-05 3.9895e-05 3.636e-05 4.1915e-05 3.838e-05 3.131e-05 2.7775e-05 3.03e-05 2.424e-05 2.4745e-05 3.333e-05 2.4745e-05 2.3735e-05 1.313e-05 1.717e-05 1.6665e-05 1.515e-05 1.515e-05 1.414e-05 1.7675e-05 9.09e-06 1.1615e-05 9.595e-06 5.555e-06 9.595e-06 5.05e-06 6.06e-06 4.04e-06 3.535e-06 2.02e-06 4.545e-06 4.545e-06 2.02e-06 3.03e-06 2.525e-06 5.05e-07 1.515e-06 1.111e-05 
1.717e-05 1.111e-05 1.6665e-05 1.717e-05 1.2625e-05 1.7675e-05 1.515e-05 1.616e-05 1.313e-05 1.212e-05 1.717e-05 1.616e-05 1.7675e-05 1.515e-05 1.5655e-05 1.3635e-05 1.313e-05 1.3635e-05 1.2625e-05 1.5655e-05 9.595e-06 1.2625e-05 5.555e-06 1.111e-05 7.575e-06 7.575e-06 9.09e-06 7.07e-06 9.595e-06 8.08e-06 7.07e-06 8.585e-06 7.07e-06 9.595e-06 5.05e-06 8.08e-06 6.06e-06 4.545e-06 4.04e-06 4.04e-06 2.525e-06 3.03e-06 1.515e-06 2.525e-06 2.525e-06 1.01e-06 1.01e-06 2.525e-06 0 1.01e-06 9.595e-06 
4.545e-06 5.555e-06 3.03e-06 5.555e-06 4.545e-06 5.05e-06 2.525e-06 3.03e-06 6.565e-06 3.03e-06 6.565e-06 2.525e-06 5.05e-06 3.535e-06 5.555e-06 2.525e-06 3.03e-06 2.02e-06 2.525e-06 3.03e-06 5.555e-06 3.03e-06 2.02e-06 4.545e-06 3.535e-06 3.03e-06 5.05e-06 3.03e-06 3.03e-06 1.515e-06 1.01e-06 3.535e-06 2.02e-06 2.525e-06 1.515e-06 2.525e-06 1.515e-06 5.05e-07 1.01e-06 2.02e-06 5.05e-07 1.01e-06 0 1.515e-06 5.05e-07 1.01e-06 5.05e-07 0 5.05e-07 0 7.07e-06 
5.05e-07 1.515e-06 2.02e-06 1.515e-06 2.525e-06 1.515e-06 1.515e-06 1.515e-06 1.515e-06 5.05e-07 1.01e-06 5.05e-07 5.05e-07 5.05e-07 1.515e-06 5.05e-07 1.01e-06 1.515e-06 1.01e-06 1.01e-06 5.05e-07 2.02e-06 2.02e-06 1.515e-06 5.05e-07 1.01e-06 1.515e-06 1.01e-06 2.02e-06 1.515e-06 5.05e-07 0 1.01e-06 0 5.05e-07 5.05e-07 0 0 5.05e-07 0 5.05e-07 5.05e-07 1.01e-06 0 5.05e-07 0 5.05e-07 0 5.05e-07 5.05e-07 3.535e-06 
5.05e-07 0 0 1.01e-06 5.05e-07 1.01e-06 0 5.05e-07 0 0 5.05e-07 0 0 1.01e-06 5.05e-07 5.05e-07 5.05e-07 5.05e-07 0 5.05e-07 0 5.05e-07 1.01e-06 0 5.05e-07 1.515e-06 5.05e-07 0 5.05e-07 0 1.01e-06 0 0 1.01e-06 0 0 5.05e-07 5.05e-07 0 0 0 0 0 0 0 5.05e-07 0 5.05e-07 0 0 2.525e-06 
0 0 0 0 0 0 5.05e-07 0 0 0 5.05e-07 0 0 5.05e-07 0 0 0 0 0 0 5.05e-07 0 0 5.05e-07 0 0 0 1.01e-06 0 0 0 0 0 0 0 0 0 0 0 0 0 0 0 5.05e-07 0 0 0 0 0 0 0 
0 0 0 0 0 0 0 0 0 0 0 0 0 0 0 0 0 0 0 0 0 0 0 0 0 0 0 0 0 0 0 0 0 0 0 0 0 0 0 0 0 0 0 0 0 0 0 0 0 0 0 
0 0 0 0 0 0 0 0 0 0 0 0 0 0 0 0 0 0 0 0 0 0 0 0 0 0 0 0 0 0 0 0 0 0 0 0 0 0 0 0 0 0 0 0 0 0 0 0 0 0 5.05e-07 
0 0 0 0 0 0 0 0 0 0 0 0 0 0 0 0 0 0 0 0 0 0 0 0 0 0 0 0 0 0 0 0 0 0 0 0 0 0 0 0 0 0 0 0 0 0 0 0 0 0 0 
0 0 0 0 0 0 0 0 0 0 0 0 0 0 0 0 0 0 0 0 0 0 0 0 0 0 0 0 0 0 0 0 0 0 0 0 0 0 0 0 0 0 0 0 0 0 0 0 0 0 0 
0 0 0 0 0 0 0 0 0 0 0 0 0 0 0 0 0 0 0 0 0 0 0 0 0 0 0 0 0 0 0 0 0 0 0 0 0 0 0 0 0 0 0 0 0 0 0 0 0 0 0 
0 0 0 0 0 0 0 0 0 0 0 0 0 0 0 0 0 0 0 0 0 0 0 0 0 0 0 0 0 0 0 0 0 0 0 0 0 0 0 0 0 0 0 0 0 0 0 0 0 0 0 
0 0 0 0 0 0 0 0 0 0 0 0 0 0 0 0 0 0 0 0 0 0 0 0 0 0 0 0 0 0 0 0 0 0 0 0 0 0 0 0 0 0 0 0 0 0 0 0 0 0 0 
0 0 0 0 0 0 0 0 0 0 0 0 0 0 0 0 0 0 0 0 0 0 0 0 0 0 0 0 0 0 0 0 0 0 0 0 0 0 0 0 0 0 0 0 0 0 0 0 0 0 0 
0 0 0 0 0 0 0 0 0 0 0 0 0 0 0 0 0 0 0 0 0 0 0 0 0 0 0 0 0 0 0 0 0 0 0 0 0 0 0 0 0 0 0 0 0 0 0 0 0 0 0 
Per-collision Densities L:
0.908003 0.743954 0.610587 0.500936 0.410606 0.336872 0.275933 0.226498 0.186512 0.15278 0.125481 0.102947 0.0843572 0.0691264 0.0567862 0.0464716 0.0379497 0.0314181 0.0255732 0.0211247 0.01732 0.0141708 0.0116463 0.00946774 0.00779316 0.00649228 0.00522221 0.00431422 0.00360772 0.00285224 0.00235583 0.00190032 0.00163721 0.0012923 0.0010903 0.000853955 0.000713565 0.00059691 0.00049288 0.000404 0.000324715 0.00026866 0.0002323 0.000182305 0.00016261 0.00012019 0.000102515 8.4335e-05 7.3225e-05 6.565e-05 0.00024442 
0.0248682 0.0622907 0.0858535 0.0988088 0.104018 0.103982 0.10129 0.0957768 0.0892941 0.0815227 0.0738174 0.0668181 0.0592517 0.0522948 0.0460858 0.0408722 0.0351566 0.0308191 0.0268892 0.0231608 0.0198914 0.0170624 0.0147814 0.0127876 0.0107727 0.00933644 0.00781084 0.00670236 0.00566307 0.00493941 0.00411373 0.00347491 0.00297041 0.00250379 0.00208212 0.00178871 0.00147258 0.0012928 0.00102566 0.000859005 0.00075043 0.00062923 0.000545905 0.000447935 0.000382285 0.00030199 0.000251995 0.00023028 0.00018988 0.000153015 0.00079689 
0.00048076 0.00272296 0.00613929 0.0099081 0.013185 0.0163166 0.0185946 0.0202722 0.0213948 0.0219458 0.0220589 0.0218216 0.0210797 0.0199823 0.0189804 0.0178523 0.0163746 0.0150111 0.0138986 0.0126967 0.0116539 0.0103081 0.00926271 0.00848804 0.0074134 0.00663166 0.00585497 0.00525049 0.00463186 0.00399051 0.00355672 0.00302697 0.00273104 0.00238865 0.00201697 0.00176346 0.00158065 0.00137461 0.00117918 0.00099687 0.00087163 0.00074437 0.000657005 0.00052419 0.000492375 0.000400465 0.000371175 0.00030401 0.00023634 0.000216645 0.00122362 
9.09e-06 9.898e-05 0.00030603 0.00066761 0.00116554 0.00169175 0.00228008 0.00287194 0.00341582 0.00399506 0.00432583 0.00467075 0.0049889 0.00508333 0.00518231 0.00520049 0.00522271 0.00497476 0.00489951 0.00471721 0.00435462 0.00417282 0.00396122 0.00365671 0.00343804 0.00321332 0.00289618 0.00271387 0.00238562 0.00221039 0.00207101 0.00181901 0.00163014 0.00152056 0.00132209 0.00118625 0.00104485 0.000937785 0.000848905 0.00072922 0.0006666 0.0005757 0.00051712 0.00046763 0.00036461 0.00033532 0.00031007 0.000285325 0.00024846 0.00019695 0.00131401 
2.02e-06 6.06e-06 1.3635e-05 3.737e-05 7.979e-05 0.00014342 0.00022523 0.00031714 0.000419655 0.000536815 0.00063428 0.00079386 0.000886275 0.00100394 0.00111252 0.00118069 0.0012317 0.00123978 0.00128472 0.00127614 0.0013332 0.00128422 0.00123372 0.00119483 0.00116958 0.00117918 0.00111858 0.00105697 0.00099485 0.000918595 0.000850925 0.00083426 0.000766085 0.000693365 0.000643875 0.000600445 0.00055045 0.000506515 0.00046056 0.00039794 0.00036764 0.00033532 0.000301485 0.00025856 0.00025957 0.000213615 0.00018382 0.000181295 0.000165135 0.000138875 0.00103172 
0 5.05e-07 1.515e-06 5.555e-06 5.05e-06 9.09e-06 1.7675e-05 3.131e-05 3.4845e-05 5.757e-05 9.0395e-05 0.000108575 0.00013231 0.00014443 0.00018382 0.00021715 0.000225735 0.0002525 0.000256035 0.00026664 0.00030199 0.00034744 0.000312595 0.000355015 0.000322695 0.000335825 0.000349965 0.00033835 0.000304515 0.00031209 0.00029896 0.000303 0.00028482 0.00026967 0.000235835 0.000233815 0.0002222 0.000243915 0.00018988 0.000201495 0.00016564 0.000173215 0.000146955 0.00013534 0.000118675 0.000109585 9.5445e-05 9.0395e-05 8.08e-05 9.3425e-05 0.0006868 
0 0 5.05e-07 1.01e-06 2.02e-06 1.515e-06 4.04e-06 4.04e-06 5.555e-06 4.545e-06 8.585e-06 1.1615e-05 1.515e-05 2.121e-05 2.2725e-05 2.727e-05 5.151e-05 3.838e-05 4.6965e-05 5.3025e-05 5.6055e-05 6.565e-05 6.565e-05 7.474e-05 8.1305e-05 8.6355e-05 8.686e-05 8.686e-05 8.282e-05 9.09e-05 8.5345e-05 9.09e-05 8.3325e-05 8.5345e-05 8.383e-05 8.08e-05 7.6255e-05 7.6255e-05 7.676e-05 6.767e-05 6.4135e-05 6.262e-05 5.6055e-05 5.959e-05 4.8985e-05 5.3025e-05 5.2015e-05 4.2925e-05 3.737e-05 3.5855e-05 0.000366125 
0 0 0 5.05e-07 0 0 1.01e-06 5.05e-07 0 2.02e-06 5.05e-07 1.515e-06 3.03e-06 4.545e-06 5.05e-07 4.04e-06 3.535e-06 7.575e-06 8.08e-06 6.06e-06 9.595e-06 9.595e-06 1.111e-05 1.515e-05 1.5655e-05 1.7675e-05 1.717e-05 1.9695e-05 2.1715e-05 2.626e-05 2.7775e-05 1.919e-05 2.0705e-05 2.727e-05 2.6765e-05 2.4745e-05 1.9695e-05 2.2725e-05 2.121e-05 2.121e-05 2.727e-05 1.818e-05 1.919e-05 2.0705e-05 2.02e-05 1.4645e-05 1.414e-05 1.212e-05 1.5655e-05 1.4645e-05 0.000186345 
0 0 0 0 0 0 0 0 0 0 0 0 5.05e-07 0 1.01e-06 1.515e-06 0 5.05e-07 5.05e-07 2.525e-06 1.01e-06 2.02e-06 1.01e-06 2.02e-06 4.04e-06 3.03e-06 2.02e-06 4.04e-06 5.05e-06 3.535e-06 4.04e-06 6.06e-06 3.03e-06 5.555e-06 2.525e-06 7.07e-06 6.565e-06 1.111e-05 4.545e-06 6.06e-06 1.01e-05 7.07e-06 4.545e-06 5.05e-06 4.545e-06 4.04e-06 6.565e-06 7.07e-06 4.04e-06 5.05e-06 6.868e-05 
0 0 0 0 0 0 0 0 0 0 0 0 0 0 0 0 0 0 0 0 5.05e-07 0 0 5.05e-07 0 5.05e-07 5.05e-07 1.515e-06 5.05e-07 1.01e-06 0 1.01e-06 5.05e-07 5.05e-07 1.515e-06 1.515e-06 3.03e-06 2.525e-06 5.05e-07 1.01e-06 1.01e-06 3.03e-06 2.02e-06 1.515e-06 1.515e-06 2.525e-06 1.515e-06 5.05e-07 1.515e-06 2.525e-06 2.5755e-05 
0 0 0 0 0 0 0 0 0 0 0 0 0 0 0 0 0 0 0 0 0 5.05e-07 0 0 0 0 0 0 0 0 0 0 0 0 0 0 5.05e-07 0 0 5.05e-07 5.05e-07 1.01e-06 0 5.05e-07 5.05e-07 0 5.05e-07 1.01e-06 5.05e-07 5.05e-07 8.585e-06 
0 0 0 0 0 0 0 0 0 0 0 0 0 0 0 0 0 0 0 0 0 5.05e-07 0 0 0 0 0 0 0 0 0 0 0 0 0 0 0 0 0 0 0 5.05e-07 0 0 0 0 0 0 0 0 4.545e-06 
0 0 0 0 0 0 0 0 0 0 0 0 0 0 0 0 0 0 0 0 0 0 0 0 0 0 0 0 0 0 0 0 0 0 0 0 0 0 0 0 0 0 0 0 0 0 0 0 5.05e-07 0 1.515e-06 
0 0 0 0 0 0 0 0 0 0 0 0 0 0 0 0 0 0 0 0 0 0 0 0 0 0 0 0 0 0 0 0 0 0 0 0 0 0 0 0 0 0 0 0 0 0 0 0 0 0 5.05e-07 
0 0 0 0 0 0 0 0 0 0 0 0 0 0 0 0 0 0 0 0 0 0 0 0 0 0 0 0 0 0 0 0 0 0 0 0 0 0 0 0 0 0 0 0 0 0 0 0 0 0 0 
0 0 0 0 0 0 0 0 0 0 0 0 0 0 0 0 0 0 0 0 0 0 0 0 0 0 0 0 0 0 0 0 0 0 0 0 0 0 0 0 0 0 0 0 0 0 0 0 0 0 0 
0 0 0 0 0 0 0 0 0 0 0 0 0 0 0 0 0 0 0 0 0 0 0 0 0 0 0 0 0 0 0 0 0 0 0 0 0 0 0 0 0 0 0 0 0 0 0 0 0 0 0 
0 0 0 0 0 0 0 0 0 0 0 0 0 0 0 0 0 0 0 0 0 0 0 0 0 0 0 0 0 0 0 0 0 0 0 0 0 0 0 0 0 0 0 0 0 0 0 0 0 0 0 
0 0 0 0 0 0 0 0 0 0 0 0 0 0 0 0 0 0 0 0 0 0 0 0 0 0 0 0 0 0 0 0 0 0 0 0 0 0 0 0 0 0 0 0 0 0 0 0 0 0 0 
0 0 0 0 0 0 0 0 0 0 0 0 0 0 0 0 0 0 0 0 0 0 0 0 0 0 0 0 0 0 0 0 0 0 0 0 0 0 0 0 0 0 0 0 0 0 0 0 0 0 0 
