Half rod, albedo problem, Anisotropic scattering, exponential random flight, mu_t: 1 g: -0.3
Analogmu_t c: 0.99 maxx: 10 dx: 0.19802 numsamples: 1000000 numCollisionOrders: 20 numMoments: 10
total albedo: 0.838639
per-collision order albedos: 
0 0.322024 0.111234 0.072149 0.047906 0.035649 0.027438 0.021902 0.018482 0.014908 0.012914 0.011234 0.009874 0.008519 0.007611 0.006989 0.006119 0.005559 0.005117 0.004534 
Collision density L:
0.829013 0.808111 0.79188 0.779629 0.758394 0.741229 0.726503 0.708747 0.692406 0.679377 0.660434 0.645951 0.630588 0.616767 0.605359 0.59435 0.578917 0.565484 0.552334 0.539577 0.527574 0.515474 0.50453 0.493244 0.48227 0.470468 0.463671 0.450187 0.437825 0.43079 0.421382 0.412373 0.403818 0.394375 0.384371 0.376154 0.36712 0.361429 0.35345 0.343082 0.339628 0.329452 0.320589 0.314373 0.305262 0.30048 0.294698 0.287532 0.281724 0.275377 12.0987 
Collision density R:
0.988305 0.968327 0.943098 0.921393 0.904041 0.884755 0.863489 0.845027 0.82471 0.808939 0.790315 0.7716 0.751869 0.738881 0.720514 0.702001 0.689027 0.67472 0.660843 0.644208 0.629079 0.619135 0.601622 0.585674 0.575478 0.561252 0.55043 0.540163 0.524912 0.512146 0.503839 0.488471 0.477765 0.468862 0.459737 0.446708 0.438971 0.425892 0.418554 0.409833 0.400672 0.391163 0.383239 0.375427 0.365842 0.356101 0.351409 0.34184 0.336103 0.328134 14.4167 
Density Moments:
16.1639 142.455 2515.02 66597.9 2.35001e+06 1.03786e+08 5.52267e+09 3.44409e+11 2.45486e+13 1.95068e+15 
Per-collision Density Moments:
1 0.999638 1.99921 6.00237 24.0775 121.108 733.795 5206.96 42337.1 387068 
0.667974 1.01468 2.72022 10.2236 49.0522 284.76 1928.24 14811.9 126194 1.1703e+06 
0.550134 1.10739 3.56658 15.4671 83.7664 541.888 4060.85 34446.3 324716 3.35097e+06 
0.472539 1.13744 4.21465 20.5411 123.094 872.423 7130.21 66053 685416 7.89829e+06 
0.41983 1.1616 4.80581 25.7222 167.328 1276.28 11150.8 109837 1.20634e+06 1.46546e+07 
0.379927 1.17486 5.33127 30.9316 216.065 1753.73 16151.1 165934 1.87827e+06 2.32046e+07 
0.348591 1.18182 5.79812 36.0351 267.698 2296.66 22225.8 238429 2.79713e+06 3.54949e+07 
0.323239 1.18769 6.2401 41.2612 324.865 2947.59 30133.5 341233 4.22196e+06 5.64208e+07 
0.301488 1.18776 6.63637 46.4408 385.599 3678.86 39449.1 467576 6.04402e+06 8.42556e+07 
0.283549 1.18719 7.00287 51.5563 449.33 4495.03 50567.1 630278 8.60417e+06 1.27396e+08 
0.26778 1.18522 7.34606 56.5986 514.788 5365.49 62850.1 816085 1.16223e+07 1.79905e+08 
0.253828 1.18047 7.64386 61.2917 578.334 6235.71 75372 1.00767e+06 1.47516e+07 2.34509e+08 
0.241472 1.17539 7.93161 66.1026 646.739 7214.27 90019.7 1.23971e+06 1.86501e+07 3.0388e+08 
0.23058 1.17014 8.19996 70.7459 714.381 8200.82 105026 1.48104e+06 2.27771e+07 3.79169e+08 
0.220673 1.16452 8.45504 75.3814 785.336 9294.28 122705 1.78477e+06 2.83468e+07 4.8834e+08 
0.21148 1.15714 8.67778 79.7738 856 10424.4 141480 2.11306e+06 3.44084e+07 6.06434e+08 
0.203205 1.15009 8.89488 84.1548 928.131 11612.6 162051 2.49391e+06 4.1993e+07 7.68857e+08 
0.195574 1.14349 9.11376 88.7451 1006.32 12933.6 185195 2.91918e+06 5.0189e+07 9.33709e+08 
0.188525 1.13644 9.31019 93.0225 1080.82 14213 207842 3.33711e+06 5.82424e+07 1.09546e+09 
0 0 0 0 0 0 0 0 0 0 
Per-collision Densities L:
0 0 0 0 0 0 0 0 0 0 0 0 0 0 0 0 0 0 0 0 0 0 0 0 0 0 0 0 0 0 0 0 0 0 0 0 0 0 0 0 0 0 0 0 0 0 0 0 0 0 0 
0.291956 0.238643 0.196102 0.162817 0.130462 0.108494 0.0881023 0.0729069 0.0601102 0.0498789 0.0402334 0.0330573 0.027169 0.0227452 0.0181447 0.0147814 0.0123473 0.0105444 0.00808505 0.00692355 0.00545905 0.0045046 0.0036461 0.00299465 0.00268155 0.00175235 0.00159075 0.0013837 0.0011615 0.00092415 0.00070195 0.00058075 0.00057065 0.00041915 0.00028785 0.00031815 0.00025755 0.00017675 0.00015655 0.0001616 0.0001414 0.00011615 7.575e-05 4.545e-05 4.545e-05 4.04e-05 4.04e-05 3.03e-05 3.03e-05 3.03e-05 8.08e-05 
0.111257 0.10701 0.100722 0.0951117 0.0873196 0.0780377 0.0711444 0.0623978 0.0559591 0.0490254 0.0435916 0.0382437 0.03282 0.0284265 0.0241441 0.0215736 0.0182103 0.0151248 0.0134936 0.0112211 0.00974145 0.00855975 0.0068478 0.00626705 0.005353 0.0044036 0.0036663 0.0031209 0.0026361 0.0021412 0.00200485 0.00163115 0.0014241 0.0011312 0.0009999 0.00079285 0.00064135 0.0005353 0.0004949 0.00040905 0.0003737 0.0002727 0.00019695 0.0001717 0.00012625 0.00013635 9.09e-05 9.09e-05 0.00010605 6.565e-05 0.0003333 
0.0740835 0.0776337 0.0781235 0.0766641 0.0752905 0.0710636 0.0664025 0.0614939 0.0565903 0.0517322 0.0462075 0.0419554 0.037668 0.0335724 0.0301233 0.0268256 0.0241744 0.0210838 0.0180639 0.0165842 0.0145996 0.0124735 0.010398 0.00899405 0.00808505 0.0069892 0.0061004 0.0050702 0.0044036 0.0039895 0.00334815 0.00289365 0.00260075 0.00209575 0.0018079 0.00156045 0.00135845 0.0010807 0.0010807 0.00086355 0.00070195 0.0005252 0.00055045 0.00044945 0.0003838 0.0002929 0.0003333 0.0001818 0.000202 0.0001717 0.00101 
0.0495759 0.0536108 0.0559591 0.0574842 0.0557066 0.0549289 0.0542724 0.0513585 0.04898 0.0459702 0.0427988 0.0401374 0.0372236 0.0339764 0.0314312 0.0283709 0.0259419 0.0232805 0.0208515 0.0187002 0.0166145 0.015145 0.013428 0.0119433 0.0106353 0.009393 0.00848905 0.00668115 0.0066054 0.005353 0.0048581 0.00422685 0.00378245 0.00333805 0.00308555 0.00253005 0.00206545 0.00191395 0.0015756 0.00145945 0.001212 0.00093425 0.0008686 0.00080295 0.00068175 0.0005757 0.0005252 0.0004242 0.0003636 0.0002727 0.0018887 
0.0373397 0.0395314 0.0424756 0.0445915 0.0452278 0.044233 0.0444299 0.0433846 0.0425665 0.0406879 0.0389305 0.0372993 0.0344562 0.0323453 0.0305727 0.0293961 0.0266792 0.02424 0.0223816 0.0201041 0.0188062 0.0165741 0.0149834 0.0133977 0.0122614 0.0114787 0.0101505 0.00901425 0.00776185 0.0070094 0.0062418 0.00558025 0.00520655 0.00439855 0.0036259 0.0032522 0.00316635 0.00276235 0.0022523 0.00204525 0.00178265 0.00139885 0.00139885 0.00112615 0.00113625 0.00095445 0.00086355 0.00065145 0.00054035 0.000505 0.00332795 
0.0288103 0.0314817 0.0340522 0.0361883 0.036663 0.0361429 0.0373953 0.037269 0.0359964 0.0358096 0.0340572 0.0332492 0.0323655 0.0309515 0.0299667 0.0271387 0.025952 0.0242451 0.0223564 0.0208919 0.0188971 0.0179679 0.0158368 0.0148975 0.0134128 0.0126806 0.0110696 0.0105141 0.00922635 0.00854965 0.0072417 0.0069387 0.00583275 0.0052823 0.0050803 0.00428745 0.0038582 0.0034037 0.00337845 0.00287345 0.0023432 0.0021917 0.0020806 0.00156045 0.00141905 0.00133825 0.00101505 0.00111605 0.0009494 0.00085345 0.0052419 
0.0232856 0.024644 0.0277548 0.0285224 0.029896 0.0305727 0.0307949 0.0314363 0.0309111 0.0316282 0.0300526 0.0298657 0.0285325 0.0276841 0.0266085 0.0257197 0.0244016 0.0231795 0.022215 0.020397 0.0199728 0.0180538 0.0168317 0.0159833 0.0142259 0.0135088 0.0123826 0.0110292 0.0100394 0.00927685 0.0086456 0.0078477 0.00736795 0.0064741 0.00602465 0.00522675 0.0046359 0.00428745 0.0037976 0.0033128 0.00299465 0.00283305 0.00256035 0.00224725 0.0019392 0.0016665 0.00157055 0.0012827 0.0012221 0.0012019 0.00765075 
0.0193062 0.0214171 0.0226745 0.023528 0.0248763 0.0260277 0.0267347 0.0266438 0.0273508 0.0275528 0.0267145 0.0265378 0.0261035 0.0259722 0.0246996 0.0239724 0.0233866 0.0223513 0.0212656 0.0201798 0.0190385 0.017569 0.0168468 0.015751 0.0149733 0.0134078 0.0130644 0.0119635 0.0110494 0.0100192 0.009494 0.00831735 0.0076659 0.0071104 0.00667105 0.0057974 0.00546915 0.00514595 0.00446925 0.00402485 0.0037471 0.00327745 0.00280275 0.00260075 0.0023533 0.0021715 0.0018382 0.001616 0.00155035 0.00135845 0.0107767 
0.0158823 0.0171145 0.0189224 0.0206899 0.0209929 0.0220887 0.0230432 0.0240178 0.0236239 0.0238916 0.0237653 0.0240178 0.0235734 0.0226745 0.0228109 0.0221291 0.0211545 0.0210131 0.0200384 0.019185 0.0181598 0.0173114 0.0165489 0.0160994 0.01464 0.0135088 0.0132714 0.0123372 0.0116403 0.0108777 0.0100495 0.008787 0.00848905 0.0083527 0.00727705 0.00658015 0.0059287 0.0056863 0.00506515 0.0045955 0.00429755 0.0038481 0.0035047 0.00306535 0.00288355 0.0026967 0.0024543 0.00214625 0.0018988 0.00173215 0.0144026 
0.0137057 0.0149632 0.0160893 0.0180639 0.0187406 0.0196395 0.0203869 0.0202758 0.021003 0.0207101 0.0211292 0.0211242 0.0213716 0.0210737 0.0205485 0.0207606 0.0201748 0.0192456 0.0186345 0.017978 0.0175437 0.0164933 0.0166398 0.0151702 0.0143218 0.0139683 0.0133472 0.0123877 0.0114029 0.0111605 0.00997375 0.0092415 0.0085143 0.00809515 0.0072316 0.0068377 0.00636805 0.006161 0.00550955 0.0050298 0.0044339 0.0041309 0.0038481 0.00354005 0.0032219 0.0031209 0.0027371 0.00244925 0.00224725 0.0019796 0.0180386 
0.0115746 0.0130745 0.0147309 0.0151551 0.0163166 0.0172458 0.0173215 0.017872 0.0183921 0.019089 0.0191294 0.018983 0.0187305 0.0192203 0.0194274 0.0190537 0.0188517 0.0178265 0.017473 0.0173215 0.0163014 0.0163519 0.015448 0.0145794 0.0144026 0.0136906 0.0128523 0.0119382 0.0111858 0.0110696 0.0103222 0.0095142 0.00919605 0.0086557 0.0081103 0.00734775 0.00691345 0.006565 0.0057873 0.00535805 0.0049086 0.00472175 0.00415615 0.0042521 0.00373195 0.0035754 0.0032118 0.0027169 0.0026462 0.0023331 0.022215 
0.0103525 0.0113878 0.0124836 0.013428 0.0143319 0.0152308 0.0152965 0.0161499 0.0163772 0.0173013 0.0173367 0.0173922 0.017271 0.0177811 0.0174326 0.0175336 0.0167509 0.016968 0.0166701 0.016059 0.0157005 0.0150844 0.0153975 0.0143875 0.0138421 0.0133219 0.0126301 0.0117463 0.0110797 0.0107969 0.0104081 0.0097566 0.0091203 0.00899405 0.0077265 0.00719625 0.00687305 0.0063933 0.00625695 0.00591355 0.00527725 0.0051207 0.004747 0.0043127 0.0041511 0.0034643 0.00341885 0.00305525 0.00288355 0.00267145 0.0259772 
0.00879205 0.0103727 0.0107212 0.0118069 0.0127715 0.0131553 0.0141097 0.0147056 0.0148672 0.0155692 0.0158722 0.0157964 0.015554 0.0161045 0.0160136 0.0163671 0.0157358 0.0157712 0.0155035 0.0153621 0.0149329 0.0145945 0.0139633 0.0135239 0.0133825 0.0129432 0.0120443 0.0112009 0.0110646 0.0102768 0.0102465 0.00977175 0.00888295 0.008484 0.0077669 0.00808505 0.0076659 0.00712555 0.0066963 0.0059994 0.00564085 0.00538835 0.0047672 0.0044945 0.0044743 0.0039289 0.0037168 0.0034845 0.00311585 0.00288355 0.0303404 
0.0080699 0.00935765 0.0101606 0.0104838 0.0114938 0.0120796 0.0127462 0.012928 0.0138724 0.0141552 0.0143774 0.0147612 0.0145743 0.0148824 0.0140441 0.0142814 0.0148167 0.0144279 0.0143572 0.01464 0.0138724 0.0133977 0.0131704 0.012721 0.0123725 0.012423 0.0118928 0.0112666 0.0107363 0.0103677 0.0100647 0.0097263 0.009191 0.00883245 0.00857995 0.007575 0.007474 0.00689325 0.00693365 0.00630745 0.0059388 0.0055651 0.00509545 0.00491365 0.0043127 0.00415615 0.0039491 0.0036259 0.0038077 0.0032724 0.0346077 
0.00755985 0.00790325 0.00864055 0.00938795 0.0102667 0.010908 0.0110898 0.0121099 0.0126048 0.0122311 0.0129634 0.0131553 0.0137865 0.0130593 0.0132108 0.0133371 0.014241 0.0139885 0.0138875 0.0133068 0.0126856 0.0133118 0.0126755 0.0123321 0.0120291 0.0119281 0.0115999 0.0109888 0.0106909 0.0100748 0.0100647 0.00954955 0.0091809 0.00870115 0.00834765 0.0079588 0.00719625 0.0074235 0.00661045 0.00628725 0.00593375 0.00544895 0.0056156 0.00520655 0.0044036 0.00422685 0.0041309 0.00376225 0.00359055 0.0034542 0.038274 
0.0065347 0.00741845 0.00832745 0.0087769 0.0092415 0.0098576 0.0105394 0.0110292 0.0113878 0.0115039 0.0118928 0.0121453 0.011817 0.0124432 0.0126402 0.0129028 0.0129028 0.0128624 0.0122412 0.0127816 0.0126149 0.0118625 0.0122109 0.0114534 0.0111807 0.0110343 0.0108727 0.0108979 0.00970105 0.0101152 0.0103778 0.00909 0.0087769 0.0084638 0.0083325 0.0079487 0.0075649 0.0070498 0.0068781 0.0064236 0.0061206 0.00600445 0.005353 0.0050197 0.00464095 0.00430765 0.0045046 0.00413595 0.003737 0.0035451 0.042819 
0.00589335 0.00639835 0.00740835 0.00776185 0.00836785 0.00911525 0.0093728 0.0100546 0.0104889 0.0103929 0.0110949 0.0104687 0.0116453 0.0114787 0.0115241 0.0118928 0.0118776 0.011711 0.011509 0.0116958 0.0116403 0.0112767 0.0114736 0.0115645 0.0114888 0.0104333 0.0110444 0.0102768 0.0100445 0.0094031 0.009494 0.0090799 0.0086557 0.0082315 0.0078376 0.0078477 0.00712555 0.0070296 0.0068478 0.0064135 0.00629735 0.0061913 0.00556005 0.0051409 0.0049389 0.0046864 0.00466115 0.0042824 0.0040804 0.0035956 0.0470206 
0.0054641 0.005757 0.00641855 0.00727705 0.00765075 0.00818605 0.00886275 0.00913545 0.00945865 0.00977175 0.0096051 0.0100596 0.0103374 0.0106505 0.0109131 0.0111454 0.0110292 0.0113979 0.0116403 0.0109888 0.0108676 0.0107414 0.0110747 0.0105899 0.0107212 0.0101 0.0099788 0.0097162 0.00934755 0.00916575 0.008686 0.0085042 0.0083325 0.00802445 0.0080194 0.0074942 0.0072316 0.0067468 0.00706495 0.0064337 0.0063226 0.005757 0.0058277 0.0052722 0.0048379 0.0046359 0.0045955 0.00433795 0.004242 0.0039794 0.051005 
0 0 0 0 0 0 0 0 0 0 0 0 0 0 0 0 0 0 0 0 0 0 0 0 0 0 0 0 0 0 0 0 0 0 0 0 0 0 0 0 0 0 0 0 0 0 0 0 0 0 0 
Per-collision Densities L:
0.90746 0.746375 0.60747 0.501581 0.412428 0.335371 0.276457 0.225084 0.186996 0.154363 0.124952 0.10248 0.0851228 0.0693921 0.0568984 0.0455965 0.0379205 0.0307596 0.026356 0.020801 0.0173518 0.0143925 0.0111605 0.0094839 0.0080295 0.00635795 0.00540855 0.0043632 0.0034542 0.00301485 0.0022725 0.00196445 0.00137865 0.00134835 0.00119685 0.00078275 0.00069185 0.0006666 0.00042925 0.00045955 0.0003232 0.0002727 0.0002222 0.00022725 0.00019695 0.0001414 9.595e-05 6.06e-05 8.08e-05 5.05e-05 0.00025755 
0.0297193 0.074639 0.104288 0.11814 0.126356 0.127725 0.123937 0.117508 0.108191 0.099283 0.0907283 0.0807849 0.0726241 0.0636957 0.0560096 0.0500455 0.0422433 0.037264 0.0326735 0.0276993 0.0243562 0.0211595 0.0181043 0.0155944 0.0131502 0.0111656 0.00940815 0.0083022 0.0070801 0.0056358 0.00501465 0.004141 0.00339865 0.00311585 0.00253005 0.0022927 0.0018685 0.00147965 0.0014847 0.0010201 0.00082315 0.00081305 0.00077265 0.00046965 0.00035855 0.0003131 0.00034845 0.0002525 0.00020705 0.000202 0.00094435 
0.0186648 0.0496314 0.0708263 0.0856935 0.0959298 0.100525 0.100929 0.0995002 0.0951774 0.0925665 0.0858046 0.0792396 0.0725231 0.0680336 0.0619989 0.0558884 0.0489042 0.045142 0.0403697 0.036158 0.0320019 0.0279669 0.0242552 0.0213413 0.0190133 0.0164226 0.0140643 0.0123372 0.0103222 0.00949905 0.0082012 0.00705485 0.00614585 0.00517625 0.00447935 0.00385315 0.0032219 0.00283305 0.00238865 0.00214625 0.0018079 0.0016261 0.00123725 0.00113625 0.0009191 0.0008282 0.00084335 0.000606 0.00046965 0.0004141 0.00245935 
0.0070498 0.0205535 0.0333957 0.0431068 0.0523231 0.0583275 0.0624029 0.0650137 0.0654834 0.065549 0.0647057 0.0628624 0.0611 0.057464 0.0536563 0.0512424 0.0480053 0.0442229 0.0406879 0.0370771 0.0331381 0.0308151 0.026765 0.0246693 0.0224422 0.0196698 0.0175791 0.0157257 0.0139633 0.0124634 0.0103576 0.00919605 0.00822645 0.0072821 0.0065044 0.00584285 0.00505 0.004646 0.00366125 0.0032219 0.0028684 0.0025351 0.00214625 0.0019594 0.0015453 0.0012726 0.0012322 0.0008888 0.0010403 0.0007979 0.0046561 
0.00426725 0.0133573 0.0215787 0.0293304 0.0356025 0.0408444 0.0455409 0.0483285 0.0509747 0.0520049 0.0520302 0.0526261 0.0501566 0.0501819 0.0470913 0.0461267 0.0437633 0.0412989 0.0382538 0.0366277 0.0331179 0.0308808 0.0291234 0.0260732 0.0247551 0.0213767 0.0202404 0.018175 0.0161499 0.0143168 0.0129886 0.0111555 0.0106 0.0092617 0.0085446 0.0074033 0.00670135 0.00592365 0.00511565 0.00428745 0.00397435 0.00358045 0.0031512 0.002727 0.0022018 0.00209575 0.0018685 0.00165135 0.00134835 0.001111 0.00802445 
0.00315625 0.0089789 0.0148066 0.0200283 0.025043 0.0297294 0.0332038 0.036557 0.0391375 0.0405212 0.0410111 0.0420716 0.0429705 0.0419453 0.0410464 0.039385 0.0391931 0.0376074 0.0360267 0.0337239 0.0318857 0.02979 0.0285022 0.025654 0.0242299 0.0225937 0.0207505 0.0192254 0.0177508 0.0157863 0.014741 0.0140592 0.012115 0.0106303 0.0097465 0.00912535 0.00777195 0.006767 0.00651955 0.0056964 0.00532775 0.0047167 0.0043127 0.00368145 0.0030401 0.00289365 0.0023735 0.00235835 0.0019897 0.00171195 0.012216 
0.00221695 0.00678215 0.0109888 0.0148622 0.0189628 0.0224624 0.024639 0.0286588 0.0299869 0.03232 0.034032 0.0347541 0.0349814 0.0348905 0.0349056 0.0339461 0.0339411 0.0335068 0.0324665 0.0309616 0.0302596 0.0283457 0.0268155 0.0253712 0.0243612 0.022316 0.0212555 0.0198768 0.0181548 0.0165135 0.0157308 0.0143521 0.0133118 0.0123927 0.0106151 0.010297 0.00890315 0.00815575 0.00774165 0.0068175 0.0058782 0.0053631 0.0050197 0.00433795 0.00395415 0.0036057 0.00291385 0.0030098 0.0026462 0.00239875 0.0170842 
0.00176245 0.00524695 0.0085951 0.0119938 0.0149935 0.0176043 0.019993 0.0232351 0.024745 0.0264418 0.0276993 0.0283659 0.0291284 0.0305172 0.0305727 0.0307394 0.0305424 0.029694 0.0291688 0.0283053 0.0271185 0.0268761 0.0254874 0.0243663 0.0237047 0.0215888 0.020604 0.0198314 0.0180437 0.0167812 0.0160388 0.0151551 0.013534 0.0126755 0.0118625 0.0108878 0.0098071 0.00923645 0.00802445 0.0074841 0.0068377 0.00662055 0.00604485 0.005151 0.0046864 0.00450965 0.0038178 0.0032724 0.00315625 0.0028078 0.0228058 
0.00135845 0.00406525 0.0069286 0.00929705 0.0118574 0.0141602 0.0160287 0.0185638 0.0200687 0.021609 0.0233815 0.0244521 0.0248056 0.0257752 0.0266539 0.0259318 0.0266186 0.0259671 0.0255985 0.0256288 0.025654 0.0243208 0.0235936 0.022523 0.0217605 0.0206697 0.0200788 0.018579 0.0182457 0.0170438 0.0163974 0.014847 0.0137562 0.0129937 0.0125796 0.0112868 0.0103727 0.00983235 0.00909 0.00851935 0.00787295 0.0071003 0.006262 0.0059893 0.0052823 0.00488335 0.0045147 0.0041713 0.00341885 0.0033229 0.0295678 
0.00119685 0.0034946 0.00601455 0.00752955 0.0100798 0.0120746 0.0142461 0.0156954 0.0168973 0.0179477 0.0201293 0.0212454 0.0212302 0.0229018 0.0229977 0.0232048 0.0236643 0.0235128 0.0234775 0.023629 0.0224776 0.0224018 0.02121 0.0213363 0.0201899 0.0194779 0.0190436 0.0184022 0.0173468 0.0167509 0.0161398 0.0149177 0.0139936 0.013125 0.0121907 0.0113221 0.0101354 0.0100697 0.00956975 0.008787 0.00799415 0.00750935 0.0067973 0.0066862 0.0058984 0.00514595 0.00471165 0.0046056 0.0040905 0.00372185 0.0359409 
0.0008181 0.0028886 0.00473185 0.006767 0.00848905 0.0101909 0.0115948 0.0128119 0.0147208 0.01616 0.0168014 0.0179225 0.0188062 0.0191951 0.0202808 0.0205939 0.0204727 0.0211292 0.0211141 0.0201546 0.0209828 0.0204778 0.0198718 0.0200586 0.0192153 0.0192456 0.0178013 0.0177457 0.016862 0.0163216 0.0153823 0.0148571 0.0137764 0.0135239 0.0121099 0.0119736 0.0112565 0.0103374 0.0103727 0.0089385 0.0085547 0.0081002 0.0071407 0.00722655 0.00618625 0.00565095 0.00534795 0.00512575 0.00457025 0.00433795 0.0425311 
0.0008888 0.00260075 0.00404505 0.00547925 0.0072013 0.0087971 0.0100192 0.0117867 0.0124634 0.0135239 0.0146652 0.0158621 0.0159277 0.0171549 0.0177104 0.0178972 0.018781 0.0186648 0.0191698 0.019291 0.0192809 0.0186648 0.0186396 0.0186396 0.0178215 0.0173468 0.0169074 0.0165842 0.0162762 0.0151349 0.0150339 0.0135542 0.0136754 0.0130694 0.0125644 0.0116352 0.0109585 0.0102263 0.0099384 0.00951925 0.00868095 0.00831735 0.0076356 0.0074437 0.0067872 0.00586305 0.0059287 0.0053227 0.00479245 0.0044844 0.0483285 
0.0006363 0.00211595 0.00362085 0.0051005 0.0058782 0.00750935 0.0084941 0.0100798 0.0112363 0.0115696 0.0130341 0.0142158 0.0144481 0.0155338 0.0155187 0.0164075 0.0169074 0.0168872 0.0171498 0.0169276 0.0174528 0.0174175 0.0173569 0.0163166 0.0167761 0.0161752 0.0157813 0.0160388 0.0151248 0.0149884 0.014241 0.0136956 0.0128725 0.0127412 0.0119483 0.0114686 0.0109484 0.0106808 0.00968085 0.0095344 0.0086052 0.00803455 0.0081103 0.0072316 0.0072114 0.00682255 0.00629735 0.00574185 0.00562065 0.0049692 0.05504 
0.0006969 0.00194425 0.00334815 0.00427735 0.0051712 0.00673165 0.0080598 0.00879205 0.00984245 0.0107616 0.0118675 0.0122917 0.0130492 0.013433 0.0145592 0.0138875 0.0150844 0.014741 0.015751 0.0156954 0.0158217 0.0156904 0.0159328 0.0158116 0.01565 0.0153217 0.015145 0.0150339 0.0142663 0.0139633 0.0132108 0.0131906 0.0123877 0.0126705 0.0119685 0.0111151 0.0108575 0.010302 0.0098374 0.00963035 0.00880215 0.00847895 0.00796385 0.0070599 0.0071407 0.00664075 0.00642865 0.0060095 0.0057469 0.00517625 0.0613525 
0.0005555 0.00176245 0.0027775 0.00375215 0.0045955 0.0059287 0.00674175 0.0076053 0.0086456 0.0093223 0.0105798 0.0111706 0.0116352 0.0123018 0.0127109 0.012726 0.0132563 0.0140693 0.0141451 0.0145996 0.0146501 0.0149177 0.0142663 0.0144935 0.0144329 0.0141249 0.0145945 0.0137613 0.0140542 0.0127715 0.0130593 0.0122008 0.0129028 0.011514 0.0119029 0.0110747 0.0104586 0.0101758 0.0095445 0.00907485 0.00912535 0.00874155 0.00820625 0.0076962 0.00711545 0.0070902 0.0063327 0.00609535 0.0056156 0.00539845 0.0665742 
0.0004949 0.00141905 0.00237855 0.0035148 0.00438845 0.0053833 0.0062317 0.0068074 0.00781235 0.00859005 0.00901425 0.0101354 0.010701 0.0110393 0.0114736 0.0120645 0.0122564 0.0127462 0.0124735 0.0132916 0.0129129 0.0133371 0.0134684 0.013433 0.0135088 0.0133825 0.0136906 0.0125089 0.0129482 0.0123119 0.0125392 0.0116756 0.0120998 0.0114383 0.0108525 0.0108777 0.0106151 0.0102667 0.00948895 0.0095243 0.00869105 0.00811535 0.00782245 0.00772145 0.0073124 0.00684275 0.0068276 0.00639835 0.0058984 0.00588325 0.0720433 
0.00039895 0.0012221 0.002121 0.00303505 0.0039087 0.0047975 0.0053631 0.0060196 0.0069488 0.00753965 0.00849915 0.008989 0.0089789 0.0100293 0.0106151 0.0109333 0.01111 0.0115292 0.0119029 0.0119433 0.0121301 0.0124382 0.0126301 0.0126654 0.0128119 0.0127563 0.0124432 0.0124937 0.0125038 0.0118473 0.0119483 0.0116655 0.0109838 0.0107212 0.0105444 0.0104333 0.0096657 0.0097869 0.009393 0.00908495 0.0088779 0.0083931 0.00798405 0.0075144 0.00763055 0.00696395 0.0064539 0.00600445 0.00631755 0.00565095 0.0772802 
0.0003636 0.00127765 0.00203515 0.002727 0.0033734 0.00426725 0.00485305 0.00575195 0.00670135 0.0069084 0.0077972 0.00813555 0.00878195 0.00892335 0.0096455 0.0096253 0.0103374 0.0105747 0.0108626 0.0115241 0.0119988 0.011812 0.011817 0.0111454 0.0117615 0.0119231 0.0116251 0.0115544 0.0112363 0.0114534 0.0109939 0.0107969 0.0104636 0.0106959 0.0100091 0.0095546 0.00966065 0.00899405 0.0092718 0.008888 0.00857995 0.0084335 0.0076457 0.0080699 0.0074639 0.00662055 0.0066862 0.00630745 0.0059489 0.00564085 0.082315 
0.00031815 0.00105545 0.00183315 0.00249975 0.00305525 0.0036865 0.0047167 0.0051914 0.00557015 0.0065246 0.0070296 0.00775175 0.0079386 0.0085143 0.00898395 0.00933745 0.00939805 0.0098172 0.0102364 0.0104182 0.0101505 0.010706 0.0107717 0.0106909 0.0106808 0.0108979 0.0113474 0.0111706 0.0108626 0.0107969 0.0105848 0.0104182 0.0100394 0.0101051 0.00981215 0.00939805 0.00960005 0.00909505 0.0092314 0.0086153 0.0083628 0.00820625 0.0078477 0.0074033 0.0071104 0.0071104 0.00688315 0.0065044 0.00630745 0.0059691 0.0860924 
0 0 0 0 0 0 0 0 0 0 0 0 0 0 0 0 0 0 0 0 0 0 0 0 0 0 0 0 0 0 0 0 0 0 0 0 0 0 0 0 0 0 0 0 0 0 0 0 0 0 0 
