Half rod, albedo problem, Anisotropic scattering, exponential random flight, mu_t: 3 g: 0.5
Analogmu_t c: 0.9 maxx: 10 dx: 0.19802 numsamples: 10000000 numCollisionOrders: 20 numMoments: 10
total albedo: 0.40217
per-collision order albedos: 
0 0.112566 0.0759619 0.0526925 0.0375206 0.0272438 0.0202852 0.0152574 0.0117876 0.0091485 0.0071977 0.0057307 0.0046037 0.0037391 0.0030306 0.0024809 0.0020653 0.0017075 0.0014139 0.0011714 
Collision density L:
1.12576 0.978594 0.853496 0.740907 0.6443 0.560916 0.487945 0.423704 0.369457 0.320898 0.278812 0.243491 0.21162 0.184292 0.160698 0.139486 0.120732 0.105264 0.0915964 0.0799986 0.0694542 0.0601182 0.0527296 0.0454601 0.0397708 0.034945 0.0301172 0.0263322 0.0226543 0.0195915 0.017068 0.0149096 0.0128861 0.0111852 0.00975054 0.00854511 0.00754521 0.00651652 0.00563176 0.00484699 0.00431775 0.00375821 0.00320423 0.00277195 0.00250632 0.00212959 0.0018887 0.00165438 0.00141097 0.001262 0.00834614 
Collision density R:
2.80223 2.43479 2.12064 1.8446 1.60414 1.39475 1.21252 1.05581 0.918679 0.798514 0.694705 0.605684 0.526295 0.45853 0.397873 0.346418 0.301212 0.262428 0.227617 0.197984 0.172506 0.150066 0.130447 0.113635 0.0990017 0.0863186 0.075089 0.0651884 0.0569064 0.0491077 0.0425882 0.0370301 0.032417 0.0279856 0.0242855 0.0213297 0.0184093 0.016056 0.0139486 0.0121947 0.010555 0.00939351 0.00811232 0.00707152 0.00614737 0.00518787 0.00458237 0.00403293 0.00341077 0.00301435 0.0204379 
Density Moments:
5.97765 8.49473 24.1514 103.122 589.009 4234.42 36968.9 383123 4.63137e+06 6.41759e+07 
Per-collision Density Moments:
1 0.33311 0.221884 0.221677 0.295383 0.492265 0.984799 2.29717 6.10879 18.1768 
0.787483 0.487348 0.474772 0.624818 1.0338 2.05928 4.79592 12.7839 38.3742 128.083 
0.632858 0.548275 0.691525 1.11896 2.19796 5.06874 13.4102 40.0105 132.824 485.207 
0.516845 0.560575 0.856857 1.63315 3.69639 9.65644 28.5561 94.2101 342.744 1361.66 
0.427557 0.547099 0.971544 2.11617 5.39579 15.6885 51.0988 183.951 723.919 3085.15 
0.357523 0.520336 1.04295 2.53886 7.16478 22.8529 81.0223 315.386 1334.71 6090.36 
0.301491 0.487768 1.08157 2.89484 8.92463 30.9132 118.414 496.044 2253.47 11030.4 
0.25602 0.4527 1.09442 3.18213 10.6127 39.5968 162.714 728.446 3524.62 18321.9 
0.218588 0.417572 1.08828 3.40244 12.1614 48.4523 211.785 1004.45 5126.66 27975.5 
0.187565 0.383342 1.06699 3.55693 13.5288 57.2335 265.134 1330.99 7188.56 41563.5 
0.161623 0.350937 1.03585 3.65742 14.712 65.7105 320.796 1694.01 9606.78 58221.5 
0.139778 0.320387 0.996952 3.70915 15.7109 73.8236 378.743 2098.99 12471.4 79010 
0.121207 0.291931 0.953353 3.72038 16.5152 81.2404 435.771 2521.42 15616.4 102932 
0.105328 0.265548 0.9068 3.69856 17.1511 88.0763 492.807 2971.45 19154.8 131209 
0.0917219 0.241244 0.858244 3.64571 17.5985 93.9836 546.015 3411.1 22720.3 160288 
0.0800395 0.218839 0.808578 3.56637 17.8717 99.0582 597.145 3869.62 26724.4 195373 
0.0699795 0.198487 0.759888 3.47193 18.0162 103.347 644.283 4314.1 30757.8 231909 
0.0613183 0.179924 0.711808 3.35978 18.004 106.596 685.504 4731.99 34758 269816 
0.0537831 0.162998 0.6656 3.24238 17.9277 109.483 725.898 5163.87 39072.7 312345 
0 0 0 0 0 0 0 0 0 0 
Per-collision Densities L:
0 0 0 0 0 0 0 0 0 0 0 0 0 0 0 0 0 0 0 0 0 0 0 0 0 0 0 0 0 0 0 0 0 0 0 0 0 0 0 0 0 0 0 0 0 0 0 0 0 0 0 
0.254505 0.140194 0.0778619 0.0427124 0.0236633 0.0129729 0.00723413 0.00396829 0.00219877 0.00118322 0.00069892 0.000345925 0.000207555 0.00012928 6.2115e-05 3.2825e-05 1.8685e-05 1.01e-05 7.07e-06 2.525e-06 1.515e-06 1.01e-06 0 5.05e-07 0 0 5.05e-07 0 0 0 0 0 0 0 0 0 0 0 0 0 0 0 0 0 0 0 0 0 0 0 0 
0.217733 0.176603 0.129084 0.0883705 0.0582512 0.037172 0.0233628 0.0145162 0.00893699 0.00542825 0.00322897 0.00199677 0.00115039 0.0006868 0.000393395 0.000232805 0.00013635 8.5345e-05 4.848e-05 2.828e-05 1.3635e-05 1.111e-05 3.535e-06 3.03e-06 2.02e-06 5.05e-07 1.01e-06 0 0 5.05e-07 0 0 0 0 0 0 0 0 0 0 0 0 0 0 0 0 0 0 0 0 0 
0.157682 0.148614 0.128832 0.103837 0.0783598 0.0579225 0.0406182 0.0278987 0.0190471 0.0124659 0.0081199 0.00527271 0.00340471 0.00208666 0.00136199 0.00086355 0.000531765 0.000317645 0.000181295 0.00011817 8.08e-05 4.04e-05 2.2725e-05 1.3635e-05 8.08e-06 8.08e-06 3.535e-06 2.02e-06 5.05e-07 1.01e-06 1.01e-06 5.05e-07 0 0 0 0 0 0 0 0 0 0 0 0 0 0 0 0 0 0 0 
0.113558 0.112653 0.106558 0.0949754 0.0806606 0.065443 0.0513913 0.0385477 0.0282361 0.0202884 0.014289 0.00984902 0.00671852 0.00456419 0.00305778 0.00203111 0.00132058 0.000835775 0.00054742 0.00033431 0.000213615 0.000112615 8.8375e-05 6.767e-05 3.5855e-05 2.222e-05 1.1615e-05 1.01e-05 4.04e-06 4.04e-06 2.02e-06 1.01e-06 1.515e-06 5.05e-07 5.05e-07 0 0 0 0 0 0 0 0 0 0 0 0 0 0 0 0 
0.0832639 0.0847759 0.0830301 0.0787204 0.0720175 0.062974 0.0527897 0.0429593 0.0340198 0.0263347 0.0197384 0.0143683 0.010756 0.00747855 0.00525301 0.00368246 0.00252551 0.00167862 0.0011716 0.00078477 0.000486315 0.00033633 0.00021614 0.000137865 9.292e-05 6.6155e-05 3.838e-05 2.6765e-05 1.3635e-05 7.575e-06 2.525e-06 2.02e-06 1.515e-06 1.515e-06 5.05e-07 1.01e-06 5.05e-07 0 0 0 0 0 0 0 0 0 0 0 0 0 0 
0.061964 0.0637396 0.0643375 0.0630634 0.0596905 0.0546344 0.0486325 0.0420377 0.0354495 0.0288592 0.0230674 0.0180305 0.0139723 0.0103247 0.00763358 0.0055247 0.00399506 0.00285426 0.00203566 0.00140794 0.00099889 0.000633775 0.00042218 0.000287345 0.000198465 0.000137865 9.4435e-05 5.7065e-05 3.535e-05 2.727e-05 1.212e-05 1.111e-05 6.565e-06 3.03e-06 2.02e-06 1.515e-06 0 5.05e-07 5.05e-07 0 5.05e-07 0 0 0 0 0 0 0 0 0 0 
0.0471822 0.0490709 0.0501263 0.0498491 0.0482437 0.0456899 0.0421771 0.0381603 0.0333891 0.0287426 0.0238481 0.0198258 0.0158621 0.0124159 0.00965005 0.00729119 0.00552521 0.0041203 0.00298455 0.00214928 0.00158065 0.00106303 0.00076255 0.000560045 0.00036158 0.000250985 0.00016564 0.000104535 7.575e-05 5.5045e-05 3.8885e-05 2.1715e-05 1.515e-05 1.313e-05 2.02e-06 2.525e-06 5.05e-07 2.02e-06 5.05e-07 0 5.05e-07 0 5.05e-07 0 0 0 0 0 0 5.05e-07 0 
0.0365059 0.0382184 0.0392744 0.0393451 0.0390107 0.0374867 0.0358409 0.0328508 0.0300748 0.0267185 0.0233108 0.0197571 0.0164499 0.0135234 0.0110373 0.00873852 0.00674226 0.00524746 0.0039491 0.00298607 0.00223614 0.00163822 0.00121857 0.00083628 0.000602465 0.0004545 0.00028684 0.000219675 0.00014847 9.9485e-05 7.7265e-05 5.353e-05 3.131e-05 2.525e-05 1.3635e-05 6.565e-06 6.06e-06 4.545e-06 4.04e-06 2.525e-06 5.05e-07 1.01e-06 0 0 5.05e-07 0 0 0 5.05e-07 0 5.05e-07 
0.0284966 0.0300162 0.0311302 0.0314469 0.0313585 0.0308272 0.0296592 0.0279518 0.0262656 0.0237279 0.0212322 0.0189415 0.0160449 0.0138607 0.0116226 0.00942684 0.00759773 0.0060499 0.00478437 0.00372943 0.00287648 0.00215585 0.00158621 0.00115342 0.00092011 0.000648925 0.0004747 0.000361075 0.000235835 0.000180285 0.000115645 7.979e-05 5.353e-05 3.939e-05 1.818e-05 1.414e-05 1.4645e-05 8.585e-06 6.565e-06 3.535e-06 1.01e-06 1.01e-06 1.515e-06 5.05e-07 0 0 5.05e-07 5.05e-07 0 0 5.05e-07 
0.0223533 0.0240415 0.0249212 0.0251985 0.0254066 0.0251636 0.0246304 0.0236845 0.0224528 0.0207994 0.0190016 0.0172452 0.0151737 0.0135512 0.0112761 0.00984902 0.00801233 0.00672761 0.00542017 0.00434704 0.00338603 0.00261388 0.00206444 0.00156247 0.00117716 0.00092314 0.000665085 0.00048884 0.00035956 0.00026159 0.00018786 0.000125745 8.5345e-05 6.7165e-05 4.141e-05 3.636e-05 2.7775e-05 1.515e-05 7.07e-06 5.555e-06 2.525e-06 2.525e-06 1.515e-06 2.525e-06 1.01e-06 5.05e-07 1.515e-06 0 0 0 5.05e-07 
0.0179361 0.0190617 0.0200596 0.0205873 0.0207701 0.0209464 0.0206843 0.0200707 0.0189178 0.0178129 0.0167372 0.0155161 0.0139067 0.0124336 0.0109459 0.00958541 0.00815828 0.00682508 0.00572115 0.00471317 0.0038072 0.00301081 0.00248915 0.00188365 0.00149329 0.00115494 0.00089284 0.000638825 0.00048884 0.000364105 0.000253005 0.00018988 0.000145945 0.000107565 7.171e-05 5.353e-05 4.0905e-05 2.323e-05 2.1715e-05 9.595e-06 8.585e-06 7.575e-06 3.535e-06 3.535e-06 3.03e-06 2.02e-06 5.05e-07 0 5.05e-07 0 5.05e-07 
0.0144117 0.0154682 0.0162797 0.0169059 0.0171084 0.0172841 0.0174195 0.0166509 0.0160519 0.0154586 0.0145571 0.0135375 0.0124462 0.0113923 0.0101813 0.00894759 0.00780781 0.00670186 0.00575246 0.00485002 0.0040198 0.00330927 0.00270579 0.00216847 0.00174074 0.00136956 0.00106555 0.000849915 0.00063125 0.00051106 0.00037269 0.00026967 0.00020099 0.000143925 0.00010504 8.787e-05 5.555e-05 4.545e-05 2.7775e-05 2.3735e-05 1.2625e-05 1.212e-05 5.555e-06 5.05e-06 3.03e-06 2.525e-06 5.05e-07 2.02e-06 0 1.01e-06 1.515e-06 
0.0117993 0.012476 0.0133785 0.0136658 0.0141759 0.0145445 0.0141536 0.0141223 0.0135572 0.0132679 0.0125568 0.0118907 0.0109666 0.0101268 0.00922585 0.00828907 0.00729473 0.00653117 0.0056964 0.00483033 0.00409656 0.0034643 0.00293607 0.00238966 0.00183517 0.00155995 0.00122513 0.0010095 0.000761035 0.000612565 0.000476215 0.000344915 0.000266135 0.00017675 0.00015352 0.000105545 8.5345e-05 5.959e-05 4.444e-05 3.939e-05 3.03e-05 1.4645e-05 1.1615e-05 8.585e-06 4.545e-06 4.04e-06 4.04e-06 2.525e-06 2.02e-06 0 1.515e-06 
0.0095546 0.010303 0.0109211 0.0113075 0.011715 0.0119231 0.011917 0.0117498 0.0115423 0.0113251 0.0108762 0.0102318 0.0096753 0.00893143 0.00840775 0.0075548 0.00677559 0.00610949 0.00533735 0.00481568 0.00406929 0.00348147 0.00288153 0.00247501 0.00200839 0.00174528 0.00134886 0.00108727 0.000921625 0.00070902 0.000569135 0.00044036 0.000329765 0.00024139 0.000185335 0.00012726 0.00011615 8.9385e-05 7.272e-05 5.151e-05 3.636e-05 2.727e-05 1.6665e-05 1.2625e-05 1.1615e-05 1.1615e-05 2.525e-06 6.06e-06 3.535e-06 1.515e-06 3.03e-06 
0.00793608 0.00854662 0.00899759 0.00947027 0.00973388 0.00999547 0.00993133 0.0100051 0.00986972 0.00955662 0.00930008 0.00883952 0.00834967 0.00799516 0.00740936 0.00672559 0.00616908 0.0055949 0.00503233 0.00446521 0.00391173 0.00337744 0.00295728 0.00238512 0.00215484 0.00179225 0.0014544 0.00122715 0.000989295 0.000752955 0.00064135 0.00049187 0.00038582 0.000317645 0.00024341 0.00018988 0.000157055 0.000115645 7.9285e-05 7.5245e-05 5.9085e-05 3.333e-05 2.2725e-05 2.121e-05 1.414e-05 1.01e-05 6.06e-06 9.09e-06 3.03e-06 2.02e-06 4.545e-06 
0.00646905 0.00695032 0.00751036 0.00787548 0.00813555 0.00847491 0.00838704 0.00835472 0.0084633 0.00804819 0.00790881 0.0076861 0.00734573 0.00699425 0.00652915 0.00606051 0.00560096 0.00517474 0.00469802 0.00415565 0.00366832 0.0032421 0.00283861 0.00247955 0.00205838 0.00180386 0.00154328 0.00124432 0.00106353 0.000851935 0.000686295 0.000572165 0.00046157 0.00035148 0.000289365 0.000250985 0.000194425 0.000149985 0.000113625 8.2315e-05 6.262e-05 5.353e-05 3.03e-05 2.2725e-05 2.0705e-05 1.6665e-05 9.595e-06 1.0605e-05 2.525e-06 3.03e-06 1.2625e-05 
0.00525756 0.00586507 0.00635694 0.00649178 0.00691749 0.00693264 0.00708869 0.00706142 0.00711091 0.00695183 0.00680892 0.0067867 0.00647915 0.00611505 0.00588578 0.00538583 0.00493385 0.00456318 0.00426877 0.00386628 0.00342592 0.00310171 0.00272296 0.00234118 0.00207808 0.00179881 0.00150036 0.00129886 0.00111302 0.00088577 0.00074134 0.000652965 0.000510555 0.000440865 0.00032017 0.00026563 0.000210585 0.000183315 0.000122715 9.5445e-05 9.191e-05 7.171e-05 3.939e-05 3.232e-05 3.737e-05 2.121e-05 1.4645e-05 1.111e-05 5.555e-06 3.535e-06 2.1715e-05 
0.00448794 0.0048783 0.00515151 0.0055045 0.00574993 0.00590244 0.00597819 0.00608374 0.00609838 0.00603778 0.00591961 0.00583427 0.00563681 0.00530452 0.00507525 0.00472125 0.00446218 0.00418393 0.00377841 0.00356076 0.00320726 0.00293052 0.00255379 0.00226392 0.00198516 0.00169226 0.00149834 0.00133623 0.00113676 0.00091304 0.00081002 0.000694375 0.00054439 0.0004242 0.00037471 0.000308555 0.00023533 0.00019998 0.00015453 0.000117665 0.000101 7.7265e-05 5.858e-05 4.2925e-05 3.737e-05 2.7775e-05 2.6765e-05 1.414e-05 1.0605e-05 1.313e-05 2.424e-05 
0 0 0 0 0 0 0 0 0 0 0 0 0 0 0 0 0 0 0 0 0 0 0 0 0 0 0 0 0 0 0 0 0 0 0 0 0 0 0 0 0 0 0 0 0 0 0 0 0 0 0 
Per-collision Densities L:
2.26328 1.2475 0.690279 0.380768 0.210192 0.115366 0.0641214 0.0350268 0.0195218 0.0107686 0.00591355 0.00326028 0.00178114 0.00099182 0.000554995 0.00028482 0.00016766 0.000102515 6.2115e-05 3.131e-05 1.0605e-05 7.575e-06 5.555e-06 2.02e-06 1.515e-06 1.01e-06 5.05e-07 5.05e-07 0 0 0 0 0 0 0 0 0 0 0 0 0 0 0 0 0 0 0 0 0 0 0 
0.409373 0.726115 0.677958 0.526932 0.375094 0.253852 0.164896 0.105548 0.0658692 0.040758 0.0250111 0.0151197 0.00913343 0.00540653 0.00317797 0.00185941 0.0010807 0.000663065 0.000387335 0.00021917 0.000132815 8.383e-05 4.6965e-05 3.131e-05 1.414e-05 8.08e-06 2.02e-06 3.03e-06 5.05e-07 2.02e-06 0 0 0 0 5.05e-07 0 0 0 0 0 0 0 0 0 0 0 0 0 0 0 0 
0.0671236 0.247198 0.362516 0.387082 0.349798 0.287607 0.220936 0.161993 0.114584 0.0788361 0.0529538 0.0349278 0.0230396 0.0147915 0.00944704 0.00593173 0.00373296 0.00226947 0.00145945 0.000884255 0.000534795 0.00031916 0.00019089 0.00011918 7.2215e-05 4.2925e-05 2.5755e-05 1.3635e-05 1.01e-05 6.06e-06 4.545e-06 2.02e-06 5.05e-07 0 1.01e-06 0 5.05e-07 0 0 0 0 0 0 0 0 0 0 0 0 0 0 
0.0193915 0.0807641 0.156073 0.212262 0.236138 0.230287 0.205917 0.173406 0.137135 0.105076 0.0777902 0.0561908 0.0395344 0.0273973 0.0185189 0.0125705 0.00839007 0.00556763 0.003535 0.00230735 0.00153167 0.000950915 0.00060701 0.00037067 0.00025048 0.00014948 9.9485e-05 5.2015e-05 3.03e-05 2.222e-05 1.111e-05 6.565e-06 6.565e-06 4.04e-06 1.515e-06 1.515e-06 1.01e-06 5.05e-07 0 0 0 0 0 0 0 0 0 0 0 0 0 
0.011012 0.0366473 0.0712979 0.108044 0.137999 0.153628 0.155696 0.146236 0.129718 0.108722 0.0884316 0.0691825 0.052777 0.0394991 0.0283356 0.0202823 0.0143284 0.0100818 0.00689325 0.00469701 0.00308303 0.00214878 0.00135593 0.00094738 0.0005959 0.000395415 0.0002626 0.000163115 0.00010706 6.7165e-05 3.4845e-05 2.0705e-05 1.5655e-05 8.585e-06 4.545e-06 4.545e-06 3.535e-06 1.515e-06 5.05e-07 5.05e-07 0 0 0 0 0 0 0 0 0 0 0 
0.00750329 0.0229644 0.040503 0.0601834 0.0799016 0.0962777 0.105884 0.108145 0.105005 0.095596 0.083878 0.0715277 0.0580412 0.0464443 0.0357818 0.0273468 0.0203298 0.0148601 0.0107267 0.00762954 0.00546208 0.00379356 0.0025952 0.00176649 0.00118574 0.000805475 0.00054338 0.0003636 0.000255025 0.000162105 0.000101 6.4135e-05 3.636e-05 3.333e-05 1.1615e-05 7.07e-06 9.595e-06 5.555e-06 2.02e-06 5.05e-07 2.02e-06 5.05e-07 0 5.05e-07 0 0 0 0 0 0 0 
0.00548733 0.0162534 0.0271776 0.0388774 0.050452 0.061711 0.0705541 0.0763151 0.0785391 0.0764368 0.0715686 0.06459 0.0561843 0.0474503 0.0391501 0.0313383 0.0246627 0.0190966 0.0144172 0.0107232 0.00792901 0.00574387 0.0041511 0.00293658 0.00206293 0.00144329 0.00101303 0.000661045 0.000472175 0.00031916 0.000212605 0.00014039 9.8475e-05 6.4135e-05 4.1915e-05 2.323e-05 1.515e-05 1.1615e-05 8.585e-06 3.535e-06 3.03e-06 2.02e-06 1.515e-06 5.05e-07 1.01e-06 0 0 0 0 0 5.05e-07 
0.00396072 0.0121104 0.0199066 0.0276038 0.0351768 0.0423478 0.0486578 0.0536583 0.0570726 0.0582083 0.0571377 0.0542118 0.0496763 0.0439552 0.0384098 0.0322478 0.0264554 0.0214817 0.0171134 0.0133997 0.0102465 0.00765883 0.00576104 0.00422938 0.00310727 0.00230179 0.00167206 0.00116049 0.000796385 0.000551965 0.00040501 0.00027977 0.000191395 0.000121705 7.6255e-05 6.9185e-05 2.828e-05 2.02e-05 2.2725e-05 1.212e-05 5.05e-06 4.04e-06 2.02e-06 1.01e-06 3.03e-06 5.05e-07 1.01e-06 0 5.05e-07 0 5.05e-07 
0.00300122 0.00910818 0.0149914 0.0205474 0.0259873 0.03075 0.0353939 0.0391325 0.0418428 0.043933 0.04424 0.043433 0.0414903 0.0382841 0.0345885 0.0307388 0.0262151 0.0222453 0.018285 0.0148606 0.0119872 0.00940563 0.0072412 0.00548683 0.00420211 0.00316938 0.00230886 0.00172811 0.00123927 0.00089385 0.000646905 0.0004545 0.00031815 0.00021008 0.000153015 0.000102515 7.5245e-05 4.444e-05 3.131e-05 2.7775e-05 9.09e-06 9.595e-06 6.06e-06 3.535e-06 2.02e-06 3.03e-06 2.02e-06 5.05e-07 5.05e-07 0 0 
0.00230785 0.0069887 0.0116246 0.0159216 0.0198117 0.0234103 0.0268286 0.0296985 0.0318675 0.0333416 0.0342021 0.0345016 0.0336002 0.0323139 0.0299819 0.0272357 0.0246566 0.021256 0.0182901 0.0153929 0.0126871 0.0103591 0.00824615 0.00664328 0.00517575 0.00407535 0.00302091 0.00235583 0.00173619 0.00126957 0.00093223 0.000682255 0.00048985 0.0003333 0.0002525 0.000181295 0.00012827 9.595e-05 6.06e-05 3.939e-05 2.424e-05 2.2725e-05 9.09e-06 6.565e-06 6.565e-06 4.04e-06 3.535e-06 1.515e-06 3.535e-06 5.05e-07 1.515e-06 
0.00183871 0.00545198 0.00902688 0.0123271 0.0154656 0.0183881 0.0207737 0.0230022 0.0248263 0.0260181 0.0269291 0.0272983 0.0270008 0.0265999 0.0252955 0.0237355 0.0216569 0.0196097 0.0172589 0.0150227 0.0126523 0.0106419 0.00889204 0.00730483 0.00586002 0.00471872 0.00371226 0.00285628 0.00222301 0.00170034 0.00126856 0.000936775 0.00072013 0.00048884 0.00036562 0.00028179 0.000199475 0.00014847 9.696e-05 6.6155e-05 5.252e-05 3.8885e-05 2.727e-05 1.414e-05 8.08e-06 7.575e-06 6.06e-06 3.03e-06 1.515e-06 1.515e-06 4.545e-06 
0.001464 0.00424705 0.00717555 0.00967934 0.0122442 0.0143834 0.0163539 0.0182497 0.0195061 0.0209328 0.0214287 0.0220059 0.0219109 0.021564 0.0211358 0.0200929 0.0188214 0.0174008 0.0155717 0.0139011 0.0122089 0.0105075 0.00906627 0.00755985 0.00627614 0.00506364 0.00415363 0.00322746 0.00265024 0.00213716 0.00157459 0.00122766 0.00094132 0.00069993 0.00052217 0.000388345 0.000283305 0.000219675 0.000154025 0.000118675 7.777e-05 5.555e-05 3.939e-05 3.434e-05 1.7675e-05 1.4645e-05 9.595e-06 3.535e-06 4.545e-06 4.04e-06 8.08e-06 
0.0011711 0.00336987 0.00563227 0.00767651 0.00970711 0.011565 0.0132335 0.0144455 0.0157515 0.0166716 0.0174321 0.0178144 0.0178624 0.0178987 0.0174614 0.0168271 0.0161353 0.015146 0.013936 0.012625 0.011314 0.0099884 0.00878246 0.00755581 0.00634735 0.00533078 0.00442279 0.00364004 0.00295324 0.00239168 0.0018685 0.00146046 0.00119332 0.000859005 0.0006565 0.000518635 0.00037673 0.00028886 0.000209575 0.00017776 0.00012423 9.3425e-05 6.464e-05 3.939e-05 3.636e-05 1.717e-05 1.919e-05 1.2625e-05 7.07e-06 6.06e-06 1.313e-05 
0.000939805 0.00283204 0.00450763 0.00630392 0.00781791 0.00917636 0.0105495 0.0118306 0.012723 0.0135219 0.0140996 0.0145849 0.0148106 0.0147566 0.0145652 0.014242 0.013585 0.0130366 0.0122225 0.0111565 0.0102722 0.0091905 0.00829867 0.00721544 0.00625998 0.00531058 0.00457227 0.0038173 0.00315777 0.00260782 0.00209979 0.00166297 0.00133169 0.00105545 0.00084335 0.00064438 0.00054237 0.00036764 0.00027169 0.0002222 0.00015958 0.000132815 9.6455e-05 6.2115e-05 4.646e-05 3.434e-05 2.828e-05 1.919e-05 1.01e-05 1.0605e-05 2.626e-05 
0.000733765 0.00228058 0.00367691 0.004999 0.00638371 0.00766035 0.00857844 0.00957026 0.0103757 0.0111282 0.0116852 0.0120655 0.0122397 0.0123306 0.0120225 0.0120589 0.0115948 0.0110989 0.0104707 0.00994143 0.00900415 0.00837745 0.00757803 0.00678619 0.00593274 0.0050697 0.00452127 0.00384154 0.00329311 0.00268913 0.00221544 0.00184073 0.0015352 0.00122463 0.00092011 0.00081204 0.00061913 0.00049187 0.000351985 0.00030199 0.000210585 0.00017069 0.00011817 9.797e-05 7.2215e-05 5.05e-05 3.5855e-05 2.2725e-05 1.1615e-05 1.111e-05 3.535e-05 
0.000611555 0.00179225 0.0029891 0.00404404 0.00513585 0.00622514 0.00707051 0.00786841 0.00855218 0.00925867 0.00960005 0.00992426 0.0101212 0.0103616 0.0102419 0.0100268 0.00997022 0.00952632 0.00909253 0.00866025 0.00813202 0.00747905 0.00669277 0.00613626 0.00565701 0.00498688 0.00429553 0.00375417 0.00317797 0.00270731 0.00232906 0.00194476 0.00157207 0.00132159 0.00109686 0.000867085 0.000698415 0.0005555 0.000449955 0.00035047 0.00025957 0.000216645 0.000157055 0.00012019 9.3425e-05 7.2215e-05 5.454e-05 4.1915e-05 2.626e-05 1.7675e-05 5.4035e-05 
0.000479245 0.00147814 0.00241794 0.00343653 0.00429402 0.00509495 0.0058277 0.00658268 0.00707859 0.00751289 0.00799466 0.00829968 0.00860066 0.00863197 0.00855571 0.00849663 0.00842239 0.00809717 0.00787649 0.00748764 0.00708212 0.00658621 0.00606404 0.00552369 0.00510555 0.00472024 0.00409505 0.0035749 0.00311737 0.00266842 0.00230583 0.00201495 0.00167307 0.00137259 0.00116908 0.000950915 0.00077265 0.000620645 0.00049692 0.000415615 0.00031007 0.00023836 0.00019897 0.000163115 0.00012524 8.8375e-05 6.161e-05 5.3025e-05 4.3935e-05 2.727e-05 7.7265e-05 
0.000417635 0.00120241 0.00202758 0.00275528 0.003585 0.00429402 0.00480003 0.00549743 0.00593779 0.00630644 0.00672206 0.0069084 0.00716393 0.00730129 0.00719928 0.00724928 0.00703263 0.00690083 0.0067059 0.00650541 0.00616807 0.00591557 0.00542219 0.00504394 0.00456571 0.00421877 0.0037976 0.00341229 0.00302596 0.00259267 0.00229876 0.00192809 0.00168771 0.00142663 0.00117362 0.00099586 0.00085143 0.000671145 0.00057065 0.00044642 0.00037067 0.00029189 0.0002121 0.000165135 0.000150995 0.000105545 8.282e-05 6.0095e-05 5.3025e-05 4.0905e-05 0.00011009 
0.00031916 0.00099081 0.00169327 0.00234926 0.00299869 0.00348349 0.00406727 0.00445511 0.00495203 0.00533735 0.00560904 0.00572317 0.00598324 0.00610394 0.00618676 0.00616959 0.00607414 0.00594739 0.00573579 0.00548935 0.00535401 0.00510101 0.00482023 0.00449955 0.00417989 0.00376377 0.00352894 0.00311989 0.00285931 0.00247349 0.00219322 0.0019387 0.00165792 0.00141804 0.00123776 0.00101202 0.00083426 0.000751945 0.000591355 0.000493385 0.00042521 0.000325725 0.000273205 0.00021008 0.00015857 0.00012726 9.4435e-05 7.4235e-05 5.656e-05 4.848e-05 0.000148975 
0 0 0 0 0 0 0 0 0 0 0 0 0 0 0 0 0 0 0 0 0 0 0 0 0 0 0 0 0 0 0 0 0 0 0 0 0 0 0 0 0 0 0 0 0 0 0 0 0 0 0 
