Half rod, albedo problem, Anisotropic scattering, exponential random flight, mu_t: 1 g: 0.7
Analogmu_t c: 0.99 maxx: 10 dx: 0.19802 numsamples: 1000000 numCollisionOrders: 20 numMoments: 10
total albedo: 0.693942
per-collision order albedos: 
0 0.073676 0.062678 0.052941 0.045574 0.039069 0.033757 0.029343 0.02581 0.022727 0.020282 0.018129 0.016462 0.014628 0.013565 0.012279 0.011066 0.010212 0.009327 0.008554 
Collision density L:
0.693855 0.683785 0.678205 0.666772 0.660611 0.651107 0.646132 0.639643 0.632558 0.627463 0.622029 0.610252 0.606394 0.599819 0.591097 0.585497 0.58122 0.572367 0.567221 0.56404 0.559005 0.549713 0.546587 0.536451 0.533598 0.526826 0.522049 0.514337 0.51052 0.500713 0.500733 0.491214 0.488295 0.4818 0.473291 0.468852 0.463731 0.459146 0.455601 0.449339 0.445516 0.43886 0.432931 0.429482 0.424079 0.422155 0.413479 0.412171 0.405045 0.402086 36.5319 
Collision density R:
0.996941 0.983301 0.96805 0.958975 0.949834 0.941158 0.933947 0.918469 0.910874 0.900248 0.891189 0.880942 0.871221 0.854869 0.854379 0.845496 0.833785 0.823468 0.814262 0.805591 0.801374 0.789977 0.778043 0.774892 0.767974 0.759863 0.75145 0.740214 0.731417 0.72515 0.718807 0.706955 0.702844 0.694299 0.68377 0.680169 0.665428 0.664378 0.65346 0.649117 0.643532 0.632215 0.629038 0.620509 0.616908 0.608141 0.599935 0.592759 0.587113 0.582709 52.5744 
Density Moments:
30.5611 551.389 19896.9 1.07533e+06 7.72089e+07 6.89018e+09 7.32128e+11 8.97998e+13 1.2402e+16 1.88766e+18 
Per-collision Density Moments:
1 1.00202 2.01053 6.05669 24.3559 122.484 738.116 5166.93 40996.7 361241 
0.916253 1.7605 5.21679 20.7525 103.422 618.481 4304.83 34056.3 300289 2.90233e+06 
0.844342 2.3375 9.09074 44.8119 266.364 1848.34 14619.4 129310 1.25863e+06 1.32938e+07 
0.782919 2.77934 13.291 77.9054 537.421 4254.51 37976.1 377430 4.14259e+06 5.00209e+07 
0.729527 3.11974 17.6035 119.245 934.566 8290.84 81994.5 893747 1.06424e+07 1.37472e+08 
0.68311 3.38249 21.874 167.513 1466.41 14386 156057 1.85338e+06 2.39104e+07 3.32936e+08 
0.642525 3.58529 26.0073 221.466 2137.43 22943.5 270551 3.47357e+06 4.82303e+07 7.20575e+08 
0.606804 3.74338 29.9723 280.189 2950.22 34339.1 436508 6.00683e+06 8.88863e+07 1.40715e+09 
0.57503 3.86623 33.7557 342.84 3903.26 48880 665236 9.75385e+06 1.53032e+08 2.55523e+09 
0.546416 3.96026 37.3346 408.525 4994.14 66926.1 971781 1.51641e+07 2.52675e+08 4.47164e+09 
0.520567 4.03221 40.7035 476.497 6219.2 88772.9 1.36998e+06 2.2681e+07 4.00532e+08 7.51029e+09 
0.49736 4.08771 43.8851 546.107 7562.42 114242 1.86082e+06 3.24298e+07 6.0136e+08 1.18143e+10 
0.475862 4.12835 46.8712 616.823 9023.46 143780 2.466e+06 4.51774e+07 8.79309e+08 1.81097e+10 
0.456466 4.15959 49.7058 688.629 10596.5 177340 3.18853e+06 6.10998e+07 1.2408e+09 2.65908e+10 
0.438285 4.18145 52.3729 760.949 12276.4 215199 4.04677e+06 8.09514e+07 1.71228e+09 3.81212e+10 
0.421543 4.19614 54.8901 833.419 14047 257025 5.03876e+06 1.04919e+08 2.30596e+09 5.32396e+10 
0.406147 4.20292 57.2346 905.465 15903 303108 6.18605e+06 1.34015e+08 3.0633e+09 7.35566e+10 
0.391828 4.20472 59.4392 976.978 17831.2 353088 7.48303e+06 1.68251e+08 3.98961e+09 9.9349e+10 
0.378636 4.20256 61.5342 1048.57 19847 407534 8.95391e+06 2.08649e+08 5.12636e+09 1.32264e+11 
0 0 0 0 0 0 0 0 0 0 
Per-collision Densities L:
0 0 0 0 0 0 0 0 0 0 0 0 0 0 0 0 0 0 0 0 0 0 0 0 0 0 0 0 0 0 0 0 0 0 0 0 0 0 0 0 0 0 0 0 0 0 0 0 0 0 0 
0.0682003 0.0558126 0.0448238 0.0374155 0.0300021 0.0252147 0.0205182 0.0168317 0.013125 0.0114383 0.0091001 0.0073427 0.0061913 0.00517625 0.00425715 0.00335825 0.0028078 0.00224725 0.00174225 0.0014847 0.0012423 0.0011211 0.0007575 0.0007272 0.0006565 0.00041915 0.0003636 0.000303 0.00030805 0.00025755 0.0001212 0.0001717 9.595e-05 0.00011615 0.000101 4.04e-05 6.06e-05 6.06e-05 5.05e-05 3.535e-05 3.535e-05 1.515e-05 2.525e-05 3.03e-05 1.01e-05 1.515e-05 1.01e-05 0 5.05e-06 1.01e-05 4.04e-05 
0.0621756 0.0601102 0.0569135 0.0533634 0.0487022 0.0439451 0.038678 0.0345218 0.0306182 0.0280831 0.0239017 0.0209777 0.0185083 0.0159631 0.014039 0.0119281 0.0102414 0.0085547 0.0074336 0.0064034 0.0055247 0.0044844 0.00382285 0.0035148 0.0030906 0.0023937 0.00194425 0.00176245 0.0015251 0.0013534 0.00107565 0.00085345 0.0006464 0.00064135 0.0005353 0.00044945 0.0003535 0.00030805 0.0002626 0.00021715 0.00020705 0.00015655 0.0001111 0.000202 7.07e-05 6.565e-05 9.595e-05 9.09e-05 9.09e-05 5.05e-05 0.0001818 
0.0534846 0.0528584 0.0524897 0.0507879 0.050192 0.0479245 0.0461469 0.0427634 0.040597 0.0377286 0.0355621 0.0316989 0.0293153 0.0259621 0.0238108 0.0212454 0.0194223 0.0174528 0.0156146 0.0138875 0.0121352 0.0105646 0.00930715 0.00842845 0.00747905 0.00660035 0.0056661 0.0048076 0.0044339 0.0037774 0.00314615 0.0030199 0.00223715 0.0022725 0.0017574 0.00157055 0.00140895 0.00109585 0.0010201 0.00080295 0.00070195 0.0005151 0.0005555 0.00046965 0.00034845 0.0004242 0.0002828 0.0002828 0.0001919 0.00014645 0.00095445 
0.0448188 0.0453793 0.0459146 0.0447077 0.0453591 0.0437381 0.0440158 0.0419958 0.0418948 0.0397536 0.0385164 0.0363045 0.0342693 0.0327947 0.0304162 0.0282598 0.0264671 0.0246289 0.0227351 0.0202051 0.0192052 0.0175639 0.0159429 0.0143925 0.0125644 0.0115645 0.0105242 0.00927685 0.00841835 0.0074336 0.0066155 0.00544895 0.0052015 0.00472175 0.0041006 0.0035855 0.00311585 0.00277245 0.00250985 0.00211595 0.0019089 0.0015756 0.00148975 0.00120695 0.0011312 0.00088375 0.00084335 0.0006969 0.0007676 0.00046965 0.00340875 
0.0392638 0.0393294 0.0389254 0.0390668 0.0393294 0.0382689 0.0393042 0.0385467 0.0381124 0.0375367 0.0376427 0.035754 0.0347895 0.0333553 0.0318655 0.0310676 0.0294668 0.0283861 0.0264166 0.0260025 0.0241845 0.0215686 0.0208868 0.0200637 0.0186951 0.0163317 0.0154328 0.0142107 0.0127361 0.0114837 0.0109434 0.0100495 0.0091708 0.00800425 0.0071003 0.0064135 0.00553985 0.005353 0.004545 0.00426725 0.0039895 0.00338855 0.00308555 0.00264115 0.00228765 0.00204525 0.00214625 0.0017069 0.00157055 0.0012524 0.00888295 
0.0342643 0.0340269 0.0341481 0.0341128 0.0339815 0.0347491 0.0342693 0.0337593 0.0334361 0.0337492 0.0329462 0.0329563 0.0323453 0.0316837 0.0314868 0.0309565 0.0307343 0.0290476 0.0280831 0.0280427 0.0265327 0.0251541 0.0238007 0.0231593 0.0213413 0.0197102 0.0187103 0.0177962 0.0172256 0.0154682 0.0150894 0.0134835 0.0127109 0.0115494 0.0103828 0.0101051 0.00922635 0.0083022 0.00755985 0.0068175 0.00616605 0.0056964 0.00510555 0.0048884 0.0040299 0.0035653 0.00355015 0.00320675 0.0026967 0.00251995 0.019286 
0.0290981 0.0296435 0.0295375 0.0298152 0.0296435 0.029694 0.0298253 0.0298809 0.0304414 0.0304364 0.0302798 0.0308707 0.0297799 0.0298607 0.0290981 0.0288961 0.0281689 0.0280679 0.026765 0.0272902 0.026058 0.0261136 0.0249622 0.0239875 0.0233765 0.0216948 0.0206293 0.020296 0.0191799 0.0180083 0.0176801 0.0163166 0.0156247 0.0151147 0.0134027 0.0126705 0.0125139 0.0113524 0.00999395 0.0093425 0.00919605 0.0080699 0.00736795 0.00710535 0.006363 0.005656 0.0053631 0.00496415 0.0039188 0.00404 0.0356581 
0.0259924 0.0259823 0.0260631 0.0264418 0.0266438 0.0265832 0.0265832 0.0271135 0.0276639 0.0269014 0.0270024 0.0265075 0.0262398 0.0270478 0.025851 0.0266388 0.0266489 0.025957 0.0252399 0.0256389 0.0260782 0.024442 0.0245329 0.0233108 0.0227503 0.0224473 0.0217706 0.0207252 0.0202808 0.0195688 0.0189224 0.0174175 0.0172609 0.0163216 0.0155187 0.015347 0.014039 0.0134734 0.0125038 0.0120544 0.0108878 0.0109181 0.00995355 0.00871125 0.0086456 0.00797395 0.00719625 0.00664075 0.00614585 0.0057065 0.0579841 
0.0233108 0.0230684 0.023432 0.0235633 0.0236441 0.0235785 0.0235785 0.0242299 0.0241946 0.0241239 0.02424 0.0239673 0.0240229 0.0249369 0.0239118 0.0237502 0.0243966 0.023629 0.0239673 0.0236088 0.022821 0.0235532 0.0228614 0.022114 0.0221897 0.0215029 0.021306 0.0205283 0.0203616 0.0196243 0.0192658 0.0187002 0.0180538 0.0175791 0.0166297 0.0163469 0.0156651 0.0145289 0.0142814 0.0132512 0.0129634 0.0119433 0.0113878 0.0105596 0.0102162 0.0093829 0.0090294 0.0084537 0.0075851 0.0072518 0.086855 
0.0207858 0.0202152 0.021008 0.0213161 0.0213363 0.0213565 0.0212807 0.0214979 0.0213211 0.0214423 0.0220887 0.0216241 0.0219069 0.0212302 0.0219271 0.0213262 0.0222453 0.0216999 0.0217554 0.0217706 0.021407 0.0209323 0.0216797 0.0210535 0.0204273 0.0203616 0.0198819 0.0195688 0.0196294 0.0186699 0.0191294 0.0182103 0.0182507 0.0177457 0.0173266 0.0164176 0.0159429 0.0156904 0.0146248 0.0143117 0.0138825 0.0128977 0.0122614 0.0119736 0.0115039 0.0107212 0.0107111 0.0098677 0.0091607 0.0088274 0.118847 
0.0185335 0.0191193 0.0190587 0.0186295 0.0189931 0.0190739 0.0192052 0.0188466 0.0194072 0.0200334 0.0198415 0.0199021 0.0202808 0.0199071 0.0204828 0.0204828 0.0197556 0.0194173 0.0204222 0.0195284 0.0197152 0.0192355 0.0193112 0.0187759 0.0195789 0.0190436 0.018988 0.0183366 0.0187103 0.0182962 0.0182507 0.0181194 0.0177255 0.0167761 0.0164327 0.0156146 0.0161651 0.0152611 0.0151854 0.0144077 0.0140037 0.0134179 0.0128725 0.0124483 0.0125594 0.0112817 0.0111454 0.010807 0.0105697 0.00985255 0.151349 
0.0161095 0.0165287 0.0168014 0.0174579 0.0169933 0.0177104 0.0177609 0.0178821 0.0184325 0.0179124 0.0178013 0.0181447 0.0179881 0.0183164 0.0178417 0.0181093 0.018175 0.017771 0.0180588 0.0177508 0.0177508 0.0179831 0.0183063 0.0173569 0.01818 0.0177508 0.0177861 0.0178417 0.0178669 0.0171852 0.0165691 0.0166044 0.0157207 0.0159176 0.0158974 0.0155944 0.015352 0.0149076 0.0149329 0.0140996 0.0140895 0.013534 0.0127917 0.0127563 0.0125998 0.0122715 0.0118978 0.0115494 0.0108676 0.0107565 0.184865 
0.0151349 0.0148824 0.0157863 0.015246 0.0163317 0.0159176 0.0162408 0.0162661 0.0159984 0.0158974 0.0162812 0.0165792 0.01666 0.0166802 0.0163923 0.0163923 0.0167458 0.0169074 0.0164125 0.0167408 0.0163822 0.0169731 0.0162408 0.0163267 0.0162206 0.0161954 0.0171498 0.0158722 0.0153621 0.0157358 0.0158116 0.0152813 0.0151046 0.0144077 0.0145794 0.0150692 0.0149026 0.0146551 0.0140542 0.0138471 0.0138017 0.0129735 0.0130088 0.0129129 0.012418 0.012418 0.0121907 0.0115948 0.0113171 0.0114029 0.213832 
0.0140895 0.0136906 0.0141249 0.0145945 0.0141653 0.0142461 0.0142966 0.014539 0.0143218 0.014337 0.0150945 0.0149026 0.0147561 0.0151096 0.0151298 0.0150945 0.0155288 0.0149632 0.0151854 0.0149985 0.0150844 0.0153621 0.014746 0.0151349 0.0153672 0.0144582 0.0154025 0.015251 0.0148773 0.0147814 0.0144582 0.0142107 0.0146602 0.0142865 0.014241 0.0138522 0.0141501 0.013428 0.0134229 0.0132765 0.0131048 0.0128725 0.0130088 0.0128018 0.0123725 0.0122665 0.0115544 0.0116605 0.0114989 0.0113322 0.239552 
0.0120594 0.0128624 0.0129583 0.0128573 0.0128573 0.0126856 0.0129886 0.0133775 0.0139532 0.013433 0.0138572 0.0135744 0.0134734 0.0137411 0.0140138 0.0140895 0.0139683 0.0137916 0.0139027 0.0141451 0.0139178 0.0138522 0.0139936 0.0136956 0.0139229 0.0142612 0.0143218 0.0139582 0.0139178 0.0140441 0.0137815 0.0135088 0.0138219 0.0134431 0.0132058 0.0132815 0.013024 0.0130391 0.012524 0.0123473 0.012322 0.0124533 0.0123473 0.0121806 0.0121099 0.0116352 0.0116049 0.0114938 0.0111353 0.0101758 0.263893 
0.0111454 0.0114383 0.012019 0.011711 0.0119281 0.0113625 0.0121958 0.0122867 0.0126856 0.0121352 0.012519 0.0126806 0.0125442 0.0130088 0.0127614 0.0126048 0.01313 0.0126149 0.0132209 0.0132815 0.0130341 0.0129987 0.0131704 0.0132967 0.0128573 0.0134532 0.0133522 0.0129129 0.0132411 0.0127311 0.0129583 0.0129179 0.0130038 0.0123776 0.0127513 0.0124079 0.0125796 0.0119837 0.0122968 0.0123826 0.0116807 0.0122968 0.0115544 0.0112817 0.0113625 0.0116251 0.0112918 0.0106505 0.0109181 0.0104687 0.282952 
0.0105596 0.010297 0.0102162 0.011004 0.0108222 0.0111302 0.0115847 0.0110545 0.0111757 0.0117463 0.0114231 0.0118473 0.0114585 0.0116201 0.0117716 0.0116958 0.0121907 0.0120594 0.0123473 0.0122715 0.0122261 0.0123776 0.012221 0.0121604 0.0122412 0.0120342 0.0118069 0.0130745 0.0120039 0.0124079 0.011918 0.0123018 0.0118877 0.0120796 0.0117817 0.0118877 0.0115494 0.0118978 0.0115191 0.0112211 0.0116201 0.0113423 0.0112161 0.0109737 0.0108121 0.0107565 0.0107262 0.0109838 0.0103929 0.0105949 0.299869 
0.00945865 0.0094637 0.0099384 0.0101303 0.0101404 0.010196 0.0106606 0.0105747 0.0102818 0.0109585 0.0103626 0.0107515 0.0105192 0.0112009 0.0109636 0.0110343 0.0116302 0.0112262 0.0116403 0.0110545 0.0111605 0.011408 0.0117665 0.0113726 0.0114433 0.0114484 0.0117463 0.0117059 0.0117312 0.0114029 0.0118978 0.0115342 0.0112211 0.0115544 0.01111 0.0109888 0.0107515 0.0111151 0.0110747 0.0107515 0.010499 0.0111504 0.0105394 0.0102667 0.0101758 0.0104586 0.0100647 0.0101707 0.0096758 0.00988285 0.313095 
0 0 0 0 0 0 0 0 0 0 0 0 0 0 0 0 0 0 0 0 0 0 0 0 0 0 0 0 0 0 0 0 0 0 0 0 0 0 0 0 0 0 0 0 0 0 0 0 0 0 0 
Per-collision Densities L:
0.908652 0.743557 0.608591 0.500228 0.407272 0.337562 0.277078 0.225144 0.187183 0.154924 0.125816 0.103808 0.0847845 0.0683316 0.0561207 0.0471822 0.0377993 0.0312292 0.0256641 0.0213514 0.0178316 0.0143774 0.01161 0.0094435 0.007979 0.00693365 0.00511565 0.00424705 0.00362085 0.0030906 0.00245935 0.00188365 0.00148975 0.00134835 0.0011009 0.0007676 0.00079285 0.0007373 0.0004141 0.0005353 0.00039895 0.0002727 0.00021715 0.0001818 0.00017675 0.00014645 0.0001212 5.05e-05 6.06e-05 5.555e-05 0.0002626 
0.0741391 0.18432 0.251217 0.289315 0.307803 0.307121 0.299147 0.283406 0.262711 0.239421 0.219933 0.19598 0.175275 0.154995 0.137254 0.121912 0.105176 0.0922534 0.077967 0.0693365 0.0592719 0.0506919 0.0436169 0.0377589 0.0320221 0.027871 0.0237552 0.0194476 0.0172912 0.0140845 0.0124432 0.0104737 0.0086254 0.00766085 0.00620645 0.0051914 0.00449955 0.0036259 0.0029694 0.00270175 0.0021917 0.0019493 0.00142915 0.0013938 0.0010605 0.0009191 0.0008585 0.00074235 0.0004646 0.0005252 0.00235835 
0.0050197 0.0263156 0.0552319 0.0878094 0.119402 0.14649 0.166529 0.178901 0.189466 0.192809 0.194794 0.190178 0.184264 0.175927 0.166847 0.156909 0.146839 0.133946 0.122483 0.111277 0.102283 0.091501 0.0817848 0.0735381 0.0664126 0.0583679 0.0519746 0.045955 0.0408545 0.0352591 0.0311282 0.0271842 0.0240481 0.0208565 0.0174932 0.0156449 0.0134179 0.01161 0.0099283 0.00863045 0.00763055 0.0064741 0.00558025 0.00515605 0.0042319 0.0035451 0.0031714 0.00281285 0.00215635 0.00197455 0.0107414 
0.0010706 0.00465105 0.01161 0.0218514 0.0355874 0.050702 0.0662156 0.0816585 0.0942633 0.108565 0.1172 0.126891 0.133956 0.134633 0.13886 0.138426 0.136527 0.132684 0.130674 0.124058 0.119246 0.11158 0.103313 0.0985003 0.090294 0.08484 0.0765277 0.0696244 0.0646653 0.0580851 0.0545855 0.0487426 0.0427432 0.0389557 0.0345875 0.0312242 0.0270074 0.0249369 0.0221039 0.0193971 0.0175639 0.0148571 0.01363 0.0117867 0.0104232 0.008888 0.00789315 0.0068175 0.0061206 0.0053631 0.0340067 
0.000808 0.0023331 0.00472175 0.00777195 0.0117817 0.0174528 0.0249369 0.0326129 0.0402637 0.0500506 0.0592921 0.0688467 0.0761843 0.084032 0.0907384 0.0953945 0.0999547 0.102798 0.103964 0.105424 0.10606 0.103141 0.101131 0.0987124 0.0962631 0.0915515 0.0892739 0.0831382 0.0784568 0.0738411 0.067771 0.063928 0.0606657 0.0556611 0.0510454 0.0466065 0.0426069 0.0391375 0.0354106 0.0330422 0.029588 0.0264974 0.0241188 0.0219574 0.0193718 0.0175235 0.0158116 0.0143774 0.0122412 0.0108525 0.0813353 
0.0005858 0.0019392 0.0031007 0.00502475 0.00707 0.00907485 0.0120695 0.0151147 0.0191799 0.0232805 0.0287648 0.034032 0.0400011 0.0448188 0.0521817 0.0577417 0.0621706 0.0671903 0.0715434 0.0750582 0.0776438 0.0799718 0.0818706 0.0824413 0.0832139 0.0825372 0.0823807 0.0812697 0.0783356 0.0755329 0.0733008 0.0700031 0.0677155 0.063726 0.0602617 0.0564843 0.0539441 0.0503081 0.0463287 0.044132 0.0406071 0.0374256 0.0347844 0.0315474 0.0298152 0.0270579 0.0248359 0.022619 0.0210888 0.0185487 0.157626 
0.0005757 0.0016968 0.00299465 0.0039592 0.0051914 0.00617615 0.00794365 0.00977175 0.0116352 0.0134734 0.0161752 0.0193062 0.0222655 0.0257651 0.029184 0.0331937 0.037062 0.0409656 0.0451369 0.0481619 0.0512979 0.0560045 0.0582164 0.0605596 0.0634836 0.0639785 0.0655339 0.0670388 0.0664479 0.0675539 0.0669933 0.0648319 0.0652763 0.0631351 0.0615747 0.0593375 0.0554743 0.0549895 0.0523231 0.0505101 0.0473438 0.0451622 0.0422685 0.0402839 0.0382437 0.0347491 0.0330422 0.0295274 0.0281942 0.0261893 0.260939 
0.0003636 0.0015655 0.0024442 0.00349965 0.00477225 0.0052116 0.0064135 0.0076154 0.00879205 0.0101556 0.011009 0.0130189 0.0145541 0.0164832 0.018483 0.021008 0.0231139 0.0255934 0.0281386 0.0306939 0.033628 0.0366984 0.0400364 0.042112 0.0439603 0.046763 0.0484447 0.0504596 0.0524746 0.0529796 0.0535755 0.0543936 0.0543633 0.0547976 0.055646 0.0549945 0.0537371 0.0533381 0.0513434 0.0500809 0.0485053 0.0469044 0.0460964 0.0438492 0.0412686 0.0392991 0.0372185 0.0355823 0.033729 0.0326988 0.379341 
0.00031815 0.00128775 0.00203515 0.00291385 0.0038683 0.00490355 0.0051308 0.0064337 0.00742855 0.00809515 0.00928695 0.0103172 0.011312 0.0118524 0.0134936 0.0148167 0.0167206 0.0175134 0.0196041 0.0212504 0.0227553 0.0248662 0.0268913 0.029588 0.0308404 0.0317847 0.0350319 0.0362287 0.0371579 0.0406374 0.0416575 0.0422938 0.0431422 0.0441976 0.045445 0.0458995 0.04595 0.0458338 0.0458086 0.0465358 0.0457783 0.0449097 0.0439249 0.0426574 0.04141 0.0408899 0.0396223 0.0368751 0.0357187 0.034946 0.497773 
0.00039895 0.001212 0.0018988 0.00260075 0.0034542 0.0040703 0.0048177 0.0057772 0.00623675 0.00734775 0.0077265 0.0085345 0.00947885 0.00997375 0.0110898 0.0117665 0.0127159 0.0136855 0.0149884 0.0156702 0.0176498 0.0181447 0.0195839 0.0202051 0.0225382 0.0237552 0.0254874 0.0270327 0.0269115 0.0292749 0.0307091 0.0319312 0.0329866 0.0337391 0.0348602 0.0365014 0.0372084 0.0375973 0.0378346 0.0379811 0.0386275 0.0392133 0.0394102 0.0386022 0.0384103 0.0383901 0.0382083 0.0360065 0.0357995 0.0352086 0.602202 
0.0002828 0.0010302 0.001717 0.00256035 0.0029896 0.0034845 0.00445915 0.00476215 0.00574185 0.00621655 0.0069286 0.0078073 0.00816585 0.00874155 0.0096051 0.00999395 0.0108777 0.011711 0.0121655 0.0129129 0.0138269 0.0148773 0.0161247 0.016564 0.0176346 0.0185335 0.0192708 0.0198667 0.0214979 0.0223715 0.0230381 0.0238764 0.0259419 0.0263661 0.0273104 0.0282649 0.0281891 0.0301132 0.0304667 0.0307545 0.0320271 0.0325372 0.0325372 0.0331432 0.0338855 0.0327038 0.0327745 0.0329917 0.033027 0.0328503 0.682295 
0.0003333 0.0008585 0.00135845 0.00206545 0.00265125 0.00328755 0.00390365 0.00423695 0.0050298 0.00580245 0.006161 0.00680235 0.0073932 0.00758005 0.00883245 0.0087466 0.00926675 0.0102162 0.0103879 0.0109686 0.0119231 0.0121907 0.0129179 0.0138168 0.0142814 0.0148925 0.0160186 0.0163822 0.0167559 0.0179427 0.0185638 0.0193213 0.0200889 0.0209171 0.0220685 0.0225079 0.022518 0.023932 0.0246238 0.0250733 0.0257146 0.0266085 0.0272953 0.0272397 0.0283911 0.0280982 0.0277195 0.0288608 0.0285022 0.0285679 0.736896 
0.00031815 0.00092415 0.00120695 0.00183315 0.00245935 0.00308555 0.0033431 0.0039693 0.00450965 0.00492375 0.0052217 0.005858 0.0071104 0.0070902 0.00776185 0.0080699 0.00801435 0.0092112 0.0090597 0.00981215 0.0102414 0.0110545 0.0113373 0.0117867 0.0121958 0.0134179 0.0136249 0.0139784 0.0147006 0.0143824 0.0156904 0.0158469 0.0165085 0.017574 0.017574 0.0184982 0.0188214 0.0192607 0.0199879 0.0205384 0.0209424 0.021811 0.021811 0.0225432 0.0234522 0.0236896 0.0240835 0.0240582 0.0247652 0.0247097 0.765307 
0.00024745 0.00073225 0.0013231 0.00171195 0.00212605 0.0026361 0.00293405 0.00359055 0.00412585 0.00445915 0.00509545 0.0055146 0.0060499 0.0063125 0.0068882 0.00725685 0.00815575 0.0078073 0.0082113 0.008989 0.0093425 0.00956975 0.0098879 0.0103778 0.0109989 0.0111454 0.0115847 0.0122513 0.0131755 0.0129836 0.0134381 0.0140239 0.014746 0.0148824 0.0151046 0.0158166 0.015756 0.016761 0.0167812 0.0172963 0.0183265 0.0174478 0.0180891 0.0178821 0.0195991 0.0197051 0.0208212 0.0205737 0.0212807 0.0216645 0.778139 
0.0002222 0.0007575 0.0010201 0.0015049 0.0020099 0.0023634 0.002727 0.0033128 0.00404 0.0040905 0.0045753 0.00485305 0.00519645 0.0057065 0.0060095 0.0068074 0.0070801 0.0074841 0.0081406 0.0082618 0.0085547 0.0085951 0.00927685 0.0091001 0.0100243 0.0100748 0.0106252 0.0110595 0.0110545 0.0117867 0.0122917 0.0121453 0.0126907 0.0129634 0.0134684 0.0137663 0.0137411 0.0147662 0.0146652 0.0146198 0.0149379 0.0160035 0.0159479 0.0164327 0.0162964 0.0165539 0.0169781 0.0182406 0.0180487 0.0180841 0.77874 
0.0001818 0.00056055 0.0009898 0.00136855 0.0017574 0.0022119 0.0028179 0.0029997 0.0034542 0.00358045 0.00402485 0.00442885 0.0045955 0.0050702 0.0056055 0.0059287 0.0062923 0.006666 0.0070498 0.0075245 0.0078679 0.0080901 0.00835775 0.00893345 0.0088173 0.0098172 0.0094637 0.0094435 0.0099586 0.0107919 0.0107868 0.0112211 0.0118019 0.0115191 0.0114888 0.0120746 0.0124786 0.0127513 0.012721 0.013332 0.0138522 0.0135189 0.0143067 0.0144329 0.0146551 0.0150137 0.0147662 0.0153571 0.0159126 0.0159883 0.770362 
0.0002323 0.0005353 0.0008484 0.00135845 0.00165135 0.00179275 0.00226745 0.0026765 0.0031108 0.0033734 0.00366125 0.0041309 0.0044036 0.00496415 0.0053126 0.00549945 0.0053429 0.0059186 0.00628725 0.006767 0.0068478 0.00765075 0.0072114 0.0077467 0.00820625 0.0084739 0.00945865 0.00910515 0.00951925 0.00945865 0.00990305 0.00976165 0.0103778 0.0107868 0.0105192 0.0113777 0.0110898 0.0110949 0.0117918 0.0119079 0.0115645 0.0125089 0.0125139 0.0129381 0.0127058 0.013327 0.0136047 0.0132714 0.0138067 0.0138875 0.758429 
0.00018685 0.00052015 0.00089385 0.00110595 0.00167155 0.00177255 0.0020806 0.00235835 0.00276235 0.0029189 0.00329765 0.0039794 0.0038784 0.00434805 0.0049692 0.0049086 0.0050702 0.0055247 0.00559035 0.00605495 0.00622665 0.00640845 0.0070801 0.0072215 0.007373 0.00765075 0.00795375 0.00836785 0.00878195 0.00885265 0.00942835 0.0095546 0.0096354 0.00994345 0.0100091 0.0104687 0.00999395 0.0103929 0.0107969 0.0111252 0.0105899 0.0105596 0.0116302 0.0115039 0.0116857 0.0116302 0.0121958 0.0122715 0.0121503 0.0127462 0.742451 
0.0001616 0.0004444 0.0007373 0.0009797 0.00138875 0.0016564 0.0020604 0.00231795 0.00265125 0.002828 0.00301485 0.00315625 0.00384305 0.00409555 0.0042622 0.0045753 0.0047268 0.005252 0.0052722 0.0052015 0.00601455 0.00606505 0.0062418 0.00690335 0.0069892 0.00714575 0.0069589 0.0071609 0.007777 0.0080295 0.0086355 0.0083022 0.00903445 0.0091001 0.0090799 0.00932735 0.00989295 0.00969095 0.0099182 0.0100647 0.010398 0.0101657 0.0106202 0.0102162 0.0108272 0.0109636 0.0108474 0.0109787 0.0112262 0.0114231 0.728139 
0 0 0 0 0 0 0 0 0 0 0 0 0 0 0 0 0 0 0 0 0 0 0 0 0 0 0 0 0 0 0 0 0 0 0 0 0 0 0 0 0 0 0 0 0 0 0 0 0 0 0 
