Half rod, albedo problem, Anisotropic scattering, exponential random flight, mu_t: 3 g: 0.5
Analogmu_t c: 0.1 maxx: 10 dx: 0.19802 numsamples: 10000000 numCollisionOrders: 20 numMoments: 10
total albedo: 0.0135172
per-collision order albedos: 
0 0.0124841 0.000951 7.63e-05 5.2e-06 4e-07 1e-07 1e-07 0 0 0 0 0 0 0 0 0 0 0 0 
Collision density L:
0.0313994 0.0181048 0.0105378 0.00597466 0.00348804 0.00193466 0.00112211 0.000685285 0.00039996 0.00021109 0.000120695 7.272e-05 3.737e-05 2.9795e-05 1.4645e-05 8.585e-06 4.545e-06 5.05e-06 5.05e-07 1.01e-06 2.02e-06 5.05e-07 5.05e-07 0 0 0 0 0 0 0 0 0 0 0 0 0 0 0 0 0 0 0 0 0 0 0 0 0 0 0 0 
Collision density R:
2.30983 1.33057 0.769919 0.444936 0.255938 0.147724 0.0857288 0.0490426 0.0284936 0.0165731 0.00946875 0.00549693 0.00313302 0.00184174 0.00104131 0.00063125 0.00036057 0.000202505 0.000123725 5.9085e-05 3.939e-05 2.5755e-05 1.1615e-05 6.565e-06 4.04e-06 1.01e-06 2.02e-06 1.01e-06 5.05e-07 0 0 0 0 0 5.05e-07 5.05e-07 0 0 0 0 0 0 0 0 0 0 0 0 0 0 0 
Density Moments:
1.09611 0.395003 0.28477 0.308053 0.444583 0.803073 1.74673 4.47046 13.3132 46.0063 
Per-collision Density Moments:
1 0.333292 0.222202 0.222199 0.29619 0.493119 0.98319 2.27805 5.99425 17.5889 
0.0875027 0.0540759 0.0526725 0.0693747 0.115003 0.22982 0.537568 1.43923 4.32837 14.3772 
0.0078093 0.00675918 0.00853624 0.0138412 0.0272756 0.0633892 0.171174 0.535069 1.93934 8.13448 
0.0007263 0.000785368 0.00120272 0.00230977 0.00533199 0.0146763 0.0488682 0.199955 0.992537 5.70707 
6.53e-05 8.09201e-05 0.000138543 0.000287739 0.000687413 0.00182999 0.00530878 0.0164978 0.054174 0.185909 
5.8e-06 8.10612e-06 1.51799e-05 3.27938e-05 7.66085e-05 0.000188225 0.000479698 0.00125756 0.00337179 0.0092065 
8e-07 1.0616e-06 2.21804e-06 5.51256e-06 1.4742e-05 4.1159e-05 0.00011842 0.00034828 0.00104104 0.00314916 
2e-07 3.0665e-07 6.38756e-07 1.49634e-06 3.62533e-06 8.86068e-06 2.17046e-05 5.31957e-05 0.000130396 0.000319643 
0 0 0 0 0 0 0 0 0 0 
0 0 0 0 0 0 0 0 0 0 
0 0 0 0 0 0 0 0 0 0 
0 0 0 0 0 0 0 0 0 0 
0 0 0 0 0 0 0 0 0 0 
0 0 0 0 0 0 0 0 0 0 
0 0 0 0 0 0 0 0 0 0 
0 0 0 0 0 0 0 0 0 0 
0 0 0 0 0 0 0 0 0 0 
0 0 0 0 0 0 0 0 0 0 
0 0 0 0 0 0 0 0 0 0 
0 0 0 0 0 0 0 0 0 0 
Per-collision Densities L:
0 0 0 0 0 0 0 0 0 0 0 0 0 0 0 0 0 0 0 0 0 0 0 0 0 0 0 0 0 0 0 0 0 0 0 0 0 0 0 0 0 0 0 0 0 0 0 0 0 0 0 
0.0284623 0.0156479 0.00874913 0.00473387 0.00263408 0.00140895 0.00079487 0.000438845 0.00025048 0.000136855 6.767e-05 3.838e-05 1.5655e-05 1.3635e-05 9.595e-06 4.04e-06 2.525e-06 1.01e-06 0 1.01e-06 1.01e-06 0 0 0 0 0 0 0 0 0 0 0 0 0 0 0 0 0 0 0 0 0 0 0 0 0 0 0 0 0 0 
0.00270579 0.0022215 0.00157712 0.00108424 0.000718615 0.000448945 0.0002727 0.00019291 0.00011514 5.959e-05 4.0905e-05 2.525e-05 1.414e-05 1.313e-05 4.04e-06 2.02e-06 1.515e-06 3.03e-06 5.05e-07 0 5.05e-07 5.05e-07 5.05e-07 0 0 0 0 0 0 0 0 0 0 0 0 0 0 0 0 0 0 0 0 0 0 0 0 0 0 0 0 
0.000214625 0.000213615 0.000193415 0.00013534 0.000123725 6.161e-05 4.6965e-05 4.545e-05 3.333e-05 1.2625e-05 9.09e-06 6.565e-06 5.05e-06 2.02e-06 1.01e-06 2.525e-06 5.05e-07 1.01e-06 0 0 5.05e-07 0 0 0 0 0 0 0 0 0 0 0 0 0 0 0 0 0 0 0 0 0 0 0 0 0 0 0 0 0 0 
1.616e-05 1.9695e-05 1.5655e-05 1.9695e-05 1.1615e-05 1.313e-05 7.575e-06 7.07e-06 1.01e-06 1.515e-06 2.02e-06 1.515e-06 2.02e-06 5.05e-07 0 0 0 0 0 0 0 0 0 0 0 0 0 0 0 0 0 0 0 0 0 0 0 0 0 0 0 0 0 0 0 0 0 0 0 0 0 
5.05e-07 1.515e-06 1.515e-06 1.515e-06 0 2.02e-06 0 5.05e-07 0 5.05e-07 5.05e-07 5.05e-07 5.05e-07 5.05e-07 0 0 0 0 0 0 0 0 0 0 0 0 0 0 0 0 0 0 0 0 0 0 0 0 0 0 0 0 0 0 0 0 0 0 0 0 0 
0 5.05e-07 1.01e-06 0 0 0 0 5.05e-07 0 0 5.05e-07 5.05e-07 0 0 0 0 0 0 0 0 0 0 0 0 0 0 0 0 0 0 0 0 0 0 0 0 0 0 0 0 0 0 0 0 0 0 0 0 0 0 0 
0 0 0 0 0 0 0 0 0 0 0 0 0 0 0 0 0 0 0 0 0 0 0 0 0 0 0 0 0 0 0 0 0 0 0 0 0 0 0 0 0 0 0 0 0 0 0 0 0 0 0 
0 0 0 0 0 0 0 0 0 0 0 0 0 0 0 0 0 0 0 0 0 0 0 0 0 0 0 0 0 0 0 0 0 0 0 0 0 0 0 0 0 0 0 0 0 0 0 0 0 0 0 
0 0 0 0 0 0 0 0 0 0 0 0 0 0 0 0 0 0 0 0 0 0 0 0 0 0 0 0 0 0 0 0 0 0 0 0 0 0 0 0 0 0 0 0 0 0 0 0 0 0 0 
0 0 0 0 0 0 0 0 0 0 0 0 0 0 0 0 0 0 0 0 0 0 0 0 0 0 0 0 0 0 0 0 0 0 0 0 0 0 0 0 0 0 0 0 0 0 0 0 0 0 0 
0 0 0 0 0 0 0 0 0 0 0 0 0 0 0 0 0 0 0 0 0 0 0 0 0 0 0 0 0 0 0 0 0 0 0 0 0 0 0 0 0 0 0 0 0 0 0 0 0 0 0 
0 0 0 0 0 0 0 0 0 0 0 0 0 0 0 0 0 0 0 0 0 0 0 0 0 0 0 0 0 0 0 0 0 0 0 0 0 0 0 0 0 0 0 0 0 0 0 0 0 0 0 
0 0 0 0 0 0 0 0 0 0 0 0 0 0 0 0 0 0 0 0 0 0 0 0 0 0 0 0 0 0 0 0 0 0 0 0 0 0 0 0 0 0 0 0 0 0 0 0 0 0 0 
0 0 0 0 0 0 0 0 0 0 0 0 0 0 0 0 0 0 0 0 0 0 0 0 0 0 0 0 0 0 0 0 0 0 0 0 0 0 0 0 0 0 0 0 0 0 0 0 0 0 0 
0 0 0 0 0 0 0 0 0 0 0 0 0 0 0 0 0 0 0 0 0 0 0 0 0 0 0 0 0 0 0 0 0 0 0 0 0 0 0 0 0 0 0 0 0 0 0 0 0 0 0 
0 0 0 0 0 0 0 0 0 0 0 0 0 0 0 0 0 0 0 0 0 0 0 0 0 0 0 0 0 0 0 0 0 0 0 0 0 0 0 0 0 0 0 0 0 0 0 0 0 0 0 
0 0 0 0 0 0 0 0 0 0 0 0 0 0 0 0 0 0 0 0 0 0 0 0 0 0 0 0 0 0 0 0 0 0 0 0 0 0 0 0 0 0 0 0 0 0 0 0 0 0 0 
0 0 0 0 0 0 0 0 0 0 0 0 0 0 0 0 0 0 0 0 0 0 0 0 0 0 0 0 0 0 0 0 0 0 0 0 0 0 0 0 0 0 0 0 0 0 0 0 0 0 0 
0 0 0 0 0 0 0 0 0 0 0 0 0 0 0 0 0 0 0 0 0 0 0 0 0 0 0 0 0 0 0 0 0 0 0 0 0 0 0 0 0 0 0 0 0 0 0 0 0 0 0 
Per-collision Densities L:
2.26333 1.24677 0.689827 0.381305 0.209978 0.115643 0.0642501 0.0351813 0.0195884 0.0109146 0.00594385 0.00323756 0.00179073 0.000985255 0.00054439 0.000341885 0.000167155 9.1405e-05 5.4035e-05 2.6765e-05 1.8685e-05 8.08e-06 3.535e-06 2.02e-06 5.05e-07 0 5.05e-07 0 5.05e-07 0 0 0 0 0 0 0 0 0 0 0 0 0 0 0 0 0 0 0 0 0 0 
0.0456167 0.0806515 0.0753697 0.0585239 0.0412954 0.0282245 0.0184391 0.0116201 0.00730079 0.00448289 0.00278659 0.00171246 0.00097364 0.000613575 0.00036259 0.000198465 0.00012423 7.5245e-05 4.6965e-05 1.818e-05 1.515e-05 1.3635e-05 4.04e-06 2.02e-06 3.535e-06 0 1.01e-06 1.01e-06 0 0 0 0 0 0 0 0 0 0 0 0 0 0 0 0 0 0 0 0 0 0 0 
0.00085143 0.00302394 0.0044743 0.0047874 0.00432785 0.00349561 0.00273155 0.00198869 0.0013837 0.000997375 0.000629735 0.000458035 0.00029492 0.00019796 9.999e-05 7.0195e-05 5.6055e-05 2.424e-05 1.717e-05 1.01e-05 4.545e-06 3.03e-06 3.03e-06 1.515e-06 0 1.01e-06 5.05e-07 0 0 0 0 0 0 0 5.05e-07 0 0 0 0 0 0 0 0 0 0 0 0 0 0 0 0 
2.929e-05 0.000116655 0.000236845 0.000298455 0.000314615 0.00033734 0.00028381 0.000231795 0.00019796 0.00015958 9.292e-05 7.8275e-05 6.262e-05 3.6865e-05 3.333e-05 1.515e-05 1.212e-05 9.09e-06 4.545e-06 3.535e-06 1.01e-06 5.05e-07 1.01e-06 1.01e-06 0 0 0 0 0 0 0 0 0 0 0 5.05e-07 0 0 0 0 0 0 0 0 0 0 0 0 0 0 0 
1.515e-06 6.565e-06 9.595e-06 1.8685e-05 2.0705e-05 2.222e-05 2.3735e-05 2.02e-05 1.9695e-05 1.717e-05 1.3635e-05 1.01e-05 9.09e-06 7.575e-06 1.01e-06 3.535e-06 1.01e-06 2.525e-06 1.01e-06 5.05e-07 0 5.05e-07 0 0 0 0 0 0 0 0 0 0 0 0 0 0 0 0 0 0 0 0 0 0 0 0 0 0 0 0 0 
0 1.515e-06 1.01e-06 2.02e-06 1.515e-06 1.515e-06 5.05e-07 5.05e-07 3.03e-06 1.515e-06 2.02e-06 5.05e-07 1.515e-06 5.05e-07 0 1.515e-06 0 0 0 0 0 0 0 0 0 0 0 0 0 0 0 0 0 0 0 0 0 0 0 0 0 0 0 0 0 0 0 0 0 0 0 
0 0 5.05e-07 0 0 0 0 0 0 0 0 0 0 0 0 5.05e-07 0 0 0 0 0 0 0 0 0 0 0 0 0 0 0 0 0 0 0 0 0 0 0 0 0 0 0 0 0 0 0 0 0 0 0 
0 0 0 5.05e-07 0 0 0 0 0 0 0 0 5.05e-07 0 0 0 0 0 0 0 0 0 0 0 0 0 0 0 0 0 0 0 0 0 0 0 0 0 0 0 0 0 0 0 0 0 0 0 0 0 0 
0 0 0 0 0 0 0 0 0 0 0 0 0 0 0 0 0 0 0 0 0 0 0 0 0 0 0 0 0 0 0 0 0 0 0 0 0 0 0 0 0 0 0 0 0 0 0 0 0 0 0 
0 0 0 0 0 0 0 0 0 0 0 0 0 0 0 0 0 0 0 0 0 0 0 0 0 0 0 0 0 0 0 0 0 0 0 0 0 0 0 0 0 0 0 0 0 0 0 0 0 0 0 
0 0 0 0 0 0 0 0 0 0 0 0 0 0 0 0 0 0 0 0 0 0 0 0 0 0 0 0 0 0 0 0 0 0 0 0 0 0 0 0 0 0 0 0 0 0 0 0 0 0 0 
0 0 0 0 0 0 0 0 0 0 0 0 0 0 0 0 0 0 0 0 0 0 0 0 0 0 0 0 0 0 0 0 0 0 0 0 0 0 0 0 0 0 0 0 0 0 0 0 0 0 0 
0 0 0 0 0 0 0 0 0 0 0 0 0 0 0 0 0 0 0 0 0 0 0 0 0 0 0 0 0 0 0 0 0 0 0 0 0 0 0 0 0 0 0 0 0 0 0 0 0 0 0 
0 0 0 0 0 0 0 0 0 0 0 0 0 0 0 0 0 0 0 0 0 0 0 0 0 0 0 0 0 0 0 0 0 0 0 0 0 0 0 0 0 0 0 0 0 0 0 0 0 0 0 
0 0 0 0 0 0 0 0 0 0 0 0 0 0 0 0 0 0 0 0 0 0 0 0 0 0 0 0 0 0 0 0 0 0 0 0 0 0 0 0 0 0 0 0 0 0 0 0 0 0 0 
0 0 0 0 0 0 0 0 0 0 0 0 0 0 0 0 0 0 0 0 0 0 0 0 0 0 0 0 0 0 0 0 0 0 0 0 0 0 0 0 0 0 0 0 0 0 0 0 0 0 0 
0 0 0 0 0 0 0 0 0 0 0 0 0 0 0 0 0 0 0 0 0 0 0 0 0 0 0 0 0 0 0 0 0 0 0 0 0 0 0 0 0 0 0 0 0 0 0 0 0 0 0 
0 0 0 0 0 0 0 0 0 0 0 0 0 0 0 0 0 0 0 0 0 0 0 0 0 0 0 0 0 0 0 0 0 0 0 0 0 0 0 0 0 0 0 0 0 0 0 0 0 0 0 
0 0 0 0 0 0 0 0 0 0 0 0 0 0 0 0 0 0 0 0 0 0 0 0 0 0 0 0 0 0 0 0 0 0 0 0 0 0 0 0 0 0 0 0 0 0 0 0 0 0 0 
0 0 0 0 0 0 0 0 0 0 0 0 0 0 0 0 0 0 0 0 0 0 0 0 0 0 0 0 0 0 0 0 0 0 0 0 0 0 0 0 0 0 0 0 0 0 0 0 0 0 0 
