Half rod, albedo problem, Anisotropic scattering, exponential random flight, mu_t: 1 g: 0.3
Analogmu_t c: 0.7 maxx: 10 dx: 0.19802 numsamples: 10000000 numCollisionOrders: 20 numMoments: 10
total albedo: 0.237501
per-collision order albedos: 
0 0.122578 0.0556983 0.0271701 0.0140584 0.007642 0.0042594 0.002429 0.0014341 0.0008619 0.0005096 0.0003249 0.000196 0.0001197 7.92e-05 5.09e-05 3.12e-05 1.83e-05 1.46e-05 8.4e-06 
Collision density L:
0.226437 0.205358 0.186882 0.169495 0.153814 0.13965 0.127192 0.115356 0.104445 0.095243 0.0860687 0.0783255 0.0715393 0.064895 0.0586234 0.053483 0.0484734 0.04399 0.0400106 0.0362949 0.0330543 0.0300541 0.0272311 0.0246379 0.0223457 0.0202808 0.0183467 0.0166791 0.0151 0.0137698 0.0126028 0.0114882 0.0102434 0.00935462 0.00856278 0.00770226 0.00702405 0.00631705 0.00576256 0.00517726 0.00473337 0.00440461 0.00394506 0.00351632 0.0032017 0.00299364 0.00262954 0.00239623 0.00217403 0.00195637 0.0198637 
Collision density R:
0.953623 0.867001 0.786343 0.713995 0.646818 0.588564 0.534481 0.485137 0.44034 0.400529 0.363382 0.330047 0.299774 0.27269 0.24751 0.22424 0.203876 0.184987 0.16826 0.152669 0.13864 0.126098 0.114342 0.103916 0.0941497 0.0858919 0.0779528 0.0708757 0.0641123 0.0583144 0.0526074 0.0479881 0.043382 0.0395117 0.0358661 0.0325417 0.0293683 0.0270185 0.0245051 0.0220877 0.0202066 0.018082 0.016411 0.015098 0.0136562 0.0125801 0.0112736 0.0102369 0.00927988 0.00858803 0.0838643 
Density Moments:
2.54175 5.21951 21.4315 131.954 1082.92 11109 136858 1.97071e+06 3.25106e+07 6.04271e+08 
Per-collision Density Moments:
1 0.999817 1.99993 6.00031 23.9892 119.689 713.887 4931.24 38461 331674 
0.577437 1.03252 2.97539 11.6559 57.5309 342.114 2379.63 18970.4 170943 1.72549e+06 
0.348594 0.848275 3.10973 14.8078 86.0933 589.545 4641.95 41310.7 410236 4.50008e+06 
0.216829 0.6475 2.82672 15.6511 103.854 799.75 6997.56 68544.5 743823 8.87589e+06 
0.137773 0.478665 2.39191 14.956 110.771 942.261 9019.3 95730.2 1.11437e+06 1.41089e+07 
0.0887708 0.347765 1.93801 13.4011 108.972 1011.62 10518.5 120858 1.51923e+06 2.07269e+07 
0.0579051 0.250504 1.52641 11.462 100.61 1002.79 11139.7 136107 1.81041e+06 2.59914e+07 
0.0380872 0.179077 1.17949 9.54311 90.0288 962.703 11465.7 150295 2.14923e+06 3.32805e+07 
0.025209 0.127492 0.898363 7.74519 77.5259 875.322 10945.4 149640 2.2149e+06 3.52055e+07 
0.016764 0.0905819 0.67881 6.20374 65.6228 780.72 10260.2 147138 2.28221e+06 3.80279e+07 
0.0112143 0.0641828 0.507744 4.89183 54.5426 685.283 9566.21 147564 2.51958e+06 4.79417e+07 
0.0075035 0.0452851 0.376392 3.80543 44.464 583.852 8466.1 133939 2.29095e+06 4.20472e+07 
0.0050547 0.031942 0.277637 2.93564 35.9134 494.485 7529.15 125202 2.25179e+06 4.34471e+07 
0.0034108 0.0224869 0.203372 2.23195 28.25 400.9 6264.67 106437 1.94743e+06 3.80789e+07 
0.0023158 0.0159693 0.150358 1.71338 22.5169 332.334 5414.64 96167.6 1.84332e+06 3.78066e+07 
0.0015527 0.011126 0.108851 1.28862 17.5701 268.434 4511.19 82233.6 1.60764e+06 3.3391e+07 
0.0010538 0.00781839 0.0788205 0.961739 13.5195 213.086 3699.95 69858.9 1.41892e+06 3.07098e+07 
0.0007265 0.00553994 0.0573629 0.716411 10.2769 164.883 2910.42 55884.8 1.15715e+06 2.56394e+07 
0.000493 0.00387524 0.0412226 0.527728 7.74558 126.882 2280.73 44445.3 929968 2.0717e+07 
0 0 0 0 0 0 0 0 0 0 
Per-collision Densities L:
0 0 0 0 0 0 0 0 0 0 0 0 0 0 0 0 0 0 0 0 0 0 0 0 0 0 0 0 0 0 0 0 0 0 0 0 0 0 0 0 0 0 0 0 0 0 0 0 0 0 0 
0.111265 0.0910308 0.0748789 0.0614893 0.0501824 0.041254 0.0340749 0.0278386 0.0226715 0.0186451 0.015348 0.0125897 0.0105222 0.0084633 0.00699476 0.0057464 0.0046556 0.00384103 0.00318504 0.0026159 0.00213009 0.00166095 0.00143269 0.0011615 0.000957985 0.0007676 0.00066761 0.000545905 0.0004444 0.00036259 0.00027068 0.000226745 0.00018988 0.0001616 0.0001313 0.00011312 9.4435e-05 8.0295e-05 6.6155e-05 5.3025e-05 4.04e-05 2.727e-05 3.131e-05 2.424e-05 1.7675e-05 1.2625e-05 1.2625e-05 1.0605e-05 7.07e-06 8.08e-06 3.2825e-05 
0.0555399 0.0537315 0.0509399 0.0469928 0.0433851 0.0391673 0.0351137 0.0315499 0.0276674 0.0245566 0.0213554 0.0186446 0.0162686 0.0142496 0.0122225 0.0106797 0.00909556 0.00781538 0.00679074 0.00563681 0.00492375 0.00410666 0.00346329 0.00303101 0.00258156 0.00220534 0.00179376 0.00156752 0.00132866 0.00112009 0.00092415 0.00079689 0.00065953 0.000548935 0.00047773 0.000404505 0.000340875 0.00028078 0.000244925 0.000212605 0.000165135 0.0001414 0.00012221 0.000108575 7.2215e-05 7.777e-05 6.3125e-05 5.555e-05 3.737e-05 2.9795e-05 0.000174225 
0.0273887 0.0274069 0.0272291 0.0267312 0.0260348 0.0249192 0.0236305 0.0221836 0.0206969 0.0194036 0.0177942 0.0164787 0.0149778 0.0135027 0.0120973 0.0109327 0.00992073 0.00883346 0.00772953 0.00701698 0.00618524 0.00548834 0.00475306 0.00412888 0.00367489 0.00322594 0.0028174 0.0023937 0.0020397 0.00187103 0.00158823 0.00138421 0.00118221 0.00102515 0.00087769 0.00074942 0.000701445 0.00057873 0.00047571 0.0003939 0.000332795 0.00031209 0.000241895 0.00022725 0.000200485 0.000163115 0.0001313 0.000106555 9.09e-05 8.6355e-05 0.00047672 
0.0142183 0.0144733 0.0145521 0.0145405 0.0145011 0.014294 0.0139829 0.0136012 0.0133062 0.0126563 0.0120771 0.0113701 0.0107762 0.0100914 0.00932634 0.00874862 0.00805324 0.00744168 0.00683922 0.00627008 0.00570903 0.00526261 0.00469347 0.00419453 0.00381376 0.00337441 0.00302495 0.00270377 0.00246743 0.00214777 0.00190789 0.00169529 0.00147915 0.00132007 0.00120241 0.00103424 0.000884255 0.000753965 0.00068478 0.000607515 0.000533785 0.00045652 0.000411575 0.00035249 0.00028583 0.000270175 0.000222705 0.000180285 0.00016261 0.0001414 0.000909505 
0.00771186 0.00787901 0.00801738 0.00812141 0.00809111 0.00818201 0.00817292 0.00794466 0.00787447 0.00770782 0.0074538 0.00729271 0.00703364 0.00676801 0.00651046 0.00610343 0.00580851 0.00546006 0.00515252 0.00481164 0.00447834 0.00422837 0.00392537 0.00354359 0.00318756 0.00297748 0.00267448 0.00251642 0.0023124 0.00204172 0.00183265 0.00175084 0.00156651 0.00137057 0.00122463 0.00111252 0.00098374 0.000859005 0.000803455 0.000684275 0.000609535 0.000591355 0.00051308 0.00042824 0.0003737 0.000349965 0.000298455 0.000262095 0.00024745 0.000195435 0.00146046 
0.00418847 0.00442582 0.00457631 0.00467125 0.00464196 0.00464297 0.0048273 0.00474852 0.00471923 0.00471165 0.00453844 0.00453945 0.00445461 0.00433442 0.00414656 0.00409656 0.00388244 0.0037062 0.00356631 0.00333401 0.00312949 0.00303202 0.00291335 0.00272549 0.0025346 0.00232654 0.0022422 0.00199223 0.00189476 0.00172155 0.00168923 0.00148824 0.00135946 0.0012519 0.00113676 0.00101152 0.000944855 0.00086153 0.00079083 0.000730735 0.000653975 0.000584285 0.00050904 0.000456015 0.00041612 0.00038178 0.000335825 0.00031411 0.00025856 0.00024947 0.00186598 
0.00245279 0.0026053 0.0025851 0.00268256 0.00271034 0.00276892 0.00286891 0.00290931 0.00284517 0.00282093 0.00283356 0.00279568 0.0027568 0.0027568 0.00264519 0.00259671 0.00251642 0.00244723 0.00235835 0.00224422 0.00222857 0.00205434 0.00202859 0.00193617 0.00182154 0.00177154 0.00160237 0.00148066 0.0013837 0.00130694 0.00131199 0.00122564 0.00108272 0.00103424 0.00094435 0.000855975 0.000812545 0.00077871 0.00066054 0.0006161 0.000559035 0.00054338 0.000484295 0.00044137 0.00040501 0.000349965 0.00031411 0.000295425 0.000256035 0.00024644 0.00198465 
0.00142814 0.00146905 0.00161348 0.00165186 0.0016155 0.00168418 0.00172559 0.00174831 0.00173821 0.00174427 0.00174124 0.00175538 0.00175185 0.00171448 0.00169781 0.00160489 0.00161499 0.00157156 0.00151046 0.00156298 0.00148824 0.00141451 0.00133421 0.00132714 0.0012519 0.00119988 0.0011307 0.00108171 0.00103273 0.00097061 0.000947885 0.00086759 0.00080699 0.00076962 0.0007272 0.000674175 0.000586305 0.000578225 0.000538835 0.00049995 0.00045854 0.000452985 0.00039289 0.00036663 0.00034239 0.00030704 0.00027977 0.00025957 0.000239875 0.00023028 0.00209929 
0.0008585 0.00088678 0.00099788 0.00098172 0.00099788 0.00103475 0.00105899 0.00105545 0.0010908 0.00110343 0.00109585 0.00104333 0.00106606 0.00105747 0.00108474 0.00104434 0.00103121 0.00099586 0.00101354 0.000965055 0.000950915 0.000968085 0.000920615 0.0008787 0.000848905 0.000788305 0.00078982 0.00076356 0.0006767 0.000722655 0.000668115 0.00063933 0.00059085 0.00058378 0.000540855 0.000515605 0.00045349 0.000434805 0.00042521 0.000377235 0.000367135 0.00035148 0.00034037 0.000295425 0.00027876 0.000265125 0.000244925 0.00021715 0.000221695 0.000185335 0.0019998 
0.00054237 0.000557015 0.000559035 0.000590345 0.000606 0.00063428 0.000615595 0.00066862 0.000666095 0.0006969 0.000645895 0.00064539 0.000694375 0.00070397 0.000670135 0.00069488 0.00065953 0.000672155 0.000664075 0.000681245 0.00061509 0.00063024 0.000605495 0.00058782 0.00056358 0.00053934 0.000537825 0.00052722 0.00048985 0.00046258 0.000466115 0.000428745 0.000426725 0.00038885 0.000397435 0.00035148 0.000381275 0.00034542 0.000309565 0.000299465 0.000287345 0.000284315 0.000270175 0.00021311 0.0002222 0.00020806 0.00019695 0.00019392 0.000164125 0.000154025 0.00177962 
0.000298455 0.00030603 0.00034138 0.00039693 0.00037774 0.000393395 0.000414605 0.000408545 0.00043026 0.000423695 0.00042622 0.000407535 0.00043834 0.000465105 0.000447935 0.000450965 0.00043531 0.00043026 0.000408545 0.000412585 0.00043329 0.000414605 0.00040299 0.00038784 0.000372185 0.000380265 0.00035047 0.000356025 0.000324715 0.00031512 0.000326735 0.000309565 0.000285325 0.00028381 0.000271185 0.0002626 0.0002626 0.00025351 0.000216645 0.000204525 0.000226745 0.000190385 0.00018786 0.00015857 0.00016665 0.00016766 0.000137865 0.00013938 0.000133825 0.00011413 0.00154732 
0.00019594 0.000210585 0.00023028 0.000232805 0.00024442 0.000242905 0.000240885 0.000262095 0.00027775 0.00027674 0.00027472 0.00027068 0.000280275 0.0002828 0.000273205 0.00026058 0.00028583 0.000276235 0.00027573 0.000258055 0.000275225 0.00026159 0.000243915 0.00024139 0.000260075 0.000241895 0.000235835 0.000242905 0.000225735 0.00023836 0.000210585 0.000227755 0.000209575 0.000189375 0.00020806 0.00019594 0.000178265 0.00015655 0.00015453 0.00014544 0.00014847 0.000150995 0.000135845 0.000140895 0.00012423 0.000118675 0.00011615 0.00010504 9.999e-05 8.8375e-05 0.00126907 
0.000118675 0.00015251 0.000124735 0.00014746 0.000156045 0.000158065 0.000181295 0.00015049 0.00016564 0.00017271 0.000166145 0.00018281 0.000203515 0.00017574 0.00017574 0.000190385 0.000175235 0.000169175 0.000181295 0.000174225 0.000171195 0.00017877 0.00017877 0.00017978 0.000177255 0.0001616 0.00016362 0.00017372 0.00016564 0.000156045 0.000144935 0.000128775 0.000127765 0.00013433 0.000145945 0.000126755 0.000111605 0.000107565 0.00012322 0.000109585 0.000107565 8.787e-05 9.292e-05 8.484e-05 9.494e-05 8.787e-05 8.6355e-05 7.2215e-05 7.4235e-05 6.363e-05 0.00100293 
8.7365e-05 8.383e-05 8.989e-05 0.000101 0.00010302 9.8475e-05 0.000106555 9.595e-05 0.00010504 0.00010908 0.00010201 0.000116655 0.000104535 0.00010504 0.00012423 0.000113625 0.000117665 0.00011817 0.00010908 0.00010302 0.000115645 0.00012726 0.00010807 0.00010807 0.00010403 0.0001111 0.00010403 0.00010504 9.5445e-05 0.00011514 9.7465e-05 9.7465e-05 9.1405e-05 9.999e-05 8.282e-05 8.787e-05 9.1405e-05 8.0295e-05 8.888e-05 8.0295e-05 7.575e-05 7.171e-05 5.7065e-05 6.0095e-05 6.7165e-05 7.8275e-05 6.868e-05 4.9995e-05 5.555e-05 3.939e-05 0.00080396 
5.8075e-05 4.0905e-05 4.848e-05 6.161e-05 5.1005e-05 6.464e-05 6.2115e-05 6.9185e-05 7.7265e-05 7.575e-05 8.1305e-05 6.666e-05 7.373e-05 7.373e-05 7.676e-05 8.0295e-05 7.171e-05 8.0295e-05 7.3225e-05 6.3125e-05 6.4135e-05 7.8275e-05 7.4235e-05 7.4235e-05 7.5245e-05 7.3225e-05 7.272e-05 7.171e-05 6.666e-05 6.3125e-05 6.767e-05 7.07e-05 6.0095e-05 6.6155e-05 6.0095e-05 7.373e-05 6.1105e-05 4.9995e-05 6.06e-05 4.949e-05 4.6965e-05 4.6965e-05 5.05e-05 5.3025e-05 4.444e-05 4.8985e-05 3.939e-05 4.3935e-05 3.333e-05 3.2825e-05 0.000611555 
2.121e-05 3.0805e-05 3.2825e-05 3.535e-05 3.838e-05 3.939e-05 3.838e-05 4.0905e-05 3.939e-05 5.2015e-05 4.2925e-05 4.4945e-05 4.6965e-05 5.454e-05 4.9995e-05 4.848e-05 4.848e-05 4.0905e-05 5.5045e-05 4.141e-05 4.6965e-05 4.1915e-05 6.1105e-05 3.838e-05 3.7875e-05 4.949e-05 5.454e-05 4.5955e-05 4.949e-05 5.2015e-05 4.848e-05 4.7975e-05 3.737e-05 4.4945e-05 4.444e-05 4.04e-05 4.747e-05 4.04e-05 3.333e-05 3.1815e-05 3.939e-05 3.939e-05 2.9795e-05 3.5855e-05 2.8785e-05 3.636e-05 2.222e-05 2.626e-05 2.9795e-05 2.9795e-05 0.00047975 
2.222e-05 2.323e-05 2.323e-05 2.121e-05 3.0805e-05 2.2725e-05 2.5755e-05 2.9795e-05 2.525e-05 3.737e-05 3.4845e-05 2.424e-05 2.9795e-05 3.131e-05 2.525e-05 2.8785e-05 3.434e-05 3.4845e-05 3.2825e-05 3.434e-05 4.2925e-05 3.232e-05 3.1815e-05 3.333e-05 3.131e-05 2.6765e-05 2.4745e-05 4.6965e-05 3.939e-05 2.5755e-05 3.1815e-05 3.131e-05 2.1715e-05 2.5755e-05 2.929e-05 3.03e-05 3.131e-05 2.525e-05 3.535e-05 3.0805e-05 2.828e-05 2.7775e-05 1.717e-05 2.02e-05 1.8685e-05 2.525e-05 2.323e-05 1.5655e-05 2.121e-05 1.9695e-05 0.000362085 
1.7675e-05 1.6665e-05 1.616e-05 1.4645e-05 1.5655e-05 1.717e-05 2.02e-05 2.2725e-05 1.3635e-05 1.616e-05 1.818e-05 1.6665e-05 2.222e-05 1.9695e-05 1.616e-05 1.919e-05 3.03e-05 1.414e-05 2.02e-05 2.7775e-05 2.424e-05 2.525e-05 2.02e-05 2.02e-05 1.7675e-05 2.2725e-05 1.9695e-05 2.3735e-05 2.4745e-05 2.1715e-05 2.626e-05 1.9695e-05 2.222e-05 1.6665e-05 2.222e-05 1.818e-05 2.0705e-05 1.4645e-05 1.414e-05 1.4645e-05 2.0705e-05 1.616e-05 1.717e-05 1.3635e-05 1.1615e-05 1.616e-05 1.0605e-05 1.717e-05 1.0605e-05 1.0605e-05 0.00026664 
0 0 0 0 0 0 0 0 0 0 0 0 0 0 0 0 0 0 0 0 0 0 0 0 0 0 0 0 0 0 0 0 0 0 0 0 0 0 0 0 0 0 0 0 0 0 0 0 0 0 0 
Per-collision Densities L:
0.907523 0.745262 0.610376 0.501077 0.409961 0.336883 0.276446 0.227078 0.186011 0.152459 0.124996 0.102691 0.0843244 0.0691284 0.0566029 0.0464933 0.0381154 0.0313479 0.0257409 0.0211635 0.0173064 0.01424 0.0115817 0.00956167 0.0078674 0.00641603 0.00519292 0.00438845 0.00360469 0.00292193 0.002373 0.00200687 0.00158671 0.00130593 0.00108727 0.00085345 0.000717605 0.00058883 0.000491365 0.000377235 0.000328755 0.000264115 0.000210585 0.000191395 0.00014746 0.00012726 9.999e-05 9.09e-05 6.8175e-05 5.8075e-05 0.000264115 
0.0395163 0.0997491 0.136722 0.156931 0.165609 0.166546 0.161016 0.152772 0.142328 0.130393 0.118232 0.106357 0.0947092 0.0840446 0.074235 0.0647506 0.0567458 0.0494415 0.042668 0.0369433 0.0320736 0.0273968 0.0236295 0.0201338 0.017224 0.0148061 0.0125897 0.0108211 0.00905263 0.00770529 0.0065044 0.00546865 0.00473488 0.00402435 0.00333452 0.00280982 0.00238764 0.00205384 0.0016867 0.0013736 0.00123523 0.00102263 0.000868095 0.000738815 0.000590345 0.00046359 0.000434805 0.00035653 0.000289365 0.00023735 0.00126452 
0.00381023 0.0134173 0.0246677 0.0352712 0.0445344 0.0522049 0.0582674 0.0615095 0.0636724 0.0643946 0.0638951 0.0619009 0.0594658 0.0567065 0.0532255 0.049436 0.0459247 0.0420256 0.03848 0.0347657 0.0314489 0.0284037 0.0254348 0.0227366 0.020148 0.0179553 0.0159726 0.0140511 0.0123473 0.0107525 0.00932685 0.00832341 0.00717504 0.00613373 0.00552571 0.00470357 0.00397486 0.00353197 0.00309515 0.00261085 0.00229573 0.00190436 0.00164832 0.00146753 0.00122715 0.00103172 0.00087062 0.00078679 0.00067367 0.00055853 0.00324715 
0.00133472 0.00423645 0.00730382 0.0106969 0.0140006 0.0173836 0.0203762 0.0228634 0.0251591 0.0273897 0.0286153 0.0293723 0.0297743 0.0297995 0.0296218 0.0291087 0.0279144 0.0269508 0.0258171 0.0243577 0.0229376 0.0216842 0.0199157 0.0186113 0.01692 0.0157813 0.0143763 0.0128841 0.0117579 0.0107903 0.00957329 0.00866681 0.00766136 0.0069488 0.00603829 0.00553076 0.00485356 0.00434704 0.00385315 0.00337542 0.00305374 0.00259318 0.00228866 0.00204222 0.00174579 0.00158873 0.00137613 0.00121301 0.00103222 0.00093223 0.00572569 
0.00066862 0.00198162 0.00338855 0.00465459 0.00594537 0.00727301 0.00866934 0.00987932 0.0108121 0.0122377 0.0129568 0.0138718 0.0144294 0.0149278 0.0152449 0.0152641 0.0154545 0.0151551 0.0151157 0.0146864 0.0144147 0.0138729 0.0132315 0.0125967 0.0119786 0.0113256 0.0106469 0.0101141 0.00917939 0.00860975 0.00793305 0.0073321 0.00671549 0.00621302 0.00565651 0.00510858 0.00467479 0.00422332 0.00383901 0.00343602 0.00306889 0.00282396 0.0024644 0.00226695 0.00198516 0.00184123 0.00160237 0.00140693 0.0012317 0.0011716 0.00816282 
0.00034138 0.00103576 0.00172862 0.00236189 0.00294567 0.00364964 0.00424655 0.00485962 0.00541512 0.00597466 0.00653117 0.00694779 0.007474 0.00780175 0.00798304 0.0081805 0.00827847 0.00843502 0.00839765 0.0084936 0.00837492 0.00817696 0.00803708 0.00779821 0.00761793 0.00743562 0.00700183 0.00678064 0.0065342 0.00611959 0.00583578 0.00544087 0.00520807 0.00478387 0.0044334 0.00415767 0.00376478 0.00361328 0.00328604 0.00303303 0.00276084 0.00252197 0.00229725 0.0021003 0.00192052 0.00176296 0.00157409 0.00137865 0.00125594 0.00120998 0.0094935 
0.00017877 0.000559035 0.00091203 0.00124533 0.0016362 0.00196445 0.00231391 0.00260732 0.00287648 0.00320473 0.00339512 0.0037471 0.00396021 0.00424099 0.00440057 0.00452127 0.00461217 0.00474498 0.00491618 0.00492072 0.00480558 0.0048783 0.0048475 0.00487073 0.00469802 0.00462732 0.00453288 0.00434351 0.00422887 0.00413393 0.00389608 0.00371327 0.00354965 0.00341279 0.00326483 0.00307141 0.00291385 0.00272448 0.00255076 0.00234472 0.0021614 0.00199627 0.00192304 0.00177811 0.00161651 0.00153672 0.00137966 0.00124331 0.00112464 0.00105747 0.00968287 
0.000103525 0.00031209 0.000511565 0.000707505 0.000900415 0.00110797 0.00133118 0.00147915 0.00170034 0.00182053 0.00188315 0.00210939 0.00224776 0.00240481 0.00248965 0.00255025 0.00272296 0.00272145 0.00282598 0.00289264 0.00284669 0.00290123 0.00297496 0.00290325 0.00286184 0.00284467 0.0028482 0.00272296 0.002727 0.00264822 0.0025447 0.00253611 0.00234169 0.00231997 0.00224422 0.00209525 0.00200536 0.00189325 0.00184982 0.00175033 0.00165943 0.00148066 0.00141249 0.00136199 0.00128119 0.00121756 0.00110696 0.00100192 0.000965055 0.00087365 0.00928039 
5.656e-05 0.00019291 0.00029189 0.00040299 0.00049995 0.000635795 0.00073225 0.000822645 0.000968085 0.00107161 0.0011206 0.00118372 0.00132361 0.00144632 0.00148319 0.00152864 0.0015958 0.00159126 0.00166903 0.00170943 0.00169882 0.00170337 0.00182053 0.00176043 0.00179578 0.00176801 0.001767 0.00175185 0.00169529 0.00166398 0.00167408 0.00159732 0.00157914 0.00154227 0.00150339 0.00143774 0.00139027 0.00135643 0.00124937 0.00122513 0.0011812 0.00110848 0.0010499 0.00096051 0.000998385 0.00089991 0.00083325 0.00082012 0.0007474 0.00069791 0.0081002 
2.9795e-05 9.09e-05 0.000164125 0.000255025 0.00030603 0.000339865 0.00042218 0.00048783 0.000521665 0.00063226 0.00069286 0.000720635 0.00077972 0.00087062 0.0008484 0.00090597 0.000968085 0.00097869 0.00101051 0.0010297 0.00102667 0.00108979 0.00107363 0.00106 0.00112363 0.00110545 0.00115342 0.00108121 0.0010605 0.00107313 0.00106404 0.00102919 0.000975155 0.000987275 0.00096657 0.000915565 0.00091405 0.000913545 0.0008989 0.00085547 0.00082719 0.000802445 0.00071508 0.00071407 0.000676195 0.0006363 0.00061105 0.000571155 0.00055853 0.000562065 0.00679377 
2.727e-05 6.1105e-05 0.000119685 0.00014241 0.000175235 0.000223715 0.00025553 0.000292395 0.000333805 0.000370165 0.000402485 0.000450965 0.00049389 0.000503485 0.000527725 0.000562065 0.000592365 0.00062216 0.00055853 0.000646905 0.00062519 0.00064943 0.000651955 0.000719625 0.000702455 0.000666095 0.000683265 0.000709525 0.0006868 0.00065347 0.000649935 0.000666095 0.00068276 0.00061206 0.00063024 0.000624685 0.000618625 0.000614585 0.000586305 0.00057267 0.000521665 0.000508535 0.00049995 0.00049288 0.000477225 0.000455005 0.000448945 0.00042622 0.0004141 0.000366125 0.00545804 
1.212e-05 4.343e-05 6.06e-05 9.6455e-05 0.00011413 0.00013938 0.00014544 0.00018584 0.00019493 0.000218665 0.00023937 0.000258055 0.00028684 0.000310575 0.00030805 0.000354005 0.00033936 0.00035754 0.000396425 0.000384305 0.00037471 0.00040804 0.000410565 0.000418645 0.00044137 0.00042016 0.000439855 0.00044743 0.000446925 0.00046662 0.0004242 0.000420665 0.00039996 0.00044541 0.000407535 0.00041107 0.00038582 0.00040198 0.00036562 0.00037875 0.00039289 0.000347945 0.00032724 0.00030401 0.00031613 0.000338855 0.00030603 0.00028886 0.00029795 0.000270175 0.00424352 
7.575e-06 2.222e-05 3.9895e-05 5.151e-05 7.575e-05 7.4235e-05 0.000103525 0.000105545 0.0001313 0.00012928 0.000148975 0.000160085 0.00018281 0.00017776 0.00019695 0.000213615 0.00023836 0.00021513 0.0002424 0.000262095 0.000258055 0.00025755 0.00026361 0.000264115 0.00029593 0.00025553 0.000267145 0.000279265 0.00029694 0.00027775 0.00029391 0.00027068 0.00027371 0.00027472 0.00027371 0.00028179 0.000261085 0.00025755 0.00026462 0.000242905 0.00024442 0.000233815 0.0002222 0.000213615 0.000215635 0.000221695 0.00019291 0.00020402 0.0001919 0.000175235 0.00322796 
3.03e-06 1.4645e-05 2.02e-05 3.636e-05 4.242e-05 4.8985e-05 4.848e-05 6.1105e-05 8.1305e-05 8.888e-05 0.00010504 9.898e-05 0.00011716 0.00011413 0.00012625 0.000137865 0.000142915 0.000137865 0.00015453 0.000137865 0.00016362 0.00015453 0.00017877 0.000172205 0.000168165 0.000173215 0.000175235 0.000171195 0.00016362 0.00016968 0.000188365 0.000169175 0.000174225 0.0001717 0.00017372 0.000188365 0.00017372 0.000174225 0.00015958 0.000172205 0.00016059 0.000172205 0.000171195 0.000157055 0.000152005 0.00014948 0.000142915 0.000152005 0.00013635 0.00012524 0.00240784 
3.03e-06 6.565e-06 1.111e-05 2.1715e-05 2.929e-05 2.7775e-05 3.939e-05 5.252e-05 4.7975e-05 5.353e-05 5.252e-05 6.0095e-05 7.575e-05 8.2315e-05 8.383e-05 7.6255e-05 8.686e-05 9.797e-05 9.696e-05 9.8475e-05 9.09e-05 0.000100495 9.8475e-05 0.00011312 0.00011312 0.00010403 0.000107565 0.000116655 0.000115645 0.00011312 0.00011716 0.00011817 0.000113625 0.00011716 0.000118675 0.00011615 0.0001111 0.000122715 0.00010908 0.000120695 0.000102515 0.000108575 0.000118675 0.000106555 0.000109585 9.999e-05 9.4435e-05 0.00010504 9.696e-05 9.696e-05 0.00180033 
3.03e-06 4.04e-06 9.09e-06 1.3635e-05 1.414e-05 2.4745e-05 3.0805e-05 3.3835e-05 2.828e-05 3.737e-05 4.343e-05 4.343e-05 4.646e-05 4.4945e-05 4.646e-05 4.6965e-05 4.7975e-05 6.06e-05 5.9085e-05 5.959e-05 5.9085e-05 6.06e-05 6.9185e-05 6.8175e-05 6.5145e-05 7.2215e-05 6.161e-05 7.373e-05 7.272e-05 7.1205e-05 7.0195e-05 7.3225e-05 6.969e-05 7.4235e-05 7.2215e-05 8.3325e-05 6.565e-05 7.0195e-05 7.171e-05 7.373e-05 7.2215e-05 6.464e-05 6.464e-05 7.777e-05 7.272e-05 7.373e-05 5.6055e-05 6.7165e-05 6.868e-05 6.7165e-05 0.00132563 
1.515e-06 2.525e-06 4.04e-06 1.01e-05 1.111e-05 1.2625e-05 1.616e-05 1.6665e-05 2.2725e-05 1.7675e-05 3.3835e-05 2.828e-05 3.2825e-05 3.333e-05 3.1815e-05 3.939e-05 3.636e-05 4.04e-05 3.838e-05 4.4945e-05 4.343e-05 3.2825e-05 4.1915e-05 4.444e-05 4.949e-05 4.7975e-05 5.2015e-05 4.4945e-05 4.9995e-05 5.252e-05 4.0905e-05 4.5955e-05 4.5955e-05 4.8985e-05 4.2925e-05 4.9995e-05 5.252e-05 4.545e-05 4.848e-05 4.4945e-05 4.646e-05 4.444e-05 4.8985e-05 3.8885e-05 4.2925e-05 4.5955e-05 4.646e-05 4.545e-05 4.1915e-05 4.2925e-05 0.000942835 
1.01e-06 2.525e-06 5.05e-06 7.575e-06 5.05e-06 9.09e-06 8.585e-06 1.1615e-05 9.595e-06 1.7675e-05 1.2625e-05 1.919e-05 1.8685e-05 1.4645e-05 2.121e-05 2.1715e-05 2.02e-05 2.02e-05 2.929e-05 3.1815e-05 3.333e-05 3.232e-05 2.6765e-05 2.626e-05 2.6765e-05 3.131e-05 2.9795e-05 2.9795e-05 3.434e-05 2.7775e-05 3.737e-05 3.131e-05 2.626e-05 3.5855e-05 3.03e-05 3.333e-05 3.2825e-05 2.7775e-05 3.4845e-05 2.929e-05 2.4745e-05 2.828e-05 2.3735e-05 2.929e-05 2.6765e-05 3.232e-05 3.131e-05 3.1815e-05 2.828e-05 3.2825e-05 0.00069488 
1.01e-06 1.515e-06 1.515e-06 4.04e-06 5.555e-06 3.535e-06 4.04e-06 6.06e-06 1.01e-05 5.05e-06 1.1615e-05 1.0605e-05 8.585e-06 1.313e-05 8.585e-06 2.1715e-05 1.0605e-05 1.5655e-05 1.4645e-05 1.313e-05 2.121e-05 1.717e-05 2.02e-05 2.02e-05 1.919e-05 1.616e-05 2.5755e-05 1.9695e-05 2.02e-05 2.3735e-05 2.222e-05 3.131e-05 2.02e-05 1.616e-05 1.5655e-05 2.5755e-05 2.121e-05 2.02e-05 2.121e-05 2.2725e-05 2.323e-05 2.222e-05 2.0705e-05 1.9695e-05 1.8685e-05 1.818e-05 2.222e-05 1.4645e-05 1.8685e-05 1.818e-05 0.000506515 
0 0 0 0 0 0 0 0 0 0 0 0 0 0 0 0 0 0 0 0 0 0 0 0 0 0 0 0 0 0 0 0 0 0 0 0 0 0 0 0 0 0 0 0 0 0 0 0 0 0 0 
