Half rod, albedo problem, Anisotropic scattering, exponential random flight, mu_t: 1 g: 0.9
Analogmu_t c: 0.95 maxx: 10 dx: 0.19802 numsamples: 1000000 numCollisionOrders: 20 numMoments: 10
total albedo: 0.259878
per-collision order albedos: 
0 0.023709 0.021387 0.019218 0.017693 0.015751 0.01433 0.013076 0.011719 0.010726 0.009574 0.008771 0.007889 0.007221 0.006603 0.006038 0.00552 0.00489 0.004545 0.0041 
Collision density L:
0.258681 0.253076 0.250839 0.244844 0.242163 0.23486 0.232199 0.227225 0.224675 0.222357 0.218392 0.214312 0.21156 0.207222 0.203773 0.19997 0.199399 0.192849 0.191541 0.189072 0.183653 0.181785 0.178396 0.174573 0.174008 0.170705 0.166706 0.165367 0.16009 0.158605 0.156378 0.152909 0.150884 0.14898 0.14341 0.144385 0.142223 0.138552 0.135603 0.133835 0.131275 0.129063 0.12625 0.124932 0.122796 0.121064 0.119993 0.115771 0.114827 0.112171 6.63479 
Collision density R:
0.989775 0.975256 0.956101 0.941169 0.929604 0.908606 0.89792 0.881821 0.869756 0.853521 0.837563 0.823084 0.808192 0.796026 0.779755 0.772448 0.758207 0.743249 0.732402 0.718782 0.710283 0.696733 0.682735 0.673599 0.662787 0.65095 0.640199 0.629462 0.620812 0.607015 0.597173 0.588168 0.577417 0.569489 0.55956 0.550879 0.5398 0.533088 0.522554 0.515489 0.508409 0.495511 0.488577 0.47775 0.4742 0.461196 0.454606 0.448339 0.440219 0.434214 25.5004 
Density Moments:
14.7956 173.563 4069.2 142839 6.65238e+06 3.83446e+08 2.60908e+10 2.02325e+12 1.7403e+14 1.62595e+16 
Per-collision Density Moments:
1 1.00095 2.00222 6.00835 24.076 120.883 729.987 5147.58 41412.1 372755 
0.926389 1.83029 5.47142 21.8705 109.538 660.181 4656.19 37613.2 341603 3.42749e+06 
0.858302 2.51007 9.95674 49.6109 297.513 2088.82 16848.8 154033 1.57901e+06 1.79766e+07 
0.79593 3.06322 15.1159 90.1214 628.946 5029.13 45350.2 455416 5.03876e+06 6.08298e+07 
0.738345 3.50778 20.6661 143.252 1138.54 10192.4 101369 1.10731e+06 1.31535e+07 1.68392e+08 
0.685778 3.86016 26.4008 208.591 1862.05 18506.5 202523 2.41846e+06 3.12749e+07 4.3501e+08 
0.637326 4.13315 32.1466 285.013 2823.14 30847.4 368312 4.76887e+06 6.65285e+07 9.94235e+08 
0.592573 4.3381 37.7673 371.056 4036.58 48069.8 621475 8.66649e+06 1.2966e+08 2.07169e+09 
0.551482 4.48698 43.1901 465.514 5515.2 71068.5 988632 1.47609e+07 2.35432e+08 3.99551e+09 
0.513222 4.58479 48.2986 566.433 7260.49 100695 1.50048e+06 2.3893e+07 4.04725e+08 7.26428e+09 
0.4778 4.63699 53.0047 671.324 9246.87 137179 2.17755e+06 3.67986e+07 6.59189e+08 1.24684e+10 
0.445138 4.65512 57.3094 778.801 11462.4 180987 3.04678e+06 5.44237e+07 1.02741e+09 2.04242e+10 
0.415045 4.64821 61.3198 890.442 13957.2 233921 4.16688e+06 7.8539e+07 1.56061e+09 3.2586e+10 
0.387263 4.61733 64.9178 1002.58 16668.6 295531 5.55547e+06 1.10271e+08 2.30359e+09 5.05073e+10 
0.361235 4.56274 68.0627 1113.48 19565.4 365732 7.23138e+06 1.50627e+08 3.29485e+09 7.5483e+10 
0.337089 4.49105 70.7823 1221.85 22607.1 443995 9.20302e+06 2.00531e+08 4.57923e+09 1.09307e+11 
0.314684 4.40524 73.1039 1327.62 25801.9 531319 1.15265e+07 2.62411e+08 6.25072e+09 1.55416e+11 
0.293994 4.30626 74.9682 1427.62 29054.5 625545 1.41663e+07 3.36171e+08 8.33579e+09 2.155e+11 
0.274633 4.20254 76.5835 1525.81 32449.4 729040 1.72043e+07 4.24853e+08 1.09487e+10 2.93804e+11 
0 0 0 0 0 0 0 0 0 0 
Per-collision Densities L:
0 0 0 0 0 0 0 0 0 0 0 0 0 0 0 0 0 0 0 0 0 0 0 0 0 0 0 0 0 0 0 0 0 0 0 0 0 0 0 0 0 0 0 0 0 0 0 0 0 0 0 
0.0214474 0.0173215 0.0145541 0.0117413 0.00994345 0.00812545 0.0068074 0.0050904 0.00426725 0.0035653 0.0029593 0.0023836 0.0020705 0.00184325 0.0014039 0.0012322 0.00098475 0.00084335 0.0006767 0.0005353 0.00038885 0.00023735 0.00025755 0.0002222 0.0002323 0.0001313 9.595e-05 9.09e-05 9.595e-05 9.09e-05 5.05e-05 2.525e-05 4.04e-05 3.03e-05 1.01e-05 5.05e-06 3.535e-05 1.01e-05 2.02e-05 1.515e-05 1.01e-05 1.01e-05 1.01e-05 0 0 0 0 0 5.05e-06 0 5.05e-06 
0.0209525 0.0203667 0.0202101 0.0182204 0.0168721 0.0149632 0.0133017 0.0115645 0.0110696 0.00986265 0.0082315 0.0073932 0.0066458 0.0054843 0.00477225 0.00384305 0.0037875 0.0027674 0.00244925 0.0020604 0.00189375 0.0014443 0.0013433 0.0010504 0.00090395 0.0008282 0.00070195 0.0005959 0.0004242 0.00046965 0.0003838 0.0002323 0.00030805 0.0001616 0.0002222 8.08e-05 0.0001414 0.0001212 0.000101 5.05e-05 2.525e-05 5.05e-05 3.03e-05 4.04e-05 3.03e-05 2.525e-05 5.05e-06 3.03e-05 1.515e-05 1.01e-05 7.575e-05 
0.0201596 0.0195334 0.0199021 0.018584 0.0179174 0.016862 0.0168317 0.0154278 0.0152813 0.0132613 0.0124786 0.0119635 0.0105242 0.0097566 0.00881225 0.00782245 0.00688315 0.00603475 0.0054136 0.0052318 0.00429755 0.00429755 0.00331785 0.0028684 0.0026664 0.00219675 0.00201495 0.0016766 0.00158065 0.00131805 0.00121705 0.00100495 0.00083325 0.00074235 0.00056055 0.0005858 0.00061105 0.0003333 0.0002929 0.00024745 0.00021715 0.00018685 0.0001919 0.0001515 0.00014645 9.09e-05 8.08e-05 6.565e-05 0.00010605 6.06e-05 0.00040905 
0.0177558 0.0174074 0.0174579 0.0176397 0.0170337 0.0172407 0.016564 0.0162156 0.0157863 0.0151955 0.0147561 0.0138118 0.0136451 0.0123927 0.011817 0.0112161 0.0099182 0.00969095 0.00885265 0.00847895 0.0074538 0.00653975 0.00601455 0.00561055 0.00504495 0.00439855 0.00411575 0.00368145 0.0031916 0.00295425 0.0027371 0.00233815 0.00208565 0.0019392 0.0014847 0.0014443 0.00119685 0.00100495 0.00088375 0.0008181 0.00079285 0.00061105 0.00054035 0.0004747 0.00046965 0.0003535 0.0003232 0.00023735 0.00024745 0.00016665 0.00154025 
0.0158116 0.0160843 0.0157914 0.0160792 0.0154884 0.0156045 0.0150288 0.0157257 0.0152763 0.0151601 0.0147814 0.0143117 0.0143824 0.0140037 0.0132512 0.0129937 0.0120645 0.0118069 0.011009 0.010807 0.00984245 0.0092516 0.00845875 0.007777 0.0076255 0.0068983 0.00628725 0.00547925 0.00532775 0.00486315 0.00470155 0.0039794 0.0037269 0.00320675 0.00282295 0.0028987 0.0023634 0.0021513 0.0018281 0.0016867 0.0015453 0.0012625 0.0012019 0.001111 0.00104535 0.00086355 0.0007474 0.0007373 0.00059085 0.00055045 0.0037168 
0.0145996 0.0140239 0.0140138 0.0141552 0.0144077 0.0143117 0.0145087 0.0141703 0.014135 0.0141249 0.0144834 0.0139784 0.0139784 0.0133825 0.0133371 0.0127159 0.0133118 0.01212 0.0118675 0.0117867 0.0109131 0.0103273 0.0102465 0.00998385 0.0089587 0.0089082 0.0079588 0.0078881 0.0071306 0.006565 0.0064438 0.0057974 0.00523685 0.0050601 0.00438845 0.00441875 0.0037067 0.0036259 0.00327745 0.0027573 0.00273205 0.0023735 0.00231795 0.0020705 0.0018786 0.00163115 0.0015857 0.00136855 0.0012322 0.00106555 0.00829715 
0.0127765 0.0128169 0.0127917 0.0130038 0.0130997 0.0126351 0.0131098 0.0127765 0.0133118 0.0132967 0.0125897 0.0129886 0.0128674 0.0125038 0.0127563 0.012519 0.0125543 0.0120342 0.0119029 0.0116908 0.0112262 0.0114332 0.0110595 0.0107111 0.0104434 0.00981215 0.00927685 0.0089587 0.0084739 0.008383 0.0076053 0.00718615 0.0067771 0.0066054 0.00621655 0.00590345 0.0056762 0.00516615 0.00455005 0.00470155 0.0039996 0.00371175 0.0034239 0.0031007 0.00280275 0.00268155 0.00234825 0.0021311 0.0019998 0.00157055 0.0161247 
0.0115948 0.0117867 0.0120897 0.0117059 0.0119837 0.0115191 0.0117009 0.0119079 0.0116958 0.0119281 0.011105 0.0121352 0.0117665 0.0115645 0.0117968 0.0116807 0.0117968 0.0112363 0.0117413 0.0112413 0.0112161 0.010807 0.0111403 0.0102414 0.0100849 0.0102515 0.0100344 0.00962025 0.0091607 0.00893345 0.00854965 0.00856985 0.0081204 0.00798405 0.00738815 0.00749925 0.0068478 0.0062317 0.00582265 0.0058176 0.00506515 0.00478235 0.0047975 0.00412585 0.0040602 0.00363095 0.00352995 0.00309565 0.00301485 0.00281285 0.0281689 
0.0104131 0.0104232 0.0106757 0.0104434 0.0107868 0.0104434 0.0110545 0.0104384 0.0102263 0.0108626 0.0106353 0.0107969 0.0105242 0.0108777 0.0108373 0.0107313 0.0106757 0.0104636 0.0106 0.0104939 0.010706 0.0106 0.010095 0.0101657 0.0104586 0.0101707 0.00927685 0.0101 0.0092718 0.0097162 0.0089789 0.00878195 0.0088274 0.00850925 0.00795375 0.00753965 0.00770125 0.0069791 0.0068074 0.00681245 0.00627715 0.0060196 0.0057368 0.0053227 0.0050904 0.0048177 0.0045046 0.00426725 0.00402485 0.00361075 0.0437785 
0.00945865 0.0097162 0.0098879 0.0093526 0.0101051 0.00967075 0.00963035 0.00966065 0.00964045 0.00970105 0.00982225 0.00989295 0.0098071 0.0095849 0.00964045 0.0097263 0.0100293 0.0094839 0.0096758 0.00972125 0.00982225 0.0098273 0.0096859 0.0097869 0.0092819 0.0092718 0.0094738 0.00934755 0.0093223 0.0087062 0.00925665 0.0085648 0.0087062 0.00880215 0.00818605 0.00791335 0.0078275 0.0077669 0.00763055 0.0067872 0.00668115 0.00677205 0.0064236 0.0059994 0.00546915 0.0057166 0.0055449 0.00508535 0.00463085 0.0045955 0.0627109 
0.0089486 0.00890315 0.00896375 0.00842845 0.0090294 0.0080901 0.00876175 0.00880215 0.00864055 0.00887285 0.0088173 0.0092718 0.0087668 0.0089789 0.0091102 0.0089991 0.0091304 0.00903445 0.00856985 0.00901425 0.00890315 0.0091405 0.00875165 0.00895365 0.0088577 0.00875165 0.008686 0.00856985 0.00845875 0.00867085 0.00803455 0.00839815 0.00832745 0.00812545 0.00791335 0.00804465 0.00762045 0.00763055 0.007777 0.0070801 0.00717605 0.0070498 0.0067973 0.0064741 0.00617615 0.006161 0.00612565 0.00550955 0.0053227 0.00513585 0.0835927 
0.00818605 0.00788305 0.00809515 0.00781235 0.0081002 0.00800425 0.0080901 0.0081002 0.00822645 0.0081305 0.00814565 0.0079588 0.0080699 0.0083527 0.00787295 0.00791335 0.0083527 0.0080598 0.00824665 0.0083224 0.00809515 0.00796385 0.0079992 0.00806485 0.00838805 0.00759015 0.00782245 0.0079083 0.0077568 0.00774165 0.00796385 0.00769115 0.0078275 0.00786285 0.0069993 0.00761035 0.00782245 0.00762045 0.0073528 0.0071306 0.00689325 0.0068377 0.006969 0.0064842 0.00646905 0.00670135 0.0061307 0.00607515 0.00585295 0.0057368 0.104328 
0.0072114 0.00737805 0.0071407 0.0074134 0.0073831 0.00730735 0.0071306 0.0075043 0.00744875 0.0074639 0.00712555 0.00724675 0.0072114 0.0073932 0.0073528 0.00776185 0.00750935 0.0073427 0.0076457 0.0074538 0.0072922 0.00688315 0.00741845 0.0073124 0.0073629 0.00720635 0.0071912 0.0073932 0.00754975 0.00729725 0.0073629 0.0071508 0.0072922 0.00728715 0.0071003 0.00708515 0.0074437 0.0070902 0.0066963 0.0068074 0.0070498 0.0068579 0.00666095 0.00679225 0.00637815 0.00619635 0.00643875 0.00592365 0.0059186 0.0057267 0.122478 
0.0065145 0.00671145 0.006565 0.00650945 0.00681245 0.006666 0.0066256 0.0072619 0.0064337 0.00677205 0.0067064 0.00658015 0.00687305 0.00688315 0.00703465 0.00635795 0.0067468 0.00652965 0.0068175 0.00657005 0.0065246 0.00686295 0.0065751 0.00673165 0.0067569 0.00690335 0.00676195 0.00654985 0.00653975 0.0068276 0.0065044 0.0066357 0.0068781 0.00651955 0.0064943 0.0066963 0.00659025 0.00641855 0.00652965 0.00659025 0.0065347 0.00655995 0.005959 0.00619635 0.0062418 0.00615595 0.0062317 0.00574185 0.00583275 0.00588325 0.140637 
0.00597415 0.00609535 0.0059994 0.0060701 0.00633775 0.00578225 0.00606 0.0060701 0.00583275 0.00625695 0.00641855 0.0057873 0.00625695 0.0060701 0.00613575 0.0060398 0.00608525 0.00659025 0.0060297 0.0059691 0.0062115 0.00602465 0.00604485 0.0058883 0.00597415 0.0060903 0.0063529 0.0061509 0.00617615 0.0059388 0.0063529 0.0061812 0.0060196 0.0061913 0.00613575 0.00603475 0.00584285 0.0061812 0.0059691 0.00618625 0.00582265 0.00619635 0.00584285 0.00591355 0.00579235 0.00587315 0.00561055 0.0057873 0.0057974 0.0053732 0.154444 
0.00563075 0.0055853 0.0053934 0.00530755 0.0055853 0.0056055 0.00559035 0.00532775 0.0055651 0.0055853 0.00583275 0.00577215 0.00561055 0.00521665 0.00526715 0.0056156 0.00561055 0.0055651 0.005454 0.0057065 0.0055146 0.00554995 0.0055247 0.00536815 0.00600445 0.00586305 0.00577215 0.00585295 0.0058075 0.00594385 0.0053833 0.00521665 0.0054944 0.00574185 0.0055853 0.00556005 0.0056661 0.00551965 0.005555 0.00554995 0.00559035 0.0052419 0.0053934 0.00533785 0.00543885 0.0055247 0.0054136 0.0052217 0.00523685 0.00520655 0.166988 
0.0049591 0.00495405 0.00507525 0.0051308 0.0048682 0.00513585 0.0052924 0.0049288 0.00508535 0.00502475 0.0050399 0.00508535 0.00524695 0.00501465 0.00547925 0.00500455 0.00518635 0.00502475 0.00516615 0.00511565 0.0051106 0.00501465 0.0052722 0.00516615 0.00504495 0.0053126 0.00510555 0.00543885 0.0049793 0.00501465 0.0049793 0.0051611 0.0050904 0.0048884 0.0050399 0.0053227 0.00495405 0.00493385 0.0054338 0.00484295 0.0050702 0.0051813 0.0048581 0.00521665 0.00520655 0.0050096 0.00521665 0.0047975 0.005252 0.00486315 0.175871 
0.0045349 0.0046258 0.004444 0.0045854 0.00478235 0.0046864 0.0047672 0.0044743 0.00433795 0.00475205 0.00477225 0.0045349 0.00471165 0.0046864 0.00482275 0.0043632 0.00486315 0.0045349 0.00482275 0.00460055 0.004444 0.0047773 0.00467125 0.00447935 0.00467125 0.00482275 0.0046258 0.0047874 0.00463085 0.0046864 0.00465105 0.00469145 0.0047066 0.0046662 0.0047672 0.0046763 0.0046763 0.00456015 0.00464095 0.0049288 0.004444 0.0046258 0.00457025 0.004646 0.00457025 0.00447935 0.0047268 0.0045248 0.0045551 0.004545 0.182012 
0 0 0 0 0 0 0 0 0 0 0 0 0 0 0 0 0 0 0 0 0 0 0 0 0 0 0 0 0 0 0 0 0 0 0 0 0 0 0 0 0 0 0 0 0 0 0 0 0 0 0 
Per-collision Densities L:
0.904849 0.744335 0.609606 0.500415 0.411025 0.337421 0.276482 0.22679 0.188168 0.152035 0.126679 0.102389 0.0848148 0.069685 0.0567974 0.0464146 0.0376074 0.0312646 0.0260429 0.0211646 0.0172003 0.0141602 0.0113726 0.00978185 0.00799415 0.00643875 0.00511565 0.00445915 0.0036158 0.0028078 0.0022321 0.00185335 0.0015958 0.0012625 0.00102515 0.0008787 0.00076255 0.0006969 0.00045955 0.0004242 0.0003131 0.0002121 0.00025755 0.00020705 0.00015655 0.00013635 9.09e-05 8.585e-05 8.585e-05 0.000101 0.0002323 
0.078876 0.197354 0.269766 0.310908 0.330129 0.328841 0.321377 0.302798 0.282381 0.258818 0.235199 0.210211 0.188057 0.167963 0.147192 0.129497 0.11206 0.097667 0.0852895 0.072922 0.0629988 0.0545703 0.0463944 0.0398546 0.0338653 0.0294567 0.0252601 0.0214423 0.0184881 0.0152864 0.0129684 0.0107363 0.0092314 0.00803455 0.0068882 0.00569135 0.00472175 0.004141 0.00334815 0.00291385 0.00244925 0.00199475 0.00158065 0.0012827 0.0012221 0.0009191 0.0008888 0.00077265 0.0005757 0.0004949 0.0025654 
0.0046662 0.027169 0.0610394 0.0976771 0.133941 0.162368 0.186476 0.203111 0.214378 0.220165 0.219599 0.217418 0.210504 0.199475 0.189532 0.178639 0.165741 0.15349 0.139728 0.127533 0.115943 0.103914 0.0943239 0.0841936 0.0749976 0.0667206 0.059489 0.0528836 0.0462934 0.0397738 0.0355116 0.0308606 0.0272953 0.0235532 0.0206646 0.0175134 0.0151096 0.0138724 0.0115544 0.0102364 0.0089082 0.0074841 0.0064236 0.00538835 0.004949 0.0040501 0.00330775 0.00298455 0.00264115 0.0020301 0.0122917 
0.0003737 0.00290375 0.00936775 0.0209575 0.0366277 0.0532624 0.0733967 0.0923595 0.109206 0.126558 0.137294 0.14844 0.15554 0.162236 0.162883 0.165711 0.164332 0.159504 0.155232 0.149096 0.142395 0.134542 0.126073 0.116988 0.109211 0.101187 0.0936472 0.0853955 0.0782397 0.0713818 0.0643219 0.0587517 0.0522271 0.0472832 0.0426321 0.0376124 0.0329109 0.0301081 0.0263105 0.0235482 0.0205788 0.0187103 0.0163671 0.0139885 0.0125947 0.011206 0.00956975 0.0083224 0.00738815 0.0064741 0.0411474 
9.09e-05 0.0005555 0.00153015 0.00398445 0.0079992 0.013736 0.0219524 0.0323958 0.043127 0.0541209 0.0656955 0.0769216 0.0875418 0.0976367 0.106469 0.115095 0.122094 0.12473 0.127179 0.130007 0.130952 0.128775 0.127492 0.12424 0.121205 0.115448 0.110711 0.106 0.0996618 0.0936573 0.0881528 0.0823251 0.0759924 0.0713313 0.0656096 0.0606152 0.0548228 0.0498839 0.0459298 0.0413292 0.037668 0.0335775 0.0302495 0.027472 0.0247905 0.0220231 0.0197607 0.0177609 0.0161954 0.0137916 0.104788 
7.07e-05 0.00029795 0.00049995 0.0010504 0.0019695 0.0035047 0.0061004 0.0095849 0.0139481 0.0190436 0.02575 0.0331028 0.0398344 0.0483942 0.0562065 0.0651703 0.0726392 0.0798658 0.0857995 0.0907788 0.0963136 0.10052 0.101889 0.104661 0.106646 0.106 0.105626 0.102803 0.102177 0.0991012 0.0961167 0.0926524 0.088774 0.0845774 0.0805475 0.0767802 0.0720787 0.0680185 0.0632462 0.0592012 0.055449 0.0503788 0.046561 0.0427988 0.0398597 0.0360419 0.0329715 0.030295 0.0274872 0.0252652 0.214721 
7.575e-05 0.0001919 0.0003636 0.00053025 0.0008383 0.00145945 0.00204525 0.00300475 0.00431775 0.006565 0.00901425 0.0123978 0.0159378 0.0206091 0.0256389 0.0310777 0.0362641 0.0422079 0.0492274 0.0540249 0.060191 0.0655642 0.0690335 0.0745279 0.0782397 0.0814868 0.0838351 0.0858096 0.0878953 0.0880114 0.087971 0.0880215 0.0857086 0.0852693 0.0823352 0.0809212 0.0783053 0.0760278 0.073124 0.0697052 0.0664883 0.0632866 0.0599385 0.0559439 0.0527927 0.0492274 0.045753 0.0427432 0.0395668 0.0367842 0.374639 
6.06e-05 0.000202 0.0003535 0.000505 0.00060095 0.00070195 0.0009898 0.00142915 0.0019392 0.0024341 0.00330775 0.0047066 0.0062014 0.0082921 0.0109737 0.013534 0.0164681 0.01969 0.0242703 0.0281992 0.032825 0.0367085 0.0413646 0.0457126 0.0495254 0.0546158 0.0583326 0.0607768 0.064741 0.0667762 0.0692911 0.0714171 0.0733311 0.0734624 0.0739169 0.0743764 0.0737755 0.0721645 0.0713111 0.0701546 0.0694022 0.0666954 0.0644027 0.0634432 0.0605243 0.0561964 0.0558177 0.0532775 0.0496163 0.0470913 0.568504 
3.535e-05 0.000202 0.0002424 0.0003939 0.0005656 0.0006767 0.000707 0.00098475 0.0011817 0.0015049 0.00172205 0.0021715 0.002828 0.0036158 0.00476215 0.00585295 0.00745885 0.00903445 0.0109737 0.0134785 0.0162004 0.0189224 0.0222503 0.0256843 0.028482 0.0314716 0.0345976 0.0391678 0.0414403 0.0453793 0.0480558 0.050091 0.0538734 0.0559843 0.0584285 0.0599688 0.0608525 0.0624029 0.0629735 0.0633523 0.0633371 0.0619282 0.0619787 0.0606606 0.060701 0.0594739 0.0572014 0.0562671 0.0545905 0.0518787 0.773615 
4.04e-05 0.00019695 0.000303 0.0003434 0.0005757 0.00056055 0.00069185 0.00081305 0.0009494 0.0011918 0.0011413 0.00152005 0.00171195 0.00187355 0.0021715 0.00285325 0.00349965 0.00433795 0.0053732 0.00657005 0.0079487 0.00936775 0.0108474 0.0132108 0.0151399 0.0176043 0.0195183 0.0226947 0.024942 0.0278356 0.029891 0.0327543 0.0353551 0.0377993 0.0409303 0.0431068 0.0455157 0.0473993 0.0488436 0.0507576 0.0516262 0.0522978 0.0538027 0.0526867 0.0535098 0.0539542 0.0535755 0.0530553 0.052419 0.051606 0.959753 
7.575e-05 0.0001111 0.00022725 0.00040905 0.0004646 0.0004949 0.00058075 0.00067165 0.00097465 0.00101 0.0012019 0.0013534 0.00143925 0.0014544 0.0016463 0.00181295 0.00211595 0.00253005 0.0030502 0.00338855 0.0040703 0.00489345 0.00578225 0.00689325 0.0079083 0.0089688 0.0103424 0.0121251 0.0142006 0.015554 0.0178366 0.0194981 0.0216847 0.0237704 0.0263812 0.0281891 0.0301081 0.0324362 0.0342845 0.0368953 0.0394102 0.0392385 0.0410313 0.042314 0.0438643 0.0441926 0.0453692 0.0459399 0.0460005 0.0462378 1.10265 
4.04e-05 0.00011615 0.0001919 0.00028785 0.0004242 0.0004141 0.0006565 0.00066155 0.0008686 0.00081305 0.00109585 0.00104535 0.0010706 0.00132815 0.0014544 0.0016665 0.00149985 0.0017776 0.00228765 0.00235835 0.00261085 0.0030199 0.0032724 0.0039289 0.0043329 0.0051308 0.00569135 0.0064337 0.00797395 0.00877185 0.0097869 0.0113726 0.0129331 0.0147511 0.0155843 0.0177104 0.0187355 0.0210181 0.0225685 0.0245885 0.0257803 0.0280427 0.0295526 0.0303505 0.0327139 0.0334563 0.0342946 0.0359661 0.0375064 0.038885 1.19177 
4.04e-05 0.0001313 0.00021715 0.0002626 0.000404 0.0003636 0.000505 0.0005353 0.0006767 0.0006464 0.0008484 0.00100495 0.0011817 0.0011716 0.0011918 0.00137865 0.00139885 0.00164125 0.0015857 0.0018887 0.00212605 0.0022119 0.0024442 0.0023129 0.00279265 0.00313605 0.00377235 0.00385315 0.00435815 0.00517625 0.00610545 0.0067872 0.0070498 0.00835775 0.00941825 0.0107262 0.0120291 0.0129331 0.0137461 0.0155086 0.0166499 0.018382 0.0197758 0.0213615 0.0222099 0.0234724 0.0256439 0.0256035 0.0277397 0.029083 1.22852 
4.545e-05 0.00013635 0.00018685 0.00028785 0.00034845 0.00045955 0.00047975 0.00053025 0.00058075 0.00077265 0.00075245 0.00090395 0.0009898 0.0009898 0.0009898 0.00111605 0.0013433 0.00146955 0.0013433 0.00150995 0.0016968 0.0017473 0.001919 0.00193415 0.00219675 0.00228765 0.0024341 0.00271185 0.0031007 0.00306535 0.0035047 0.0041713 0.00472175 0.0053429 0.00535805 0.0064842 0.00707505 0.00800425 0.008585 0.0093223 0.0102414 0.0117615 0.0127816 0.0139279 0.0152157 0.0158217 0.01717 0.0180891 0.0192052 0.0205131 1.22198 
3.535e-05 0.0001111 0.00021715 0.0002626 0.0002323 0.00033835 0.00037875 0.0004646 0.0005454 0.00063125 0.00063125 0.0009797 0.00092415 0.0008888 0.0009999 0.0009999 0.00110595 0.0012019 0.00126755 0.0015049 0.0015554 0.0015251 0.0015352 0.001818 0.0017473 0.00178265 0.00203515 0.0020402 0.002323 0.00230785 0.0024139 0.0029088 0.0030603 0.00330775 0.0040097 0.0038683 0.00453995 0.00506515 0.00523685 0.006363 0.0065145 0.0071609 0.00788305 0.00867085 0.0097768 0.0101101 0.0111757 0.0123018 0.01313 0.0146753 1.18084 
3.03e-05 0.0001515 0.0001919 0.0002222 0.00028785 0.0003434 0.00043935 0.0004141 0.000505 0.00062115 0.00068175 0.0006363 0.0008989 0.0009494 0.00083325 0.0009898 0.0009393 0.0011312 0.0011514 0.00125745 0.00137865 0.0013029 0.0014443 0.00142915 0.0016766 0.00168165 0.0014645 0.0019493 0.0017473 0.00187355 0.00205535 0.00217655 0.00237855 0.00255025 0.00254015 0.00277245 0.00321685 0.0032926 0.0035754 0.0040299 0.0043026 0.00460055 0.00551965 0.00569135 0.00619635 0.00668115 0.00715585 0.0083022 0.0084436 0.0091405 1.12279 
3.03e-05 0.00013635 0.00015655 0.000202 0.00022725 0.0002727 0.00039895 0.0004141 0.00044945 0.00045955 0.00054035 0.00070195 0.00071205 0.0008181 0.0008484 0.0008787 0.00090395 0.0009191 0.0010807 0.00102515 0.0012322 0.0011615 0.0012524 0.00152005 0.00138875 0.00164125 0.0015554 0.00161095 0.0015352 0.00166145 0.00173215 0.00196445 0.00191395 0.00207555 0.0021109 0.0021614 0.00223715 0.0022624 0.00275225 0.00292395 0.00323705 0.00325725 0.00367135 0.0037269 0.0042218 0.00439855 0.0049086 0.0052722 0.0057772 0.0064438 1.05248 
2.525e-05 8.585e-05 0.00018685 0.0001818 0.00026765 0.00029795 0.00032825 0.0004444 0.0003838 0.0005252 0.0006161 0.00060095 0.00058075 0.00069185 0.0007373 0.00080295 0.00077265 0.0008989 0.00092415 0.0009595 0.0011817 0.0010403 0.00123725 0.00125745 0.0011918 0.00135845 0.00144935 0.00160085 0.0016059 0.0015049 0.0014847 0.00170185 0.00175235 0.0017372 0.00184325 0.0018988 0.0020402 0.0018382 0.0021816 0.0022523 0.00224725 0.002626 0.00277245 0.00292395 0.00295425 0.0033431 0.00333805 0.0035653 0.0038885 0.0042925 0.979781 
1.515e-05 8.08e-05 0.0001212 0.0002222 0.00018685 0.00027775 0.0002525 0.0004343 0.00045955 0.00038885 0.0005151 0.00058075 0.00060095 0.00055045 0.00066155 0.0007373 0.00087365 0.00074235 0.00093425 0.00087365 0.0009393 0.00106555 0.00106555 0.0009797 0.00109585 0.0013635 0.0013332 0.0012625 0.00145945 0.00129785 0.0014039 0.0014039 0.0016665 0.00141905 0.0017372 0.00168165 0.0018079 0.00172205 0.00203515 0.00204525 0.0019594 0.0019594 0.0021513 0.00234825 0.0022624 0.00246945 0.00274215 0.002727 0.0029492 0.00334815 0.909722 
0 0 0 0 0 0 0 0 0 0 0 0 0 0 0 0 0 0 0 0 0 0 0 0 0 0 0 0 0 0 0 0 0 0 0 0 0 0 0 0 0 0 0 0 0 0 0 0 0 0 0 
