Half rod, albedo problem, Anisotropic scattering, exponential random flight, mu_t: 1 g: -0.5
Analogmu_t c: 0.99 maxx: 10 dx: 0.19802 numsamples: 1000000 numCollisionOrders: 20 numMoments: 10
total albedo: 0.848637
per-collision order albedos: 
0 0.370657 0.092104 0.073823 0.043589 0.034214 0.025733 0.020903 0.016893 0.01399 0.012046 0.010424 0.009279 0.008049 0.007193 0.006341 0.005894 0.005441 0.004864 0.004413 
Collision density L:
0.838073 0.817454 0.796981 0.781654 0.763272 0.743835 0.730644 0.710803 0.691709 0.675786 0.659666 0.642052 0.626634 0.613312 0.597844 0.587734 0.571872 0.555848 0.541941 0.529609 0.514731 0.502753 0.488992 0.481457 0.467716 0.45649 0.446021 0.435941 0.424902 0.414706 0.403046 0.396193 0.385956 0.37468 0.366771 0.360211 0.349117 0.341648 0.331785 0.324892 0.31762 0.309075 0.304884 0.297708 0.289385 0.282972 0.275483 0.268579 0.262125 0.256429 10.4395 
Collision density R:
0.990275 0.965499 0.938366 0.913727 0.893411 0.876422 0.854223 0.83481 0.814641 0.795128 0.774882 0.759969 0.737866 0.72416 0.705137 0.687179 0.674397 0.653894 0.639391 0.622867 0.608298 0.591799 0.579831 0.564989 0.552177 0.538835 0.526659 0.513529 0.502621 0.487229 0.479528 0.467044 0.452465 0.445895 0.432467 0.423033 0.413575 0.40144 0.39495 0.380967 0.374634 0.363847 0.356848 0.34942 0.338582 0.333547 0.325518 0.316266 0.30958 0.30202 12.3005 
Density Moments:
15.1154 123.581 2020.33 49439.8 1.60463e+06 6.44442e+07 3.05565e+09 1.65221e+11 9.91999e+12 6.47787e+14 
Per-collision Density Moments:
1 1.00242 2.01265 6.05987 24.2799 120.986 716.301 4867.65 36921.5 305495 
0.619289 0.868465 2.23705 8.21171 38.755 221.792 1479.56 11170.4 93252.6 844944 
0.52089 1.01202 3.13272 13.104 68.7263 432.358 3169.06 26520.4 249624 2.6107e+06 
0.441983 1.0001 3.53059 16.5501 96.1175 664.993 5349.04 49243.1 513015 5.98576e+06 
0.393902 1.03477 4.06966 20.8027 129.825 954.34 8085.78 77992.5 851203 1.04735e+07 
0.355798 1.03725 4.45813 24.6176 164.415 1282.14 11406.9 113913 1.26148e+06 1.53384e+07 
0.326568 1.04679 4.85913 28.7019 203.764 1681 15755 165085 1.91121e+06 2.42254e+07 
0.30239 1.04691 5.19453 32.571 244.118 2115.18 20701 224878 2.67469e+06 3.44484e+07 
0.282399 1.04784 5.51526 36.4624 286.871 2600.99 26589.4 301602 3.74936e+06 5.05808e+07 
0.265561 1.04677 5.81055 40.2924 331.031 3123.64 33160.7 390225 5.03271e+06 7.04676e+07 
0.250832 1.04372 6.07527 43.9985 376.541 3695.98 40820.4 500828 6.76501e+06 9.98915e+07 
0.237896 1.04042 6.32887 47.7365 424.706 4334.37 49893.5 641122 9.13477e+06 1.43502e+08 
0.226222 1.03384 6.54388 51.228 471.977 4974.19 58889.3 773808 1.11923e+07 1.77071e+08 
0.215958 1.02843 6.75549 54.7339 520.594 5650.2 68718.8 925167 1.36676e+07 2.19994e+08 
0.206615 1.02365 6.96711 58.314 571.488 6375.79 79529.2 1.09558e+06 1.65186e+07 2.70589e+08 
0.198143 1.0172 7.15711 61.8092 623.973 7160.51 91745.1 1.29612e+06 1.9999e+07 3.34342e+08 
0.190213 1.01052 7.33181 65.1373 675.093 7936.54 103903 1.4952e+06 2.34263e+07 3.96731e+08 
0.182921 1.00403 7.50529 68.6154 731.111 8826.26 118473 1.74445e+06 2.78956e+07 4.80697e+08 
0.176234 0.996186 7.65324 71.7435 782.196 9644.82 132013 1.97869e+06 3.21318e+07 5.60279e+08 
0 0 0 0 0 0 0 0 0 0 
Per-collision Densities L:
0 0 0 0 0 0 0 0 0 0 0 0 0 0 0 0 0 0 0 0 0 0 0 0 0 0 0 0 0 0 0 0 0 0 0 0 0 0 0 0 0 0 0 0 0 0 0 0 0 0 0 
0.337239 0.275493 0.225139 0.185835 0.152348 0.125124 0.102581 0.0849814 0.0695284 0.0576508 0.046561 0.0381629 0.0315221 0.0257803 0.0211545 0.017675 0.0140946 0.0118625 0.00941825 0.00755985 0.00660035 0.0054742 0.00431775 0.00379255 0.0032825 0.00258055 0.00198465 0.00155035 0.0012524 0.00115645 0.00080295 0.0007272 0.0006161 0.00053025 0.0003838 0.00032825 0.0002525 0.00027775 0.00013635 0.00016665 0.00014645 0.00010605 9.595e-05 4.04e-05 5.05e-05 7.575e-05 4.545e-05 3.535e-05 2.525e-05 2.525e-05 9.595e-05 
0.0911525 0.0885619 0.0839916 0.0777195 0.0710182 0.0653167 0.0590093 0.0514848 0.0457328 0.0406727 0.0351682 0.0305879 0.0270933 0.0225786 0.0204778 0.0176599 0.0151399 0.0133017 0.0109484 0.00938795 0.0078376 0.00692355 0.0056055 0.00505 0.0044137 0.00350975 0.0030199 0.00234825 0.00217655 0.0019392 0.0015554 0.0014241 0.0010504 0.00085345 0.0007777 0.00077265 0.0005454 0.0005151 0.00039895 0.0004444 0.0002525 0.00018685 0.00015655 0.00014645 0.0001515 8.585e-05 0.00011615 7.07e-05 0.000101 5.555e-05 0.0002424 
0.0769166 0.0834816 0.0842138 0.0824918 0.080901 0.0761389 0.0709172 0.0642663 0.0593325 0.0536563 0.0484901 0.0424099 0.0381679 0.0331836 0.0302495 0.0263711 0.0239522 0.0200334 0.0173569 0.0156298 0.0132664 0.0114332 0.00975155 0.00829715 0.0073225 0.0064943 0.0058277 0.0048076 0.0042218 0.0034441 0.00291385 0.00264115 0.00235835 0.0017271 0.0016059 0.0013736 0.0010908 0.0010302 0.0008686 0.0007575 0.00055045 0.0004545 0.000404 0.00036865 0.00028785 0.0002929 0.0002525 0.0001313 0.00017675 0.00015655 0.000707 
0.0453642 0.050192 0.0516413 0.0533836 0.0516514 0.0511414 0.0504495 0.0486871 0.0458439 0.0426119 0.0391678 0.0363499 0.0344814 0.0308151 0.0281538 0.0256136 0.0227503 0.0211141 0.0181144 0.0165388 0.0145188 0.0127462 0.0115898 0.0104283 0.00895365 0.0078881 0.0071609 0.0057267 0.00546915 0.0045955 0.0042319 0.0035249 0.00294415 0.00255025 0.0024442 0.00189375 0.00167155 0.0015453 0.00123725 0.00115645 0.0008585 0.00091405 0.0007878 0.0006161 0.0005555 0.0004343 0.00031815 0.00036865 0.0002525 0.00025755 0.00143925 
0.0366428 0.0400667 0.0433492 0.0452177 0.0451723 0.0451117 0.0455157 0.0446673 0.0425059 0.0413999 0.039491 0.0360772 0.0336583 0.0317494 0.0294213 0.0276942 0.0251137 0.0230078 0.0209171 0.0190133 0.0165287 0.015049 0.0139936 0.0120342 0.0108676 0.0101657 0.00840825 0.0079285 0.00662055 0.0062014 0.00529745 0.00465105 0.00419655 0.00369155 0.0032017 0.0029997 0.0025351 0.0022624 0.0019493 0.00177255 0.00135845 0.0010504 0.00106555 0.0010403 0.00076255 0.00084335 0.0006767 0.00045955 0.00049995 0.0003939 0.00244925 
0.0273357 0.0299667 0.0312191 0.0347491 0.0351329 0.0353349 0.036562 0.0368499 0.0352945 0.0337138 0.0335371 0.0323503 0.0301586 0.0296132 0.0278508 0.0257651 0.0243057 0.0225786 0.0201445 0.0188214 0.017064 0.0158065 0.0147561 0.0130694 0.0122766 0.0112262 0.00968085 0.00864055 0.00811535 0.00733765 0.0061509 0.0060095 0.0051409 0.0046561 0.0040602 0.003535 0.00292395 0.0026563 0.0025452 0.00227755 0.0017675 0.0017271 0.00143925 0.00136855 0.00108575 0.00113625 0.00087365 0.00064135 0.00071205 0.0005151 0.003838 
0.0224018 0.0238815 0.0265681 0.0285224 0.0302041 0.0307091 0.0314666 0.0320726 0.031305 0.0316231 0.0299112 0.0296789 0.0283406 0.0277498 0.0255934 0.0250228 0.023831 0.0217908 0.0208464 0.019291 0.0180134 0.0167105 0.015655 0.0140996 0.0126907 0.0117312 0.0110545 0.0102919 0.0087971 0.0081709 0.00762045 0.00667105 0.0061004 0.00544895 0.0049692 0.00447935 0.00377235 0.0033027 0.0030098 0.0026967 0.00254015 0.0018685 0.0019089 0.00167155 0.0014544 0.0013837 0.00101505 0.00102515 0.0008585 0.00082315 0.00587315 
0.0177609 0.0197455 0.0221241 0.0236441 0.0249672 0.025548 0.0270781 0.026563 0.0267953 0.027169 0.0264115 0.0263358 0.025447 0.0250682 0.0237502 0.0231391 0.0223715 0.020902 0.0202909 0.0191951 0.0179881 0.0165792 0.0152611 0.0144784 0.0129684 0.0126149 0.0112161 0.0108777 0.0094536 0.0091203 0.00823655 0.00728715 0.00645895 0.0056055 0.00569135 0.0051712 0.0044036 0.0036966 0.00369155 0.00342895 0.00299465 0.00254015 0.0022523 0.002121 0.00170185 0.00162105 0.00152005 0.0013938 0.0012423 0.00109585 0.00747905 
0.0151248 0.0169731 0.0183871 0.0195738 0.0213262 0.0219726 0.0231543 0.02373 0.0243713 0.024033 0.0238714 0.0237401 0.0232906 0.0235078 0.0218716 0.0213716 0.021306 0.0201041 0.0194021 0.0179932 0.017468 0.0160338 0.0158772 0.0149733 0.0131957 0.0125846 0.0111555 0.0108474 0.0104434 0.0096253 0.00839815 0.00800425 0.0071003 0.00636805 0.0063529 0.0054136 0.00508535 0.00444905 0.00423695 0.0037168 0.0033936 0.0031714 0.00285325 0.002323 0.00227755 0.00201495 0.001818 0.00165135 0.0014544 0.0013029 0.0101808 
0.0133169 0.0146349 0.0158974 0.017271 0.0180891 0.0197253 0.0202556 0.0204626 0.0206747 0.0211343 0.0206747 0.0210939 0.0213969 0.0210484 0.0208161 0.0199071 0.0193567 0.0188769 0.0177205 0.0177558 0.0164125 0.01616 0.0152611 0.0143572 0.0132916 0.0126907 0.0116655 0.011711 0.0107262 0.0098879 0.00926675 0.0082012 0.00775175 0.00688315 0.00642865 0.0058782 0.00547925 0.00497425 0.0046662 0.00399455 0.00358045 0.00336835 0.003131 0.0027169 0.00259065 0.00237855 0.00214625 0.0019998 0.00182305 0.00143925 0.0126755 
0.0114433 0.0124382 0.0135391 0.0152611 0.0162156 0.0170438 0.0180184 0.018079 0.0185537 0.0191597 0.0193718 0.0191193 0.0193011 0.0195132 0.0185739 0.0186951 0.0183467 0.0174276 0.0175791 0.0164327 0.015953 0.0148167 0.0148925 0.0143572 0.0125543 0.012827 0.0118221 0.0113726 0.0102616 0.00984245 0.00909505 0.00849915 0.00811535 0.0074841 0.0066862 0.006363 0.0054742 0.0054641 0.0049086 0.00461065 0.00417635 0.0038279 0.00367135 0.00318655 0.0031512 0.0027775 0.0023836 0.0021614 0.0020705 0.0018382 0.0155591 
0.0098677 0.0113676 0.0122513 0.0129179 0.0141148 0.0148622 0.015751 0.0160489 0.0170539 0.017266 0.0170993 0.0178164 0.017372 0.017569 0.0175235 0.0177861 0.0169074 0.0161398 0.0160994 0.0154076 0.0152005 0.0146854 0.0134734 0.0130442 0.0132108 0.0128321 0.012322 0.0110242 0.010605 0.00985255 0.0091506 0.00884255 0.00798405 0.0075447 0.00713565 0.00682255 0.0060499 0.0057469 0.0051409 0.00505505 0.0047874 0.004141 0.00370165 0.0034845 0.0032825 0.0030199 0.00267145 0.00248965 0.00214625 0.00207555 0.0185032 
0.00850925 0.00967075 0.0107565 0.0116504 0.0125745 0.0130997 0.0140441 0.0144784 0.0150844 0.0151046 0.0164883 0.0164428 0.0160237 0.0162206 0.0155944 0.0161095 0.0155843 0.0153621 0.0155338 0.0148167 0.0143976 0.0138067 0.0137663 0.0130543 0.0125897 0.0116756 0.0115292 0.0109181 0.0105495 0.0099081 0.0093122 0.009191 0.0090395 0.0078275 0.00725685 0.00685285 0.00629735 0.00571155 0.00553985 0.00505505 0.00472175 0.00426725 0.004141 0.00385315 0.0033532 0.00311585 0.00293405 0.002727 0.00232805 0.00233815 0.0216696 
0.0075043 0.0088779 0.00960005 0.0105848 0.0116554 0.0122513 0.0121554 0.0131856 0.0137057 0.0140845 0.0147107 0.014438 0.0148066 0.0147157 0.0143774 0.0141552 0.014741 0.0143168 0.0140441 0.0142107 0.0133926 0.012822 0.0128422 0.0124584 0.0121099 0.0119938 0.0110848 0.0102919 0.0103475 0.0098273 0.00955965 0.0088173 0.00818605 0.00794365 0.0075346 0.00699425 0.006363 0.00639835 0.00550955 0.00550955 0.00464095 0.00463085 0.0041107 0.00413595 0.00332795 0.0033633 0.00320675 0.0027068 0.00270175 0.00254015 0.0250682 
0.0067165 0.0081002 0.0088173 0.009696 0.0103273 0.0106454 0.0113827 0.0117564 0.0120443 0.0126452 0.0132664 0.0135391 0.0135795 0.0132815 0.013938 0.0137259 0.0137916 0.0133926 0.0133219 0.0131351 0.0126755 0.0123574 0.0121604 0.0123675 0.011812 0.011514 0.0110646 0.0101758 0.0099788 0.0095546 0.008989 0.00876175 0.0085547 0.0079891 0.00706495 0.00705485 0.0065751 0.0059994 0.0057267 0.0057065 0.00530755 0.00456015 0.0046359 0.00404505 0.00424705 0.00352995 0.0031815 0.0031108 0.0029391 0.00257045 0.0284972 
0.0060903 0.006868 0.00769115 0.0089789 0.0092718 0.00981215 0.0105444 0.0105697 0.0113423 0.0118877 0.0117413 0.011711 0.0124533 0.0125392 0.0123675 0.0129785 0.0130997 0.0126452 0.0122109 0.012221 0.0120998 0.0123725 0.0113979 0.0115999 0.0109737 0.0107111 0.0100849 0.009797 0.0098879 0.0087062 0.00894355 0.00861025 0.0083527 0.0081002 0.00768105 0.00729725 0.00701445 0.00639835 0.00604485 0.00546915 0.00506515 0.00501465 0.0046965 0.0043329 0.00425715 0.0037774 0.00377235 0.00362085 0.00306535 0.0026967 0.03181 
0.00588325 0.0059893 0.00695385 0.0074942 0.00826685 0.00835775 0.00905465 0.00996365 0.0106404 0.0105394 0.0109636 0.0114989 0.0112817 0.0115393 0.011413 0.0117413 0.0118928 0.0113625 0.0115292 0.0118675 0.0110595 0.0112969 0.0110747 0.0108323 0.0107767 0.0103323 0.0100394 0.00993335 0.00956975 0.0090799 0.0091203 0.00849915 0.00803455 0.0080093 0.00725685 0.0074639 0.00693365 0.00616605 0.00592365 0.00546915 0.0055449 0.0049793 0.00477225 0.0043834 0.0041309 0.00393395 0.00378245 0.00325725 0.00304515 0.0030098 0.034133 
0.0051712 0.0058176 0.00684275 0.007777 0.00793355 0.0083527 0.0083729 0.00945865 0.00968085 0.009898 0.009898 0.0102717 0.0104283 0.0109333 0.0109535 0.0110999 0.0108424 0.0107565 0.0112413 0.011105 0.0108676 0.0105091 0.0104485 0.0104081 0.0105596 0.0100142 0.0098374 0.00961015 0.0093425 0.0090597 0.00829715 0.0081709 0.00825675 0.0074437 0.0072316 0.0072417 0.00664075 0.00623675 0.00603475 0.0053934 0.005252 0.00531765 0.0048379 0.0048783 0.00439855 0.00400465 0.0038077 0.0036158 0.00333805 0.00326735 0.0385568 
0 0 0 0 0 0 0 0 0 0 0 0 0 0 0 0 0 0 0 0 0 0 0 0 0 0 0 0 0 0 0 0 0 0 0 0 0 0 0 0 0 0 0 0 0 0 0 0 0 0 0 
Per-collision Densities L:
0.909364 0.745557 0.605576 0.497309 0.410959 0.336295 0.277856 0.226159 0.185941 0.152934 0.126624 0.103025 0.0851178 0.0693365 0.057363 0.0464247 0.0375518 0.0317494 0.0260883 0.0208161 0.0174528 0.0140542 0.0117514 0.0100647 0.0079891 0.00645895 0.00548935 0.00450965 0.00357035 0.0032421 0.00249975 0.0018382 0.0015251 0.00135845 0.0011615 0.0008787 0.00068175 0.0006868 0.00045955 0.0004343 0.00030805 0.00023735 0.00029795 0.00014645 0.00014645 0.00013635 0.000101 7.07e-05 5.555e-05 6.565e-05 0.0002828 
0.0215029 0.054232 0.0757652 0.0848855 0.0892032 0.0916828 0.0883851 0.0821231 0.0777751 0.0717504 0.0643067 0.0582619 0.0510858 0.0455308 0.0399859 0.0354763 0.0305424 0.0262853 0.0231139 0.0201697 0.0170791 0.0144127 0.0131906 0.0114029 0.0096354 0.00783255 0.00690335 0.00591355 0.0049692 0.00437835 0.0035148 0.0030805 0.0024341 0.0022826 0.0018079 0.00145945 0.001414 0.00122715 0.00083325 0.0008383 0.0007979 0.0005252 0.0004848 0.00034845 0.00022725 0.0001717 0.00025755 0.00023735 0.00019695 0.00013635 0.0006868 
0.0242249 0.062514 0.0871125 0.103081 0.109252 0.113075 0.112549 0.106747 0.102636 0.0945158 0.0889911 0.0813252 0.0726392 0.067059 0.0582871 0.052919 0.0466418 0.0410313 0.0366024 0.0314666 0.0281841 0.0240481 0.0211494 0.0191799 0.0159429 0.0141602 0.0120645 0.0106656 0.00902435 0.00785275 0.00673165 0.00567115 0.00488335 0.00429755 0.00362085 0.00323705 0.0025856 0.0021917 0.0018382 0.00153015 0.0013938 0.0011615 0.00108575 0.00101 0.0007272 0.00057065 0.00054035 0.0003636 0.00035855 0.000303 0.00172205 
0.00669125 0.0194981 0.0315777 0.0404303 0.0470206 0.0531008 0.0561308 0.0589436 0.0595749 0.0592618 0.0571711 0.0552521 0.0523382 0.0506515 0.0459096 0.0424907 0.0394355 0.0360924 0.0336532 0.029896 0.0266287 0.0240229 0.0218918 0.0191244 0.0173771 0.0154833 0.0136653 0.0123372 0.0106858 0.00922635 0.00825675 0.0074033 0.00618625 0.00568125 0.0047167 0.0041309 0.0036158 0.0031815 0.0026765 0.00236845 0.0021412 0.00167155 0.001515 0.00138875 0.00121705 0.00108575 0.0008888 0.00063125 0.00063125 0.0006363 0.0032522 
0.0054439 0.0157762 0.0251339 0.0330169 0.0400718 0.0463641 0.0487931 0.0521867 0.0538027 0.0556763 0.0536866 0.0531866 0.0506566 0.0479498 0.0461469 0.0436421 0.0412232 0.0380871 0.0357187 0.0325877 0.0300677 0.0275023 0.0249319 0.0221695 0.0204222 0.0185083 0.0168923 0.0147662 0.0129634 0.0114888 0.0104939 0.0091809 0.0087062 0.00742855 0.00632765 0.0054843 0.00515605 0.00451975 0.0039895 0.00338855 0.00309565 0.00263105 0.0023028 0.00175235 0.0016463 0.00155035 0.00127765 0.0010807 0.0010605 0.0009595 0.00516615 
0.00305525 0.0092617 0.0155086 0.0207757 0.0259015 0.029997 0.0335017 0.0373044 0.0387739 0.0395213 0.0406374 0.040703 0.0400415 0.0392133 0.0392486 0.0368953 0.0365873 0.0335674 0.0322392 0.029992 0.0277296 0.0259267 0.0245279 0.0221847 0.0211393 0.0192355 0.0167458 0.0158823 0.0148975 0.0129078 0.0119029 0.0109838 0.00952935 0.0085951 0.00743865 0.0069084 0.00601455 0.0054237 0.0046561 0.0042319 0.00361075 0.0033431 0.0029795 0.002424 0.0023836 0.0018685 0.0017574 0.0014645 0.0013534 0.00134835 0.00791335 
0.00232805 0.0074538 0.0124685 0.0167256 0.0210131 0.024235 0.0272195 0.030497 0.0319716 0.034032 0.034234 0.0353551 0.0349157 0.0358904 0.035042 0.0345218 0.0337189 0.0318706 0.0301839 0.0293506 0.0276538 0.025851 0.0243814 0.0227907 0.0209676 0.0190436 0.0185083 0.0170589 0.0155086 0.0140037 0.0129634 0.0114989 0.0107262 0.0092314 0.0089183 0.0082113 0.007272 0.00640845 0.00578225 0.00528735 0.0042824 0.0041107 0.003636 0.0032017 0.00277245 0.0025755 0.00237855 0.0019695 0.00170185 0.00167155 0.0114585 
0.001818 0.0054439 0.00945865 0.0125291 0.0159126 0.0188719 0.0208313 0.024134 0.0256995 0.026563 0.0274367 0.0288759 0.0297243 0.0300879 0.0297142 0.0300627 0.0289214 0.0283204 0.0272296 0.0269014 0.0261186 0.0241087 0.022826 0.0220584 0.0206848 0.0193819 0.0180588 0.0162408 0.015756 0.0146753 0.0136199 0.012418 0.011509 0.0103121 0.0088779 0.0085345 0.0081911 0.0071508 0.0064842 0.005757 0.0051914 0.0046561 0.0044137 0.0039491 0.00344915 0.00308555 0.00262095 0.0025553 0.00208565 0.00188365 0.0153621 
0.0017978 0.00431775 0.0073225 0.0100647 0.0126705 0.015453 0.0176296 0.0199273 0.0212454 0.0229018 0.0239219 0.0253712 0.0263307 0.0265277 0.0273912 0.0256894 0.0259974 0.0260025 0.0248612 0.0243259 0.023427 0.0235229 0.0221998 0.0211393 0.0202404 0.0186194 0.0180992 0.0165438 0.0157712 0.0146602 0.0139582 0.0127563 0.0117362 0.011105 0.00972125 0.00928695 0.0083123 0.00764065 0.0073124 0.00658015 0.00613575 0.00532775 0.0049591 0.00433795 0.00395415 0.00364105 0.00330775 0.00307545 0.00260075 0.0023129 0.0195839 
0.00131805 0.0036562 0.00627715 0.0086456 0.0111605 0.0125796 0.0146147 0.0166953 0.0181447 0.0193516 0.0196496 0.0216948 0.0218665 0.0226442 0.0233159 0.02272 0.0235431 0.0228917 0.023023 0.0226594 0.0217453 0.0213918 0.0209676 0.0199677 0.018882 0.0180487 0.0172256 0.0165539 0.0158267 0.014544 0.0140138 0.0130947 0.0119736 0.0113019 0.0105798 0.00983235 0.00912535 0.0084941 0.0076457 0.00686295 0.00625695 0.0055247 0.00548935 0.00493385 0.0044642 0.00392385 0.0038481 0.0036259 0.00303 0.00285325 0.02373 
0.00098475 0.00295425 0.0051207 0.00687305 0.00919605 0.0106959 0.0126452 0.0137916 0.015549 0.0171549 0.0178619 0.0191092 0.0192153 0.0198112 0.0205535 0.0207303 0.0210888 0.0210838 0.021205 0.0203768 0.0205131 0.0197152 0.0193011 0.0186749 0.0177508 0.0172357 0.017266 0.0156651 0.0152106 0.0142562 0.0138522 0.0131704 0.0123927 0.0112009 0.0107414 0.0102162 0.00907485 0.0082921 0.007878 0.00747905 0.006868 0.00616605 0.0057469 0.00540855 0.0052015 0.004646 0.00444905 0.003737 0.0033835 0.00328755 0.028275 
0.0008585 0.0026159 0.00430765 0.00583275 0.0077164 0.00960005 0.0105899 0.0122614 0.0130896 0.0139734 0.0157156 0.0162206 0.0168317 0.0177962 0.0185335 0.0188921 0.0190991 0.0187961 0.0187507 0.0181598 0.0185285 0.0185083 0.0179881 0.0174377 0.016963 0.0167963 0.0159378 0.0154631 0.0150692 0.0139431 0.0139633 0.0128876 0.0120645 0.0117413 0.0111908 0.0101606 0.00955965 0.0088274 0.0081204 0.007676 0.00703465 0.00682255 0.00630745 0.00562065 0.0053631 0.00473185 0.00450965 0.00406525 0.0037976 0.00344915 0.0328907 
0.00083325 0.0023129 0.0038077 0.00519645 0.0065852 0.0079083 0.00941825 0.0108222 0.0116352 0.0123978 0.0136956 0.0143471 0.0152409 0.0160338 0.016357 0.0167761 0.0168266 0.017574 0.0171246 0.017569 0.0170993 0.016963 0.0165135 0.0160994 0.0158217 0.0160691 0.0149783 0.0144481 0.0143622 0.0134381 0.0133573 0.0126503 0.0120847 0.0114484 0.0110646 0.0100798 0.00996365 0.0087365 0.00828705 0.00784265 0.00726695 0.0068377 0.00633775 0.00596405 0.00535805 0.0051611 0.00442885 0.0041915 0.00427735 0.00372185 0.0378599 
0.00078275 0.00207555 0.0032118 0.0047672 0.0058075 0.0071811 0.00849915 0.0091001 0.0106808 0.0113878 0.0123624 0.0129785 0.0137512 0.0141148 0.0146955 0.0149783 0.0152005 0.0156247 0.0154076 0.0160035 0.015857 0.0158015 0.0156954 0.0150036 0.0145339 0.0147056 0.014342 0.0138673 0.0133421 0.0134785 0.0129785 0.0120948 0.0114686 0.0109787 0.0108272 0.0104384 0.0096657 0.00868095 0.0086254 0.0079386 0.0074942 0.0068377 0.006666 0.00636805 0.005858 0.00549945 0.0047066 0.00462075 0.00403495 0.00388345 0.0428089 
0.00061105 0.0016968 0.00280275 0.00399455 0.00492375 0.00620645 0.00723665 0.00829715 0.0094536 0.0102667 0.0106656 0.0115443 0.0123271 0.0130139 0.0131755 0.0141249 0.0140037 0.0141198 0.0147056 0.0146854 0.0145743 0.014741 0.0149581 0.0144582 0.0140289 0.0141451 0.0135744 0.0131654 0.0127361 0.0119685 0.0123675 0.0116554 0.0114686 0.011206 0.0104182 0.010095 0.0095849 0.00907485 0.00868095 0.0077568 0.00781235 0.0076457 0.00676195 0.0062923 0.0058782 0.0057772 0.0053732 0.00497425 0.00463085 0.00431775 0.0468893 
0.0004949 0.0015958 0.0026361 0.0036562 0.00464095 0.0057671 0.00662055 0.00771135 0.008383 0.00888295 0.0094536 0.0110343 0.0108777 0.0115645 0.0120695 0.0125695 0.0127967 0.012822 0.0131805 0.0134936 0.0132714 0.0136754 0.0131048 0.0136805 0.0133775 0.0131856 0.0128674 0.0125644 0.0121756 0.0118221 0.0113777 0.0113423 0.0110898 0.010706 0.00999395 0.0100445 0.00901425 0.0088476 0.00863045 0.00830725 0.0078275 0.0071811 0.006868 0.00625695 0.0062115 0.0056055 0.0057065 0.00509545 0.00477225 0.0040703 0.0518888 
0.00049995 0.0013938 0.00264115 0.00323705 0.00415615 0.0052015 0.00589335 0.0066963 0.00742855 0.00822645 0.00862035 0.00966065 0.0101657 0.0106808 0.0108727 0.0117968 0.0117362 0.0118726 0.0120544 0.0125594 0.0126654 0.0122614 0.0126301 0.0125089 0.0125038 0.0123826 0.0120645 0.011615 0.0114181 0.0115898 0.0112312 0.0107616 0.0105697 0.0105545 0.0100798 0.00965055 0.0094233 0.0089284 0.0084537 0.00755985 0.0078982 0.0069488 0.00698415 0.0065044 0.00648925 0.00571155 0.0052924 0.0050601 0.0047066 0.00446925 0.0555904 
0.00048985 0.00123725 0.002121 0.00329765 0.00382285 0.0046662 0.00542875 0.0064135 0.00679225 0.00772145 0.00834765 0.00839815 0.00929705 0.0098273 0.0099788 0.0106959 0.0109434 0.0108171 0.0109232 0.0118372 0.0117968 0.0116504 0.0115494 0.0117312 0.0117615 0.0116756 0.0111302 0.0115595 0.0110797 0.0111353 0.0107717 0.0102919 0.0101505 0.0100546 0.0093526 0.00917585 0.00917585 0.00891325 0.0083729 0.0077669 0.007474 0.00725685 0.00680235 0.00637815 0.0062115 0.00567115 0.0056358 0.00556005 0.0048783 0.0046965 0.0609586 
0.0003737 0.00103525 0.00188365 0.00268155 0.00339865 0.00393395 0.0045652 0.00544895 0.0058378 0.00667105 0.0071508 0.00794365 0.00853955 0.0088779 0.0090092 0.0095243 0.009898 0.0100394 0.0105343 0.0105444 0.0109131 0.0103525 0.0115746 0.0109585 0.0111605 0.0106353 0.0105545 0.010802 0.0103475 0.0104232 0.00984245 0.00972125 0.00964045 0.00942835 0.0092011 0.00916575 0.0086961 0.00862035 0.00809515 0.00752955 0.00761035 0.00751945 0.0071306 0.00672155 0.0059489 0.00638825 0.0055954 0.0052015 0.0047571 0.0047066 0.0631351 
0 0 0 0 0 0 0 0 0 0 0 0 0 0 0 0 0 0 0 0 0 0 0 0 0 0 0 0 0 0 0 0 0 0 0 0 0 0 0 0 0 0 0 0 0 0 0 0 0 0 0 
