Half rod, albedo problem, isotropic scattering, exponential random flight, mu_t: 3
Analogmu_t c: 0.999 maxx: 10 dx: 0.19802 numsamples: 1000000 numCollisionOrders: 20 numMoments: 10
total albedo: 0.938793
per-collision order albedos: 
0 0.250212 0.124701 0.077912 0.054057 0.041066 0.032361 0.026014 0.021802 0.018264 0.015874 0.013833 0.012147 0.010938 0.009914 0.008804 0.008141 0.007237 0.006766 0.006406 
Collision density L:
2.78918 2.73958 2.68251 2.63616 2.58243 2.53797 2.50242 2.44509 2.39999 2.35586 2.30871 2.265 2.2228 2.18022 2.14197 2.09879 2.06416 2.03056 1.98479 1.95432 1.91254 1.87704 1.84439 1.80865 1.77175 1.74147 1.71651 1.67945 1.65124 1.61999 1.58892 1.56345 1.53489 1.50819 1.47765 1.45464 1.41862 1.3934 1.3667 1.34458 1.32031 1.29314 1.27913 1.24844 1.23344 1.20296 1.18606 1.15814 1.13916 1.12127 59.3962 
Collision density R:
2.96782 2.91496 2.86387 2.80658 2.75435 2.70139 2.65313 2.60873 2.56251 2.515 2.46831 2.42015 2.37178 2.32657 2.28589 2.23906 2.19471 2.15885 2.11769 2.08492 2.03876 2.00218 1.96442 1.92608 1.88953 1.8618 1.81887 1.79182 1.75734 1.72506 1.69027 1.65579 1.63193 1.5997 1.578 1.5469 1.51541 1.48822 1.45414 1.42688 1.40434 1.37689 1.35445 1.32744 1.30349 1.28563 1.26054 1.23458 1.21126 1.18942 63.2957 
Density Moments:
61.6629 655.322 13931.5 444242 1.88797e+07 1.00077e+09 6.3274e+10 4.61112e+12 3.76525e+14 3.36379e+16 
Per-collision Density Moments:
1 0.333261 0.222055 0.222094 0.296314 0.493825 0.98455 2.27336 5.91859 16.9772 
0.748803 0.415818 0.387671 0.497733 0.808969 1.5838 3.60881 9.32362 26.7498 83.7879 
0.623341 0.456798 0.52547 0.801246 1.50924 3.37193 8.69327 25.3335 82.0681 291.388 
0.54483 0.482193 0.645885 1.12213 2.37061 5.86446 16.5493 52.208 181.075 680.729 
0.490191 0.499659 0.752922 1.45041 3.36123 9.0448 27.5771 93.4667 346.54 1385.95 
0.448658 0.512477 0.850956 1.7859 4.46853 12.8876 41.8694 150.588 591.261 2504.85 
0.415853 0.522559 0.942441 2.13268 5.72453 17.6505 61.1979 234.928 986.311 4481.47 
0.389434 0.530688 1.0284 2.48775 7.11317 23.3134 85.8905 350.997 1575.72 7710.36 
0.367221 0.537137 1.1088 2.84387 8.58852 29.6254 114.444 488.27 2276.45 11496.4 
0.348607 0.542989 1.18511 3.19854 10.1271 36.5089 146.969 651.457 3145.55 16399.5 
0.332379 0.547635 1.25694 3.55486 11.7617 44.2151 185.371 855.841 4311.89 23538.4 
0.318221 0.551471 1.32555 3.91535 13.4985 52.7566 229.405 1095.56 5692.16 31941.1 
0.30576 0.554964 1.3911 4.27488 15.3062 62.0332 279.321 1379.41 7400.76 42818.1 
0.2945 0.558162 1.45621 4.65064 17.2883 72.6656 338.735 1726.92 9525.66 56356.1 
0.284298 0.560792 1.51739 5.01678 19.2779 83.6383 401.904 2109.73 11972.4 72837 
0.275197 0.563314 1.57715 5.38657 21.3541 95.4541 471.897 2544.25 14800.1 92085.4 
0.26681 0.565633 1.63616 5.76549 23.5538 108.366 550.614 3045.61 18134 115165 
0.259316 0.567284 1.69093 6.13393 25.7671 121.716 633.688 3582.47 21737.6 140237 
0.252282 0.568757 1.744 6.49883 28.0102 135.619 723.182 4185.44 25994.1 171669 
0 0 0 0 0 0 0 0 0 0 
Per-collision Densities L:
0 0 0 0 0 0 0 0 0 0 0 0 0 0 0 0 0 0 0 0 0 0 0 0 0 0 0 0 0 0 0 0 0 0 0 0 0 0 0 0 0 0 0 0 0 0 0 0 0 0 0 
0.564984 0.311146 0.172422 0.0953945 0.052212 0.0289264 0.0160186 0.00875165 0.00505505 0.002727 0.00138875 0.00081305 0.00040905 0.0002323 0.0001414 9.09e-05 5.05e-05 4.04e-05 2.02e-05 0 0 0 0 0 0 0 0 0 0 0 0 0 0 0 0 0 0 0 0 0 0 0 0 0 0 0 0 0 0 0 0 
0.357212 0.291299 0.210883 0.144965 0.0944249 0.0611656 0.038683 0.0239774 0.0146854 0.0088981 0.00520655 0.00320675 0.00174225 0.0011211 0.0007373 0.0003636 0.0001919 0.00016665 7.07e-05 4.04e-05 1.01e-05 2.02e-05 0 5.05e-06 0 0 0 0 0 0 0 0 0 0 0 0 0 0 0 0 0 0 0 0 0 0 0 0 0 0 0 
0.240254 0.227932 0.193668 0.15249 0.11362 0.0812949 0.0578276 0.0391274 0.0264014 0.0165741 0.0113474 0.006868 0.00428745 0.00267145 0.00173215 0.00114635 0.0007373 0.0004141 0.0002424 0.00012625 8.585e-05 5.05e-05 2.02e-05 3.03e-05 1.515e-05 0 1.01e-05 0 5.05e-06 0 0 0 0 0 0 0 0 0 0 0 0 0 0 0 0 0 0 0 0 0 0 
0.172357 0.178977 0.166337 0.142955 0.116185 0.0905364 0.0697304 0.0503132 0.035956 0.0251844 0.0173619 0.0116655 0.00772145 0.00506515 0.00349965 0.00221695 0.00152005 0.00101 0.0006262 0.0002929 0.0002727 0.00013635 9.09e-05 4.545e-05 4.545e-05 2.02e-05 2.525e-05 0 0 1.01e-05 0 0 0 0 0 0 0 0 0 0 0 0 0 0 0 0 0 0 0 0 0 
0.133118 0.142481 0.139254 0.12873 0.110893 0.091703 0.0739977 0.0564287 0.0440108 0.0322746 0.0231341 0.0166095 0.0117918 0.0079891 0.00530755 0.00384305 0.0024543 0.0017675 0.0009595 0.00072215 0.00044945 0.00021715 0.00027775 0.00015655 0.00010605 8.585e-05 4.545e-05 0 1.01e-05 0 5.05e-06 0 0 0 0 0 0 0 0 0 0 0 0 0 0 0 0 0 0 0 0 
0.105171 0.11512 0.117599 0.113256 0.102222 0.0890871 0.0760631 0.0609586 0.0492072 0.037673 0.0283709 0.0214726 0.0157358 0.0110393 0.00768105 0.0056762 0.00386325 0.00272195 0.0017675 0.0012928 0.00088375 0.00056055 0.0003535 0.00026765 0.0001616 7.575e-05 6.565e-05 2.02e-05 3.03e-05 2.02e-05 1.01e-05 5.05e-06 5.05e-06 5.05e-06 0 0 0 0 0 0 0 0 0 0 0 0 0 0 0 0 0 
0.0857389 0.09696 0.102778 0.0994345 0.0932129 0.0852743 0.0731392 0.0621554 0.0514999 0.0418645 0.0329462 0.0250733 0.0188264 0.0137259 0.0102717 0.00750935 0.0055651 0.0038481 0.0027674 0.0020099 0.0012322 0.00089385 0.00063125 0.00038885 0.0002929 0.0002323 0.00010605 6.565e-05 5.555e-05 5.05e-05 5.05e-06 0 1.515e-05 5.05e-06 1.01e-05 0 0 0 0 0 0 0 0 0 0 0 0 0 0 0 0 
0.0715585 0.0827746 0.087966 0.0892941 0.085345 0.0785073 0.0715737 0.0617262 0.0523837 0.0433694 0.0353349 0.028174 0.0219625 0.0163721 0.0126503 0.00958995 0.007373 0.00534795 0.00371175 0.0026159 0.0019291 0.00136855 0.00101505 0.00068175 0.0004141 0.000303 0.0002525 0.00013635 0.000101 4.545e-05 3.535e-05 3.03e-05 1.515e-05 1.01e-05 1.01e-05 1.01e-05 0 5.05e-06 0 5.05e-06 0 0 5.05e-06 0 0 0 0 0 0 0 0 
0.0610949 0.0716191 0.0765025 0.0783205 0.07676 0.0732755 0.0671297 0.0606758 0.0512525 0.0440158 0.0370721 0.0299768 0.0250783 0.0188618 0.0154682 0.0120746 0.00909 0.0066054 0.00493385 0.00371175 0.0024038 0.00190385 0.00131805 0.0009696 0.00059085 0.00048985 0.00035855 0.00021715 0.00017675 0.00010605 6.06e-05 8.08e-05 5.05e-05 3.535e-05 1.515e-05 5.05e-06 5.05e-06 1.01e-05 5.05e-06 0 0 0 0 0 0 0 0 0 0 0 0 
0.0527574 0.0617767 0.0683417 0.0697102 0.0705889 0.0682053 0.0643118 0.0578276 0.0517928 0.0441471 0.0380972 0.0318908 0.0268862 0.0209222 0.0166852 0.0135845 0.0105697 0.0082416 0.00595395 0.004444 0.003232 0.0025957 0.00183315 0.0013736 0.00104535 0.00068175 0.00052015 0.0003636 0.00023735 0.00017675 0.00010605 9.09e-05 5.05e-05 2.02e-05 2.525e-05 1.01e-05 2.525e-05 5.05e-06 5.05e-06 5.05e-06 0 0 5.05e-06 5.05e-06 0 0 0 0 0 0 0 
0.0465307 0.0554339 0.060903 0.0634432 0.0644986 0.0622716 0.0596607 0.0563681 0.0499142 0.0445309 0.0384911 0.0333502 0.0280629 0.0223261 0.0190284 0.0149632 0.0118069 0.009393 0.0072114 0.00546915 0.0041814 0.0033835 0.0023634 0.0017271 0.00129785 0.0009696 0.0006868 0.0004242 0.00033835 0.0002424 0.0001616 0.00012625 9.595e-05 3.535e-05 4.04e-05 3.03e-05 1.01e-05 0 5.05e-06 1.515e-05 5.05e-06 0 0 0 0 5.05e-06 0 0 0 0 0 
0.0415767 0.0485154 0.0532725 0.0572266 0.0591153 0.0584437 0.0561308 0.0534593 0.0482225 0.0436926 0.0391325 0.0341835 0.0283305 0.0237047 0.020094 0.0167004 0.0132866 0.0107414 0.0082012 0.00661045 0.0050399 0.0037572 0.00282295 0.00222705 0.00165135 0.00122715 0.0008787 0.00068175 0.00048985 0.00031815 0.0002323 0.00020705 0.00011615 0.000101 6.06e-05 3.03e-05 2.02e-05 1.01e-05 1.01e-05 1.01e-05 1.01e-05 0 5.05e-06 0 0 0 0 0 0 5.05e-06 0 
0.0366933 0.0437684 0.0491517 0.052616 0.0533028 0.0538734 0.0537926 0.0501364 0.0466923 0.0425463 0.0378043 0.0337542 0.0296839 0.0243461 0.0207757 0.0178417 0.0142764 0.0118625 0.0091001 0.00746895 0.0055146 0.0045753 0.0035148 0.0025452 0.0020503 0.0014342 0.00103525 0.00065145 0.0007272 0.0003939 0.0003434 0.0002929 0.00018685 0.0001616 8.08e-05 7.575e-05 2.525e-05 3.535e-05 1.515e-05 0 5.05e-06 5.05e-06 1.515e-05 5.05e-06 1.01e-05 5.05e-06 0 0 0 5.05e-06 0 
0.0335825 0.0389961 0.043632 0.047773 0.0496567 0.0509545 0.0492426 0.048581 0.0460712 0.042016 0.0376074 0.0339461 0.0297344 0.0256995 0.0217453 0.0184123 0.0154076 0.0127917 0.0101354 0.0083123 0.0065044 0.00514595 0.00426725 0.0031714 0.00263105 0.00186345 0.00139885 0.00102515 0.0007979 0.00062115 0.00047975 0.0003434 0.0003232 0.0001818 0.00010605 0.0001111 6.565e-05 5.05e-05 3.535e-05 1.515e-05 1.01e-05 1.515e-05 5.05e-06 0 5.05e-06 1.01e-05 5.05e-06 5.05e-06 0 0 0 
0.0299364 0.0364964 0.0406677 0.0442077 0.0454096 0.0463388 0.0468489 0.045551 0.0437431 0.0403041 0.0370973 0.0337088 0.0292193 0.0259318 0.0223968 0.0195183 0.0159378 0.0137714 0.0112767 0.00942835 0.0072013 0.0057469 0.0047268 0.00374205 0.0030906 0.0021311 0.00183315 0.00129785 0.0009797 0.00077265 0.00057065 0.00046965 0.00032825 0.00027775 0.0001414 0.0001313 5.555e-05 6.06e-05 4.545e-05 3.535e-05 5.05e-06 2.02e-05 1.01e-05 1.515e-05 1.01e-05 0 0 5.05e-06 0 0 0 
0.0275983 0.0328654 0.0368802 0.0404606 0.043324 0.0438189 0.0445612 0.0437078 0.0410111 0.0397031 0.0364964 0.0331533 0.0289618 0.0261439 0.0226038 0.0201293 0.0167711 0.01464 0.0119837 0.00991315 0.0081911 0.00678215 0.0054338 0.00410565 0.00380265 0.0025351 0.0019594 0.00166145 0.00132815 0.00079285 0.00078275 0.000505 0.00047975 0.0002929 0.0002525 0.00016665 0.0001212 3.535e-05 7.07e-05 4.04e-05 4.04e-05 2.02e-05 2.02e-05 2.02e-05 5.05e-06 1.01e-05 5.05e-06 1.01e-05 0 5.05e-06 0 
0.0253662 0.0301132 0.034643 0.0379508 0.0406525 0.0417585 0.0420463 0.0409656 0.0400364 0.037067 0.0344562 0.0330523 0.0292597 0.0258459 0.0234724 0.0204778 0.0179326 0.0152157 0.0126755 0.0107363 0.00878195 0.00698415 0.0057368 0.00468135 0.0037774 0.00284315 0.00240885 0.0017776 0.0013837 0.0011615 0.0008989 0.000606 0.00059085 0.0003737 0.00036865 0.00024745 0.00017675 0.0001111 7.575e-05 5.555e-05 4.04e-05 3.535e-05 4.04e-05 1.515e-05 5.05e-06 1.515e-05 1.01e-05 5.05e-06 1.01e-05 0 0 
0.0237148 0.0283255 0.0325725 0.0352945 0.037269 0.0393294 0.0398546 0.0389759 0.038279 0.0362792 0.0342996 0.0311585 0.0286184 0.0264671 0.023225 0.0209878 0.0184376 0.0157358 0.0129684 0.0109434 0.00925665 0.00786285 0.006464 0.0052217 0.0043834 0.0034643 0.00288355 0.00223715 0.00162105 0.00148975 0.00109585 0.00089385 0.00067165 0.00047975 0.0003333 0.00030805 0.00023735 0.0001818 0.00010605 5.555e-05 8.08e-05 4.04e-05 3.03e-05 0 1.515e-05 2.02e-05 1.515e-05 5.05e-06 0 0 1.01e-05 
0 0 0 0 0 0 0 0 0 0 0 0 0 0 0 0 0 0 0 0 0 0 0 0 0 0 0 0 0 0 0 0 0 0 0 0 0 0 0 0 0 0 0 0 0 0 0 0 0 0 0 
Per-collision Densities L:
2.2611 1.24929 0.692002 0.380169 0.208969 0.115746 0.0632109 0.0357237 0.0197051 0.0107414 0.00608525 0.00329765 0.00177255 0.0009494 0.00052015 0.00031815 0.00016665 0.00010605 6.565e-05 3.03e-05 2.525e-05 5.05e-06 5.05e-06 0 0 0 0 0 0 0 0 0 0 0 0 0 0 0 0 0 0 0 0 0 0 0 0 0 0 0 0 
0.300419 0.539032 0.502 0.390118 0.277018 0.187264 0.122564 0.0777246 0.0486113 0.0298657 0.0184376 0.0112918 0.00645895 0.00395415 0.0024543 0.0014544 0.00087365 0.0004848 0.0002727 0.00013635 9.595e-05 3.535e-05 3.535e-05 1.515e-05 0 1.515e-05 0 0 0 0 0 0 0 0 0 0 0 0 0 0 0 0 0 0 0 0 0 0 0 0 0 
0.103414 0.254288 0.310035 0.298738 0.253273 0.199091 0.148086 0.105792 0.0739472 0.0499748 0.0331028 0.0213767 0.0140138 0.008686 0.00548935 0.00363095 0.00225735 0.0014241 0.00085345 0.00053025 0.00033835 0.00017675 0.00010605 6.565e-05 3.03e-05 3.535e-05 2.02e-05 1.01e-05 5.05e-06 0 5.05e-06 0 0 0 0 0 0 0 0 0 0 0 0 0 0 0 0 0 0 0 0 
0.0541865 0.145491 0.200293 0.219438 0.209348 0.180507 0.149889 0.116423 0.0879609 0.0642714 0.0469246 0.0318049 0.0218211 0.0147713 0.0103778 0.00652965 0.00453995 0.00285325 0.00177255 0.00117665 0.0007575 0.0004949 0.00032825 0.00018685 9.09e-05 8.585e-05 4.04e-05 2.525e-05 1.01e-05 0 1.515e-05 0 0 0 0 0 0 0 0 0 0 0 0 0 0 0 0 0 0 0 0 
0.0337744 0.0962328 0.141082 0.162908 0.168816 0.156757 0.138597 0.116296 0.0940563 0.0729119 0.0554591 0.0416171 0.0294668 0.021104 0.0148622 0.0100344 0.00707505 0.00491365 0.00327745 0.0020907 0.00141905 0.00088375 0.0005252 0.00036865 0.000303 0.00016665 0.00017675 4.545e-05 3.535e-05 2.525e-05 1.515e-05 1.01e-05 0 0 0 0 0 0 0 0 0 0 0 0 0 0 0 0 0 0 0 
0.0243612 0.0678821 0.103732 0.126184 0.135805 0.133431 0.124472 0.111181 0.0944098 0.0768257 0.061706 0.0484952 0.0358399 0.0259621 0.019892 0.0141653 0.0099182 0.00714575 0.0051813 0.0035047 0.0022927 0.0015857 0.0009292 0.00069185 0.0004747 0.0002929 0.00021715 0.0001111 8.08e-05 5.05e-05 2.02e-05 4.04e-05 1.01e-05 5.05e-06 0 0 5.05e-06 0 0 0 0 0 0 0 0 0 0 0 0 0 0 
0.0181497 0.0516262 0.0816484 0.100505 0.111085 0.115362 0.110176 0.100445 0.0905566 0.0772145 0.0638421 0.0517827 0.0404101 0.0314413 0.0238209 0.0178114 0.0131906 0.0095647 0.0069286 0.0050096 0.00359055 0.0023735 0.0015352 0.00112615 0.00085345 0.00061105 0.00030805 0.0001919 0.0001515 8.585e-05 9.595e-05 3.535e-05 5.05e-06 3.03e-05 2.02e-05 1.515e-05 1.01e-05 5.05e-06 0 0 0 0 0 0 0 0 0 0 0 0 0 
0.0137865 0.0401021 0.0647158 0.0825221 0.0935563 0.0987528 0.0986164 0.0908798 0.0838704 0.0752198 0.0645491 0.0531159 0.0443693 0.0352692 0.0272246 0.0212959 0.0159984 0.0122261 0.00894355 0.00672155 0.0049086 0.0032421 0.00251995 0.00182305 0.0012423 0.0007979 0.0006767 0.00035855 0.0002121 0.0001616 0.000101 9.09e-05 5.555e-05 2.525e-05 1.515e-05 2.525e-05 3.03e-05 1.01e-05 1.01e-05 0 1.01e-05 0 5.05e-06 0 0 0 0 0 0 0 0 
0.0111959 0.0331886 0.0526614 0.0681346 0.0802243 0.0842694 0.087259 0.0840825 0.0783255 0.0708263 0.063832 0.0542623 0.0451824 0.0377538 0.0304566 0.023836 0.0187608 0.0146955 0.011105 0.0082012 0.0061509 0.00459045 0.00339865 0.00221695 0.001818 0.0012221 0.00090395 0.0006767 0.00031815 0.00025755 0.000202 0.00010605 0.00013635 9.09e-05 3.535e-05 4.04e-05 1.515e-05 5.05e-06 5.05e-06 1.01e-05 5.05e-06 0 0 5.05e-06 0 0 0 0 0 0 0 
0.0093829 0.0279619 0.0442936 0.0591204 0.0687457 0.0749723 0.0775428 0.0759571 0.0732907 0.0687053 0.0606909 0.0542219 0.04696 0.0391274 0.0322948 0.0260934 0.020907 0.0166246 0.0131654 0.00968085 0.007272 0.0054338 0.0043632 0.0031815 0.00235835 0.0017574 0.0011312 0.0009999 0.00058075 0.0003939 0.00033835 0.00019695 0.000101 7.575e-05 6.06e-05 7.07e-05 3.535e-05 1.01e-05 1.01e-05 5.05e-06 1.01e-05 0 1.01e-05 1.01e-05 0 0 0 0 0 0 0 
0.00848905 0.0234724 0.0378296 0.050596 0.0595345 0.0652157 0.0693012 0.0702051 0.067968 0.0641906 0.0582013 0.0523584 0.0466671 0.0398849 0.0337239 0.0280629 0.0231644 0.01868 0.0150086 0.0116958 0.0085446 0.00687305 0.0051308 0.0039289 0.00286335 0.00211595 0.0016766 0.0011918 0.0007777 0.00064135 0.00038885 0.0003434 0.00018685 0.0001414 9.09e-05 8.08e-05 4.545e-05 2.02e-05 1.515e-05 1.515e-05 5.05e-06 5.05e-06 1.01e-05 1.01e-05 5.05e-06 5.05e-06 5.05e-06 0 0 0 0 
0.0068983 0.0204576 0.0332543 0.0437734 0.0515555 0.0586255 0.0629432 0.0633422 0.0634634 0.0598072 0.0555551 0.0517575 0.0453844 0.0398142 0.0338956 0.029487 0.0241289 0.0205131 0.0165388 0.0124988 0.0104384 0.0083729 0.006161 0.0045147 0.0037875 0.0026664 0.0021008 0.00146955 0.00108575 0.0007979 0.0006161 0.00047975 0.0002626 0.0002828 0.0001313 0.000101 8.08e-05 5.05e-05 4.04e-05 1.01e-05 2.525e-05 1.515e-05 0 1.01e-05 1.01e-05 0 0 5.05e-06 0 5.05e-06 0 
0.00611555 0.0181396 0.0297294 0.0393294 0.0464196 0.0527422 0.0565348 0.057767 0.0594183 0.0562166 0.0540401 0.0489699 0.0445309 0.0387537 0.0345117 0.0305475 0.0252096 0.0218312 0.0175639 0.0142865 0.0110696 0.00914555 0.0076154 0.00565095 0.00438845 0.00337845 0.0026361 0.00178265 0.00133825 0.00096455 0.00070195 0.00068175 0.00043935 0.00035855 0.000202 0.0001919 0.000101 5.555e-05 7.07e-05 1.01e-05 1.515e-05 1.01e-05 2.525e-05 1.01e-05 2.02e-05 1.01e-05 0 0 0 5.05e-06 0 
0.00547925 0.0158015 0.0261085 0.035148 0.0414656 0.0478841 0.0503788 0.0539744 0.0541714 0.0535351 0.0514141 0.0475104 0.0445158 0.0387537 0.0350218 0.0303606 0.0261186 0.02272 0.0186699 0.0153722 0.0127967 0.0098778 0.00826685 0.0064539 0.0053227 0.00413595 0.0032017 0.0025856 0.0016867 0.0013736 0.00093425 0.0008484 0.00065145 0.0004141 0.0003535 0.0002525 0.00010605 0.00012625 7.575e-05 4.04e-05 3.03e-05 3.535e-05 5.05e-06 2.02e-05 1.01e-05 5.05e-06 1.01e-05 0 5.05e-06 0 0 
0.00485305 0.0144026 0.0233967 0.0304162 0.0379912 0.043632 0.0462934 0.0503031 0.0493537 0.0499294 0.0478185 0.0451672 0.0421423 0.0387386 0.0348551 0.0306636 0.0261944 0.0230937 0.0199021 0.016155 0.0136552 0.011206 0.00904455 0.0071912 0.0057671 0.00458035 0.0037774 0.00287345 0.0022523 0.00167155 0.0012625 0.000808 0.0007878 0.0005858 0.00042925 0.00037875 0.00014645 0.0001313 0.00012625 7.07e-05 4.04e-05 1.515e-05 3.03e-05 2.525e-05 1.01e-05 1.515e-05 5.05e-06 1.01e-05 1.01e-05 0 5.05e-06 
0.00433795 0.0126149 0.0201849 0.0281184 0.0342845 0.0393597 0.0434603 0.0453995 0.0476417 0.0478235 0.0455106 0.0439451 0.0407788 0.0385113 0.0334007 0.0303303 0.0267044 0.0237148 0.0203616 0.0171498 0.0143875 0.0121806 0.00955965 0.00814565 0.00642865 0.00546915 0.00404505 0.0033431 0.0026058 0.00228765 0.001515 0.00108575 0.00085345 0.0006666 0.0005454 0.00045955 0.0003333 0.0001919 0.0001414 0.0001313 5.05e-05 6.06e-05 1.01e-05 4.04e-05 2.02e-05 1.01e-05 5.05e-06 2.02e-05 1.515e-05 5.05e-06 5.05e-06 
0.00391375 0.0116655 0.0188315 0.0252904 0.0307848 0.0354864 0.0394355 0.0429806 0.044435 0.0441926 0.0425917 0.0420564 0.0394254 0.0363651 0.0334512 0.0305374 0.0270074 0.0240229 0.0209171 0.0183012 0.0151753 0.012317 0.0106353 0.0085244 0.0071104 0.0060095 0.00465105 0.0037269 0.00303 0.0024947 0.0018483 0.00140895 0.0010908 0.0008282 0.0006666 0.00053025 0.00042925 0.0003333 0.000202 0.00014645 0.00010605 7.575e-05 5.05e-05 2.525e-05 2.02e-05 1.515e-05 0 1.515e-05 1.01e-05 2.02e-05 0 
0.00365115 0.0107363 0.0171953 0.0231644 0.0282447 0.033027 0.0360722 0.0393749 0.041304 0.0418544 0.0415615 0.0400617 0.0377387 0.0358146 0.0326887 0.0295577 0.0271741 0.0241239 0.0211696 0.0184527 0.0155742 0.0132209 0.0113423 0.00935765 0.00802445 0.00661045 0.00518635 0.00457025 0.00330775 0.00289365 0.0021715 0.00183315 0.0013938 0.001111 0.00070195 0.0005454 0.0004848 0.00037875 0.00030805 0.00015655 0.0001111 0.00011615 6.565e-05 6.06e-05 3.535e-05 3.03e-05 1.515e-05 1.515e-05 0 0 1.515e-05 
0.0032219 0.00935765 0.0159075 0.0215837 0.0260934 0.0301132 0.0344764 0.0367186 0.0377437 0.0389709 0.0390567 0.0376124 0.0375064 0.0344057 0.0322645 0.0291284 0.0273761 0.0238461 0.0217251 0.0191345 0.0167004 0.0138774 0.011408 0.00995355 0.00841835 0.0067872 0.0056459 0.00469145 0.003636 0.0032017 0.0025856 0.00187355 0.00161095 0.00127765 0.00103525 0.00071205 0.0005858 0.00034845 0.0003535 0.0002828 0.00010605 0.00013635 9.09e-05 6.565e-05 8.585e-05 5.05e-05 1.515e-05 1.515e-05 1.01e-05 0 2.02e-05 
0 0 0 0 0 0 0 0 0 0 0 0 0 0 0 0 0 0 0 0 0 0 0 0 0 0 0 0 0 0 0 0 0 0 0 0 0 0 0 0 0 0 0 0 0 0 0 0 0 0 0 
