Half rod, albedo problem, Anisotropic scattering, exponential random flight, mu_t: 1 g: 0.1
Analogmu_t c: 0.7 maxx: 10 dx: 0.19802 numsamples: 10000000 numCollisionOrders: 20 numMoments: 10
total albedo: 0.275574
per-collision order albedos: 
0 0.157605 0.0606058 0.0272065 0.0134888 0.0071515 0.0039428 0.0022365 0.0013128 0.0007811 0.0004671 0.0002884 0.0001799 0.000114 7.06e-05 4.21e-05 3.08e-05 1.67e-05 1.3e-05 8.1e-06 
Collision density L:
0.261409 0.234791 0.212098 0.190872 0.171697 0.155025 0.13977 0.126124 0.113084 0.101969 0.0918125 0.0827725 0.0747233 0.06732 0.0604889 0.054591 0.0491431 0.0443536 0.0399213 0.0359186 0.0324427 0.0289926 0.0261534 0.0235815 0.0214155 0.0192642 0.0172412 0.015557 0.0140365 0.0126644 0.0114317 0.0103429 0.00924403 0.0083527 0.00749471 0.00661449 0.00601809 0.00547117 0.00498435 0.00442683 0.00401374 0.00364156 0.00328149 0.00292042 0.00262196 0.0023831 0.00215989 0.00193567 0.001767 0.0015145 0.0140122 
Collision density R:
0.948881 0.856441 0.770372 0.693451 0.623514 0.562136 0.506499 0.456237 0.410958 0.370174 0.333347 0.300361 0.270532 0.24361 0.219045 0.197264 0.178142 0.160476 0.144918 0.130147 0.116987 0.105863 0.0952061 0.0854758 0.0769852 0.0695925 0.0628998 0.0564297 0.0507353 0.0457939 0.0414999 0.0370574 0.0333083 0.0301551 0.0270842 0.0244521 0.0218357 0.0199586 0.0180214 0.0159777 0.0145304 0.0131472 0.0116963 0.0106166 0.00940411 0.00862894 0.00772196 0.00700486 0.006312 0.00577619 0.0513519 
Density Moments:
2.41423 4.57345 17.3281 98.4624 746.175 7078.93 80856.1 1.08293e+06 1.66704e+07 2.89921e+08 
Per-collision Density Moments:
1 1.00052 2.00301 6.01465 24.056 119.939 713.696 4908.9 38056.9 325830 
0.542271 0.927692 2.62696 10.1954 50.0182 295.969 2047.2 16181.4 143636 1.41195e+06 
0.318915 0.725531 2.56061 11.894 67.9242 458.753 3573.11 31538.5 311489 3.40836e+06 
0.196038 0.540747 2.23705 11.9125 76.6757 575.462 4916.97 47010.4 496304 5.72444e+06 
0.123789 0.394852 1.84934 11.0005 78.2985 644.577 6000.07 62118.6 706071 8.71664e+06 
0.0795467 0.284704 1.47373 9.59945 74.3186 662.295 6654.85 74322.2 912863 1.22293e+07 
0.051721 0.203875 1.14869 8.09024 67.3801 643.139 6894.37 81841.7 1.06459e+06 1.50469e+07 
0.0339935 0.145349 0.881281 6.64444 58.9922 598.108 6788.16 85038.1 1.1635e+06 1.72365e+07 
0.0224662 0.103144 0.666161 5.32356 49.8983 532.234 6333.44 82879.7 1.1793e+06 1.80748e+07 
0.0149258 0.0729013 0.497862 4.18976 41.2021 459.276 5684.89 76935.2 1.12407e+06 1.75418e+07 
0.009957 0.0515144 0.370663 3.27852 33.859 396.647 5171.42 73990.7 1.14844e+06 1.91421e+07 
0.0066842 0.0363944 0.274653 2.54193 27.3985 333.877 4509.11 66494.9 1.05806e+06 1.79857e+07 
0.0045071 0.0257111 0.202496 1.95495 22.0047 280.493 3967.53 61282.5 1.01972e+06 1.80656e+07 
0.0030301 0.0180011 0.147245 1.47346 17.1684 226.387 3311.44 52871.9 908644 1.66008e+07 
0.0020521 0.0127214 0.108025 1.1176 13.4015 181.126 2708.08 44153.5 775477 1.45107e+07 
0.0013903 0.00893132 0.0784979 0.839541 10.3899 144.529 2215.71 36883.2 658724 1.24956e+07 
0.0009383 0.00620518 0.0559211 0.612162 7.75183 110.581 1746.34 30114.8 560214 1.11157e+07 
0.0006385 0.00435035 0.0403117 0.453204 5.89867 86.7379 1418.7 25481 496245 1.03451e+07 
0.0004341 0.00306586 0.0293559 0.339576 4.53623 68.3209 1141.46 20867.6 412003 8.67296e+06 
0 0 0 0 0 0 0 0 0 0 
Per-collision Densities L:
0 0 0 0 0 0 0 0 0 0 0 0 0 0 0 0 0 0 0 0 0 0 0 0 0 0 0 0 0 0 0 0 0 0 0 0 0 0 0 0 0 0 0 0 0 0 0 0 0 0 0 
0.142805 0.116551 0.0961601 0.0790133 0.0645047 0.0530492 0.0437764 0.0357434 0.0291769 0.0239304 0.0197793 0.0161837 0.0133881 0.0109363 0.00904657 0.00735987 0.0060297 0.00494799 0.0041208 0.00335876 0.00272246 0.00217352 0.00182709 0.00151551 0.00124634 0.00101657 0.00087769 0.00069488 0.000586305 0.000477225 0.000369155 0.00031007 0.000259065 0.00019897 0.00016867 0.000142915 0.000116655 9.797e-05 8.686e-05 5.454e-05 5.555e-05 4.141e-05 4.04e-05 3.2825e-05 2.2725e-05 1.6665e-05 1.515e-05 1.7675e-05 1.01e-05 1.111e-05 4.646e-05 
0.0602879 0.0583063 0.0553091 0.0512075 0.0469362 0.0427392 0.0381416 0.0343486 0.0301808 0.0267786 0.023282 0.020151 0.0177306 0.0154772 0.0134209 0.0115887 0.00993689 0.00852238 0.00734523 0.00616807 0.0053323 0.00444097 0.00379104 0.00328856 0.0028583 0.00240027 0.0019387 0.00171498 0.00140996 0.00123725 0.00101505 0.000899405 0.00073023 0.00062115 0.000510555 0.00042218 0.000364105 0.000305525 0.000271185 0.000230785 0.0001919 0.0001616 0.000130795 0.00012221 7.8275e-05 8.5345e-05 6.666e-05 5.252e-05 4.444e-05 3.6865e-05 0.00018685 
0.027568 0.0278876 0.0277043 0.0270387 0.0264635 0.0252303 0.0239577 0.0225397 0.0208787 0.0193279 0.0178512 0.0162686 0.0148435 0.0133759 0.0120129 0.0107545 0.00970307 0.00857844 0.00758157 0.00682811 0.00606051 0.00531866 0.00461924 0.00402233 0.0035749 0.00313959 0.00271943 0.00231189 0.00197506 0.0017973 0.00150945 0.00132361 0.00114181 0.000958995 0.00083628 0.000723665 0.000621655 0.000542875 0.000457025 0.00039289 0.000317645 0.00030805 0.00023634 0.00022826 0.000197455 0.00015756 0.00014544 0.000101 8.888e-05 8.3325e-05 0.00044945 
0.0137153 0.0141784 0.0144152 0.0144657 0.0143986 0.0141698 0.0138486 0.0134805 0.0130053 0.0123008 0.0117372 0.0110231 0.010301 0.00972024 0.00886831 0.00824211 0.00759571 0.00701748 0.00635896 0.00580851 0.00530452 0.00484245 0.00424251 0.00381225 0.00346784 0.00312393 0.00275579 0.00243511 0.00223311 0.00192708 0.00171599 0.00153268 0.00132007 0.00118322 0.00104586 0.000934755 0.000802445 0.000645895 0.000612565 0.000526715 0.00046864 0.000390365 0.000351985 0.000298455 0.00025553 0.000246945 0.000180285 0.000172205 0.000138875 0.000116655 0.000770125 
0.00731594 0.0075745 0.00780377 0.00791386 0.00798456 0.00804213 0.00808707 0.00792648 0.00775276 0.00758258 0.00730937 0.00711091 0.00678619 0.00643219 0.00604081 0.0057873 0.00534189 0.00513838 0.00481568 0.00442734 0.00407333 0.00375165 0.00342946 0.00314363 0.00287497 0.00264115 0.002373 0.00219726 0.00194981 0.00181851 0.00164984 0.00145844 0.0013024 0.00118322 0.00103626 0.000903445 0.00081204 0.000742855 0.00069084 0.000599435 0.00049389 0.00045955 0.00041511 0.000347945 0.0003131 0.00027775 0.00024139 0.0002121 0.000214625 0.00016059 0.00113221 
0.00398395 0.00420261 0.00435613 0.0045248 0.00455864 0.00469852 0.00467984 0.00471367 0.00466418 0.00457278 0.0044541 0.00455005 0.00436724 0.00421069 0.00395617 0.00388598 0.00365317 0.0034946 0.00327392 0.00310373 0.00285578 0.00267448 0.00257904 0.00240532 0.00220685 0.00206444 0.00192405 0.00175942 0.00162661 0.00144784 0.00138673 0.00126048 0.0011206 0.00106656 0.000914555 0.000830725 0.000761035 0.00070498 0.00061812 0.00057166 0.00052419 0.00044339 0.000413595 0.000345925 0.00031007 0.00029593 0.000271185 0.00024442 0.000185335 0.00018786 0.00134684 
0.0022821 0.00247703 0.00253359 0.00264267 0.00273357 0.00277296 0.00277952 0.0028482 0.00281033 0.00279922 0.00280528 0.00283962 0.00265681 0.0025856 0.00254369 0.00249117 0.00241592 0.00232351 0.00225533 0.00210484 0.00198112 0.00193718 0.00180992 0.00175538 0.00163923 0.001515 0.00139128 0.00131048 0.00120493 0.00111908 0.00105293 0.00101556 0.00090496 0.00083325 0.000802445 0.00066862 0.000647915 0.00061105 0.00053025 0.000471165 0.000457025 0.00041713 0.00037067 0.000324715 0.000316635 0.00028886 0.00023937 0.000223715 0.000217655 0.0001717 0.00143723 
0.00134886 0.00138522 0.00148925 0.00159328 0.00159378 0.0016665 0.00169731 0.00170387 0.00173518 0.00175134 0.00172256 0.00172205 0.00169276 0.00165489 0.00164327 0.00154076 0.00158722 0.00147561 0.00143824 0.00140289 0.00139885 0.00130088 0.00125998 0.00120847 0.00111201 0.00105091 0.0010095 0.000995355 0.000926675 0.00082921 0.00078982 0.00074235 0.00071003 0.00065448 0.000601455 0.000536815 0.000506515 0.00044844 0.00045147 0.000397435 0.00037875 0.000343905 0.000314615 0.000278255 0.000261085 0.000216645 0.00021715 0.00018382 0.0001919 0.000160085 0.00143723 
0.000818605 0.000838805 0.00091809 0.000939805 0.000962025 0.00098172 0.00104182 0.00104889 0.00111454 0.0010706 0.00104687 0.00106505 0.0010605 0.00102818 0.00106656 0.00102566 0.0010297 0.00100899 0.000946875 0.00092718 0.000923645 0.000850925 0.000870115 0.00081507 0.00078578 0.000740835 0.000721645 0.0006464 0.00067367 0.00061408 0.000579235 0.000549945 0.000528735 0.00049793 0.000451975 0.00042925 0.000376225 0.000385315 0.0003737 0.00030906 0.00029391 0.00028381 0.000264115 0.000226745 0.0002121 0.00019493 0.00018281 0.00017372 0.000150995 0.000133825 0.00132512 
0.00048076 0.00051813 0.000541865 0.000556005 0.000607515 0.000601455 0.000670135 0.000661045 0.00063933 0.000651955 0.0006666 0.000665085 0.00067064 0.00066761 0.000661045 0.000664075 0.000654985 0.000650945 0.000600445 0.00061105 0.000610545 0.000574185 0.000575195 0.0005353 0.00054742 0.00050601 0.00049793 0.000472175 0.000492375 0.00043733 0.00040299 0.000391375 0.00036966 0.00036562 0.000343905 0.00029189 0.00030199 0.00028684 0.00026462 0.000242905 0.00022725 0.00021311 0.00019493 0.000185335 0.000172205 0.000155035 0.000144935 0.000140895 0.000121705 0.00011413 0.00117766 
0.000302495 0.000322695 0.000331785 0.00036259 0.00035552 0.000381275 0.000395415 0.000407535 0.000398445 0.000424705 0.00041006 0.000443895 0.000442885 0.000425715 0.00044339 0.00044642 0.000402485 0.000407535 0.00040804 0.000416625 0.000390365 0.000390365 0.00038885 0.000386325 0.0003636 0.00034542 0.0003333 0.00031411 0.00031007 0.00029694 0.000308555 0.00027068 0.000267145 0.000237855 0.00024846 0.00021614 0.000210585 0.000215635 0.000183315 0.00017473 0.00016867 0.000143925 0.00013635 0.00013837 0.000137865 0.000114635 0.00012221 0.000109585 0.000106555 7.979e-05 0.00104687 
0.000190385 0.000202505 0.0001919 0.000225735 0.0002121 0.000245935 0.000241895 0.000261085 0.000255025 0.000278255 0.0002727 0.00025957 0.000281285 0.000290375 0.000270175 0.000282295 0.00027472 0.000274215 0.000258055 0.000256035 0.000257045 0.00024846 0.00025553 0.000218665 0.000240885 0.000224725 0.00024038 0.000238865 0.00022119 0.00021816 0.00021311 0.000193415 0.00017776 0.00017675 0.000165135 0.000158065 0.00014948 0.00014544 0.00011514 0.000131805 0.000123725 0.000133825 0.000117665 0.00011413 0.000101505 9.0395e-05 9.4435e-05 8.5345e-05 8.282e-05 6.565e-05 0.000853955 
0.000113625 0.000127765 0.00012221 0.0001515 0.000140895 0.00016362 0.00016665 0.00016463 0.000161095 0.000171195 0.00016867 0.00018584 0.000189375 0.000183315 0.000169175 0.000171195 0.00015756 0.000180285 0.00016968 0.00016261 0.000186345 0.000167155 0.000179275 0.00017271 0.00016867 0.0001616 0.0001515 0.000153015 0.0001515 0.000149985 0.00015049 0.000127765 0.00013736 0.0001111 0.00012019 0.000111605 0.000111605 0.00010302 0.000105545 8.8375e-05 9.393e-05 9.1405e-05 8.2315e-05 7.3225e-05 7.474e-05 6.8175e-05 6.969e-05 6.3125e-05 5.454e-05 5.9085e-05 0.00064842 
6.2115e-05 8.0295e-05 6.8175e-05 8.484e-05 9.595e-05 0.00011009 0.000107565 9.6455e-05 0.0001111 0.000111605 9.595e-05 0.00011615 0.000110595 0.00010807 0.00012625 0.000113625 0.000120695 0.0001212 0.000122715 0.000112615 0.00011312 0.000110595 0.000108575 9.191e-05 0.00010605 0.000104535 0.000101505 0.00011312 9.0395e-05 0.000100495 0.000102515 7.878e-05 8.6355e-05 9.4435e-05 7.07e-05 7.171e-05 7.5245e-05 7.07e-05 6.969e-05 6.9185e-05 7.0195e-05 6.5145e-05 6.0095e-05 5.9085e-05 5.05e-05 5.5045e-05 4.848e-05 4.343e-05 4.343e-05 4.1915e-05 0.00051207 
4.7975e-05 5.454e-05 5.353e-05 5.6055e-05 5.2015e-05 6.464e-05 5.8075e-05 6.0095e-05 7.2215e-05 8.2315e-05 7.575e-05 6.06e-05 7.5245e-05 7.171e-05 7.979e-05 8.383e-05 8.6355e-05 6.161e-05 8.282e-05 7.8275e-05 8.181e-05 7.373e-05 7.5245e-05 7.07e-05 7.676e-05 7.979e-05 6.767e-05 7.2215e-05 5.858e-05 5.959e-05 5.858e-05 5.858e-05 5.1005e-05 5.454e-05 5.454e-05 5.656e-05 5.2015e-05 4.5955e-05 5.656e-05 5.2015e-05 3.8885e-05 4.0905e-05 4.242e-05 4.444e-05 3.333e-05 3.4845e-05 3.333e-05 3.7875e-05 3.333e-05 2.2725e-05 0.00042723 
2.929e-05 2.323e-05 3.6865e-05 3.3835e-05 3.333e-05 3.636e-05 4.141e-05 4.6965e-05 4.7975e-05 4.9995e-05 4.8985e-05 4.646e-05 4.0905e-05 5.454e-05 4.646e-05 5.4035e-05 5.454e-05 5.454e-05 5.151e-05 5.454e-05 4.9995e-05 4.5955e-05 4.747e-05 4.242e-05 5.05e-05 4.646e-05 4.4945e-05 3.9895e-05 4.2925e-05 4.444e-05 4.141e-05 4.141e-05 4.2925e-05 4.0905e-05 3.535e-05 3.5855e-05 3.5855e-05 3.1815e-05 2.5755e-05 2.9795e-05 2.5755e-05 2.727e-05 3.636e-05 2.929e-05 2.6765e-05 2.9795e-05 2.1715e-05 2.525e-05 2.626e-05 1.5655e-05 0.00032926 
2.0705e-05 2.525e-05 1.5655e-05 1.5655e-05 2.424e-05 2.828e-05 2.6765e-05 2.929e-05 2.7775e-05 3.0805e-05 2.9795e-05 2.9795e-05 2.6765e-05 3.838e-05 2.727e-05 3.2825e-05 3.2825e-05 3.7875e-05 3.1815e-05 2.9795e-05 3.3835e-05 3.434e-05 2.727e-05 3.737e-05 3.333e-05 3.5855e-05 3.03e-05 3.333e-05 2.727e-05 2.9795e-05 2.9795e-05 2.7775e-05 2.727e-05 2.525e-05 2.4745e-05 2.02e-05 2.2725e-05 2.6765e-05 1.919e-05 2.3735e-05 2.02e-05 1.919e-05 1.9695e-05 1.9695e-05 2.0705e-05 1.616e-05 2.121e-05 1.515e-05 1.5655e-05 1.6665e-05 0.000238865 
1.212e-05 1.515e-05 1.616e-05 1.515e-05 1.5655e-05 1.9695e-05 1.616e-05 1.616e-05 2.323e-05 2.222e-05 2.3735e-05 1.515e-05 1.9695e-05 1.515e-05 2.626e-05 2.1715e-05 2.828e-05 1.919e-05 2.0705e-05 2.525e-05 1.8685e-05 2.0705e-05 1.717e-05 1.5655e-05 1.5655e-05 2.4745e-05 1.6665e-05 1.7675e-05 1.7675e-05 1.818e-05 1.6665e-05 1.8685e-05 2.121e-05 1.4645e-05 1.717e-05 1.8685e-05 1.7675e-05 1.6665e-05 1.8685e-05 1.8685e-05 2.0705e-05 1.8685e-05 1.515e-05 1.515e-05 9.595e-06 1.313e-05 1.717e-05 8.585e-06 1.111e-05 1.0605e-05 0.00016968 
0 0 0 0 0 0 0 0 0 0 0 0 0 0 0 0 0 0 0 0 0 0 0 0 0 0 0 0 0 0 0 0 0 0 0 0 0 0 0 0 0 0 0 0 0 0 0 0 0 0 0 
Per-collision Densities L:
0.906699 0.745202 0.610296 0.500801 0.410403 0.336769 0.276406 0.226663 0.186483 0.152542 0.125198 0.102542 0.0845037 0.0691178 0.0565181 0.0464469 0.0381639 0.0315403 0.025902 0.0212065 0.0173745 0.0142041 0.0115978 0.00958137 0.00785679 0.00640896 0.00524241 0.00436472 0.00362944 0.00296688 0.00240986 0.0019993 0.00160641 0.00130795 0.00112211 0.00089587 0.00071306 0.000599435 0.000492375 0.00038077 0.000326735 0.00025553 0.0002121 0.00019493 0.0001515 0.00012827 0.000101505 9.0395e-05 6.9185e-05 5.959e-05 0.0002525 
0.0334209 0.0843522 0.115686 0.132718 0.140195 0.140773 0.136367 0.129364 0.120272 0.110477 0.0999163 0.0901056 0.0800632 0.0710293 0.0626205 0.0546259 0.0479725 0.0418822 0.0362423 0.0312509 0.0271069 0.0232542 0.0200435 0.0170251 0.0145561 0.0125154 0.0106984 0.00914555 0.0075947 0.00657662 0.00553884 0.00463136 0.00403899 0.00341027 0.00283709 0.00236391 0.00202253 0.00172306 0.00144127 0.00117918 0.00102869 0.000859005 0.00073023 0.000614585 0.00050298 0.00039289 0.000370165 0.00031916 0.00023432 0.00020099 0.00106353 
0.00512777 0.0157893 0.0261848 0.0348531 0.0418095 0.0473811 0.0515923 0.0537542 0.0543486 0.0537926 0.0530523 0.0509197 0.0484664 0.0455495 0.042676 0.0394193 0.0363812 0.0330719 0.0302884 0.02717 0.0243193 0.0220175 0.0196364 0.0175033 0.0154262 0.0137431 0.0122139 0.0107272 0.00944401 0.00821585 0.00719928 0.00628877 0.00546158 0.00465307 0.004141 0.00355268 0.00302293 0.00266085 0.0023124 0.0019488 0.00170236 0.00139481 0.00121958 0.00106 0.000917585 0.000788305 0.000660035 0.000583275 0.00050702 0.00040804 0.00236441 
0.00185234 0.0056959 0.00935058 0.0128023 0.0157302 0.0187845 0.0211221 0.0228644 0.0243304 0.0255101 0.0260666 0.0260388 0.0257505 0.0253586 0.0246566 0.0239022 0.0226371 0.0216155 0.020448 0.0190365 0.0177078 0.0165706 0.0152742 0.0139456 0.0126169 0.0117291 0.0105368 0.00936422 0.00856733 0.00777347 0.00706243 0.00624837 0.00549945 0.00495254 0.00426574 0.00393648 0.0034335 0.00305828 0.002727 0.0023533 0.00208565 0.00184527 0.00161499 0.00136401 0.00118372 0.00110141 0.000944855 0.00082214 0.000688315 0.000637815 0.00377185 
0.00086557 0.00255278 0.0042016 0.00582922 0.00723665 0.00857844 0.00983185 0.0108575 0.0115872 0.0126099 0.0130977 0.0135865 0.0137916 0.0139688 0.0137168 0.0136193 0.0135229 0.0128967 0.0126437 0.0121447 0.0115973 0.0109742 0.0103894 0.00971469 0.00924807 0.00856379 0.00800021 0.00740431 0.00665893 0.0062009 0.00574943 0.00520251 0.00469802 0.00437532 0.00395567 0.00351026 0.00320019 0.00288153 0.00263863 0.00233613 0.0020907 0.00188113 0.00167004 0.00150894 0.0012928 0.00117867 0.00102364 0.000890315 0.00083123 0.000753965 0.00506667 
0.00042925 0.00126856 0.00213817 0.00285426 0.00366883 0.00438795 0.00496466 0.00563732 0.00605445 0.00654026 0.00686497 0.00720686 0.00761288 0.0077568 0.00770731 0.00789265 0.00781639 0.00777448 0.00749824 0.00747602 0.00723918 0.00704273 0.00671246 0.00638825 0.0061403 0.00583477 0.00553581 0.00524645 0.00495102 0.00452026 0.00429099 0.00394405 0.00366681 0.00343047 0.00309818 0.00293304 0.00259873 0.00244774 0.00224523 0.00202253 0.00184174 0.00169832 0.00150187 0.00138875 0.00121049 0.00114938 0.000997375 0.000867085 0.000797395 0.00074639 0.00559944 
0.000199475 0.00069892 0.00108171 0.00155136 0.00193365 0.00230432 0.00261792 0.00297698 0.00328553 0.0035451 0.00380366 0.00409808 0.00423695 0.00434553 0.0044945 0.00448339 0.00460813 0.00460813 0.00461974 0.00455308 0.00442128 0.00450157 0.004292 0.0041612 0.00400364 0.00381881 0.00374003 0.00353399 0.00339259 0.0031911 0.00304566 0.00277245 0.00260782 0.00251894 0.00233108 0.00219019 0.00199374 0.00192607 0.00176043 0.00158772 0.00148622 0.00138168 0.00128018 0.00112413 0.00102313 0.00100142 0.000883245 0.00080598 0.000705485 0.00067165 0.00573882 
0.00011918 0.00034946 0.00060701 0.00082113 0.00105293 0.00130745 0.00150137 0.00170034 0.00188416 0.00203414 0.00212353 0.0023528 0.00241239 0.00258813 0.00262247 0.00271236 0.00267246 0.00268458 0.00278104 0.00282245 0.00270024 0.00272498 0.00270175 0.00263711 0.00255328 0.00248814 0.00240481 0.00235027 0.00230785 0.00218362 0.0021104 0.00198061 0.00183315 0.0017569 0.00169882 0.00161954 0.0015347 0.0014039 0.00131401 0.0012519 0.00116251 0.00109333 0.00094839 0.00089789 0.000805475 0.00077568 0.00073225 0.00067064 0.000610545 0.000536815 0.00536108 
6.262e-05 0.000223715 0.00032421 0.000487325 0.00062014 0.00073629 0.000824665 0.000961015 0.00109989 0.00121604 0.00124079 0.00140087 0.0014438 0.00152056 0.00158924 0.00156651 0.00164731 0.00167004 0.00172912 0.00170185 0.00170286 0.00168216 0.0016458 0.0016559 0.00165287 0.00160489 0.00160489 0.00152207 0.0014948 0.00144279 0.00139178 0.00130543 0.00134583 0.00125543 0.00117665 0.00112009 0.00108525 0.00099485 0.000950915 0.000877185 0.00084941 0.000814565 0.0007575 0.000711545 0.000692355 0.000587315 0.0005454 0.00051106 0.00048884 0.00046864 0.00469044 
3.838e-05 0.0001212 0.00021715 0.000279265 0.000351985 0.000420665 0.000479245 0.000575195 0.000612565 0.00075144 0.00073326 0.000798405 0.000861025 0.00096556 0.000924655 0.000978185 0.00102263 0.00105646 0.00101657 0.00103778 0.0010499 0.00105545 0.00105848 0.000998385 0.00108323 0.00102313 0.00103323 0.00099586 0.000949905 0.000932735 0.000926675 0.00087062 0.000833755 0.000820625 0.000808 0.000753965 0.000732755 0.00071609 0.00071609 0.000623675 0.000608525 0.00058782 0.000513585 0.000512575 0.00049389 0.000408545 0.000416625 0.00041208 0.000396425 0.00036663 0.0039284 
2.4745e-05 7.4235e-05 0.00012019 0.000167155 0.000196445 0.000262095 0.00030704 0.00033229 0.00038481 0.0004343 0.00048177 0.00048177 0.000539845 0.000508535 0.000588325 0.00059994 0.000634785 0.00063226 0.000626705 0.00064236 0.00065448 0.000674175 0.00065246 0.000673165 0.00067872 0.000673165 0.0006868 0.00062115 0.000588325 0.000601455 0.00060095 0.000586305 0.00059287 0.00056459 0.00055348 0.000522675 0.000488335 0.00049995 0.00045046 0.000436825 0.0004444 0.00040703 0.000381275 0.000366125 0.000345925 0.00033128 0.000300475 0.000295425 0.000274215 0.00028078 0.00321786 
1.5655e-05 4.4945e-05 6.565e-05 0.000115645 0.000117665 0.0001616 0.000185335 0.000207555 0.000237855 0.000265125 0.000277245 0.000308555 0.000304515 0.0003333 0.00033532 0.00037572 0.00040097 0.000384305 0.00041713 0.00038683 0.00038986 0.00040602 0.00043329 0.000430765 0.00041612 0.000413595 0.00043531 0.000406525 0.000406525 0.00042319 0.00039592 0.000414605 0.00039491 0.00037269 0.000354005 0.0003636 0.000330775 0.000350975 0.00030502 0.000309565 0.00028785 0.000299465 0.00025452 0.000255025 0.000238865 0.0002525 0.00022725 0.000217655 0.000208565 0.000173215 0.00255934 
1.3635e-05 2.5755e-05 3.7875e-05 6.464e-05 7.8275e-05 9.7465e-05 0.000113625 0.00012625 0.000135845 0.0001717 0.000177255 0.000191395 0.000205535 0.000213615 0.00020604 0.000235835 0.00024947 0.00023533 0.00025957 0.000270175 0.00025048 0.000273205 0.000271185 0.00027674 0.00028583 0.00027472 0.000270175 0.000266135 0.000256035 0.00026159 0.000269165 0.000278255 0.00024139 0.00024644 0.000240885 0.000240885 0.000244925 0.0002323 0.000217655 0.00022321 0.00019897 0.00021412 0.00019089 0.00017473 0.000164125 0.000168165 0.00014241 0.0001616 0.00015453 0.00014342 0.00193971 
4.545e-06 2.121e-05 2.222e-05 4.1915e-05 4.444e-05 5.454e-05 6.969e-05 7.373e-05 9.1405e-05 0.000102515 0.000106555 0.00011615 0.000123725 0.000128775 0.00014039 0.00014342 0.00014443 0.00014847 0.00016463 0.0001616 0.000182305 0.00016463 0.000171195 0.000174225 0.00015554 0.00016867 0.000178265 0.00017069 0.000175235 0.00015958 0.000170185 0.000174225 0.000160085 0.000159075 0.00017069 0.00016564 0.00014847 0.00014544 0.00013332 0.000150995 0.0001313 0.00013736 0.000132815 0.00013433 0.00012625 0.000111605 0.000120695 0.00010908 0.00010302 0.00010201 0.00150238 
1.515e-06 9.595e-06 1.414e-05 2.5755e-05 2.6765e-05 4.141e-05 4.343e-05 6.161e-05 6.2115e-05 6.5145e-05 6.868e-05 7.777e-05 7.0195e-05 7.9285e-05 8.585e-05 9.393e-05 8.686e-05 9.898e-05 0.000107565 9.494e-05 0.000103525 0.000112615 0.00011817 0.00010807 0.00011716 0.0001212 0.000111605 0.00010706 0.00011009 0.00012019 0.00011716 0.0001212 0.000123725 0.00010807 0.000101505 9.09e-05 9.8475e-05 9.797e-05 0.000104535 9.595e-05 9.393e-05 9.1405e-05 8.9385e-05 9.8475e-05 7.878e-05 7.2215e-05 7.373e-05 7.7265e-05 7.676e-05 6.7165e-05 0.00118423 
1.515e-06 4.545e-06 8.585e-06 1.313e-05 1.6665e-05 2.6765e-05 2.6765e-05 2.9795e-05 2.8785e-05 4.2925e-05 5.656e-05 4.646e-05 5.1005e-05 5.4035e-05 6.2115e-05 5.454e-05 6.3125e-05 6.666e-05 5.5045e-05 5.858e-05 5.7065e-05 7.272e-05 6.4135e-05 7.373e-05 6.8175e-05 6.7165e-05 6.4135e-05 7.474e-05 7.878e-05 7.2215e-05 7.878e-05 8.383e-05 7.8275e-05 8.5345e-05 7.676e-05 6.4135e-05 6.363e-05 7.6255e-05 6.565e-05 6.363e-05 5.9085e-05 6.0095e-05 6.2115e-05 6.8175e-05 5.757e-05 5.4035e-05 6.363e-05 4.747e-05 5.5045e-05 5.1005e-05 0.000842845 
5.05e-07 1.515e-06 5.05e-06 8.08e-06 1.2625e-05 2.02e-05 1.9695e-05 1.414e-05 2.323e-05 2.3735e-05 3.131e-05 3.0805e-05 3.9895e-05 3.4845e-05 3.3835e-05 3.535e-05 3.939e-05 4.1915e-05 3.3835e-05 6.262e-05 4.545e-05 5.151e-05 4.343e-05 4.04e-05 3.9895e-05 5.151e-05 5.3025e-05 3.636e-05 4.848e-05 4.545e-05 4.3935e-05 4.7975e-05 3.838e-05 4.444e-05 5.252e-05 4.3935e-05 4.3935e-05 6.161e-05 4.3935e-05 4.646e-05 3.8885e-05 4.242e-05 4.141e-05 4.949e-05 3.737e-05 3.9895e-05 3.737e-05 3.838e-05 3.4845e-05 3.838e-05 0.000609535 
3.03e-06 2.525e-06 3.03e-06 4.545e-06 5.555e-06 1.01e-05 9.09e-06 1.5655e-05 1.515e-05 1.818e-05 1.7675e-05 2.525e-05 1.818e-05 2.222e-05 2.1715e-05 2.727e-05 2.7775e-05 2.1715e-05 3.3835e-05 2.2725e-05 3.1815e-05 2.7775e-05 3.0805e-05 2.929e-05 3.1815e-05 3.636e-05 3.3835e-05 3.939e-05 3.2825e-05 3.2825e-05 3.03e-05 3.0805e-05 2.828e-05 2.929e-05 2.6765e-05 2.5755e-05 2.525e-05 2.3735e-05 2.9795e-05 3.03e-05 2.8785e-05 2.424e-05 2.828e-05 2.424e-05 2.4745e-05 3.4845e-05 2.828e-05 3.1815e-05 2.424e-05 2.727e-05 0.00046056 
5.05e-07 1.515e-06 2.525e-06 3.535e-06 4.545e-06 4.545e-06 7.575e-06 6.565e-06 9.595e-06 1.414e-05 1.414e-05 8.08e-06 1.2625e-05 1.111e-05 1.414e-05 1.9695e-05 1.818e-05 9.09e-06 1.5655e-05 1.414e-05 1.616e-05 1.919e-05 2.424e-05 1.616e-05 1.919e-05 2.1715e-05 1.919e-05 1.8685e-05 1.6665e-05 2.424e-05 2.828e-05 2.4745e-05 2.626e-05 1.7675e-05 2.323e-05 1.6665e-05 1.9695e-05 1.919e-05 2.1715e-05 1.7675e-05 2.222e-05 1.515e-05 2.5755e-05 1.919e-05 1.616e-05 1.6665e-05 1.717e-05 1.8685e-05 1.7675e-05 1.0605e-05 0.00035249 
0 0 0 0 0 0 0 0 0 0 0 0 0 0 0 0 0 0 0 0 0 0 0 0 0 0 0 0 0 0 0 0 0 0 0 0 0 0 0 0 0 0 0 0 0 0 0 0 0 0 0 
