Half rod, albedo problem, Anisotropic scattering, exponential random flight, mu_t: 1 g: -0.9
Analogmu_t c: 0.98 maxx: 10 dx: 0.19802 numsamples: 1000000 numCollisionOrders: 20 numMoments: 10
total albedo: 0.812735
per-collision order albedos: 
0 0.465785 0.022726 0.102167 0.014606 0.045349 0.010868 0.025348 0.008298 0.016107 0.006505 0.010932 0.005238 0.007846 0.004325 0.005847 0.003629 0.004526 0.002952 0.003704 
Collision density L:
0.793062 0.76756 0.734487 0.712383 0.67825 0.654889 0.631558 0.606954 0.582149 0.563383 0.54238 0.51814 0.498435 0.482255 0.464817 0.443774 0.429134 0.412893 0.395223 0.379442 0.366726 0.354818 0.338567 0.328472 0.313676 0.300813 0.292602 0.280982 0.269044 0.262398 0.251349 0.242824 0.231901 0.223665 0.216408 0.207641 0.201566 0.19243 0.185885 0.177639 0.172665 0.16458 0.16008 0.154182 0.14893 0.142839 0.137087 0.131295 0.126104 0.122119 3.11697 
Collision density R:
0.981291 0.942411 0.908364 0.870751 0.8413 0.806308 0.777988 0.747647 0.720473 0.691325 0.666282 0.640926 0.614918 0.59282 0.571352 0.54841 0.527255 0.507217 0.488476 0.472529 0.451016 0.43686 0.417367 0.401965 0.386138 0.370943 0.357535 0.345607 0.332588 0.320508 0.306293 0.297395 0.28682 0.274468 0.26558 0.253404 0.247187 0.235502 0.228427 0.219337 0.212307 0.202606 0.194829 0.188355 0.180038 0.177134 0.168655 0.162312 0.157409 0.149273 3.83333 
Density Moments:
9.32409 48.2372 499.37 7746.33 160112 4.13762e+06 1.28229e+08 4.61389e+09 1.87395e+11 8.37938e+12 
Per-collision Density Moments:
1 1.00157 2.0079 6.04531 24.3313 122.973 751.394 5417.87 45349.8 434763 
0.514263 0.564396 1.23002 3.99799 17.2299 92.2755 590.101 4395.98 37573 364414 
0.481206 0.943714 2.81999 11.2793 56.5135 340.765 2410.86 19695.9 183917 1.94719e+06 
0.369385 0.682515 2.08217 8.68498 45.7479 290.956 2171.33 18647.4 181666 1.98325e+06 
0.347279 0.897032 3.33312 15.9538 93.1021 639.96 5056.86 45084.3 446522 4.84595e+06 
0.2949 0.720372 2.70162 13.3076 80.5311 575.753 4736.98 43985.3 453749 5.12894e+06 
0.278142 0.855042 3.69877 20.2445 133.055 1015.9 8800.08 84929.6 899879 1.03388e+07 
0.24735 0.731742 3.19728 17.9139 121.043 951.132 8478.55 84161.8 916517 1.08122e+07 
0.234064 0.81876 3.97688 24.1544 174.503 1454.51 13695.6 143379 1.64747e+06 2.05477e+07 
0.213194 0.727829 3.57886 22.2192 164.445 1402.83 13485.5 143682 1.67463e+06 2.11189e+07 
0.202348 0.785525 4.19438 27.7442 216.459 1934.1 19397.8 215102 2.60515e+06 3.4095e+07 
0.187362 0.717729 3.88747 26.3171 210.847 1935.35 19901.6 225421 2.77428e+06 3.66772e+07 
0.178232 0.754192 4.36217 31.0933 260.294 2486.54 26579.5 313278 4.0227e+06 5.56816e+07 
0.16683 0.702202 4.12211 29.9853 256.501 2500.8 27191.9 324301 4.1852e+06 5.77794e+07 
0.159089 0.725734 4.50051 34.2499 305.205 3096.04 35051.5 436131 5.88907e+06 8.53826e+07 
0.150066 0.684409 4.30687 33.4137 303.947 3146.64 36320.2 460136 6.31714e+06 9.2981e+07 
0.143376 0.697827 4.5962 37.0029 347.392 3697.23 43737.7 566465 7.93253e+06 1.1884e+08 
0.136011 0.66513 4.45266 36.5279 349.328 3780.24 45348.5 593702 8.37585e+06 1.25993e+08 
0.130279 0.67164 4.6732 39.5935 389.679 4332.64 53393.1 718855 1.04498e+07 1.62371e+08 
0 0 0 0 0 0 0 0 0 0 
Per-collision Densities L:
0 0 0 0 0 0 0 0 0 0 0 0 0 0 0 0 0 0 0 0 0 0 0 0 0 0 0 0 0 0 0 0 0 0 0 0 0 0 0 0 0 0 0 0 0 0 0 0 0 0 0 
0.420468 0.346824 0.284032 0.233467 0.190047 0.157636 0.128331 0.105888 0.0870014 0.0718615 0.0579942 0.0474751 0.0393496 0.0326432 0.0270125 0.0213312 0.0175437 0.0148167 0.0115746 0.0100192 0.00833755 0.00652965 0.00560045 0.004343 0.00374205 0.0029492 0.00247955 0.0019594 0.00162105 0.0014443 0.0013231 0.00096455 0.0006363 0.0006363 0.0004545 0.0003535 0.0003333 0.00031815 0.0002727 0.00018685 0.0001818 0.000101 9.09e-05 7.07e-05 8.585e-05 9.595e-05 7.575e-05 5.05e-05 4.04e-05 3.535e-05 0.0001212 
0.0228361 0.0218867 0.0207151 0.0192102 0.0172761 0.0153015 0.0143774 0.0127109 0.0110797 0.0098475 0.00890315 0.0075447 0.00648925 0.0054742 0.00512575 0.0041713 0.00390365 0.0033128 0.00265125 0.0022927 0.002121 0.0015251 0.0013837 0.00121705 0.0010908 0.0009191 0.00079285 0.000707 0.0005555 0.000404 0.00036865 0.00027775 0.00024745 0.0002424 0.0002222 0.00014645 0.00018685 0.00013635 0.0001212 0.0001111 5.05e-05 5.555e-05 5.05e-05 4.04e-05 5.555e-05 5.05e-05 2.02e-05 3.03e-05 1.01e-05 1.01e-05 3.535e-05 
0.109297 0.11972 0.122154 0.120872 0.11461 0.108721 0.101313 0.0924655 0.0831079 0.074129 0.0659934 0.0585952 0.0499849 0.0454702 0.039188 0.033931 0.0298102 0.0250278 0.0218211 0.0187658 0.0159782 0.0140996 0.0120695 0.0101 0.0083729 0.0073023 0.0063731 0.0052217 0.0044642 0.00372185 0.00322695 0.00264115 0.00246945 0.0018887 0.00161095 0.0015049 0.00122715 0.0009696 0.0008585 0.0006565 0.00065145 0.000505 0.000303 0.0003838 0.00028785 0.00025755 0.0002121 0.0001414 0.00012625 0.000101 0.00059085 
0.0157409 0.0170892 0.0176296 0.0187153 0.0184275 0.0175033 0.0175134 0.0168569 0.0153975 0.0148975 0.0134734 0.0123675 0.0114231 0.0105949 0.00981215 0.00864055 0.00737805 0.00713565 0.00606 0.0054237 0.00490355 0.00421675 0.00366125 0.00370165 0.0028886 0.0023432 0.0022523 0.00204525 0.00162105 0.0014746 0.00130795 0.0010605 0.00095445 0.0009191 0.0006969 0.0005454 0.0005757 0.0004545 0.00040905 0.0002929 0.00023735 0.0002323 0.00026765 0.0001717 0.00017675 0.0001313 9.595e-05 9.595e-05 9.595e-05 6.565e-05 0.0004646 
0.0489497 0.0563429 0.0607616 0.0644986 0.0642411 0.0656803 0.0645845 0.062615 0.0609081 0.0579134 0.0538987 0.0491618 0.0465964 0.0422433 0.0385164 0.0350016 0.0317191 0.0283861 0.0251793 0.0225382 0.020195 0.0175286 0.015453 0.0138875 0.0119988 0.010504 0.00937785 0.0081507 0.00708515 0.00627715 0.0052419 0.00471165 0.00397435 0.0035653 0.00292395 0.0027472 0.00244925 0.00197455 0.00146955 0.0013635 0.00126755 0.00103525 0.00095445 0.00077265 0.00068175 0.00042925 0.0005252 0.0003838 0.0002929 0.00031815 0.00167155 
0.011408 0.0133371 0.0140744 0.0150339 0.01565 0.0159126 0.0158469 0.0157914 0.0156752 0.0152561 0.0145491 0.0140441 0.0131199 0.0124937 0.0116453 0.0108373 0.0100748 0.0093728 0.00856985 0.00769115 0.0072316 0.0064135 0.00591355 0.00526715 0.0046157 0.00417635 0.0037471 0.003333 0.0030704 0.00288355 0.002222 0.00214625 0.0020099 0.00162105 0.0014443 0.00116655 0.00121705 0.00110595 0.0008484 0.00077265 0.0006767 0.0005757 0.0004949 0.0004444 0.00034845 0.00032825 0.00026765 0.00023735 0.0002222 0.000202 0.00109585 
0.0280376 0.0321433 0.0348602 0.0386426 0.0408848 0.0412686 0.0419201 0.0434098 0.0418746 0.0410717 0.0396678 0.0388143 0.0361025 0.0349157 0.0334916 0.0309818 0.0283053 0.0262802 0.0245986 0.02222 0.0203111 0.018685 0.0168165 0.0150137 0.013433 0.0122816 0.0114585 0.00992325 0.0088072 0.0082517 0.0071508 0.00629735 0.00542875 0.00501465 0.0046056 0.00390365 0.0034239 0.0030603 0.0025149 0.0022321 0.00203515 0.00171195 0.00160085 0.00126755 0.00122715 0.0009595 0.0007979 0.00072215 0.0007676 0.0006767 0.00354005 
0.00877185 0.0103929 0.0112262 0.0120847 0.0130088 0.0133219 0.0136805 0.0138219 0.0136502 0.0139481 0.013837 0.0138673 0.0131098 0.0127008 0.0121301 0.0113575 0.0111555 0.00990305 0.009595 0.00918595 0.00823655 0.00809515 0.00735785 0.0067266 0.00603475 0.00544895 0.0052924 0.00472175 0.0040198 0.00400465 0.00364105 0.0030906 0.0029593 0.00244925 0.0023432 0.0019998 0.00187355 0.00178265 0.00153015 0.0012625 0.00093425 0.0009898 0.00098475 0.0008383 0.0007575 0.0005959 0.00051005 0.0003838 0.00039895 0.0003535 0.00232805 
0.0176851 0.0207505 0.0228563 0.0247299 0.0265731 0.0281689 0.0290375 0.0297041 0.0300324 0.0298809 0.0302697 0.0290123 0.0280225 0.0269569 0.0271892 0.0257197 0.0242956 0.0231543 0.0214474 0.0200586 0.0191749 0.0178972 0.0162004 0.0153571 0.0135088 0.0125644 0.0115948 0.0105596 0.0096152 0.00897385 0.0081608 0.0073225 0.0064337 0.00576205 0.00549945 0.00462075 0.00414605 0.0036461 0.0033936 0.00302495 0.0030098 0.0024745 0.0021008 0.00197455 0.00161095 0.0014645 0.00134835 0.00110595 0.0011211 0.00089385 0.00599435 
0.0067569 0.00807495 0.00899405 0.0100091 0.0109282 0.0110444 0.0118524 0.0118675 0.0118423 0.0123422 0.0121402 0.0119685 0.0119029 0.0121099 0.0114787 0.0108474 0.0106404 0.0104889 0.0101253 0.0095142 0.00886275 0.00826685 0.0077366 0.0076053 0.00686295 0.0065044 0.0063832 0.00575195 0.00528735 0.00482275 0.00421675 0.0040905 0.0037471 0.0032623 0.0029492 0.0027775 0.00243915 0.00236845 0.00219675 0.0017877 0.00168165 0.0015958 0.0013837 0.0013837 0.0009797 0.00105545 0.00087365 0.0007878 0.00061105 0.00064135 0.00445915 
0.0115847 0.0141097 0.0157207 0.0173973 0.0182911 0.0198718 0.0212757 0.0208313 0.0216948 0.023028 0.0229826 0.0213312 0.0224372 0.0219069 0.0209727 0.0206444 0.0202606 0.0193163 0.01868 0.0173619 0.0168973 0.0160691 0.0149884 0.013933 0.0128523 0.0125341 0.0112464 0.0106 0.0099788 0.0092112 0.0086759 0.00766085 0.00695385 0.0062317 0.0056055 0.0052116 0.0046864 0.00465105 0.0038986 0.00357035 0.0033128 0.00291385 0.0026159 0.0025149 0.002121 0.0020099 0.00162105 0.0015554 0.0013433 0.00114635 0.0089688 
0.00558025 0.0066963 0.0075548 0.00836785 0.0086355 0.00932735 0.0100596 0.00982225 0.0102869 0.0107414 0.0105697 0.0108777 0.011105 0.010903 0.0105646 0.0103626 0.0103879 0.0100849 0.009999 0.00928695 0.00895365 0.00817595 0.00791335 0.0080497 0.0071508 0.00680235 0.0068579 0.0061812 0.005757 0.0054944 0.0050601 0.0047066 0.0041915 0.00412585 0.0037673 0.0033431 0.0030199 0.00275225 0.0024341 0.00244925 0.00216645 0.0019998 0.0018483 0.00169175 0.00143925 0.00144935 0.001212 0.0011514 0.0010201 0.0008989 0.007171 
0.00909 0.0100798 0.0113171 0.0127058 0.0134583 0.0148268 0.0150743 0.0159378 0.0160792 0.0173619 0.0170135 0.0166347 0.0174831 0.017569 0.0172054 0.0167812 0.0164125 0.016559 0.0155995 0.0148268 0.0143824 0.0145238 0.0132411 0.0128725 0.0123725 0.0113019 0.0105141 0.0101556 0.00913545 0.00902435 0.0084133 0.00798405 0.0074639 0.006565 0.00618625 0.00543885 0.00481265 0.00490355 0.00433795 0.00368145 0.0035653 0.00307545 0.0030805 0.0029593 0.0025654 0.00239875 0.00198465 0.00178265 0.00146955 0.00152005 0.012317 
0.00466115 0.0054641 0.0062317 0.0068781 0.00721645 0.00781235 0.00867085 0.0087062 0.00888295 0.00888295 0.0095243 0.009999 0.0095546 0.0096758 0.00953945 0.00916575 0.00941825 0.0096556 0.00924655 0.0085648 0.0088577 0.00798405 0.00791335 0.00795375 0.00745885 0.0069084 0.00684275 0.0064539 0.006262 0.00597415 0.00532775 0.00495405 0.0047874 0.0043127 0.0043228 0.003737 0.0035451 0.00330775 0.0028886 0.00266135 0.0026058 0.00222705 0.00209575 0.0018988 0.00203515 0.00183315 0.00153015 0.0014241 0.0013736 0.00118675 0.00999395 
0.00618625 0.00755985 0.00864055 0.0100293 0.0102515 0.0109282 0.0115241 0.0120847 0.0125291 0.0129987 0.0134785 0.0138875 0.0138926 0.0139683 0.0138572 0.014034 0.0133371 0.0136754 0.0130391 0.0128119 0.0124584 0.0122816 0.0118271 0.0113777 0.0107818 0.0104283 0.00974145 0.0092112 0.00883245 0.00845875 0.0076457 0.00775175 0.00685285 0.0064438 0.00615595 0.00573175 0.0054338 0.00482275 0.0044339 0.00429755 0.00389355 0.00349965 0.0032118 0.0029593 0.0028987 0.00243915 0.0022624 0.0019998 0.00182305 0.0017574 0.0156247 
0.00382285 0.00457025 0.0052217 0.0055247 0.0064236 0.00640845 0.006969 0.0077063 0.0081406 0.0079184 0.00868095 0.00825675 0.0086254 0.00884255 0.0087062 0.00842845 0.00846885 0.00831735 0.00828705 0.00829715 0.00797395 0.00803455 0.0072619 0.00743865 0.0072619 0.00653975 0.0066761 0.006363 0.00597415 0.00586305 0.0053833 0.0052924 0.005252 0.00478235 0.00421675 0.00409555 0.00378245 0.00363095 0.0033027 0.00297445 0.0027977 0.0025149 0.00254015 0.00237855 0.0020907 0.0018887 0.0017675 0.0018584 0.0014443 0.0014746 0.013332 
0.00511565 0.00590345 0.00669125 0.00751945 0.00790325 0.0088476 0.00890315 0.00963035 0.0101101 0.0103626 0.0109383 0.0110646 0.0109484 0.0110646 0.0115999 0.0115645 0.0114888 0.0113019 0.0113019 0.0111302 0.0106858 0.0104889 0.0101909 0.0100243 0.0095041 0.0090496 0.0087769 0.0083426 0.0083325 0.00787295 0.00753965 0.0068276 0.0066963 0.0060903 0.0059085 0.0055954 0.0052318 0.0049692 0.00458035 0.00460055 0.0039693 0.00375215 0.0031411 0.00345925 0.00287345 0.0024644 0.00247955 0.0021614 0.0020503 0.00192405 0.0192001 
0.0033027 0.00389355 0.0042622 0.00509545 0.0052823 0.00550955 0.00622665 0.00639835 0.0066761 0.007373 0.0073326 0.0076053 0.00733765 0.0074336 0.00801435 0.0076457 0.00767095 0.00725685 0.0076558 0.0075346 0.00744875 0.00722655 0.0068074 0.0071104 0.00689325 0.0063226 0.00645895 0.00595395 0.00580245 0.0055853 0.005151 0.00509545 0.0048278 0.0045349 0.00445915 0.00424705 0.00409555 0.0041107 0.00350975 0.0033128 0.0031916 0.00309565 0.00274215 0.00226745 0.00216645 0.00226745 0.0021614 0.0019291 0.00171195 0.00173215 0.0165438 
0 0 0 0 0 0 0 0 0 0 0 0 0 0 0 0 0 0 0 0 0 0 0 0 0 0 0 0 0 0 0 0 0 0 0 0 0 0 0 0 0 0 0 0 0 0 0 0 0 0 0 
Per-collision Densities L:
0.90699 0.743153 0.610803 0.497208 0.412297 0.335492 0.278972 0.226897 0.185966 0.152843 0.125695 0.103071 0.0846431 0.0679074 0.0573478 0.0471468 0.0385517 0.0310222 0.025649 0.0212807 0.0177205 0.0142461 0.0116908 0.0095748 0.00780225 0.00644885 0.00520655 0.00436825 0.00342895 0.0028583 0.00248965 0.0020503 0.00164125 0.0012726 0.00116655 0.00095445 0.0005959 0.0006262 0.00067165 0.0003636 0.00029795 0.0002828 0.00020705 0.00020705 0.0001414 0.0001515 8.585e-05 6.565e-05 9.595e-05 8.08e-05 0.0002727 
0.0041612 0.0107363 0.0143774 0.0170034 0.0177154 0.0178972 0.0169529 0.0166448 0.0150187 0.0141855 0.0126351 0.0113777 0.0099384 0.0092314 0.0081305 0.00694375 0.00595395 0.0054641 0.0046157 0.0037976 0.0034239 0.0031512 0.0022624 0.00219675 0.0017978 0.0017473 0.00132815 0.00121705 0.00094435 0.00078275 0.0007272 0.00065145 0.00052015 0.00045955 0.000303 0.000303 0.00027775 0.00021715 0.00021715 0.00017675 0.00017675 0.00014645 6.565e-05 4.545e-05 7.07e-05 5.05e-05 6.565e-05 3.535e-05 1.515e-05 3.535e-05 8.585e-05 
0.0374559 0.0945108 0.130179 0.150081 0.158151 0.158065 0.15453 0.145102 0.136416 0.125316 0.113913 0.102071 0.0911172 0.0812697 0.0717908 0.0635088 0.0542219 0.0471721 0.0408444 0.0348602 0.0303556 0.0271741 0.0230482 0.0200283 0.0162913 0.0143168 0.01212 0.0102919 0.00897385 0.0076558 0.00638825 0.00542875 0.0044541 0.0040198 0.0031916 0.0026765 0.00236845 0.0021917 0.00159075 0.00120695 0.00135845 0.0009191 0.0008787 0.0006565 0.0006161 0.00056055 0.00045955 0.0003434 0.0002828 0.0002525 0.0011211 
0.0020099 0.0062115 0.0096152 0.0125543 0.0140693 0.0164479 0.0170892 0.0177962 0.017771 0.0168923 0.0172003 0.0158368 0.0155086 0.0147006 0.0132765 0.0125897 0.0110494 0.0103071 0.009898 0.0083224 0.00724675 0.00683265 0.00582265 0.00523685 0.00498435 0.00427735 0.00382285 0.00319665 0.00292395 0.0025048 0.00215635 0.00182305 0.0016564 0.0014443 0.00121705 0.00098475 0.00094435 0.0008484 0.000808 0.0004949 0.00049995 0.00044945 0.00037875 0.00034845 0.0002929 0.00021715 0.0002323 0.0001919 0.000202 0.0001212 0.00079285 
0.0094233 0.0269014 0.0424806 0.0561762 0.0651854 0.0718161 0.0761136 0.0789568 0.0800779 0.0790578 0.076654 0.0729372 0.0698213 0.0649531 0.0616454 0.0562671 0.0515656 0.0467681 0.0423342 0.0390567 0.0342895 0.0311131 0.0269569 0.0238259 0.0212454 0.0187052 0.0170842 0.0147814 0.012827 0.0112969 0.00956975 0.0087365 0.0074639 0.00646905 0.00550955 0.00483285 0.0043329 0.00406525 0.0032623 0.0026765 0.00225735 0.0019998 0.0017069 0.00145945 0.00134835 0.0011009 0.00097465 0.00069185 0.00070195 0.00043935 0.0034037 
0.0014342 0.0039188 0.0065044 0.0090395 0.0108777 0.0131957 0.0144986 0.0149531 0.0159075 0.0157712 0.0162459 0.0161853 0.0156096 0.0151349 0.0145592 0.0142259 0.013433 0.0128169 0.0119079 0.0109939 0.0103374 0.009595 0.0087567 0.00772145 0.00713565 0.00654985 0.00561055 0.00514595 0.00506515 0.00430765 0.00376225 0.0034441 0.00323705 0.00276235 0.0023634 0.00198465 0.0018079 0.00171195 0.0015756 0.00126755 0.00120695 0.0009191 0.0009696 0.0007171 0.0006363 0.0006666 0.000505 0.0004646 0.0004141 0.00029795 0.00214625 
0.0042824 0.0123523 0.0202354 0.0269973 0.0331482 0.038274 0.0416019 0.0452935 0.0485103 0.0490456 0.049384 0.0500708 0.0489143 0.0475407 0.0461621 0.0436876 0.0418999 0.039991 0.0368499 0.0333856 0.0321685 0.029184 0.026765 0.0248258 0.0224473 0.0196395 0.0179376 0.0167357 0.0148369 0.0132512 0.0116554 0.0109484 0.0101101 0.0083628 0.0071003 0.00653975 0.005757 0.00527725 0.00457025 0.00426725 0.00359055 0.0031714 0.00274215 0.00259065 0.00196445 0.0020705 0.00163115 0.00130795 0.00123725 0.00101505 0.0068074 
0.00112615 0.00299465 0.0049894 0.0065145 0.0079487 0.0095445 0.0110444 0.0121352 0.0131755 0.0137613 0.0137259 0.0144733 0.0143824 0.01414 0.0143875 0.0139734 0.0133219 0.0130543 0.0127513 0.012221 0.0113979 0.0108626 0.0101202 0.00934755 0.0086355 0.0082719 0.00743865 0.00697405 0.0059085 0.00577215 0.0054742 0.00475205 0.00423695 0.00398445 0.0035451 0.0031916 0.00286335 0.0026765 0.0024644 0.0022422 0.0018988 0.0017473 0.00139885 0.0012726 0.00118675 0.00108575 0.00090395 0.00076255 0.0007373 0.000606 0.0042824 
0.0025755 0.0067367 0.0117665 0.0150036 0.0197405 0.0228816 0.0261944 0.0286032 0.0305626 0.0323352 0.0334613 0.0342542 0.0338098 0.0345319 0.0339916 0.0326634 0.0318756 0.0314363 0.0299566 0.0292143 0.0272852 0.0256793 0.0243006 0.0224473 0.0206091 0.0193011 0.0179578 0.0160691 0.0153066 0.0136148 0.0125442 0.0117362 0.0108777 0.00981215 0.00854965 0.0078477 0.0075346 0.0060701 0.00554995 0.00503485 0.0045955 0.0038784 0.0038784 0.0032522 0.0029189 0.0025553 0.00222705 0.00186345 0.0017978 0.0015049 0.0111353 
0.0007676 0.0022927 0.00387335 0.00523685 0.00642865 0.0076861 0.00893345 0.0097162 0.010605 0.0107363 0.0122362 0.0122715 0.0121806 0.0128169 0.0124331 0.0127866 0.0127614 0.0125897 0.0116706 0.0117211 0.0113171 0.0108424 0.0103677 0.00988285 0.009292 0.00877185 0.0086658 0.0077265 0.00722655 0.0069993 0.00645895 0.00585295 0.00537825 0.00485305 0.00490355 0.00416625 0.00377235 0.00340875 0.0032825 0.0028886 0.0027977 0.0021816 0.0022119 0.00186345 0.00191395 0.00161095 0.001515 0.0011413 0.0012019 0.00096455 0.00732755 
0.0015655 0.00479245 0.00740835 0.0102162 0.0126604 0.014746 0.0169024 0.0190739 0.0206444 0.0219473 0.0233765 0.024038 0.0248258 0.0250783 0.0253712 0.0247753 0.0250076 0.0240178 0.0238209 0.023836 0.0222907 0.0218867 0.0208868 0.0196748 0.0184426 0.0170034 0.0164681 0.0153369 0.0148723 0.013433 0.0124634 0.0118726 0.0107666 0.0102919 0.00946875 0.00803455 0.00736795 0.00715585 0.0063529 0.00563075 0.00505 0.0047167 0.0043329 0.0038784 0.00337845 0.00326735 0.00285325 0.00271185 0.0021917 0.00211595 0.0152561 
0.00053025 0.00191395 0.0029189 0.00405515 0.00539845 0.0063226 0.00703465 0.0078982 0.00883245 0.00927685 0.0104283 0.0103879 0.0105242 0.0111151 0.0108373 0.0113524 0.0115746 0.0111706 0.0109333 0.0114938 0.0105242 0.0103626 0.00997375 0.00973135 0.00957985 0.0087062 0.0090294 0.00863045 0.0077164 0.0072114 0.00715585 0.0065044 0.00617615 0.005454 0.00512575 0.00511565 0.00435815 0.00408545 0.00382285 0.00354005 0.003232 0.0029593 0.0025654 0.0025149 0.00248965 0.002121 0.0019594 0.00158065 0.0015049 0.001414 0.0117564 
0.00100495 0.0032118 0.00509545 0.0068074 0.0089284 0.0104384 0.0117009 0.0136148 0.0146147 0.0157358 0.0169226 0.0179174 0.0180487 0.0184578 0.0196243 0.0186446 0.0196647 0.0184073 0.0190638 0.0188214 0.0181093 0.0181851 0.0175993 0.0168519 0.0160742 0.0150743 0.0147713 0.0141047 0.0131149 0.0126452 0.0114433 0.0112969 0.0105798 0.0099889 0.0090092 0.0082416 0.0076962 0.0070397 0.00634785 0.00607515 0.00565095 0.00479245 0.00451975 0.0043228 0.003838 0.0038077 0.00332795 0.00288355 0.0025351 0.00241895 0.0205535 
0.00042925 0.00143925 0.00237855 0.00318655 0.00435815 0.0049389 0.0058277 0.00663065 0.00740835 0.00790325 0.0085446 0.00876175 0.0092819 0.0096455 0.0099788 0.00987275 0.00976165 0.0099586 0.0101202 0.0101505 0.0100546 0.0095344 0.00912535 0.0093829 0.00914555 0.00860015 0.0087264 0.00829715 0.00743865 0.00729725 0.007171 0.0067064 0.00638825 0.00604485 0.0058984 0.0053732 0.00510555 0.00452985 0.00461065 0.00385315 0.00379255 0.0034138 0.0032118 0.00284315 0.00256035 0.0024543 0.00219675 0.00202505 0.0020402 0.00180285 0.0162459 
0.00081305 0.00227755 0.0035451 0.00478235 0.0065044 0.00772145 0.00868095 0.0102162 0.0108323 0.0118221 0.0114938 0.0133371 0.0140188 0.0145339 0.0145339 0.0152056 0.0150086 0.0148571 0.0151854 0.0151551 0.0149733 0.0149127 0.0144279 0.0143774 0.0138875 0.0132159 0.0125745 0.0124331 0.0121402 0.011307 0.0106505 0.0101101 0.00990305 0.00929705 0.0087365 0.00822645 0.00778205 0.00704475 0.00655995 0.00595395 0.0056257 0.00526715 0.0049591 0.0044642 0.004242 0.00389355 0.00358045 0.00347945 0.0031007 0.002424 0.0249167 
0.00038885 0.00111605 0.0018786 0.0026361 0.00350975 0.00427735 0.0050197 0.0054439 0.0060802 0.00664075 0.00734775 0.0075649 0.0079992 0.00845875 0.0085446 0.00871125 0.0088779 0.00886275 0.00911525 0.00883245 0.0093223 0.00874155 0.00892335 0.00889305 0.0083931 0.0085143 0.00781235 0.00803455 0.0073932 0.00715585 0.00682255 0.006565 0.0066458 0.0061913 0.00612565 0.0056055 0.0049894 0.0049086 0.0046662 0.00458035 0.00414605 0.0035754 0.0034542 0.00333805 0.0027775 0.002828 0.00258055 0.00264115 0.0022624 0.00200485 0.0205838 
0.00052015 0.0014746 0.0026664 0.00391375 0.0046258 0.00589335 0.0067872 0.00749925 0.0082113 0.008989 0.0098475 0.0101202 0.010701 0.0111757 0.0113019 0.0119029 0.0120645 0.0121857 0.0122766 0.0124129 0.0124079 0.012423 0.0124533 0.0119483 0.0117665 0.011514 0.0113575 0.0109484 0.010302 0.0102263 0.00978185 0.009494 0.0088274 0.00860015 0.0079386 0.00749925 0.0072316 0.00680235 0.0063327 0.006262 0.00584285 0.005353 0.00505505 0.00450965 0.00427735 0.00379255 0.0037067 0.0034239 0.0030906 0.0027775 0.0297294 
0.0003232 0.000909 0.001616 0.0022523 0.00294415 0.00364105 0.0039592 0.0046763 0.005252 0.00561055 0.00615595 0.00637815 0.00677205 0.0073326 0.0075043 0.00761035 0.0076457 0.0080901 0.00778205 0.0083426 0.00801435 0.0082416 0.00788305 0.0077063 0.00763055 0.007272 0.0077467 0.00709525 0.0075144 0.006969 0.0066963 0.00660035 0.00606 0.00584285 0.0056661 0.0057873 0.00517625 0.0046561 0.00495405 0.00459045 0.00458035 0.00421675 0.0034946 0.0036562 0.0031007 0.0031007 0.0030502 0.0026765 0.0023331 0.00240885 0.0251642 
0.00039895 0.0013029 0.0023533 0.00307545 0.0038077 0.00468135 0.00492375 0.0060398 0.00662055 0.00741845 0.00754975 0.00810525 0.0085446 0.0087163 0.0091506 0.0095748 0.00944855 0.0101 0.0099384 0.010398 0.0105646 0.0101202 0.0102566 0.010196 0.0100445 0.0097869 0.0098677 0.00960005 0.00932735 0.0092213 0.0088173 0.0086557 0.0079588 0.0075447 0.0074538 0.00666095 0.0069488 0.00627715 0.00658015 0.00561055 0.00558025 0.00510555 0.00509545 0.00447935 0.00476215 0.00394405 0.0039592 0.0035855 0.0031916 0.00284315 0.0334512 
0 0 0 0 0 0 0 0 0 0 0 0 0 0 0 0 0 0 0 0 0 0 0 0 0 0 0 0 0 0 0 0 0 0 0 0 0 0 0 0 0 0 0 0 0 0 0 0 0 0 0 
