Half rod, albedo problem, Anisotropic scattering, exponential random flight, mu_t: 3 g: -0.9
Analogmu_t c: 0.95 maxx: 10 dx: 0.19802 numsamples: 1000000 numCollisionOrders: 20 numMoments: 10
total albedo: 0.718383
per-collision order albedos: 
0 0.452233 0.021372 0.0926 0.013111 0.038889 0.009048 0.020279 0.006437 0.012156 0.004764 0.007855 0.003521 0.005273 0.002756 0.0036 0.002222 0.002657 0.00179 0.002006 
Collision density L:
1.96574 1.63927 1.36948 1.14143 0.955778 0.795067 0.662065 0.554131 0.463237 0.38532 0.321503 0.268731 0.223968 0.186133 0.155697 0.131669 0.108201 0.0919757 0.0760076 0.0643673 0.0532775 0.0448743 0.0364913 0.0311787 0.0254419 0.0212353 0.0170791 0.0146501 0.01212 0.010302 0.00860015 0.0073831 0.00605495 0.00503485 0.00416625 0.00379255 0.0030199 0.00276235 0.0021715 0.00175235 0.00123725 0.00112615 0.00091405 0.00067165 0.0006666 0.0005757 0.0005656 0.0004242 0.00034845 0.0002323 0.00145945 
Collision density R:
2.7471 2.28879 1.90293 1.59111 1.32777 1.10924 0.923196 0.774044 0.642148 0.538648 0.449021 0.372357 0.312438 0.261736 0.215625 0.18129 0.150955 0.127518 0.106161 0.0884306 0.0740027 0.0620494 0.0519292 0.0436118 0.0352844 0.0304465 0.0243208 0.0203364 0.0169024 0.0140087 0.0118069 0.0100798 0.00854965 0.00692355 0.0060802 0.0047066 0.00421675 0.00344915 0.0029391 0.0026058 0.00197455 0.0016362 0.00131805 0.0009696 0.0008383 0.0007676 0.0006262 0.0006262 0.0004343 0.00037875 0.0021008 
Density Moments:
5.63085 6.16466 13.5074 44.4195 195.082 1074.83 7146.9 55801.5 500174 5.04046e+06 
Per-collision Density Moments:
1 0.333025 0.222329 0.223245 0.29979 0.50491 1.02431 2.43604 6.6647 20.6781 
0.498072 0.18195 0.132242 0.143421 0.206143 0.36758 0.779505 1.90983 5.29366 16.3268 
0.451761 0.294989 0.293606 0.391443 0.654009 1.31344 3.07862 8.22816 24.5715 80.4803 
0.336559 0.206741 0.209844 0.291083 0.509463 1.07511 2.65668 7.53378 24.1462 86.3177 
0.30651 0.263037 0.324957 0.517324 1.00421 2.29615 6.0343 17.8781 58.7527 211.135 
0.252236 0.205259 0.256274 0.420128 0.845609 2.00964 5.49722 17.0024 58.6751 223.449 
0.230671 0.2362 0.340018 0.618707 1.35236 3.44266 9.99018 32.4939 116.712 456.514 
0.198864 0.195855 0.284626 0.530699 1.19573 3.14287 9.40855 31.5171 116.524 470.162 
0.182499 0.212682 0.343915 0.695816 1.67645 4.66508 14.6747 51.3412 197.232 823.312 
0.161112 0.183033 0.299292 0.618958 1.52954 4.36427 14.0386 50.0023 194.461 816.685 
0.148387 0.191785 0.340851 0.751258 1.95553 5.8337 19.5304 72.2257 291.352 1268.64 
0.13323 0.169942 0.306134 0.688978 1.8347 5.59461 19.0944 71.691 292.08 1277.08 
0.122977 0.173476 0.334054 0.792727 2.21045 7.03515 25.0431 98.1876 418.863 1924.71 
0.111498 0.156308 0.305293 0.739399 2.1075 6.85097 24.8526 98.9639 426.957 1974.35 
0.103232 0.156925 0.323928 0.820272 2.42981 8.18025 30.6796 126.258 563.322 2697.59 
0.094373 0.143096 0.299131 0.770443 2.32369 7.95745 30.2818 126.006 566.124 2718.51 
0.087367 0.141575 0.310108 0.829824 2.58733 9.13315 35.7843 153.366 710.986 3533.81 
0.080324 0.130569 0.290395 0.792288 2.52348 9.10515 36.4458 159.296 750.727 3775.3 
0.074517 0.128174 0.296879 0.837227 2.74137 10.1243 41.3351 183.794 879.679 4489.23 
0 0 0 0 0 0 0 0 0 0 
Per-collision Densities L:
0 0 0 0 0 0 0 0 0 0 0 0 0 0 0 0 0 0 0 0 0 0 0 0 0 0 0 0 0 0 0 0 0 0 0 0 0 0 0 0 0 0 0 0 0 0 0 0 0 0 0 
1.02122 0.562636 0.309742 0.171336 0.095339 0.0520453 0.0289921 0.0155338 0.00909505 0.0051106 0.00269165 0.0014342 0.0009595 0.0004949 0.000303 0.00016665 8.08e-05 3.03e-05 3.03e-05 2.02e-05 0 5.05e-06 0 0 0 5.05e-06 0 0 0 0 0 0 0 0 0 0 0 0 0 0 0 0 0 0 0 0 0 0 0 0 0 
0.0612616 0.0489396 0.0362237 0.0250278 0.0164075 0.0104636 0.006363 0.0041713 0.0025452 0.00162105 0.00079285 0.0005959 0.00042925 0.0001717 7.07e-05 9.09e-05 1.515e-05 1.01e-05 2.525e-05 5.05e-06 0 0 5.05e-06 0 0 0 0 0 0 0 0 0 0 0 0 0 0 0 0 0 0 0 0 0 0 0 0 0 0 0 0 
0.321766 0.314655 0.250308 0.180472 0.123664 0.0803809 0.0514898 0.0319564 0.0204121 0.0124584 0.00732755 0.0045955 0.00264115 0.00166145 0.0008585 0.0005353 0.0003636 0.000202 0.0001313 8.585e-05 5.05e-05 2.525e-05 2.02e-05 5.05e-06 5.05e-06 5.05e-06 0 0 0 0 0 0 0 0 0 0 0 0 0 0 0 0 0 0 0 0 0 0 0 0 0 
0.0441623 0.0489901 0.0444653 0.0365671 0.0281033 0.0202606 0.014039 0.009898 0.00643875 0.00483285 0.00280275 0.00183315 0.00122715 0.00072215 0.0005555 0.0002727 0.00020705 0.0001212 5.555e-05 2.02e-05 1.01e-05 1.01e-05 5.05e-06 5.05e-06 0 5.05e-06 0 0 5.05e-06 5.05e-06 0 0 0 0 0 0 0 0 0 0 0 0 0 0 0 0 0 0 0 0 0 
0.141496 0.167943 0.160666 0.137042 0.107747 0.0817646 0.056661 0.0407283 0.0270327 0.0183467 0.0122109 0.00777195 0.0048783 0.00306535 0.00212605 0.00106555 0.0007777 0.00045955 0.000303 0.0002222 0.00012625 6.06e-05 6.06e-05 1.01e-05 2.02e-05 0 5.05e-06 0 5.05e-06 0 0 0 0 0 0 0 0 0 0 0 0 0 0 0 0 0 0 0 0 0 0 
0.0323352 0.0390214 0.03939 0.0369206 0.0310424 0.0253157 0.018882 0.0145238 0.0107666 0.0077164 0.00529745 0.00374205 0.00254015 0.00165135 0.00098475 0.0007373 0.0004242 0.0002929 0.00020705 8.08e-05 6.06e-05 2.525e-05 1.01e-05 2.525e-05 1.515e-05 1.515e-05 0 0 5.05e-06 0 0 5.05e-06 0 0 0 0 0 0 0 0 0 0 0 0 0 0 0 0 0 0 0 
0.0765833 0.0967732 0.101419 0.0963035 0.0840825 0.0689982 0.0541764 0.0403243 0.0297647 0.0216797 0.0155742 0.010499 0.00709525 0.00469145 0.00301485 0.0021311 0.00137865 0.0008787 0.00054035 0.000404 0.0001919 0.00016665 0.00012625 4.545e-05 4.04e-05 3.535e-05 1.01e-05 1.515e-05 0 0 5.05e-06 0 0 0 0 0 0 0 0 0 0 0 0 0 0 0 0 0 0 0 0 
0.0232502 0.0296789 0.0328654 0.0328705 0.0291284 0.0261489 0.0211848 0.0169478 0.0132664 0.009898 0.00759015 0.0052621 0.0037067 0.00262095 0.0018887 0.0011615 0.00080295 0.00061105 0.0003737 0.00033835 0.00013635 0.0001111 6.06e-05 4.04e-05 2.02e-05 1.01e-05 2.02e-05 5.05e-06 0 5.05e-06 0 0 0 5.05e-06 0 0 0 0 0 0 0 0 0 0 0 0 0 0 0 0 0 
0.0462378 0.0598122 0.0665843 0.0672155 0.0629483 0.0556914 0.046056 0.0369256 0.0289921 0.0215736 0.0166903 0.0118019 0.0088981 0.0059085 0.00418645 0.0029088 0.0020907 0.00129785 0.00087365 0.0006767 0.0004242 0.00026765 0.0001515 0.0001212 4.545e-05 8.585e-05 3.535e-05 5.05e-06 5.05e-06 0 5.05e-06 0 0 0 5.05e-06 0 0 0 0 0 0 0 0 0 0 0 0 0 0 0 0 
0.0175589 0.0234068 0.0260681 0.0268256 0.0265984 0.0235785 0.0211292 0.0171246 0.0147864 0.011312 0.00838805 0.00658015 0.00498435 0.00378245 0.0024543 0.00190385 0.00128775 0.00090395 0.0006262 0.00051005 0.00026765 0.0002323 0.0001616 8.585e-05 5.05e-05 2.525e-05 2.525e-05 2.02e-05 0 0 5.05e-06 5.05e-06 0 0 5.05e-06 0 0 0 0 0 0 0 0 0 0 0 0 0 0 0 0 
0.0297748 0.0389204 0.0457025 0.0478538 0.0466317 0.0427331 0.0381578 0.0322746 0.0261641 0.0209424 0.016559 0.0123018 0.00932735 0.00711545 0.00482275 0.0037168 0.00273205 0.0017473 0.0011817 0.00089385 0.00056055 0.00041915 0.0002626 0.00016665 9.595e-05 0.00011615 5.555e-05 4.04e-05 1.515e-05 1.01e-05 5.05e-06 0 0 0 0 0 5.05e-06 0 0 0 0 0 0 0 0 0 0 0 0 0 0 
0.0134381 0.0182154 0.0208161 0.0221645 0.0225685 0.0211696 0.0196445 0.0167761 0.0144329 0.0119281 0.00953945 0.0072215 0.00593375 0.0045551 0.0034239 0.00236845 0.00165135 0.0012221 0.0009292 0.00064135 0.00047975 0.0003434 0.00020705 0.00012625 9.595e-05 8.585e-05 4.04e-05 4.04e-05 2.02e-05 1.01e-05 0 5.05e-06 5.05e-06 0 0 0 0 0 0 0 0 0 0 0 0 0 0 0 0 0 0 
0.0194173 0.0273054 0.032315 0.0344713 0.0351935 0.0330472 0.0302091 0.0274165 0.0231644 0.019185 0.0153924 0.0123826 0.00924655 0.00725685 0.0056055 0.00404 0.00317645 0.00243915 0.0013534 0.00104535 0.0007373 0.00061105 0.00038885 0.0002727 0.0001515 0.0001717 7.07e-05 5.555e-05 1.01e-05 2.525e-05 1.01e-05 5.05e-06 0 0 5.05e-06 0 5.05e-06 0 0 0 0 0 0 0 0 0 0 0 0 0 0 
0.010701 0.0142309 0.016564 0.0181447 0.0188466 0.0186648 0.0168822 0.0151399 0.0137209 0.0118827 0.0095344 0.00778205 0.00616605 0.0049894 0.00390365 0.00309565 0.0020099 0.0017776 0.00111605 0.0009696 0.00068175 0.0004141 0.00026765 0.00022725 0.0001515 0.0001515 8.585e-05 4.545e-05 3.535e-05 2.02e-05 1.01e-05 1.01e-05 5.05e-06 5.05e-06 5.05e-06 5.05e-06 0 0 0 0 0 0 0 0 0 0 0 0 0 0 0 
0.0139784 0.0195587 0.0231694 0.0251137 0.0265176 0.0255328 0.0251945 0.0227604 0.0190284 0.0165943 0.0147561 0.0115645 0.00946875 0.0074336 0.0056459 0.00423695 0.00323705 0.0024644 0.0018786 0.0010807 0.00103525 0.0007474 0.00051005 0.0003434 0.0001818 0.0001818 0.0001414 6.06e-05 4.545e-05 4.545e-05 2.02e-05 2.02e-05 5.05e-06 0 1.01e-05 0 0 0 5.05e-06 0 0 0 0 0 0 0 0 0 0 0 0 
0.00821635 0.0111706 0.0140895 0.0145743 0.0159984 0.0158823 0.014746 0.0141703 0.0127412 0.0107919 0.0090496 0.0079891 0.0063125 0.00488335 0.00425715 0.0030805 0.00239875 0.00208565 0.00144935 0.00102515 0.00081305 0.00065145 0.0004141 0.0003232 0.0001919 0.0001515 5.555e-05 5.05e-05 8.585e-05 5.05e-05 1.515e-05 0 0 5.05e-06 0 1.01e-05 0 0 0 0 0 0 0 0 0 0 0 0 0 0 0 
0.010297 0.01414 0.0172508 0.0184275 0.0206747 0.0201091 0.0198061 0.0184527 0.0163267 0.0144683 0.0124432 0.0104586 0.0090193 0.00728715 0.00564085 0.00437835 0.0032421 0.0027573 0.00200485 0.0015453 0.00089385 0.0007575 0.0006868 0.0004747 0.00034845 0.0002222 0.0001515 9.595e-05 4.545e-05 4.545e-05 2.525e-05 1.515e-05 2.02e-05 1.01e-05 1.01e-05 1.515e-05 0 0 0 0 0 0 0 0 0 0 0 0 0 0 0 
0.00645895 0.0088981 0.0111201 0.0122614 0.0130644 0.0130896 0.0132007 0.012221 0.0112464 0.0101606 0.00830725 0.00769115 0.00645895 0.0052419 0.0039289 0.0034845 0.0027573 0.00200485 0.00158065 0.00123725 0.00108575 0.0006969 0.00052015 0.00036865 0.0003232 0.00018685 0.00013635 0.00013635 0.00011615 4.04e-05 3.03e-05 2.02e-05 0 2.02e-05 0 5.05e-06 0 5.05e-06 5.05e-06 0 0 0 0 0 0 0 0 0 0 0 0 
0 0 0 0 0 0 0 0 0 0 0 0 0 0 0 0 0 0 0 0 0 0 0 0 0 0 0 0 0 0 0 0 0 0 0 0 0 0 0 0 0 0 0 0 0 0 0 0 0 0 0 
Per-collision Densities L:
2.26508 1.24984 0.687295 0.378614 0.209903 0.11568 0.0643875 0.0353753 0.0196647 0.010605 0.00601455 0.0032118 0.00186345 0.0011615 0.00051005 0.00040905 0.0001717 9.09e-05 6.06e-05 3.03e-05 1.515e-05 5.05e-06 0 5.05e-06 0 0 5.05e-06 0 0 0 0 0 0 0 0 0 0 0 0 0 0 0 0 0 0 0 0 0 0 0 0 
0.0282649 0.0506768 0.0471165 0.0368903 0.026154 0.0178619 0.0113423 0.0075548 0.00495405 0.00283305 0.0017675 0.0009595 0.00070195 0.0004848 0.00017675 0.000101 6.565e-05 3.535e-05 1.515e-05 1.01e-05 2.02e-05 0 0 5.05e-06 0 0 0 0 0 0 0 0 0 0 0 0 0 0 0 0 0 0 0 0 0 0 0 0 0 0 0 
0.246581 0.43933 0.409762 0.319312 0.228255 0.153843 0.100172 0.0652864 0.0397536 0.0255177 0.0151298 0.0094839 0.0055449 0.00332795 0.0019897 0.00120695 0.00067165 0.00037875 0.0002323 0.0001515 8.08e-05 4.04e-05 7.07e-05 2.02e-05 1.01e-05 0 5.05e-06 0 0 0 0 0 0 0 0 0 0 0 0 0 0 0 0 0 0 0 0 0 0 0 0 
0.0163923 0.0397688 0.0470711 0.0459146 0.0397738 0.0318302 0.0228866 0.0160237 0.0114787 0.0079285 0.0050904 0.0034037 0.00227755 0.0013736 0.00096455 0.0004848 0.00037875 0.00021715 0.000101 7.575e-05 3.03e-05 4.545e-05 1.01e-05 1.01e-05 0 0 5.05e-06 0 5.05e-06 5.05e-06 0 0 0 0 0 0 0 0 0 0 0 0 0 0 0 0 0 0 0 0 0 
0.0702809 0.17167 0.20902 0.201465 0.171549 0.136067 0.101636 0.0717302 0.0508232 0.034335 0.0229068 0.0147208 0.00956975 0.0062014 0.00397435 0.00222705 0.00154025 0.0008888 0.0006464 0.0003939 0.0002424 0.00014645 0.0001313 3.535e-05 3.535e-05 5.05e-06 1.01e-05 0 0 5.05e-06 0 0 0 0 0 0 0 0 0 0 0 0 0 0 0 0 0 0 0 0 0 
0.00988285 0.0277447 0.0388194 0.0422685 0.0402536 0.0349006 0.0281285 0.0220281 0.0166448 0.012418 0.00902435 0.00606 0.00443895 0.0030098 0.0019695 0.00119685 0.00090395 0.00057065 0.00037875 0.00021715 0.0001414 5.555e-05 5.555e-05 2.02e-05 2.02e-05 2.525e-05 5.05e-06 0 0 5.05e-06 5.05e-06 5.05e-06 0 0 0 0 0 0 0 0 0 0 0 0 0 0 0 0 0 0 0 
0.030396 0.0810374 0.112105 0.12326 0.117594 0.103813 0.0851632 0.067261 0.0498839 0.0374357 0.0267347 0.0191092 0.013029 0.00896375 0.0060196 0.0038986 0.0025452 0.00163115 0.0010504 0.0006969 0.000404 0.00027775 0.00020705 0.00011615 8.585e-05 4.04e-05 6.06e-05 2.02e-05 5.05e-06 5.05e-06 0 5.05e-06 0 0 0 0 0 0 0 0 0 0 0 0 0 0 0 0 0 0 0 
0.0074235 0.0193365 0.0289668 0.0344461 0.0347743 0.0337997 0.028785 0.0243814 0.0191446 0.0150389 0.011918 0.00876175 0.0061307 0.00462075 0.0029593 0.00216645 0.00161095 0.0010201 0.0006969 0.0005151 0.00027775 0.00022725 0.0001111 8.08e-05 4.04e-05 2.525e-05 2.02e-05 1.515e-05 0 1.01e-05 0 0 5.05e-06 5.05e-06 0 0 0 0 0 0 0 0 0 0 0 0 0 0 0 0 0 
0.0162863 0.0451218 0.0658318 0.0773559 0.0799668 0.0757298 0.0675135 0.0566964 0.0450056 0.0349915 0.0275225 0.0204273 0.0146854 0.0108121 0.0073528 0.00515605 0.00363095 0.00269165 0.00143925 0.0012019 0.0007474 0.0004949 0.00027775 0.0002525 0.00017675 8.08e-05 8.585e-05 4.04e-05 2.02e-05 0 0 5.05e-06 5.05e-06 0 0 5.05e-06 0 0 0 0 0 0 0 0 0 0 0 0 0 0 0 
0.00517625 0.0144582 0.0223564 0.0266691 0.0288254 0.0290931 0.0263812 0.0238461 0.0204323 0.0163671 0.0129735 0.0101909 0.0076659 0.0060398 0.00425715 0.0031714 0.0021715 0.00149985 0.00109585 0.00079285 0.0005757 0.0003434 0.0002525 0.0001616 0.00012625 6.06e-05 4.04e-05 4.545e-05 0 1.515e-05 0 5.05e-06 0 0 5.05e-06 0 0 0 0 0 0 0 0 0 0 0 0 0 0 0 0 
0.00984245 0.0273155 0.0413292 0.0514898 0.0546915 0.054333 0.0517474 0.0458237 0.0386982 0.0319564 0.0254672 0.0198061 0.0154783 0.0114231 0.0086153 0.0060499 0.00441875 0.0032522 0.0021311 0.00157055 0.00105545 0.00076255 0.0004949 0.000303 0.00019695 0.00011615 0.0001111 7.575e-05 4.545e-05 2.525e-05 1.515e-05 1.515e-05 0 0 0 0 5.05e-06 0 0 0 0 0 0 0 0 0 0 0 0 0 0 
0.0038986 0.0109181 0.0166448 0.0212555 0.0235785 0.0243764 0.0232351 0.021715 0.0190991 0.0169529 0.013731 0.0109282 0.0086456 0.0070801 0.00554995 0.00383295 0.0028482 0.0021008 0.0015049 0.0010605 0.0007575 0.0006565 0.0003838 0.0002424 0.00016665 0.0001313 7.07e-05 6.565e-05 3.535e-05 1.515e-05 5.05e-06 1.01e-05 0 1.01e-05 0 0 0 0 0 0 0 0 0 0 0 0 0 0 0 0 0 
0.00640845 0.0177609 0.0272902 0.0346329 0.0384002 0.0399657 0.0387891 0.036456 0.0323756 0.0278003 0.0227149 0.0187002 0.0146955 0.0116251 0.00889305 0.00688315 0.0047571 0.0038582 0.00271185 0.0017877 0.00140895 0.0008383 0.000707 0.000505 0.0003131 0.00019695 0.00017675 0.00011615 5.555e-05 4.04e-05 2.02e-05 2.02e-05 5.05e-06 1.01e-05 0 5.05e-06 5.05e-06 5.05e-06 0 0 0 0 0 0 0 0 0 0 0 0 0 
0.0028684 0.00849915 0.0129381 0.0169074 0.0194425 0.0195132 0.0200637 0.0188264 0.0178922 0.0154631 0.0137714 0.0112161 0.0087567 0.00744875 0.00584285 0.0045046 0.00336835 0.0026563 0.0019998 0.0013534 0.00106555 0.00072215 0.00051005 0.00040905 0.0002323 0.0002323 0.0001212 9.09e-05 5.05e-05 6.565e-05 1.515e-05 5.05e-06 1.01e-05 5.05e-06 0 1.515e-05 0 0 0 0 0 0 0 0 0 0 0 0 0 0 0 
0.00380265 0.0121604 0.0194223 0.0244521 0.0279619 0.029795 0.0297748 0.0289365 0.0258005 0.0230331 0.0202051 0.0169579 0.0138471 0.0113423 0.00881225 0.0069791 0.00520655 0.0041107 0.0028583 0.002121 0.0014544 0.00118675 0.0008585 0.00070195 0.0003838 0.0003232 0.00019695 0.0001212 0.000101 5.555e-05 4.04e-05 2.02e-05 2.525e-05 1.01e-05 5.05e-06 5.05e-06 5.05e-06 0 5.05e-06 0 0 0 0 0 0 0 0 0 0 0 0 
0.0021715 0.00649935 0.0105495 0.0134431 0.0150692 0.0169024 0.0176599 0.0162055 0.0156702 0.0141653 0.0124331 0.0104485 0.00922635 0.00753965 0.00586305 0.00472175 0.00368145 0.00306535 0.0023735 0.00168165 0.00124735 0.0009898 0.00078275 0.0005151 0.00029795 0.00028785 0.0001616 7.575e-05 0.0001111 8.585e-05 3.535e-05 3.03e-05 1.01e-05 5.05e-06 0 0 5.05e-06 5.05e-06 0 0 0 0 0 0 0 0 0 0 0 0 0 
0.00286335 0.00888295 0.0133371 0.0172912 0.0206343 0.0225432 0.0228058 0.0225937 0.0208919 0.019291 0.0176498 0.0146147 0.0123473 0.0107262 0.008787 0.00668115 0.00525705 0.0042723 0.0029896 0.0024442 0.00180285 0.0012625 0.0009999 0.00070195 0.00056055 0.00036865 0.00034845 0.0001616 9.595e-05 7.07e-05 7.575e-05 3.03e-05 3.03e-05 3.03e-05 1.01e-05 1.515e-05 0 0 0 0 0 5.05e-06 0 0 0 0 0 0 0 0 0 
0.0018079 0.00531765 0.00808 0.0110696 0.012423 0.0135239 0.0142814 0.0143774 0.0139178 0.01262 0.0114029 0.0101758 0.0084436 0.0073326 0.00597415 0.0049793 0.0039895 0.00314615 0.00259065 0.0018685 0.00144935 0.00118675 0.0008686 0.0006666 0.00044945 0.0003535 0.0001919 0.00017675 0.0001616 9.595e-05 7.07e-05 3.03e-05 1.515e-05 1.01e-05 1.515e-05 0 1.515e-05 5.05e-06 5.05e-06 0 0 0 0 0 0 0 0 0 0 0 0 
0.0020907 0.0064236 0.009595 0.013428 0.0154379 0.0165994 0.0179023 0.017872 0.0171094 0.0161348 0.0144026 0.0128119 0.0114686 0.00964045 0.00793355 0.00660035 0.0051106 0.0042521 0.0032219 0.00255025 0.00202505 0.00149985 0.0011009 0.00086355 0.00059085 0.00044945 0.0003232 0.000303 0.00014645 0.000101 7.07e-05 3.535e-05 2.525e-05 3.03e-05 1.01e-05 1.515e-05 1.515e-05 5.05e-06 0 5.05e-06 0 0 0 0 0 0 0 0 0 0 0 
0 0 0 0 0 0 0 0 0 0 0 0 0 0 0 0 0 0 0 0 0 0 0 0 0 0 0 0 0 0 0 0 0 0 0 0 0 0 0 0 0 0 0 0 0 0 0 0 0 0 0 
