Half rod, albedo problem, Anisotropic scattering, exponential random flight, mu_t: 3 g: -0.1
Analogmu_t c: 0.99 maxx: 10 dx: 0.19802 numsamples: 1000000 numCollisionOrders: 20 numMoments: 10
total albedo: 0.825452
per-collision order albedos: 
0 0.271674 0.120808 0.074296 0.051378 0.03823 0.029441 0.02356 0.019201 0.016358 0.013731 0.012079 0.01055 0.009339 0.008338 0.007372 0.006715 0.0061 0.005531 0.005095 
Collision density L:
2.40394 2.255 2.12562 1.99357 1.87271 1.76606 1.65176 1.55209 1.46051 1.36817 1.28406 1.20818 1.13561 1.0671 1.00125 0.94531 0.883109 0.831604 0.779922 0.732376 0.694446 0.651238 0.610707 0.573463 0.539239 0.502899 0.479583 0.449051 0.421165 0.394153 0.37422 0.35197 0.331679 0.308191 0.290466 0.272155 0.256136 0.238996 0.224089 0.211383 0.199086 0.187597 0.176048 0.165443 0.153959 0.145915 0.13791 0.127699 0.119296 0.112681 1.77875 
Collision density R:
2.90313 2.73514 2.57053 2.41032 2.26529 2.13681 2.00313 1.88118 1.77223 1.66226 1.55987 1.4631 1.37626 1.29241 1.21102 1.14286 1.07491 1.00489 0.94229 0.890164 0.837442 0.787467 0.738653 0.696057 0.652657 0.612222 0.580164 0.542486 0.510247 0.47878 0.446006 0.427265 0.399152 0.374548 0.353717 0.331038 0.30853 0.290693 0.272049 0.255177 0.241557 0.226573 0.211964 0.200233 0.188491 0.17722 0.167832 0.156181 0.145415 0.136193 2.15201 
Density Moments:
17.4244 55.4725 353.381 3375.24 42920.7 680415 1.2884e+07 2.82268e+08 6.9671e+09 1.89256e+11 
Per-collision Density Moments:
1 0.333779 0.222927 0.223248 0.297446 0.493103 0.973782 2.22173 5.72715 16.4031 
0.718373 0.388406 0.357969 0.456307 0.737913 1.44072 3.28382 8.51574 24.5931 77.6427 
0.590251 0.419393 0.472798 0.710625 1.32269 2.91949 7.41396 21.1566 66.5303 226.785 
0.510209 0.436594 0.569374 0.96774 2.00789 4.89832 13.7032 43.1677 150.984 579.484 
0.453901 0.446495 0.653809 1.23058 2.79985 7.43563 22.5251 76.5815 288.741 1196.31 
0.411006 0.453101 0.729955 1.49581 3.67601 10.4667 33.7083 120.517 470.998 1985.85 
0.377376 0.456778 0.796904 1.75346 4.59928 13.9181 47.5204 180.007 746.436 3351.28 
0.349997 0.459356 0.859281 2.01406 5.59956 17.8854 64.214 254.956 1105.16 5175.59 
0.32735 0.460341 0.915128 2.2687 6.64778 22.3145 84.0035 349.168 1583.41 7759.94 
0.30769 0.460257 0.967267 2.52524 7.7687 27.3221 107.672 468.64 2227.77 11459.3 
0.290828 0.460202 1.0174 2.785 8.95829 32.8458 134.532 606.745 2980.44 15805.8 
0.275816 0.459482 1.06371 3.03752 10.1594 38.6143 163.455 759.389 3828.85 20759.5 
0.262451 0.457928 1.10558 3.28165 11.3781 44.7279 195.402 934.885 4842.8 26905.2 
0.2504 0.456258 1.14516 3.52725 12.682 51.6931 234.166 1161.4 6232.07 35824.5 
0.239513 0.454206 1.18292 3.77473 14.0401 59.1142 276.179 1410.56 7782.29 45921.4 
0.229739 0.451787 1.21715 4.01106 15.3843 66.7147 320.819 1686.4 9579.45 58236.3 
0.220837 0.449756 1.25084 4.24738 16.7616 74.6884 368.522 1984.38 11526 71513.7 
0.212594 0.447042 1.28132 4.47814 18.1615 82.9959 418.83 2298.65 13554 85004.4 
0.204932 0.443955 1.30849 4.69555 19.5287 91.4232 472.285 2652.81 16015.2 102937 
0 0 0 0 0 0 0 0 0 0 
Per-collision Densities L:
0 0 0 0 0 0 0 0 0 0 0 0 0 0 0 0 0 0 0 0 0 0 0 0 0 0 0 0 0 0 0 0 0 0 0 0 0 0 0 0 0 0 0 0 0 0 0 0 0 0 0 
0.615772 0.33839 0.187087 0.103939 0.0580851 0.0308808 0.0173367 0.00993335 0.00532775 0.00311585 0.00180285 0.0007373 0.0004949 0.000303 0.0001111 7.07e-05 4.04e-05 4.04e-05 5.05e-06 0 0 0 5.05e-06 0 0 0 0 0 0 0 0 0 0 0 0 0 0 0 0 0 0 0 0 0 0 0 0 0 0 0 0 
0.350313 0.282436 0.207914 0.140824 0.0916272 0.0598678 0.0385921 0.0226493 0.0144733 0.0081507 0.0054338 0.00296435 0.0017978 0.00103525 0.0005757 0.0003737 0.0002121 0.0001313 5.05e-05 4.545e-05 3.03e-05 2.02e-05 0 1.01e-05 5.05e-06 0 0 0 0 0 0 0 0 0 0 0 0 0 0 0 0 0 0 0 0 0 0 0 0 0 0 
0.231982 0.221326 0.184386 0.146198 0.106979 0.0781538 0.0538027 0.0363449 0.0237956 0.0160691 0.0101404 0.0066862 0.00397435 0.0025553 0.0016867 0.00101505 0.0005454 0.0003535 0.00023735 0.0001717 7.07e-05 1.515e-05 3.535e-05 2.525e-05 5.05e-06 1.01e-05 5.05e-06 0 0 0 0 0 0 0 0 0 0 0 0 0 0 0 0 0 0 0 0 0 0 0 0 
0.167897 0.169917 0.15955 0.133946 0.109242 0.0849511 0.0635442 0.0455914 0.0328503 0.022422 0.0152813 0.0102313 0.0068579 0.00465105 0.00288355 0.001919 0.0012322 0.0007777 0.0005252 0.00035855 0.0002121 0.0001111 0.000101 5.05e-05 4.04e-05 1.01e-05 5.05e-06 2.525e-05 5.05e-06 5.05e-06 0 0 0 0 0 0 0 0 0 0 0 0 0 0 0 0 0 0 0 0 0 
0.124644 0.133941 0.133214 0.120533 0.103469 0.0845926 0.0678922 0.0518989 0.0393951 0.0280376 0.0200586 0.0150591 0.0104788 0.00662055 0.00461065 0.00311585 0.00206545 0.0014342 0.0008181 0.00064135 0.0004646 0.0002626 0.0001818 0.000101 5.555e-05 5.05e-05 2.02e-05 5.05e-06 1.515e-05 5.05e-06 0 0 0 0 0 5.05e-06 0 0 0 0 0 0 0 0 0 0 0 0 0 0 0 
0.0981518 0.109272 0.111635 0.105949 0.0962985 0.0821029 0.066958 0.0543784 0.0432937 0.0331583 0.0251642 0.0184123 0.0133926 0.00948895 0.00655995 0.00441875 0.00328755 0.00230785 0.0014948 0.0010908 0.0006666 0.00049995 0.00033835 0.0001717 0.0001919 8.585e-05 7.575e-05 3.535e-05 2.02e-05 1.515e-05 0 0 5.05e-06 0 5.05e-06 0 0 0 0 0 0 0 0 0 0 0 0 0 0 0 0 
0.0782043 0.0904102 0.0936876 0.0932129 0.0867742 0.0775175 0.066963 0.0555904 0.0455712 0.0357086 0.0281639 0.021306 0.0160691 0.0117918 0.00812545 0.00594385 0.00431775 0.0029391 0.0020907 0.0013736 0.00103525 0.00078275 0.00047975 0.000404 0.000202 0.0001616 0.0001212 9.09e-05 4.04e-05 1.515e-05 1.01e-05 2.02e-05 1.01e-05 0 0 0 5.05e-06 0 0 0 0 0 0 0 0 0 0 0 0 0 0 
0.0649935 0.0758965 0.0818353 0.0816434 0.0783659 0.0728008 0.0645188 0.0542724 0.046056 0.0374811 0.0300627 0.0244218 0.0178669 0.0141097 0.0100293 0.00762045 0.0056257 0.0038784 0.0030906 0.00197455 0.00167155 0.00112615 0.00076255 0.0005252 0.00031815 0.0001919 0.00015655 0.0001515 6.565e-05 4.04e-05 3.03e-05 2.525e-05 2.525e-05 1.01e-05 5.05e-06 5.05e-06 0 0 0 0 0 0 0 0 0 0 0 0 0 0 0 
0.054439 0.0655238 0.0711394 0.0729978 0.0713414 0.0675993 0.060292 0.0538633 0.0464095 0.0375619 0.0319564 0.025447 0.0204727 0.0162711 0.0121251 0.0091607 0.0070296 0.00478235 0.0037471 0.002828 0.0021816 0.00144935 0.00115645 0.0006868 0.00054035 0.00030805 0.0002525 0.0001919 0.00011615 7.07e-05 3.03e-05 3.03e-05 1.515e-05 1.515e-05 0 1.01e-05 0 0 5.05e-06 5.05e-06 0 0 0 0 0 0 0 0 0 0 0 
0.0468691 0.0560904 0.0625847 0.064029 0.0640088 0.061408 0.0573024 0.0505707 0.0455106 0.0385517 0.0324412 0.0272852 0.0216847 0.0171953 0.0138673 0.0106 0.00806485 0.00617615 0.00452985 0.0034542 0.0025856 0.0018281 0.0014746 0.00093425 0.0006363 0.0004646 0.0003636 0.00029795 0.0001414 0.00013635 9.09e-05 5.555e-05 4.545e-05 3.535e-05 1.515e-05 0 5.05e-06 5.05e-06 0 0 0 5.05e-06 0 5.05e-06 0 0 0 0 0 0 0 
0.0409353 0.0494698 0.0540451 0.0580245 0.058575 0.0571559 0.0521867 0.0485911 0.0446016 0.038678 0.0325725 0.0276033 0.0229119 0.0185436 0.0144986 0.0120948 0.0091607 0.0070902 0.00531765 0.00412585 0.00307545 0.00253005 0.0019291 0.0011918 0.00096455 0.00068175 0.0005252 0.00036865 0.0002323 0.0001616 0.0001313 6.565e-05 5.555e-05 3.535e-05 1.515e-05 2.02e-05 1.01e-05 5.05e-06 0 0 1.515e-05 0 5.05e-06 5.05e-06 0 0 0 0 0 0 0 
0.0360924 0.0432836 0.049485 0.0520453 0.0523988 0.051505 0.0498536 0.0468438 0.0425917 0.0375569 0.0328957 0.0281033 0.0234522 0.0198011 0.0158722 0.0127614 0.0104889 0.0081103 0.00650945 0.004848 0.00385315 0.002929 0.00215635 0.00170185 0.0011413 0.0009292 0.00073225 0.0004141 0.00024745 0.00017675 0.00015655 0.00010605 0.000101 6.565e-05 5.555e-05 5.05e-06 2.02e-05 1.01e-05 1.01e-05 0 0 1.515e-05 5.05e-06 0 0 0 0 0 0 0 0 
0.0313201 0.0385618 0.0432987 0.0467176 0.0483942 0.0480962 0.0457631 0.0433391 0.0404202 0.0361227 0.0327796 0.0283911 0.0244824 0.0206848 0.0167054 0.0146248 0.0110343 0.00912535 0.0072215 0.00560045 0.00440865 0.00351985 0.0025755 0.00194425 0.00152005 0.00106555 0.00075245 0.00056055 0.0004646 0.00025755 0.0002828 0.0001313 0.00010605 0.0001212 6.565e-05 4.545e-05 2.525e-05 0 5.05e-06 1.515e-05 1.01e-05 1.01e-05 5.05e-06 5.05e-06 0 0 0 0 0 0 0 
0.0282699 0.0338401 0.0389608 0.0416676 0.0443441 0.0442734 0.0439603 0.0414959 0.0397284 0.0357086 0.0314312 0.0285224 0.0243814 0.0214726 0.0169276 0.0140087 0.0116605 0.00965055 0.00805475 0.006262 0.0046763 0.00402485 0.0028381 0.0022523 0.0016362 0.0012827 0.00110595 0.0006868 0.00057065 0.00044945 0.0002929 0.0001919 0.0001616 0.00012625 0.000101 5.555e-05 1.515e-05 3.03e-05 2.525e-05 2.02e-05 1.01e-05 0 0 5.05e-06 0 5.05e-06 0 0 0 0 0 
0.0251137 0.0309515 0.0353197 0.0389658 0.0409505 0.0413646 0.0411828 0.0388699 0.0367741 0.0342946 0.0314009 0.027871 0.0239421 0.0207252 0.017978 0.0152914 0.0127614 0.00985255 0.00846885 0.00689325 0.00550955 0.00440865 0.0034946 0.00274215 0.00205535 0.0016362 0.00115645 0.00092415 0.0006868 0.00049995 0.0003737 0.00025755 0.00019695 0.0001717 7.575e-05 9.09e-05 7.575e-05 6.06e-05 2.02e-05 3.535e-05 2.02e-05 2.02e-05 0 5.05e-06 0 0 0 5.05e-06 0 0 0 
0.0226392 0.028179 0.0315474 0.0354611 0.0367792 0.0390921 0.03787 0.0368095 0.0344814 0.0332896 0.029694 0.0268862 0.0239976 0.0214827 0.0183871 0.0157308 0.0131704 0.0111454 0.0089991 0.00715585 0.006363 0.0046965 0.00399455 0.0032623 0.00244925 0.00166145 0.0012322 0.0011817 0.00082315 0.0005959 0.00048985 0.00038885 0.0002525 0.0001414 0.0001818 8.585e-05 0.0001111 6.06e-05 3.535e-05 2.02e-05 1.515e-05 1.515e-05 2.02e-05 5.05e-06 5.05e-06 0 0 0 0 0 0 
0.0205081 0.0253561 0.0294365 0.0334815 0.0347137 0.0356076 0.0351834 0.0356177 0.0331381 0.0317342 0.0289264 0.0268761 0.0242956 0.0212656 0.0187305 0.0164226 0.0134987 0.0114282 0.00934755 0.00755985 0.0063327 0.0054338 0.00434805 0.00359055 0.00259065 0.0019796 0.0015756 0.00120695 0.0009696 0.0007878 0.0005656 0.000404 0.00034845 0.0002727 0.00020705 0.00019695 0.00011615 4.545e-05 6.565e-05 4.545e-05 4.04e-05 1.01e-05 2.02e-05 5.05e-06 1.01e-05 0 5.05e-06 0 0 5.05e-06 0 
0.0188012 0.0236492 0.0275276 0.0297445 0.0315575 0.0337795 0.0330826 0.032214 0.0316181 0.0302697 0.0290779 0.0251692 0.0237906 0.0213312 0.0187254 0.0160085 0.0138067 0.0117463 0.0104333 0.008484 0.00676195 0.00570145 0.00462075 0.00374205 0.00303505 0.002424 0.00188365 0.00144935 0.00119685 0.00086355 0.00067165 0.0005252 0.00047975 0.00032825 0.0002222 0.0002121 0.00011615 9.09e-05 8.08e-05 6.06e-05 3.535e-05 2.525e-05 0 1.515e-05 1.01e-05 0 0 0 0 0 0 
0 0 0 0 0 0 0 0 0 0 0 0 0 0 0 0 0 0 0 0 0 0 0 0 0 0 0 0 0 0 0 0 0 0 0 0 0 0 0 0 0 0 0 0 0 0 0 0 0 0 0 
Per-collision Densities L:
2.25692 1.25298 0.688214 0.381134 0.209115 0.117963 0.0637664 0.0358601 0.0198061 0.0108626 0.00577215 0.0034744 0.00185335 0.00105545 0.00060095 0.00029795 0.00016665 6.06e-05 6.06e-05 2.525e-05 5.05e-06 0 0 5.05e-06 5.05e-06 0 0 0 0 0 0 0 0 0 0 0 0 0 0 0 0 0 0 0 0 0 0 0 0 0 0 
0.269256 0.479184 0.44942 0.348809 0.248844 0.167291 0.110019 0.0701092 0.0437835 0.0266236 0.0165741 0.00963035 0.00618625 0.0036057 0.00208565 0.0012019 0.0006464 0.000404 0.0002626 0.00016665 8.585e-05 6.06e-05 2.02e-05 2.525e-05 1.01e-05 0 0 0 0 0 0 0 0 0 0 0 0 0 0 0 0 0 0 0 0 0 0 0 0 0 0 
0.113433 0.254303 0.293769 0.275033 0.22723 0.177376 0.131239 0.0921322 0.0644633 0.0426725 0.028785 0.0186396 0.0119079 0.00744875 0.0049793 0.00303505 0.0017776 0.00111605 0.00079285 0.00046965 0.00028785 0.00015655 7.07e-05 4.04e-05 4.04e-05 2.02e-05 1.515e-05 0 0 0 0 0 0 0 0 0 0 0 0 0 0 0 0 0 0 0 0 0 0 0 0 
0.0574741 0.148652 0.198162 0.204929 0.191365 0.164635 0.133143 0.101934 0.0771943 0.0537068 0.0384962 0.0267044 0.0182962 0.0119988 0.00819615 0.0054136 0.00351985 0.0022018 0.0013736 0.00100495 0.00060095 0.0003737 0.00026765 0.00013635 9.09e-05 4.04e-05 5.05e-06 2.02e-05 2.525e-05 1.01e-05 0 5.05e-06 1.01e-05 0 0 0 0 0 0 0 0 0 0 0 0 0 0 0 0 0 0 
0.0355571 0.0978135 0.138663 0.156434 0.157919 0.143496 0.122907 0.101828 0.0807445 0.0627311 0.0466216 0.0340471 0.0247501 0.0171044 0.0118978 0.00781235 0.00546915 0.00385315 0.0025149 0.0017069 0.0011615 0.00069185 0.00048985 0.00032825 0.00017675 9.595e-05 7.07e-05 4.545e-05 3.03e-05 1.515e-05 0 1.515e-05 0 5.05e-06 5.05e-06 0 0 5.05e-06 0 0 0 0 0 0 0 0 0 0 0 0 0 
0.0245935 0.0691194 0.103318 0.122215 0.129255 0.123993 0.112181 0.0964449 0.0809364 0.066352 0.0518837 0.0390668 0.0289315 0.0218362 0.0154429 0.0111807 0.0079083 0.00513585 0.0039289 0.00277245 0.00179275 0.00112615 0.0008585 0.00056055 0.0003838 0.0002626 0.0001212 0.0001313 5.555e-05 5.05e-05 2.525e-05 1.515e-05 1.515e-05 0 0 0 0 0 0 0 0 0 0 0 0 0 0 0 0 0 0 
0.0182659 0.051712 0.0779518 0.0975408 0.106454 0.106701 0.10095 0.0922585 0.0783457 0.0653874 0.0542572 0.0417888 0.0332846 0.0249723 0.0190739 0.0137663 0.00999395 0.00746895 0.0049288 0.00346935 0.0026664 0.0017069 0.00134835 0.00079285 0.0005959 0.00038885 0.00026765 0.00015655 0.00014645 6.06e-05 2.525e-05 4.545e-05 2.525e-05 1.01e-05 5.05e-06 0 5.05e-06 0 0 5.05e-06 0 0 0 0 0 0 0 0 0 0 0 
0.0142208 0.0411222 0.0634331 0.0785023 0.0892285 0.0920262 0.0900213 0.0832139 0.0753612 0.0645946 0.0538785 0.0448491 0.0363146 0.0286083 0.0219726 0.0164984 0.0120443 0.008888 0.0066559 0.00493385 0.0034946 0.00273205 0.001818 0.00132815 0.0008585 0.00058075 0.00037875 0.0002828 0.0001818 0.00010605 4.04e-05 4.545e-05 5.555e-05 3.03e-05 1.515e-05 1.515e-05 1.01e-05 0 0 0 5.05e-06 0 0 0 0 0 0 0 0 0 0 
0.0110545 0.0326079 0.0519696 0.0657561 0.0760783 0.0801688 0.0797244 0.0767196 0.0705132 0.0623675 0.0539795 0.0456672 0.0374357 0.0303859 0.023533 0.0185083 0.014241 0.0110141 0.007979 0.0061206 0.00427735 0.00326735 0.0022725 0.00179275 0.00128775 0.0008585 0.0005656 0.0004242 0.0002828 0.0002424 0.00014645 4.04e-05 9.09e-05 3.03e-05 2.525e-05 0 1.515e-05 0 0 5.05e-06 0 1.515e-05 0 0 0 0 0 0 0 0 0 
0.0090294 0.0273357 0.0435007 0.0553783 0.06413 0.0699728 0.0716545 0.0677811 0.0653117 0.059792 0.0515504 0.0451975 0.0379508 0.0321938 0.0253712 0.0200435 0.0160186 0.012524 0.0091304 0.0074235 0.00578225 0.00429755 0.00290375 0.00203515 0.00154025 0.00110595 0.00084335 0.0005656 0.0004343 0.0002828 0.0002222 0.0001616 0.0001111 5.05e-05 6.06e-05 3.03e-05 1.515e-05 2.02e-05 1.01e-05 0 5.05e-06 5.05e-06 5.05e-06 5.05e-06 0 0 0 0 0 0 0 
0.0075649 0.0229674 0.0366277 0.048273 0.056757 0.062211 0.0638421 0.062721 0.0604081 0.0561358 0.0499546 0.0444703 0.0383245 0.0321079 0.0265327 0.0218665 0.017574 0.0141047 0.0109383 0.00801435 0.0065044 0.00513585 0.00391375 0.00303505 0.00193415 0.0015958 0.0011514 0.0007878 0.00061105 0.0003737 0.00026765 0.0001818 0.0001515 9.09e-05 4.545e-05 4.04e-05 4.04e-05 2.02e-05 1.515e-05 1.01e-05 1.01e-05 1.01e-05 5.05e-06 5.05e-06 0 0 0 0 0 0 0 
0.0062822 0.0195233 0.0316585 0.0417484 0.0494547 0.0536664 0.0566004 0.0581659 0.0556258 0.0524089 0.0483033 0.0439401 0.037673 0.0327392 0.0271488 0.0231997 0.018887 0.0153621 0.0120039 0.00969095 0.00742855 0.0057469 0.0046258 0.0031916 0.00260075 0.00195435 0.00142915 0.00109585 0.0006969 0.0005353 0.0003838 0.000202 0.0002222 0.00015655 0.0001414 5.555e-05 2.02e-05 4.04e-05 1.01e-05 1.01e-05 1.01e-05 1.01e-05 5.05e-06 1.01e-05 0 0 0 0 0 0 0 
0.0058984 0.0170135 0.0273054 0.0359207 0.043324 0.0485709 0.051303 0.0513939 0.051303 0.049086 0.0463641 0.0415817 0.0381073 0.0322493 0.0277397 0.0235532 0.0198768 0.0159934 0.0130846 0.0103323 0.0083931 0.0065953 0.0053227 0.00412585 0.0028684 0.00238865 0.001616 0.0013736 0.00083325 0.00072215 0.0004848 0.00041915 0.00024745 0.0002121 0.0001515 9.595e-05 9.09e-05 2.02e-05 1.515e-05 2.525e-05 1.515e-05 1.01e-05 5.05e-06 5.05e-06 5.05e-06 5.05e-06 0 0 0 0 0 
0.0050399 0.0148319 0.0239017 0.0327998 0.0384608 0.0434502 0.0463691 0.047768 0.0471721 0.0466772 0.0437381 0.0403445 0.0367691 0.0326887 0.02828 0.0230078 0.0200839 0.0163519 0.0134431 0.0117615 0.00907485 0.007373 0.0056964 0.00453995 0.00350975 0.00253005 0.00208565 0.00167155 0.0010908 0.0009898 0.0006262 0.00052015 0.00040905 0.00024745 0.00017675 0.0001212 0.000101 5.555e-05 7.575e-05 4.545e-05 3.03e-05 1.01e-05 0 1.01e-05 0 0 5.05e-06 0 5.05e-06 0 0 
0.0044036 0.0132664 0.0214979 0.0291385 0.0339714 0.0392385 0.0425816 0.0428594 0.0437381 0.0424503 0.0415464 0.0376579 0.0357086 0.0319261 0.0277397 0.0241441 0.0207303 0.017872 0.0148016 0.0117867 0.00982225 0.008282 0.0068579 0.0053025 0.00390365 0.00320675 0.0024341 0.00179275 0.00150995 0.0010403 0.0006868 0.0006868 0.0005252 0.00032825 0.00022725 0.0001717 0.00019695 9.09e-05 6.06e-05 3.535e-05 6.565e-05 1.515e-05 3.03e-05 1.01e-05 1.01e-05 0 0 0 0 5.05e-06 0 
0.0038178 0.0116251 0.0197657 0.0254773 0.0304263 0.0358651 0.0382285 0.0400162 0.0400869 0.0408293 0.0391779 0.0362944 0.0332593 0.0308404 0.0279366 0.0243057 0.0206848 0.0181548 0.0152106 0.0125998 0.0107515 0.0084941 0.00711545 0.00569135 0.00477225 0.00356025 0.0027775 0.0021715 0.00166145 0.0012524 0.0008989 0.00075245 0.000606 0.00040905 0.00034845 0.00019695 0.0001515 0.0001616 8.585e-05 6.06e-05 3.535e-05 4.04e-05 3.535e-05 1.515e-05 1.515e-05 1.515e-05 0 0 5.05e-06 5.05e-06 0 
0.0034542 0.0106757 0.0170589 0.0231391 0.0283002 0.0331987 0.0351127 0.0374761 0.0376932 0.0371478 0.0372791 0.0343905 0.0328301 0.0302798 0.0271135 0.0243663 0.0211848 0.0177457 0.0161802 0.0127563 0.0110545 0.00894355 0.0076962 0.00632765 0.00531765 0.00382285 0.00315625 0.00251995 0.00186345 0.00137865 0.001212 0.00088375 0.00070195 0.0004949 0.00041915 0.0003636 0.00022725 0.00016665 7.575e-05 9.09e-05 0.000101 2.525e-05 3.535e-05 2.02e-05 2.525e-05 5.05e-06 1.515e-05 0 5.05e-06 1.01e-05 0 
0.00317645 0.00960005 0.0154076 0.0210181 0.0254369 0.0296435 0.0322695 0.0344461 0.03484 0.0351329 0.0339562 0.0333654 0.0306182 0.0288456 0.0264974 0.0238158 0.0215332 0.0179376 0.0160742 0.013933 0.0115948 0.00954955 0.00777195 0.006464 0.0056257 0.00465105 0.0035653 0.00288355 0.0021917 0.0018685 0.00118675 0.00109585 0.000808 0.00063125 0.00049995 0.0004141 0.0002323 0.0001717 0.00016665 9.595e-05 7.575e-05 9.09e-05 3.535e-05 1.01e-05 3.03e-05 1.515e-05 5.05e-06 1.01e-05 5.05e-06 0 0 
0.0030805 0.00856985 0.0143925 0.0188315 0.023937 0.026861 0.0304061 0.0319968 0.0325574 0.0330725 0.0325018 0.0315928 0.029593 0.0276336 0.0254672 0.0233613 0.0212908 0.0188012 0.0160792 0.0136502 0.0118322 0.00997375 0.00809515 0.0070801 0.00582265 0.00470155 0.0040097 0.0030906 0.00243915 0.00217655 0.00147965 0.00127765 0.00090395 0.00069185 0.0006565 0.0003838 0.0003434 0.0002323 0.0001616 0.0001616 6.565e-05 7.07e-05 6.565e-05 4.04e-05 3.535e-05 1.01e-05 5.05e-06 2.525e-05 2.02e-05 5.05e-06 5.05e-06 
0 0 0 0 0 0 0 0 0 0 0 0 0 0 0 0 0 0 0 0 0 0 0 0 0 0 0 0 0 0 0 0 0 0 0 0 0 0 0 0 0 0 0 0 0 0 0 0 0 0 0 
