Half rod, albedo problem, Anisotropic scattering, exponential random flight, mu_t: 3 g: -0.1
Analogmu_t c: 0.7 maxx: 10 dx: 0.19802 numsamples: 10000000 numCollisionOrders: 20 numMoments: 10
total albedo: 0.307801
per-collision order albedos: 
0 0.192604 0.0606737 0.0262248 0.0127807 0.0067057 0.0036849 0.002051 0.0012136 0.0007252 0.0004272 0.0002596 0.0001676 0.0001029 6.39e-05 4.13e-05 2.8e-05 1.52e-05 1.2e-05 6e-06 
Collision density L:
0.783176 0.558728 0.399569 0.285283 0.20414 0.145638 0.104303 0.0741779 0.0532411 0.0378164 0.0269443 0.0193511 0.0138486 0.0099783 0.00699526 0.00501314 0.00354308 0.00256793 0.00176952 0.00129987 0.00093122 0.000659025 0.00047369 0.00033835 0.00022422 0.00017271 0.000129785 9.9485e-05 6.969e-05 4.5955e-05 2.828e-05 1.313e-05 1.0605e-05 9.09e-06 8.08e-06 5.05e-06 4.545e-06 3.03e-06 2.525e-06 2.02e-06 0 5.05e-07 5.05e-07 1.01e-06 0 0 0 0 0 0 0 
Collision density R:
2.54689 1.81921 1.29791 0.927687 0.661452 0.472569 0.337898 0.242042 0.17244 0.123358 0.0879538 0.0628695 0.0451293 0.031911 0.0228386 0.0163034 0.0115817 0.00835018 0.00593678 0.00427129 0.00296587 0.00210484 0.00155591 0.00107161 0.000783255 0.000539845 0.000381275 0.00027977 0.000219675 0.00015453 9.7465e-05 6.4135e-05 4.1915e-05 3.0805e-05 1.8685e-05 2.0705e-05 1.1615e-05 1.2625e-05 7.575e-06 3.03e-06 4.545e-06 2.02e-06 1.515e-06 5.05e-07 5.05e-07 1.01e-06 0 0 0 0 0 
Density Moments:
2.30685 1.35704 1.59575 2.81095 6.5879 19.2383 67.1012 271.193 1240.59 6301.31 
Per-collision Density Moments:
1 0.333497 0.222448 0.222536 0.296627 0.493571 0.983584 2.28135 6.03404 17.9298 
0.507343 0.274226 0.252987 0.323245 0.524763 1.03099 2.37489 6.27206 18.6732 61.8193 
0.294433 0.209206 0.235616 0.353744 0.658288 1.45678 3.73199 10.8605 35.393 127.642 
0.179894 0.154024 0.200871 0.341033 0.705224 1.70948 4.73627 14.7309 50.7376 191.403 
0.113152 0.111542 0.163409 0.307286 0.696793 1.83687 5.49066 18.2636 66.5916 262.82 
0.0724965 0.0800081 0.128934 0.264075 0.648232 1.84338 5.93567 21.2828 83.8793 359.559 
0.0470243 0.0569771 0.0994372 0.218631 0.571885 1.72092 5.82329 21.787 88.9383 391.861 
0.0308838 0.0405011 0.0757358 0.17724 0.490934 1.5581 5.543 21.7451 92.8481 426.814 
0.020419 0.0287109 0.0570163 0.140852 0.409909 1.36157 5.05287 20.617 91.3051 434.094 
0.0135394 0.0202288 0.0424296 0.110318 0.336814 1.16992 4.52546 19.1895 88.0928 433.285 
0.0090399 0.0143204 0.0316307 0.0863151 0.276331 1.00765 4.10539 18.4302 90.1591 475.887 
0.0060615 0.0100896 0.0233302 0.0664939 0.221621 0.837307 3.51116 16.0919 79.6435 421.504 
0.0040653 0.00707349 0.0170278 0.0504168 0.174409 0.683923 2.97808 14.1797 72.9301 401.111 
0.0027342 0.00495356 0.0123706 0.0379586 0.135904 0.550375 2.46693 12.0368 63.0824 351.165 
0.0018512 0.00349118 0.00904663 0.0286487 0.105391 0.43702 1.99938 9.923 52.6835 295.748 
0.0012507 0.00244489 0.00652976 0.0212742 0.0804749 0.3429 1.60968 8.1794 44.3508 253.649 
0.0008486 0.00172156 0.00475497 0.0160161 0.0626108 0.275698 1.33864 7.05035 39.7579 237.548 
0.0005749 0.00119446 0.00335598 0.0114392 0.0451671 0.201238 0.993733 5.3623 31.23 194.079 
0.0003938 0.000845682 0.00246256 0.00870036 0.0355046 0.162568 0.818514 4.46112 25.9785 159.832 
0 0 0 0 0 0 0 0 0 0 
Per-collision Densities L:
0 0 0 0 0 0 0 0 0 0 0 0 0 0 0 0 0 0 0 0 0 0 0 0 0 0 0 0 0 0 0 0 0 0 0 0 0 0 0 0 0 0 0 0 0 0 0 0 0 0 0 
0.434895 0.240378 0.132948 0.073273 0.0407166 0.0223841 0.0124488 0.0067872 0.00378649 0.0021412 0.00112363 0.000627715 0.000356025 0.000181295 0.00010807 6.363e-05 3.1815e-05 1.9695e-05 1.01e-05 5.05e-06 2.02e-06 3.03e-06 0 0 0 0 0 0 0 0 0 0 0 0 0 0 0 0 0 0 0 0 0 0 0 0 0 0 0 0 0 
0.173828 0.140867 0.102497 0.070144 0.046565 0.0299495 0.0189229 0.0115908 0.00714626 0.00431775 0.00259015 0.00152561 0.000922635 0.000592365 0.0003333 0.00019998 0.00011514 7.272e-05 3.6865e-05 2.424e-05 8.08e-06 6.565e-06 2.02e-06 3.03e-06 1.01e-06 0 2.02e-06 0 0 5.05e-07 0 0 0 0 0 0 0 0 0 0 0 0 0 0 0 0 0 0 0 0 0 
0.0818964 0.0775549 0.0656737 0.0515378 0.0383239 0.027064 0.019039 0.0127533 0.00859965 0.00551864 0.0035451 0.00229371 0.00146652 0.00089284 0.000547925 0.00037774 0.000209575 0.00013029 7.575e-05 5.4035e-05 3.434e-05 1.313e-05 8.585e-06 6.565e-06 1.515e-06 3.03e-06 2.02e-06 1.01e-06 1.01e-06 5.05e-07 5.05e-07 0 0 0 0 0 0 0 0 0 0 0 0 0 0 0 0 0 0 0 0 
0.0411828 0.0423665 0.039495 0.0338401 0.0271528 0.0211383 0.0156974 0.0115256 0.00821484 0.00568125 0.00387285 0.00268458 0.00176548 0.00112868 0.00073427 0.00047672 0.000285325 0.000206545 0.000115645 8.888e-05 4.747e-05 2.4745e-05 1.616e-05 1.616e-05 6.06e-06 2.02e-06 2.525e-06 2.02e-06 1.01e-06 0 0 0 0 0 0 0 0 0 0 0 0 0 0 0 0 0 0 0 0 0 0 
0.02192 0.0238421 0.023182 0.0211433 0.0182391 0.0150142 0.0119523 0.00912889 0.00682558 0.00507929 0.00361328 0.00258358 0.00175134 0.00122513 0.000831735 0.000556005 0.000393395 0.0002424 0.00014645 0.00011211 7.171e-05 4.545e-05 2.6765e-05 1.9695e-05 1.7675e-05 8.585e-06 5.05e-06 3.535e-06 1.01e-06 1.01e-06 0 5.05e-07 0 0 0 0 0 0 0 0 0 0 0 0 0 0 0 0 0 0 0 
0.0121205 0.0136108 0.013941 0.0132866 0.0119463 0.0104182 0.00844714 0.00679781 0.00535351 0.00412888 0.00310626 0.00224675 0.00162762 0.00120291 0.000830725 0.00061206 0.000392385 0.000290375 0.000170185 0.00011514 9.292e-05 6.1105e-05 4.545e-05 2.727e-05 9.595e-06 7.07e-06 4.545e-06 2.02e-06 1.515e-06 3.03e-06 1.515e-06 1.01e-06 0 1.01e-06 5.05e-07 0 0 0 0 0 0 0 0 0 0 0 0 0 0 0 0 
0.00697961 0.0079583 0.00839866 0.00827241 0.00751844 0.00685437 0.00595799 0.00500001 0.00402233 0.0031204 0.0024942 0.00187103 0.00142915 0.0010504 0.000750935 0.00053025 0.000400465 0.000278255 0.000191395 0.000129785 9.3425e-05 7.171e-05 3.7875e-05 2.222e-05 1.414e-05 1.6665e-05 9.09e-06 9.595e-06 4.04e-06 5.05e-07 1.515e-06 1.515e-06 0 5.05e-07 0 5.05e-07 0 0 0 0 0 0 0 0 0 0 0 0 0 0 0 
0.00406525 0.00470559 0.00514696 0.00502778 0.00489446 0.00446774 0.00399506 0.00346329 0.00288507 0.00233916 0.00192607 0.00149127 0.00115746 0.00090597 0.000654985 0.00049389 0.00034239 0.00024947 0.000177255 0.000127765 9.3425e-05 5.05e-05 4.3935e-05 2.9795e-05 1.515e-05 1.313e-05 1.111e-05 5.05e-06 3.535e-06 3.535e-06 1.01e-06 1.01e-06 5.05e-07 0 1.515e-06 0 0 5.05e-07 0 0 0 0 0 0 0 0 0 0 0 0 0 
0.00238714 0.00285982 0.00309464 0.00317342 0.00316231 0.00294011 0.00266741 0.00233866 0.00199071 0.00169125 0.00137209 0.00113625 0.000902435 0.000732755 0.000537825 0.000394405 0.000301485 0.00022422 0.0001616 0.000119685 8.8375e-05 6.868e-05 4.646e-05 2.626e-05 2.222e-05 1.1615e-05 8.08e-06 9.09e-06 4.545e-06 3.535e-06 2.02e-06 5.05e-07 0 5.05e-07 5.05e-07 5.05e-07 0 0 0 0 0 0 0 0 0 0 0 0 0 0 0 
0.0014741 0.00169074 0.00190688 0.00199324 0.00199778 0.00185638 0.00176245 0.00158722 0.00138673 0.00118271 0.00096657 0.000848905 0.00069387 0.000551965 0.00042218 0.0003232 0.000268155 0.000207555 0.00014847 0.00010908 7.373e-05 5.8075e-05 3.838e-05 3.636e-05 1.5655e-05 1.818e-05 9.09e-06 1.1615e-05 5.555e-06 4.545e-06 1.515e-06 5.05e-07 5.05e-07 1.01e-06 5.05e-07 1.01e-06 0 0 0 0 0 0 0 0 0 0 0 0 0 0 0 
0.000897385 0.00106858 0.00120594 0.00127715 0.00125796 0.00120847 0.00118726 0.00108222 0.000980205 0.000807495 0.00071912 0.00061408 0.000501465 0.000402485 0.000322695 0.000249975 0.000203515 0.000166145 0.00011211 0.00010302 7.272e-05 4.5955e-05 3.939e-05 3.333e-05 1.9695e-05 1.4645e-05 1.3635e-05 9.595e-06 7.575e-06 3.03e-06 2.02e-06 0 5.05e-07 1.515e-06 5.05e-07 0 1.515e-06 0 0 0 0 0 0 0 0 0 0 0 0 0 0 
0.00056459 0.000667105 0.000740835 0.000815575 0.000852945 0.000807495 0.000752955 0.000705485 0.000668115 0.000596405 0.000495405 0.00043632 0.00037168 0.00031007 0.000264115 0.00019594 0.00014342 0.000129785 0.00011211 8.1305e-05 5.555e-05 4.2925e-05 3.7875e-05 2.4745e-05 1.6665e-05 1.01e-05 1.0605e-05 9.595e-06 6.565e-06 4.04e-06 2.02e-06 1.515e-06 1.515e-06 0 0 0 1.01e-06 0 5.05e-07 0 0 0 0 0 0 0 0 0 0 0 0 
0.00033027 0.000418645 0.000490355 0.00053126 0.00053328 0.000517625 0.000490355 0.00048379 0.000459045 0.00037976 0.000356025 0.00031108 0.00026462 0.000228765 0.0001717 0.000153015 0.000111605 8.7365e-05 8.08e-05 6.2115e-05 4.545e-05 3.1815e-05 3.131e-05 1.9695e-05 1.818e-05 1.1615e-05 1.1615e-05 5.555e-06 5.555e-06 3.535e-06 3.03e-06 1.01e-06 1.01e-06 0 1.01e-06 0 5.05e-07 5.05e-07 1.01e-06 0 0 0 0 0 0 0 0 0 0 0 0 
0.000235835 0.00027472 0.000293405 0.000346935 0.0003434 0.000358045 0.000345925 0.00031512 0.00031411 0.00025048 0.000224725 0.00019695 0.00020099 0.00017473 0.000128775 0.00010908 8.989e-05 7.474e-05 6.1105e-05 4.141e-05 4.141e-05 3.636e-05 2.2725e-05 1.616e-05 1.3635e-05 1.1615e-05 5.05e-06 4.545e-06 4.545e-06 2.525e-06 1.01e-06 0 1.515e-06 1.01e-06 0 1.01e-06 0 0 0 5.05e-07 0 0 0 0 0 0 0 0 0 0 0 
0.000153015 0.00015453 0.000191395 0.000213615 0.00023331 0.00022927 0.000207555 0.00020099 0.00019392 0.00019998 0.00016766 0.00014746 0.000149985 0.00011009 0.000100495 8.4335e-05 7.2215e-05 5.7065e-05 3.9895e-05 2.7775e-05 3.232e-05 2.4745e-05 1.818e-05 1.1615e-05 1.2625e-05 6.565e-06 6.565e-06 5.05e-06 4.545e-06 3.535e-06 2.02e-06 5.05e-07 5.05e-07 1.515e-06 1.01e-06 0 0 0 5.05e-07 0 0 0 0 0 0 0 0 0 0 0 0 
8.484e-05 9.797e-05 0.00012625 0.00014241 0.00014847 0.00014746 0.00014241 0.00014039 0.0001313 0.000122715 0.00012019 0.000108575 9.1405e-05 8.484e-05 7.8275e-05 5.3025e-05 4.444e-05 3.939e-05 4.04e-05 3.03e-05 1.5655e-05 2.2725e-05 1.313e-05 1.111e-05 1.01e-05 7.575e-06 6.565e-06 3.535e-06 4.545e-06 3.03e-06 5.05e-07 5.05e-07 2.02e-06 1.01e-06 1.515e-06 5.05e-07 0 0 0 0 0 0 0 0 0 0 0 0 0 0 0 
5.252e-05 6.363e-05 9.1405e-05 8.585e-05 9.191e-05 9.999e-05 7.9285e-05 0.00010201 8.989e-05 9.09e-05 8.888e-05 7.0195e-05 6.5145e-05 5.9085e-05 5.4035e-05 4.0905e-05 4.646e-05 2.6765e-05 2.626e-05 1.717e-05 1.5655e-05 1.01e-05 1.1615e-05 9.09e-06 5.555e-06 5.05e-06 5.05e-06 3.535e-06 1.01e-06 1.515e-06 2.02e-06 5.05e-07 0 5.05e-07 5.05e-07 0 5.05e-07 0 0 5.05e-07 0 0 5.05e-07 0 0 0 0 0 0 0 0 
3.434e-05 5.454e-05 4.5955e-05 5.555e-05 5.454e-05 5.959e-05 7.272e-05 6.161e-05 6.969e-05 5.6055e-05 5.252e-05 4.2925e-05 4.343e-05 4.4945e-05 4.04e-05 3.3835e-05 2.727e-05 1.5655e-05 1.616e-05 1.616e-05 1.212e-05 8.585e-06 8.585e-06 3.535e-06 5.05e-06 7.07e-06 5.555e-06 2.525e-06 3.03e-06 5.05e-07 3.03e-06 1.01e-06 0 0 5.05e-07 0 0 5.05e-07 0 5.05e-07 0 0 0 0 0 0 0 0 0 0 0 
0 0 0 0 0 0 0 0 0 0 0 0 0 0 0 0 0 0 0 0 0 0 0 0 0 0 0 0 0 0 0 0 0 0 0 0 0 0 0 0 0 0 0 0 0 0 0 0 0 0 0 
Per-collision Densities L:
2.26115 1.24915 0.689452 0.380758 0.209825 0.116121 0.0643426 0.0354444 0.019546 0.0109747 0.00594032 0.00326937 0.00179326 0.000972125 0.0005656 0.00032017 0.000176245 9.2415e-05 4.7975e-05 2.727e-05 1.4645e-05 7.07e-06 3.535e-06 2.525e-06 5.05e-07 0 5.05e-07 0 1.01e-06 0 0 0 0 0 0 0 0 0 0 0 0 0 0 0 0 0 0 0 0 0 0 
0.190752 0.338803 0.315517 0.245808 0.175126 0.117862 0.07752 0.0493067 0.0308979 0.0190582 0.0116731 0.00702708 0.00427735 0.00252753 0.00149733 0.00088779 0.00051813 0.00030502 0.000183315 9.696e-05 6.565e-05 2.9795e-05 1.717e-05 1.3635e-05 7.575e-06 2.02e-06 2.02e-06 3.03e-06 5.05e-07 1.01e-06 5.05e-07 0 0 0 0 0 0 0 0 0 0 0 0 0 0 0 0 0 0 0 0 
0.0566504 0.127008 0.147683 0.137513 0.114162 0.088277 0.0647622 0.0462555 0.0315903 0.0214898 0.0142875 0.0090996 0.00595193 0.00372791 0.00233361 0.00148117 0.00090597 0.000581255 0.000346935 0.00019089 0.0001313 7.676e-05 4.444e-05 2.3735e-05 1.9695e-05 9.595e-06 6.06e-06 4.04e-06 3.03e-06 1.01e-06 1.01e-06 5.05e-07 1.01e-06 0 0 0 0 0 0 0 0 0 0 0 0 0 0 0 0 0 0 
0.0200359 0.0524993 0.0692269 0.0728589 0.0673872 0.0577316 0.046506 0.0362696 0.0267302 0.0193748 0.0136906 0.0095344 0.00654177 0.00436522 0.00284366 0.00191092 0.00121705 0.000803455 0.00050702 0.000311585 0.000192405 0.000118675 6.969e-05 4.0905e-05 3.0805e-05 1.7675e-05 7.575e-06 6.565e-06 3.03e-06 3.03e-06 5.05e-07 1.01e-06 1.01e-06 0 5.05e-07 0 0 0 0 0 0 0 0 0 0 0 0 0 0 0 0 
0.00876478 0.0244082 0.0344516 0.0394026 0.0391345 0.0357469 0.0308161 0.0254611 0.020203 0.0155262 0.0115256 0.00857844 0.00612969 0.00427331 0.00300122 0.00205232 0.00143016 0.000925665 0.00063529 0.00042319 0.0002727 0.00017372 0.000120695 7.07e-05 4.343e-05 3.03e-05 1.8685e-05 1.0605e-05 8.08e-06 2.525e-06 2.02e-06 1.01e-06 5.05e-07 1.515e-06 0 0 0 0 0 0 0 0 0 0 0 0 0 0 0 0 0 
0.00433644 0.0121094 0.0180406 0.0216276 0.0226664 0.0220963 0.0199768 0.0172402 0.0143617 0.0114731 0.00903698 0.00696395 0.00516817 0.00379053 0.00280477 0.00204727 0.00136199 0.000961015 0.0006565 0.000471165 0.000308555 0.00021513 0.0001313 0.00011009 6.262e-05 3.7875e-05 2.1715e-05 1.7675e-05 1.111e-05 5.555e-06 3.03e-06 4.04e-06 0 1.515e-06 1.515e-06 5.05e-07 5.05e-07 5.05e-07 0 0 0 0 0 0 0 0 0 0 0 0 0 
0.00221241 0.00648774 0.0097263 0.0120518 0.0131906 0.0132961 0.0124791 0.0113716 0.00989447 0.00823706 0.00663419 0.00526665 0.00418191 0.00313151 0.00233916 0.00176144 0.00124685 0.000927685 0.00065044 0.000481265 0.000321685 0.00021513 0.00016362 9.595e-05 6.868e-05 5.1005e-05 3.03e-05 1.818e-05 1.515e-05 9.595e-06 4.04e-06 3.535e-06 1.01e-06 1.515e-06 5.05e-07 0 0 1.01e-06 0 0 0 0 0 0 0 0 0 0 0 0 0 
0.00123826 0.00359661 0.00567216 0.00698567 0.0076962 0.00818757 0.00785528 0.00732755 0.00650996 0.00567317 0.00477427 0.00395769 0.00314312 0.0025351 0.00195233 0.00144733 0.00105242 0.00082315 0.00061812 0.000417635 0.00029896 0.000232805 0.00014544 9.7465e-05 8.3325e-05 4.848e-05 3.636e-05 2.0705e-05 1.616e-05 1.1615e-05 8.585e-06 1.515e-06 2.02e-06 1.515e-06 5.05e-07 1.01e-06 1.01e-06 5.05e-07 0 0 0 0 0 0 0 0 0 0 0 0 0 
0.000698415 0.00207 0.0032618 0.00416221 0.00466974 0.00501314 0.0049586 0.00474246 0.00440512 0.00385618 0.00332593 0.00283002 0.00235381 0.0018478 0.00152611 0.00112413 0.00092112 0.00070397 0.000510555 0.00039188 0.00026058 0.00020301 0.00015453 0.000106555 7.0195e-05 4.949e-05 3.535e-05 2.02e-05 1.5655e-05 1.414e-05 8.585e-06 6.06e-06 4.04e-06 2.525e-06 0 5.05e-07 0 5.05e-07 5.05e-07 0 0 0 0 0 0 0 0 0 0 0 0 
0.00042925 0.00123119 0.00191698 0.00250884 0.00287295 0.00301081 0.0031608 0.00304667 0.00286891 0.00258459 0.00231139 0.0019892 0.00168872 0.00138926 0.00109181 0.000862035 0.000723665 0.00054742 0.000452985 0.00033633 0.00024442 0.000171195 0.000130795 9.0395e-05 6.767e-05 5.151e-05 3.3835e-05 2.4745e-05 2.02e-05 1.1615e-05 8.08e-06 3.535e-06 4.04e-06 5.05e-07 1.01e-06 3.03e-06 2.02e-06 0 5.05e-07 0 0 0 0 0 0 0 0 0 0 0 0 
0.00024442 0.000724675 0.00114888 0.00148672 0.0017675 0.00191193 0.00202253 0.00202657 0.00191092 0.00168771 0.00160893 0.00139532 0.001212 0.000994345 0.000838805 0.00065852 0.00052015 0.000458035 0.000342895 0.0002626 0.000208565 0.000153015 0.00010807 9.4435e-05 5.7065e-05 4.343e-05 2.5755e-05 2.5755e-05 2.0705e-05 1.01e-05 8.08e-06 6.06e-06 2.525e-06 2.02e-06 5.05e-07 1.515e-06 2.02e-06 2.02e-06 5.05e-07 1.01e-06 0 5.05e-07 0 0 0 0 0 0 0 0 0 
0.00015554 0.00041915 0.000695385 0.00093526 0.00109636 0.00119029 0.00126149 0.00126351 0.00123422 0.00118574 0.00105697 0.00092718 0.000843855 0.0007272 0.000595395 0.000497425 0.000421675 0.00032522 0.00026462 0.000222705 0.00015251 0.000127765 0.000115645 6.4135e-05 5.656e-05 3.737e-05 2.4745e-05 2.323e-05 2.121e-05 1.0605e-05 6.565e-06 6.06e-06 5.05e-06 3.03e-06 5.05e-07 5.05e-07 5.05e-07 5.05e-07 1.01e-06 5.05e-07 5.05e-07 0 0 0 0 0 0 0 0 0 0 
8.484e-05 0.000258055 0.000419655 0.00059287 0.000659025 0.00076356 0.000804465 0.00079689 0.00081204 0.000751945 0.000697405 0.00065246 0.000575195 0.000500455 0.000422685 0.000373195 0.00029391 0.000244925 0.000183315 0.00016463 0.000130795 9.1405e-05 8.181e-05 6.06e-05 4.3935e-05 3.1815e-05 2.525e-05 1.7675e-05 2.02e-05 1.313e-05 6.565e-06 5.05e-06 4.545e-06 2.02e-06 2.02e-06 2.02e-06 0 1.01e-06 5.05e-07 0 5.05e-07 0 5.05e-07 0 0 0 0 0 0 0 0 
5.1005e-05 0.000157055 0.00026866 0.000356025 0.00043329 0.000482275 0.00051813 0.00054439 0.00051207 0.000508535 0.000463085 0.00044743 0.000389355 0.000355015 0.000294415 0.000254015 0.0002222 0.00018584 0.000143925 0.00012928 0.000100495 7.272e-05 6.666e-05 4.7975e-05 4.04e-05 2.6765e-05 1.8685e-05 1.616e-05 1.212e-05 1.01e-05 5.555e-06 8.08e-06 4.04e-06 2.525e-06 1.01e-06 2.02e-06 2.02e-06 0 0 0 0 5.05e-07 0 0 0 0 0 0 0 0 0 
2.626e-05 0.000105545 0.0001616 0.000218665 0.00025755 0.00030199 0.000324715 0.00033431 0.000313605 0.000323705 0.000318655 0.000304515 0.00030098 0.000259065 0.000222705 0.000183315 0.00018382 0.000126755 9.696e-05 9.393e-05 7.2215e-05 5.353e-05 5.05e-05 3.5855e-05 2.929e-05 2.2725e-05 2.323e-05 1.5655e-05 1.01e-05 1.01e-05 6.06e-06 3.535e-06 2.525e-06 3.535e-06 3.03e-06 2.02e-06 5.05e-07 1.01e-06 5.05e-07 0 0 0 0 0 0 0 0 0 0 0 0 
2.5755e-05 5.858e-05 9.999e-05 0.00013938 0.000182305 0.000208565 0.00019089 0.00021008 0.00021008 0.0002323 0.00020503 0.000220685 0.00018281 0.000165135 0.000169175 0.00012928 0.000114635 9.292e-05 7.8275e-05 7.373e-05 4.6965e-05 4.04e-05 3.7875e-05 2.828e-05 2.626e-05 1.616e-05 1.1615e-05 1.4645e-05 1.01e-05 1.0605e-05 3.03e-06 3.535e-06 2.02e-06 1.515e-06 3.03e-06 2.02e-06 5.05e-07 5.05e-07 5.05e-07 5.05e-07 0 0 0 0 0 0 0 0 0 0 0 
1.313e-05 3.232e-05 6.262e-05 0.000107565 0.00011716 0.000131805 0.00012322 0.00013029 0.000143925 0.00014241 0.000142915 0.000141905 0.000133825 0.0001212 0.000110595 9.0395e-05 7.676e-05 7.272e-05 6.6155e-05 4.4945e-05 3.737e-05 3.131e-05 2.222e-05 2.0705e-05 2.222e-05 1.414e-05 1.3635e-05 7.07e-06 8.08e-06 7.575e-06 4.545e-06 4.545e-06 1.01e-06 5.05e-07 1.01e-06 5.05e-07 2.02e-06 1.01e-06 0 0 5.05e-07 0 5.05e-07 0 0 0 0 0 0 0 0 
7.575e-06 3.1815e-05 3.434e-05 6.06e-05 6.8175e-05 8.484e-05 9.494e-05 8.989e-05 0.000103525 9.6455e-05 8.484e-05 8.3325e-05 8.4335e-05 7.575e-05 7.272e-05 7.676e-05 6.0095e-05 4.646e-05 4.7975e-05 3.535e-05 2.828e-05 1.8685e-05 2.1715e-05 1.7675e-05 1.1615e-05 1.111e-05 1.212e-05 7.575e-06 3.03e-06 3.03e-06 6.06e-06 1.01e-06 1.01e-06 1.515e-06 1.01e-06 1.01e-06 0 0 5.05e-07 0 5.05e-07 5.05e-07 0 0 0 0 0 0 0 0 0 
5.555e-06 1.8685e-05 2.525e-05 3.7875e-05 5.151e-05 6.0095e-05 5.858e-05 5.8075e-05 5.959e-05 5.9085e-05 6.161e-05 6.363e-05 6.06e-05 4.545e-05 4.9995e-05 4.545e-05 4.646e-05 4.343e-05 3.434e-05 2.828e-05 2.0705e-05 1.4645e-05 1.7675e-05 1.01e-05 1.1615e-05 9.09e-06 6.565e-06 8.585e-06 3.535e-06 3.03e-06 3.535e-06 0 1.01e-06 1.01e-06 0 1.515e-06 5.05e-07 5.05e-07 5.05e-07 5.05e-07 5.05e-07 0 0 0 0 0 0 0 0 0 0 
0 0 0 0 0 0 0 0 0 0 0 0 0 0 0 0 0 0 0 0 0 0 0 0 0 0 0 0 0 0 0 0 0 0 0 0 0 0 0 0 0 0 0 0 0 0 0 0 0 0 0 
