Half rod, albedo problem, Anisotropic scattering, exponential random flight, mu_t: 1 g: 0.5
Analogmu_t c: 0.5 maxx: 10 dx: 0.19802 numsamples: 10000000 numCollisionOrders: 20 numMoments: 10
total albedo: 0.101083
per-collision order albedos: 
0 0.0625378 0.023456 0.0090416 0.0035978 0.001442 0.0005862 0.0002325 0.000108 4.58e-05 1.93e-05 7.1e-06 5e-06 2.4e-06 1e-06 4e-07 1e-07 0 0 0 
Collision density L:
0.095292 0.0843875 0.0747849 0.0659449 0.0587224 0.052168 0.0460858 0.0407722 0.0360878 0.0318675 0.0283118 0.0250197 0.022221 0.0194733 0.0173801 0.0155288 0.0136961 0.0120645 0.0107863 0.0095647 0.00841381 0.00745835 0.00655894 0.00588527 0.00508838 0.00458944 0.00409404 0.00364105 0.0032421 0.00280326 0.00251389 0.0021614 0.00192557 0.00175841 0.00160742 0.00138471 0.00125796 0.00105242 0.000955965 0.00084739 0.00073225 0.000666095 0.000569135 0.000525705 0.00047874 0.00040501 0.00035249 0.0003131 0.000288355 0.000256035 0.00196243 
Collision density R:
0.942406 0.834916 0.738958 0.653576 0.580223 0.513635 0.454666 0.402735 0.357111 0.315936 0.280205 0.248754 0.219517 0.19408 0.172309 0.152048 0.135149 0.119709 0.105831 0.0937856 0.0834154 0.0735088 0.0653824 0.0579053 0.0511742 0.0456167 0.0402919 0.0356884 0.0315171 0.028225 0.0246415 0.0216963 0.0195172 0.0172048 0.0153702 0.0134487 0.0121013 0.0105833 0.00924958 0.00826332 0.00743764 0.00650491 0.0057368 0.0050394 0.00452632 0.00395213 0.00349511 0.00310424 0.00277498 0.00247551 0.0193662 
Density Moments:
1.79776 2.93462 9.58531 46.9873 307.323 2514.82 24718.4 283663 3.7198e+06 5.47612e+07 
Per-collision Density Moments:
1 0.999545 1.99833 5.99341 23.982 120.152 724.902 5132.57 41863.7 387349 
0.437402 0.812108 2.37324 9.3657 46.443 277.178 1934.75 15477.7 139750 1.40657e+06 
0.195272 0.507552 1.92141 9.33047 54.9865 380.323 3016.71 26964.5 267757 2.91766e+06 
0.0886209 0.288278 1.32178 7.55526 51.2689 401.544 3562.71 35351.4 388908 4.71743e+06 
0.0407355 0.15622 0.832214 5.44199 41.7267 366.102 3622.35 40071.7 493230 6.73314e+06 
0.0189104 0.0826459 0.497778 3.64387 30.9579 297.847 3195.93 37864.3 492003 6.97688e+06 
0.0088593 0.0431031 0.287783 2.31935 21.5278 224.509 2590.98 32758.8 450636 6.70998e+06 
0.0041846 0.0221712 0.161278 1.41283 14.1939 159.313 1965.19 26345.2 380805 5.89993e+06 
0.0019713 0.011311 0.0884595 0.830342 8.9178 106.834 1404.99 20061.4 308506 5.07764e+06 
0.0009463 0.00583188 0.0487824 0.487765 5.5511 70.0448 963.962 14303.6 226822 3.81515e+06 
0.0004506 0.00294037 0.0260435 0.275753 3.31676 44.0488 633.713 9735.82 157929 2.68042e+06 
0.0002151 0.00145141 0.0133914 0.148228 1.86452 25.8354 386.172 6132.74 102300 1.77693e+06 
0.0001053 0.00074385 0.00713274 0.0822787 1.08123 15.6599 244.381 4042.51 70025.2 1.25851e+06 
4.88e-05 0.000369591 0.00376691 0.0458954 0.635114 9.69434 160.09 2818.96 52308 1.01278e+06 
2.26e-05 0.000174472 0.00186238 0.0242554 0.366028 6.19606 114.731 2276.17 47585.3 1.03504e+06 
9.8e-06 8.45063e-05 0.00103991 0.0158579 0.279329 5.43783 113.519 2488.68 56487.1 1.31488e+06 
5.6e-06 5.11092e-05 0.000621129 0.00938168 0.167472 3.37499 73.9307 1712.79 41214.8 1.01827e+06 
2.6e-06 1.87873e-05 0.000166427 0.00167538 0.0184741 0.217103 2.66622 33.7684 437.282 5757.26 
1.3e-06 1.14926e-05 0.000125049 0.00149898 0.0188837 0.24507 3.2452 43.6142 592.9 8133.55 
0 0 0 0 0 0 0 0 0 0 
Per-collision Densities L:
0 0 0 0 0 0 0 0 0 0 0 0 0 0 0 0 0 0 0 0 0 0 0 0 0 0 0 0 0 0 0 0 0 0 0 0 0 0 0 0 0 0 0 0 0 0 0 0 0 0 0 
0.0567943 0.0464146 0.0380558 0.0312595 0.0255919 0.0212625 0.0173331 0.0141536 0.0116206 0.00959248 0.00785427 0.00635644 0.00532523 0.00429705 0.00362489 0.00296082 0.00237249 0.00193971 0.00164883 0.00132714 0.0010807 0.000851935 0.000728715 0.00058883 0.000506515 0.00040804 0.000342895 0.000270175 0.00023735 0.00018786 0.000144935 0.00012221 0.000104535 9.393e-05 7.171e-05 5.858e-05 4.848e-05 3.5855e-05 2.4745e-05 2.727e-05 2.9795e-05 2.0705e-05 1.8685e-05 1.4645e-05 1.01e-05 3.03e-06 5.05e-06 3.535e-06 5.555e-06 5.05e-07 1.717e-05 
0.0232467 0.0226886 0.0215115 0.0198697 0.0182931 0.0165297 0.0148652 0.0132658 0.0117579 0.0102288 0.00894305 0.00786942 0.00685538 0.00590194 0.00513232 0.00445309 0.00386174 0.003232 0.00282295 0.0023427 0.0020801 0.00173922 0.00146804 0.00128725 0.00108272 0.00092819 0.00077669 0.00065953 0.00056762 0.000470155 0.00039693 0.0003434 0.000288355 0.00025048 0.00019695 0.000174225 0.000132815 0.000121705 0.000106555 8.888e-05 6.969e-05 6.2115e-05 4.747e-05 3.838e-05 2.9795e-05 2.8785e-05 2.4745e-05 2.02e-05 1.6665e-05 1.2625e-05 6.969e-05 
0.00907586 0.00907889 0.00902233 0.00871277 0.00854157 0.00824918 0.00783861 0.00743007 0.00691598 0.00634785 0.00587719 0.00544239 0.00492022 0.00447935 0.00400415 0.00363701 0.00324867 0.00293708 0.00261085 0.00237956 0.00198819 0.00186396 0.00158368 0.00143319 0.00119281 0.00108777 0.00096657 0.000809515 0.00074235 0.00062317 0.00052621 0.000451975 0.00038885 0.000361075 0.00030906 0.000247955 0.000238865 0.000190385 0.00017776 0.00013231 0.00011413 0.00010908 8.989e-05 8.0295e-05 7.9285e-05 5.959e-05 4.545e-05 4.6965e-05 2.929e-05 2.5755e-05 0.00017675 
0.00364509 0.00366529 0.00366933 0.00357742 0.00362439 0.00352389 0.00344461 0.00334664 0.003232 0.00319009 0.00309565 0.00289012 0.00271488 0.00256591 0.00237451 0.00227604 0.00212353 0.00194173 0.00181346 0.00164479 0.00149076 0.00135643 0.00124887 0.00108171 0.000961015 0.000901425 0.00079285 0.00072114 0.000644885 0.000572165 0.000508535 0.00043329 0.00040501 0.000358045 0.00034138 0.000257045 0.0002525 0.000219675 0.000181295 0.000171195 0.00012625 0.0001212 0.00010201 9.7465e-05 7.777e-05 7.7265e-05 6.3125e-05 5.454e-05 5.353e-05 3.8885e-05 0.000242905 
0.001464 0.00147107 0.00146703 0.00142966 0.0015347 0.00151551 0.0015049 0.00147662 0.00145996 0.00139633 0.00143016 0.00135189 0.00133775 0.00119887 0.00121352 0.00115948 0.00111302 0.00103576 0.00099081 0.000943845 0.000894355 0.000815575 0.000752955 0.000699425 0.000650945 0.0005757 0.00054641 0.00052722 0.00045551 0.00039188 0.00039895 0.00033936 0.000290375 0.000257045 0.000265125 0.000253005 0.00022725 0.000172205 0.000173215 0.000150995 0.00012423 0.00011615 0.000100495 9.292e-05 8.7365e-05 6.767e-05 7.1205e-05 5.6055e-05 4.5955e-05 4.444e-05 0.00031007 
0.000616605 0.00061711 0.00059994 0.0006363 0.00064741 0.000626705 0.000620645 0.000607515 0.00063024 0.00061913 0.00063125 0.00062115 0.000592365 0.00055449 0.000569135 0.00057772 0.000513585 0.000519645 0.00048985 0.000480255 0.000452985 0.000425715 0.000414605 0.000400465 0.00035249 0.00034946 0.00032017 0.000300475 0.0002828 0.000260075 0.000260075 0.00020806 0.000203515 0.00019796 0.000185335 0.000174225 0.00014645 0.0001313 0.000124735 0.00010302 9.7465e-05 8.2315e-05 8.383e-05 7.3225e-05 7.272e-05 5.959e-05 4.2925e-05 3.939e-05 4.1915e-05 4.5955e-05 0.000296435 
0.0002626 0.000261085 0.00028078 0.000259065 0.000283305 0.00026361 0.00026765 0.00028482 0.00025755 0.0002828 0.000272195 0.000277245 0.000266135 0.00025755 0.00025856 0.00025048 0.00024038 0.000241895 0.00022321 0.000242905 0.00023634 0.00021311 0.00020402 0.00021008 0.000173215 0.00017978 0.000168165 0.000165135 0.000159075 0.000147965 0.00013029 0.00012625 0.00011716 0.000105545 0.000107565 9.9485e-05 0.00010504 7.878e-05 6.969e-05 6.8175e-05 7.2215e-05 6.161e-05 5.858e-05 6.0095e-05 4.646e-05 4.646e-05 4.444e-05 3.5855e-05 3.5855e-05 3.0805e-05 0.000266135 
0.00010807 0.000108575 9.898e-05 0.00010504 0.000120695 0.000110595 0.00011312 0.00011413 0.000121705 0.000122715 0.000110595 0.000111605 0.000112615 0.000123725 0.00011413 0.00011514 0.00011716 0.000112615 0.00010605 0.00010908 0.000100495 9.6455e-05 7.676e-05 9.09e-05 8.3325e-05 7.979e-05 9.4435e-05 9.7465e-05 7.474e-05 7.6255e-05 7.1205e-05 7.171e-05 6.5145e-05 6.565e-05 6.666e-05 5.2015e-05 5.1005e-05 5.454e-05 4.4945e-05 4.545e-05 4.5955e-05 3.6865e-05 3.4845e-05 2.828e-05 3.434e-05 2.6765e-05 2.121e-05 1.919e-05 2.525e-05 2.727e-05 0.00020402 
4.444e-05 4.6965e-05 4.343e-05 5.5045e-05 4.848e-05 4.545e-05 6.4135e-05 4.5955e-05 4.6965e-05 4.7975e-05 5.454e-05 4.949e-05 5.454e-05 5.5045e-05 4.5955e-05 5.4035e-05 5.959e-05 5.454e-05 3.8885e-05 4.545e-05 4.8985e-05 5.2015e-05 4.1915e-05 4.444e-05 4.646e-05 3.7875e-05 4.646e-05 4.9995e-05 4.0905e-05 3.8885e-05 3.939e-05 3.232e-05 3.3835e-05 3.8885e-05 3.232e-05 3.5855e-05 2.8785e-05 2.424e-05 2.525e-05 3.434e-05 2.3735e-05 2.4745e-05 1.4645e-05 1.919e-05 1.717e-05 1.5655e-05 1.6665e-05 1.515e-05 1.6665e-05 1.2625e-05 0.000152005 
1.9695e-05 1.7675e-05 2.0705e-05 2.222e-05 1.9695e-05 2.222e-05 1.8685e-05 2.525e-05 2.626e-05 2.4745e-05 2.5755e-05 2.6765e-05 2.3735e-05 2.0705e-05 2.4745e-05 2.424e-05 2.3735e-05 3.3835e-05 2.121e-05 2.2725e-05 2.2725e-05 2.0705e-05 2.02e-05 2.5755e-05 2.1715e-05 2.323e-05 2.02e-05 1.8685e-05 1.7675e-05 1.3635e-05 1.818e-05 1.717e-05 1.4645e-05 1.616e-05 2.02e-05 1.8685e-05 1.313e-05 1.111e-05 1.0605e-05 1.3635e-05 1.6665e-05 1.818e-05 7.575e-06 1.212e-05 1.111e-05 9.595e-06 8.585e-06 7.07e-06 7.07e-06 8.585e-06 9.0395e-05 
7.575e-06 9.09e-06 1.0605e-05 1.1615e-05 9.09e-06 1.2625e-05 7.575e-06 1.111e-05 1.01e-05 1.01e-05 1.01e-05 1.01e-05 1.111e-05 1.212e-05 9.595e-06 9.595e-06 1.2625e-05 8.585e-06 1.111e-05 1.313e-05 1.313e-05 9.595e-06 9.09e-06 1.3635e-05 1.01e-05 8.585e-06 1.01e-05 1.111e-05 1.01e-05 9.09e-06 9.595e-06 7.575e-06 7.575e-06 9.595e-06 6.06e-06 7.07e-06 7.575e-06 7.575e-06 7.07e-06 5.05e-06 6.06e-06 5.05e-06 8.08e-06 5.05e-06 6.06e-06 5.555e-06 5.05e-06 7.575e-06 5.555e-06 4.545e-06 6.0095e-05 
3.03e-06 4.04e-06 3.535e-06 4.545e-06 5.05e-06 3.535e-06 2.525e-06 6.565e-06 6.565e-06 3.03e-06 3.03e-06 7.07e-06 4.04e-06 3.535e-06 4.545e-06 8.08e-06 5.05e-06 3.535e-06 5.05e-06 6.06e-06 3.535e-06 6.06e-06 5.05e-06 5.05e-06 3.535e-06 4.545e-06 7.07e-06 5.555e-06 4.545e-06 6.565e-06 5.555e-06 6.06e-06 5.05e-06 1.01e-06 2.02e-06 2.02e-06 3.03e-06 2.525e-06 7.575e-06 3.535e-06 4.04e-06 5.555e-06 1.515e-06 3.03e-06 3.535e-06 2.525e-06 1.515e-06 2.525e-06 2.525e-06 1.515e-06 3.0805e-05 
1.515e-06 3.03e-06 5.05e-07 1.515e-06 1.515e-06 1.515e-06 3.535e-06 1.515e-06 1.01e-06 0 1.01e-06 4.04e-06 3.03e-06 1.01e-06 3.03e-06 2.02e-06 2.02e-06 2.02e-06 5.05e-07 3.535e-06 5.05e-07 5.555e-06 3.03e-06 2.02e-06 1.515e-06 2.02e-06 1.515e-06 4.04e-06 3.03e-06 3.535e-06 3.03e-06 5.05e-07 1.515e-06 5.05e-07 1.01e-06 2.525e-06 2.525e-06 1.515e-06 1.515e-06 2.525e-06 1.515e-06 1.01e-06 1.01e-06 0 1.515e-06 5.05e-07 5.05e-07 2.02e-06 1.515e-06 1.515e-06 2.2725e-05 
2.02e-06 5.05e-07 0 5.05e-07 1.515e-06 1.01e-06 5.05e-07 5.05e-07 5.05e-07 1.515e-06 2.525e-06 1.01e-06 0 1.01e-06 1.01e-06 5.05e-07 1.515e-06 5.05e-07 1.515e-06 2.525e-06 1.01e-06 1.515e-06 1.01e-06 1.01e-06 5.05e-07 2.525e-06 0 5.05e-07 5.05e-07 1.515e-06 5.05e-07 5.05e-07 0 2.02e-06 1.515e-06 5.05e-07 0 0 1.01e-06 5.05e-07 5.05e-07 1.01e-06 0 5.05e-07 1.01e-06 1.01e-06 0 2.02e-06 1.01e-06 1.01e-06 1.111e-05 
5.05e-07 5.05e-07 0 0 0 0 1.01e-06 1.515e-06 5.05e-07 0 0 0 0 5.05e-07 0 0 5.05e-07 1.01e-06 1.515e-06 1.01e-06 0 0 5.05e-07 1.01e-06 0 5.05e-07 0 5.05e-07 0 5.05e-07 0 1.01e-06 0 5.05e-07 0 5.05e-07 5.05e-07 5.05e-07 0 0 0 5.05e-07 0 0 0 0 1.01e-06 5.05e-07 0 0 6.565e-06 
0 0 5.05e-07 0 0 0 0 5.05e-07 0 0 0 0 0 0 0 5.05e-07 5.05e-07 0 5.05e-07 0 0 5.05e-07 0 0 5.05e-07 0 0 0 1.01e-06 0 0 0 0 0 0 5.05e-07 0 0 0 5.05e-07 0 0 0 5.05e-07 5.05e-07 1.01e-06 5.05e-07 5.05e-07 0 0 4.04e-06 
0 5.05e-07 0 0 0 0 0 0 0 0 0 1.01e-06 0 0 0 0 0 0 0 0 0 0 0 5.05e-07 1.01e-06 0 0 0 0 0 5.05e-07 0 0 0 5.05e-07 5.05e-07 0 5.05e-07 0 0 0 0 5.05e-07 0 0 0 0 0 0 0 5.05e-07 
0 0 0 0 0 0 0 0 0 0 5.05e-07 0 0 5.05e-07 0 0 0 0 0 0 0 0 5.05e-07 0 0 0 5.05e-07 0 0 0 0 0 0 0 0 0 0 0 0 0 0 0 0 0 0 0 5.05e-07 0 0 0 0 
0 0 0 0 0 0 0 0 0 0 0 0 0 0 0 0 0 0 0 0 0 0 0 0 0 0 0 0 0 0 0 0 0 0 0 0 0 0 0 0 0 0 0 0 0 0 0 0 0 0 0 
Per-collision Densities L:
0.907788 0.745012 0.610571 0.499822 0.411092 0.336817 0.276425 0.226823 0.186469 0.152664 0.125277 0.103007 0.0840436 0.0689881 0.0567903 0.0462216 0.0382846 0.0311575 0.0254106 0.0211398 0.017323 0.0142425 0.011509 0.00951976 0.00785629 0.00649279 0.00526059 0.00430866 0.00358702 0.00288911 0.00236795 0.00194223 0.00160338 0.00130997 0.00108727 0.000867085 0.00074942 0.000609535 0.00046763 0.000362085 0.00032522 0.00026664 0.00022927 0.000179275 0.00015453 0.000124735 0.000105545 7.8275e-05 6.5145e-05 6.06e-05 0.000250985 
0.032577 0.0818777 0.112647 0.129605 0.13687 0.137442 0.13294 0.125962 0.117193 0.107374 0.097768 0.0879927 0.0781033 0.0689911 0.0607061 0.0533341 0.04656 0.0405672 0.0351828 0.0304146 0.0262423 0.0224755 0.0195475 0.0167423 0.0141713 0.0122553 0.0103227 0.00887336 0.00738209 0.00637058 0.00543027 0.00452026 0.00390971 0.00328907 0.00276892 0.00231997 0.00203515 0.00166095 0.001363 0.00112666 0.00101606 0.00083729 0.00071205 0.00057469 0.00051106 0.000365115 0.00034542 0.00026866 0.00024543 0.00019796 0.00104384 
0.00151753 0.00640896 0.0128194 0.0196011 0.0258318 0.0308909 0.0348132 0.0375387 0.0393627 0.0399197 0.0398884 0.039134 0.0379487 0.0359469 0.0342839 0.031711 0.0296213 0.0273685 0.0250268 0.0225124 0.0205252 0.0182552 0.0166074 0.0149182 0.0131593 0.0118387 0.0103949 0.00916929 0.00811384 0.0071811 0.00616151 0.00536512 0.00478084 0.00418241 0.00366681 0.00307646 0.00267095 0.00237552 0.00201091 0.00174124 0.00152914 0.00130391 0.00110797 0.000925665 0.000846885 0.000691345 0.000620645 0.00052722 0.000440865 0.000362085 0.00217554 
0.0003131 0.00104939 0.00196041 0.00317797 0.00461368 0.00615848 0.00757551 0.00891578 0.0101126 0.0113554 0.0121912 0.0129219 0.013228 0.013538 0.0135365 0.0134739 0.0132456 0.0129144 0.0124341 0.0117705 0.0112474 0.0105782 0.00982831 0.00909253 0.00848602 0.00777397 0.00723766 0.00660843 0.00597365 0.00555854 0.0048783 0.00434856 0.00402283 0.00359308 0.00321534 0.00283709 0.00253207 0.00222958 0.0019897 0.0017872 0.00154985 0.00136552 0.001161 0.00108272 0.000926675 0.000801435 0.000694375 0.00062418 0.000556005 0.00048177 0.00306535 
0.00012423 0.000338855 0.00057873 0.00086153 0.00113928 0.00150238 0.00189022 0.0022922 0.00266388 0.00307343 0.00339259 0.00381477 0.00414959 0.00437027 0.00458086 0.00476266 0.00482578 0.00490557 0.00490557 0.00495607 0.00493789 0.00480306 0.00467024 0.00445966 0.00433038 0.0041102 0.00392284 0.00363398 0.00349258 0.00326836 0.00297445 0.00283154 0.00255328 0.00233512 0.00221291 0.00201445 0.0019089 0.00162913 0.00149632 0.00137158 0.00124129 0.00111959 0.000993335 0.00089284 0.00079386 0.000742855 0.00063125 0.0005757 0.00049692 0.000470155 0.00335775 
5.151e-05 0.000130795 0.000240885 0.00031209 0.000412585 0.0004747 0.00059489 0.000728715 0.000819615 0.00094738 0.00104182 0.00116706 0.00129179 0.00143016 0.00151702 0.00159984 0.00166196 0.00174074 0.00179326 0.00188416 0.00192607 0.00193668 0.00196445 0.00187153 0.0018483 0.00182406 0.00185487 0.0017776 0.00165489 0.00168468 0.00156045 0.00149076 0.00142764 0.00131149 0.00125442 0.00119382 0.00107666 0.00101455 0.000945865 0.000918595 0.00085143 0.000740835 0.00069791 0.000605495 0.000549945 0.00053732 0.000466115 0.00039895 0.000393395 0.000372185 0.00305677 
2.222e-05 5.252e-05 7.6255e-05 0.000113625 0.000157055 0.00020301 0.000255025 0.00026765 0.00028886 0.00035047 0.000373195 0.00042521 0.000452985 0.00048076 0.00053732 0.000582265 0.000570145 0.00063125 0.00065347 0.000663065 0.00072417 0.00072215 0.00076154 0.000764065 0.000784265 0.00076659 0.000756995 0.0007575 0.000766085 0.00071508 0.00071811 0.00068276 0.00069286 0.000667105 0.000644885 0.000597415 0.00060297 0.00053833 0.000497425 0.000486315 0.000502475 0.00044339 0.000425715 0.000364105 0.000362085 0.00033229 0.00029492 0.000299465 0.000270175 0.000238865 0.00240229 
7.07e-06 2.3735e-05 4.2925e-05 5.252e-05 5.151e-05 8.4335e-05 9.898e-05 0.00012827 0.00011615 0.00013938 0.00015857 0.000166145 0.00016665 0.00018584 0.00021109 0.000219675 0.00021513 0.00025452 0.000251995 0.00025654 0.00029694 0.000280275 0.00026765 0.000318655 0.00030906 0.00031714 0.000318655 0.000314615 0.00032825 0.00031411 0.000318655 0.000286335 0.00029593 0.000314615 0.00028381 0.00031108 0.00028381 0.000278255 0.000256035 0.000255025 0.000207555 0.00021311 0.000202 0.000227755 0.00017675 0.000179275 0.000168165 0.0001515 0.0001616 0.000142915 0.00166448 
3.03e-06 1.313e-05 1.2625e-05 1.9695e-05 3.1815e-05 3.737e-05 4.0905e-05 5.05e-05 4.6965e-05 5.454e-05 6.8175e-05 7.474e-05 7.979e-05 7.9285e-05 7.979e-05 8.7365e-05 8.8375e-05 9.3425e-05 0.000106555 0.000109585 0.00011413 0.00011918 0.00013433 0.000117665 0.000127765 0.00013736 0.000129785 0.000143925 0.000120695 0.000142915 0.000134835 0.00012322 0.000138875 0.00011817 0.00013332 0.00014241 0.0001212 0.000126755 0.000115645 0.00011817 0.000127765 0.000112615 0.000120695 9.5445e-05 0.00010403 9.292e-05 8.484e-05 9.3425e-05 7.8275e-05 7.2215e-05 0.00101556 
1.515e-06 5.555e-06 5.555e-06 4.04e-06 1.414e-05 1.4645e-05 1.919e-05 1.616e-05 1.9695e-05 3.0805e-05 2.626e-05 2.727e-05 2.5755e-05 3.7875e-05 3.737e-05 3.1815e-05 4.04e-05 5.05e-05 3.838e-05 3.838e-05 4.343e-05 5.6055e-05 5.454e-05 5.6055e-05 5.6055e-05 5.6055e-05 5.151e-05 5.656e-05 5.8075e-05 6.161e-05 5.2015e-05 5.4035e-05 5.05e-05 4.949e-05 5.7065e-05 5.1005e-05 7.373e-05 6.4135e-05 5.151e-05 5.2015e-05 4.545e-05 5.858e-05 5.1005e-05 5.151e-05 5.5045e-05 4.343e-05 3.939e-05 4.7975e-05 3.3835e-05 3.636e-05 0.00062317 
0 2.02e-06 1.01e-06 5.555e-06 3.03e-06 5.555e-06 8.08e-06 6.565e-06 9.09e-06 1.515e-05 1.1615e-05 1.01e-05 1.6665e-05 1.717e-05 1.4645e-05 1.313e-05 1.818e-05 1.1615e-05 1.6665e-05 2.0705e-05 1.8685e-05 1.9695e-05 2.1715e-05 2.1715e-05 2.5755e-05 2.4745e-05 2.323e-05 2.525e-05 2.2725e-05 2.424e-05 2.2725e-05 2.6765e-05 2.02e-05 1.919e-05 2.626e-05 2.121e-05 2.6765e-05 3.636e-05 3.2825e-05 1.9695e-05 1.9695e-05 2.1715e-05 2.121e-05 2.323e-05 2.6765e-05 2.121e-05 2.8785e-05 2.02e-05 1.7675e-05 2.2725e-05 0.00034643 
5.05e-07 1.01e-06 5.05e-07 5.05e-07 4.04e-06 2.02e-06 2.525e-06 3.03e-06 6.565e-06 6.06e-06 4.545e-06 6.565e-06 6.565e-06 1.111e-05 8.08e-06 6.565e-06 1.01e-05 7.575e-06 4.545e-06 8.08e-06 8.585e-06 1.313e-05 9.09e-06 1.0605e-05 1.111e-05 1.0605e-05 6.565e-06 1.1615e-05 1.01e-05 8.08e-06 1.4645e-05 1.0605e-05 1.2625e-05 6.06e-06 8.08e-06 1.111e-05 8.585e-06 1.0605e-05 1.1615e-05 1.515e-05 1.1615e-05 1.2625e-05 8.585e-06 1.01e-05 9.09e-06 1.111e-05 1.111e-05 8.585e-06 9.595e-06 9.09e-06 0.000170185 
0 0 1.01e-06 5.05e-07 1.515e-06 1.515e-06 1.01e-06 2.02e-06 2.02e-06 2.525e-06 2.02e-06 3.535e-06 2.02e-06 1.515e-06 4.04e-06 2.525e-06 4.545e-06 4.04e-06 5.05e-06 7.575e-06 5.555e-06 2.525e-06 4.04e-06 7.575e-06 3.535e-06 3.535e-06 6.06e-06 4.04e-06 4.545e-06 4.04e-06 4.04e-06 8.585e-06 4.545e-06 5.05e-06 7.07e-06 1.515e-06 6.06e-06 7.07e-06 5.05e-06 5.555e-06 6.06e-06 4.04e-06 2.525e-06 4.545e-06 5.05e-06 4.545e-06 3.535e-06 6.06e-06 3.535e-06 6.06e-06 9.5445e-05 
0 0 5.05e-07 0 5.05e-07 0 1.01e-06 0 1.01e-06 2.525e-06 5.05e-07 3.03e-06 5.05e-07 0 2.02e-06 1.01e-06 0 1.01e-06 1.01e-06 2.525e-06 1.515e-06 1.515e-06 2.02e-06 2.02e-06 3.03e-06 3.03e-06 3.535e-06 2.02e-06 1.01e-06 2.02e-06 1.515e-06 3.535e-06 1.515e-06 3.03e-06 2.525e-06 2.02e-06 4.04e-06 5.05e-07 3.03e-06 3.03e-06 1.515e-06 2.02e-06 2.02e-06 1.01e-06 3.03e-06 2.525e-06 5.05e-07 1.01e-06 2.02e-06 1.515e-06 4.9995e-05 
0 0 0 0 0 5.05e-07 5.05e-07 0 5.05e-07 0 5.05e-07 0 1.01e-06 2.02e-06 0 5.05e-07 1.01e-06 0 0 5.05e-07 0 2.02e-06 5.05e-07 1.01e-06 1.01e-06 1.515e-06 5.05e-07 5.05e-07 5.05e-07 0 1.515e-06 1.515e-06 2.02e-06 1.01e-06 5.05e-07 1.515e-06 5.05e-07 1.01e-06 1.515e-06 1.01e-06 5.05e-07 1.515e-06 5.05e-07 5.05e-07 1.01e-06 1.01e-06 5.05e-07 1.515e-06 0 1.01e-06 2.2725e-05 
0 0 0 0 0 0 5.05e-07 0 0 0 5.05e-07 5.05e-07 0 0 0 5.05e-07 1.01e-06 0 0 5.05e-07 5.05e-07 5.05e-07 0 1.01e-06 0 0 1.01e-06 0 1.01e-06 0 0 5.05e-07 5.05e-07 0 1.01e-06 0 0 5.05e-07 5.05e-07 0 1.515e-06 1.01e-06 0 0 0 5.05e-07 0 5.05e-07 0 0 1.212e-05 
0 0 0 0 0 0 0 0 0 0 0 0 0 0 0 0 5.05e-07 1.01e-06 0 5.05e-07 0 5.05e-07 0 5.05e-07 5.05e-07 1.01e-06 0 0 0 0 5.05e-07 0 0 0 0 5.05e-07 5.05e-07 5.05e-07 5.05e-07 0 5.05e-07 5.05e-07 5.05e-07 0 0 0 0 1.01e-06 0 0 6.06e-06 
0 0 0 0 0 0 0 0 0 0 0 0 0 0 0 0 0 0 0 0 0 0 0 5.05e-07 5.05e-07 0 5.05e-07 5.05e-07 0 5.05e-07 0 0 0 0 0 0 0 0 5.05e-07 0 0 0 5.05e-07 5.05e-07 5.05e-07 0 0 0 5.05e-07 0 2.02e-06 
0 0 0 0 0 0 0 0 0 0 0 0 0 0 0 0 0 0 0 0 0 0 0 0 0 0 0 5.05e-07 0 0 0 0 0 0 0 0 0 0 0 0 0 0 0 0 0 5.05e-07 0 0 0 0 3.03e-06 
0 0 0 0 0 0 0 0 0 0 0 0 0 0 0 0 0 0 0 0 0 0 0 0 0 0 0 0 0 0 0 0 0 0 0 0 0 0 0 0 0 0 0 0 0 0 0 0 0 0 0 
