Half rod, albedo problem, Anisotropic scattering, exponential random flight, mu_t: 1 g: 0.9
Analogmu_t c: 0.1 maxx: 10 dx: 0.19802 numsamples: 10000000 numCollisionOrders: 20 numMoments: 10
total albedo: 0.0027648
per-collision order albedos: 
0 0.0025045 0.0002348 2.33e-05 2e-06 2e-07 0 0 0 0 0 0 0 0 0 0 0 0 0 0 
Collision density L:
0.00257752 0.00216039 0.00173771 0.00145794 0.00124281 0.00107515 0.000826685 0.00075245 0.00059489 0.00050601 0.00043228 0.00036057 0.00029795 0.000253005 0.00019998 0.000167155 0.00013837 0.000122715 9.0395e-05 7.474e-05 7.0195e-05 5.2015e-05 5.151e-05 3.838e-05 3.131e-05 3.232e-05 2.929e-05 1.7675e-05 1.8685e-05 1.818e-05 1.111e-05 7.575e-06 1.111e-05 6.06e-06 4.545e-06 4.04e-06 4.04e-06 1.515e-06 2.02e-06 3.03e-06 2.02e-06 1.01e-06 0 5.05e-07 5.05e-07 0 5.05e-07 5.05e-07 5.05e-07 5.05e-07 2.02e-06 
Collision density R:
0.916492 0.765691 0.640715 0.534695 0.446575 0.372782 0.312431 0.260938 0.218273 0.182982 0.152737 0.127333 0.106556 0.0886512 0.0744597 0.0620771 0.051817 0.0436406 0.0363746 0.0305838 0.0253515 0.0211509 0.0175684 0.0147591 0.0123624 0.0103237 0.00868802 0.00731594 0.00612262 0.0050803 0.00422837 0.0035249 0.00296435 0.00250733 0.00206899 0.00171801 0.00139683 0.00121503 0.000986265 0.00083527 0.000714575 0.000589335 0.00050601 0.000397435 0.000340875 0.000303 0.00024947 0.000200485 0.00016362 0.00014342 0.00071811 
Density Moments:
1.10808 1.22366 2.70344 8.96085 39.6137 219.082 1457.75 11393.5 103219 1.0773e+06 
Per-collision Density Moments:
1 0.999599 1.99895 5.99664 23.9857 119.866 717.56 4992.05 39432.9 347235 
0.097525 0.192204 0.573878 2.29168 11.4597 68.8838 484.042 3894.66 35274 354093 
0.0095014 0.0277274 0.109763 0.545666 3.26518 22.9247 186.191 1738.11 18592.8 226747 
0.00095 0.00365653 0.0180662 0.10797 0.758077 6.17901 58.6852 658.233 8779.11 136963 
9.02e-05 0.000417464 0.00237268 0.0157698 0.11901 0.997205 9.10199 88.9986 919.067 9907.72 
8.8e-06 4.79563e-05 0.00031589 0.00237278 0.019719 0.177466 1.70235 17.199 181.346 1981.19 
1.3e-06 9.49496e-06 7.3428e-05 0.000597826 0.00508793 0.0449263 0.40868 3.80639 36.1148 347.654 
3e-07 2.1667e-06 1.56851e-05 0.000113809 0.000827671 0.00603268 0.0440674 0.322595 2.3665 17.3957 
1e-07 7.65052e-07 5.85305e-06 4.47789e-05 0.000342582 0.00262093 0.0200515 0.153404 1.17362 8.97884 
0 0 0 0 0 0 0 0 0 0 
0 0 0 0 0 0 0 0 0 0 
0 0 0 0 0 0 0 0 0 0 
0 0 0 0 0 0 0 0 0 0 
0 0 0 0 0 0 0 0 0 0 
0 0 0 0 0 0 0 0 0 0 
0 0 0 0 0 0 0 0 0 0 
0 0 0 0 0 0 0 0 0 0 
0 0 0 0 0 0 0 0 0 0 
0 0 0 0 0 0 0 0 0 0 
0 0 0 0 0 0 0 0 0 0 
Per-collision Densities L:
0 0 0 0 0 0 0 0 0 0 0 0 0 0 0 0 0 0 0 0 0 0 0 0 0 0 0 0 0 0 0 0 0 0 0 0 0 0 0 0 0 0 0 0 0 0 0 0 0 0 0 
0.00233512 0.0018988 0.00150642 0.00123675 0.00103929 0.000878195 0.000659025 0.00058984 0.000457025 0.00038279 0.00032118 0.00027371 0.00021715 0.000178265 0.00012928 0.0001111 8.5345e-05 8.0295e-05 6.2115e-05 4.7975e-05 4.2925e-05 3.2825e-05 3.03e-05 2.222e-05 1.616e-05 2.0705e-05 1.9695e-05 9.595e-06 8.585e-06 1.01e-05 3.535e-06 3.535e-06 6.565e-06 3.03e-06 2.525e-06 2.525e-06 1.515e-06 1.01e-06 5.05e-07 2.02e-06 5.05e-07 5.05e-07 0 0 5.05e-07 0 5.05e-07 0 5.05e-07 0 2.02e-06 
0.000222705 0.000237855 0.000206545 0.00019897 0.000181295 0.000172205 0.000146955 0.00013736 0.000120695 0.00010807 8.7365e-05 7.5245e-05 6.5145e-05 5.656e-05 5.9085e-05 4.6965e-05 4.141e-05 3.4845e-05 2.2725e-05 2.02e-05 2.0705e-05 1.616e-05 1.8685e-05 1.2625e-05 1.0605e-05 8.585e-06 7.575e-06 5.555e-06 7.07e-06 4.04e-06 6.06e-06 3.03e-06 3.535e-06 2.525e-06 1.01e-06 1.515e-06 1.01e-06 5.05e-07 1.01e-06 0 1.515e-06 5.05e-07 0 5.05e-07 0 0 0 5.05e-07 0 5.05e-07 0 
1.9695e-05 2.323e-05 2.222e-05 1.9695e-05 1.818e-05 2.222e-05 1.919e-05 2.121e-05 1.5655e-05 1.414e-05 2.1715e-05 1.111e-05 1.414e-05 1.616e-05 1.0605e-05 8.08e-06 8.08e-06 5.555e-06 5.05e-06 5.555e-06 5.555e-06 3.03e-06 2.02e-06 3.03e-06 4.04e-06 2.02e-06 2.02e-06 2.525e-06 2.525e-06 4.04e-06 1.01e-06 1.01e-06 1.01e-06 5.05e-07 1.01e-06 0 5.05e-07 0 5.05e-07 5.05e-07 0 0 0 0 0 0 0 0 0 0 0 
0 5.05e-07 1.515e-06 2.02e-06 4.04e-06 2.525e-06 1.515e-06 4.04e-06 1.515e-06 5.05e-07 2.02e-06 5.05e-07 1.515e-06 2.02e-06 5.05e-07 1.01e-06 3.535e-06 1.515e-06 5.05e-07 1.01e-06 1.01e-06 0 5.05e-07 5.05e-07 5.05e-07 1.01e-06 0 0 5.05e-07 0 5.05e-07 0 0 0 0 0 5.05e-07 0 0 0 0 0 0 0 0 0 0 0 0 0 0 
0 0 1.01e-06 5.05e-07 0 0 0 0 0 5.05e-07 0 0 0 0 5.05e-07 0 0 5.05e-07 0 0 0 0 0 0 0 0 0 0 0 0 0 0 0 0 0 0 5.05e-07 0 0 5.05e-07 0 0 0 0 0 0 0 0 0 0 0 
0 0 0 0 0 0 0 0 0 0 0 0 0 0 0 0 0 0 0 0 0 0 0 0 0 0 0 0 0 0 0 0 0 0 0 0 0 0 0 0 0 0 0 0 0 0 0 0 0 0 0 
0 0 0 0 0 0 0 0 0 0 0 0 0 0 0 0 0 0 0 0 0 0 0 0 0 0 0 0 0 0 0 0 0 0 0 0 0 0 0 0 0 0 0 0 0 0 0 0 0 0 0 
0 0 0 0 0 0 0 0 0 0 0 0 0 0 0 0 0 0 0 0 0 0 0 0 0 0 0 0 0 0 0 0 0 0 0 0 0 0 0 0 0 0 0 0 0 0 0 0 0 0 0 
0 0 0 0 0 0 0 0 0 0 0 0 0 0 0 0 0 0 0 0 0 0 0 0 0 0 0 0 0 0 0 0 0 0 0 0 0 0 0 0 0 0 0 0 0 0 0 0 0 0 0 
0 0 0 0 0 0 0 0 0 0 0 0 0 0 0 0 0 0 0 0 0 0 0 0 0 0 0 0 0 0 0 0 0 0 0 0 0 0 0 0 0 0 0 0 0 0 0 0 0 0 0 
0 0 0 0 0 0 0 0 0 0 0 0 0 0 0 0 0 0 0 0 0 0 0 0 0 0 0 0 0 0 0 0 0 0 0 0 0 0 0 0 0 0 0 0 0 0 0 0 0 0 0 
0 0 0 0 0 0 0 0 0 0 0 0 0 0 0 0 0 0 0 0 0 0 0 0 0 0 0 0 0 0 0 0 0 0 0 0 0 0 0 0 0 0 0 0 0 0 0 0 0 0 0 
0 0 0 0 0 0 0 0 0 0 0 0 0 0 0 0 0 0 0 0 0 0 0 0 0 0 0 0 0 0 0 0 0 0 0 0 0 0 0 0 0 0 0 0 0 0 0 0 0 0 0 
0 0 0 0 0 0 0 0 0 0 0 0 0 0 0 0 0 0 0 0 0 0 0 0 0 0 0 0 0 0 0 0 0 0 0 0 0 0 0 0 0 0 0 0 0 0 0 0 0 0 0 
0 0 0 0 0 0 0 0 0 0 0 0 0 0 0 0 0 0 0 0 0 0 0 0 0 0 0 0 0 0 0 0 0 0 0 0 0 0 0 0 0 0 0 0 0 0 0 0 0 0 0 
0 0 0 0 0 0 0 0 0 0 0 0 0 0 0 0 0 0 0 0 0 0 0 0 0 0 0 0 0 0 0 0 0 0 0 0 0 0 0 0 0 0 0 0 0 0 0 0 0 0 0 
0 0 0 0 0 0 0 0 0 0 0 0 0 0 0 0 0 0 0 0 0 0 0 0 0 0 0 0 0 0 0 0 0 0 0 0 0 0 0 0 0 0 0 0 0 0 0 0 0 0 0 
0 0 0 0 0 0 0 0 0 0 0 0 0 0 0 0 0 0 0 0 0 0 0 0 0 0 0 0 0 0 0 0 0 0 0 0 0 0 0 0 0 0 0 0 0 0 0 0 0 0 0 
0 0 0 0 0 0 0 0 0 0 0 0 0 0 0 0 0 0 0 0 0 0 0 0 0 0 0 0 0 0 0 0 0 0 0 0 0 0 0 0 0 0 0 0 0 0 0 0 0 0 0 
Per-collision Densities L:
0.908059 0.744593 0.611182 0.500497 0.410521 0.33616 0.276532 0.22668 0.18596 0.153075 0.125419 0.102693 0.0844441 0.0687037 0.0567282 0.0463125 0.0380088 0.031462 0.0256277 0.0213034 0.0172771 0.014187 0.0114736 0.00946118 0.00789871 0.00643875 0.00520655 0.00440512 0.00357843 0.00292143 0.00239825 0.0019387 0.00157257 0.00127866 0.00106959 0.00087567 0.000698415 0.00060903 0.000480255 0.0003939 0.00033835 0.00025755 0.000229775 0.000186345 0.00015251 0.000138875 0.00010908 8.7365e-05 6.161e-05 6.262e-05 0.000251995 
0.00837896 0.0207909 0.0288108 0.033074 0.0345551 0.0347703 0.0336891 0.0318695 0.0298086 0.0272897 0.0247248 0.0220372 0.0196056 0.0175578 0.0153535 0.0135486 0.0117705 0.0103636 0.00895315 0.00765782 0.00663621 0.00560752 0.0049086 0.00422231 0.00353803 0.00300728 0.0026765 0.00221796 0.00191143 0.00162358 0.00136249 0.00118221 0.00102313 0.00088274 0.00070195 0.00059085 0.00047268 0.00041208 0.000336835 0.000292395 0.00024543 0.000218665 0.0001818 0.000137865 0.00012625 0.00010807 8.686e-05 7.0195e-05 5.959e-05 4.545e-05 0.00027068 
5.4035e-05 0.00030199 0.00070902 0.00109383 0.00144986 0.00179629 0.00211343 0.00227705 0.00235229 0.0024442 0.00242451 0.00242855 0.0023124 0.00218564 0.00216797 0.00201091 0.00181901 0.00160338 0.00157863 0.00143218 0.00125947 0.00117766 0.00101606 0.00092011 0.000786285 0.000741845 0.00066155 0.00058176 0.00052924 0.00043935 0.000383295 0.000319665 0.000301485 0.000279265 0.000236845 0.00020099 0.00017473 0.00014241 0.000133825 0.000113625 9.9485e-05 8.4335e-05 7.474e-05 4.747e-05 4.444e-05 3.9895e-05 4.04e-05 3.232e-05 3.1815e-05 2.5755e-05 0.00012928 
0 5.05e-06 1.3635e-05 2.8785e-05 4.8985e-05 5.4035e-05 9.393e-05 0.000107565 0.00014544 0.00016362 0.000157055 0.000165135 0.000179275 0.00019291 0.000188365 0.00019089 0.000202 0.000193415 0.00020099 0.00017574 0.000163115 0.00016261 0.00015251 0.00014039 0.000121705 0.000116655 0.00012221 9.8475e-05 9.09e-05 8.1305e-05 7.4235e-05 7.1205e-05 5.7065e-05 5.757e-05 5.05e-05 4.444e-05 3.939e-05 4.2925e-05 2.929e-05 3.03e-05 2.7775e-05 2.1715e-05 1.7675e-05 2.424e-05 1.515e-05 1.2625e-05 1.01e-05 7.575e-06 1.01e-05 8.08e-06 5.05e-05 
0 5.05e-07 0 5.05e-07 5.05e-07 2.02e-06 2.525e-06 3.535e-06 6.06e-06 9.595e-06 1.01e-05 7.575e-06 1.414e-05 1.111e-05 2.0705e-05 1.2625e-05 1.616e-05 1.616e-05 1.212e-05 1.414e-05 1.515e-05 1.3635e-05 1.616e-05 1.414e-05 1.616e-05 1.7675e-05 1.8685e-05 1.111e-05 1.212e-05 1.2625e-05 8.08e-06 1.1615e-05 9.595e-06 7.575e-06 8.08e-06 5.05e-06 9.595e-06 7.07e-06 4.545e-06 4.04e-06 3.535e-06 6.06e-06 2.02e-06 1.01e-06 2.02e-06 2.02e-06 3.03e-06 2.525e-06 5.05e-07 1.01e-06 1.1615e-05 
0 0 0 0 0 0 0 0 0 0 1.515e-06 1.01e-06 5.05e-07 0 1.01e-06 1.515e-06 5.05e-07 2.02e-06 2.02e-06 5.05e-07 5.05e-07 2.525e-06 1.01e-06 1.01e-06 1.515e-06 1.515e-06 2.525e-06 5.05e-07 5.05e-07 1.515e-06 2.02e-06 1.01e-06 5.05e-07 1.515e-06 1.515e-06 5.05e-07 1.01e-06 5.05e-07 5.05e-07 1.01e-06 0 1.01e-06 0 0 5.05e-07 1.515e-06 0 0 0 5.05e-07 3.03e-06 
0 0 0 0 0 0 0 0 0 0 0 0 0 0 0 0 0 0 0 0 0 0 5.05e-07 0 0 0 0 1.01e-06 0 5.05e-07 0 5.05e-07 0 0 0 5.05e-07 5.05e-07 1.01e-06 0 0 0 0 0 5.05e-07 0 0 0 5.05e-07 0 0 1.01e-06 
0 0 0 0 0 0 0 0 0 0 0 0 0 0 0 0 0 0 0 0 0 0 0 0 0 0 0 0 0 0 0 0 0 0 5.05e-07 0 5.05e-07 0 5.05e-07 0 0 0 0 0 0 0 0 0 0 0 0 
0 0 0 0 0 0 0 0 0 0 0 0 0 0 0 0 0 0 0 0 0 0 0 0 0 0 0 0 0 0 0 0 0 0 0 0 0 0 5.05e-07 0 0 0 0 0 0 0 0 0 0 0 0 
0 0 0 0 0 0 0 0 0 0 0 0 0 0 0 0 0 0 0 0 0 0 0 0 0 0 0 0 0 0 0 0 0 0 0 0 0 0 0 0 0 0 0 0 0 0 0 0 0 0 0 
0 0 0 0 0 0 0 0 0 0 0 0 0 0 0 0 0 0 0 0 0 0 0 0 0 0 0 0 0 0 0 0 0 0 0 0 0 0 0 0 0 0 0 0 0 0 0 0 0 0 0 
0 0 0 0 0 0 0 0 0 0 0 0 0 0 0 0 0 0 0 0 0 0 0 0 0 0 0 0 0 0 0 0 0 0 0 0 0 0 0 0 0 0 0 0 0 0 0 0 0 0 0 
0 0 0 0 0 0 0 0 0 0 0 0 0 0 0 0 0 0 0 0 0 0 0 0 0 0 0 0 0 0 0 0 0 0 0 0 0 0 0 0 0 0 0 0 0 0 0 0 0 0 0 
0 0 0 0 0 0 0 0 0 0 0 0 0 0 0 0 0 0 0 0 0 0 0 0 0 0 0 0 0 0 0 0 0 0 0 0 0 0 0 0 0 0 0 0 0 0 0 0 0 0 0 
0 0 0 0 0 0 0 0 0 0 0 0 0 0 0 0 0 0 0 0 0 0 0 0 0 0 0 0 0 0 0 0 0 0 0 0 0 0 0 0 0 0 0 0 0 0 0 0 0 0 0 
0 0 0 0 0 0 0 0 0 0 0 0 0 0 0 0 0 0 0 0 0 0 0 0 0 0 0 0 0 0 0 0 0 0 0 0 0 0 0 0 0 0 0 0 0 0 0 0 0 0 0 
0 0 0 0 0 0 0 0 0 0 0 0 0 0 0 0 0 0 0 0 0 0 0 0 0 0 0 0 0 0 0 0 0 0 0 0 0 0 0 0 0 0 0 0 0 0 0 0 0 0 0 
0 0 0 0 0 0 0 0 0 0 0 0 0 0 0 0 0 0 0 0 0 0 0 0 0 0 0 0 0 0 0 0 0 0 0 0 0 0 0 0 0 0 0 0 0 0 0 0 0 0 0 
0 0 0 0 0 0 0 0 0 0 0 0 0 0 0 0 0 0 0 0 0 0 0 0 0 0 0 0 0 0 0 0 0 0 0 0 0 0 0 0 0 0 0 0 0 0 0 0 0 0 0 
0 0 0 0 0 0 0 0 0 0 0 0 0 0 0 0 0 0 0 0 0 0 0 0 0 0 0 0 0 0 0 0 0 0 0 0 0 0 0 0 0 0 0 0 0 0 0 0 0 0 0 
