Half rod, albedo problem, Anisotropic scattering, exponential random flight, mu_t: 3 g: -0.5
Analogmu_t c: 0.999 maxx: 10 dx: 0.19802 numsamples: 1000000 numCollisionOrders: 20 numMoments: 10
total albedo: 0.949787
per-collision order albedos: 
0 0.374514 0.093423 0.076012 0.045159 0.035685 0.027111 0.022306 0.018172 0.015369 0.013248 0.011554 0.010242 0.009073 0.008198 0.007451 0.006754 0.006198 0.005773 0.005303 
Collision density L:
2.81586 2.75549 2.69828 2.62228 2.56781 2.50226 2.44231 2.38906 2.33572 2.28271 2.22742 2.17669 2.13508 2.08566 2.03615 1.9879 1.94677 1.89864 1.85255 1.8217 1.77219 1.73877 1.69675 1.65771 1.61915 1.57783 1.54603 1.50544 1.46824 1.44138 1.40589 1.36878 1.33615 1.3127 1.28281 1.25227 1.22153 1.19184 1.16067 1.14 1.11322 1.08926 1.06815 1.0393 1.0168 0.993734 0.968176 0.947011 0.927922 0.900981 39.2526 
Collision density R:
2.96724 2.90037 2.8316 2.772 2.69732 2.63821 2.57937 2.51542 2.46521 2.39869 2.34602 2.29083 2.24668 2.19644 2.1426 2.09402 2.04936 1.99945 1.9556 1.91325 1.86897 1.82693 1.78407 1.74495 1.70325 1.66606 1.6264 1.59264 1.55026 1.51682 1.47842 1.44812 1.40754 1.37635 1.34989 1.32067 1.28976 1.26023 1.22578 1.19917 1.16662 1.14619 1.12269 1.09371 1.07267 1.04578 1.02256 1.00023 0.97972 0.949743 41.3349 
Density Moments:
50.2504 433.979 7491.15 191986 6.41928e+06 2.59685e+08 1.20943e+10 6.26334e+11 3.51743e+13 2.10287e+15 
Per-collision Density Moments:
1 0.333233 0.22217 0.222504 0.298328 0.504134 1.03629 2.53082 7.19964 23.3703 
0.624507 0.291434 0.249628 0.30467 0.479937 0.927507 2.13647 5.75762 17.8726 62.8392 
0.530474 0.343533 0.354283 0.494014 0.865595 1.82404 4.48069 12.511 38.8497 131.619 
0.453972 0.342817 0.402925 0.627447 1.2081 2.7626 7.30056 21.8437 72.7929 266.431 
0.408348 0.357577 0.4684 0.797725 1.66137 4.0795 11.5076 36.5167 128.03 488.267 
0.372293 0.361479 0.517569 0.952996 2.12746 5.56696 16.6966 56.4519 212.281 877.39 
0.34481 0.367804 0.568819 1.12018 2.65375 7.31344 22.9108 80.1527 308.581 1290.79 
0.322177 0.371675 0.614878 1.28653 3.22305 9.36707 30.9312 114.299 466.791 2082.92 
0.303646 0.375226 0.658587 1.45278 3.81698 11.5785 39.7195 151.733 637.274 2909.03 
0.287968 0.378498 0.701008 1.62369 4.46337 14.1234 50.3883 199.483 864.533 4051.71 
0.274441 0.380483 0.739171 1.78966 5.12815 16.8744 62.4891 256.54 1153.4 5619.31 
0.262632 0.382581 0.776355 1.95601 5.81807 19.8424 76.0853 323.216 1502.57 7560.3 
0.252101 0.38415 0.812159 2.12558 6.55039 23.0814 91.1583 397.518 1891.06 9714.69 
0.242766 0.385538 0.845862 2.29222 7.30202 26.5759 108.504 490.838 2438.97 13225.1 
0.234342 0.386916 0.879156 2.46064 8.07596 30.2074 126.369 583.346 2941.08 16061.3 
0.226649 0.387944 0.911224 2.62979 8.87945 34.0974 146.168 690.358 3557.65 19854 
0.219634 0.388986 0.942664 2.80053 9.71065 38.1714 166.766 798.101 4138.31 23055.9 
0.213193 0.38991 0.973054 2.97173 10.5722 42.5515 189.968 927.314 4895.77 27720.9 
0.20722 0.390478 1.00176 3.14034 11.4582 47.2818 216.483 1085.4 5907.22 34715.5 
0 0 0 0 0 0 0 0 0 0 
Per-collision Densities L:
0 0 0 0 0 0 0 0 0 0 0 0 0 0 0 0 0 0 0 0 0 0 0 0 0 0 0 0 0 0 0 0 0 0 0 0 0 0 0 0 0 0 0 0 0 0 0 0 0 0 0 
0.846961 0.465832 0.258262 0.143587 0.0785427 0.0427634 0.023634 0.0134179 0.0075245 0.00430765 0.0021008 0.0011817 0.0006666 0.0004141 0.00022725 0.00010605 9.595e-05 3.535e-05 1.515e-05 2.02e-05 1.01e-05 1.01e-05 0 0 0 0 0 0 0 0 0 0 0 0 0 0 0 0 0 0 0 0 0 0 0 0 0 0 0 0 0 
0.268867 0.21767 0.159479 0.107949 0.0719827 0.0462631 0.0290779 0.0183164 0.0111403 0.00635795 0.00419655 0.0021715 0.00141905 0.00082315 0.00043935 0.0002222 0.00015655 0.00010605 7.07e-05 2.525e-05 2.525e-05 1.515e-05 0 5.05e-06 1.515e-05 0 5.05e-06 0 0 0 0 0 0 0 0 0 0 0 0 0 0 0 0 0 0 0 0 0 0 0 0 
0.249622 0.245122 0.197238 0.147601 0.105949 0.0718969 0.0482427 0.0304616 0.0200485 0.0130846 0.0081204 0.00470155 0.00292395 0.00167155 0.00121705 0.0007373 0.0004343 0.00021715 0.0002121 0.00012625 6.565e-05 3.03e-05 2.02e-05 1.515e-05 1.01e-05 0 0 0 0 0 0 0 0 0 0 0 0 0 0 0 0 0 0 0 0 0 0 0 0 0 0 
0.152712 0.161888 0.149965 0.123922 0.0958541 0.0715282 0.0515959 0.0361732 0.0251389 0.0167559 0.0108626 0.00695385 0.00451975 0.0028886 0.00192405 0.0011514 0.00059085 0.00049995 0.00031815 0.0002626 0.0001111 7.575e-05 3.03e-05 1.515e-05 2.02e-05 2.525e-05 5.05e-06 5.05e-06 5.05e-06 5.05e-06 0 0 0 0 0 0 0 0 0 0 0 0 0 0 0 0 0 0 0 0 0 
0.12472 0.143203 0.139335 0.122634 0.0996618 0.078876 0.0589083 0.0434149 0.0310878 0.0221039 0.0151248 0.0100697 0.00662055 0.0044844 0.002929 0.00186345 0.00139885 0.0007474 0.0005151 0.0002525 0.00020705 0.0001515 9.09e-05 5.555e-05 3.03e-05 3.03e-05 0 5.05e-06 0 5.05e-06 0 5.05e-06 0 0 0 0 0 0 0 0 0 0 0 0 0 0 0 0 0 0 0 
0.0952935 0.11108 0.115918 0.104894 0.0926625 0.0762146 0.0606606 0.046662 0.0344612 0.025346 0.0178972 0.0127765 0.00869105 0.0057368 0.0041309 0.00282295 0.00200485 0.00100495 0.00073225 0.0004747 0.00037875 0.00023735 0.00016665 0.00011615 6.565e-05 4.545e-05 2.02e-05 2.02e-05 5.05e-06 5.05e-06 0 5.05e-06 5.05e-06 5.05e-06 5.05e-06 0 0 0 0 0 0 0 0 0 0 0 0 0 0 0 0 
0.0783508 0.0943189 0.100687 0.0969297 0.0866227 0.0748865 0.0612363 0.049182 0.0385063 0.0286689 0.0207707 0.0153924 0.0110696 0.00773155 0.00553985 0.0038885 0.00258055 0.00202505 0.0010201 0.0007878 0.0004848 0.0003535 0.00024745 0.0001414 0.00011615 7.07e-05 2.525e-05 3.535e-05 5.05e-06 1.515e-05 1.01e-05 0 0 0 0 0 0 0 0 0 0 0 0 0 0 0 0 0 0 0 0 
0.0650541 0.0795779 0.0873751 0.0870974 0.0806132 0.0719019 0.0611555 0.0505606 0.038885 0.0303051 0.0239774 0.0179881 0.0129684 0.00927685 0.0068882 0.00487325 0.0032421 0.00242905 0.00150995 0.00107565 0.00077265 0.00038885 0.00030805 0.0002525 0.00016665 8.585e-05 6.06e-05 3.535e-05 4.04e-05 2.02e-05 1.01e-05 1.01e-05 1.01e-05 5.05e-06 5.05e-06 1.01e-05 0 0 0 0 0 0 0 0 0 0 0 0 0 0 0 
0.0550097 0.0684326 0.0770479 0.0763611 0.0732654 0.0682407 0.0587972 0.0497072 0.0406677 0.0321584 0.0258661 0.0204778 0.0152359 0.0112413 0.00799415 0.00605495 0.00423695 0.0030805 0.00203515 0.0014039 0.00094435 0.0006666 0.00047975 0.0002727 0.00022725 0.00012625 8.585e-05 4.04e-05 2.02e-05 3.535e-05 1.01e-05 5.05e-06 5.05e-06 1.01e-05 5.05e-06 0 0 0 5.05e-06 0 0 0 0 0 0 0 0 0 0 0 0 
0.0475811 0.0606 0.0679528 0.0701395 0.0688012 0.0644986 0.0573781 0.0495759 0.041607 0.0340017 0.0276387 0.021205 0.0170539 0.0124887 0.00950915 0.0069286 0.0048783 0.0037168 0.0026058 0.00185335 0.0012019 0.0009393 0.00072215 0.0004444 0.00030805 0.0002323 0.00013635 0.00011615 6.565e-05 8.08e-05 3.03e-05 1.515e-05 1.515e-05 5.05e-06 5.05e-06 5.05e-06 0 0 0 0 0 0 0 0 0 0 0 0 0 0 0 
0.0419453 0.0528432 0.0605697 0.0630543 0.0633624 0.0594082 0.0541865 0.0490557 0.0414757 0.0347036 0.0280023 0.0225331 0.0178669 0.0141299 0.0108727 0.0078881 0.00621655 0.0042016 0.0031007 0.00236845 0.0018988 0.00107565 0.00083325 0.0006363 0.0004343 0.0002525 0.0001818 0.0001212 6.565e-05 6.06e-05 4.545e-05 4.04e-05 1.01e-05 3.03e-05 1.515e-05 0 1.01e-05 5.05e-06 0 0 0 0 0 0 0 0 0 0 0 0 0 
0.0370771 0.0476872 0.0543683 0.0572872 0.0592113 0.0556359 0.0519847 0.0475761 0.041506 0.0355318 0.0283911 0.0241693 0.0188416 0.0156247 0.0114888 0.00903445 0.0066862 0.0051106 0.003939 0.00289365 0.0019291 0.00136855 0.0009494 0.000808 0.00055045 0.00032825 0.00026765 0.00020705 0.0001212 9.595e-05 5.555e-05 3.03e-05 2.02e-05 3.03e-05 1.515e-05 0 1.515e-05 1.515e-05 0 0 0 0 0 0 0 0 0 0 0 0 0 
0.032421 0.0425917 0.0490406 0.0528634 0.0542522 0.0538078 0.0501566 0.0458136 0.0406172 0.0349612 0.0293456 0.0246188 0.0200334 0.0165236 0.0126705 0.0098172 0.00779215 0.0057873 0.0042723 0.00325725 0.00243915 0.00186345 0.0014039 0.00081305 0.000707 0.000404 0.00035855 0.0003131 0.00015655 0.0001212 8.585e-05 5.555e-05 3.535e-05 2.02e-05 1.01e-05 2.525e-05 1.01e-05 0 0 5.05e-06 0 0 0 5.05e-06 0 0 0 0 0 0 0 
0.0297496 0.0383851 0.0443188 0.0488335 0.0508232 0.0490002 0.0475559 0.0443188 0.0390012 0.0339714 0.0296688 0.0250177 0.0214524 0.0172205 0.0136451 0.0109484 0.0080901 0.0064842 0.0050399 0.00366125 0.0029795 0.00212605 0.0014443 0.001212 0.0008484 0.00062115 0.00043935 0.0003838 0.0001919 0.00011615 0.00011615 8.08e-05 5.05e-05 3.535e-05 1.515e-05 3.03e-05 2.02e-05 1.01e-05 5.05e-06 5.05e-06 0 0 0 0 5.05e-06 0 0 0 0 0 0 
0.0267196 0.0350319 0.0413848 0.0451874 0.0460712 0.0467883 0.0450107 0.0430412 0.0380568 0.0333755 0.0299718 0.0254773 0.0216797 0.0181548 0.0144733 0.0113979 0.00929705 0.00710535 0.00572165 0.0043733 0.0032017 0.00259065 0.00182305 0.00116655 0.0009898 0.00070195 0.0005656 0.00033835 0.00025755 0.00022725 0.0001818 7.575e-05 8.08e-05 6.06e-05 2.525e-05 1.01e-05 1.515e-05 1.515e-05 5.05e-06 5.05e-06 0 0 0 0 5.05e-06 0 0 5.05e-06 0 0 0 
0.0246036 0.0323958 0.0380063 0.0415262 0.0429856 0.0435411 0.0429705 0.0402586 0.036658 0.0338653 0.0300021 0.025452 0.0219625 0.018281 0.0156247 0.0123372 0.0093223 0.00779215 0.0063428 0.0049389 0.00370165 0.00282295 0.00197455 0.00157055 0.0012221 0.0007676 0.0006868 0.00051005 0.0003737 0.00027775 0.0001919 0.00016665 7.575e-05 4.545e-05 6.06e-05 2.02e-05 2.525e-05 1.515e-05 1.01e-05 0 5.05e-06 0 0 5.05e-06 0 0 0 0 0 0 0 
0.0220786 0.0290577 0.0350369 0.0382588 0.0405768 0.0416575 0.0405919 0.038481 0.0366681 0.0331533 0.0291486 0.0256793 0.0226543 0.0186042 0.0159126 0.0125695 0.0101606 0.008787 0.00672155 0.005252 0.0042218 0.00326735 0.0027169 0.0018382 0.00131805 0.00108575 0.00093425 0.00057065 0.00047975 0.00027775 0.00022725 0.0001616 8.585e-05 0.00010605 2.02e-05 3.535e-05 2.525e-05 1.515e-05 1.515e-05 1.01e-05 0 0 0 5.05e-06 0 0 0 0 0 0 0 
0.0207606 0.0276387 0.032315 0.0360116 0.0380316 0.038375 0.0385517 0.0371377 0.0352187 0.0322291 0.0291587 0.0259671 0.0225331 0.0194324 0.016059 0.0136047 0.0112817 0.008787 0.0072417 0.0057166 0.00458035 0.0036966 0.00256035 0.00194425 0.00158065 0.00126755 0.00089385 0.0007878 0.0005858 0.0004242 0.0002828 0.00014645 0.00015655 9.595e-05 4.04e-05 6.565e-05 5.05e-05 2.02e-05 1.515e-05 5.05e-06 0 5.05e-06 0 0 0 0 0 0 0 0 0 
0 0 0 0 0 0 0 0 0 0 0 0 0 0 0 0 0 0 0 0 0 0 0 0 0 0 0 0 0 0 0 0 0 0 0 0 0 0 0 0 0 0 0 0 0 0 0 0 0 0 0 
Per-collision Densities L:
2.26289 1.24719 0.690537 0.380876 0.210166 0.115524 0.0640593 0.0350571 0.019493 0.0109939 0.00592365 0.00307545 0.0019695 0.00103525 0.00045955 0.00026765 0.00025755 9.595e-05 5.05e-05 2.525e-05 1.515e-05 1.515e-05 5.05e-06 1.01e-05 5.05e-06 0 5.05e-06 0 0 0 0 0 0 0 0 0 0 0 0 0 0 0 0 0 0 0 0 0 0 0 0 
0.152045 0.269983 0.251207 0.195405 0.138713 0.0928241 0.0622514 0.0391426 0.0251339 0.014842 0.0092314 0.00544895 0.0032623 0.0019392 0.00103525 0.00062115 0.00040905 0.00019695 0.00013635 6.565e-05 7.07e-05 2.525e-05 1.01e-05 2.02e-05 5.05e-06 1.01e-05 0 5.05e-06 0 5.05e-06 0 0 0 0 0 0 0 0 0 0 0 0 0 0 0 0 0 0 0 0 0 
0.176679 0.332224 0.326695 0.267594 0.20352 0.144511 0.0987679 0.0649733 0.0428038 0.0277447 0.0176346 0.0113019 0.0066559 0.0041309 0.0024846 0.00177255 0.0010201 0.00064135 0.00031815 0.0002424 0.00018685 0.000101 4.545e-05 2.02e-05 1.01e-05 1.515e-05 0 0 0 0 0 0 0 0 0 0 0 0 0 0 0 0 0 0 0 0 0 0 0 0 0 
0.0588729 0.146016 0.179598 0.177972 0.15099 0.123442 0.0932735 0.0678114 0.0471721 0.0333654 0.0226493 0.0149379 0.00951925 0.00618625 0.00388345 0.00274215 0.00160085 0.0010302 0.00067165 0.00045955 0.0002222 0.0001616 9.595e-05 3.535e-05 2.02e-05 2.02e-05 5.05e-06 1.515e-05 5.05e-06 1.515e-05 0 0 0 0 0 0 0 0 0 0 0 0 0 0 0 0 0 0 0 0 0 
0.0478286 0.123397 0.159742 0.167332 0.151318 0.128164 0.101778 0.0785578 0.0573529 0.0409757 0.0298405 0.0201647 0.0133623 0.00917585 0.0060297 0.00390365 0.0025351 0.00175235 0.00112615 0.00066155 0.0005555 0.00029795 0.00019695 8.585e-05 0.00012625 5.05e-05 3.03e-05 0 1.01e-05 0 0 0 5.05e-06 0 0 0 0 0 0 0 0 0 0 0 0 0 0 0 0 0 0 
0.0298556 0.0807495 0.113191 0.125796 0.123407 0.111903 0.0955258 0.0751188 0.0601607 0.045551 0.033229 0.0243915 0.0165337 0.0113878 0.00813555 0.00561055 0.00378245 0.0024543 0.00158065 0.001111 0.0005959 0.0005555 0.0003131 0.0002121 0.00016665 7.575e-05 6.565e-05 4.545e-05 1.01e-05 1.01e-05 0 5.05e-06 1.01e-05 5.05e-06 5.05e-06 0 0 0 0 0 0 0 0 0 0 0 0 0 0 0 0 
0.0231038 0.0658167 0.0945562 0.110226 0.11063 0.103464 0.0913545 0.0768863 0.0616353 0.0500304 0.0373296 0.0275983 0.0205788 0.0145087 0.0102061 0.0071306 0.0051005 0.0036663 0.0024038 0.0015655 0.00096455 0.0006666 0.0003838 0.00036865 0.00021715 0.00014645 7.575e-05 6.565e-05 2.02e-05 1.01e-05 3.03e-05 0 0 5.05e-06 0 0 0 0 0 0 0 0 0 0 0 0 0 0 0 0 0 
0.0175185 0.051 0.0755177 0.0900466 0.0957379 0.092915 0.0847138 0.0746138 0.0622009 0.0493082 0.0394506 0.0300374 0.0235734 0.0167862 0.0122513 0.00940815 0.00597415 0.00460055 0.00313605 0.0020806 0.0014039 0.0009999 0.000707 0.0003939 0.0002828 0.00018685 0.00016665 0.00010605 4.04e-05 2.525e-05 4.04e-05 5.05e-06 3.03e-05 1.515e-05 1.01e-05 0 1.01e-05 0 0 0 0 0 0 0 0 0 0 0 0 0 0 
0.0143319 0.0414555 0.0627311 0.0784114 0.0826029 0.0833856 0.079184 0.0710939 0.0605798 0.0503334 0.0415817 0.0325372 0.0255783 0.0193163 0.014342 0.0107919 0.0078073 0.00544895 0.0041006 0.00288355 0.00191395 0.00123725 0.00081305 0.0006767 0.00046965 0.0002424 0.00020705 0.00015655 8.08e-05 5.05e-05 7.07e-05 3.03e-05 1.515e-05 5.05e-06 0 5.05e-06 0 0 5.05e-06 0 0 0 0 0 0 0 0 0 0 0 0 
0.0123473 0.0344309 0.0539997 0.0670287 0.0740229 0.076861 0.0727453 0.0675135 0.0597819 0.0505303 0.041713 0.0340471 0.0275276 0.0206596 0.015958 0.0124836 0.00908495 0.0067367 0.0047268 0.00339865 0.0025856 0.0017271 0.00131805 0.0007777 0.0005454 0.0004343 0.0002828 0.0002222 0.0001616 0.00011615 9.595e-05 5.555e-05 3.03e-05 1.01e-05 5.05e-06 1.01e-05 1.01e-05 0 0 0 0 0 0 0 0 0 0 0 0 0 0 
0.0102061 0.0285982 0.0472327 0.0584134 0.0648622 0.0681346 0.0675741 0.0626705 0.0570246 0.0493638 0.0417282 0.0346632 0.0282346 0.0228159 0.0177962 0.0137815 0.0106555 0.0074841 0.00559035 0.0043834 0.00305525 0.00221695 0.00150995 0.0009797 0.000909 0.00053025 0.00036865 0.00027775 0.00014645 0.000101 0.00011615 4.04e-05 2.02e-05 4.04e-05 2.525e-05 1.01e-05 0 1.515e-05 5.05e-06 5.05e-06 5.05e-06 0 0 0 0 0 0 0 0 0 0 
0.00876175 0.0255884 0.0404556 0.0512171 0.0589133 0.063024 0.0618625 0.0599486 0.0549794 0.0485709 0.0423342 0.0354409 0.0293153 0.0238512 0.0196243 0.0148117 0.0113272 0.0084133 0.00649935 0.00497425 0.00345925 0.0028785 0.00186345 0.0013433 0.00098475 0.00072215 0.0004444 0.0003333 0.00022725 0.00019695 0.0001616 7.575e-05 5.05e-05 6.565e-05 2.525e-05 1.01e-05 5.05e-06 5.05e-06 1.01e-05 1.01e-05 0 5.05e-06 0 0 0 0 0 0 0 0 0 
0.0077972 0.0229119 0.0353854 0.0453288 0.0520958 0.0569994 0.0574135 0.0557015 0.0525958 0.0468085 0.0414504 0.0355773 0.02979 0.0251187 0.0202859 0.0161247 0.0125392 0.00949905 0.0072518 0.00559035 0.0043531 0.00323705 0.0023937 0.0016059 0.00123725 0.00093425 0.00069185 0.00045955 0.0003636 0.00018685 0.00016665 9.595e-05 0.0001212 5.555e-05 2.02e-05 3.535e-05 1.01e-05 5.05e-06 5.05e-06 5.05e-06 0 5.05e-06 0 0 5.05e-06 0 0 0 0 0 0 
0.00699425 0.0202202 0.0314767 0.0411323 0.0484548 0.0504697 0.0537118 0.0517373 0.0499243 0.0461368 0.0396577 0.0351935 0.0306636 0.0254217 0.0208313 0.0169832 0.0135138 0.0109333 0.00816585 0.00628725 0.0047975 0.0038279 0.0025553 0.00199475 0.00142915 0.00115645 0.0008484 0.00055045 0.0004848 0.00026765 0.00023735 0.0001313 6.565e-05 9.09e-05 3.03e-05 2.525e-05 3.03e-05 1.01e-05 2.525e-05 0 5.05e-06 0 1.01e-05 0 5.05e-06 0 0 5.05e-06 0 0 0 
0.00599435 0.0175185 0.0285426 0.0367792 0.0438492 0.0483285 0.0494799 0.0488184 0.0474902 0.0437936 0.0402031 0.0350218 0.0305626 0.0264267 0.0212302 0.0176397 0.014342 0.0113928 0.00936775 0.0074538 0.0052217 0.00404 0.0034037 0.00232805 0.00164125 0.0012625 0.0009191 0.0006969 0.00046965 0.0003232 0.000303 0.00018685 0.00014645 7.07e-05 0.0001111 6.06e-05 2.525e-05 2.525e-05 5.05e-06 1.515e-05 5.05e-06 0 0 0 5.05e-06 0 0 5.05e-06 0 0 0 
0.0055045 0.0159075 0.0259873 0.0342693 0.039592 0.0433038 0.0451622 0.0464954 0.0444653 0.0418342 0.0392032 0.0350167 0.0304212 0.0263358 0.0222705 0.0184527 0.0151803 0.0119332 0.00937785 0.00798405 0.0062822 0.00491365 0.0035148 0.0027068 0.0021412 0.00143925 0.0010706 0.0009494 0.00057065 0.00047975 0.0003333 0.00024745 0.00016665 0.00011615 9.09e-05 6.06e-05 3.03e-05 4.04e-05 2.02e-05 2.525e-05 0 5.05e-06 5.05e-06 0 0 0 0 0 5.05e-06 0 0 
0.0048884 0.0144329 0.0232098 0.0311636 0.0362085 0.0402687 0.0430008 0.0430816 0.0429301 0.0400819 0.03838 0.0333048 0.0305828 0.0269064 0.0225634 0.0191092 0.015549 0.013024 0.0102717 0.00836785 0.0069791 0.0049793 0.0041107 0.00303505 0.002424 0.0016362 0.0014847 0.0011413 0.0007474 0.00051005 0.0004242 0.00023735 0.00021715 0.0001919 0.000101 6.565e-05 4.04e-05 3.535e-05 2.525e-05 2.02e-05 5.05e-06 5.05e-06 5.05e-06 5.05e-06 0 0 0 0 0 5.05e-06 0 
0.00464095 0.0134936 0.0208212 0.0285527 0.0346077 0.0373953 0.0398193 0.0402586 0.0405263 0.0385315 0.0362237 0.0329917 0.0301334 0.0263105 0.0227806 0.0194223 0.0165438 0.0135694 0.0111959 0.0088375 0.0074134 0.0057873 0.00426725 0.0033229 0.0026563 0.00202505 0.00150995 0.00113625 0.0009494 0.00069185 0.00052015 0.00030805 0.00025755 0.00021715 9.09e-05 0.0001111 0.000101 4.04e-05 3.535e-05 2.02e-05 1.515e-05 1.01e-05 0 5.05e-06 5.05e-06 0 0 0 0 0 5.05e-06 
0.0040198 0.0120796 0.0193365 0.0255783 0.0308858 0.0353349 0.0376124 0.0382841 0.03888 0.0367792 0.0349056 0.0320019 0.0291739 0.0266943 0.0235078 0.0195991 0.0164883 0.0137562 0.0115797 0.00946875 0.007676 0.00646905 0.00471165 0.00378245 0.00311585 0.002222 0.00195435 0.0012928 0.0011009 0.0007878 0.0005858 0.0004343 0.0003333 0.0002121 0.0001818 0.00010605 4.545e-05 7.07e-05 6.565e-05 3.03e-05 5.05e-06 3.03e-05 0 0 1.01e-05 5.05e-06 0 5.05e-06 0 0 5.05e-06 
0 0 0 0 0 0 0 0 0 0 0 0 0 0 0 0 0 0 0 0 0 0 0 0 0 0 0 0 0 0 0 0 0 0 0 0 0 0 0 0 0 0 0 0 0 0 0 0 0 0 0 
