Half rod, albedo problem, Anisotropic scattering, exponential random flight, mu_t: 1 g: -0.1
Analogmu_t c: 0.1 maxx: 10 dx: 0.19802 numsamples: 100000000 numCollisionOrders: 20 numMoments: 10
total albedo: 0.0287917
per-collision order albedos: 
0 0.027475 0.00123555 7.535e-05 5.34e-06 4.7e-07 4e-08 0 0 0 0 0 0 0 0 0 0 0 0 0 
Collision density L:
0.026297 0.021738 0.0180096 0.0149274 0.0123239 0.0102247 0.00845678 0.00702066 0.00580659 0.00485699 0.00398223 0.00330482 0.00273271 0.00223008 0.00188471 0.00155171 0.0012571 0.00105161 0.000869509 0.00072109 0.000601859 0.000494193 0.000415918 0.000337239 0.000285477 0.000238512 0.000195082 0.000161146 0.000132866 0.000110141 8.8577e-05 7.5548e-05 6.565e-05 4.81265e-05 4.52985e-05 3.37845e-05 2.8886e-05 2.3937e-05 1.9796e-05 1.77255e-05 1.4241e-05 1.0908e-05 9.09e-06 7.8275e-06 6.262e-06 5.6055e-06 5.05e-06 4.242e-06 3.131e-06 2.5755e-06 1.20695e-05 
Collision density R:
0.911266 0.75457 0.624693 0.51694 0.428179 0.3544 0.293724 0.24324 0.201006 0.166566 0.13796 0.114279 0.0946378 0.0783034 0.0648681 0.053678 0.0443717 0.0367742 0.0304562 0.0252399 0.0208895 0.0172971 0.0142861 0.0118996 0.00985083 0.0081199 0.00670731 0.00560247 0.00464327 0.00381457 0.00315418 0.00260671 0.00217004 0.00179563 0.00148177 0.00121771 0.00100197 0.000843956 0.000681043 0.000570751 0.000480306 0.000393799 0.000324766 0.000277346 0.000222655 0.000190082 0.000152359 0.000128169 0.000108474 8.7264e-05 0.000423089 
Density Moments:
1.07907 1.13182 2.37418 7.46979 31.3376 164.404 1036.22 7639.95 64714.4 622310 
Per-collision Density Moments:
1 1.0001 2.00041 6.00141 24.0049 120.031 720.56 5053.66 40649.3 370574 
0.0724753 0.117411 0.32461 1.24333 6.05554 35.7461 248.02 1980.49 17928.2 181917 
0.00601665 0.0127961 0.0431642 0.194212 1.08354 7.18593 55.0559 477.082 4597.53 48581.8 
0.00052943 0.00135682 0.00528535 0.026701 0.163893 1.18204 9.85475 94.4141 1037.31 12996.4 
4.748e-05 0.000140709 0.000623297 0.00357311 0.0253686 0.22106 2.36282 30.5468 461.218 7779.13 
4.62e-06 1.62073e-05 8.06574e-05 0.000505553 0.00377579 0.0322734 0.305424 3.11906 33.7355 381.363 
2.9e-07 1.06808e-06 6.57353e-06 5.44198e-05 0.00052568 0.00545885 0.0586618 0.641947 7.10467 79.2656 
3e-08 5.24901e-08 1.18295e-07 2.95777e-07 7.75655e-07 2.09121e-06 5.74164e-06 1.59603e-05 4.47375e-05 0.000126102 
0 0 0 0 0 0 0 0 0 0 
0 0 0 0 0 0 0 0 0 0 
0 0 0 0 0 0 0 0 0 0 
0 0 0 0 0 0 0 0 0 0 
0 0 0 0 0 0 0 0 0 0 
0 0 0 0 0 0 0 0 0 0 
0 0 0 0 0 0 0 0 0 0 
0 0 0 0 0 0 0 0 0 0 
0 0 0 0 0 0 0 0 0 0 
0 0 0 0 0 0 0 0 0 0 
0 0 0 0 0 0 0 0 0 0 
0 0 0 0 0 0 0 0 0 0 
Per-collision Densities L:
0 0 0 0 0 0 0 0 0 0 0 0 0 0 0 0 0 0 0 0 0 0 0 0 0 0 0 0 0 0 0 0 0 0 0 0 0 0 0 0 0 0 0 0 0 0 0 0 0 0 0 
0.0249619 0.0204562 0.0167874 0.0138014 0.0112777 0.00927826 0.00760015 0.00625342 0.00511681 0.00425028 0.00345304 0.00284189 0.00232209 0.00187815 0.00157691 0.00128533 0.00103505 0.000854157 0.000699728 0.000576508 0.000475155 0.00038577 0.000321685 0.000258813 0.00021609 0.000181194 0.000145794 0.000118069 9.89295e-05 8.01435e-05 6.24685e-05 5.38835e-05 4.7874e-05 3.3936e-05 3.20675e-05 2.3129e-05 1.9695e-05 1.70185e-05 1.3534e-05 1.12615e-05 8.7365e-06 7.3225e-06 5.959e-06 4.9995e-06 4.04e-06 3.434e-06 3.2825e-06 2.5755e-06 1.9695e-06 1.7675e-06 6.5145e-06 
0.00124705 0.00119539 0.00113423 0.00103985 0.000962631 0.000867136 0.000782346 0.000697153 0.000621958 0.000547673 0.000475761 0.000414605 0.000365418 0.000310424 0.00027068 0.000233765 0.000194173 0.000170387 0.000144885 0.00012423 0.000107414 9.03445e-05 7.90325e-05 6.666e-05 5.6661e-05 4.85305e-05 4.14605e-05 3.56025e-05 2.727e-05 2.4543e-05 2.1715e-05 1.6867e-05 1.4544e-05 1.18675e-05 9.797e-06 8.585e-06 7.6255e-06 5.05e-06 4.848e-06 5.3025e-06 4.242e-06 3.0805e-06 2.4745e-06 2.121e-06 1.6665e-06 1.616e-06 1.2625e-06 1.3635e-06 8.08e-07 5.555e-07 3.8885e-06 
8.1709e-05 7.9184e-05 8.1103e-05 8.05475e-05 7.7265e-05 7.29725e-05 6.84275e-05 6.4337e-05 6.24685e-05 5.32775e-05 4.80255e-05 4.3935e-05 4.05515e-05 3.7067e-05 3.3229e-05 2.95425e-05 2.46945e-05 2.3735e-05 2.19675e-05 1.7675e-05 1.63115e-05 1.53015e-05 1.3433e-05 1.0403e-05 1.15645e-05 7.7265e-06 6.7165e-06 6.6155e-06 5.4035e-06 4.7975e-06 3.737e-06 4.1915e-06 2.626e-06 2.02e-06 2.929e-06 1.4645e-06 1.212e-06 1.5655e-06 1.111e-06 9.09e-07 9.595e-07 4.04e-07 6.06e-07 5.555e-07 4.545e-07 4.545e-07 5.05e-07 2.02e-07 2.02e-07 2.525e-07 1.313e-06 
6.161e-06 6.767e-06 6.262e-06 5.151e-06 6.0095e-06 5.6055e-06 4.949e-06 5.454e-06 4.7975e-06 5.252e-06 5.3025e-06 4.0905e-06 4.141e-06 3.9895e-06 3.4845e-06 2.6765e-06 2.9795e-06 2.828e-06 2.5755e-06 2.02e-06 2.424e-06 2.5755e-06 1.515e-06 1.0605e-06 1.01e-06 9.09e-07 1.01e-06 8.08e-07 1.0605e-06 5.555e-07 5.05e-07 5.555e-07 6.06e-07 3.03e-07 4.04e-07 6.06e-07 3.535e-07 3.03e-07 3.03e-07 2.02e-07 2.525e-07 1.01e-07 5.05e-08 1.515e-07 1.01e-07 1.01e-07 0 1.01e-07 1.01e-07 0 1.515e-07 
1.515e-07 4.545e-07 4.545e-07 3.03e-07 3.03e-07 7.07e-07 8.585e-07 3.03e-07 5.555e-07 5.05e-07 1.01e-07 2.525e-07 5.05e-07 4.545e-07 4.04e-07 4.04e-07 2.02e-07 4.04e-07 3.535e-07 5.555e-07 5.05e-07 1.515e-07 2.525e-07 2.525e-07 1.515e-07 1.515e-07 1.01e-07 5.05e-08 2.02e-07 1.01e-07 1.515e-07 5.05e-08 0 0 1.01e-07 0 0 0 0 5.05e-08 5.05e-08 0 0 0 0 0 0 0 5.05e-08 0 1.515e-07 
0 0 1.01e-07 1.01e-07 0 0 5.05e-08 0 0 0 0 5.05e-08 0 0 0 0 0 1.01e-07 0 1.01e-07 5.05e-08 5.05e-08 0 5.05e-08 0 0 0 0 0 0 0 0 0 0 0 0 0 0 0 0 0 0 0 0 0 0 0 0 0 0 5.05e-08 
0 0 5.05e-08 0 0 0 0 0 0 0 0 0 0 0 0 0 0 0 0 0 0 0 0 0 0 0 0 0 0 0 0 0 0 0 0 0 0 0 0 0 0 0 0 0 0 0 0 0 0 0 0 
0 0 0 0 0 0 0 0 0 0 0 0 0 0 0 0 0 0 0 0 0 0 0 0 0 0 0 0 0 0 0 0 0 0 0 0 0 0 0 0 0 0 0 0 0 0 0 0 0 0 0 
0 0 0 0 0 0 0 0 0 0 0 0 0 0 0 0 0 0 0 0 0 0 0 0 0 0 0 0 0 0 0 0 0 0 0 0 0 0 0 0 0 0 0 0 0 0 0 0 0 0 0 
0 0 0 0 0 0 0 0 0 0 0 0 0 0 0 0 0 0 0 0 0 0 0 0 0 0 0 0 0 0 0 0 0 0 0 0 0 0 0 0 0 0 0 0 0 0 0 0 0 0 0 
0 0 0 0 0 0 0 0 0 0 0 0 0 0 0 0 0 0 0 0 0 0 0 0 0 0 0 0 0 0 0 0 0 0 0 0 0 0 0 0 0 0 0 0 0 0 0 0 0 0 0 
0 0 0 0 0 0 0 0 0 0 0 0 0 0 0 0 0 0 0 0 0 0 0 0 0 0 0 0 0 0 0 0 0 0 0 0 0 0 0 0 0 0 0 0 0 0 0 0 0 0 0 
0 0 0 0 0 0 0 0 0 0 0 0 0 0 0 0 0 0 0 0 0 0 0 0 0 0 0 0 0 0 0 0 0 0 0 0 0 0 0 0 0 0 0 0 0 0 0 0 0 0 0 
0 0 0 0 0 0 0 0 0 0 0 0 0 0 0 0 0 0 0 0 0 0 0 0 0 0 0 0 0 0 0 0 0 0 0 0 0 0 0 0 0 0 0 0 0 0 0 0 0 0 0 
0 0 0 0 0 0 0 0 0 0 0 0 0 0 0 0 0 0 0 0 0 0 0 0 0 0 0 0 0 0 0 0 0 0 0 0 0 0 0 0 0 0 0 0 0 0 0 0 0 0 0 
0 0 0 0 0 0 0 0 0 0 0 0 0 0 0 0 0 0 0 0 0 0 0 0 0 0 0 0 0 0 0 0 0 0 0 0 0 0 0 0 0 0 0 0 0 0 0 0 0 0 0 
0 0 0 0 0 0 0 0 0 0 0 0 0 0 0 0 0 0 0 0 0 0 0 0 0 0 0 0 0 0 0 0 0 0 0 0 0 0 0 0 0 0 0 0 0 0 0 0 0 0 0 
0 0 0 0 0 0 0 0 0 0 0 0 0 0 0 0 0 0 0 0 0 0 0 0 0 0 0 0 0 0 0 0 0 0 0 0 0 0 0 0 0 0 0 0 0 0 0 0 0 0 0 
0 0 0 0 0 0 0 0 0 0 0 0 0 0 0 0 0 0 0 0 0 0 0 0 0 0 0 0 0 0 0 0 0 0 0 0 0 0 0 0 0 0 0 0 0 0 0 0 0 0 0 
Per-collision Densities L:
0.907214 0.744307 0.610559 0.500597 0.410856 0.336881 0.276677 0.227026 0.1859 0.15259 0.125227 0.102821 0.084364 0.0691705 0.0567702 0.0465516 0.0381188 0.0313012 0.0256662 0.0210914 0.0172979 0.0141895 0.011615 0.00957339 0.00786664 0.0064332 0.00525644 0.00435037 0.00357833 0.00290405 0.00238431 0.00195056 0.00160933 0.00131037 0.00108121 0.000874559 0.000719019 0.000595294 0.000483285 0.000395264 0.000330977 0.00026861 0.00021917 0.000186901 0.000147814 0.00012827 9.90305e-05 8.3022e-05 7.171e-05 5.4237e-05 0.000253359 
0.00390032 0.00983922 0.0134974 0.0155357 0.0163867 0.0164861 0.0159804 0.0151163 0.0140163 0.0129206 0.0117191 0.0104943 0.0093625 0.00828104 0.00730594 0.00640249 0.00559065 0.00487239 0.00424271 0.00366524 0.00315393 0.00270438 0.0023179 0.00200586 0.00170629 0.00144319 0.0012419 0.00106252 0.000901981 0.000765227 0.000642764 0.00054535 0.000465812 0.00039895 0.000328503 0.000279518 0.00023028 0.000201899 0.000159631 0.00014034 0.000118625 0.000101 8.383e-05 7.0498e-05 5.757e-05 4.66115e-05 4.14605e-05 3.4542e-05 2.8583e-05 2.41895e-05 0.00012827 
0.000144632 0.00040299 0.000601253 0.000760379 0.000880872 0.000971469 0.000997274 0.00102328 0.00101247 0.000975206 0.000935513 0.000886881 0.000837644 0.000780579 0.000722352 0.000657359 0.000599637 0.000539391 0.000494042 0.000435967 0.000391628 0.000359005 0.000313706 0.000283305 0.000244976 0.000215433 0.000181295 0.00016665 0.000141097 0.000126604 0.000109989 9.5849e-05 8.11535e-05 7.36795e-05 6.13575e-05 5.28735e-05 4.44905e-05 3.93395e-05 3.2219e-05 2.86335e-05 2.5957e-05 1.9998e-05 1.82305e-05 1.62105e-05 1.54025e-05 1.2524e-05 9.696e-06 8.686e-06 6.7165e-06 7.5245e-06 3.4138e-05 
6.5145e-06 1.97455e-05 3.38855e-05 4.2824e-05 5.06515e-05 5.6661e-05 6.46905e-05 6.90335e-05 7.1205e-05 7.4639e-05 7.2518e-05 7.1609e-05 6.84275e-05 6.61045e-05 6.38825e-05 6.09535e-05 5.68125e-05 5.56005e-05 4.9187e-05 4.35815e-05 4.1309e-05 3.92385e-05 3.5754e-05 3.3128e-05 2.8886e-05 2.49975e-05 2.4341e-05 2.02e-05 1.94425e-05 1.6564e-05 1.46955e-05 1.3029e-05 1.212e-05 1.1009e-05 9.4435e-06 9.3425e-06 7.2215e-06 6.565e-06 5.1005e-06 5.656e-06 4.04e-06 3.838e-06 2.9795e-06 3.2825e-06 1.515e-06 2.323e-06 1.717e-06 1.6665e-06 1.2625e-06 9.595e-07 5.8075e-06 
1.01e-07 9.09e-07 2.0705e-06 2.929e-06 3.6865e-06 4.6965e-06 4.545e-06 4.747e-06 5.4035e-06 5.555e-06 5.353e-06 5.7065e-06 4.5955e-06 4.848e-06 4.9995e-06 5.151e-06 5.151e-06 5.4035e-06 3.6865e-06 3.333e-06 4.444e-06 4.2925e-06 3.232e-06 3.636e-06 3.7875e-06 2.7775e-06 3.03e-06 2.3735e-06 2.02e-06 1.818e-06 2.2725e-06 1.7675e-06 1.414e-06 1.3635e-06 1.0605e-06 1.414e-06 8.585e-07 6.565e-07 7.575e-07 8.08e-07 5.05e-07 2.02e-07 5.555e-07 4.545e-07 3.535e-07 2.02e-07 4.04e-07 5.05e-08 1.01e-07 3.03e-07 1.313e-06 
0 1.01e-07 1.01e-07 2.525e-07 3.03e-07 3.03e-07 3.03e-07 1.01e-07 3.535e-07 3.535e-07 5.05e-07 3.535e-07 4.545e-07 3.03e-07 6.565e-07 4.545e-07 6.06e-07 2.02e-07 4.545e-07 3.535e-07 3.535e-07 6.565e-07 5.555e-07 3.03e-07 2.525e-07 2.525e-07 3.03e-07 3.535e-07 4.04e-07 3.03e-07 1.515e-07 1.515e-07 2.02e-07 2.525e-07 2.02e-07 0 1.01e-07 2.02e-07 5.05e-08 5.05e-08 2.02e-07 1.515e-07 0 0 0 1.01e-07 5.05e-08 1.515e-07 1.01e-07 5.05e-08 1.515e-07 
0 0 0 5.05e-08 5.05e-08 0 0 5.05e-08 0 0 5.05e-08 0 1.01e-07 5.05e-08 5.05e-08 0 5.05e-08 0 0 5.05e-08 0 5.05e-08 0 0 0 5.05e-08 0 0 0 0 0 0 0 0 0 0 0 0 0 0 0 0 0 0 0 5.05e-08 0 5.05e-08 0 0 5.05e-08 
0 0 0 0 0 0 0 0 0 5.05e-08 0 0 0 0 5.05e-08 0 0 0 0 0 0 0 0 0 0 0 0 0 0 0 0 0 0 0 0 0 0 0 0 0 0 0 0 0 0 0 0 0 0 0 0 
0 0 0 0 0 0 0 0 0 0 0 0 0 0 0 0 0 0 0 0 0 0 0 0 0 0 0 0 0 0 0 0 0 0 0 0 0 0 0 0 0 0 0 0 0 0 0 0 0 0 0 
0 0 0 0 0 0 0 0 0 0 0 0 0 0 0 0 0 0 0 0 0 0 0 0 0 0 0 0 0 0 0 0 0 0 0 0 0 0 0 0 0 0 0 0 0 0 0 0 0 0 0 
0 0 0 0 0 0 0 0 0 0 0 0 0 0 0 0 0 0 0 0 0 0 0 0 0 0 0 0 0 0 0 0 0 0 0 0 0 0 0 0 0 0 0 0 0 0 0 0 0 0 0 
0 0 0 0 0 0 0 0 0 0 0 0 0 0 0 0 0 0 0 0 0 0 0 0 0 0 0 0 0 0 0 0 0 0 0 0 0 0 0 0 0 0 0 0 0 0 0 0 0 0 0 
0 0 0 0 0 0 0 0 0 0 0 0 0 0 0 0 0 0 0 0 0 0 0 0 0 0 0 0 0 0 0 0 0 0 0 0 0 0 0 0 0 0 0 0 0 0 0 0 0 0 0 
0 0 0 0 0 0 0 0 0 0 0 0 0 0 0 0 0 0 0 0 0 0 0 0 0 0 0 0 0 0 0 0 0 0 0 0 0 0 0 0 0 0 0 0 0 0 0 0 0 0 0 
0 0 0 0 0 0 0 0 0 0 0 0 0 0 0 0 0 0 0 0 0 0 0 0 0 0 0 0 0 0 0 0 0 0 0 0 0 0 0 0 0 0 0 0 0 0 0 0 0 0 0 
0 0 0 0 0 0 0 0 0 0 0 0 0 0 0 0 0 0 0 0 0 0 0 0 0 0 0 0 0 0 0 0 0 0 0 0 0 0 0 0 0 0 0 0 0 0 0 0 0 0 0 
0 0 0 0 0 0 0 0 0 0 0 0 0 0 0 0 0 0 0 0 0 0 0 0 0 0 0 0 0 0 0 0 0 0 0 0 0 0 0 0 0 0 0 0 0 0 0 0 0 0 0 
0 0 0 0 0 0 0 0 0 0 0 0 0 0 0 0 0 0 0 0 0 0 0 0 0 0 0 0 0 0 0 0 0 0 0 0 0 0 0 0 0 0 0 0 0 0 0 0 0 0 0 
0 0 0 0 0 0 0 0 0 0 0 0 0 0 0 0 0 0 0 0 0 0 0 0 0 0 0 0 0 0 0 0 0 0 0 0 0 0 0 0 0 0 0 0 0 0 0 0 0 0 0 
0 0 0 0 0 0 0 0 0 0 0 0 0 0 0 0 0 0 0 0 0 0 0 0 0 0 0 0 0 0 0 0 0 0 0 0 0 0 0 0 0 0 0 0 0 0 0 0 0 0 0 
