Half rod, albedo problem, Anisotropic scattering, exponential random flight, mu_t: 3 g: 0.5
Analogmu_t c: 0.5 maxx: 10 dx: 0.19802 numsamples: 10000000 numCollisionOrders: 20 numMoments: 10
total albedo: 0.101083
per-collision order albedos: 
0 0.0625378 0.023456 0.0090416 0.0035978 0.001442 0.0005862 0.0002325 0.000108 4.58e-05 1.93e-05 7.1e-06 5e-06 2.4e-06 1e-06 4e-07 1e-07 0 0 0 
Collision density L:
0.254464 0.176835 0.122946 0.0851991 0.0590744 0.0412893 0.0287648 0.0199026 0.0137719 0.00968641 0.00660086 0.00475054 0.00326634 0.00224574 0.00157358 0.0010706 0.000775175 0.00052419 0.00036057 0.000250985 0.000178265 0.000134835 7.7265e-05 6.868e-05 3.3835e-05 3.232e-05 3.0805e-05 1.3635e-05 7.575e-06 5.555e-06 4.04e-06 2.02e-06 2.02e-06 5.05e-07 1.01e-06 1.01e-06 1.01e-06 5.05e-07 1.01e-06 0 0 0 0 0 0 0 0 0 0 0 0 
Collision density R:
2.51628 1.74743 1.21451 0.844895 0.585906 0.406906 0.283032 0.196796 0.137083 0.0954304 0.065855 0.0460237 0.0319342 0.0222059 0.0153025 0.0105515 0.00743007 0.00521514 0.00372741 0.0025447 0.00174023 0.00118524 0.000821635 0.000587315 0.000421675 0.000273205 0.00020301 0.000155035 0.000100495 6.6155e-05 4.04e-05 3.131e-05 2.1715e-05 1.616e-05 7.07e-06 6.06e-06 7.07e-06 5.05e-06 3.535e-06 1.01e-06 2.02e-06 1.01e-06 1.515e-06 5.05e-07 5.05e-07 5.05e-07 0 0 0 0 0 
Density Moments:
1.79776 0.978206 1.06503 1.74027 3.79411 10.349 33.9073 129.704 566.956 2782.16 
Per-collision Density Moments:
1 0.333182 0.222036 0.221978 0.296075 0.494453 0.994379 2.34685 6.38068 19.6794 
0.437402 0.270703 0.263693 0.346878 0.57337 1.14065 2.65398 7.07712 21.3001 71.4614 
0.195272 0.169184 0.213491 0.345573 0.678845 1.56511 4.13815 12.3295 40.8103 148.232 
0.0886209 0.0960925 0.146864 0.279825 0.632949 1.65245 4.88712 16.1643 59.2757 239.67 
0.0407355 0.0520733 0.0924682 0.201555 0.515145 1.50659 4.96893 18.3227 75.1761 342.079 
0.0189104 0.0275486 0.0553086 0.134958 0.382196 1.22571 4.38399 17.3134 74.989 354.462 
0.0088593 0.0143677 0.0319759 0.0859018 0.265775 0.923904 3.55415 14.9789 68.6841 340.902 
0.0041846 0.00739041 0.0179198 0.0523271 0.175233 0.655611 2.69573 12.0463 58.0407 299.748 
0.0019713 0.00377033 0.00982883 0.0307534 0.110096 0.439646 1.92729 9.17302 47.0213 257.971 
0.0009463 0.00194396 0.00542027 0.0180654 0.068532 0.28825 1.32231 6.54027 34.5713 193.83 
0.0004506 0.000980122 0.00289373 0.0102131 0.0409476 0.181271 0.86929 4.45168 24.0709 136.18 
0.0002151 0.000483804 0.00148793 0.00548992 0.0230188 0.106319 0.529728 2.80418 15.5922 90.2775 
0.0001053 0.00024795 0.000792527 0.00304736 0.0133486 0.064444 0.335227 1.84843 10.6729 63.9391 
4.88e-05 0.000123197 0.000418546 0.00169983 0.00784092 0.0398944 0.219602 1.28896 7.97257 51.4548 
2.26e-05 5.81573e-05 0.000206931 0.000898349 0.00451886 0.0254982 0.157381 1.04077 7.25275 52.5854 
9.8e-06 2.81688e-05 0.000115546 0.000587329 0.0034485 0.0223779 0.155719 1.13794 8.60952 66.8029 
5.6e-06 1.70364e-05 6.90144e-05 0.00034747 0.00206756 0.0138888 0.101414 0.78317 6.28178 51.7336 
2.6e-06 6.26242e-06 1.84919e-05 6.20511e-05 0.000228075 0.000893428 0.00365737 0.0154405 0.0666488 0.292499 
1.3e-06 3.83088e-06 1.38944e-05 5.55178e-05 0.000233133 0.00100852 0.00445158 0.0199425 0.0903673 0.413227 
0 0 0 0 0 0 0 0 0 0 
Per-collision Densities L:
0 0 0 0 0 0 0 0 0 0 0 0 0 0 0 0 0 0 0 0 0 0 0 0 0 0 0 0 0 0 0 0 0 0 0 0 0 0 0 0 0 0 0 0 0 0 0 0 0 0 0 
0.141265 0.0781139 0.0431073 0.0238032 0.0132472 0.00727301 0.00405667 0.00216948 0.00125745 0.000695385 0.00037168 0.00022422 0.00010908 7.777e-05 4.343e-05 1.1615e-05 8.585e-06 7.575e-06 2.02e-06 1.01e-06 1.515e-06 2.02e-06 5.05e-07 0 0 0 0 0 0 0 0 0 0 0 0 0 0 0 0 0 0 0 0 0 0 0 0 0 0 0 0 
0.0674468 0.0546925 0.0398889 0.0270412 0.0178896 0.0115468 0.00724574 0.0044945 0.0027876 0.00169731 0.00102869 0.000621655 0.000361075 0.000220685 0.000115645 7.373e-05 4.141e-05 2.3735e-05 1.2625e-05 9.595e-06 4.04e-06 3.535e-06 2.02e-06 1.01e-06 0 0 5.05e-07 5.05e-07 0 0 0 0 0 0 0 0 0 0 0 0 0 0 0 0 0 0 0 0 0 0 0 
0.0271771 0.0255035 0.0221847 0.0176674 0.0134037 0.00982276 0.0069786 0.00488083 0.00324715 0.00217504 0.00136704 0.00091809 0.00060701 0.00035552 0.00024947 0.000152005 7.979e-05 5.9085e-05 3.636e-05 2.2725e-05 1.414e-05 8.08e-06 3.535e-06 4.04e-06 1.01e-06 5.05e-07 2.02e-06 0 5.05e-07 0 0 0 0 0 0 0 0 0 0 0 0 0 0 0 0 0 0 0 0 0 0 
0.0109797 0.0107257 0.0100232 0.00917585 0.0076553 0.00634129 0.004949 0.00368701 0.00265529 0.00193819 0.00134684 0.00095647 0.00065347 0.000418645 0.000277245 0.00019493 0.00012524 7.1205e-05 4.8985e-05 3.0805e-05 1.818e-05 1.7675e-05 4.545e-06 9.595e-06 3.03e-06 1.515e-06 2.525e-06 2.02e-06 0 0 0 0 0 0 0 0 0 0 0 0 0 0 0 0 0 0 0 0 0 0 0 
0.00440209 0.00447986 0.00444148 0.00417837 0.00375013 0.00330826 0.00282901 0.00226796 0.00177306 0.00137461 0.00102869 0.000775175 0.00057267 0.000391375 0.00028078 0.00019493 0.00012827 9.7465e-05 5.454e-05 4.0905e-05 2.7775e-05 1.6665e-05 1.212e-05 1.01e-05 3.535e-06 4.04e-06 2.525e-06 1.01e-06 1.01e-06 5.05e-07 0 0 0 0 0 0 0 0 0 0 0 0 0 0 0 0 0 0 0 0 0 
0.00183366 0.00191042 0.0018584 0.00187153 0.00171599 0.00161095 0.00142309 0.00124079 0.00102212 0.00084335 0.00067165 0.00055752 0.000402485 0.0002828 0.000229775 0.000141905 0.000127765 7.9285e-05 6.06e-05 3.737e-05 2.9795e-05 1.9695e-05 1.01e-05 5.05e-06 4.04e-06 6.06e-06 2.02e-06 1.515e-06 5.05e-07 5.05e-07 0 0 0 0 0 0 0 0 0 0 0 0 0 0 0 0 0 0 0 0 0 
0.000804465 0.00080598 0.00081002 0.00083224 0.000782245 0.000732755 0.000702455 0.00062721 0.00052116 0.000472175 0.0003737 0.000312595 0.00025351 0.000202 0.000165135 0.000126755 9.696e-05 6.666e-05 5.4035e-05 2.8785e-05 2.7775e-05 2.222e-05 9.09e-06 7.07e-06 4.04e-06 4.545e-06 6.06e-06 2.02e-06 5.05e-07 5.05e-07 2.02e-06 0 0 0 0 0 5.05e-07 0 0 0 0 0 0 0 0 0 0 0 0 0 0 
0.000315625 0.00033633 0.000348955 0.000344915 0.00035047 0.000344915 0.000315625 0.000264115 0.00025755 0.00024846 0.00020806 0.000184325 0.00015049 0.00012827 9.7465e-05 6.7165e-05 7.272e-05 3.939e-05 3.636e-05 2.727e-05 1.919e-05 1.6665e-05 1.515e-05 8.585e-06 5.555e-06 4.545e-06 5.05e-06 1.515e-06 2.02e-06 5.05e-07 5.05e-07 5.05e-07 5.05e-07 0 0 0 0 5.05e-07 0 0 0 0 0 0 0 0 0 0 0 0 0 
0.000134835 0.000148975 0.000157055 0.000152005 0.00015554 0.000168165 0.00013332 0.00013837 0.000130795 0.000129785 0.000105545 0.00010706 7.8275e-05 8.282e-05 5.1005e-05 4.747e-05 4.2925e-05 3.5855e-05 2.525e-05 2.2725e-05 1.2625e-05 1.2625e-05 6.06e-06 9.09e-06 3.03e-06 3.03e-06 3.535e-06 1.515e-06 1.515e-06 1.01e-06 0 0 5.05e-07 0 0 0 0 0 0 0 0 0 0 0 0 0 0 0 0 0 0 
5.8075e-05 6.4135e-05 7.0195e-05 7.7265e-05 6.9185e-05 8.181e-05 6.666e-05 6.666e-05 6.5145e-05 4.9995e-05 4.9995e-05 5.5045e-05 3.4845e-05 4.848e-05 3.0805e-05 2.525e-05 2.323e-05 2.02e-05 1.1615e-05 1.3635e-05 9.595e-06 8.08e-06 5.05e-06 5.555e-06 1.515e-06 2.525e-06 2.525e-06 1.01e-06 0 0 5.05e-07 0 0 0 0 5.05e-07 0 0 5.05e-07 0 0 0 0 0 0 0 0 0 0 0 0 
2.727e-05 3.333e-05 2.8785e-05 3.03e-05 3.2825e-05 3.0805e-05 3.737e-05 3.232e-05 2.8785e-05 3.03e-05 2.4745e-05 2.2725e-05 2.222e-05 1.616e-05 1.919e-05 1.818e-05 1.3635e-05 1.313e-05 8.585e-06 8.08e-06 6.06e-06 2.02e-06 4.545e-06 2.525e-06 3.03e-06 5.05e-07 3.03e-06 1.01e-06 0 5.05e-07 1.01e-06 5.05e-07 1.01e-06 0 5.05e-07 0 0 0 5.05e-07 0 0 0 0 0 0 0 0 0 0 0 0 
1.0605e-05 1.313e-05 1.5655e-05 1.313e-05 1.212e-05 1.6665e-05 1.4645e-05 1.616e-05 1.515e-05 1.6665e-05 1.6665e-05 5.05e-06 1.313e-05 1.313e-05 8.08e-06 6.565e-06 6.06e-06 4.545e-06 5.05e-06 2.525e-06 3.03e-06 2.02e-06 2.525e-06 2.02e-06 2.02e-06 2.02e-06 5.05e-07 5.05e-07 0 1.515e-06 0 5.05e-07 0 0 0 0 0 0 0 0 0 0 0 0 0 0 0 0 0 0 0 
5.05e-06 4.545e-06 6.06e-06 5.05e-06 7.07e-06 6.06e-06 4.545e-06 1.0605e-05 5.05e-06 1.0605e-05 5.05e-06 4.04e-06 5.555e-06 5.05e-06 2.525e-06 3.03e-06 4.04e-06 3.03e-06 3.03e-06 2.525e-06 3.03e-06 1.01e-06 5.05e-07 3.03e-06 2.02e-06 1.515e-06 0 0 1.01e-06 5.05e-07 0 5.05e-07 0 0 0 0 0 0 0 0 0 0 0 0 0 0 0 0 0 0 0 
2.525e-06 3.03e-06 1.515e-06 5.05e-06 2.02e-06 2.525e-06 5.05e-06 3.535e-06 3.03e-06 2.525e-06 1.01e-06 4.04e-06 1.01e-06 2.02e-06 1.515e-06 3.03e-06 3.535e-06 1.515e-06 1.515e-06 1.01e-06 5.05e-07 5.05e-07 1.01e-06 1.01e-06 5.05e-07 5.05e-07 0 1.01e-06 0 0 0 0 0 0 5.05e-07 0 0 0 0 0 0 0 0 0 0 0 0 0 0 0 0 
1.01e-06 0 3.03e-06 0 5.05e-07 1.515e-06 2.525e-06 1.515e-06 5.05e-07 1.01e-06 1.01e-06 1.01e-06 1.01e-06 5.05e-07 0 1.515e-06 1.01e-06 5.05e-07 0 5.05e-07 5.05e-07 1.515e-06 0 0 5.05e-07 5.05e-07 5.05e-07 0 5.05e-07 0 0 0 0 0 0 5.05e-07 0 0 0 0 0 0 0 0 0 0 0 0 0 0 0 
5.05e-07 0 5.05e-07 0 0 1.01e-06 5.05e-07 5.05e-07 5.05e-07 1.01e-06 0 5.05e-07 0 5.05e-07 1.01e-06 2.02e-06 0 5.05e-07 0 1.01e-06 5.05e-07 0 5.05e-07 0 0 5.05e-07 0 0 0 0 0 0 0 5.05e-07 0 0 5.05e-07 0 0 0 0 0 0 0 0 0 0 0 0 0 0 
5.05e-07 0 0 1.01e-06 0 0 0 5.05e-07 1.01e-06 0 5.05e-07 1.01e-06 5.05e-07 0 5.05e-07 0 0 0 0 5.05e-07 0 0 0 0 0 0 0 0 0 0 0 0 0 0 0 0 0 0 0 0 0 0 0 0 0 0 0 0 0 0 0 
0 0 0 5.05e-07 5.05e-07 0 0 5.05e-07 5.05e-07 0 0 0 0 0 0 5.05e-07 0 0 0 0 0 0 0 0 0 0 0 0 0 0 0 0 0 0 0 0 0 0 0 0 0 0 0 0 0 0 0 0 0 0 0 
0 0 0 0 0 0 0 0 0 0 0 0 0 0 0 0 0 0 0 0 0 0 0 0 0 0 0 0 0 0 0 0 0 0 0 0 0 0 0 0 0 0 0 0 0 0 0 0 0 0 0 
Per-collision Densities L:
2.26337 1.24773 0.689717 0.380948 0.209822 0.115664 0.0638734 0.0352712 0.0196097 0.0107848 0.00591355 0.00326432 0.00182659 0.000953945 0.000563075 0.000308555 0.000170185 8.6355e-05 5.05e-05 3.535e-05 1.4645e-05 8.585e-06 2.525e-06 3.03e-06 1.515e-06 1.01e-06 2.02e-06 5.05e-07 5.05e-07 0 0 0 0 0 0 0 0 0 0 0 0 0 0 0 0 0 0 0 0 0 0 
0.227102 0.403917 0.376095 0.293135 0.2078 0.140461 0.0918398 0.0587653 0.0367494 0.022626 0.0138602 0.00837795 0.00505909 0.00298001 0.0017978 0.000979195 0.00062216 0.000355015 0.000236845 0.000105545 6.868e-05 3.8885e-05 2.2725e-05 1.414e-05 1.1615e-05 5.05e-06 2.02e-06 2.525e-06 0 1.515e-06 0 0 0 5.05e-07 0 0 0 0 0 0 0 0 0 0 0 0 0 0 0 0 0 
0.0207459 0.0763237 0.111715 0.118942 0.10818 0.0887007 0.0680644 0.0497809 0.0353929 0.0244642 0.0163075 0.0109257 0.00705738 0.00457429 0.00288052 0.00183921 0.00114231 0.00071104 0.000435815 0.00028078 0.000159075 9.696e-05 5.9085e-05 3.333e-05 2.7775e-05 1.515e-05 4.545e-06 7.07e-06 3.03e-06 0 5.05e-07 1.01e-06 1.01e-06 0 0 0 0 0 0 0 0 0 0 0 0 0 0 0 0 0 0 
0.0033229 0.0139501 0.0266039 0.0364686 0.0403025 0.0396339 0.035452 0.0294991 0.0234977 0.0181406 0.0132497 0.0096455 0.00675135 0.00470256 0.00317039 0.00211999 0.00144279 0.000972125 0.000603475 0.000404505 0.00026765 0.00015352 9.7465e-05 5.151e-05 4.343e-05 2.3735e-05 1.5655e-05 1.2625e-05 7.07e-06 3.535e-06 1.01e-06 5.05e-07 5.05e-07 1.01e-06 0 0 5.05e-07 0 0 5.05e-07 0 0 0 0 0 0 0 0 0 0 0 
0.00104182 0.00350319 0.00684629 0.0102808 0.0131007 0.014494 0.0147995 0.013933 0.0123634 0.0103949 0.00835927 0.00656248 0.00503435 0.00373246 0.00268004 0.00194981 0.00135946 0.00096758 0.00067266 0.00044541 0.00031411 0.000183315 0.00014039 8.181e-05 6.3125e-05 2.4745e-05 2.222e-05 1.818e-05 1.111e-05 7.575e-06 5.05e-06 1.515e-06 1.515e-06 1.515e-06 5.05e-07 0 1.01e-06 5.05e-07 5.05e-07 0 5.05e-07 5.05e-07 0 0 0 0 0 0 0 0 0 
0.00042319 0.00119938 0.00214322 0.00315625 0.00423897 0.00500253 0.00560348 0.00577266 0.00552723 0.00511717 0.00447885 0.00375973 0.00303707 0.00251086 0.00185335 0.00140239 0.00110141 0.000788305 0.000592365 0.000409555 0.0002929 0.000214625 0.000127765 0.000105545 6.1105e-05 4.2925e-05 2.3735e-05 2.424e-05 1.616e-05 7.07e-06 4.545e-06 2.525e-06 2.02e-06 2.02e-06 0 1.01e-06 1.01e-06 5.05e-07 0 0 5.05e-07 5.05e-07 0 0 0 0 0 0 0 0 0 
0.000150995 0.00047369 0.000811535 0.00114888 0.00147107 0.00178366 0.00204071 0.00224776 0.00230785 0.00223867 0.00209373 0.00190941 0.00163873 0.00143218 0.00115191 0.000926675 0.000718615 0.000584285 0.000457025 0.0003333 0.000234825 0.00016766 0.000120695 9.09e-05 5.353e-05 4.444e-05 4.1915e-05 2.4745e-05 1.515e-05 6.565e-06 7.07e-06 3.535e-06 1.515e-06 1.515e-06 1.01e-06 0 0 2.02e-06 5.05e-07 0 0 0 5.05e-07 0 0 0 0 0 0 0 0 
7.373e-05 0.000188365 0.0003434 0.000464095 0.00056358 0.000689325 0.000805475 0.00086658 0.000944855 0.000956975 0.00090092 0.000909505 0.0008181 0.00067569 0.000606505 0.00049894 0.000442885 0.00035249 0.000289365 0.00023129 0.0001717 0.000128775 9.09e-05 8.1305e-05 5.656e-05 3.737e-05 2.727e-05 1.6665e-05 1.212e-05 1.212e-05 6.06e-06 4.545e-06 3.535e-06 1.01e-06 1.01e-06 5.05e-07 0 5.05e-07 5.05e-07 0 0 0 5.05e-07 0 0 0 0 0 0 0 0 
2.8785e-05 8.888e-05 0.00013837 0.000197455 0.000238865 0.000269165 0.00033027 0.000371175 0.00039491 0.000407535 0.00039693 0.0003939 0.0003636 0.00035855 0.00032017 0.000271185 0.000214625 0.00020099 0.000181295 0.000133825 9.3425e-05 8.6355e-05 7.1205e-05 4.343e-05 3.535e-05 2.828e-05 2.2725e-05 1.616e-05 1.2625e-05 8.08e-06 3.535e-06 4.545e-06 2.02e-06 4.545e-06 1.01e-06 5.05e-07 5.05e-07 5.05e-07 0 0 0 0 0 5.05e-07 0 0 0 0 0 0 0 
1.2625e-05 3.2825e-05 5.5045e-05 8.4335e-05 0.000101 0.000122715 0.00012019 0.00016665 0.00016362 0.000176245 0.00015655 0.00015756 0.000189375 0.000156045 0.00015756 0.000130795 0.000104535 0.00010706 0.000105545 8.08e-05 5.757e-05 5.05e-05 4.242e-05 3.6865e-05 2.8785e-05 1.818e-05 1.818e-05 1.4645e-05 5.05e-06 7.575e-06 5.05e-06 2.525e-06 3.03e-06 5.05e-07 1.515e-06 0 1.01e-06 5.05e-07 1.01e-06 0 5.05e-07 0 0 0 0 0 0 0 0 0 0 
3.03e-06 1.414e-05 2.3735e-05 3.6865e-05 4.848e-05 4.2925e-05 5.6055e-05 6.3125e-05 7.373e-05 7.2215e-05 6.969e-05 6.666e-05 9.595e-05 6.1105e-05 7.1205e-05 7.0195e-05 6.262e-05 4.646e-05 5.05e-05 4.141e-05 3.434e-05 2.6765e-05 2.828e-05 2.0705e-05 1.717e-05 1.414e-05 7.07e-06 8.08e-06 8.08e-06 7.575e-06 3.03e-06 5.05e-06 3.03e-06 5.05e-07 0 1.515e-06 5.05e-07 0 0 0 0 0 0 0 0 0 0 0 0 0 0 
2.02e-06 6.565e-06 1.212e-05 1.717e-05 2.5755e-05 2.424e-05 2.121e-05 3.2825e-05 2.828e-05 2.9795e-05 3.7875e-05 2.525e-05 3.0805e-05 3.939e-05 2.7775e-05 3.0805e-05 2.4745e-05 2.1715e-05 2.8785e-05 1.8685e-05 1.414e-05 1.2625e-05 1.0605e-05 1.2625e-05 7.575e-06 1.01e-05 5.555e-06 7.575e-06 3.535e-06 1.515e-06 3.03e-06 2.525e-06 1.515e-06 1.01e-06 5.05e-07 0 5.05e-07 0 0 0 0 0 0 0 0 0 0 0 0 0 0 
1.01e-06 3.535e-06 5.05e-06 8.08e-06 7.575e-06 1.111e-05 1.818e-05 1.414e-05 1.313e-05 1.2625e-05 1.717e-05 1.3635e-05 1.818e-05 1.5655e-05 1.212e-05 1.414e-05 1.515e-05 1.212e-05 1.414e-05 1.111e-05 7.575e-06 7.07e-06 2.02e-06 6.565e-06 5.555e-06 4.545e-06 4.545e-06 1.515e-06 5.555e-06 2.02e-06 5.05e-07 5.05e-07 1.01e-06 5.05e-07 5.05e-07 1.515e-06 1.01e-06 0 0 0 0 0 0 0 0 0 0 0 0 0 0 
5.05e-07 5.05e-07 2.02e-06 6.06e-06 2.525e-06 2.02e-06 5.05e-06 5.555e-06 9.595e-06 5.05e-06 6.565e-06 7.575e-06 7.575e-06 6.565e-06 6.06e-06 4.04e-06 6.06e-06 5.555e-06 4.545e-06 8.08e-06 5.05e-06 5.05e-06 1.515e-06 2.02e-06 4.04e-06 1.515e-06 3.535e-06 0 5.05e-07 1.01e-06 5.05e-07 1.515e-06 0 1.01e-06 5.05e-07 5.05e-07 0 5.05e-07 0 0 5.05e-07 0 0 0 0 0 0 0 0 0 0 
0 5.05e-07 1.01e-06 5.05e-07 3.03e-06 1.515e-06 5.05e-07 3.535e-06 3.03e-06 1.01e-06 5.05e-06 3.03e-06 3.03e-06 3.03e-06 2.02e-06 3.03e-06 1.515e-06 2.02e-06 2.525e-06 2.525e-06 2.02e-06 2.525e-06 2.02e-06 1.01e-06 1.01e-06 1.01e-06 1.01e-06 5.05e-07 0 0 5.05e-07 1.01e-06 5.05e-07 5.05e-07 0 0 5.05e-07 0 5.05e-07 0 0 0 5.05e-07 0 0 0 0 0 0 0 0 
0 0 5.05e-07 1.01e-06 0 1.515e-06 1.01e-06 1.515e-06 1.01e-06 1.01e-06 1.01e-06 1.01e-06 1.01e-06 2.525e-06 0 1.01e-06 0 1.515e-06 1.01e-06 1.515e-06 0 1.01e-06 5.05e-07 1.01e-06 1.515e-06 5.05e-07 5.05e-07 0 0 0 0 0 5.05e-07 0 5.05e-07 5.05e-07 0 0 5.05e-07 5.05e-07 0 0 0 0 5.05e-07 0 0 0 0 0 0 
0 0 0 0 0 1.515e-06 5.05e-07 1.01e-06 1.515e-06 0 5.05e-07 5.05e-07 1.515e-06 1.01e-06 5.05e-07 1.01e-06 5.05e-07 0 5.05e-07 5.05e-07 1.01e-06 0 1.01e-06 0 5.05e-07 5.05e-07 5.05e-07 0 0 0 0 0 0 0 0 0 5.05e-07 0 0 0 0 0 0 0 0 5.05e-07 0 0 0 0 0 
0 0 0 0 0 0 0 5.05e-07 1.01e-06 1.01e-06 0 0 5.05e-07 0 1.515e-06 0 5.05e-07 0 0 0 1.01e-06 5.05e-07 0 0 5.05e-07 0 0 0 0 0 0 0 0 0 0 0 0 0 0 0 0 0 0 0 0 0 0 0 0 0 0 
0 0 0 0 0 0 0 0 0 5.05e-07 0 0 0 0 0 5.05e-07 0 5.05e-07 0 5.05e-07 0 5.05e-07 5.05e-07 5.05e-07 5.05e-07 0 0 0 0 0 0 0 0 0 0 0 0 0 0 0 0 0 0 0 0 0 0 0 0 0 0 
0 0 0 0 0 0 0 0 0 0 0 0 0 0 0 0 0 0 0 0 0 0 0 0 0 0 0 0 0 0 0 0 0 0 0 0 0 0 0 0 0 0 0 0 0 0 0 0 0 0 0 
