Half rod, albedo problem, Anisotropic scattering, exponential random flight, mu_t: 3 g: 0.7
Analogmu_t c: 0.999 maxx: 10 dx: 0.19802 numsamples: 1000000 numCollisionOrders: 20 numMoments: 10
total albedo: 0.89067
per-collision order albedos: 
0 0.074872 0.063601 0.054591 0.046849 0.040856 0.036184 0.031594 0.027915 0.025004 0.022037 0.020035 0.018318 0.016607 0.015226 0.01386 0.01285 0.011837 0.010924 0.010267 
Collision density L:
2.65784 2.62644 2.60187 2.575 2.54533 2.51817 2.508 2.48208 2.44501 2.42646 2.39782 2.37364 2.35219 2.32362 2.30653 2.27863 2.2551 2.23285 2.21582 2.18274 2.15703 2.13809 2.12 2.09565 2.0782 2.05497 2.03273 2.02019 1.99637 1.97726 1.95904 1.93115 1.91143 1.89405 1.87338 1.84923 1.83525 1.81348 1.79603 1.77717 1.76296 1.73758 1.72543 1.7068 1.69048 1.68026 1.65538 1.64414 1.62344 1.6088 155.322 
Collision density R:
2.98436 2.95669 2.92214 2.89757 2.86174 2.82656 2.80314 2.78304 2.74615 2.72028 2.69142 2.6689 2.63511 2.61457 2.58107 2.55448 2.53374 2.50587 2.4805 2.45642 2.42778 2.40159 2.37649 2.351 2.32931 2.30618 2.28523 2.26158 2.24024 2.21297 2.19023 2.17221 2.14735 2.12413 2.1014 2.08075 2.06056 2.04252 2.01606 2.00052 1.9774 1.95679 1.94069 1.91325 1.90116 1.87512 1.85704 1.84057 1.82521 1.79954 174.364 
Density Moments:
109.183 2098.8 80385.2 4.58795e+06 3.45684e+08 3.20692e+10 3.49232e+12 4.3091e+14 5.86673e+16 8.64406e+18 
Per-collision Density Moments:
1 0.333206 0.222054 0.221925 0.296072 0.496084 1.00777 2.42684 6.80151 21.7486 
0.924122 0.59072 0.581987 0.769901 1.27779 2.5558 6.00501 16.2849 50.2533 173.95 
0.85955 0.792009 1.02476 1.68009 3.32282 7.68665 20.3547 60.7141 201.359 734.12 
0.804099 0.950324 1.51145 2.94615 6.75954 17.8013 52.8449 174.351 631.746 2487.35 
0.75643 1.0759 2.01877 4.54739 11.8525 34.9712 115.02 416.772 1648.06 7054.62 
0.714814 1.17692 2.53184 6.45076 18.7844 61.261 220.637 868.204 3700.33 16956.3 
0.677919 1.25885 3.03959 8.61472 27.6539 98.6043 385.442 1635.61 7476.17 36577.2 
0.645623 1.32642 3.53856 11.0194 38.6307 149.598 632.13 2888.56 14173.8 74248.2 
0.61708 1.38282 4.02438 13.6172 51.6176 215.1 973.8 4749.28 24791 137776 
0.591482 1.43004 4.49418 16.3826 66.6699 297.176 1434.18 7435.13 41173.2 242522 
0.568879 1.47002 4.94747 19.2921 83.7835 397.408 2034.76 11156.8 65133.4 403063 
0.54831 1.504 5.38284 22.308 102.775 515.907 2788.24 16096 98686.9 639828 
0.529421 1.53331 5.80335 25.436 123.818 655.786 3733.62 22668.4 145924 991525 
0.512299 1.5593 6.21091 28.6576 146.769 816.929 4881.06 31051.4 209092 1.48353e+06 
0.496554 1.58163 6.60196 31.9407 171.466 999.426 6244.66 41475.1 291045 2.1478e+06 
0.482151 1.60135 6.98098 35.3007 198.045 1205.57 7858.56 54377.2 396886 3.04053e+06 
0.468818 1.61886 7.34614 38.7043 226.284 1434.94 9737.11 70073.5 531370 4.22451e+06 
0.456485 1.63441 7.70005 42.1614 256.264 1689.25 11910.7 89012.8 700466 5.77467e+06 
0.445083 1.64871 8.04781 45.6936 288.027 1968.32 14378.8 111251 905668 7.71852e+06 
0 0 0 0 0 0 0 0 0 0 
Per-collision Densities L:
0 0 0 0 0 0 0 0 0 0 0 0 0 0 0 0 0 0 0 0 0 0 0 0 0 0 0 0 0 0 0 0 0 0 0 0 0 0 0 0 0 0 0 0 0 0 0 0 0 0 0 
0.169832 0.0932685 0.0513383 0.0279467 0.0156348 0.00855975 0.0047672 0.00264115 0.00145945 0.000808 0.0003939 0.00021715 0.0001414 8.08e-05 4.545e-05 2.02e-05 1.01e-05 5.05e-06 0 0 0 5.05e-06 0 0 0 0 0 0 0 0 0 0 0 0 0 0 0 0 0 0 0 0 0 0 0 0 0 0 0 0 0 
0.183638 0.147404 0.107929 0.0740381 0.047874 0.0305727 0.0193971 0.0122614 0.00748915 0.00449955 0.00276235 0.00144935 0.0008787 0.0006868 0.00028785 0.00017675 0.00012625 8.585e-05 5.05e-05 2.02e-05 1.01e-05 0 0 0 5.05e-06 5.05e-06 0 5.05e-06 0 0 0 0 0 0 0 0 0 0 0 0 0 0 0 0 0 0 0 0 0 0 0 
0.161413 0.151909 0.133916 0.108156 0.0810273 0.0600647 0.0431472 0.0304313 0.019695 0.0129432 0.00869105 0.0054136 0.00348955 0.00215635 0.00139885 0.0008484 0.00058075 0.00024745 0.00019695 9.595e-05 4.545e-05 3.03e-05 3.535e-05 2.02e-05 5.05e-06 5.05e-06 0 5.05e-06 0 0 5.05e-06 0 0 0 0 0 0 0 0 0 0 0 0 0 0 0 0 0 0 0 0 
0.140062 0.141567 0.13182 0.118736 0.101449 0.0836937 0.0658571 0.0493537 0.0359257 0.0258914 0.0180588 0.0126301 0.00841835 0.00608525 0.0037875 0.00242905 0.00158065 0.0010807 0.000606 0.00037875 0.00025755 0.00021715 0.00014645 5.555e-05 5.555e-05 3.03e-05 1.01e-05 1.515e-05 0 0 5.05e-06 0 0 0 0 0 0 0 0 0 0 0 0 0 0 0 0 0 0 0 0 
0.12374 0.123351 0.1217 0.116741 0.106121 0.0938997 0.0806536 0.0659732 0.0520352 0.0402031 0.0305273 0.0233563 0.0163873 0.0119837 0.00859005 0.00553985 0.00373195 0.0027977 0.00179275 0.0012625 0.0007676 0.0005858 0.0003535 0.0002727 6.565e-05 7.575e-05 5.555e-05 4.545e-05 1.01e-05 1.515e-05 5.05e-06 5.05e-06 5.05e-06 0 5.05e-06 0 0 0 0 0 0 0 0 0 0 0 0 0 0 0 0 
0.108277 0.108514 0.108075 0.106929 0.102384 0.0952986 0.086047 0.0750329 0.0642057 0.053323 0.0420362 0.0329967 0.0259116 0.0198061 0.0146501 0.0104182 0.0075851 0.00538835 0.00419655 0.00283305 0.0017978 0.00129785 0.00094435 0.0005858 0.00036865 0.00024745 0.00017675 6.565e-05 8.08e-05 4.04e-05 1.01e-05 2.525e-05 2.02e-05 0 5.05e-06 1.01e-05 0 0 5.05e-06 0 0 0 0 0 0 0 0 0 0 0 0 
0.094531 0.0953996 0.0974852 0.0977226 0.0940714 0.0895618 0.0861934 0.0796941 0.0707657 0.0612818 0.051611 0.0428998 0.0351127 0.0273609 0.0220483 0.0170084 0.0129432 0.0098576 0.0070902 0.0049187 0.0035047 0.00242905 0.00177255 0.00132815 0.0007777 0.00066155 0.00032825 0.00025755 0.00017675 0.0001111 0.00011615 5.05e-05 4.545e-05 1.515e-05 2.02e-05 5.05e-06 0 5.05e-06 0 0 0 0 0 0 0 0 0 0 0 0 0 
0.0843199 0.0860318 0.087466 0.0858601 0.0865015 0.0838805 0.0821787 0.0764116 0.0715434 0.0651299 0.0565247 0.0499597 0.0427836 0.035956 0.0290022 0.0236643 0.0186951 0.0143875 0.0110848 0.00828705 0.0059489 0.00464095 0.00340875 0.00237855 0.00191395 0.00127765 0.0008484 0.00054035 0.00035855 0.00030805 0.00021715 0.00013635 0.00012625 9.09e-05 6.06e-05 3.03e-05 2.02e-05 1.515e-05 0 5.05e-06 5.05e-06 0 0 0 0 0 0 0 0 0 0 
0.0749723 0.0772953 0.0782801 0.0782346 0.0784265 0.076962 0.0758308 0.0730483 0.0687356 0.0645895 0.0596405 0.0540956 0.0481871 0.0415868 0.0357439 0.0295728 0.0239926 0.0196092 0.0158722 0.0123372 0.00954955 0.0072922 0.00556005 0.0041814 0.0031916 0.0022725 0.00166145 0.00115645 0.0008282 0.00069185 0.0004747 0.00027775 0.0002323 0.0001313 8.585e-05 7.575e-05 7.07e-05 3.535e-05 5.05e-06 5.05e-06 1.01e-05 0 0 0 0 0 0 0 0 0 5.05e-06 
0.06868 0.0694476 0.0703516 0.0707354 0.0710788 0.0712 0.0705031 0.0680538 0.0658167 0.0634735 0.0597769 0.0554086 0.051202 0.0443037 0.040294 0.0340421 0.0289163 0.0252904 0.0206747 0.0161651 0.0129836 0.0101657 0.00848905 0.00665085 0.00498435 0.00388345 0.00283305 0.00219675 0.001515 0.00102515 0.00067165 0.000606 0.00044945 0.00030805 0.0002222 0.0001616 0.0001515 5.555e-05 4.545e-05 1.515e-05 5.05e-06 5.05e-06 1.515e-05 0 0 0 0 5.05e-06 0 5.05e-06 0 
0.0617312 0.0629836 0.0641047 0.0648067 0.0650491 0.064837 0.0647259 0.0639229 0.0621453 0.0605546 0.0583174 0.0542522 0.0510202 0.0464146 0.0421372 0.0377488 0.0332038 0.0295981 0.0247753 0.0206596 0.0170236 0.0145137 0.0112211 0.00930715 0.00708515 0.00578225 0.0044339 0.0032522 0.00244925 0.0019291 0.00149985 0.0010807 0.0006565 0.0005959 0.00051005 0.00028785 0.0002424 0.00014645 7.575e-05 5.05e-05 5.555e-05 1.515e-05 1.01e-05 5.05e-06 1.01e-05 1.515e-05 5.05e-06 0 0 0 0 
0.056055 0.056055 0.0596607 0.0585699 0.0597668 0.0601506 0.0592769 0.0596001 0.0575953 0.0573125 0.0549996 0.053934 0.0497577 0.0467226 0.043223 0.0394557 0.0364156 0.0319261 0.0274013 0.0243562 0.0203111 0.0176447 0.0145693 0.0117564 0.0097061 0.0082719 0.00597415 0.00491365 0.00385315 0.00294415 0.00215635 0.0015756 0.00119685 0.0010302 0.0006969 0.0004949 0.000303 0.00021715 0.0002222 0.00014645 3.03e-05 7.575e-05 3.535e-05 2.525e-05 6.565e-05 1.01e-05 0 5.05e-06 5.05e-06 5.05e-06 0 
0.0505606 0.0526261 0.0535755 0.0537775 0.0545703 0.0556864 0.0551208 0.0562116 0.0539946 0.0532472 0.052823 0.050197 0.0486416 0.0460409 0.0427079 0.0408343 0.0373347 0.0335724 0.0307091 0.0270579 0.0234169 0.0202303 0.0176498 0.0149682 0.0122109 0.0102869 0.00803455 0.00686295 0.00526715 0.0041107 0.0031411 0.00235835 0.002121 0.0016867 0.00120695 0.00086355 0.0005555 0.0004545 0.0004343 0.0002222 0.00014645 0.00011615 0.00011615 5.05e-05 5.555e-05 4.545e-05 3.03e-05 1.01e-05 1.01e-05 1.515e-05 1.515e-05 
0.0462429 0.0478892 0.0493335 0.0507323 0.0501263 0.0505354 0.0523332 0.0511868 0.0512676 0.0511919 0.049793 0.0480053 0.0471216 0.0449248 0.0421928 0.0398597 0.0372135 0.0353955 0.0319413 0.0283558 0.026058 0.0232553 0.0200839 0.0171902 0.0148824 0.0127058 0.00994345 0.0087668 0.0068276 0.00561055 0.00483285 0.0036158 0.00275225 0.00231795 0.00189375 0.00127765 0.00093425 0.00070195 0.00056055 0.00036865 0.0003939 0.00027775 0.0001818 8.585e-05 0.00011615 6.06e-05 4.545e-05 3.03e-05 2.525e-05 2.02e-05 5.555e-05 
0.0432331 0.0439047 0.0446875 0.0469347 0.0474347 0.0473993 0.0474448 0.0494648 0.0474296 0.0482932 0.0469095 0.0457732 0.0444602 0.0434805 0.0410111 0.0392537 0.0374559 0.0353298 0.032421 0.0302344 0.0273003 0.0244168 0.0221544 0.0195587 0.0169832 0.0146905 0.011817 0.0099384 0.00914555 0.0071104 0.00611555 0.0048884 0.00378245 0.00325725 0.0024139 0.0019291 0.00146955 0.00120695 0.0008888 0.00068175 0.00056055 0.00049995 0.0002424 0.00022725 0.00014645 8.08e-05 9.595e-05 8.08e-05 5.555e-05 2.525e-05 0.00010605 
0.0389709 0.0409656 0.0412636 0.0431876 0.043324 0.0444501 0.0455611 0.0461823 0.0449147 0.0449097 0.0437987 0.04444 0.0420564 0.0416423 0.0397637 0.0384911 0.0373145 0.0346885 0.0333401 0.0308909 0.0283154 0.0250076 0.0238259 0.0206798 0.0187406 0.0161954 0.0140188 0.0123372 0.0107969 0.0086456 0.00797395 0.0061307 0.0051207 0.0041612 0.003333 0.00267145 0.0022422 0.00154025 0.0012827 0.00120695 0.00075245 0.000606 0.00043935 0.00035855 0.0002424 0.00020705 0.000202 0.0001313 6.06e-05 6.565e-05 0.0002121 
0.036456 0.0371933 0.0388547 0.0400162 0.0413393 0.041814 0.0428341 0.0435664 0.0423645 0.0417231 0.0413141 0.0419958 0.0413393 0.0394203 0.0383245 0.03737 0.0364711 0.034845 0.0329159 0.0304111 0.0281487 0.0267751 0.0238663 0.0224018 0.0200081 0.0174124 0.0151854 0.0140542 0.0123624 0.0103929 0.00909 0.0076861 0.0063226 0.0050096 0.0044137 0.0036158 0.0030805 0.00232805 0.00169175 0.00135845 0.00125745 0.0008989 0.00073225 0.0006262 0.0004545 0.00029795 0.00028785 0.0001919 0.0001515 8.08e-05 0.00030805 
0.0336027 0.0350723 0.036759 0.0372741 0.0389052 0.0405162 0.0401223 0.03989 0.0398294 0.0405465 0.0401021 0.0393294 0.0388093 0.0378195 0.037062 0.0364863 0.0356884 0.0331331 0.0311181 0.0302293 0.028785 0.0261994 0.0246592 0.0233108 0.0203313 0.0188618 0.0165085 0.0150692 0.0136098 0.0116958 0.010297 0.0090092 0.0073225 0.006262 0.0055954 0.0044945 0.00399455 0.00290375 0.0024947 0.0019291 0.00160085 0.00132815 0.00104535 0.0007474 0.0005959 0.00056055 0.0003636 0.0003131 0.0002323 0.00012625 0.00052015 
0 0 0 0 0 0 0 0 0 0 0 0 0 0 0 0 0 0 0 0 0 0 0 0 0 0 0 0 0 0 0 0 0 0 0 0 0 0 0 0 0 0 0 0 0 0 0 0 0 0 0 
Per-collision Densities L:
2.26185 1.25002 0.689517 0.379295 0.210666 0.115771 0.0639128 0.0354409 0.0195688 0.0107919 0.00594385 0.0032623 0.0017877 0.00102515 0.0004848 0.00029795 0.0001616 6.565e-05 7.07e-05 1.01e-05 2.02e-05 2.02e-05 5.05e-06 0 1.01e-05 5.05e-06 0 0 0 0 0 0 0 0 0 0 0 0 0 0 0 0 0 0 0 0 0 0 0 0 0 
0.514247 0.915908 0.852253 0.663747 0.470731 0.318918 0.20801 0.133785 0.0830372 0.0508636 0.03131 0.0193213 0.0109585 0.00714575 0.00376225 0.0023735 0.00138875 0.00079285 0.0004141 0.00029795 0.00014645 8.08e-05 3.535e-05 3.535e-05 2.02e-05 2.525e-05 1.515e-05 1.01e-05 1.01e-05 0 0 0 0 0 0 0 0 0 0 0 0 0 0 0 0 0 0 0 0 0 0 
0.0888043 0.358242 0.543885 0.592385 0.537795 0.44392 0.342577 0.252349 0.179714 0.123336 0.0832038 0.0547067 0.0362843 0.0232199 0.0145743 0.00915565 0.00595395 0.003535 0.0020705 0.0012726 0.00089385 0.0004242 0.0003232 0.0001717 0.000101 7.575e-05 4.04e-05 1.515e-05 3.03e-05 0 0 1.515e-05 0 0 0 0 0 0 0 0 0 0 0 0 0 0 0 0 0 0 0 
0.0183164 0.110721 0.247283 0.365635 0.420751 0.420347 0.382204 0.323569 0.257419 0.198914 0.147202 0.106974 0.0759318 0.0522473 0.037163 0.0241592 0.0163772 0.0104889 0.00698415 0.0043329 0.00289365 0.00175235 0.0010807 0.00077265 0.00042925 0.00033835 0.00018685 7.575e-05 7.07e-05 4.545e-05 2.525e-05 2.02e-05 1.01e-05 0 5.05e-06 0 0 0 0 0 0 0 0 0 0 0 0 0 0 0 0 
0.0078477 0.0390567 0.101611 0.18433 0.261105 0.30961 0.327821 0.315524 0.28528 0.243713 0.199581 0.158843 0.121331 0.0917939 0.0666247 0.0482679 0.0337138 0.0241087 0.0166953 0.0110747 0.00753965 0.004848 0.0035249 0.0021311 0.00141905 0.00088375 0.0005757 0.00028785 0.0002121 0.0001515 8.585e-05 7.575e-05 1.515e-05 3.535e-05 2.525e-05 1.515e-05 5.05e-06 5.05e-06 0 0 0 0 0 0 0 0 0 0 0 0 0 
0.00627715 0.0215534 0.0478791 0.0904758 0.14444 0.195268 0.233563 0.258065 0.259747 0.244551 0.220448 0.189355 0.157393 0.126669 0.100126 0.0765732 0.058075 0.0430311 0.0312797 0.0223261 0.0155641 0.0109636 0.00747905 0.00549945 0.00352995 0.00249975 0.0016059 0.00107565 0.000606 0.00048985 0.0002929 0.0001616 0.0001111 5.555e-05 4.545e-05 2.02e-05 1.515e-05 2.02e-05 2.02e-05 5.05e-06 0 0 0 0 0 0 0 0 0 0 0 
0.0052823 0.0165388 0.030401 0.0513939 0.0822494 0.11612 0.153066 0.186345 0.204576 0.212524 0.20852 0.193481 0.171867 0.150682 0.127311 0.103146 0.0815828 0.0641502 0.0502475 0.0376175 0.0275882 0.0202808 0.0143774 0.0106303 0.007676 0.0052621 0.0035956 0.00246945 0.00167155 0.00108575 0.0007272 0.00051005 0.00032825 0.0002525 0.00013635 7.575e-05 5.555e-05 3.535e-05 1.515e-05 1.01e-05 0 1.515e-05 0 0 0 0 5.05e-06 0 0 0 0 
0.00493385 0.0139683 0.0243259 0.0360823 0.0527372 0.073831 0.0984296 0.126669 0.149157 0.164978 0.173533 0.175417 0.167574 0.155939 0.139309 0.120983 0.102409 0.0839411 0.0685942 0.0537118 0.0423746 0.0323049 0.0249369 0.0180992 0.013731 0.0098273 0.0072518 0.00475205 0.0036865 0.0024038 0.00167155 0.0012019 0.0007474 0.0005656 0.00038885 0.0002323 0.0002323 0.0001212 5.555e-05 4.545e-05 4.04e-05 1.01e-05 1.01e-05 5.05e-06 1.01e-05 0 0 0 0 5.05e-06 0 
0.00433795 0.0123826 0.0208212 0.0291537 0.038986 0.0526008 0.0682558 0.0860318 0.106505 0.122569 0.137512 0.145455 0.14895 0.144465 0.137375 0.125836 0.113898 0.0986669 0.0835371 0.0696698 0.0563732 0.04595 0.0360368 0.0277296 0.021816 0.0163772 0.0118221 0.00886275 0.0063933 0.0046763 0.0034441 0.00239875 0.0017473 0.00104535 0.00078275 0.00054035 0.0003434 0.0003131 0.00026765 0.00014645 4.04e-05 6.06e-05 3.03e-05 5.05e-06 1.515e-05 1.515e-05 0 5.05e-06 0 5.05e-06 5.05e-06 
0.0036158 0.0109888 0.0183416 0.0257904 0.0327745 0.0410313 0.0520302 0.0633068 0.0762449 0.0919858 0.10557 0.115549 0.122735 0.125765 0.125558 0.120427 0.11309 0.10406 0.0946421 0.0810121 0.0683518 0.0558631 0.0475054 0.038077 0.0308101 0.0243208 0.0188315 0.0143774 0.0110646 0.00796385 0.00553985 0.0042925 0.0030805 0.00223715 0.00156045 0.00103525 0.00091405 0.0005151 0.00045955 0.00029795 0.0001919 9.09e-05 0.00011615 5.555e-05 2.02e-05 3.03e-05 1.01e-05 1.515e-05 5.05e-06 1.01e-05 1.515e-05 
0.00331785 0.0100344 0.0167105 0.0226846 0.0283558 0.0350167 0.0425513 0.0517221 0.0590497 0.0702051 0.0801536 0.0897941 0.0991719 0.105762 0.107403 0.108767 0.106282 0.102081 0.0944249 0.0855773 0.0775125 0.0659278 0.0568327 0.0471771 0.0394809 0.0324362 0.0262802 0.0204626 0.0163166 0.0127765 0.00914555 0.0073831 0.00505505 0.0036663 0.00297445 0.00201495 0.001616 0.0012019 0.0006868 0.00070195 0.0004141 0.0002828 0.0001515 0.0001212 0.000101 4.545e-05 3.535e-05 5.05e-05 3.03e-05 1.01e-05 2.02e-05 
0.00307545 0.00884255 0.0151753 0.0206848 0.0255025 0.031512 0.0373145 0.0419049 0.0498334 0.0574842 0.0650137 0.0708263 0.078674 0.0863954 0.0919454 0.0928544 0.0952885 0.0937482 0.090693 0.085446 0.0776892 0.0713515 0.0632917 0.0546259 0.0470711 0.0401475 0.0329513 0.0276387 0.0220483 0.0184578 0.0134734 0.0107161 0.0081709 0.0061206 0.00462075 0.0035451 0.0025351 0.00197455 0.00137865 0.0011211 0.00082315 0.0005252 0.00035855 0.00022725 0.00022725 0.00012625 7.575e-05 6.06e-05 5.555e-05 2.02e-05 7.575e-05 
0.0025553 0.0078982 0.0137815 0.0189931 0.0235381 0.0276942 0.0329866 0.0381831 0.042819 0.0483689 0.0552117 0.058878 0.0660086 0.0699021 0.076053 0.0797193 0.0826534 0.0832341 0.0829008 0.0815272 0.076149 0.072311 0.0655036 0.0593779 0.0526261 0.0460712 0.0395617 0.032926 0.0282245 0.0235128 0.0189123 0.0146854 0.0118928 0.0093829 0.00716595 0.00548935 0.00415615 0.0032118 0.002424 0.00168165 0.00134835 0.00111605 0.0006969 0.0004747 0.0003838 0.00025755 0.00018685 0.00011615 9.09e-05 9.09e-05 0.00016665 
0.00234825 0.00714575 0.0121251 0.0170943 0.0216494 0.0255227 0.0296435 0.0343148 0.0383649 0.0414858 0.0469196 0.0524392 0.0557369 0.0601152 0.0649178 0.0674125 0.0716949 0.0722554 0.074129 0.0742855 0.0719726 0.0689578 0.0648117 0.0608121 0.0557975 0.0500506 0.0438896 0.0378346 0.0330826 0.0284719 0.023427 0.0197354 0.0155692 0.0129684 0.0101404 0.008181 0.0063226 0.00458035 0.0036966 0.00286335 0.0021513 0.0017877 0.0012322 0.00087365 0.00064135 0.0004444 0.0002727 0.00031815 0.0001717 0.00010605 0.0003636 
0.002323 0.0065751 0.0110949 0.0146753 0.019493 0.0233765 0.0274165 0.0316787 0.0336936 0.0386881 0.0410767 0.0451773 0.0487679 0.053126 0.0546713 0.0591153 0.0618625 0.0639583 0.0653016 0.0667408 0.0657914 0.0645794 0.0620797 0.0593325 0.0563378 0.0511161 0.0465156 0.0409959 0.0369054 0.0324816 0.0275882 0.0241037 0.0192203 0.0167155 0.0134987 0.0107616 0.00885265 0.0072619 0.0054338 0.0042723 0.00326735 0.00263105 0.0020099 0.00159075 0.0010605 0.0007373 0.0005555 0.0004242 0.00029795 0.0002323 0.00062115 
0.0019897 0.00602465 0.0100243 0.0137007 0.017973 0.0211292 0.0250026 0.0287699 0.0321786 0.0348299 0.037774 0.0411424 0.0431826 0.0465307 0.0486517 0.0514191 0.0545249 0.0552723 0.0581912 0.0598981 0.0596961 0.0590699 0.0587618 0.0566055 0.0543027 0.0507879 0.0473488 0.0434704 0.0397031 0.0347945 0.0312898 0.0271236 0.0237451 0.0199021 0.016564 0.0144733 0.0111201 0.00930715 0.00736795 0.0061307 0.004949 0.00366125 0.0027068 0.0025351 0.00173215 0.00133825 0.00103525 0.0006868 0.00045955 0.00043935 0.0011211 
0.00191395 0.00561055 0.00926675 0.012923 0.016761 0.0198465 0.0227907 0.0267499 0.0294011 0.0317039 0.0354157 0.0371377 0.0396627 0.0420968 0.0444198 0.0461823 0.0479094 0.0501061 0.0513535 0.0530705 0.054338 0.0541562 0.0537118 0.0525806 0.0512424 0.0487477 0.0462479 0.0442279 0.0406374 0.0364156 0.0338855 0.0291486 0.0275579 0.0225028 0.0193567 0.0169579 0.0143218 0.0116756 0.0101404 0.0079992 0.00654985 0.00518635 0.00394405 0.0032219 0.00261085 0.0019392 0.0015756 0.00122715 0.00088375 0.0006767 0.00188365 
0.0016968 0.0051813 0.00841835 0.0121453 0.0146753 0.0181144 0.0213615 0.0246642 0.0269771 0.0298203 0.031916 0.0349511 0.0366226 0.0386578 0.0410515 0.0425311 0.0433896 0.0448592 0.0464196 0.048076 0.0484497 0.0497122 0.0491517 0.0491971 0.0476821 0.0466671 0.0448996 0.042819 0.0406222 0.0369307 0.034441 0.0315322 0.0293102 0.0253561 0.0224271 0.0191446 0.0169781 0.0140542 0.0120746 0.00999395 0.0082517 0.0069084 0.00550955 0.0044541 0.0036259 0.0027068 0.00245935 0.0017473 0.00128775 0.0010706 0.00319665 
0.0016564 0.00486315 0.0079184 0.0110646 0.0141703 0.0162206 0.0196243 0.0222806 0.0249824 0.0274417 0.029088 0.0326887 0.0343299 0.0367337 0.0375165 0.0391527 0.0401778 0.0416221 0.0426271 0.0432482 0.0448238 0.0446622 0.0457379 0.0450915 0.044637 0.0441219 0.0426523 0.0414454 0.0387537 0.0379912 0.0345925 0.0330573 0.02979 0.0274417 0.0247198 0.0211292 0.0194577 0.0163671 0.0139986 0.012322 0.0100192 0.00871125 0.0071205 0.0059186 0.0047874 0.0038279 0.00303 0.0024442 0.00191395 0.0015049 0.0051308 
0 0 0 0 0 0 0 0 0 0 0 0 0 0 0 0 0 0 0 0 0 0 0 0 0 0 0 0 0 0 0 0 0 0 0 0 0 0 0 0 0 0 0 0 0 0 0 0 0 0 0 
