Half rod, albedo problem, Anisotropic scattering, exponential random flight, mu_t: 3 g: -0.1
Analogmu_t c: 0.98 maxx: 10 dx: 0.19802 numsamples: 1000000 numCollisionOrders: 20 numMoments: 10
total albedo: 0.761474
per-collision order albedos: 
0 0.268504 0.119248 0.071611 0.049348 0.035944 0.027357 0.021841 0.017844 0.014851 0.012467 0.010833 0.009489 0.008292 0.007138 0.006388 0.005821 0.005059 0.004639 0.004197 
Collision density L:
2.18611 2.00154 1.83884 1.68122 1.53727 1.41258 1.2904 1.18101 1.08199 0.984604 0.901738 0.827508 0.760262 0.698688 0.636967 0.583467 0.536047 0.489663 0.446577 0.410515 0.377801 0.348516 0.317049 0.291648 0.267236 0.242137 0.22217 0.20405 0.186916 0.1722 0.157772 0.144864 0.131689 0.122695 0.110605 0.101278 0.0918141 0.0841633 0.0783003 0.071306 0.0651349 0.0602314 0.0551157 0.0499193 0.0462025 0.0426018 0.0386123 0.0341784 0.0331129 0.0290779 0.315812 
Collision density R:
2.86873 2.63229 2.40564 2.2065 2.02009 1.85356 1.6962 1.5514 1.42555 1.29871 1.1869 1.08563 0.996794 0.917883 0.836578 0.76761 0.701814 0.644643 0.585245 0.540744 0.494536 0.453778 0.413842 0.381118 0.348687 0.319933 0.290668 0.267054 0.246349 0.225018 0.204788 0.189638 0.172947 0.157823 0.145304 0.134244 0.121144 0.110878 0.101717 0.0943391 0.0865924 0.0792295 0.0720837 0.0661298 0.0597112 0.0544996 0.0508232 0.0467883 0.0425412 0.0389911 0.413933 
Density Moments:
11.8988 26.7902 120.291 804.456 7090.44 76840.5 977611 1.4116e+07 2.25415e+08 3.9018e+09 
Per-collision Density Moments:
1 0.333908 0.223003 0.223313 0.297934 0.496413 0.992103 2.31394 6.16944 18.4691 
0.711318 0.384042 0.353965 0.45186 0.732538 1.43548 3.29042 8.60962 25.2084 81.1799 
0.577723 0.410562 0.462343 0.694768 1.29584 2.87611 7.37904 21.3992 68.8473 241.79 
0.494659 0.423042 0.55117 0.936104 1.94153 4.73464 13.2253 41.4647 143.428 539.044 
0.435453 0.428611 0.626551 1.17566 2.66322 7.02829 21.0833 70.5318 258.944 1028.63 
0.390655 0.430902 0.693571 1.41846 3.47545 9.85981 31.654 113.073 443.532 1889.95 
0.355571 0.430458 0.750329 1.64872 4.31531 13.0204 44.3108 167.421 693.855 3123.97 
0.326504 0.42855 0.800992 1.87485 5.20202 16.5708 59.3058 234.683 1013.97 4734.06 
0.302131 0.425348 0.845708 2.09458 6.12251 20.463 76.5249 315.013 1408.72 6768.6 
0.28124 0.421397 0.885947 2.30959 7.07668 24.6972 96.0917 410.17 1896.2 9392.21 
0.263068 0.416539 0.920813 2.51636 8.06208 29.3571 119.009 529.275 2555.57 13300.5 
0.247021 0.411476 0.952116 2.71667 9.07196 34.3843 144.914 669.391 3355.11 18131.8 
0.232592 0.406036 0.980145 2.90826 10.0785 39.6018 173.04 829.551 4322.95 24343.5 
0.219709 0.400646 1.00612 3.09683 11.1071 45.0793 203.101 1002.47 5372.5 31089.9 
0.208034 0.394872 1.02913 3.28164 12.1771 51.0895 237.91 1214.43 6738.69 40426 
0.197592 0.388791 1.04757 3.44799 13.1894 56.9755 272.761 1427.98 8093.2 49251.5 
0.187858 0.382819 1.06596 3.62147 14.2858 63.5833 313.28 1685.08 9785.72 60777.6 
0.179059 0.376956 1.08227 3.78484 15.338 69.9557 352.08 1926.75 11330.5 70896.3 
0.170881 0.370676 1.09407 3.92657 16.3041 76.0675 390.953 2181.13 13055.2 83023.9 
0 0 0 0 0 0 0 0 0 0 
Per-collision Densities L:
0 0 0 0 0 0 0 0 0 0 0 0 0 0 0 0 0 0 0 0 0 0 0 0 0 0 0 0 0 0 0 0 0 0 0 0 0 0 0 0 0 0 0 0 0 0 0 0 0 0 0 
0.610192 0.338269 0.186628 0.102757 0.056459 0.0315272 0.0171246 0.00943845 0.0053227 0.0029391 0.0014746 0.00089385 0.00048985 0.00023735 0.00015655 8.585e-05 6.06e-05 2.02e-05 5.05e-06 5.05e-06 5.05e-06 0 5.05e-06 0 0 0 0 0 0 0 0 0 0 0 0 0 0 0 0 0 0 0 0 0 0 0 0 0 0 0 0 
0.339885 0.2757 0.201227 0.138456 0.0904556 0.0586002 0.0375266 0.0227452 0.014241 0.0084638 0.0051409 0.0030502 0.0019089 0.0010706 0.000606 0.00032825 0.00019695 0.0001111 7.575e-05 3.03e-05 3.03e-05 1.01e-05 1.01e-05 1.515e-05 5.05e-06 0 0 0 0 0 0 0 0 0 0 0 0 0 0 0 0 0 0 0 0 0 0 0 0 0 0 
0.224715 0.215893 0.180184 0.141733 0.104045 0.0762752 0.0524796 0.0350167 0.0234421 0.0153167 0.00985255 0.00629735 0.00396425 0.0024341 0.00148975 0.00096455 0.00052015 0.000404 0.000202 0.0001414 5.05e-05 3.535e-05 3.535e-05 2.525e-05 0 1.01e-05 5.05e-06 0 0 0 0 0 0 0 0 0 0 0 0 0 0 0 0 0 0 0 0 0 0 0 0 
0.158893 0.162504 0.153076 0.128533 0.104742 0.082416 0.0603374 0.0439249 0.0312393 0.0216948 0.0150945 0.00977175 0.0064135 0.0043228 0.00295425 0.0018887 0.00115645 0.0007272 0.000505 0.0003838 0.00016665 9.09e-05 6.565e-05 6.06e-05 4.04e-05 1.01e-05 2.02e-05 1.01e-05 5.05e-06 0 0 0 0 0 0 0 0 0 0 0 0 0 0 0 0 0 0 0 0 0 0 
0.117256 0.128093 0.126523 0.114312 0.0984649 0.0819009 0.0636704 0.0493537 0.0373953 0.026967 0.0190789 0.0139128 0.00978185 0.00660035 0.0046056 0.00296435 0.00187355 0.00134835 0.00091405 0.0005656 0.0003737 0.00026765 0.00016665 0.00010605 7.575e-05 5.555e-05 3.03e-05 5.05e-06 1.515e-05 0 5.05e-06 0 0 0 0 0 0 0 0 0 0 0 0 0 0 0 0 0 0 0 0 
0.0908849 0.102106 0.105323 0.0995507 0.0904809 0.0775377 0.0642057 0.0517676 0.0412282 0.0309212 0.0234825 0.017367 0.0125038 0.0089991 0.0061812 0.00439855 0.0030906 0.00208565 0.0014342 0.0009393 0.00051005 0.00048985 0.0002929 0.0001818 0.00014645 9.595e-05 6.06e-05 2.525e-05 0 1.515e-05 1.01e-05 5.05e-06 0 0 0 0 0 0 0 0 0 0 0 0 0 0 0 0 0 0 0 
0.0733109 0.0829513 0.0878751 0.087365 0.0817393 0.0721544 0.0619837 0.0520251 0.0416575 0.0328452 0.0261338 0.0196092 0.0146955 0.0110595 0.0078275 0.00576205 0.0041107 0.0028078 0.00182305 0.0012322 0.00094435 0.00066155 0.00043935 0.00029795 0.0001717 0.00015655 7.575e-05 8.585e-05 1.515e-05 4.545e-05 5.05e-06 1.515e-05 5.05e-06 0 0 1.01e-05 0 0 0 0 0 0 0 0 0 0 0 0 0 0 0 
0.0602768 0.0693365 0.0757601 0.0756238 0.0722504 0.0668519 0.0599233 0.0507778 0.0426422 0.0342794 0.027972 0.0222402 0.0166095 0.0127361 0.00950915 0.00720635 0.00546915 0.00378245 0.00286335 0.0017675 0.0013332 0.0009595 0.00073225 0.0004545 0.00027775 0.0001919 0.00017675 8.585e-05 8.08e-05 2.02e-05 2.02e-05 3.03e-05 3.535e-05 0 1.01e-05 0 0 0 0 0 0 5.05e-06 0 0 0 0 0 0 0 0 0 
0.0496516 0.0596961 0.0650289 0.0655238 0.065544 0.0614383 0.0554793 0.049793 0.041713 0.0344713 0.0293001 0.0234775 0.0185739 0.0142865 0.011312 0.0085446 0.0063024 0.00427735 0.0033734 0.0025553 0.00193415 0.0013736 0.0010504 0.00059085 0.00044945 0.0002828 0.00023735 0.00014645 6.06e-05 6.06e-05 3.535e-05 5.05e-05 2.02e-05 1.515e-05 0 5.05e-06 5.05e-06 0 0 0 0 0 0 0 0 0 0 0 0 0 0 
0.0423897 0.0501718 0.0559389 0.0588729 0.0581205 0.0548228 0.0528483 0.0463742 0.041203 0.034739 0.0293304 0.0245228 0.0202051 0.0157712 0.0128523 0.0099081 0.0072619 0.0056257 0.00403495 0.0031512 0.00224725 0.0016463 0.00117665 0.00099485 0.00058075 0.00047975 0.0002525 0.0002222 0.00013635 0.00013635 7.07e-05 3.03e-05 5.555e-05 2.02e-05 1.515e-05 5.05e-06 0 0 0 0 0 0 0 0 0 0 0 0 0 0 0 
0.0360116 0.0434856 0.0494799 0.0514292 0.0518029 0.0513838 0.0475912 0.044238 0.0402334 0.0342491 0.0291284 0.0244976 0.0204374 0.0170236 0.0131906 0.0109333 0.0081507 0.0064943 0.00499445 0.00374205 0.00272195 0.00217655 0.0016766 0.0011817 0.00080295 0.00061105 0.0004343 0.00034845 0.0002121 0.00010605 6.06e-05 7.07e-05 6.06e-05 3.535e-05 2.525e-05 2.525e-05 5.05e-06 5.05e-06 5.05e-06 0 0 0 0 0 0 0 0 0 0 0 0 
0.0322897 0.0376781 0.043733 0.0462075 0.0464196 0.0459298 0.0438391 0.0410868 0.0369155 0.0341027 0.0282952 0.0249622 0.0213716 0.0176144 0.0140744 0.0115342 0.00894355 0.0072518 0.0060095 0.00414605 0.0032926 0.0024442 0.0018685 0.0015049 0.00099485 0.00080295 0.00062115 0.00035855 0.000303 0.00014645 0.00018685 9.595e-05 6.565e-05 5.555e-05 4.04e-05 2.02e-05 1.515e-05 1.01e-05 5.05e-06 0 0 5.05e-06 0 0 0 0 0 0 0 0 0 
0.0279366 0.033633 0.038481 0.0410313 0.0417837 0.0411828 0.0403293 0.0381831 0.0352642 0.0318403 0.0291234 0.0248208 0.0214777 0.0177558 0.0146854 0.0122766 0.00997375 0.0078679 0.00632765 0.00518635 0.00395415 0.0029391 0.00220685 0.00185335 0.0013938 0.0009797 0.0005858 0.00054035 0.00042925 0.0002525 0.00023735 0.0001919 6.565e-05 8.08e-05 7.575e-05 3.535e-05 2.525e-05 5.05e-06 1.01e-05 5.05e-06 5.05e-06 5.05e-06 0 5.05e-06 0 0 0 0 0 0 0 
0.024745 0.0294466 0.0341784 0.0366681 0.0379659 0.0384709 0.0378094 0.0361732 0.0338603 0.0302394 0.0270983 0.0236542 0.0214019 0.0183063 0.0153167 0.0124786 0.0105343 0.00851935 0.00674175 0.005656 0.0039087 0.00338855 0.00266135 0.0019796 0.0015049 0.00114635 0.0009797 0.000606 0.00053025 0.00034845 0.00026765 0.0001414 0.00017675 6.565e-05 8.08e-05 6.06e-05 1.01e-05 1.515e-05 2.02e-05 3.03e-05 0 0 0 0 0 0 0 0 0 0 0 
0.0220483 0.0267802 0.0303606 0.0329462 0.034441 0.035345 0.0350571 0.0331129 0.0320473 0.029588 0.02676 0.0238916 0.0211242 0.0185285 0.0158671 0.0130593 0.0110999 0.00855975 0.0072215 0.0060297 0.00501465 0.00382285 0.00290375 0.00233815 0.0018079 0.0013534 0.00100495 0.00091405 0.0005555 0.00054035 0.0002626 0.00023735 0.00015655 0.0001515 4.545e-05 8.585e-05 2.525e-05 4.04e-05 3.03e-05 2.02e-05 5.05e-06 2.525e-05 1.01e-05 0 0 5.05e-06 0 0 0 0 5.05e-06 
0.0196193 0.0242047 0.0274316 0.0298809 0.0316332 0.0322796 0.0314464 0.0317241 0.0298304 0.0277144 0.0258055 0.0231896 0.0207202 0.0178417 0.015554 0.0131805 0.0114736 0.0095445 0.00758005 0.00648925 0.005353 0.00413595 0.003333 0.0027472 0.00191395 0.0015655 0.00104535 0.0009696 0.0006666 0.0005353 0.0003838 0.0003131 0.0002222 0.0001313 8.08e-05 6.06e-05 6.06e-05 3.535e-05 3.535e-05 3.535e-05 1.01e-05 0 1.515e-05 1.515e-05 0 5.05e-06 0 5.05e-06 0 0 0 
0.017069 0.0220029 0.0254369 0.0273104 0.0284012 0.0296385 0.0307141 0.0291486 0.0281033 0.0260126 0.0246794 0.0220231 0.0202051 0.0179578 0.0152561 0.0136148 0.0113676 0.0093728 0.00780225 0.0067973 0.0054035 0.00450965 0.0037875 0.0029492 0.0023129 0.00174225 0.0012726 0.0010706 0.00090395 0.0005252 0.00047975 0.00037875 0.00023735 0.0001717 0.0001616 0.0001313 0.00010605 4.04e-05 8.585e-05 4.04e-05 5.05e-05 3.03e-05 2.02e-05 1.01e-05 1.01e-05 1.01e-05 0 0 0 0 0 
0.0159479 0.0198061 0.022316 0.0244168 0.0256995 0.0281184 0.0272801 0.0270175 0.0263762 0.0256793 0.0228967 0.0210434 0.0199728 0.0176599 0.0153217 0.0130846 0.0118574 0.0100495 0.00832745 0.0069993 0.0058075 0.0050096 0.00381275 0.0030704 0.0025553 0.0020705 0.0013938 0.00132815 0.0010302 0.00083325 0.0005252 0.0004141 0.0003232 0.00022725 0.00021715 0.0001616 8.585e-05 0.00011615 4.545e-05 6.06e-05 2.525e-05 1.01e-05 1.515e-05 1.515e-05 1.515e-05 5.05e-06 0 0 0 0 5.05e-06 
0 0 0 0 0 0 0 0 0 0 0 0 0 0 0 0 0 0 0 0 0 0 0 0 0 0 0 0 0 0 0 0 0 0 0 0 0 0 0 0 0 0 0 0 0 0 0 0 0 0 0 
Per-collision Densities L:
2.25817 1.25111 0.687421 0.382583 0.209792 0.116902 0.064332 0.0355672 0.0198162 0.011004 0.00573175 0.003434 0.00197455 0.0009696 0.0005454 0.0002424 0.0001818 0.0001212 5.05e-05 5.05e-06 2.02e-05 5.05e-06 0 1.01e-05 5.05e-06 0 0 0 0 0 0 0 0 0 0 0 0 0 0 0 0 0 0 0 0 0 0 0 0 0 0 
0.266827 0.475932 0.444137 0.343733 0.244127 0.16512 0.107999 0.0693214 0.0430109 0.0270781 0.0163923 0.0098071 0.0059489 0.0035855 0.00213615 0.00116655 0.000707 0.0004242 0.0002424 0.00016665 0.000101 3.535e-05 2.525e-05 1.01e-05 1.01e-05 1.01e-05 5.05e-06 0 0 0 0 0 0 0 0 0 0 0 0 0 0 0 0 0 0 0 0 0 0 0 0 
0.110635 0.25046 0.289188 0.271776 0.223629 0.17325 0.128422 0.0900365 0.0622716 0.0410515 0.0274771 0.0180235 0.0113928 0.0076053 0.0047369 0.00285325 0.00183315 0.0010403 0.0007777 0.000505 0.00030805 0.0001111 7.575e-05 5.05e-05 5.05e-05 2.525e-05 1.515e-05 5.05e-06 5.05e-06 0 0 0 0 0 0 0 0 0 0 0 0 0 0 0 0 0 0 0 0 0 0 
0.0551359 0.143405 0.189809 0.200541 0.18533 0.159524 0.129017 0.0980811 0.0748057 0.0520403 0.0371529 0.0256237 0.0174629 0.0118877 0.007979 0.00540855 0.00338855 0.00217655 0.00128775 0.0009292 0.0005353 0.00031815 0.0002525 0.00011615 0.00013635 7.07e-05 2.525e-05 3.535e-05 1.515e-05 0 5.05e-06 0 0 0 0 0 0 0 0 0 0 0 0 0 0 0 0 0 0 0 0 
0.0341885 0.0934301 0.13335 0.150626 0.150828 0.138557 0.119483 0.0980407 0.0785023 0.0600243 0.0441118 0.0323604 0.0233209 0.0165539 0.0111403 0.00805475 0.00517625 0.00346935 0.0023028 0.00159075 0.0009696 0.00067165 0.00049995 0.00026765 0.00014645 0.0001111 9.595e-05 3.03e-05 5.05e-05 2.525e-05 0 1.01e-05 0 0 0 0 0 0 0 0 0 0 0 0 0 0 0 0 0 0 0 
0.0234724 0.0645794 0.0981114 0.116281 0.123028 0.117514 0.106989 0.092309 0.0773206 0.0627261 0.0496971 0.0368953 0.0276488 0.020599 0.0146905 0.0104788 0.00765075 0.00527725 0.00349965 0.0024543 0.00169175 0.0009999 0.0007676 0.0005252 0.0003737 0.0001919 0.00010605 0.00011615 5.05e-05 2.02e-05 2.525e-05 5.05e-06 1.01e-05 5.05e-06 0 1.01e-05 5.05e-06 0 0 0 0 0 0 0 0 0 0 0 0 0 0 
0.0173266 0.0490052 0.0747501 0.0916828 0.101369 0.100611 0.0951067 0.0857945 0.073932 0.0615393 0.050192 0.0404808 0.0305121 0.023634 0.0179679 0.0131805 0.0093627 0.00701445 0.00482275 0.0036158 0.0022422 0.0016766 0.0011615 0.0007676 0.00051005 0.00036865 0.0002121 0.00014645 0.0001212 9.595e-05 3.535e-05 2.525e-05 2.525e-05 1.01e-05 0 5.05e-06 5.05e-06 0 0 0 5.05e-06 0 0 0 0 0 0 0 0 0 0 
0.0130896 0.0373094 0.0590598 0.0736341 0.0826736 0.0872741 0.0839815 0.0790982 0.0706041 0.0602162 0.0501667 0.0423746 0.033835 0.025755 0.0204828 0.0153672 0.0114686 0.00859005 0.0064438 0.0046864 0.0032118 0.0023432 0.00164125 0.0012322 0.00072215 0.0005656 0.0004242 0.00021715 0.00015655 0.00012625 3.535e-05 4.04e-05 7.07e-05 2.02e-05 2.02e-05 5.05e-06 0 0 0 0 0 5.05e-06 0 0 0 0 0 0 0 0 0 
0.0103929 0.0298708 0.0472579 0.0604384 0.0695284 0.0743764 0.0734068 0.0713717 0.0646148 0.0575448 0.049384 0.0424099 0.0348046 0.0281033 0.0214878 0.017372 0.0134229 0.0102616 0.0074033 0.0056459 0.0041511 0.0028179 0.0021412 0.00158065 0.0012221 0.00078275 0.0005959 0.00032825 0.00019695 0.000202 0.00012625 7.07e-05 6.06e-05 5.555e-05 5.05e-06 2.02e-05 1.515e-05 0 0 0 0 0 0 0 0 0 0 0 0 0 0 
0.0086052 0.0243511 0.0395567 0.0506919 0.059181 0.0628826 0.0646703 0.0630846 0.0596506 0.0551258 0.0477175 0.041001 0.0348097 0.0292648 0.0232401 0.0187759 0.0150288 0.0119029 0.0088779 0.0068377 0.0049591 0.003737 0.00259065 0.00202 0.0014342 0.0011009 0.0008282 0.0004949 0.00037875 0.0002929 0.0001313 0.0001313 8.08e-05 6.565e-05 3.535e-05 2.02e-05 3.03e-05 5.05e-06 5.05e-06 0 0 5.05e-06 0 0 0 0 0 0 0 0 0 
0.00717605 0.0212454 0.0331381 0.0429907 0.0506616 0.0560601 0.0569842 0.0572872 0.0545905 0.0503283 0.0451016 0.0399203 0.0346077 0.0287951 0.023937 0.0196496 0.01616 0.0126402 0.0101354 0.0077164 0.0059691 0.00469145 0.00346935 0.00242905 0.00167155 0.00145945 0.00107565 0.00076255 0.0005555 0.0003434 0.00022725 0.0001313 0.0001212 7.07e-05 7.07e-05 5.05e-06 6.565e-05 1.515e-05 0 1.01e-05 5.05e-06 0 0 0 0 0 0 0 5.05e-06 0 0 
0.0057772 0.0178669 0.0279669 0.0380518 0.0441067 0.0484346 0.0511969 0.0516464 0.0496971 0.0464903 0.0426119 0.0388497 0.0338956 0.0294819 0.0245582 0.0204525 0.0166802 0.0138724 0.0109333 0.0084941 0.00664075 0.0052318 0.00397435 0.00290375 0.0022018 0.0018079 0.0012423 0.00098475 0.0006161 0.0005353 0.00039895 0.00017675 0.000202 0.00014645 0.0001515 4.545e-05 3.535e-05 5.05e-06 5.05e-06 1.01e-05 0 5.05e-06 5.05e-06 0 0 0 0 0 0 0 5.05e-06 
0.0050702 0.0146097 0.0238057 0.0319312 0.0394254 0.0433896 0.0453591 0.0459904 0.0459298 0.0437583 0.0405111 0.0370771 0.033022 0.0287901 0.0248965 0.0208111 0.0177508 0.0145137 0.0115595 0.00933745 0.0073124 0.00593375 0.00459045 0.0035754 0.00265125 0.00206545 0.0014544 0.00124735 0.00078275 0.0006262 0.0004646 0.0002828 0.0002323 0.00017675 0.00011615 0.0001212 8.08e-05 1.515e-05 4.04e-05 1.515e-05 5.05e-06 0 5.05e-06 5.05e-06 5.05e-06 0 0 0 0 0 5.05e-06 
0.0046864 0.0126654 0.0203515 0.0293759 0.0334411 0.0379558 0.0411575 0.0418292 0.0424352 0.040905 0.0379407 0.0349208 0.0313555 0.0289264 0.0243966 0.0212959 0.0179528 0.014544 0.0120342 0.0104535 0.0082921 0.006464 0.00470155 0.00412585 0.00299465 0.00219675 0.0018988 0.00146955 0.0009999 0.00074235 0.00058075 0.00039895 0.00028785 0.00019695 0.00013635 8.585e-05 0.00012625 3.03e-05 5.05e-05 4.04e-05 2.525e-05 5.05e-06 5.05e-06 0 5.05e-06 0 0 0 0 0 5.05e-06 
0.00389355 0.0114686 0.0185537 0.0249369 0.0299364 0.0334664 0.0367741 0.0376528 0.0375417 0.0374407 0.0371074 0.03333 0.0303455 0.0277902 0.0239976 0.0208111 0.0186194 0.0150995 0.012822 0.0107313 0.008888 0.0072316 0.00583275 0.00451975 0.0034542 0.0025856 0.00211595 0.0016059 0.0012524 0.0009696 0.00072215 0.0004949 0.00040905 0.000303 0.00015655 0.00014645 0.00013635 4.04e-05 5.05e-05 3.535e-05 3.535e-05 2.02e-05 2.02e-05 5.05e-06 1.515e-05 5.05e-06 5.05e-06 5.05e-06 0 0 5.05e-06 
0.00345925 0.0101 0.0169175 0.0215938 0.027063 0.0305727 0.0326634 0.0342794 0.0346885 0.0347642 0.0333603 0.0314716 0.0288658 0.0269569 0.0233714 0.0204576 0.0177255 0.0153015 0.0129836 0.0110343 0.0092213 0.0078578 0.00597415 0.00500455 0.0039996 0.00303 0.0024442 0.0019897 0.00120695 0.00099485 0.00084335 0.00065145 0.0005151 0.00032825 0.00024745 0.0001919 0.0001212 9.595e-05 6.565e-05 6.06e-05 3.535e-05 4.04e-05 1.515e-05 1.01e-05 1.515e-05 1.01e-05 5.05e-06 0 5.05e-06 0 0 
0.0030199 0.0092213 0.0144178 0.0196597 0.0239724 0.0282295 0.0296839 0.0312696 0.0321837 0.0318504 0.0311787 0.0295678 0.0277346 0.0249268 0.023326 0.0206848 0.0181245 0.0153318 0.0131098 0.0111959 0.00935765 0.00779215 0.00671145 0.0057368 0.0044945 0.0031411 0.0026563 0.002121 0.00178265 0.00131805 0.00100495 0.00081305 0.00059085 0.00038885 0.00031815 0.0002424 0.00019695 0.0001414 7.07e-05 6.06e-05 8.08e-05 3.03e-05 6.06e-05 2.02e-05 2.02e-05 1.01e-05 1.01e-05 0 0 0 5.05e-06 
0.00280275 0.0082921 0.0134684 0.0175134 0.0213565 0.0248814 0.0271387 0.0283659 0.0297142 0.0301788 0.0285426 0.0272801 0.0260328 0.0248511 0.0225432 0.0200889 0.0180033 0.0159479 0.0134381 0.0115494 0.0098778 0.00846885 0.006868 0.0057873 0.00461065 0.003838 0.0028886 0.002323 0.0019392 0.00162105 0.0010908 0.00095445 0.00074235 0.00046965 0.00039895 0.0003131 0.0001414 0.00014645 0.00016665 6.565e-05 4.04e-05 5.05e-05 4.04e-05 2.525e-05 1.515e-05 1.01e-05 5.05e-06 0 0 0 5.05e-06 
0.00259065 0.0076053 0.0122008 0.0162408 0.0200334 0.0224271 0.0251389 0.0264166 0.0275276 0.02727 0.0271185 0.0260479 0.0245026 0.0235381 0.0214019 0.0196041 0.0178164 0.0158924 0.0131957 0.0116302 0.0098879 0.008181 0.00738815 0.00617615 0.00511565 0.0040198 0.0032825 0.00236845 0.00201495 0.00185335 0.0012019 0.00103525 0.0008484 0.00062115 0.0004545 0.0002727 0.0002424 0.0001919 0.0001212 0.00013635 6.565e-05 6.06e-05 6.565e-05 5.05e-05 1.515e-05 1.01e-05 5.05e-06 1.515e-05 0 0 0 
0 0 0 0 0 0 0 0 0 0 0 0 0 0 0 0 0 0 0 0 0 0 0 0 0 0 0 0 0 0 0 0 0 0 0 0 0 0 0 0 0 0 0 0 0 0 0 0 0 0 0 
