Half rod, albedo problem, Anisotropic scattering, exponential random flight, mu_t: 3 g: 0.9
Analogmu_t c: 0.7 maxx: 10 dx: 0.19802 numsamples: 10000000 numCollisionOrders: 20 numMoments: 10
total albedo: 0.052449
per-collision order albedos: 
0 0.0175356 0.0116362 0.0077238 0.0051658 0.0034726 0.0022886 0.0015283 0.0010187 0.0006904 0.0004548 0.0003069 0.0002094 0.000136 9.21e-05 6.43e-05 4.35e-05 2.58e-05 1.75e-05 1.26e-05 
Collision density L:
0.142551 0.117277 0.0957263 0.0786871 0.0649551 0.0533457 0.0436411 0.0358888 0.0291961 0.0238678 0.0196834 0.0161777 0.0131835 0.0108853 0.00880266 0.00737199 0.00597264 0.00494547 0.0040193 0.00327846 0.00270074 0.0022523 0.00178114 0.00154581 0.00124483 0.000936775 0.00079689 0.00064135 0.00058277 0.000468135 0.000347945 0.000303 0.000250985 0.00022523 0.00018382 0.000150995 0.000110595 9.9485e-05 7.878e-05 6.161e-05 4.2925e-05 4.3935e-05 3.1815e-05 3.0805e-05 2.525e-05 1.8685e-05 1.111e-05 1.414e-05 8.08e-06 7.07e-06 4.0905e-05 
Collision density R:
2.72205 2.23305 1.83144 1.50363 1.23189 1.01095 0.830206 0.680826 0.559464 0.458792 0.375762 0.308592 0.25265 0.207441 0.170324 0.140068 0.114798 0.0938391 0.0773402 0.0635118 0.0517297 0.0426422 0.0350627 0.0287188 0.0230886 0.0192127 0.0159247 0.0129644 0.0105823 0.00875872 0.0072715 0.00588628 0.00480558 0.00398344 0.0032517 0.00271741 0.00226089 0.00182457 0.00144986 0.00123877 0.000979195 0.00080699 0.00064842 0.0005252 0.00045955 0.000390365 0.00029391 0.00023331 0.00019897 0.000155035 0.00079588 
Density Moments:
3.15841 3.15948 6.32103 18.9699 75.901 379.36 2270.96 15798.1 124749 1.09669e+06 
Per-collision Density Moments:
1 0.333264 0.222084 0.221824 0.294879 0.488355 0.965214 2.20712 5.70027 16.3077 
0.682481 0.449159 0.447124 0.594631 0.989263 1.97631 4.61306 12.3501 37.4703 127.919 
0.466033 0.454093 0.599972 0.994917 1.98205 4.60531 12.2111 36.3271 119.595 430.699 
0.318459 0.408528 0.671579 1.33293 3.09309 8.20954 24.5223 81.4243 297.656 1188.86 
0.217795 0.344985 0.677642 1.56591 4.14779 12.3719 40.9985 149.325 592.425 2540.49 
0.149043 0.279747 0.63801 1.68089 5.00239 16.5674 60.3689 239.78 1029.95 4751.08 
0.101987 0.220639 0.572537 1.69373 5.59743 20.399 81.1781 349.929 1622.51 8040.89 
0.0699248 0.170661 0.495551 1.62397 5.89184 23.3901 100.734 467.354 2321.91 12287.4 
0.0479499 0.129982 0.417192 1.49994 5.92858 25.4837 118.202 587.965 3120 17579.5 
0.0328309 0.0977155 0.343106 1.34137 5.73155 26.4947 131.542 697.381 3928.35 23405.8 
0.0225237 0.0728944 0.277983 1.17542 5.40857 26.8141 142.246 803.038 4801.95 30288.4 
0.0154437 0.0538754 0.221409 1.00516 4.94579 26.1211 147.135 879.612 5559.2 37023.3 
0.0105941 0.0395976 0.174397 0.846233 4.43598 24.8794 148.353 935.953 6221.92 43421.9 
0.0072771 0.0289268 0.135683 0.699481 3.88319 22.9905 144.287 955.713 6658.2 48650.6 
0.005016 0.0211162 0.105005 0.572397 3.34964 20.8379 136.965 946.889 6859.39 51892.8 
0.003436 0.0152787 0.0803784 0.462872 2.85451 18.6588 128.444 926.649 6978.28 54660.9 
0.0023625 0.011034 0.0611183 0.370526 2.40274 16.489 118.961 897.883 7061.53 57666.3 
0.0016395 0.00801534 0.0465294 0.295542 2.00618 14.3969 108.508 854.859 7013.7 59742.5 
0.0011252 0.00571103 0.0345759 0.229125 1.62129 12.1104 94.8194 774.144 6562.63 57551.4 
0 0 0 0 0 0 0 0 0 0 
Per-collision Densities L:
0 0 0 0 0 0 0 0 0 0 0 0 0 0 0 0 0 0 0 0 0 0 0 0 0 0 0 0 0 0 0 0 0 0 0 0 0 0 0 0 0 0 0 0 0 0 0 0 0 0 0 
0.0395147 0.0216817 0.0119953 0.00658419 0.00375417 0.00205232 0.00114433 0.00060903 0.00034138 0.000191395 9.1405e-05 5.8075e-05 3.4845e-05 1.2625e-05 5.555e-06 4.545e-06 3.535e-06 4.04e-06 2.02e-06 0 0 5.05e-07 0 0 0 0 0 0 0 0 0 0 0 0 0 0 0 0 0 0 0 0 0 0 0 0 0 0 0 0 0 
0.0333628 0.0273261 0.0197369 0.0136471 0.00892739 0.00576761 0.00364206 0.00219675 0.00132209 0.000864055 0.000481265 0.00028684 0.000186345 0.000107565 5.454e-05 3.737e-05 2.222e-05 1.616e-05 6.565e-06 5.05e-06 1.515e-06 5.05e-07 5.05e-07 5.05e-07 0 0 0 0 0 0 0 0 0 0 0 0 0 0 0 0 0 0 0 0 0 0 0 0 0 0 0 
0.023081 0.0218463 0.0187436 0.0153298 0.0117716 0.00867136 0.00599688 0.00425008 0.00285224 0.00183719 0.0012014 0.000767095 0.000532775 0.0002929 0.00020301 0.000117665 7.878e-05 4.6965e-05 2.424e-05 2.0705e-05 1.111e-05 8.585e-06 3.535e-06 3.535e-06 0 1.01e-06 0 5.05e-07 5.05e-07 0 0 0 0 0 0 0 0 0 0 0 0 0 0 0 0 0 0 0 0 0 0 
0.0155409 0.0153404 0.0144066 0.0129664 0.0112726 0.00908748 0.00716343 0.00547218 0.00400162 0.002878 0.00204424 0.00144127 0.0009292 0.00064438 0.000427735 0.00028886 0.000178265 0.0001111 6.161e-05 4.5955e-05 3.1815e-05 1.5655e-05 1.111e-05 9.09e-06 5.05e-06 4.04e-06 1.01e-06 5.05e-07 1.01e-06 5.05e-07 0 0 0 0 0 0 0 0 0 0 0 0 0 0 0 0 0 0 0 0 0 
0.0103843 0.010253 0.0101157 0.00960813 0.0089183 0.00794214 0.00676902 0.00560146 0.00439552 0.00351228 0.00256591 0.00197152 0.00143016 0.00103071 0.00071003 0.0005252 0.00033835 0.000245935 0.00015352 0.000112615 6.6155e-05 4.242e-05 2.4745e-05 2.525e-05 1.4645e-05 1.1615e-05 2.02e-06 2.525e-06 1.515e-06 0 5.05e-07 5.05e-07 5.05e-07 0 5.05e-07 0 0 0 0 0 0 0 0 0 0 0 0 0 0 0 0 
0.00685841 0.00691345 0.00674478 0.00670792 0.0064736 0.00610899 0.0056358 0.00488285 0.00417383 0.00339815 0.00282699 0.00221443 0.00168569 0.00132209 0.000969095 0.00071609 0.000494395 0.00038683 0.000263105 0.000180285 0.000130795 9.494e-05 4.6965e-05 4.242e-05 2.828e-05 1.5655e-05 1.111e-05 5.05e-06 3.03e-06 2.525e-06 3.03e-06 2.02e-06 0 1.01e-06 0 0 0 0 0 0 0 0 0 0 0 0 0 0 0 0 0 
0.0045753 0.00463237 0.00459045 0.00459399 0.00448844 0.00436118 0.00415262 0.00385972 0.00349157 0.00299819 0.00261287 0.00219423 0.00177558 0.00141501 0.00112363 0.00087062 0.000652965 0.00049894 0.000373195 0.000239875 0.000195435 0.000133825 0.000101505 7.272e-05 4.6965e-05 2.9795e-05 2.02e-05 1.414e-05 8.585e-06 5.05e-06 5.555e-06 4.545e-06 2.02e-06 2.02e-06 1.01e-06 0 0 0 0 0 0 0 0 0 0 0 0 0 0 0 0 
0.00310727 0.00305222 0.00314211 0.0030098 0.00307242 0.00303758 0.0029694 0.00284315 0.00266893 0.00238916 0.00216191 0.00189325 0.00159126 0.00138118 0.00108424 0.000950915 0.000754975 0.00057974 0.000421675 0.00035249 0.00024139 0.000191395 0.000139885 9.5445e-05 6.666e-05 4.4945e-05 3.434e-05 1.616e-05 1.7675e-05 1.414e-05 1.01e-05 6.06e-06 2.02e-06 3.535e-06 1.01e-06 5.05e-07 5.05e-07 5.05e-07 1.01e-06 0 0 0 0 0 0 0 0 0 0 0 0 
0.00200182 0.00210737 0.00205333 0.00202505 0.00201798 0.00208717 0.00200889 0.00200637 0.00187507 0.00178669 0.00168367 0.0015655 0.00139178 0.00120443 0.0010297 0.000864055 0.00073124 0.000573175 0.00046662 0.000379255 0.00029492 0.000234825 0.000160085 0.000130795 9.595e-05 6.6155e-05 4.9995e-05 2.9795e-05 2.828e-05 1.3635e-05 1.1615e-05 7.07e-06 6.06e-06 5.05e-06 2.02e-06 2.02e-06 1.515e-06 5.05e-07 1.01e-06 0 0 5.05e-07 5.05e-07 0 0 0 0 0 0 0 0 
0.00133926 0.00139178 0.00139027 0.00135643 0.0013529 0.00140542 0.00134078 0.00135542 0.0013332 0.00126856 0.00129886 0.00118423 0.00107414 0.000969095 0.000852945 0.000779215 0.00063428 0.000561055 0.00046662 0.00036663 0.000321685 0.000255025 0.00017372 0.000164125 0.000114635 8.5345e-05 6.1105e-05 4.848e-05 3.4845e-05 2.8785e-05 2.02e-05 1.0605e-05 7.07e-06 4.04e-06 4.545e-06 2.525e-06 3.03e-06 1.01e-06 0 1.515e-06 0 1.01e-06 5.05e-07 0 0 0 0 0 0 0 0 
0.00093526 0.00089385 0.000933745 0.000921625 0.00093324 0.00091809 0.000916575 0.00093324 0.00092213 0.00088981 0.000874155 0.000806485 0.000779215 0.00073528 0.000658015 0.000612565 0.00055752 0.000488335 0.000433795 0.000359055 0.000287345 0.0002424 0.00019897 0.000165135 0.000119685 9.0395e-05 7.3225e-05 5.4035e-05 5.151e-05 2.9795e-05 1.9695e-05 1.6665e-05 1.3635e-05 1.1615e-05 8.08e-06 5.555e-06 3.03e-06 2.525e-06 1.01e-06 1.01e-06 1.01e-06 1.515e-06 5.05e-07 5.05e-07 5.05e-07 0 0 5.05e-07 0 0 0 
0.000601455 0.000588325 0.00059186 0.000625695 0.000649935 0.000635795 0.00063327 0.00064539 0.000586305 0.000618625 0.000602465 0.00058176 0.00056964 0.000535805 0.000492375 0.00045652 0.000447935 0.00039693 0.000364105 0.00028886 0.000259065 0.00022321 0.000181295 0.000155035 0.000137865 9.494e-05 9.2415e-05 6.262e-05 4.949e-05 4.343e-05 2.828e-05 2.626e-05 1.9695e-05 1.818e-05 1.0605e-05 5.555e-06 2.525e-06 4.04e-06 1.01e-06 2.525e-06 1.515e-06 1.515e-06 1.01e-06 0 1.01e-06 5.05e-07 0 0 0 0 0 
0.000403495 0.00042016 0.000404 0.00041915 0.00043632 0.000426725 0.00042218 0.000422685 0.000404 0.00039794 0.00040905 0.000387335 0.000389355 0.00036663 0.00036259 0.00035754 0.0003333 0.000287345 0.00027674 0.000254015 0.00020402 0.00018887 0.000169175 0.000141905 0.00012524 9.5445e-05 8.282e-05 6.0095e-05 6.6155e-05 4.8985e-05 3.03e-05 2.727e-05 2.121e-05 1.5655e-05 1.414e-05 9.09e-06 5.05e-06 4.545e-06 7.575e-06 3.535e-06 1.01e-06 1.01e-06 1.01e-06 1.515e-06 5.05e-07 0 5.05e-07 5.05e-07 0 0 1.01e-06 
0.000295425 0.00026563 0.000295425 0.000288355 0.000278255 0.00027674 0.000292395 0.000256035 0.00027977 0.00028684 0.00026058 0.00025957 0.000270175 0.000261085 0.00026866 0.00024543 0.000220685 0.000223715 0.000216645 0.0001919 0.00018988 0.00016766 0.000127765 0.00011817 0.00012827 9.1405e-05 7.5245e-05 6.06e-05 5.757e-05 5.151e-05 2.727e-05 3.1815e-05 2.0705e-05 2.121e-05 1.8685e-05 1.515e-05 9.595e-06 8.08e-06 5.05e-06 3.03e-06 2.525e-06 3.03e-06 5.05e-07 1.01e-06 1.01e-06 5.05e-07 0 5.05e-07 5.05e-07 0 5.05e-07 
0.000183315 0.00019089 0.000194425 0.00019998 0.000185335 0.000180285 0.000188365 0.00017978 0.000186345 0.00017271 0.000185335 0.0001818 0.000170185 0.000196445 0.000177255 0.000165135 0.000169175 0.000155035 0.00013433 0.00013938 0.00014847 0.00012423 0.000110595 0.000110595 9.1405e-05 6.868e-05 5.9085e-05 6.4135e-05 4.9995e-05 4.6965e-05 3.03e-05 2.6765e-05 2.3735e-05 2.0705e-05 2.323e-05 1.818e-05 6.565e-06 8.585e-06 5.05e-06 6.06e-06 2.525e-06 2.02e-06 1.515e-06 2.525e-06 5.05e-07 5.05e-07 0 0 5.05e-07 5.05e-07 0 
0.000120695 0.00012322 0.000119685 0.000138875 0.000134835 0.000125745 0.00011211 0.000122715 0.000119685 0.000126755 0.00012726 0.000119685 0.00011918 0.0001212 0.00012726 0.00012019 0.0001111 0.00012019 0.00010504 0.00010504 8.888e-05 9.595e-05 0.000105545 8.585e-05 6.7165e-05 4.848e-05 5.353e-05 5.5045e-05 4.9995e-05 4.1915e-05 2.9795e-05 2.525e-05 2.9795e-05 2.222e-05 1.616e-05 1.212e-05 1.212e-05 9.09e-06 1.111e-05 4.545e-06 2.02e-06 2.525e-06 2.02e-06 1.515e-06 0 1.515e-06 0 1.01e-06 0 5.05e-07 1.515e-06 
7.6255e-05 8.3325e-05 7.8275e-05 8.989e-05 9.898e-05 7.575e-05 8.282e-05 8.3325e-05 8.0295e-05 8.3325e-05 8.6355e-05 8.5345e-05 8.7365e-05 8.989e-05 7.979e-05 8.585e-05 6.7165e-05 8.787e-05 7.575e-05 7.1205e-05 7.4235e-05 7.676e-05 6.969e-05 6.767e-05 5.252e-05 5.7065e-05 4.1915e-05 4.5955e-05 4.0905e-05 2.828e-05 2.9795e-05 2.929e-05 1.717e-05 2.121e-05 1.818e-05 1.4645e-05 1.1615e-05 9.09e-06 4.04e-06 5.555e-06 3.03e-06 2.525e-06 2.02e-06 5.05e-06 1.01e-06 0 1.01e-06 5.05e-07 1.515e-06 1.515e-06 2.02e-06 
5.7065e-05 4.5955e-05 6.969e-05 5.9085e-05 5.959e-05 5.5045e-05 5.4035e-05 5.858e-05 5.1005e-05 5.555e-05 5.252e-05 6.262e-05 5.454e-05 7.0195e-05 5.05e-05 6.262e-05 5.151e-05 5.6055e-05 6.161e-05 5.2015e-05 5.2015e-05 4.444e-05 5.5045e-05 4.545e-05 4.4945e-05 3.939e-05 4.1915e-05 3.131e-05 3.131e-05 2.7775e-05 2.121e-05 1.919e-05 1.9695e-05 2.222e-05 1.6665e-05 1.313e-05 1.4645e-05 9.09e-06 8.585e-06 4.545e-06 3.03e-06 3.03e-06 1.515e-06 3.535e-06 2.525e-06 5.05e-07 5.05e-07 1.515e-06 5.05e-07 5.05e-07 2.525e-06 
0 0 0 0 0 0 0 0 0 0 0 0 0 0 0 0 0 0 0 0 0 0 0 0 0 0 0 0 0 0 0 0 0 0 0 0 0 0 0 0 0 0 0 0 0 0 0 0 0 0 0 
Per-collision Densities L:
2.26197 1.24899 0.689723 0.380509 0.209783 0.115936 0.0641274 0.035351 0.0195677 0.0108934 0.00596405 0.00321231 0.0017569 0.000980205 0.000560045 0.00031916 0.000170185 8.383e-05 4.7975e-05 2.828e-05 1.4645e-05 3.535e-06 4.545e-06 1.01e-06 1.515e-06 5.05e-07 0 0 0 0 0 0 0 0 0 0 0 0 0 0 0 0 0 0 0 0 0 0 0 0 0 
0.403264 0.715204 0.667465 0.519268 0.369725 0.249504 0.163313 0.104044 0.0653344 0.0400889 0.0244506 0.0149192 0.00896123 0.00531109 0.0031305 0.00184628 0.00108272 0.00066256 0.00037572 0.000205535 0.0001313 6.6155e-05 3.4845e-05 2.525e-05 1.212e-05 8.585e-06 3.535e-06 4.04e-06 1.01e-06 1.515e-06 1.01e-06 0 5.05e-07 0 0 0 5.05e-07 0 0 0 0 0 0 0 0 0 0 0 0 0 0 
0.0505813 0.214117 0.327499 0.356563 0.326151 0.269925 0.208937 0.153184 0.108958 0.0754611 0.050549 0.0336244 0.021818 0.0141536 0.00896628 0.00574286 0.00354359 0.00226594 0.00135037 0.00084133 0.000481265 0.00031209 0.00017069 0.000106555 7.272e-05 4.3935e-05 1.919e-05 1.313e-05 5.555e-06 3.535e-06 3.535e-06 1.515e-06 1.01e-06 0 5.05e-07 0 0 0 0 0 0 0 0 0 0 0 0 0 0 0 0 
0.00514141 0.0447314 0.109457 0.165155 0.193112 0.194937 0.178182 0.15127 0.122057 0.0938371 0.07019 0.0508283 0.0358686 0.0250207 0.0171988 0.0116832 0.00771994 0.00507374 0.00331684 0.00211191 0.00134027 0.00086759 0.00052823 0.0003333 0.000214625 0.000136855 8.08e-05 4.848e-05 3.3835e-05 1.919e-05 1.0605e-05 8.585e-06 3.535e-06 2.525e-06 1.01e-06 1.01e-06 1.01e-06 5.05e-07 0 0 0 5.05e-07 0 0 0 0 0 0 0 0 0 
0.00060095 0.00759318 0.0283032 0.058277 0.0864005 0.106275 0.114673 0.11217 0.10223 0.0882998 0.072669 0.0579301 0.0445163 0.0334431 0.024544 0.0178422 0.0125326 0.00881983 0.0060499 0.0042617 0.00272902 0.00186295 0.00122816 0.000791335 0.00051813 0.000334815 0.000224725 0.000127765 9.595e-05 4.8985e-05 3.636e-05 1.8685e-05 1.4645e-05 9.09e-06 5.555e-06 1.515e-06 2.02e-06 1.515e-06 0 1.01e-06 5.05e-07 0 0 0 0 0 0 0 0 0 0 
0.00017978 0.00135997 0.0063226 0.0169453 0.0317251 0.0470271 0.0592592 0.0670085 0.0689325 0.0664423 0.0602495 0.0525796 0.0439365 0.0356646 0.0281729 0.0217993 0.016509 0.0121463 0.00887336 0.00636805 0.00454248 0.00314464 0.00215484 0.00150743 0.00100697 0.000678215 0.00048581 0.000313605 0.000193415 0.00012928 9.2415e-05 5.454e-05 3.232e-05 1.9695e-05 1.212e-05 9.09e-06 5.05e-06 4.04e-06 2.02e-06 5.05e-07 1.01e-06 1.515e-06 0 0 0 0 0 0 0 0 0 
0.000111605 0.000406525 0.00142663 0.00446622 0.0100626 0.0179129 0.025655 0.0334926 0.0390234 0.0416857 0.041912 0.0398516 0.0363489 0.031713 0.0269392 0.022221 0.0177679 0.0140915 0.010855 0.00826786 0.00601758 0.00452733 0.00326331 0.00234472 0.0016261 0.00116504 0.00082517 0.000543885 0.000381275 0.000270175 0.0001818 0.000108575 7.9285e-05 5.6055e-05 3.03e-05 2.323e-05 1.1615e-05 1.0605e-05 8.08e-06 2.525e-06 1.515e-06 2.02e-06 1.515e-06 5.05e-07 0 0 0 0 0 0 0 
7.2215e-05 0.000227755 0.00050197 0.00125745 0.0029487 0.00600647 0.0100606 0.014644 0.0191602 0.0226831 0.0249334 0.0260848 0.0258176 0.0243137 0.0221746 0.0194289 0.0167488 0.0136895 0.0113034 0.00905819 0.00709828 0.00546006 0.0042011 0.0031406 0.00223917 0.00169125 0.0012014 0.000841835 0.000596405 0.000425715 0.000303505 0.0002323 0.00014948 9.292e-05 6.262e-05 4.2925e-05 2.3735e-05 1.6665e-05 1.313e-05 1.212e-05 6.06e-06 3.535e-06 2.02e-06 1.515e-06 1.515e-06 5.05e-07 0 5.05e-07 0 0 0 
4.545e-05 0.00014645 0.00025654 0.000493385 0.000969095 0.00193163 0.00360823 0.00582871 0.00832644 0.0109918 0.0133593 0.0150889 0.0159232 0.0163878 0.0160474 0.0148773 0.0136067 0.0119185 0.0105222 0.0085951 0.00715181 0.00578023 0.00460257 0.00359459 0.00282194 0.00214928 0.00159328 0.00117817 0.00083527 0.000613575 0.000450965 0.0003535 0.00023533 0.00015756 0.00011514 8.181e-05 4.949e-05 2.626e-05 2.9795e-05 1.7675e-05 1.313e-05 5.555e-06 5.05e-06 3.03e-06 1.515e-06 2.02e-06 2.02e-06 1.01e-06 5.05e-07 0 0 
2.828e-05 9.292e-05 0.000166145 0.000242905 0.000397435 0.00069791 0.00126654 0.00216645 0.00337643 0.00481114 0.00637512 0.00774721 0.00904859 0.0097965 0.0103237 0.0103217 0.00996719 0.0091602 0.00842997 0.00754167 0.0064534 0.00546208 0.00453187 0.00370519 0.00288254 0.00237805 0.00188163 0.00139431 0.00109939 0.000851935 0.000606 0.000450965 0.000326735 0.00023533 0.000167155 0.00012019 9.4435e-05 6.262e-05 4.04e-05 2.3735e-05 2.2725e-05 1.8685e-05 7.575e-06 6.565e-06 5.555e-06 2.02e-06 1.515e-06 2.02e-06 0 2.02e-06 0 
1.8685e-05 6.0095e-05 0.00010201 0.00016261 0.00021109 0.000303505 0.000487325 0.000851935 0.0013529 0.001969 0.00282699 0.00362893 0.00462782 0.00541613 0.00594234 0.00645996 0.00659581 0.00647107 0.00613575 0.00574589 0.00528735 0.00468792 0.0040703 0.00351379 0.00277195 0.00234068 0.0019291 0.00155439 0.00121655 0.00097465 0.0007575 0.0005858 0.000424705 0.00034138 0.0002222 0.0001717 0.000127765 9.696e-05 7.272e-05 5.454e-05 3.535e-05 2.4745e-05 1.3635e-05 1.01e-05 8.08e-06 4.545e-06 5.05e-06 1.01e-06 0 2.02e-06 3.535e-06 
1.3635e-05 4.242e-05 7.07e-05 8.7365e-05 0.000129785 0.000172205 0.00022523 0.000345925 0.000550955 0.00082618 0.00121503 0.00166549 0.00216342 0.0027164 0.00318605 0.00371024 0.0039587 0.00416322 0.00419504 0.00414252 0.00381881 0.00361429 0.00331179 0.00294011 0.00249925 0.00217554 0.00185739 0.0015554 0.00123018 0.00101909 0.00080901 0.00061206 0.00050399 0.00041814 0.00028886 0.000239875 0.00015958 0.000120695 9.4435e-05 7.272e-05 5.252e-05 3.333e-05 2.2725e-05 1.616e-05 1.3635e-05 8.08e-06 7.07e-06 5.555e-06 2.02e-06 1.515e-06 4.545e-06 
7.575e-06 2.828e-05 4.9995e-05 6.161e-05 8.686e-05 0.000101505 0.000137865 0.000182305 0.000236845 0.000347945 0.00051106 0.00072922 0.00096253 0.0013029 0.00161247 0.00188264 0.00225129 0.00247652 0.002626 0.0027164 0.00265984 0.00259318 0.00244016 0.0022619 0.00207707 0.00180841 0.0016256 0.00140643 0.00116908 0.00095748 0.000830725 0.000631755 0.00055348 0.0004141 0.00033532 0.000263105 0.00021008 0.00014948 0.000117665 0.00010201 7.373e-05 3.9895e-05 3.838e-05 2.5755e-05 1.717e-05 2.1715e-05 7.575e-06 5.05e-06 2.525e-06 2.525e-06 1.0605e-05 
5.555e-06 1.6665e-05 3.232e-05 4.2925e-05 6.363e-05 6.6155e-05 8.181e-05 0.000101 0.0001414 0.000180285 0.00022624 0.000325725 0.00044642 0.000605495 0.000770125 0.000975155 0.00115544 0.00138017 0.00153924 0.0016261 0.00169529 0.00171953 0.00179023 0.0015857 0.00151904 0.00141956 0.00131906 0.00115039 0.00104182 0.000878195 0.00077669 0.0006262 0.000501465 0.000446925 0.000348955 0.00028583 0.00023028 0.00017574 0.00013635 0.000111605 7.5245e-05 5.8075e-05 4.0905e-05 3.0805e-05 2.828e-05 1.818e-05 1.111e-05 1.2625e-05 8.585e-06 4.545e-06 1.1615e-05 
2.525e-06 1.212e-05 2.222e-05 2.828e-05 4.04e-05 4.2925e-05 5.959e-05 5.7065e-05 7.3225e-05 0.000101 0.00012726 0.00015251 0.000206545 0.00027876 0.000360065 0.00046662 0.00057166 0.00071508 0.00083325 0.00093425 0.00104535 0.00110191 0.00114736 0.00113625 0.00105091 0.00102313 0.0009696 0.000925665 0.00085648 0.000738815 0.00065852 0.00053934 0.0004848 0.000414605 0.00035552 0.000297445 0.0002222 0.000175235 0.000136855 0.00012827 8.08e-05 7.272e-05 5.353e-05 3.6865e-05 3.0805e-05 2.6765e-05 1.414e-05 1.515e-05 9.09e-06 8.585e-06 1.6665e-05 
2.525e-06 6.06e-06 1.2625e-05 1.7675e-05 3.03e-05 2.7775e-05 4.2925e-05 4.141e-05 5.05e-05 5.858e-05 6.3125e-05 8.7365e-05 9.9485e-05 0.00014544 0.000166145 0.000228765 0.000292395 0.000336835 0.00042723 0.000498435 0.00057671 0.00067165 0.00068983 0.000726695 0.000714575 0.00071003 0.000715585 0.00065246 0.00061004 0.00057065 0.00054338 0.00048278 0.00038582 0.000359055 0.0003232 0.00027169 0.000233815 0.00018584 0.000146955 0.000116655 9.898e-05 7.878e-05 6.4135e-05 4.4945e-05 3.939e-05 2.9795e-05 2.3735e-05 1.717e-05 1.1615e-05 8.585e-06 2.222e-05 
3.535e-06 2.02e-06 7.07e-06 1.818e-05 1.6665e-05 2.222e-05 3.232e-05 2.929e-05 3.131e-05 3.8885e-05 5.05e-05 4.848e-05 4.747e-05 7.4235e-05 9.0395e-05 0.00011413 0.000150995 0.00017675 0.00020806 0.00026058 0.000318655 0.00035249 0.00040198 0.000438845 0.00043935 0.00046763 0.000479245 0.000461065 0.00042925 0.00042622 0.00037471 0.00037875 0.000304515 0.00030502 0.00025048 0.000243915 0.000226745 0.000180285 0.00013635 0.000122715 9.7465e-05 8.1305e-05 5.656e-05 5.05e-05 3.7875e-05 4.0905e-05 2.424e-05 2.1715e-05 1.717e-05 1.4645e-05 2.929e-05 
2.02e-06 3.535e-06 5.555e-06 1.111e-05 9.09e-06 2.0705e-05 1.717e-05 1.919e-05 1.919e-05 2.424e-05 3.0805e-05 2.626e-05 3.3835e-05 4.444e-05 5.555e-05 5.454e-05 7.4235e-05 9.09e-05 0.00011918 0.00014746 0.00016665 0.000185335 0.00022018 0.00024846 0.00027169 0.000275225 0.000299465 0.000326735 0.00030401 0.000303 0.00028179 0.000269165 0.000264115 0.00020705 0.00021715 0.00017877 0.00018988 0.00015049 0.000128775 0.000101505 9.292e-05 7.575e-05 7.8275e-05 5.1005e-05 3.737e-05 3.838e-05 2.626e-05 1.818e-05 2.1715e-05 1.2625e-05 4.3935e-05 
5.05e-07 4.545e-06 3.03e-06 4.04e-06 1.01e-05 1.1615e-05 1.2625e-05 1.515e-05 1.616e-05 1.6665e-05 2.02e-05 2.222e-05 1.818e-05 2.02e-05 3.1815e-05 3.03e-05 4.3935e-05 4.9995e-05 6.2115e-05 7.1205e-05 8.383e-05 0.000104535 0.00012625 0.0001313 0.000157055 0.00017574 0.000170185 0.000192405 0.000188365 0.00021513 0.00020705 0.00018281 0.000184325 0.000149985 0.00016968 0.0001313 0.000129785 0.000123725 0.000111605 9.7465e-05 7.474e-05 6.2115e-05 6.0095e-05 4.7975e-05 4.8985e-05 3.9895e-05 2.727e-05 2.222e-05 1.414e-05 1.111e-05 5.454e-05 
0 0 0 0 0 0 0 0 0 0 0 0 0 0 0 0 0 0 0 0 0 0 0 0 0 0 0 0 0 0 0 0 0 0 0 0 0 0 0 0 0 0 0 0 0 0 0 0 0 0 0 
