Half rod, albedo problem, Anisotropic scattering, exponential random flight, mu_t: 1 g: 0.5
Analogmu_t c: 0.99 maxx: 10 dx: 0.19802 numsamples: 1000000 numCollisionOrders: 20 numMoments: 10
total albedo: 0.753464
per-collision order albedos: 
0 0.123053 0.091764 0.070297 0.054916 0.044094 0.036372 0.029738 0.02512 0.021643 0.018758 0.016455 0.014689 0.01267 0.011492 0.010196 0.009413 0.008354 0.007787 0.007062 
Collision density L:
0.750162 0.740436 0.725458 0.718302 0.708146 0.700385 0.688931 0.675786 0.669686 0.659146 0.652202 0.63828 0.630917 0.623003 0.6121 0.604126 0.597718 0.586244 0.578437 0.57364 0.565151 0.555131 0.548284 0.539633 0.530907 0.528063 0.517216 0.513489 0.506055 0.493112 0.492617 0.482704 0.477003 0.471281 0.461009 0.45707 0.449288 0.443011 0.439375 0.433416 0.42567 0.421544 0.412232 0.407838 0.404354 0.396274 0.392501 0.385073 0.381371 0.376276 26.4356 
Collision density R:
0.990381 0.978129 0.965429 0.95449 0.938093 0.92771 0.913626 0.899986 0.89027 0.874367 0.86151 0.849107 0.841037 0.826523 0.816237 0.80143 0.792274 0.781174 0.76859 0.755435 0.748354 0.740007 0.727382 0.716065 0.703945 0.699284 0.689699 0.677094 0.667681 0.660873 0.64939 0.640739 0.63328 0.626831 0.615605 0.608348 0.598839 0.590683 0.580427 0.572933 0.565691 0.558298 0.550576 0.541951 0.533598 0.528513 0.522741 0.511999 0.504919 0.497072 35.1147 
Density Moments:
24.6493 346.292 9741.4 412607 2.33857e+07 1.65423e+09 1.38898e+11 1.33132e+13 1.4128e+15 1.6215e+17 
Per-collision Density Moments:
1 1.00141 2.00619 6.03402 24.2345 121.874 736.052 5176.3 41321.3 366100 
0.866814 1.61081 4.71733 18.6681 92.7706 553.373 3839.25 30251.5 265600 2.55739e+06 
0.766396 1.99346 7.55698 36.7701 217.119 1502.62 11885.6 105327 1.02835e+06 1.09039e+07 
0.688389 2.23989 10.2888 58.986 401.629 3154.03 27990.8 276394 2.99894e+06 3.53824e+07 
0.626531 2.40373 12.8159 83.8409 641.782 5595.89 54575.1 587282 6.8976e+06 8.76104e+07 
0.576234 2.5158 15.141 110.712 938.474 8987.67 95583.1 1.11426e+06 1.40881e+07 1.91422e+08 
0.534231 2.59587 17.2943 139.125 1289.3 13419.7 154313 1.93665e+06 2.62712e+07 3.82042e+08 
0.499176 2.65142 19.2583 168.284 1687.19 18930.6 234030 3.1535e+06 4.59461e+07 7.19391e+08 
0.469038 2.68983 21.0558 197.75 2123.81 25438.9 334610 4.78176e+06 7.36433e+07 1.2143e+09 
0.442616 2.71675 22.7196 227.541 2599.84 33041.4 459861 6.93451e+06 1.12405e+08 1.94636e+09 
0.419458 2.7352 24.2622 257.422 3110.52 41714.3 611049 9.66957e+06 1.6392e+08 2.95641e+09 
0.398784 2.74668 25.7058 287.572 3660.66 51660.2 795288 1.32077e+07 2.34663e+08 4.43059e+09 
0.380097 2.75487 27.0638 317.556 4236.17 62578.3 1.00706e+06 1.74575e+07 3.233e+08 6.35516e+09 
0.363685 2.75747 28.3013 346.743 4826.73 74352.9 1.24706e+06 2.25251e+07 4.34715e+08 8.91001e+09 
0.348594 2.75684 29.472 376.062 5451.89 87455.9 1.52709e+06 2.87024e+07 5.75913e+08 1.22558e+10 
0.334916 2.75267 30.5641 405.047 6096.52 101458 1.83594e+06 3.57124e+07 7.40487e+08 1.62586e+10 
0.322112 2.74568 31.5742 433.331 6753.58 116334 2.17738e+06 4.37622e+07 9.36311e+08 2.11799e+10 
0.310615 2.73802 32.5375 461.461 7431.29 132215 2.55416e+06 5.29314e+07 1.16615e+09 2.71181e+10 
0.299781 2.72766 33.4467 489.453 8133.08 149308 2.97591e+06 6.36173e+07 1.44532e+09 3.46415e+10 
0 0 0 0 0 0 0 0 0 0 
Per-collision Densities L:
0 0 0 0 0 0 0 0 0 0 0 0 0 0 0 0 0 0 0 0 0 0 0 0 0 0 0 0 0 0 0 0 0 0 0 0 0 0 0 0 0 0 0 0 0 0 0 0 0 0 0 
0.113393 0.0928948 0.0755026 0.0621908 0.0500001 0.0428796 0.034638 0.0282901 0.0227099 0.0191648 0.0155439 0.0127715 0.0105091 0.00865065 0.00683265 0.0057873 0.00455005 0.00375215 0.0030805 0.00264115 0.00197455 0.00156045 0.0012726 0.00123725 0.0009999 0.00067165 0.0007272 0.00049995 0.00046965 0.00038885 0.0002525 0.0002424 0.0001919 0.000202 0.0001212 9.595e-05 6.06e-05 8.585e-05 6.06e-05 4.04e-05 3.535e-05 3.03e-05 1.515e-05 1.515e-05 1.515e-05 2.02e-05 0 2.02e-05 0 1.01e-05 2.525e-05 
0.0922282 0.0891982 0.0830271 0.0778963 0.0720938 0.0655894 0.0576912 0.0515151 0.0456823 0.0411878 0.0356682 0.0305929 0.0270933 0.0230987 0.0205687 0.0170589 0.0147359 0.0123473 0.011004 0.00924655 0.0080901 0.0070094 0.0058378 0.00518635 0.00448945 0.0035047 0.00317645 0.0023836 0.00231795 0.0018281 0.0014443 0.00107565 0.00109585 0.0008989 0.0007777 0.0006464 0.0005151 0.00039895 0.00041915 0.00033835 0.0003434 0.00025755 0.0001515 0.00022725 8.08e-05 8.585e-05 8.08e-05 0.00012625 7.07e-05 2.02e-05 0.0002929 
0.0709172 0.0702455 0.0692608 0.0691951 0.067261 0.0639633 0.0601607 0.0567065 0.0543734 0.0503637 0.0461621 0.0420312 0.0384053 0.0340673 0.0308606 0.0290022 0.0248309 0.0228765 0.0201798 0.0181952 0.0164883 0.0144986 0.0124786 0.0103929 0.00944855 0.00851935 0.00738815 0.00649935 0.00575195 0.00471165 0.00398445 0.0035855 0.002929 0.00269165 0.0024341 0.0019998 0.0017877 0.001616 0.00126755 0.0010403 0.0011009 0.00081305 0.0006969 0.00059085 0.00049995 0.0004949 0.0003636 0.0003535 0.00030805 0.0001717 0.0011817 
0.0557318 0.0551814 0.0562368 0.0558732 0.055449 0.0550097 0.0538532 0.0519999 0.0510606 0.0483386 0.0466065 0.0429856 0.0413393 0.0396476 0.0369559 0.0343956 0.0322089 0.0291284 0.0275225 0.0251591 0.0227048 0.0207909 0.018377 0.0172054 0.0152308 0.0143319 0.0125846 0.0110343 0.0096051 0.0088981 0.0079184 0.0066155 0.00593375 0.00551965 0.00492375 0.00405515 0.00358045 0.00356025 0.0028078 0.00250985 0.0021008 0.00205535 0.00169175 0.0015453 0.00123725 0.00115645 0.0009393 0.0008585 0.00072215 0.00051005 0.0039693 
0.0435361 0.0451268 0.0454702 0.0455359 0.0457985 0.0457581 0.0460661 0.044839 0.0440916 0.042319 0.0430967 0.040501 0.0395769 0.038683 0.0372539 0.0351682 0.0338199 0.031613 0.0303303 0.0285174 0.0259722 0.0248763 0.0232755 0.0209474 0.0197506 0.0185891 0.0166701 0.0156096 0.0140643 0.0124887 0.0117463 0.0104384 0.0098576 0.0088476 0.0080295 0.00710535 0.00629735 0.0059287 0.0049995 0.0043228 0.0037774 0.00369155 0.00316635 0.00281285 0.0025553 0.00208565 0.00202 0.001717 0.0016362 0.00126755 0.00915565 
0.0359459 0.0369509 0.0364913 0.0375569 0.0374912 0.0377488 0.0383245 0.0373902 0.0372842 0.0379356 0.0372034 0.0369862 0.0357641 0.0349864 0.0340017 0.0337189 0.0324412 0.0313706 0.0301738 0.0286739 0.0271741 0.0262903 0.0238209 0.0229472 0.0225786 0.0206697 0.0193971 0.0185386 0.0177205 0.0155389 0.0148016 0.0138118 0.0124786 0.0120897 0.0102717 0.00976165 0.00899405 0.00776185 0.0072821 0.00678215 0.00589335 0.0053732 0.00474195 0.00444905 0.0041713 0.0037875 0.00318655 0.00280275 0.0027169 0.0022119 0.0182406 
0.0300526 0.0308454 0.0308555 0.0312141 0.0319665 0.0327291 0.0321079 0.0317645 0.0327442 0.0328503 0.0324968 0.0321584 0.0320978 0.0319514 0.0308909 0.0308858 0.0294415 0.0288153 0.0282497 0.027674 0.0268256 0.0253258 0.0241693 0.0239572 0.0228513 0.0220786 0.0209121 0.0197152 0.0192153 0.0172559 0.016867 0.0153672 0.0146046 0.0137007 0.0125998 0.0121604 0.0106858 0.00990305 0.0094132 0.0087567 0.0080295 0.00742855 0.00676195 0.00587315 0.00587315 0.00507525 0.00473185 0.00420665 0.0039491 0.0036461 0.0314767 
0.0256187 0.0264671 0.026558 0.0272397 0.0275225 0.0277043 0.027972 0.028174 0.02878 0.0276892 0.0284366 0.0282851 0.0287194 0.0276841 0.0270276 0.0272094 0.0275074 0.026361 0.0252955 0.0253157 0.0256742 0.0242148 0.024038 0.0229573 0.0218615 0.0221089 0.0203667 0.0207303 0.0196193 0.0183012 0.0173417 0.0163418 0.0158671 0.0149228 0.0139178 0.0132159 0.0121301 0.0118675 0.0113726 0.0104232 0.0098677 0.0084941 0.0081709 0.0077467 0.00734775 0.00646905 0.00621655 0.00585295 0.0053328 0.0049894 0.0485558 
0.0219372 0.0223059 0.02272 0.0234926 0.0239774 0.0238613 0.0241542 0.0248511 0.0242148 0.0248056 0.0249521 0.0244572 0.0243511 0.0251137 0.025149 0.0241895 0.0242905 0.0239067 0.0235734 0.0234926 0.023331 0.0221897 0.022826 0.0217958 0.0206899 0.0201091 0.0196647 0.0194173 0.0185487 0.0179982 0.0174124 0.0170185 0.0158823 0.0149632 0.0148016 0.0140643 0.0133421 0.0126452 0.0121806 0.0118776 0.0109383 0.0101859 0.00976165 0.0086052 0.0080396 0.0083628 0.00719625 0.0071306 0.0065549 0.00580245 0.0669883 
0.0190688 0.0193213 0.0201394 0.0207454 0.0206343 0.0206697 0.0211646 0.0211646 0.021811 0.0222099 0.0222301 0.022119 0.0221392 0.0224119 0.0218059 0.0220736 0.0216898 0.021306 0.0217605 0.0213918 0.0212757 0.0207555 0.0199778 0.0199122 0.0192506 0.0194627 0.0187406 0.0188264 0.0182406 0.0171852 0.0172256 0.0163216 0.0159782 0.0153773 0.0149379 0.0140895 0.0138572 0.0128876 0.0130139 0.011812 0.0117261 0.010908 0.0102465 0.0097566 0.0094334 0.00865065 0.0082618 0.0078073 0.00758005 0.00689325 0.0865974 
0.0165792 0.0171549 0.0174225 0.0184628 0.0180841 0.0189678 0.0187355 0.0190234 0.0196041 0.0196597 0.0194577 0.0196395 0.0198667 0.0194375 0.0198465 0.0191597 0.0194425 0.0199879 0.0193819 0.0197102 0.0196092 0.0184578 0.0188214 0.0186093 0.0180689 0.0183012 0.0179023 0.0175286 0.0168822 0.0167559 0.0162711 0.0159025 0.0147612 0.0149581 0.0144582 0.0140592 0.0136805 0.0130189 0.0129331 0.0121655 0.011817 0.0115342 0.0106606 0.0102414 0.0101758 0.00951925 0.00884255 0.00849915 0.00834765 0.00725685 0.107065 
0.0145238 0.0148066 0.0152005 0.0156449 0.0158924 0.0168014 0.0167256 0.0174478 0.0165085 0.017771 0.0174932 0.017574 0.0178821 0.0176851 0.0177205 0.0177659 0.0178821 0.0182507 0.0173973 0.0176245 0.0177962 0.0172559 0.0173266 0.0172155 0.0165438 0.0167004 0.0165438 0.0165438 0.0162206 0.0157712 0.0155742 0.0149228 0.0150036 0.0142713 0.0136552 0.0130846 0.0136855 0.0131048 0.0126705 0.0123675 0.0119584 0.0116908 0.0106404 0.0107565 0.0101758 0.009494 0.00922635 0.0088375 0.008181 0.0080497 0.126129 
0.0127614 0.0135239 0.0137764 0.0140037 0.0148622 0.0153874 0.0149985 0.0151854 0.0155237 0.0157964 0.0157762 0.0157308 0.0158267 0.0158015 0.01616 0.0163923 0.0161348 0.0161499 0.0163671 0.016862 0.0167357 0.0163317 0.0162105 0.0160085 0.016155 0.0155591 0.0151702 0.0153369 0.0151046 0.0145541 0.0149783 0.0141905 0.0146955 0.0142764 0.0139835 0.013433 0.013024 0.0126654 0.011514 0.0121958 0.0112565 0.0109787 0.0105141 0.0108878 0.0099081 0.00993335 0.0095647 0.00898395 0.00888295 0.00847895 0.144496 
0.0116857 0.012014 0.0125442 0.0125695 0.0132967 0.0129987 0.0133724 0.0137108 0.0141653 0.0140542 0.0139582 0.0149076 0.0145289 0.0147006 0.0149581 0.0144935 0.0152409 0.0147056 0.0146501 0.0159833 0.0153268 0.0149935 0.0151904 0.015246 0.0144481 0.014741 0.0144531 0.0145743 0.0137815 0.0135744 0.0142208 0.0135896 0.0134987 0.0133876 0.0130745 0.0127159 0.012014 0.0117009 0.0118069 0.0117514 0.0112565 0.0107565 0.0112413 0.0107111 0.0102768 0.0097667 0.0094738 0.00887285 0.00908495 0.0087163 0.159732 
0.0107363 0.0108222 0.011009 0.0113423 0.0119988 0.0116504 0.0125543 0.0123119 0.0127058 0.013029 0.0132714 0.0134229 0.0133522 0.0136956 0.0136249 0.0139936 0.0139835 0.0143218 0.0141501 0.0139229 0.0137714 0.0140794 0.0139986 0.0139279 0.0141552 0.0135694 0.0138623 0.0134179 0.0129937 0.0133674 0.0127866 0.012625 0.0127765 0.0120089 0.0123675 0.0120392 0.0115948 0.0118221 0.0115292 0.0115898 0.0110848 0.0109232 0.0101909 0.0107818 0.0104283 0.00994345 0.00952935 0.00949905 0.008989 0.00832745 0.171786 
0.0088779 0.0096657 0.0103121 0.0104182 0.0106959 0.0107515 0.0112009 0.011918 0.0116504 0.0118978 0.0121604 0.0123372 0.012216 0.0126402 0.0128472 0.012827 0.0127866 0.0129533 0.0128523 0.0131351 0.0127008 0.0129432 0.0126806 0.012519 0.012923 0.0130543 0.012827 0.0126351 0.0128472 0.012418 0.0120746 0.0119786 0.0120544 0.0117817 0.0119231 0.0116554 0.011408 0.0109888 0.0116251 0.0110242 0.0110696 0.0106404 0.0103626 0.00995355 0.0097364 0.0096152 0.0095243 0.00895365 0.0088779 0.00859005 0.184451 
0.0086153 0.0085951 0.0088981 0.00958995 0.0098475 0.0102818 0.0102717 0.0105848 0.0108777 0.0108828 0.0109686 0.0111252 0.0115999 0.011615 0.0121049 0.0116352 0.0116352 0.0116908 0.0120645 0.0114938 0.0119938 0.0123675 0.0121453 0.0121604 0.0121503 0.0118625 0.0116403 0.0118827 0.0116908 0.011913 0.0122917 0.0117968 0.0115645 0.0113221 0.0113928 0.0110444 0.01111 0.0111353 0.0106202 0.010403 0.0102919 0.010297 0.0096556 0.00978185 0.00979195 0.00929705 0.00887285 0.0090092 0.00894355 0.00870115 0.195566 
0.00790325 0.00814565 0.00848905 0.00877185 0.00906475 0.009393 0.0094031 0.0097768 0.00961015 0.0100142 0.0106252 0.0104636 0.0108828 0.0105343 0.0105444 0.0109282 0.010807 0.0111959 0.0110898 0.0111302 0.0113726 0.0114635 0.0116655 0.0110444 0.0111706 0.0112767 0.0113676 0.010802 0.0116706 0.011206 0.0113777 0.0108272 0.0109232 0.0111252 0.0109181 0.0105343 0.0100445 0.0106 0.00999395 0.0100243 0.00980205 0.0096657 0.00985255 0.0093829 0.0089991 0.00905465 0.0093526 0.008484 0.0084941 0.0082719 0.204303 
0 0 0 0 0 0 0 0 0 0 0 0 0 0 0 0 0 0 0 0 0 0 0 0 0 0 0 0 0 0 0 0 0 0 0 0 0 0 0 0 0 0 0 0 0 0 0 0 0 0 0 
Per-collision Densities L:
0.905339 0.743799 0.610474 0.502657 0.408949 0.337355 0.276205 0.226417 0.186491 0.152555 0.126265 0.103151 0.0839411 0.0700082 0.0564641 0.0468792 0.0383699 0.0313353 0.0257096 0.020801 0.0172054 0.0144127 0.0114888 0.00956975 0.0079992 0.00671145 0.00517625 0.004242 0.00362085 0.0029694 0.00239875 0.00202505 0.0015049 0.0013029 0.0010807 0.00082315 0.00079285 0.0007373 0.00054035 0.0003636 0.0003232 0.00024745 0.00021715 0.00022725 0.0001717 0.00010605 9.595e-05 0.00010605 5.05e-05 5.555e-05 0.00026765 
0.0636553 0.161413 0.222897 0.256798 0.273094 0.271776 0.262767 0.24942 0.233552 0.211444 0.191249 0.17324 0.156035 0.136057 0.12019 0.106025 0.0930513 0.0811939 0.0695537 0.0608475 0.0518332 0.0442734 0.0382083 0.03282 0.0287093 0.0246541 0.0203162 0.0179881 0.0148571 0.0122715 0.0108323 0.00923645 0.00793355 0.00670135 0.00541865 0.00489345 0.00406525 0.0034946 0.002727 0.00236845 0.0020402 0.00178265 0.00141905 0.00118675 0.0009191 0.00084335 0.000707 0.0005959 0.0004646 0.0003838 0.00208565 
0.00576205 0.0250127 0.0500455 0.0764116 0.100424 0.122129 0.137693 0.146788 0.154222 0.158343 0.156646 0.153091 0.148793 0.141274 0.132754 0.125442 0.11509 0.107105 0.0976973 0.0886831 0.0812242 0.0733008 0.0645845 0.0583376 0.0510555 0.0465408 0.0409757 0.0362287 0.03181 0.0284315 0.0237148 0.0208969 0.0189931 0.0163519 0.0142259 0.0121907 0.0108929 0.0089789 0.0082517 0.0068882 0.0062519 0.00531765 0.00441875 0.00360065 0.0032926 0.002929 0.00249975 0.0021311 0.00166145 0.0016059 0.0086153 
0.00236845 0.0078073 0.0153318 0.024644 0.0357288 0.04747 0.0591759 0.070695 0.0797496 0.087264 0.0944249 0.0987477 0.104101 0.105394 0.106404 0.104192 0.102944 0.0990406 0.0968489 0.0901981 0.0854965 0.0819767 0.0765176 0.0706091 0.0648723 0.0607768 0.0556914 0.0513686 0.0464701 0.0426978 0.0374609 0.0340926 0.0311686 0.0280174 0.0250682 0.022114 0.019286 0.0174579 0.0158924 0.0136855 0.0123473 0.0107717 0.00977175 0.0082416 0.00764065 0.0065246 0.00542875 0.00507525 0.0043026 0.00349965 0.0243663 
0.0017473 0.0053934 0.00909505 0.0128321 0.0178215 0.0234623 0.0289163 0.0348299 0.0412181 0.0475811 0.0526362 0.0599435 0.0626705 0.0676852 0.0715383 0.0730937 0.0747198 0.0756591 0.0763661 0.076351 0.0755783 0.0736543 0.0715989 0.0685992 0.0657308 0.0631149 0.0593022 0.0558177 0.0531563 0.0499193 0.046359 0.0428341 0.0390416 0.0365721 0.0332543 0.0314969 0.0281891 0.0258308 0.0232149 0.0211343 0.0197051 0.0177962 0.0159479 0.0138067 0.0120594 0.0112514 0.00997375 0.0090395 0.00830725 0.006868 0.051611 
0.0014544 0.00413595 0.00658015 0.0097364 0.0120948 0.0161752 0.0189325 0.0215938 0.0251642 0.0286941 0.0327644 0.0357742 0.0394102 0.0437734 0.0461924 0.0491921 0.0513989 0.0529846 0.0553026 0.0565853 0.0581659 0.0584083 0.0586507 0.0583376 0.0576256 0.0558732 0.0560449 0.0530806 0.0508232 0.0491466 0.0479548 0.0450965 0.0426271 0.0411525 0.0378296 0.0362035 0.0324766 0.0312393 0.0285729 0.0265075 0.0249521 0.0230331 0.0212706 0.0192708 0.0178164 0.0163974 0.0152359 0.0130896 0.0115746 0.0106101 0.0921726 
0.00095445 0.003333 0.0057166 0.00760025 0.009595 0.0112969 0.0142006 0.0165842 0.018685 0.0200889 0.0226695 0.0251238 0.0279013 0.0300526 0.0327796 0.0335623 0.0365721 0.0387739 0.0401071 0.0410919 0.0431169 0.0444501 0.0455106 0.0454298 0.0460712 0.0465105 0.0467277 0.0458086 0.045546 0.0450258 0.0428442 0.0418847 0.0414959 0.0402637 0.0382891 0.0364257 0.0352541 0.0327442 0.0308555 0.030093 0.0278508 0.0265277 0.0251288 0.0234169 0.021508 0.0202303 0.0182962 0.0170236 0.0158974 0.0147107 0.141516 
0.00082315 0.0026866 0.00432785 0.006363 0.00795375 0.009292 0.0111454 0.0128119 0.0142814 0.0167913 0.0177508 0.0196647 0.020907 0.0228715 0.0245026 0.0256439 0.0266489 0.0284972 0.0307192 0.0314666 0.0329967 0.0341885 0.0350773 0.0362439 0.0364004 0.0366832 0.0369458 0.0377387 0.0380669 0.0376831 0.0379003 0.0367489 0.0370317 0.0353046 0.0352793 0.0339562 0.0330876 0.0331937 0.0312595 0.0302243 0.0289971 0.02777 0.0259671 0.0255631 0.0235835 0.0222907 0.0206444 0.0192304 0.0188618 0.0169024 0.194662 
0.000707 0.00237855 0.0034542 0.0051712 0.0064741 0.00770125 0.00896375 0.0104131 0.0123018 0.0135946 0.0147511 0.0156146 0.0174478 0.0179326 0.0200081 0.0213312 0.0217201 0.0237451 0.0235785 0.0248612 0.0255126 0.0270529 0.0275882 0.0282851 0.0294365 0.0296183 0.0313605 0.0312343 0.0314918 0.0313959 0.0320221 0.0314565 0.0314413 0.0317696 0.0300627 0.0307293 0.0302142 0.0296183 0.0280578 0.0282144 0.0277649 0.0264873 0.0261085 0.0248662 0.0237199 0.0232351 0.0223311 0.0208565 0.0194274 0.0186901 0.244561 
0.0006363 0.00190385 0.003131 0.0044743 0.00548935 0.00661045 0.00764065 0.0097364 0.010403 0.0112868 0.0126705 0.0137209 0.0144582 0.0154985 0.0163974 0.0171195 0.0185588 0.0194324 0.0197203 0.0213767 0.0215383 0.0227755 0.02323 0.02323 0.0238209 0.0245683 0.0250733 0.0262499 0.0264873 0.0270781 0.0268862 0.0272549 0.027063 0.0270933 0.0269064 0.0268761 0.0268711 0.0266186 0.0264368 0.0256894 0.0253106 0.0244218 0.0239724 0.0232401 0.0230684 0.0219827 0.0221039 0.0206545 0.020397 0.0195233 0.288406 
0.00060095 0.0017978 0.00269165 0.0036259 0.00479245 0.0054035 0.0069185 0.0079689 0.00886275 0.0094031 0.0105949 0.0112363 0.0128826 0.013327 0.0145491 0.0148167 0.0158015 0.0162964 0.0170791 0.0176195 0.0191698 0.0196344 0.0202707 0.0206899 0.0207808 0.0210383 0.0215433 0.0221998 0.0220685 0.0232906 0.023028 0.0231795 0.0231391 0.0239673 0.0235987 0.0236845 0.02373 0.0228361 0.0234118 0.0228563 0.0224574 0.0224119 0.0219423 0.0212353 0.021912 0.0208767 0.0208565 0.0202657 0.0194223 0.0190234 0.324629 
0.00049995 0.00137865 0.00244925 0.0034239 0.00401475 0.00503485 0.00586305 0.00701445 0.0076457 0.0085951 0.00947885 0.0097465 0.0110393 0.0115342 0.0121857 0.0130947 0.0132765 0.0145238 0.0147713 0.015852 0.0163772 0.0166852 0.0173872 0.0176043 0.0180639 0.0185588 0.0190537 0.0191345 0.0197001 0.0199324 0.020397 0.0201344 0.0206949 0.0206798 0.0212605 0.0212252 0.0208262 0.0212908 0.0209171 0.0205485 0.0203263 0.0203465 0.0202808 0.0201849 0.0194526 0.0193365 0.0191799 0.0185537 0.0186497 0.0180083 0.350919 
0.00048985 0.00109585 0.00209575 0.00293405 0.00373195 0.0044137 0.00523685 0.00589335 0.00661045 0.0077568 0.00808 0.00878195 0.00968085 0.0101253 0.0108878 0.0115898 0.0119483 0.0125493 0.0133876 0.013832 0.0141956 0.0148723 0.015246 0.0152662 0.0158924 0.0165135 0.0169529 0.0172559 0.0168822 0.0173367 0.0183366 0.0180841 0.0180487 0.0187709 0.0191496 0.0189375 0.0194425 0.0186042 0.0190941 0.0187103 0.0184881 0.0184224 0.0188416 0.0181043 0.0179629 0.0181346 0.0177811 0.017367 0.0174175 0.0169327 0.371332 
0.00034845 0.0009292 0.00180285 0.00243915 0.0031916 0.00389355 0.00459045 0.0051409 0.0059287 0.00658015 0.0069185 0.0076154 0.008484 0.00910515 0.0099586 0.0101152 0.0107515 0.0109181 0.011312 0.0122362 0.0128977 0.0135744 0.0132563 0.0141097 0.0140744 0.0145844 0.0149632 0.0154227 0.0155086 0.0155086 0.0165539 0.0164277 0.0162964 0.0166145 0.0168418 0.0168014 0.0169478 0.0171044 0.0167509 0.0167812 0.0170741 0.0169478 0.0170084 0.0168822 0.0167812 0.0167862 0.0163317 0.0164176 0.0159631 0.0159429 0.384169 
0.00034845 0.00092415 0.0016463 0.0019796 0.0027472 0.00359055 0.004141 0.0047167 0.0052722 0.0055651 0.00627715 0.0069286 0.00765075 0.0079083 0.00854965 0.00927685 0.009393 0.0097566 0.0102061 0.0107969 0.0115948 0.0117009 0.0126806 0.0125846 0.0128876 0.0134128 0.0135189 0.0141249 0.0142057 0.0142006 0.0142764 0.0148925 0.0152106 0.0152611 0.0149682 0.0156853 0.0154429 0.0155793 0.0155692 0.0152106 0.0156399 0.0157813 0.0153217 0.014746 0.0153874 0.0150137 0.0150036 0.0152308 0.0149228 0.014842 0.395314 
0.00031815 0.0007272 0.0013837 0.0019897 0.00240885 0.0034037 0.0036259 0.0040905 0.00472175 0.00528735 0.00552975 0.00608525 0.00678215 0.00706495 0.0074437 0.00820625 0.008686 0.0093223 0.0094031 0.0096657 0.0100091 0.0108979 0.0110898 0.0115292 0.0115595 0.0122059 0.0120948 0.0120089 0.0127664 0.0128674 0.0130644 0.0135845 0.0138168 0.013832 0.0140542 0.0139885 0.0141905 0.0141097 0.0140643 0.014645 0.0142865 0.01464 0.0139229 0.0141249 0.0145188 0.0142764 0.0137259 0.0136956 0.0134482 0.0139683 0.40253 
0.00023735 0.00072215 0.00110595 0.00177255 0.00231795 0.0029492 0.0031007 0.00396425 0.0043026 0.0047975 0.00491365 0.0053631 0.0060297 0.00674175 0.0067569 0.0071104 0.00774165 0.0082921 0.00888295 0.00904455 0.0094435 0.009696 0.00956975 0.0104333 0.0105798 0.0106151 0.0115494 0.0108121 0.0116201 0.0121554 0.0117211 0.0125594 0.0126099 0.0127917 0.0130442 0.0129331 0.01313 0.0133724 0.0133573 0.0126654 0.0130492 0.0134431 0.013332 0.0131603 0.0130391 0.0130391 0.0134128 0.0131149 0.0125998 0.0126856 0.405005 
0.0001919 0.00065145 0.001111 0.00164125 0.00211595 0.0024543 0.0031108 0.00355015 0.0036764 0.0041612 0.0047066 0.0051005 0.00588325 0.0060196 0.0063327 0.0065751 0.0072821 0.00734775 0.00755985 0.00818605 0.0083426 0.00885265 0.0088577 0.00968085 0.0104131 0.0098576 0.00999395 0.0104737 0.0104636 0.0105242 0.0113221 0.0112817 0.0115999 0.0118827 0.0115797 0.0120039 0.0119685 0.0121251 0.0122059 0.0125038 0.0122715 0.011913 0.0125644 0.0124735 0.012216 0.0119433 0.0127159 0.0123422 0.0116958 0.0117918 0.406015 
0.0001515 0.0006262 0.00115645 0.00138875 0.00189375 0.00216645 0.00265125 0.0032522 0.0035451 0.00390365 0.00439855 0.0046864 0.0050197 0.0055247 0.00608525 0.0061711 0.00652965 0.006464 0.00702455 0.0076053 0.0079184 0.00774165 0.0083325 0.008787 0.009191 0.00901425 0.00921625 0.00961015 0.00975155 0.00954955 0.0102667 0.0100243 0.010403 0.0106808 0.0111858 0.0111908 0.0110595 0.0108424 0.011105 0.0113423 0.0115898 0.011817 0.011509 0.0115494 0.011211 0.0114332 0.0113979 0.011312 0.011711 0.0116706 0.407394 
0 0 0 0 0 0 0 0 0 0 0 0 0 0 0 0 0 0 0 0 0 0 0 0 0 0 0 0 0 0 0 0 0 0 0 0 0 0 0 0 0 0 0 0 0 0 0 0 0 0 0 
