Half rod, albedo problem, Anisotropic scattering, exponential random flight, mu_t: 3 g: -0.3
Analogmu_t c: 0.98 maxx: 10 dx: 0.19802 numsamples: 1000000 numCollisionOrders: 20 numMoments: 10
total albedo: 0.77911
per-collision order albedos: 
0 0.318542 0.109283 0.069762 0.045875 0.033792 0.025799 0.020535 0.016799 0.013848 0.011759 0.01011 0.008783 0.00742 0.006673 0.006023 0.005204 0.004883 0.004327 0.003794 
Collision density L:
2.23096 2.03161 1.84392 1.67054 1.51154 1.38212 1.25163 1.13439 1.0375 0.941163 0.856 0.781346 0.708035 0.641971 0.584527 0.528917 0.479912 0.437845 0.3959 0.360353 0.329482 0.295895 0.271559 0.246102 0.223048 0.200445 0.183613 0.168125 0.152545 0.139537 0.126477 0.114024 0.105409 0.0961116 0.0861581 0.0795224 0.0707303 0.0650794 0.0600546 0.054439 0.0500253 0.044238 0.0411272 0.0376478 0.0347541 0.0313706 0.0285881 0.025856 0.0238663 0.0213161 0.216034 
Collision density R:
2.86301 2.59906 2.36944 2.1533 1.94589 1.77533 1.61103 1.45906 1.32793 1.20357 1.09552 1.00035 0.907692 0.826357 0.745148 0.679144 0.619933 0.559681 0.508444 0.463095 0.420534 0.381815 0.347647 0.316943 0.287663 0.259716 0.234381 0.215691 0.193117 0.178124 0.162171 0.146288 0.133992 0.12166 0.110747 0.101884 0.0929958 0.0830978 0.0760025 0.0686194 0.0641249 0.0568984 0.0524089 0.0470761 0.0432886 0.0394506 0.0365368 0.0336835 0.0303909 0.027568 0.277013 
Density Moments:
11.0471 22.9386 95.8085 603.251 5076.02 53278.6 665722 9.55896e+06 1.53338e+08 2.68569e+09 
Per-collision Density Moments:
1 0.333315 0.222282 0.222542 0.297661 0.498538 1.00125 2.33348 6.14345 17.8622 
0.661615 0.334649 0.298849 0.374452 0.599976 1.16625 2.65333 6.87329 19.8191 62.4165 
0.53912 0.361589 0.388145 0.561255 1.01364 2.18573 5.45327 15.3672 47.9605 163.072 
0.458522 0.367941 0.454973 0.740705 1.48293 3.50638 9.52488 29.1239 98.6698 365.784 
0.403624 0.372269 0.513633 0.916653 1.98643 5.03495 14.5447 46.9497 166.67 642.085 
0.361859 0.373014 0.564237 1.09177 2.54657 6.91616 21.3652 73.7924 281.121 1167.89 
0.328821 0.371719 0.607099 1.25491 3.09963 8.84813 28.5477 102.429 403.51 1726.44 
0.301719 0.369444 0.646602 1.42329 3.72854 11.2571 38.3322 144.858 599.651 2688.83 
0.278862 0.365908 0.680684 1.58443 4.37222 13.8579 49.3716 194.499 835.984 3875.45 
0.25943 0.361873 0.709925 1.73428 5.00673 16.5736 61.6514 253.895 1143.92 5581.95 
0.242497 0.35758 0.73774 1.88948 5.70657 19.7315 76.5723 328.604 1540.84 7814.17 
0.22746 0.352841 0.761308 2.03221 6.38053 22.8844 91.9001 406.786 1958.07 10125.9 
0.21409 0.347396 0.781049 2.16695 7.05682 26.2176 109.029 500.207 2500.93 13478.9 
0.202471 0.342347 0.799362 2.29806 7.7381 29.6629 127.044 599.655 3085.83 17161.2 
0.191683 0.337152 0.815837 2.42507 8.43344 33.3912 147.947 724.75 3889.61 22699.5 
0.181849 0.331477 0.828872 2.54382 9.13507 37.3798 171.356 869.43 4835.77 29237 
0.172981 0.326277 0.842115 2.66398 9.84954 41.4649 195.662 1024.76 5917.37 37459.2 
0.164669 0.321105 0.854423 2.78046 10.5528 45.5029 219.392 1170.7 6863.22 43921.8 
0.157012 0.31573 0.864224 2.89027 11.2693 49.9263 247.53 1361.21 8262.57 55208.1 
0 0 0 0 0 0 0 0 0 0 
Per-collision Densities L:
0 0 0 0 0 0 0 0 0 0 0 0 0 0 0 0 0 0 0 0 0 0 0 0 0 0 0 0 0 0 0 0 0 0 0 0 0 0 0 0 0 0 0 0 0 0 0 0 0 0 0 
0.719741 0.397612 0.220438 0.122372 0.0670691 0.0369711 0.0203616 0.0109131 0.0061711 0.00347945 0.00176245 0.00102515 0.0005454 0.0003434 0.00016665 0.00013635 7.07e-05 2.02e-05 1.515e-05 2.02e-05 1.01e-05 0 0 0 0 0 0 0 0 0 0 0 0 0 0 0 0 0 0 0 0 0 0 0 0 0 0 0 0 0 0 
0.314065 0.255611 0.185689 0.1278 0.0828806 0.0537522 0.0332038 0.0212201 0.0125745 0.00783255 0.00485305 0.00275225 0.00165135 0.0009494 0.0005555 0.0003333 0.0001717 0.0001616 7.07e-05 3.535e-05 1.515e-05 1.515e-05 0 5.05e-06 5.05e-06 0 0 0 0 0 0 0 0 0 0 0 0 0 0 0 0 0 0 0 0 0 0 0 0 0 0 
0.22417 0.21515 0.179245 0.136436 0.0978589 0.0689426 0.047465 0.0312595 0.0200384 0.0131452 0.00828705 0.0057368 0.0032623 0.0019998 0.0012928 0.00076255 0.00048985 0.00034845 0.000202 0.00011615 4.545e-05 2.525e-05 2.525e-05 2.525e-05 1.01e-05 5.05e-06 0 0 0 0 0 0 0 0 0 0 0 0 0 0 0 0 0 0 0 0 0 0 0 0 0 
0.153318 0.161423 0.147298 0.123624 0.0976014 0.0749471 0.0538027 0.0387083 0.0273104 0.0182305 0.0126099 0.00878195 0.0052722 0.0034542 0.0022624 0.0014645 0.00102515 0.0006666 0.00033835 0.0002121 0.00018685 0.0001111 3.535e-05 2.02e-05 3.03e-05 1.515e-05 0 0 0 0 0 5.05e-06 0 0 0 0 0 0 0 0 0 0 0 0 0 0 0 0 0 0 0 
0.113948 0.127351 0.124422 0.110822 0.0936624 0.0755127 0.0587669 0.0435815 0.0325776 0.0230331 0.0158823 0.0114484 0.0077467 0.0049389 0.0032724 0.00237855 0.0015756 0.00097465 0.0006666 0.0004141 0.0003232 0.0001717 7.575e-05 8.08e-05 4.04e-05 2.02e-05 1.01e-05 5.05e-06 1.01e-05 0 5.05e-06 0 0 0 0 0 0 0 0 0 0 0 0 0 0 0 0 0 0 0 0 
0.0878296 0.102621 0.104338 0.097566 0.086451 0.0728816 0.0587063 0.045753 0.0357641 0.0264115 0.019392 0.0143925 0.0098374 0.00707 0.0046662 0.00332795 0.0021614 0.00137865 0.0009494 0.00071205 0.0004747 0.0002727 0.00015655 0.00015655 7.575e-05 6.06e-05 3.03e-05 2.02e-05 5.05e-06 2.02e-05 0 5.05e-06 1.01e-05 0 0 0 0 0 0 0 0 0 0 0 0 0 0 0 0 0 0 
0.0717908 0.0828301 0.0871226 0.0852996 0.0774569 0.0689022 0.0585043 0.0464651 0.0378599 0.0287345 0.0216696 0.0167408 0.0120897 0.0087668 0.0057267 0.0041713 0.00315625 0.00213615 0.0013534 0.0009191 0.00048985 0.0005151 0.0002828 0.0001616 5.555e-05 6.06e-05 6.565e-05 5.555e-05 2.525e-05 0 1.01e-05 5.05e-06 1.01e-05 0 0 5.05e-06 0 0 0 0 0 0 0 0 0 0 0 0 0 0 0 
0.0587517 0.0691345 0.0745835 0.0746744 0.0702657 0.0641653 0.0557217 0.0463691 0.0383447 0.030603 0.0238259 0.0182053 0.013529 0.0101303 0.0073427 0.0055449 0.00379255 0.00275225 0.00172205 0.0013332 0.0009393 0.00068175 0.0004545 0.00032825 0.00017675 0.0001212 9.09e-05 5.05e-05 2.02e-05 2.02e-05 2.525e-05 1.515e-05 5.05e-06 0 5.05e-06 5.05e-06 0 0 0 0 0 0 0 0 0 0 0 0 0 0 0 
0.0477225 0.058171 0.0639179 0.0654834 0.0627261 0.0597466 0.0519494 0.0459096 0.0384356 0.0314514 0.0253005 0.0205838 0.0151349 0.0117312 0.0085749 0.0067771 0.0046561 0.00343905 0.00236845 0.0016362 0.0013635 0.0009999 0.00055045 0.00036865 0.00030805 0.00018685 0.0001414 9.09e-05 3.535e-05 5.05e-05 3.535e-05 1.515e-05 2.02e-05 1.01e-05 0 0 5.05e-06 0 0 0 0 0 0 0 0 0 0 0 0 0 0 
0.0411525 0.0500304 0.0565499 0.0575599 0.0570398 0.0535098 0.0498435 0.0434704 0.0374003 0.0317999 0.0258914 0.0199576 0.0162408 0.012322 0.0098879 0.00770125 0.00519645 0.0039087 0.0029795 0.00207555 0.00150995 0.00098475 0.00086355 0.0005454 0.0003232 0.000303 0.0002121 0.0001717 7.575e-05 6.565e-05 2.525e-05 3.535e-05 1.01e-05 1.515e-05 5.05e-06 1.515e-05 5.05e-06 0 0 0 0 0 0 0 0 0 0 0 0 0 0 
0.0347642 0.0436623 0.0481265 0.0510757 0.0510303 0.0497021 0.0454551 0.0418999 0.0365317 0.0309717 0.0260378 0.0218615 0.0171044 0.0137613 0.0109737 0.0085446 0.00603475 0.0049288 0.0035047 0.0025755 0.00190385 0.00147965 0.00089385 0.0006464 0.0004747 0.00033835 0.00021715 0.00014645 0.00011615 0.00010605 5.555e-05 4.04e-05 1.515e-05 3.03e-05 5.05e-06 5.05e-06 1.01e-05 5.05e-06 0 5.05e-06 0 5.05e-06 0 0 0 0 0 0 0 0 0 
0.0304162 0.038077 0.0435411 0.0457278 0.046561 0.0458944 0.0423645 0.0393193 0.0348703 0.0302041 0.0258358 0.0214373 0.0178265 0.0148521 0.0116554 0.0091001 0.00728715 0.0050904 0.0041107 0.0030805 0.0020907 0.00168165 0.0012423 0.0008383 0.0007474 0.00041915 0.000303 0.00025755 0.00016665 0.00012625 8.585e-05 7.07e-05 2.525e-05 3.535e-05 4.04e-05 1.515e-05 2.02e-05 0 5.05e-06 0 0 0 0 0 0 0 0 0 0 0 0 
0.026154 0.034335 0.0380417 0.0412636 0.0424099 0.04191 0.0396981 0.0365469 0.0333502 0.0295223 0.0255227 0.0219574 0.018983 0.0155338 0.0120392 0.0098475 0.0075952 0.00584285 0.00440865 0.0035249 0.0024745 0.0018887 0.00139885 0.00101505 0.0008484 0.0006666 0.0004242 0.0003131 0.000202 0.0001515 0.00015655 6.565e-05 7.07e-05 4.04e-05 4.04e-05 3.03e-05 1.01e-05 1.01e-05 5.05e-06 5.05e-06 0 0 0 0 0 0 0 0 0 0 0 
0.0234219 0.0295526 0.0342895 0.0370923 0.0381477 0.0376528 0.0369054 0.0335472 0.0315524 0.0282952 0.0250884 0.0219928 0.0184881 0.0155793 0.0123069 0.0100748 0.0082517 0.00637815 0.0049894 0.00401475 0.0030704 0.0022624 0.00178265 0.0012625 0.0010807 0.00070195 0.00045955 0.0003333 0.0002424 0.0002222 0.00017675 9.595e-05 8.585e-05 2.525e-05 1.01e-05 3.535e-05 1.01e-05 1.515e-05 5.05e-06 5.05e-06 0 5.05e-06 0 5.05e-06 0 0 0 0 0 0 0 
0.0209171 0.0263509 0.0313403 0.0342289 0.0347238 0.0347693 0.0335623 0.032825 0.0303909 0.0273003 0.0246289 0.0217605 0.0188769 0.0152561 0.0130341 0.0108878 0.0086658 0.00688315 0.00583275 0.0041612 0.0035249 0.0025654 0.00182305 0.00148975 0.00108575 0.00080295 0.00044945 0.00043935 0.000303 0.00020705 0.0002222 9.595e-05 0.0001212 9.09e-05 3.535e-05 3.535e-05 2.02e-05 1.01e-05 1.01e-05 2.02e-05 0 0 5.05e-06 0 5.05e-06 0 0 0 0 0 5.05e-06 
0.0183568 0.0236845 0.0283154 0.0300475 0.0316181 0.0322897 0.0322897 0.0298758 0.0285477 0.0259116 0.0243865 0.0211595 0.018281 0.0153773 0.0129836 0.0107313 0.0091304 0.0072013 0.00594385 0.00433795 0.0037269 0.0026664 0.00229775 0.00173215 0.0012524 0.00096455 0.0007979 0.0005252 0.0004141 0.000303 0.00023735 0.000202 0.0001414 0.0001111 6.565e-05 5.555e-05 3.535e-05 1.01e-05 1.515e-05 2.02e-05 0 1.01e-05 0 5.05e-06 0 0 0 0 0 0 0 
0.0169226 0.0216039 0.0251086 0.0274872 0.0289416 0.0296284 0.0294617 0.0284315 0.0275276 0.0253308 0.0225079 0.0196546 0.0178669 0.0154631 0.0130492 0.0114484 0.0095142 0.0080194 0.0060499 0.0049591 0.004141 0.0033835 0.00256035 0.00195435 0.00135845 0.001111 0.000808 0.0006868 0.00049995 0.00033835 0.00022725 0.00019695 0.00011615 0.00010605 7.575e-05 7.575e-05 6.06e-05 6.06e-05 3.535e-05 1.01e-05 2.02e-05 0 0 0 5.05e-06 1.515e-05 0 0 5.05e-06 0 5.05e-06 
0.0148369 0.0192001 0.0227806 0.0251995 0.0265529 0.0278457 0.0277043 0.0266943 0.0259065 0.0239017 0.0216595 0.0196243 0.0178518 0.0151803 0.0132563 0.0113373 0.0098879 0.00793355 0.00648925 0.00535805 0.00429755 0.00335825 0.0025957 0.00212605 0.00161095 0.00130795 0.00095445 0.0007272 0.00051005 0.000404 0.00029795 0.00025755 0.0001212 0.00011615 0.0001111 8.585e-05 8.08e-05 6.06e-05 2.525e-05 1.515e-05 1.515e-05 2.02e-05 1.515e-05 0 1.01e-05 0 5.05e-06 0 0 0 1.01e-05 
0 0 0 0 0 0 0 0 0 0 0 0 0 0 0 0 0 0 0 0 0 0 0 0 0 0 0 0 0 0 0 0 0 0 0 0 0 0 0 0 0 0 0 0 0 0 0 0 0 0 0 
Per-collision Densities L:
2.2617 1.2486 0.688305 0.381593 0.211686 0.11612 0.0634179 0.0345471 0.0197354 0.0110646 0.0057469 0.00330775 0.00181295 0.00105545 0.00056055 0.00031815 0.00019695 0.0001111 5.555e-05 3.535e-05 1.515e-05 5.05e-06 5.05e-06 5.05e-06 0 0 0 0 0 0 0 0 0 0 0 0 0 0 0 0 0 0 0 0 0 0 0 0 0 0 0 
0.208353 0.368377 0.345713 0.268615 0.18933 0.127947 0.0842088 0.054237 0.0332997 0.0202253 0.0125998 0.0078275 0.00474195 0.00251995 0.00147965 0.0009494 0.00070195 0.00033835 0.00017675 0.00014645 4.545e-05 3.03e-05 3.03e-05 1.01e-05 1.01e-05 0 0 0 0 0 0 0 0 0 0 0 0 0 0 0 0 0 0 0 0 0 0 0 0 0 0 
0.136971 0.273836 0.289875 0.255813 0.197475 0.147536 0.104378 0.0731442 0.0491416 0.0313706 0.0207656 0.013231 0.00871125 0.0053126 0.00338855 0.00194425 0.00139885 0.00079285 0.0005656 0.0002929 0.000202 7.575e-05 4.545e-05 2.02e-05 3.535e-05 2.02e-05 1.01e-05 0 0 0 0 0 0 0 0 0 0 0 0 0 0 0 0 0 0 0 0 0 0 0 0 
0.0595042 0.14745 0.188915 0.188511 0.167806 0.137941 0.107439 0.0792446 0.0582316 0.040804 0.0270024 0.0190688 0.0133674 0.00846885 0.0055651 0.00344915 0.00216645 0.0016968 0.00101505 0.00058075 0.00035855 0.00027775 0.00014645 4.545e-05 5.555e-05 3.535e-05 1.515e-05 1.515e-05 5.05e-06 5.05e-06 0 0 5.05e-06 0 0 0 0 0 0 0 0 0 0 0 0 0 0 0 0 0 0 
0.0379306 0.102414 0.139511 0.150748 0.142269 0.126982 0.103974 0.0814515 0.0643522 0.0472579 0.0335472 0.0235886 0.016559 0.0119281 0.0076861 0.0051712 0.00348955 0.00241895 0.0015554 0.0009999 0.0005858 0.00044945 0.00027775 0.00012625 0.00011615 7.07e-05 2.02e-05 3.03e-05 2.02e-05 1.01e-05 0 5.05e-06 0 0 0 0 0 0 0 0 0 0 0 0 0 0 0 0 0 0 0 
0.0255732 0.071705 0.103247 0.117594 0.119008 0.111666 0.0968994 0.0792446 0.0640795 0.0506616 0.0385669 0.0279164 0.0200283 0.0148268 0.0105141 0.00705485 0.004848 0.0034643 0.0023028 0.0014544 0.00111605 0.0006666 0.00039895 0.00028785 0.0002222 0.00010605 9.09e-05 3.535e-05 3.535e-05 2.525e-05 5.05e-06 0 1.01e-05 1.01e-05 0 5.05e-06 0 0 0 0 0 0 0 0 0 0 0 0 0 0 0 
0.0187002 0.052919 0.0806435 0.0943896 0.0994598 0.0959399 0.0887588 0.0759268 0.0636755 0.0524291 0.0407687 0.0313555 0.0231543 0.0170387 0.0124634 0.0089991 0.0064539 0.00459045 0.0031411 0.0021715 0.0013736 0.0008888 0.000707 0.0004343 0.00021715 0.0001313 0.00011615 6.06e-05 5.05e-05 3.535e-05 2.525e-05 5.05e-06 2.02e-05 0 0 0 5.05e-06 0 0 0 0 0 0 0 0 0 0 0 0 0 0 
0.0139835 0.0413141 0.0630291 0.0768459 0.0854561 0.0843451 0.078881 0.0712606 0.0608424 0.051707 0.0414858 0.0327695 0.0262802 0.0198617 0.0147915 0.0107262 0.00786285 0.00553985 0.00407535 0.00272195 0.0020604 0.00145945 0.0008888 0.00071205 0.00045955 0.00033835 0.000202 0.0001111 7.07e-05 6.565e-05 2.525e-05 2.02e-05 2.02e-05 1.01e-05 1.01e-05 5.05e-06 5.05e-06 0 0 0 0 0 0 0 0 0 0 0 0 0 0 
0.0117362 0.0327594 0.0508182 0.0644532 0.0703617 0.073523 0.0712555 0.064938 0.0581154 0.049894 0.0416019 0.0340471 0.027568 0.0216746 0.0165994 0.0121503 0.00918595 0.00685285 0.0049389 0.00364105 0.00240885 0.0017978 0.0012827 0.0009696 0.0005959 0.0004848 0.000303 0.000202 9.595e-05 8.08e-05 7.575e-05 3.535e-05 3.535e-05 1.515e-05 5.05e-06 5.05e-06 1.01e-05 5.05e-06 0 0 0 0 0 0 0 0 0 0 0 0 0 
0.0101202 0.0273508 0.0437987 0.0536664 0.0605192 0.0638876 0.0635947 0.0589487 0.0541966 0.0481013 0.0420918 0.0338502 0.0277902 0.0222857 0.0172811 0.0140895 0.0103475 0.00766085 0.0055146 0.0042824 0.00309565 0.0022321 0.00168165 0.00117665 0.00083325 0.0005959 0.0004141 0.00027775 0.0001717 0.00011615 5.05e-05 5.555e-05 5.05e-05 3.535e-05 1.01e-05 5.05e-06 3.535e-05 5.05e-06 0 0 0 5.05e-06 0 0 0 0 0 0 0 0 0 
0.0079386 0.0229977 0.0353248 0.0459247 0.052111 0.0563429 0.0565348 0.0544087 0.0510606 0.0452581 0.0395819 0.0349864 0.0293607 0.0237401 0.0185184 0.0147864 0.0118928 0.0086557 0.00677205 0.0051005 0.0035249 0.0028684 0.00213615 0.0014342 0.00109585 0.000808 0.0005757 0.00037875 0.0002121 0.00013635 0.00012625 0.00012625 4.545e-05 6.06e-05 4.545e-05 5.05e-06 3.03e-05 1.01e-05 0 0 0 5.05e-06 0 5.05e-06 0 0 0 0 0 0 0 
0.0066559 0.0195688 0.0309717 0.0389658 0.045546 0.0501364 0.0515605 0.0496971 0.0465812 0.0426018 0.038678 0.0330119 0.0285527 0.0239118 0.0196344 0.0158671 0.0124331 0.0097768 0.0075447 0.0053429 0.00441875 0.0031209 0.0024846 0.0016968 0.0013231 0.0011009 0.0006262 0.0005757 0.00034845 0.00027775 0.00016665 9.595e-05 0.000101 8.585e-05 6.565e-05 5.05e-05 4.04e-05 1.01e-05 0 0 0 0 0 0 0 0 0 0 0 0 0 
0.00541865 0.0166246 0.0263711 0.0341532 0.0402334 0.0441623 0.0451925 0.0453995 0.0429604 0.039996 0.0361227 0.0330422 0.0282598 0.0240027 0.019594 0.0168468 0.0132209 0.0102313 0.00844865 0.0065549 0.00476215 0.003838 0.00263105 0.0020503 0.0014039 0.00106555 0.00090395 0.00075245 0.00041915 0.0002121 0.0002323 0.00020705 8.585e-05 0.0001111 5.555e-05 5.555e-05 6.565e-05 5.05e-06 5.05e-06 1.515e-05 1.01e-05 5.05e-06 0 0 0 5.05e-06 0 0 0 0 0 
0.0049692 0.0144077 0.0234876 0.0302243 0.03585 0.039688 0.0411272 0.0406828 0.0401677 0.0374306 0.0336431 0.031613 0.0275781 0.0234472 0.0198566 0.0167963 0.0136047 0.0115443 0.00904455 0.0068781 0.0054136 0.00428745 0.0032421 0.00244925 0.00170185 0.0013029 0.0010201 0.00077265 0.0005151 0.00039895 0.00030805 0.0001919 0.0001616 0.00011615 6.06e-05 5.05e-05 5.05e-05 2.02e-05 4.04e-05 5.05e-06 5.05e-06 5.05e-06 5.05e-06 0 5.05e-06 0 0 0 0 5.05e-06 0 
0.00409555 0.0131603 0.0203162 0.0270781 0.0321938 0.0358045 0.037572 0.0376882 0.0364812 0.0355773 0.0328654 0.0301233 0.0269771 0.0242602 0.019796 0.0169125 0.0140138 0.0117665 0.00926675 0.0074942 0.00600445 0.00473185 0.00356025 0.00254015 0.00204525 0.00168165 0.0011312 0.000909 0.00059085 0.00039895 0.00040905 0.00023735 0.00019695 0.00014645 0.0001515 8.585e-05 8.585e-05 4.545e-05 1.515e-05 1.515e-05 2.02e-05 1.01e-05 1.515e-05 5.05e-06 0 5.05e-06 0 0 0 0 5.05e-06 
0.003636 0.0108575 0.0179528 0.0241643 0.0283053 0.0313858 0.034239 0.0346784 0.0341885 0.0321584 0.0311131 0.028684 0.0262247 0.0229977 0.0193213 0.0169024 0.0143319 0.0121049 0.0094738 0.0079285 0.0059792 0.00497425 0.0041208 0.0029492 0.0025149 0.00174225 0.0013433 0.0011312 0.00079285 0.0005454 0.0005151 0.0003636 0.00021715 0.00014645 0.00015655 0.00017675 6.565e-05 6.06e-05 3.03e-05 3.03e-05 1.01e-05 1.515e-05 1.01e-05 5.05e-06 1.01e-05 1.01e-05 0 1.01e-05 0 0 0 
0.00322695 0.0100849 0.0161146 0.0217453 0.0256995 0.0286891 0.0303455 0.0319211 0.032214 0.0309666 0.0299364 0.0271084 0.0241845 0.0227402 0.0193011 0.0167105 0.0147006 0.0123119 0.0101758 0.00815575 0.00670135 0.00571155 0.004343 0.00354005 0.00268155 0.0019998 0.0015958 0.0011413 0.00079285 0.00062115 0.000505 0.00037875 0.00028785 0.00017675 0.0001818 0.0001111 0.0001313 8.585e-05 6.06e-05 2.02e-05 2.02e-05 1.515e-05 5.05e-06 5.05e-06 1.01e-05 5.05e-06 1.01e-05 0 0 0 2.525e-05 
0.00287345 0.008585 0.0143673 0.0192506 0.0229371 0.0259621 0.0288658 0.029487 0.0291183 0.0288658 0.0277195 0.0260984 0.0237956 0.0217201 0.0192254 0.0167206 0.0145642 0.0120645 0.0103778 0.00874155 0.00699425 0.0056156 0.0044339 0.00374205 0.00296435 0.00230785 0.00180285 0.0013433 0.0009898 0.0008181 0.00058075 0.0004747 0.0003535 0.0002626 0.0001919 0.0001515 0.00012625 7.575e-05 4.545e-05 2.525e-05 1.515e-05 1.515e-05 3.535e-05 5.05e-06 0 1.01e-05 5.05e-06 5.05e-06 0 0 1.515e-05 
0.0028583 0.0076861 0.0126856 0.0175589 0.0213615 0.0233916 0.0256894 0.0266186 0.027366 0.0268004 0.0260126 0.0251086 0.0226341 0.0205687 0.0186194 0.0166398 0.0148571 0.0123826 0.0107414 0.00883245 0.00731745 0.0059994 0.00448945 0.00399455 0.0032926 0.00232805 0.00204525 0.00166145 0.0011413 0.00099485 0.00071205 0.00057065 0.00043935 0.00025755 0.00022725 0.00017675 0.0001111 0.00011615 0.0001111 6.565e-05 3.03e-05 1.01e-05 1.01e-05 1.01e-05 0 5.05e-06 1.01e-05 1.01e-05 5.05e-06 5.05e-06 1.01e-05 
0 0 0 0 0 0 0 0 0 0 0 0 0 0 0 0 0 0 0 0 0 0 0 0 0 0 0 0 0 0 0 0 0 0 0 0 0 0 0 0 0 0 0 0 0 0 0 0 0 0 0 
