Half rod, albedo problem, Anisotropic scattering, exponential random flight, mu_t: 3 g: -0.9
Analogmu_t c: 0.3 maxx: 10 dx: 0.19802 numsamples: 10000000 numCollisionOrders: 20 numMoments: 10
total albedo: 0.147843
per-collision order albedos: 
0 0.142476 0.0021517 0.0029491 0.0001301 0.0001209 8e-06 6.2e-06 5e-07 5e-07 0 0 0 0 0 0 0 0 0 0 
Collision density L:
0.33957 0.194368 0.110677 0.0631048 0.0362469 0.0205035 0.0117418 0.00675135 0.00384002 0.00222554 0.00129028 0.000717605 0.00038683 0.00023432 0.00013938 6.666e-05 4.646e-05 2.525e-05 1.414e-05 7.07e-06 2.02e-06 2.02e-06 5.05e-07 0 5.05e-07 0 5.05e-07 0 0 0 0 0 0 0 0 0 0 0 0 0 0 0 0 0 0 0 0 0 0 0 0 
Collision density R:
2.2981 1.31077 0.749315 0.428276 0.244347 0.139281 0.0797244 0.0454313 0.0258631 0.0149384 0.0085138 0.00487325 0.002777 0.00159025 0.000924655 0.00052318 0.00029189 0.000177255 9.191e-05 5.252e-05 3.3835e-05 1.4645e-05 6.06e-06 6.565e-06 2.525e-06 1.01e-06 2.525e-06 0 5.05e-07 5.05e-07 0 5.05e-07 0 0 0 0 0 0 0 0 0 0 0 0 0 0 0 0 0 0 0 
Density Moments:
1.2174 0.430294 0.304259 0.322725 0.456269 0.805565 1.70427 4.20166 11.8402 37.6149 
Per-collision Density Moments:
1 0.333274 0.222199 0.22228 0.296654 0.495229 0.992502 2.32039 6.19457 18.5673 
0.157541 0.0574309 0.0415645 0.0448673 0.0642959 0.114811 0.2456 0.613208 1.7558 5.69408 
0.0451017 0.0294542 0.0293308 0.0390928 0.065121 0.129761 0.299863 0.785325 2.28975 7.32707 
0.0105849 0.00653281 0.00664786 0.00920333 0.0159596 0.0330582 0.0793226 0.215794 0.654714 2.18457 
0.0030543 0.00262536 0.00324502 0.00515361 0.00996333 0.0228428 0.0616355 0.196037 0.733258 3.17191 
0.0007962 0.000650602 0.000811441 0.00131788 0.00259729 0.00594708 0.0153261 0.0433612 0.132066 0.426472 
0.0002345 0.00023523 0.000330269 0.000580402 0.00119967 0.00279974 0.00717383 0.0197828 0.0578419 0.177249 
6.53e-05 6.09852e-05 8.1468e-05 0.000136578 0.000270915 0.000612117 0.00153116 0.0041434 0.0118998 0.0357163 
1.91e-05 2.15264e-05 3.35611e-05 6.48029e-05 0.000144436 0.000355074 0.000935491 0.00259346 0.00747509 0.0222162 
5.4e-06 6.40276e-06 1.0134e-05 1.91099e-05 4.08882e-05 9.66543e-05 0.000247785 0.00067829 0.00195521 0.0058623 
1.2e-06 1.86296e-06 3.45857e-06 7.09248e-06 1.59222e-05 3.85685e-05 9.91148e-05 0.000266036 0.000736521 0.00208368 
2e-07 2.17061e-07 2.93017e-07 4.42691e-07 6.99922e-07 1.12496e-06 1.81843e-06 2.94511e-06 4.77303e-06 7.7372e-06 
2e-07 2.65211e-07 5.48417e-07 1.24899e-06 2.88756e-06 6.69046e-06 1.55067e-05 3.59419e-05 8.33078e-05 0.000193095 
1e-07 2.2946e-07 5.2652e-07 1.20815e-06 2.77223e-06 6.36116e-06 1.45963e-05 3.34927e-05 7.68525e-05 0.000176346 
0 0 0 0 0 0 0 0 0 0 
0 0 0 0 0 0 0 0 0 0 
0 0 0 0 0 0 0 0 0 0 
0 0 0 0 0 0 0 0 0 0 
0 0 0 0 0 0 0 0 0 0 
0 0 0 0 0 0 0 0 0 0 
Per-collision Densities L:
0 0 0 0 0 0 0 0 0 0 0 0 0 0 0 0 0 0 0 0 0 0 0 0 0 0 0 0 0 0 0 0 0 0 0 0 0 0 0 0 0 0 0 0 0 0 0 0 0 0 0 
0.322522 0.178366 0.0982624 0.0540537 0.0300293 0.0163862 0.00913848 0.00505505 0.00275781 0.00154934 0.000850925 0.000457025 0.000247955 0.00014443 7.777e-05 3.8885e-05 2.525e-05 1.313e-05 8.585e-06 3.03e-06 1.515e-06 1.515e-06 5.05e-07 0 0 0 0 0 0 0 0 0 0 0 0 0 0 0 0 0 0 0 0 0 0 0 0 0 0 0 0 
0.00608879 0.00497728 0.00358702 0.00248511 0.00160085 0.00104182 0.00064236 0.000407535 0.000242905 0.000147965 0.000100495 5.2015e-05 3.4845e-05 1.4645e-05 1.4645e-05 6.06e-06 3.03e-06 3.03e-06 2.02e-06 1.01e-06 0 0 0 0 5.05e-07 0 5.05e-07 0 0 0 0 0 0 0 0 0 0 0 0 0 0 0 0 0 0 0 0 0 0 0 0 
0.0100182 0.00992527 0.00782346 0.00571711 0.00390113 0.00255379 0.00160742 0.00103323 0.00066256 0.000410565 0.000246945 0.00015453 7.9285e-05 4.7975e-05 3.232e-05 1.616e-05 1.2625e-05 6.06e-06 2.525e-06 2.525e-06 5.05e-07 5.05e-07 0 0 0 0 0 0 0 0 0 0 0 0 0 0 0 0 0 0 0 0 0 0 0 0 0 0 0 0 0 
0.00044339 0.000489345 0.000431775 0.000341885 0.000277245 0.000220685 0.000139885 9.393e-05 6.868e-05 4.8985e-05 3.0805e-05 1.818e-05 7.575e-06 1.0605e-05 6.06e-06 2.525e-06 1.515e-06 0 5.05e-07 5.05e-07 0 0 0 0 0 0 0 0 0 0 0 0 0 0 0 0 0 0 0 0 0 0 0 0 0 0 0 0 0 0 0 
0.00043733 0.0005353 0.0004949 0.000422685 0.000359055 0.00025351 0.000177255 0.000130795 8.787e-05 5.757e-05 4.3935e-05 2.929e-05 1.1615e-05 1.4645e-05 6.06e-06 2.02e-06 2.525e-06 3.03e-06 5.05e-07 0 0 0 0 0 0 0 0 0 0 0 0 0 0 0 0 0 0 0 0 0 0 0 0 0 0 0 0 0 0 0 0 
2.929e-05 3.9895e-05 4.1915e-05 4.4945e-05 3.838e-05 2.3735e-05 1.4645e-05 1.4645e-05 8.585e-06 6.06e-06 5.05e-06 2.02e-06 3.535e-06 1.01e-06 2.02e-06 1.01e-06 5.05e-07 0 0 0 0 0 0 0 0 0 0 0 0 0 0 0 0 0 0 0 0 0 0 0 0 0 0 0 0 0 0 0 0 0 0 
2.727e-05 2.9795e-05 3.2825e-05 3.3835e-05 3.535e-05 1.717e-05 1.8685e-05 1.313e-05 8.585e-06 2.525e-06 1.01e-05 3.03e-06 1.515e-06 5.05e-07 5.05e-07 0 5.05e-07 0 0 0 0 0 0 0 0 0 0 0 0 0 0 0 0 0 0 0 0 0 0 0 0 0 0 0 0 0 0 0 0 0 0 
2.02e-06 3.03e-06 1.01e-06 2.525e-06 4.04e-06 3.03e-06 1.515e-06 1.01e-06 2.525e-06 1.01e-06 5.05e-07 0 0 5.05e-07 0 0 5.05e-07 0 0 0 0 0 0 0 0 0 0 0 0 0 0 0 0 0 0 0 0 0 0 0 0 0 0 0 0 0 0 0 0 0 0 
1.515e-06 1.515e-06 1.515e-06 3.03e-06 1.515e-06 3.535e-06 1.515e-06 2.02e-06 0 1.01e-06 1.01e-06 1.01e-06 5.05e-07 0 0 0 0 0 0 0 0 0 0 0 0 0 0 0 0 0 0 0 0 0 0 0 0 0 0 0 0 0 0 0 0 0 0 0 0 0 0 
5.05e-07 0 0 0 0 0 0 0 0 5.05e-07 5.05e-07 0 0 0 0 0 0 0 0 0 0 0 0 0 0 0 0 0 0 0 0 0 0 0 0 0 0 0 0 0 0 0 0 0 0 0 0 0 0 0 0 
0 0 0 0 0 0 0 0 5.05e-07 0 0 0 0 0 0 0 0 0 0 0 0 0 0 0 0 0 0 0 0 0 0 0 0 0 0 0 0 0 0 0 0 0 0 0 0 0 0 0 0 0 0 
0 5.05e-07 0 0 0 0 0 0 0 0 0 0 0 0 0 0 0 0 0 0 0 0 0 0 0 0 0 0 0 0 0 0 0 0 0 0 0 0 0 0 0 0 0 0 0 0 0 0 0 0 0 
0 0 0 0 0 0 0 0 0 0 0 5.05e-07 0 0 0 0 0 0 0 0 0 0 0 0 0 0 0 0 0 0 0 0 0 0 0 0 0 0 0 0 0 0 0 0 0 0 0 0 0 0 0 
0 0 0 0 0 0 0 0 0 0 0 0 0 0 0 0 0 0 0 0 0 0 0 0 0 0 0 0 0 0 0 0 0 0 0 0 0 0 0 0 0 0 0 0 0 0 0 0 0 0 0 
0 0 0 0 0 0 0 0 0 0 0 0 0 0 0 0 0 0 0 0 0 0 0 0 0 0 0 0 0 0 0 0 0 0 0 0 0 0 0 0 0 0 0 0 0 0 0 0 0 0 0 
0 0 0 0 0 0 0 0 0 0 0 0 0 0 0 0 0 0 0 0 0 0 0 0 0 0 0 0 0 0 0 0 0 0 0 0 0 0 0 0 0 0 0 0 0 0 0 0 0 0 0 
0 0 0 0 0 0 0 0 0 0 0 0 0 0 0 0 0 0 0 0 0 0 0 0 0 0 0 0 0 0 0 0 0 0 0 0 0 0 0 0 0 0 0 0 0 0 0 0 0 0 0 
0 0 0 0 0 0 0 0 0 0 0 0 0 0 0 0 0 0 0 0 0 0 0 0 0 0 0 0 0 0 0 0 0 0 0 0 0 0 0 0 0 0 0 0 0 0 0 0 0 0 0 
0 0 0 0 0 0 0 0 0 0 0 0 0 0 0 0 0 0 0 0 0 0 0 0 0 0 0 0 0 0 0 0 0 0 0 0 0 0 0 0 0 0 0 0 0 0 0 0 0 0 0 
Per-collision Densities L:
2.26302 1.24791 0.689297 0.380922 0.21023 0.115674 0.064133 0.0352657 0.0194173 0.010806 0.00599637 0.00325473 0.00181548 0.00100445 0.00056257 0.000310575 0.000172205 0.00010201 5.1005e-05 3.03e-05 1.6665e-05 7.07e-06 2.02e-06 2.525e-06 2.02e-06 1.01e-06 1.01e-06 0 5.05e-07 0 0 0 0 0 0 0 0 0 0 0 0 0 0 0 0 0 0 0 0 0 0 
0.00912333 0.016062 0.0151626 0.0117089 0.00823554 0.00557722 0.00368499 0.0023028 0.00144733 0.00090193 0.000547925 0.00032219 0.000210585 0.000123725 7.2215e-05 4.848e-05 2.323e-05 1.414e-05 9.09e-06 5.555e-06 5.555e-06 1.515e-06 0 5.05e-07 0 0 5.05e-07 0 0 5.05e-07 0 0 0 0 0 0 0 0 0 0 0 0 0 0 0 0 0 0 0 0 0 
0.0247021 0.0436729 0.040957 0.0319448 0.0227205 0.015399 0.0100268 0.00645845 0.00400667 0.00256338 0.0015145 0.0009595 0.000556005 0.00034239 0.000205535 0.000119685 6.8175e-05 4.3935e-05 2.02e-05 1.1615e-05 8.08e-06 4.04e-06 2.525e-06 1.01e-06 0 0 5.05e-07 0 0 0 0 0 0 0 0 0 0 0 0 0 0 0 0 0 0 0 0 0 0 0 0 
0.00049995 0.00122513 0.00152712 0.00143572 0.00120089 0.0009898 0.0007171 0.00053732 0.00036158 0.0002525 0.00015352 0.000113625 6.969e-05 4.4945e-05 3.03e-05 1.616e-05 9.09e-06 4.04e-06 3.535e-06 2.02e-06 2.02e-06 1.515e-06 5.05e-07 5.05e-07 0 0 5.05e-07 0 0 0 0 0 0 0 0 0 0 0 0 0 0 0 0 0 0 0 0 0 0 0 0 
0.000686295 0.00172559 0.00208717 0.00199374 0.00170488 0.00139734 0.00097162 0.000706495 0.00051712 0.000339865 0.00023331 0.000174225 9.7465e-05 6.1105e-05 4.141e-05 1.9695e-05 1.2625e-05 8.08e-06 6.06e-06 1.515e-06 5.05e-07 5.05e-07 5.05e-07 2.02e-06 5.05e-07 0 0 0 0 0 0 5.05e-07 0 0 0 0 0 0 0 0 0 0 0 0 0 0 0 0 0 0 0 
3.131e-05 9.09e-05 0.000133825 0.000125745 0.00010605 0.000119685 9.5445e-05 7.4235e-05 5.3025e-05 3.939e-05 2.9795e-05 1.6665e-05 9.595e-06 6.565e-06 5.555e-06 5.555e-06 3.03e-06 1.01e-06 1.01e-06 1.515e-06 5.05e-07 0 5.05e-07 0 0 0 0 0 0 0 0 0 0 0 0 0 0 0 0 0 0 0 0 0 0 0 0 0 0 0 0 
3.4845e-05 8.0295e-05 0.00012625 0.000119685 0.00012625 0.000102515 7.9285e-05 6.868e-05 4.747e-05 3.131e-05 3.0805e-05 2.525e-05 1.5655e-05 5.555e-06 4.545e-06 2.02e-06 2.525e-06 2.525e-06 1.01e-06 0 5.05e-07 0 0 0 0 0 0 0 0 0 0 0 0 0 0 0 0 0 0 0 0 0 0 0 0 0 0 0 0 0 0 
2.525e-06 4.04e-06 1.01e-05 1.515e-05 1.3635e-05 1.111e-05 1.01e-05 9.09e-06 6.565e-06 2.02e-06 5.05e-06 1.515e-06 5.05e-07 5.05e-07 5.05e-07 5.05e-07 5.05e-07 1.01e-06 0 0 0 0 0 0 0 0 0 0 0 0 0 0 0 0 0 0 0 0 0 0 0 0 0 0 0 0 0 0 0 0 0 
1.515e-06 3.535e-06 1.212e-05 1.0605e-05 8.585e-06 8.585e-06 4.545e-06 6.565e-06 4.545e-06 1.515e-06 2.02e-06 3.535e-06 2.02e-06 1.01e-06 2.02e-06 0 0 5.05e-07 0 0 0 0 0 0 0 0 0 0 0 0 0 0 0 0 0 0 0 0 0 0 0 0 0 0 0 0 0 0 0 0 0 
0 5.05e-07 1.01e-06 0 5.05e-07 5.05e-07 5.05e-07 1.515e-06 5.05e-07 5.05e-07 5.05e-07 1.01e-06 0 0 0 0 5.05e-07 0 0 0 0 0 0 0 0 0 0 0 0 0 0 0 0 0 0 0 0 0 0 0 0 0 0 0 0 0 0 0 0 0 0 
0 0 0 0 0 1.01e-06 1.01e-06 5.05e-07 1.01e-06 0 0 5.05e-07 0 0 0 5.05e-07 0 0 0 0 0 0 0 0 0 0 0 0 0 0 0 0 0 0 0 0 0 0 0 0 0 0 0 0 0 0 0 0 0 0 0 
0 0 5.05e-07 0 0 0 0 0 0 0 0 0 0 0 0 0 0 0 0 0 0 0 0 0 0 0 0 0 0 0 0 0 0 0 0 0 0 0 0 0 0 0 0 0 0 0 0 0 0 0 0 
0 0 0 0 0 0 0 0 0 0 0 5.05e-07 0 0 0 0 0 0 0 0 0 0 0 0 0 0 0 0 0 0 0 0 0 0 0 0 0 0 0 0 0 0 0 0 0 0 0 0 0 0 0 
0 0 0 0 0 0 0 0 0 0 0 0 0 0 0 0 0 0 0 0 0 0 0 0 0 0 0 0 0 0 0 0 0 0 0 0 0 0 0 0 0 0 0 0 0 0 0 0 0 0 0 
0 0 0 0 0 0 0 0 0 0 0 0 0 0 0 0 0 0 0 0 0 0 0 0 0 0 0 0 0 0 0 0 0 0 0 0 0 0 0 0 0 0 0 0 0 0 0 0 0 0 0 
0 0 0 0 0 0 0 0 0 0 0 0 0 0 0 0 0 0 0 0 0 0 0 0 0 0 0 0 0 0 0 0 0 0 0 0 0 0 0 0 0 0 0 0 0 0 0 0 0 0 0 
0 0 0 0 0 0 0 0 0 0 0 0 0 0 0 0 0 0 0 0 0 0 0 0 0 0 0 0 0 0 0 0 0 0 0 0 0 0 0 0 0 0 0 0 0 0 0 0 0 0 0 
0 0 0 0 0 0 0 0 0 0 0 0 0 0 0 0 0 0 0 0 0 0 0 0 0 0 0 0 0 0 0 0 0 0 0 0 0 0 0 0 0 0 0 0 0 0 0 0 0 0 0 
0 0 0 0 0 0 0 0 0 0 0 0 0 0 0 0 0 0 0 0 0 0 0 0 0 0 0 0 0 0 0 0 0 0 0 0 0 0 0 0 0 0 0 0 0 0 0 0 0 0 0 
0 0 0 0 0 0 0 0 0 0 0 0 0 0 0 0 0 0 0 0 0 0 0 0 0 0 0 0 0 0 0 0 0 0 0 0 0 0 0 0 0 0 0 0 0 0 0 0 0 0 0 
