Half rod, albedo problem, Anisotropic scattering, exponential random flight, mu_t: 3 g: 0.1
Analogmu_t c: 0.3 maxx: 10 dx: 0.19802 numsamples: 10000000 numCollisionOrders: 20 numMoments: 10
total albedo: 0.0814318
per-collision order albedos: 
0 0.0675651 0.0111226 0.0021618 0.0004518 9.81e-05 2.38e-05 6.4e-06 1.9e-06 2e-07 1e-07 0 0 0 0 0 0 0 0 0 
Collision density L:
0.193037 0.118394 0.0723584 0.0443153 0.0271397 0.0166337 0.0102636 0.00630038 0.00381679 0.00238916 0.00146551 0.000852945 0.000563075 0.000332795 0.000208565 0.000126755 7.4235e-05 5.151e-05 3.333e-05 1.414e-05 1.0605e-05 6.565e-06 4.545e-06 6.565e-06 1.515e-06 3.03e-06 1.515e-06 0 0 5.05e-07 0 0 0 0 0 0 0 0 0 0 0 0 0 0 0 0 0 0 0 0 0 
Collision density R:
2.37178 1.45368 0.890241 0.547345 0.334774 0.204407 0.125618 0.0770792 0.0472135 0.0291067 0.0177977 0.0108055 0.00666954 0.00407434 0.002575 0.00152864 0.00094334 0.000590345 0.000369155 0.000231795 0.000132815 7.4235e-05 4.6965e-05 3.232e-05 2.02e-05 1.01e-05 6.06e-06 4.04e-06 1.01e-06 1.515e-06 1.01e-06 1.515e-06 5.05e-07 0 0 0 0 0 0 0 0 0 0 0 0 0 0 0 0 0 0 
Density Moments:
1.31199 0.530745 0.429566 0.521776 0.845386 1.71185 4.15416 11.7242 37.6033 134.499 
Per-collision Density Moments:
1 0.333445 0.222338 0.222372 0.296616 0.494663 0.989408 2.30391 6.10338 18.0517 
0.232226 0.132269 0.124822 0.16163 0.265072 0.526189 1.22806 3.30147 10.0637 34.3175 
0.0586043 0.0444358 0.0523394 0.0812413 0.155259 0.351513 0.920051 2.73871 9.16228 34.1086 
0.0153865 0.0141621 0.0195697 0.0348573 0.0751723 0.189242 0.542261 1.73458 6.0953 23.2055 
0.0041694 0.00443888 0.00692535 0.0136769 0.0321897 0.0871826 0.265367 0.892218 3.27035 12.9328 
0.0011575 0.00138571 0.00240473 0.00522587 0.013371 0.0388335 0.124783 0.434997 1.61954 6.35826 
0.0003239 0.000426032 0.000800912 0.0018745 0.00514538 0.0159981 0.0550463 0.206019 0.827143 3.52093 
9.29e-05 0.000132615 0.000262885 0.000638681 0.00181235 0.0058432 0.0209725 0.0823152 0.347547 1.55555 
2.41e-05 3.67432e-05 7.80125e-05 0.000200649 0.000589731 0.00191233 0.0066705 0.0245547 0.0940394 0.370846 
7e-06 1.04326e-05 2.0287e-05 4.72936e-05 0.000127481 0.000387458 0.00129648 0.00466969 0.0177596 0.0702477 
1.5e-06 2.24371e-06 4.52128e-06 1.08146e-05 2.87289e-05 8.13726e-05 0.000239781 0.000724457 0.00222485 0.00690832 
3e-07 4.7404e-07 8.15333e-07 1.48962e-06 2.83342e-06 5.53478e-06 1.10087e-05 2.21794e-05 4.51142e-05 9.24428e-05 
1e-07 6.4033e-08 4.10022e-08 2.62549e-08 1.68118e-08 1.07651e-08 6.8932e-09 4.41392e-09 2.82636e-09 1.8098e-09 
0 0 0 0 0 0 0 0 0 0 
0 0 0 0 0 0 0 0 0 0 
0 0 0 0 0 0 0 0 0 0 
0 0 0 0 0 0 0 0 0 0 
0 0 0 0 0 0 0 0 0 0 
0 0 0 0 0 0 0 0 0 0 
0 0 0 0 0 0 0 0 0 0 
Per-collision Densities L:
0 0 0 0 0 0 0 0 0 0 0 0 0 0 0 0 0 0 0 0 0 0 0 0 0 0 0 0 0 0 0 0 0 0 0 0 0 0 0 0 0 0 0 0 0 0 0 0 0 0 0 
0.15256 0.0845289 0.0465615 0.0256404 0.0141915 0.0077765 0.0043021 0.0023735 0.00132916 0.000744875 0.000435815 0.000217655 0.000115645 7.07e-05 3.434e-05 1.717e-05 1.01e-05 7.575e-06 4.04e-06 2.525e-06 2.02e-06 5.05e-07 1.01e-06 0 0 0 0 0 0 0 0 0 0 0 0 0 0 0 0 0 0 0 0 0 0 0 0 0 0 0 0 
0.0320938 0.025751 0.0188017 0.0128578 0.00844057 0.00549087 0.00343905 0.00213716 0.00126604 0.00079891 0.00046561 0.0002727 0.00016665 9.1405e-05 5.858e-05 3.8885e-05 1.919e-05 1.414e-05 6.565e-06 3.535e-06 0 1.515e-06 0 1.01e-06 0 5.05e-07 1.01e-06 0 0 0 0 0 0 0 0 0 0 0 0 0 0 0 0 0 0 0 0 0 0 0 0 
0.0065246 0.0062216 0.00517777 0.00422382 0.00314767 0.00226745 0.00165236 0.00110444 0.000742855 0.00049288 0.000309565 0.00019493 0.000138875 7.8275e-05 5.454e-05 2.6765e-05 2.02e-05 1.0605e-05 4.04e-06 2.525e-06 4.545e-06 1.515e-06 1.01e-06 2.02e-06 1.01e-06 5.05e-07 5.05e-07 0 0 5.05e-07 0 0 0 0 0 0 0 0 0 0 0 0 0 0 0 0 0 0 0 0 0 
0.00141855 0.00143572 0.0013731 0.00115292 0.00098475 0.000777195 0.000599435 0.000447935 0.00031512 0.00023028 0.00015756 0.00010807 7.9285e-05 4.343e-05 2.929e-05 2.1715e-05 1.3635e-05 1.1615e-05 9.595e-06 3.03e-06 1.515e-06 1.515e-06 2.02e-06 1.515e-06 0 5.05e-07 0 0 0 0 0 0 0 0 0 0 0 0 0 0 0 0 0 0 0 0 0 0 0 0 0 
0.00033229 0.00034946 0.000337845 0.000308555 0.00026664 0.00023129 0.000192405 0.000159075 0.00011009 8.6355e-05 6.262e-05 3.333e-05 3.737e-05 2.929e-05 1.616e-05 1.616e-05 6.06e-06 5.05e-06 5.555e-06 5.05e-07 5.05e-07 5.05e-07 5.05e-07 0 5.05e-07 1.515e-06 0 0 0 0 0 0 0 0 0 0 0 0 0 0 0 0 0 0 0 0 0 0 0 0 0 
8.08e-05 8.5345e-05 7.676e-05 9.898e-05 7.9285e-05 6.4135e-05 5.656e-05 5.252e-05 3.4845e-05 1.9695e-05 2.626e-05 1.5655e-05 1.7675e-05 1.414e-05 1.212e-05 3.535e-06 3.535e-06 2.02e-06 1.515e-06 1.01e-06 1.01e-06 1.01e-06 0 1.515e-06 0 0 0 0 0 0 0 0 0 0 0 0 0 0 0 0 0 0 0 0 0 0 0 0 0 0 0 
2.121e-05 1.717e-05 2.0705e-05 2.3735e-05 2.2725e-05 1.7675e-05 1.4645e-05 1.818e-05 1.1615e-05 1.212e-05 6.565e-06 7.07e-06 6.565e-06 3.535e-06 2.02e-06 1.01e-06 1.01e-06 0 1.01e-06 5.05e-07 5.05e-07 0 0 0 0 0 0 0 0 0 0 0 0 0 0 0 0 0 0 0 0 0 0 0 0 0 0 0 0 0 0 
4.545e-06 3.535e-06 7.07e-06 6.06e-06 4.545e-06 6.06e-06 5.555e-06 4.04e-06 4.545e-06 3.03e-06 5.05e-07 2.525e-06 1.01e-06 1.515e-06 1.515e-06 5.05e-07 0 5.05e-07 1.01e-06 5.05e-07 5.05e-07 0 0 5.05e-07 0 0 0 0 0 0 0 0 0 0 0 0 0 0 0 0 0 0 0 0 0 0 0 0 0 0 0 
1.01e-06 1.01e-06 1.515e-06 1.515e-06 1.515e-06 1.515e-06 1.515e-06 3.03e-06 2.525e-06 5.05e-07 1.01e-06 1.01e-06 0 5.05e-07 0 1.01e-06 5.05e-07 0 0 0 0 0 0 0 0 0 0 0 0 0 0 0 0 0 0 0 0 0 0 0 0 0 0 0 0 0 0 0 0 0 0 
5.05e-07 0 5.05e-07 1.01e-06 0 1.01e-06 0 5.05e-07 0 5.05e-07 0 0 0 0 0 0 0 0 0 0 0 0 0 0 0 0 0 0 0 0 0 0 0 0 0 0 0 0 0 0 0 0 0 0 0 0 0 0 0 0 0 
0 0 0 0 5.05e-07 0 0 0 0 0 0 0 0 0 0 0 0 0 0 0 0 0 0 0 0 0 0 0 0 0 0 0 0 0 0 0 0 0 0 0 0 0 0 0 0 0 0 0 0 0 0 
0 0 0 5.05e-07 0 0 0 0 0 0 0 0 0 0 0 0 0 0 0 0 0 0 0 0 0 0 0 0 0 0 0 0 0 0 0 0 0 0 0 0 0 0 0 0 0 0 0 0 0 0 0 
0 0 0 0 0 0 0 0 0 0 0 0 0 0 0 0 0 0 0 0 0 0 0 0 0 0 0 0 0 0 0 0 0 0 0 0 0 0 0 0 0 0 0 0 0 0 0 0 0 0 0 
0 0 0 0 0 0 0 0 0 0 0 0 0 0 0 0 0 0 0 0 0 0 0 0 0 0 0 0 0 0 0 0 0 0 0 0 0 0 0 0 0 0 0 0 0 0 0 0 0 0 0 
0 0 0 0 0 0 0 0 0 0 0 0 0 0 0 0 0 0 0 0 0 0 0 0 0 0 0 0 0 0 0 0 0 0 0 0 0 0 0 0 0 0 0 0 0 0 0 0 0 0 0 
0 0 0 0 0 0 0 0 0 0 0 0 0 0 0 0 0 0 0 0 0 0 0 0 0 0 0 0 0 0 0 0 0 0 0 0 0 0 0 0 0 0 0 0 0 0 0 0 0 0 0 
0 0 0 0 0 0 0 0 0 0 0 0 0 0 0 0 0 0 0 0 0 0 0 0 0 0 0 0 0 0 0 0 0 0 0 0 0 0 0 0 0 0 0 0 0 0 0 0 0 0 0 
0 0 0 0 0 0 0 0 0 0 0 0 0 0 0 0 0 0 0 0 0 0 0 0 0 0 0 0 0 0 0 0 0 0 0 0 0 0 0 0 0 0 0 0 0 0 0 0 0 0 0 
0 0 0 0 0 0 0 0 0 0 0 0 0 0 0 0 0 0 0 0 0 0 0 0 0 0 0 0 0 0 0 0 0 0 0 0 0 0 0 0 0 0 0 0 0 0 0 0 0 0 0 
Per-collision Densities L:
2.26133 1.24869 0.689025 0.381796 0.210429 0.115673 0.0641092 0.0353303 0.0195031 0.0108323 0.00598425 0.00323453 0.00178972 0.00100091 0.00057166 0.00030805 0.00017574 9.0395e-05 5.454e-05 3.6865e-05 1.3635e-05 8.585e-06 1.515e-06 2.525e-06 1.515e-06 5.05e-07 1.515e-06 0 0 0 0 0 0 0 0 0 0 0 0 0 0 0 0 0 0 0 0 0 0 0 0 
0.100115 0.17738 0.165252 0.128616 0.0912 0.0615454 0.0404682 0.0258267 0.0162762 0.0099985 0.00607818 0.00365216 0.00220483 0.00128321 0.00079588 0.00043632 0.000285325 0.000164125 0.000102515 4.9995e-05 3.6865e-05 1.9695e-05 1.2625e-05 4.04e-06 5.05e-06 1.515e-06 1.515e-06 1.01e-06 0 1.515e-06 5.05e-07 0 0 0 0 0 0 0 0 0 0 0 0 0 0 0 0 0 0 0 0 
0.00863803 0.022975 0.0291935 0.0291829 0.0252722 0.0200313 0.0149642 0.0108615 0.00747754 0.00529745 0.00348652 0.002272 0.00151854 0.00096051 0.000629735 0.00036865 0.000226745 0.0001515 8.585e-05 5.656e-05 3.2825e-05 1.6665e-05 1.616e-05 5.555e-06 5.05e-06 3.03e-06 1.515e-06 1.01e-06 0 0 0 1.01e-06 5.05e-07 0 0 0 0 0 0 0 0 0 0 0 0 0 0 0 0 0 0 
0.00133724 0.00370519 0.00532573 0.00608071 0.00602061 0.00538684 0.00443087 0.00360166 0.00270327 0.00199324 0.00146804 0.00106202 0.00070195 0.00049995 0.000326735 0.00023735 0.000140895 0.000106555 5.656e-05 4.1915e-05 2.6765e-05 1.414e-05 9.09e-06 1.01e-05 3.03e-06 2.02e-06 5.05e-07 1.01e-06 0 0 5.05e-07 0 0 0 0 0 0 0 0 0 0 0 0 0 0 0 0 0 0 0 0 
0.000271185 0.00071205 0.00111656 0.00128977 0.00139683 0.0013428 0.0012019 0.00105545 0.000884255 0.000683265 0.00053126 0.00038279 0.00028482 0.000215635 0.000152005 0.00010504 6.969e-05 4.4945e-05 4.0905e-05 2.4745e-05 1.01e-05 5.05e-06 4.04e-06 5.555e-06 1.515e-06 2.02e-06 1.01e-06 5.05e-07 0 0 0 5.05e-07 0 0 0 0 0 0 0 0 0 0 0 0 0 0 0 0 0 0 0 
6.9185e-05 0.00016766 0.000247955 0.000291385 0.00035047 0.00030805 0.000324715 0.000294415 0.000274215 0.000215635 0.000164125 0.000139885 0.00011312 7.878e-05 6.666e-05 4.7975e-05 2.5755e-05 2.424e-05 1.5655e-05 1.414e-05 7.07e-06 7.07e-06 1.01e-06 3.535e-06 2.525e-06 5.05e-07 0 0 0 0 0 0 0 0 0 0 0 0 0 0 0 0 0 0 0 0 0 0 0 0 0 
1.1615e-05 3.6865e-05 6.161e-05 6.565e-05 8.08e-05 8.7365e-05 9.1405e-05 7.7265e-05 6.9185e-05 6.2115e-05 5.6055e-05 4.444e-05 3.737e-05 2.1715e-05 2.121e-05 1.818e-05 1.2625e-05 6.06e-06 1.01e-05 5.555e-06 3.03e-06 1.01e-06 1.515e-06 1.01e-06 1.01e-06 0 0 5.05e-07 5.05e-07 0 0 0 0 0 0 0 0 0 0 0 0 0 0 0 0 0 0 0 0 0 0 
4.545e-06 7.07e-06 1.414e-05 1.8685e-05 1.5655e-05 2.8785e-05 2.323e-05 2.4745e-05 1.7675e-05 1.8685e-05 1.919e-05 1.2625e-05 1.414e-05 1.2625e-05 5.555e-06 5.555e-06 6.06e-06 1.515e-06 2.525e-06 2.02e-06 1.515e-06 5.05e-07 1.01e-06 0 5.05e-07 5.05e-07 0 0 5.05e-07 0 0 0 0 0 0 0 0 0 0 0 0 0 0 0 0 0 0 0 0 0 0 
5.05e-07 3.535e-06 3.535e-06 2.525e-06 6.06e-06 2.525e-06 3.03e-06 6.06e-06 4.545e-06 4.04e-06 7.575e-06 3.535e-06 4.545e-06 1.01e-06 5.05e-06 5.05e-07 0 1.01e-06 5.05e-07 0 1.01e-06 1.01e-06 0 0 0 0 0 0 0 0 0 0 0 0 0 0 0 0 0 0 0 0 0 0 0 0 0 0 0 0 0 
0 5.05e-07 1.515e-06 1.01e-06 1.515e-06 1.01e-06 5.05e-07 5.05e-07 3.03e-06 1.515e-06 1.515e-06 1.515e-06 0 0 5.05e-07 5.05e-07 0 0 0 0 0 5.05e-07 0 0 0 0 0 0 0 0 0 0 0 0 0 0 0 0 0 0 0 0 0 0 0 0 0 0 0 0 0 
0 0 0 0 0 0 1.01e-06 5.05e-07 0 0 5.05e-07 0 5.05e-07 0 0 5.05e-07 5.05e-07 0 0 0 0 0 0 0 0 0 0 0 0 0 0 0 0 0 0 0 0 0 0 0 0 0 0 0 0 0 0 0 0 0 0 
0 0 0 0 0 0 0 0 5.05e-07 0 5.05e-07 0 0 0 0 0 0 0 0 0 0 0 0 0 0 0 0 0 0 0 0 0 0 0 0 0 0 0 0 0 0 0 0 0 0 0 0 0 0 0 0 
0 0 0 0 0 0 0 0 0 0 0 0 0 0 0 0 0 0 0 0 0 0 0 0 0 0 0 0 0 0 0 0 0 0 0 0 0 0 0 0 0 0 0 0 0 0 0 0 0 0 0 
0 0 0 0 0 0 0 0 0 0 0 0 0 0 0 0 0 0 0 0 0 0 0 0 0 0 0 0 0 0 0 0 0 0 0 0 0 0 0 0 0 0 0 0 0 0 0 0 0 0 0 
0 0 0 0 0 0 0 0 0 0 0 0 0 0 0 0 0 0 0 0 0 0 0 0 0 0 0 0 0 0 0 0 0 0 0 0 0 0 0 0 0 0 0 0 0 0 0 0 0 0 0 
0 0 0 0 0 0 0 0 0 0 0 0 0 0 0 0 0 0 0 0 0 0 0 0 0 0 0 0 0 0 0 0 0 0 0 0 0 0 0 0 0 0 0 0 0 0 0 0 0 0 0 
0 0 0 0 0 0 0 0 0 0 0 0 0 0 0 0 0 0 0 0 0 0 0 0 0 0 0 0 0 0 0 0 0 0 0 0 0 0 0 0 0 0 0 0 0 0 0 0 0 0 0 
0 0 0 0 0 0 0 0 0 0 0 0 0 0 0 0 0 0 0 0 0 0 0 0 0 0 0 0 0 0 0 0 0 0 0 0 0 0 0 0 0 0 0 0 0 0 0 0 0 0 0 
0 0 0 0 0 0 0 0 0 0 0 0 0 0 0 0 0 0 0 0 0 0 0 0 0 0 0 0 0 0 0 0 0 0 0 0 0 0 0 0 0 0 0 0 0 0 0 0 0 0 0 
0 0 0 0 0 0 0 0 0 0 0 0 0 0 0 0 0 0 0 0 0 0 0 0 0 0 0 0 0 0 0 0 0 0 0 0 0 0 0 0 0 0 0 0 0 0 0 0 0 0 0 
