Half rod, albedo problem, isotropic scattering, exponential random flight, mu_t: 1
Analogmu_t c: 0.7 maxx: 10 dx: 0.19802 numsamples: 10000000 numCollisionOrders: 20 numMoments: 10
total albedo: 0.291991
per-collision order albedos: 
0 0.174911 0.0611954 0.026785 0.0131169 0.0069069 0.0037595 0.0021346 0.0012552 0.0007311 0.0004537 0.0002756 0.000172 0.0001079 6.53e-05 4.15e-05 2.88e-05 1.76e-05 1.16e-05 8.8e-06 
Collision density L:
0.277687 0.248941 0.223053 0.200159 0.178782 0.160792 0.144533 0.129587 0.116187 0.104227 0.0936225 0.0840234 0.0752733 0.0676155 0.0608363 0.0545334 0.0483982 0.0440663 0.0393526 0.0353924 0.0318155 0.0283078 0.0255646 0.0225422 0.0204439 0.0182941 0.0163413 0.0148223 0.0131775 0.0120225 0.0106717 0.00965055 0.00865974 0.00767146 0.0069281 0.00622564 0.0056858 0.00502071 0.00450965 0.0040804 0.00365671 0.00329765 0.00293052 0.0026361 0.00236845 0.00211242 0.00187355 0.00172256 0.00156601 0.00137865 0.0121049 
Collision density R:
0.948144 0.851238 0.762649 0.684481 0.613399 0.551446 0.494225 0.443856 0.397159 0.356254 0.320852 0.287208 0.257223 0.231798 0.207513 0.186388 0.167339 0.149655 0.134694 0.121136 0.107897 0.097461 0.0871615 0.0783306 0.0701935 0.0629048 0.0565726 0.050553 0.0453823 0.0405828 0.0366655 0.0327457 0.0295945 0.0264918 0.0236436 0.0214044 0.019239 0.0171109 0.0154692 0.0137259 0.0124341 0.0111777 0.00987578 0.00894961 0.0080088 0.00721696 0.0065751 0.00581659 0.00520655 0.00468842 0.0411025 
Density Moments:
2.3596 4.30982 15.7611 86.5815 635.576 5853.98 65139.9 855879 1.31088e+07 2.32381e+08 
Per-collision Density Moments:
1 0.999779 1.99917 5.99593 23.9827 120.046 723.203 5111.99 41663.8 386296 
0.525004 0.874823 2.4501 9.45494 46.2707 273.945 1902.83 15174.7 136703 1.37308e+06 
0.306232 0.673589 2.32776 10.6673 60.3986 405.618 3142.91 27523.2 267911 2.85789e+06 
0.187556 0.498375 2.00488 10.4587 66.3437 493.174 4190.74 39960.1 421198 4.84446e+06 
0.11819 0.362112 1.64089 9.50676 66.2885 537.415 4950.81 50953.1 577954 7.14248e+06 
0.0758493 0.260432 1.30109 8.2264 62.1275 542.42 5359.48 59023.5 716018 9.4751e+06 
0.0493356 0.186369 1.01114 6.88621 55.6313 516.111 5380.65 62037.5 781184 1.06341e+07 
0.0323986 0.132782 0.774215 5.63788 48.5371 478.594 5289.66 64466.6 854741 1.21867e+07 
0.0214538 0.0944365 0.586678 4.53365 41.3328 431.352 5048.91 65244.4 918372 1.39103e+07 
0.0142902 0.0668249 0.438508 3.56209 33.9645 368.71 4464.24 59349.4 855115 1.31999e+07 
0.0095365 0.0471789 0.325168 2.76215 27.4228 308.391 3844.12 52236.3 763368 1.18611e+07 
0.006381 0.033252 0.240094 2.13062 22.0854 259.823 3403.15 48899.7 761105 1.26848e+07 
0.0043073 0.0235151 0.177292 1.63936 17.6853 216.413 2947.05 43986.7 709970 1.22405e+07 
0.0029131 0.0166329 0.130454 1.25108 13.9632 176.329 2471.23 37847.3 624854 1.09849e+07 
0.0019679 0.0117045 0.0955805 0.954239 11.0703 145.01 2104.03 33318.6 568678 1.03478e+07 
0.0013246 0.00815668 0.0688319 0.707695 8.42297 112.726 1663.84 26699.9 460596 8.46438e+06 
0.0009011 0.00577945 0.0509034 0.547391 6.82821 96.2185 1511.6 26337 508123 1.08311e+07 
0.0006186 0.00411162 0.0376275 0.421214 5.48407 80.9948 1341.32 24792.2 509938 1.16032e+07 
0.0004221 0.00292017 0.0278347 0.324399 4.40256 68.0099 1184.31 23147.2 505170 1.21899e+07 
0 0 0 0 0 0 0 0 0 0 
Per-collision Densities L:
0 0 0 0 0 0 0 0 0 0 0 0 0 0 0 0 0 0 0 0 0 0 0 0 0 0 0 0 0 0 0 0 0 0 0 0 0 0 0 0 0 0 0 0 0 0 0 0 0 0 0 
0.159308 0.130685 0.10689 0.0877619 0.0718211 0.058628 0.0484482 0.0397036 0.032419 0.0266332 0.021965 0.0179987 0.0148152 0.0120291 0.00997577 0.00818151 0.00666297 0.00551713 0.00447582 0.003787 0.00301637 0.00249773 0.00204323 0.00163822 0.00134229 0.00111959 0.00092415 0.00076861 0.000590345 0.000533785 0.00038784 0.00033532 0.000282295 0.000226745 0.00018685 0.000157055 0.000137865 9.191e-05 8.5345e-05 7.7265e-05 6.2115e-05 4.6965e-05 3.4845e-05 3.6865e-05 3.232e-05 1.9695e-05 2.121e-05 2.121e-05 1.414e-05 1.01e-05 4.0905e-05 
0.0610388 0.0589426 0.0557217 0.0519716 0.0472594 0.0431896 0.0387077 0.0345218 0.0306283 0.0267751 0.0236512 0.0207227 0.0177922 0.0155914 0.0135461 0.01151 0.00979246 0.00852036 0.00745027 0.00631301 0.00539694 0.00457884 0.00386275 0.00324513 0.00282396 0.00229422 0.00200233 0.00170135 0.00140239 0.00125291 0.00103424 0.000891325 0.0007373 0.00059893 0.00050399 0.000422685 0.000372185 0.00031714 0.00027371 0.000214625 0.000192405 0.000152005 0.00012524 0.00010605 0.000108575 8.181e-05 6.161e-05 4.646e-05 4.545e-05 3.838e-05 0.00018079 
0.0272155 0.0277684 0.0277169 0.0271988 0.0260817 0.0249127 0.0236885 0.0221145 0.0205212 0.0192551 0.0174366 0.0159555 0.0144243 0.0130805 0.0118382 0.0105545 0.00928443 0.00842845 0.00741088 0.00659177 0.00584033 0.004999 0.00448844 0.00393395 0.00338754 0.00294314 0.00258005 0.00221493 0.00192203 0.00165438 0.00142461 0.00125594 0.00106707 0.000944855 0.000787295 0.00071205 0.000623675 0.00053126 0.00042925 0.000368145 0.000329765 0.000297445 0.000238865 0.00019897 0.000167155 0.000154025 0.000127765 9.9485e-05 9.797e-05 8.4335e-05 0.000432785 
0.0135744 0.0138759 0.0142799 0.0142668 0.0142819 0.0142582 0.013733 0.0133689 0.0127124 0.0121766 0.0114675 0.0107353 0.0101061 0.00936674 0.00856884 0.00796436 0.00730331 0.00672206 0.00609485 0.00550753 0.00502677 0.00447531 0.00402586 0.0036052 0.00321938 0.00292749 0.00252147 0.00227907 0.00203616 0.00179831 0.00158368 0.00139633 0.00122463 0.0010403 0.000949905 0.000830725 0.00073629 0.000593375 0.00057166 0.00048278 0.000408545 0.000352995 0.00033027 0.000263105 0.000247955 0.000222705 0.000181295 0.000179275 0.00013635 0.00012423 0.000676195 
0.00716797 0.00751592 0.00782195 0.00790376 0.00791891 0.00806182 0.00802647 0.00790022 0.00772701 0.00743815 0.00715787 0.00688921 0.00659581 0.00625039 0.0059686 0.00564035 0.00516716 0.00489547 0.0045445 0.00411878 0.00383699 0.00356934 0.00322089 0.00282598 0.0026563 0.00239724 0.00221998 0.00206293 0.00177962 0.00162661 0.00147763 0.00130644 0.00119029 0.00105848 0.0009494 0.000831735 0.00072821 0.00068579 0.00058479 0.00050298 0.000462075 0.000406525 0.00036663 0.000304515 0.0002626 0.000246945 0.00019695 0.00018079 0.00017978 0.000142915 0.00093324 
0.00384911 0.004191 0.00432987 0.00450561 0.00457884 0.00468438 0.0046763 0.00468186 0.00466721 0.0045041 0.00446319 0.00431472 0.00421322 0.00407232 0.00392133 0.00368196 0.00345319 0.00340522 0.00309717 0.00296233 0.00274316 0.00256439 0.00247046 0.00219574 0.00208111 0.00192254 0.00174175 0.00159277 0.00143572 0.00139481 0.00121503 0.00111201 0.00105596 0.000932735 0.00084537 0.000756995 0.000691345 0.00062014 0.000559035 0.000533785 0.000439855 0.000401475 0.000354005 0.00031209 0.000297445 0.000246945 0.000219675 0.00019796 0.000186345 0.000152005 0.00112262 
0.00223766 0.00237855 0.00247905 0.00262954 0.00275124 0.00270983 0.00280629 0.00278609 0.00282598 0.00276336 0.0027876 0.0027472 0.00266236 0.00261489 0.00247804 0.00245329 0.00238259 0.002222 0.00217605 0.00205283 0.00197455 0.00182709 0.00173064 0.00159378 0.00150086 0.00143723 0.00127715 0.00122059 0.00117514 0.0010706 0.000991315 0.00093324 0.000855975 0.000744875 0.000703465 0.00061206 0.00057671 0.00055449 0.00047975 0.00044238 0.00039895 0.000365115 0.00030805 0.000286335 0.000264115 0.00022523 0.00021917 0.000208565 0.000171195 0.000142915 0.00120443 
0.00127967 0.00142865 0.00147814 0.0015246 0.00157712 0.00166297 0.00169933 0.00171751 0.0017271 0.00174276 0.00169882 0.0017069 0.00169983 0.00167812 0.00159126 0.00161348 0.0014948 0.00151904 0.0014039 0.00136805 0.00132613 0.00125947 0.00121907 0.0011312 0.00106505 0.0010297 0.000954955 0.00093324 0.00082517 0.000817595 0.00074134 0.000707505 0.000639835 0.000589335 0.000532775 0.00051207 0.000478235 0.000445915 0.00037673 0.00037774 0.00033532 0.00031108 0.0002727 0.00025654 0.000216645 0.000199475 0.000178265 0.000179275 0.00014544 0.00013938 0.00121251 
0.000798405 0.00083729 0.000899405 0.00090092 0.00093728 0.00104636 0.00108727 0.00103525 0.00109131 0.00108979 0.0011105 0.00107717 0.00107464 0.00102818 0.00102465 0.00104434 0.00102111 0.00100243 0.000942835 0.000923645 0.000885265 0.00086052 0.00080093 0.000780225 0.000739825 0.000690335 0.000677205 0.00064741 0.00062014 0.000571155 0.00054742 0.0005151 0.000484295 0.00046561 0.00041309 0.00039087 0.00036461 0.00031815 0.00030603 0.000283305 0.000258055 0.00023735 0.000216645 0.00021008 0.0001717 0.00017574 0.00015554 0.000131805 0.000141905 0.00012423 0.00113373 
0.00046662 0.00049692 0.000535805 0.00056863 0.000579235 0.000619635 0.0006262 0.00062519 0.00068579 0.00065145 0.00067266 0.000707505 0.000682255 0.00065953 0.000666095 0.000661045 0.00067973 0.00065347 0.000600445 0.00060398 0.00060701 0.00055045 0.000562065 0.00052419 0.00052015 0.000508535 0.00047874 0.000434805 0.000440865 0.000401475 0.0003838 0.00036663 0.000346935 0.000327745 0.000298455 0.000299465 0.00028078 0.000253005 0.00023028 0.00022523 0.000209575 0.00019089 0.000183315 0.00016867 0.000154025 0.00013635 0.000123725 0.00012221 0.00010807 9.8475e-05 0.00097566 
0.00028482 0.000290375 0.0003333 0.00035754 0.000367135 0.00037976 0.000373195 0.00041511 0.00042925 0.00043329 0.00042016 0.00042622 0.000445915 0.00044541 0.000468135 0.000425715 0.00040198 0.00040703 0.00038784 0.000397435 0.000383295 0.00036057 0.00038885 0.000350975 0.000392385 0.00033532 0.000310575 0.000317645 0.000293405 0.000271185 0.00028078 0.000264115 0.00025149 0.00022321 0.000235835 0.00020604 0.000211595 0.00016564 0.00018079 0.00014544 0.000144935 0.000148975 0.00014241 0.00013231 0.000122715 0.000107565 0.00010302 9.09e-05 8.08e-05 7.777e-05 0.00085244 
0.000176245 0.000198465 0.000212605 0.000216645 0.000220685 0.00023735 0.000237855 0.00025351 0.0002626 0.000279265 0.000278255 0.00026765 0.000270175 0.000280275 0.000285325 0.00026866 0.000262095 0.00026563 0.000266135 0.00026563 0.00024745 0.00025452 0.000270175 0.00022523 0.00023937 0.000223715 0.000215635 0.000203515 0.00022422 0.00019291 0.000190385 0.000182305 0.00017776 0.00016362 0.00015756 0.00014948 0.000135845 0.000143925 0.00013534 0.000120695 0.00011817 0.000114635 9.898e-05 9.4435e-05 8.1305e-05 8.4335e-05 7.8275e-05 6.262e-05 7.0195e-05 6.3125e-05 0.00072518 
0.000112615 0.00011009 0.000141905 0.00011918 0.00013534 0.00014544 0.00014746 0.000166145 0.00017271 0.000171195 0.00018079 0.000171195 0.00018483 0.000168165 0.00016766 0.000178265 0.00017069 0.000160085 0.00017978 0.00016968 0.000172205 0.00018382 0.0001717 0.00016968 0.00015352 0.00014948 0.000137865 0.000155035 0.00014645 0.000139885 0.000143925 0.000117665 0.000116655 0.000113625 0.000109585 0.000116655 0.00011211 9.9485e-05 9.3425e-05 8.989e-05 8.8375e-05 8.686e-05 7.979e-05 7.575e-05 7.8275e-05 5.353e-05 6.1105e-05 5.858e-05 4.3935e-05 5.4035e-05 0.00058479 
6.0095e-05 7.777e-05 7.676e-05 7.8275e-05 9.2415e-05 8.686e-05 0.000101505 9.898e-05 0.00010706 0.000113625 0.00011413 0.00011817 0.000106555 0.00013029 0.00011918 0.000133825 0.00010605 0.000124735 0.00011615 0.00011009 0.000136855 0.00011413 0.00010302 9.999e-05 0.000110595 0.000118675 9.3425e-05 9.292e-05 9.595e-05 9.1405e-05 8.585e-05 9.09e-05 6.9185e-05 8.08e-05 7.272e-05 7.474e-05 8.2315e-05 6.2115e-05 6.1105e-05 6.767e-05 6.0095e-05 5.353e-05 5.05e-05 5.555e-05 5.2015e-05 3.9895e-05 3.838e-05 3.7875e-05 4.141e-05 4.04e-05 0.0004545 
3.2825e-05 5.151e-05 4.7975e-05 6.262e-05 5.757e-05 6.161e-05 5.959e-05 7.1205e-05 6.666e-05 6.262e-05 7.474e-05 6.969e-05 7.676e-05 7.979e-05 7.272e-05 7.07e-05 7.5245e-05 8.585e-05 6.767e-05 7.878e-05 6.868e-05 7.272e-05 6.7165e-05 7.07e-05 7.3225e-05 6.161e-05 6.6155e-05 6.464e-05 5.8075e-05 6.2115e-05 5.757e-05 5.151e-05 4.6965e-05 5.4035e-05 5.6055e-05 5.3025e-05 5.3025e-05 4.0905e-05 4.3935e-05 4.545e-05 4.141e-05 3.333e-05 3.737e-05 4.4945e-05 3.4845e-05 3.535e-05 3.333e-05 3.232e-05 3.03e-05 2.3735e-05 0.000371175 
2.626e-05 3.4845e-05 3.1815e-05 3.838e-05 3.939e-05 3.535e-05 4.04e-05 3.838e-05 4.6965e-05 4.848e-05 4.747e-05 4.5955e-05 4.545e-05 4.5955e-05 5.5045e-05 5.656e-05 4.0905e-05 4.9995e-05 4.9995e-05 4.9995e-05 5.454e-05 4.5955e-05 4.444e-05 5.858e-05 3.939e-05 3.9895e-05 4.6965e-05 4.444e-05 4.545e-05 4.8985e-05 3.636e-05 4.3935e-05 3.434e-05 3.535e-05 4.4945e-05 3.0805e-05 3.5855e-05 2.727e-05 3.0805e-05 2.7775e-05 2.929e-05 2.8785e-05 3.232e-05 2.0705e-05 1.919e-05 2.626e-05 1.8685e-05 2.02e-05 1.919e-05 1.818e-05 0.000278255 
2.02e-05 1.818e-05 2.222e-05 2.0705e-05 2.7775e-05 2.323e-05 2.525e-05 3.535e-05 3.434e-05 3.737e-05 3.9895e-05 2.7775e-05 2.2725e-05 3.7875e-05 3.3835e-05 3.232e-05 3.535e-05 3.0805e-05 3.232e-05 3.03e-05 3.232e-05 2.727e-05 3.2825e-05 3.7875e-05 3.2825e-05 2.9795e-05 3.232e-05 3.1815e-05 2.6765e-05 2.626e-05 2.525e-05 2.3735e-05 2.1715e-05 2.4745e-05 2.525e-05 2.323e-05 2.222e-05 2.4745e-05 1.616e-05 2.323e-05 1.717e-05 2.0705e-05 1.6665e-05 2.222e-05 1.515e-05 1.6665e-05 1.5655e-05 1.212e-05 1.313e-05 1.5655e-05 0.00022422 
1.616e-05 1.414e-05 1.1615e-05 1.616e-05 1.9695e-05 1.414e-05 1.7675e-05 2.1715e-05 2.0705e-05 1.7675e-05 2.121e-05 1.3635e-05 2.1715e-05 2.3735e-05 1.919e-05 1.6665e-05 2.121e-05 2.02e-05 1.4645e-05 1.9695e-05 2.5755e-05 2.3735e-05 2.1715e-05 1.9695e-05 2.323e-05 2.2725e-05 1.9695e-05 1.818e-05 2.02e-05 1.9695e-05 2.0705e-05 2.222e-05 1.8685e-05 1.111e-05 1.7675e-05 2.02e-05 1.01e-05 1.2625e-05 1.4645e-05 1.6665e-05 1.6665e-05 1.4645e-05 1.2625e-05 1.4645e-05 1.2625e-05 8.585e-06 1.313e-05 9.595e-06 1.3635e-05 5.555e-06 0.000181295 
0 0 0 0 0 0 0 0 0 0 0 0 0 0 0 0 0 0 0 0 0 0 0 0 0 0 0 0 0 0 0 0 0 0 0 0 0 0 0 0 0 0 0 0 0 0 0 0 0 0 0 
Per-collision Densities L:
0.907574 0.745216 0.609894 0.500881 0.410253 0.33719 0.276328 0.227161 0.185956 0.152539 0.125682 0.102647 0.0839946 0.0691027 0.0565888 0.0465378 0.0381088 0.0312135 0.0257641 0.0212418 0.0172069 0.0142733 0.011613 0.0095445 0.00783255 0.00643875 0.00519847 0.00427685 0.00356833 0.00291234 0.00244673 0.00195183 0.00157762 0.001313 0.0010802 0.000884255 0.00074538 0.000569135 0.000484295 0.000382285 0.00031512 0.000253005 0.000207555 0.000202505 0.000152005 0.000131805 9.191e-05 9.393e-05 6.9185e-05 5.959e-05 0.000248965 
0.0304566 0.0763151 0.105321 0.120715 0.127481 0.128208 0.124202 0.117758 0.108981 0.100139 0.0908849 0.0818474 0.0730982 0.0646158 0.0568004 0.0500793 0.0437987 0.0378088 0.0327164 0.0284931 0.0244521 0.0211514 0.0181724 0.0155858 0.0133689 0.0113721 0.00961571 0.00818757 0.00697102 0.00587265 0.00503586 0.00420211 0.00366075 0.00306737 0.00257247 0.00221998 0.00184982 0.00153975 0.0013433 0.00111706 0.000896375 0.000754975 0.000661045 0.00054136 0.000459045 0.0003939 0.00034643 0.00026967 0.00023028 0.0001818 0.00096859 
0.00607465 0.0175705 0.0276058 0.0360009 0.0423362 0.0467827 0.0498975 0.0509277 0.051204 0.0501677 0.0490956 0.0468792 0.0440638 0.0417519 0.038632 0.0354081 0.0324816 0.0297496 0.0267973 0.0242031 0.0216938 0.0194405 0.0171266 0.0154565 0.0136638 0.0120069 0.0107348 0.00925463 0.00812242 0.00704425 0.00615848 0.00537674 0.00468539 0.00408798 0.00349006 0.0030396 0.00266135 0.00231644 0.00197809 0.00167155 0.00145693 0.00127765 0.00102263 0.000944855 0.00079083 0.00067569 0.00059287 0.000501465 0.000424705 0.000358045 0.00207303 
0.00206596 0.00634331 0.010255 0.0137133 0.0169362 0.019596 0.0215711 0.0233946 0.0241112 0.0249021 0.0251182 0.024999 0.0244001 0.0242319 0.0229028 0.0219902 0.0211307 0.019543 0.0184774 0.0172311 0.0156838 0.014744 0.013286 0.0122402 0.0112054 0.0100647 0.00907132 0.00817646 0.00739421 0.00666701 0.00591103 0.0052515 0.00476114 0.00423998 0.00371074 0.003282 0.00288658 0.0025043 0.00221948 0.0019488 0.00179275 0.00149127 0.00126705 0.00116605 0.00098172 0.000850925 0.00074639 0.000661045 0.0005858 0.00049086 0.00314817 
0.000927685 0.00280528 0.00456722 0.00632563 0.00783154 0.00921878 0.0103227 0.0111989 0.0120347 0.0126922 0.0132209 0.0133724 0.0135593 0.0134613 0.0134865 0.0130911 0.0126871 0.0122493 0.0117473 0.0112302 0.0105752 0.00987073 0.00959096 0.00866833 0.00806334 0.0074538 0.00702809 0.00641956 0.00583225 0.00537068 0.00494345 0.00441724 0.00397839 0.00370569 0.00332896 0.00297193 0.0027265 0.00238158 0.00218716 0.00195082 0.00170236 0.00156399 0.00138017 0.00119534 0.00103424 0.00097162 0.000861025 0.00070195 0.000619635 0.000619635 0.00390517 
0.0004747 0.00133876 0.00228462 0.00307242 0.0038481 0.00460106 0.00522625 0.00584942 0.00646299 0.00680185 0.0070089 0.00736038 0.00754975 0.00765429 0.0077765 0.00770125 0.0074735 0.00738209 0.00735937 0.00704273 0.00679983 0.00655238 0.00623574 0.00591305 0.00561207 0.00529341 0.00495759 0.00459954 0.00428493 0.00392789 0.00373599 0.00350874 0.00320372 0.00289214 0.00264974 0.00245834 0.00229169 0.00206697 0.00193567 0.00167206 0.00150995 0.00138724 0.0012317 0.00112565 0.00097566 0.000892335 0.000826685 0.0007575 0.00065044 0.00054641 0.00437027 
0.000258055 0.00071407 0.0012014 0.00160691 0.00201091 0.00256389 0.00287194 0.00315676 0.00354864 0.00375872 0.00402081 0.00408949 0.00425917 0.00440057 0.00446673 0.00460863 0.00453288 0.00449299 0.00452127 0.00437229 0.00432836 0.00419049 0.00401829 0.00390567 0.0036966 0.00356177 0.00339158 0.00322998 0.00306333 0.00284416 0.00268761 0.00248915 0.00242198 0.00216746 0.00203768 0.0018882 0.00176851 0.00162964 0.00149733 0.00135492 0.00122109 0.00111757 0.00103778 0.00095344 0.00087466 0.000789315 0.00072417 0.000643875 0.0005858 0.000508535 0.00441168 
0.00011918 0.00039087 0.000632765 0.000887285 0.00113524 0.00133876 0.00154783 0.00183214 0.00199526 0.00211999 0.00233664 0.0023427 0.0025149 0.00255278 0.00268963 0.00273761 0.00271791 0.00274468 0.00274266 0.00267145 0.00255328 0.00267398 0.00259065 0.00250581 0.00242299 0.00237754 0.00223968 0.00227048 0.00204677 0.00198465 0.00186143 0.00178871 0.00168519 0.00155944 0.0014847 0.00138471 0.0013125 0.00118776 0.00111959 0.00104939 0.00096758 0.000896375 0.000809515 0.00076356 0.000715585 0.000655995 0.000576205 0.00056964 0.00051005 0.000440865 0.00411777 
6.969e-05 0.000212605 0.00034845 0.00051611 0.000623675 0.000802445 0.00089183 0.0010504 0.00111605 0.00122665 0.00135239 0.00142915 0.00145592 0.00157964 0.00159782 0.0016256 0.00166246 0.001666 0.00168822 0.00175589 0.0016761 0.00165691 0.00167105 0.00162307 0.00150945 0.00149682 0.00148218 0.00145087 0.00140643 0.00131199 0.00130644 0.00126503 0.00122867 0.00110797 0.00103475 0.00102616 0.00089486 0.00090092 0.00083022 0.00075043 0.00076558 0.000689325 0.00061913 0.000581255 0.000517625 0.00049995 0.000474195 0.00042016 0.00040905 0.00037572 0.00366681 
4.545e-05 0.000139885 0.000202505 0.000303505 0.00037875 0.00043026 0.00052217 0.00059085 0.000691345 0.00072922 0.0008282 0.000832745 0.00089486 0.000946875 0.000983235 0.000969095 0.00103424 0.00104939 0.00104232 0.00103929 0.00107919 0.00104232 0.00104182 0.0010302 0.00099687 0.000986265 0.000964045 0.00091304 0.000945865 0.000885265 0.00087163 0.0008383 0.00078982 0.000764065 0.00073427 0.00071508 0.000665085 0.00062216 0.000574185 0.000571155 0.00057065 0.000536815 0.00049288 0.000421675 0.00042824 0.000398445 0.0003838 0.00031512 0.000312595 0.00027977 0.0030497 
3.131e-05 6.868e-05 0.00013837 0.00017978 0.000188365 0.000301485 0.00031512 0.000363095 0.000395415 0.000451975 0.000504495 0.000544895 0.000551965 0.0005757 0.000592365 0.000611555 0.00063327 0.00064943 0.00066155 0.0006464 0.00067064 0.00068074 0.00063731 0.000679225 0.000627715 0.000653975 0.00064943 0.00059489 0.000619635 0.000594385 0.00056257 0.00054944 0.00055449 0.00054641 0.000491365 0.00050904 0.000452985 0.00045652 0.000401475 0.00039592 0.000374205 0.00033835 0.00033532 0.000330775 0.00033027 0.00025654 0.00025149 0.0002626 0.00021816 0.000228765 0.00254571 
2.222e-05 4.0905e-05 7.676e-05 0.000110595 0.0001414 0.000160085 0.000187355 0.00020806 0.000227755 0.000258055 0.00028684 0.00031714 0.00032118 0.00036158 0.000378245 0.000382285 0.00038986 0.00041107 0.000413595 0.0004242 0.00042521 0.00043834 0.000406525 0.000385315 0.00042319 0.00040299 0.000445915 0.00039693 0.00039289 0.00041612 0.00039188 0.00036461 0.000339865 0.00036057 0.000349965 0.00033734 0.000302495 0.000331785 0.00029492 0.000269165 0.000274215 0.000257045 0.000267145 0.00021513 0.0002121 0.000204525 0.0001919 0.000184325 0.000174225 0.00015958 0.00202606 
6.06e-06 2.5755e-05 4.242e-05 6.464e-05 9.5445e-05 9.393e-05 0.00012625 0.00013635 0.000166145 0.00017271 0.0001818 0.00020099 0.000190385 0.000206545 0.00023937 0.000262095 0.00025149 0.000244925 0.00026967 0.00027068 0.000258055 0.000263105 0.00027068 0.000267145 0.000270175 0.00028482 0.0002828 0.00028179 0.000235835 0.00025452 0.000249975 0.000250985 0.00023735 0.0002424 0.00022321 0.000224725 0.000226745 0.00020301 0.00020604 0.0001919 0.00018887 0.00018584 0.00017069 0.00016463 0.000182305 0.0001313 0.00015655 0.00012322 0.000121705 0.000126755 0.00157712 
7.07e-06 2.1715e-05 2.727e-05 4.2925e-05 5.454e-05 5.858e-05 7.6255e-05 8.787e-05 0.000101505 0.000104535 0.00012322 0.000115645 0.00013736 0.00012726 0.000142915 0.000141905 0.000159075 0.00016665 0.00017271 0.00018079 0.00016867 0.00017069 0.00017675 0.0001818 0.0001717 0.000186345 0.000171195 0.000185335 0.00018584 0.000171195 0.000159075 0.0001717 0.000158065 0.00015655 0.000163115 0.000131805 0.00013938 0.00012928 0.00012423 0.00013029 0.00012423 0.000135845 0.000121705 0.00010706 0.000106555 0.000101505 0.00010504 8.888e-05 8.9385e-05 9.6455e-05 0.00124079 
3.535e-06 9.595e-06 1.9695e-05 2.121e-05 3.5855e-05 3.535e-05 5.1005e-05 5.1005e-05 6.2115e-05 7.272e-05 7.171e-05 8.787e-05 9.09e-05 8.4335e-05 8.686e-05 8.686e-05 8.989e-05 9.797e-05 0.000111605 0.000111605 0.00010807 0.000101 0.00011312 0.00012221 0.000118675 0.000115645 0.00011211 0.000105545 0.00011312 9.7465e-05 0.000123725 0.00010302 0.00010605 0.000101505 8.989e-05 0.00010807 0.000102515 9.696e-05 8.4335e-05 9.5445e-05 9.595e-05 8.989e-05 7.9285e-05 7.0195e-05 7.373e-05 7.979e-05 7.575e-05 7.2215e-05 6.2115e-05 6.969e-05 0.000968085 
1.515e-06 1.0605e-05 1.1615e-05 1.4645e-05 1.8685e-05 2.8785e-05 3.0805e-05 3.1815e-05 4.0905e-05 4.343e-05 4.949e-05 5.252e-05 5.454e-05 5.7065e-05 5.757e-05 5.6055e-05 6.8175e-05 5.757e-05 6.969e-05 7.6255e-05 7.373e-05 7.474e-05 8.2315e-05 7.676e-05 6.868e-05 7.676e-05 7.575e-05 7.07e-05 7.474e-05 7.3225e-05 7.1205e-05 7.373e-05 6.666e-05 5.8075e-05 6.9185e-05 7.676e-05 6.4135e-05 6.4135e-05 6.161e-05 4.747e-05 6.767e-05 6.767e-05 5.858e-05 6.0095e-05 5.757e-05 6.262e-05 4.747e-05 4.7975e-05 3.8885e-05 4.646e-05 0.000690335 
1.515e-06 6.06e-06 6.06e-06 8.585e-06 1.0605e-05 1.515e-05 1.818e-05 2.1715e-05 2.02e-05 2.4745e-05 3.3835e-05 2.929e-05 3.03e-05 3.6865e-05 3.6865e-05 3.4845e-05 4.242e-05 4.2925e-05 4.6965e-05 4.949e-05 5.9085e-05 5.3025e-05 4.545e-05 5.151e-05 4.9995e-05 4.141e-05 5.2015e-05 4.2925e-05 3.838e-05 5.4035e-05 5.8075e-05 4.545e-05 4.242e-05 3.2825e-05 3.8885e-05 4.5955e-05 4.7975e-05 4.3935e-05 4.2925e-05 3.636e-05 3.838e-05 3.737e-05 3.333e-05 3.333e-05 3.7875e-05 3.7875e-05 4.04e-05 3.636e-05 3.03e-05 3.03e-05 0.000561055 
1.515e-06 1.515e-06 6.565e-06 5.05e-06 7.07e-06 8.585e-06 1.4645e-05 1.414e-05 1.2625e-05 1.2625e-05 1.515e-05 2.121e-05 1.7675e-05 1.6665e-05 2.2725e-05 2.02e-05 3.0805e-05 3.2825e-05 3.4845e-05 3.3835e-05 2.7775e-05 3.131e-05 2.6765e-05 3.4845e-05 3.1815e-05 2.9795e-05 3.2825e-05 3.333e-05 3.3835e-05 3.636e-05 3.1815e-05 2.8785e-05 3.333e-05 2.5755e-05 3.232e-05 3.7875e-05 3.1815e-05 2.525e-05 2.626e-05 3.1815e-05 2.2725e-05 3.2825e-05 2.323e-05 1.919e-05 2.727e-05 2.3735e-05 2.121e-05 2.424e-05 2.121e-05 2.121e-05 0.000415615 
1.515e-06 2.525e-06 1.515e-06 3.535e-06 4.04e-06 6.06e-06 8.585e-06 6.06e-06 1.111e-05 1.2625e-05 1.414e-05 1.2625e-05 1.0605e-05 1.0605e-05 1.3635e-05 1.5655e-05 1.717e-05 2.3735e-05 2.0705e-05 2.323e-05 2.0705e-05 1.8685e-05 2.0705e-05 2.323e-05 2.424e-05 2.1715e-05 2.2725e-05 1.8685e-05 1.3635e-05 2.424e-05 1.8685e-05 2.2725e-05 2.222e-05 2.02e-05 1.6665e-05 1.515e-05 2.323e-05 1.414e-05 2.0705e-05 1.8685e-05 1.2625e-05 2.121e-05 1.919e-05 1.6665e-05 1.5655e-05 1.717e-05 1.4645e-05 1.111e-05 1.313e-05 1.212e-05 0.000313605 
0 0 0 0 0 0 0 0 0 0 0 0 0 0 0 0 0 0 0 0 0 0 0 0 0 0 0 0 0 0 0 0 0 0 0 0 0 0 0 0 0 0 0 0 0 0 0 0 0 0 0 
