Half rod, albedo problem, Anisotropic scattering, exponential random flight, mu_t: 3 g: 0.5
Analogmu_t c: 0.99 maxx: 10 dx: 0.19802 numsamples: 1000000 numCollisionOrders: 20 numMoments: 10
total albedo: 0.753464
per-collision order albedos: 
0 0.123053 0.091764 0.070297 0.054916 0.044094 0.036372 0.029738 0.02512 0.021643 0.018758 0.016455 0.014689 0.01267 0.011492 0.010196 0.009413 0.008354 0.007787 0.007062 
Collision density L:
2.21606 2.12683 2.0344 1.94963 1.86602 1.78809 1.71723 1.64305 1.57619 1.51266 1.45232 1.38936 1.33167 1.28063 1.22442 1.17385 1.12631 1.0795 1.03191 0.990547 0.954167 0.91457 0.876907 0.839618 0.803945 0.769393 0.738573 0.707939 0.683174 0.649733 0.619393 0.595203 0.569994 0.54999 0.525559 0.505096 0.480886 0.462297 0.444213 0.430179 0.409333 0.392784 0.375356 0.358924 0.34291 0.333184 0.315347 0.303505 0.287991 0.278139 6.44672 
Collision density R:
2.93394 2.82029 2.70388 2.58498 2.4838 2.37488 2.27238 2.18345 2.09293 2.00565 1.92341 1.85078 1.76995 1.69692 1.62613 1.56325 1.49083 1.4355 1.37274 1.31729 1.2635 1.21516 1.16474 1.11401 1.06759 1.02302 0.98375 0.938149 0.902925 0.861464 0.825584 0.793769 0.760232 0.729301 0.69688 0.668423 0.64282 0.616019 0.587886 0.568059 0.543875 0.521524 0.49945 0.479048 0.457257 0.438355 0.41913 0.404288 0.388608 0.370579 8.55495 
Density Moments:
24.6493 115.431 1082.38 15281.7 288712 6.80754e+06 1.90532e+08 6.0874e+09 2.15333e+11 8.23808e+12 
Per-collision Density Moments:
1 0.333805 0.22291 0.223482 0.299191 0.501538 1.00967 2.36685 6.29802 18.5998 
0.866814 0.536938 0.524147 0.691409 1.14532 2.27726 5.26646 13.8324 40.4816 129.929 
0.766396 0.664488 0.839664 1.36186 2.68048 6.18362 16.304 48.1607 156.737 553.977 
0.688389 0.74663 1.1432 2.18467 4.95838 12.9795 38.3961 126.38 457.086 1797.61 
0.626531 0.801245 1.42399 3.10522 7.92323 23.0284 74.8629 268.533 1051.3 4451.07 
0.576234 0.8386 1.68233 4.10043 11.5861 36.9863 131.115 509.491 2147.26 9725.25 
0.534231 0.865288 1.92159 5.15276 15.9172 55.2252 211.677 885.528 4004.14 19409.8 
0.499176 0.883805 2.13982 6.23275 20.8296 77.9037 321.029 1441.93 7002.91 36548.9 
0.469038 0.896611 2.33953 7.32406 26.2199 104.687 458.998 2186.45 11224.4 61692.6 
0.442616 0.905583 2.5244 8.42744 32.0968 135.973 630.811 3170.78 17132.3 98885.1 
0.419458 0.911734 2.6958 9.53416 38.4015 171.664 838.201 4421.38 24984.1 150201 
0.398784 0.915561 2.85621 10.6508 45.1933 212.593 1090.93 6039.2 35766.3 225097 
0.380097 0.918289 3.00709 11.7613 52.2984 257.524 1381.43 7982.41 49276 322876 
0.363685 0.919158 3.14459 12.8423 59.5893 305.979 1710.65 10299.6 66257.5 452675 
0.348594 0.918948 3.27466 13.9282 67.3073 359.901 2094.78 13124.1 87778.2 622659 
0.334916 0.917556 3.39601 15.0017 75.2657 417.525 2518.43 16329.4 112862 826021 
0.322112 0.915227 3.50825 16.0493 83.3776 478.742 2986.8 20010.2 142709 1.07605e+06 
0.310615 0.912673 3.61527 17.0912 91.7443 544.096 3503.65 24202.8 177739 1.37774e+06 
0.299781 0.909222 3.71631 18.1279 100.408 614.435 4082.18 29088.8 220289 1.75997e+06 
0 0 0 0 0 0 0 0 0 0 
Per-collision Densities L:
0 0 0 0 0 0 0 0 0 0 0 0 0 0 0 0 0 0 0 0 0 0 0 0 0 0 0 0 0 0 0 0 0 0 0 0 0 0 0 0 0 0 0 0 0 0 0 0 0 0 0 
0.28179 0.15507 0.0856379 0.0474801 0.0259924 0.0140895 0.0076962 0.0040703 0.00239875 0.00135845 0.0006868 0.00041915 0.00020705 0.00010605 4.545e-05 4.04e-05 1.515e-05 5.05e-06 5.05e-06 5.05e-06 0 5.05e-06 0 0 0 0 0 0 0 0 0 0 0 0 0 0 0 0 0 0 0 0 0 0 0 0 0 0 0 0 0 
0.264453 0.215579 0.154889 0.107449 0.0707606 0.0441421 0.0283406 0.0180336 0.0111706 0.00652965 0.0036158 0.002323 0.0013332 0.0009393 0.00045955 0.0002929 0.0001313 0.0001313 7.07e-05 2.02e-05 1.01e-05 1.515e-05 0 0 0 0 0 5.05e-06 0 0 0 0 0 0 0 0 0 0 0 0 0 0 0 0 0 0 0 0 0 0 0 
0.210423 0.200419 0.17124 0.138557 0.103333 0.0767095 0.0548632 0.03737 0.0253561 0.016963 0.010499 0.00712555 0.00467125 0.00295425 0.0017877 0.001212 0.0006262 0.0004141 0.0002121 0.0001313 0.0001313 7.07e-05 4.545e-05 5.05e-06 1.01e-05 5.05e-06 5.05e-06 0 0 0 5.05e-06 0 0 0 0 0 0 0 0 0 0 0 0 0 0 0 0 0 0 0 0 
0.16715 0.166332 0.156914 0.137931 0.117943 0.0957329 0.0753864 0.0563732 0.0421473 0.0295375 0.0204677 0.0144986 0.0099485 0.006666 0.0044743 0.00295425 0.0017372 0.00130795 0.0007777 0.00053025 0.00030805 0.0002424 0.0001313 6.565e-05 5.05e-05 3.535e-05 0 5.05e-06 1.01e-05 0 0 0 0 0 0 0 0 0 0 0 0 0 0 0 0 0 0 0 0 0 0 
0.134133 0.137092 0.134997 0.125917 0.115514 0.100601 0.0848198 0.0690992 0.0550097 0.0421625 0.0320423 0.0239825 0.0172256 0.0117918 0.0085345 0.00582265 0.00400465 0.00281285 0.0018887 0.00109585 0.000808 0.00051005 0.0003838 0.00017675 0.00015655 9.595e-05 4.04e-05 4.545e-05 1.01e-05 1.515e-05 5.05e-06 5.05e-06 0 0 5.05e-06 0 0 0 0 0 0 0 0 0 0 0 0 0 0 0 0 
0.109388 0.112797 0.112999 0.112125 0.104752 0.0975307 0.0860217 0.0730584 0.0626453 0.0517979 0.0410919 0.0321231 0.024038 0.0180487 0.0133623 0.0097768 0.0068478 0.00505505 0.0036865 0.0024038 0.00173215 0.00110595 0.0008181 0.00057065 0.00032825 0.0002323 0.0001515 0.0001111 4.04e-05 2.525e-05 2.02e-05 5.05e-06 2.02e-05 1.01e-05 5.05e-06 0 0 0 0 0 0 0 0 0 0 0 0 0 0 0 0 
0.0917535 0.0959096 0.0966166 0.0975054 0.09494 0.0891426 0.0827493 0.0734523 0.0658419 0.0561863 0.0468388 0.0384608 0.0300021 0.0242148 0.0185083 0.0140138 0.0108424 0.00791335 0.00610545 0.00444905 0.0029997 0.00222705 0.00141905 0.0009696 0.0006565 0.0004747 0.0003434 0.00027775 0.0001414 7.575e-05 5.555e-05 2.02e-05 3.03e-05 3.03e-05 2.525e-05 1.01e-05 5.05e-06 0 0 0 0 0 0 0 0 0 0 0 0 0 0 
0.0786437 0.0824665 0.0849259 0.0844108 0.0834311 0.0810778 0.0762853 0.0712101 0.064337 0.0586507 0.0495506 0.0420564 0.0353702 0.028785 0.0232654 0.0185386 0.0147814 0.0114938 0.0085345 0.00677205 0.00506515 0.00345925 0.00243915 0.0019695 0.00139885 0.00093425 0.0006161 0.00042925 0.00031815 0.00022725 0.00013635 8.08e-05 7.575e-05 5.555e-05 3.535e-05 2.525e-05 5.05e-06 5.05e-06 1.01e-05 0 0 0 0 0 5.05e-06 5.05e-06 0 0 0 0 0 
0.066963 0.0713313 0.07322 0.0742148 0.0746138 0.0723867 0.070397 0.0668115 0.0604637 0.0559641 0.0503132 0.043829 0.0381679 0.0330018 0.0264065 0.0226897 0.018175 0.0145036 0.0112767 0.00875165 0.0069892 0.00536815 0.003737 0.00308555 0.00202505 0.0015453 0.00115645 0.00082315 0.00046965 0.0004646 0.00029795 0.0001616 0.00021715 8.585e-05 6.06e-05 6.565e-05 2.525e-05 2.525e-05 1.515e-05 5.05e-06 0 0 5.05e-06 0 5.05e-06 0 0 5.05e-06 0 0 0 
0.0585295 0.0620494 0.0641401 0.066559 0.066357 0.0650693 0.0644279 0.0606455 0.0574539 0.0542522 0.0495254 0.0444047 0.0397587 0.0344461 0.0294365 0.0247198 0.0210686 0.0173569 0.0140542 0.0114938 0.008686 0.0070801 0.0053934 0.00408545 0.0033027 0.0024038 0.00158065 0.0012221 0.0009494 0.0007676 0.0004343 0.00032825 0.0002525 0.0001717 0.0001212 9.595e-05 7.07e-05 6.565e-05 3.535e-05 2.02e-05 1.01e-05 0 1.01e-05 5.05e-06 5.05e-06 0 0 0 0 0 0 
0.0511565 0.0555147 0.057363 0.0587568 0.0591507 0.0585901 0.0587012 0.0558884 0.0542724 0.0511666 0.0469347 0.0434755 0.0396324 0.0355167 0.0310777 0.026861 0.0228765 0.019993 0.0167559 0.0133977 0.0109181 0.0087365 0.00729725 0.0055651 0.00434805 0.003434 0.00230785 0.0018281 0.0014948 0.00096455 0.00072215 0.000505 0.00038885 0.0003434 0.00019695 0.00016665 0.0001313 9.595e-05 7.07e-05 4.04e-05 1.515e-05 3.03e-05 2.02e-05 1.01e-05 5.05e-06 5.05e-06 0 0 0 5.05e-06 0 
0.0445309 0.0483386 0.0506818 0.0528382 0.0532876 0.0538987 0.052818 0.0517979 0.049788 0.0485356 0.0455005 0.0410111 0.0394607 0.0360166 0.0315726 0.0275579 0.0239825 0.0218009 0.0179831 0.0152712 0.013231 0.0105848 0.0086355 0.00703465 0.0054035 0.0045652 0.00339865 0.00271185 0.00217655 0.00128775 0.00103525 0.0007474 0.0006767 0.00043935 0.0003737 0.00032825 0.00019695 0.0001919 0.0001111 7.07e-05 3.03e-05 2.525e-05 4.04e-05 5.05e-06 1.515e-05 0 0 0 5.05e-06 0 0 
0.0400617 0.0442532 0.0457076 0.0473034 0.0477882 0.048677 0.0499647 0.0485507 0.0468842 0.0449955 0.0438643 0.0416928 0.0372034 0.0344309 0.03131 0.028482 0.0256288 0.0226341 0.0194728 0.0171751 0.0147662 0.012014 0.0102111 0.0082416 0.006767 0.00554995 0.00447935 0.003535 0.0026967 0.0019897 0.0017574 0.00115645 0.0009696 0.00064135 0.0006161 0.00041915 0.0003838 0.0001919 0.0001818 0.0001212 5.05e-05 6.06e-05 5.555e-05 4.545e-05 1.01e-05 5.05e-06 1.01e-05 5.05e-06 1.01e-05 0 5.05e-06 
0.0362439 0.0388648 0.0412484 0.04292 0.0441875 0.04444 0.0459601 0.0454298 0.0436421 0.0419302 0.041309 0.0391779 0.0355217 0.0337643 0.0322291 0.0281134 0.0260429 0.0232098 0.0211545 0.0185335 0.0150642 0.013529 0.0111151 0.00971115 0.00782245 0.0065549 0.0052823 0.0042521 0.0033532 0.00280275 0.00201495 0.0016261 0.0013736 0.00103525 0.0007474 0.00058075 0.00045955 0.0003737 0.00021715 0.0001717 0.0001111 0.00011615 0.00011615 3.535e-05 4.545e-05 3.03e-05 1.01e-05 5.05e-06 0 5.05e-06 3.03e-05 
0.0325675 0.0349915 0.037572 0.0397233 0.0406727 0.0422988 0.0418443 0.0420059 0.0415868 0.0397789 0.0381881 0.0364156 0.034946 0.0335977 0.0314009 0.0289719 0.0257298 0.0235179 0.0207959 0.0185133 0.0161095 0.0142562 0.0126705 0.0100243 0.0091809 0.0073932 0.00597415 0.0052217 0.00419655 0.00337845 0.0024644 0.00216645 0.00167155 0.0012827 0.0011918 0.0007777 0.00068175 0.00042925 0.0003434 0.00028785 0.00021715 0.00018685 0.00011615 0.0001212 4.545e-05 4.545e-05 1.515e-05 1.515e-05 2.02e-05 1.515e-05 4.545e-05 
0.0288557 0.0318655 0.0347693 0.0363954 0.0377033 0.0385669 0.0386881 0.0381427 0.0388042 0.0379003 0.0361075 0.0353601 0.0340219 0.0327341 0.0300526 0.0280932 0.0256843 0.023326 0.021508 0.019286 0.0170943 0.0146703 0.0129987 0.0114888 0.0095445 0.00835775 0.00728715 0.00579235 0.00493385 0.0038683 0.00342895 0.002727 0.0020301 0.0017069 0.00143925 0.00120695 0.0008484 0.00058075 0.00056055 0.0004141 0.0003434 0.00014645 0.0001818 0.0001414 8.08e-05 3.535e-05 6.06e-05 2.525e-05 3.03e-05 1.01e-05 8.08e-05 
0.0261085 0.0297193 0.0317342 0.0329765 0.0353197 0.0349612 0.035552 0.0366731 0.035653 0.0354864 0.035653 0.0337593 0.0328654 0.0309919 0.0292294 0.0271791 0.0256944 0.0232957 0.0210737 0.0197304 0.0179578 0.0158267 0.0138421 0.0119231 0.0101707 0.00929705 0.00767095 0.00665085 0.0056358 0.0046258 0.00405515 0.0031108 0.0024543 0.0022018 0.00170185 0.0014746 0.0010302 0.00079285 0.00079285 0.00058075 0.00033835 0.000303 0.00026765 0.00018685 0.0001414 9.595e-05 8.585e-05 5.555e-05 4.545e-05 4.04e-05 6.06e-05 
0.024538 0.0272296 0.0287901 0.031103 0.0319615 0.0329311 0.0335926 0.0341734 0.0338148 0.0336785 0.033128 0.0325776 0.0306384 0.029492 0.0282346 0.0268913 0.0248359 0.0234876 0.0215837 0.0192708 0.0179427 0.0159025 0.0143319 0.0125998 0.0109686 0.0097869 0.00857995 0.00722655 0.00624685 0.0050601 0.00430765 0.00345925 0.0029088 0.00237855 0.00200485 0.00170185 0.0013736 0.00110595 0.0009898 0.00064135 0.0005454 0.0004444 0.0003131 0.0002323 0.00016665 0.00017675 0.00012625 8.08e-05 9.595e-05 6.06e-05 0.0001313 
0 0 0 0 0 0 0 0 0 0 0 0 0 0 0 0 0 0 0 0 0 0 0 0 0 0 0 0 0 0 0 0 0 0 0 0 0 0 0 0 0 0 0 0 0 0 0 0 0 0 0 
Per-collision Densities L:
2.25961 1.24896 0.689113 0.381972 0.210413 0.116584 0.0637159 0.0354712 0.0198869 0.0108323 0.0059287 0.00320675 0.0020705 0.00093425 0.0006161 0.00030805 0.00016665 8.08e-05 4.04e-05 3.03e-05 3.535e-05 1.515e-05 0 5.05e-06 0 0 0 0 0 0 0 0 0 0 0 0 0 0 0 0 0 0 0 0 0 0 0 0 0 0 0 
0.447965 0.801667 0.745739 0.575932 0.412282 0.28027 0.182234 0.115302 0.0736795 0.0451167 0.0280023 0.0170135 0.0102869 0.0061913 0.0035249 0.00214625 0.0012221 0.0006464 0.00047975 0.00023735 0.00015655 0.0001111 3.03e-05 2.525e-05 1.515e-05 5.05e-06 0 0 5.05e-06 0 0 0 0 0 0 0 0 0 0 0 0 0 0 0 0 0 0 0 0 0 0 
0.0808202 0.298965 0.438704 0.468079 0.422821 0.347637 0.267605 0.196223 0.138572 0.0964702 0.0636048 0.0427685 0.0281235 0.0184578 0.011312 0.00755985 0.0045248 0.00285325 0.0016362 0.0011312 0.0006363 0.00047975 0.0002828 0.0001515 9.595e-05 5.05e-05 1.515e-05 2.02e-05 0 0 5.05e-06 0 0 0 0 0 0 0 0 0 0 0 0 0 0 0 0 0 0 0 0 
0.0255076 0.107843 0.20962 0.280437 0.315898 0.306176 0.272543 0.229103 0.18134 0.140536 0.102722 0.0751996 0.0526362 0.0368044 0.025654 0.0170286 0.0109131 0.00740835 0.0050197 0.0031714 0.00214625 0.00132815 0.0008484 0.00054035 0.00029795 0.00017675 0.00011615 9.09e-05 4.545e-05 3.03e-05 2.02e-05 0 5.05e-06 5.05e-06 0 5.05e-06 0 0 0 0 0 0 0 0 0 0 0 0 0 0 0 
0.0162358 0.0541158 0.104964 0.160161 0.201894 0.223473 0.228295 0.213852 0.188148 0.158893 0.128235 0.101323 0.0772347 0.0586356 0.041814 0.0302647 0.0210686 0.0147006 0.0103424 0.0071104 0.00460055 0.0030199 0.002222 0.0013332 0.00084335 0.00059085 0.0003232 0.0002929 0.0001212 7.575e-05 3.535e-05 4.04e-05 2.02e-05 1.515e-05 1.515e-05 1.01e-05 5.05e-06 0 0 0 0 0 0 0 0 0 0 0 0 0 0 
0.0121705 0.0380063 0.0656904 0.0972327 0.129376 0.153576 0.170054 0.175397 0.169544 0.15305 0.135678 0.115185 0.0922888 0.0744926 0.0583578 0.0447228 0.03181 0.0240986 0.0176195 0.0123826 0.00883245 0.0066155 0.00436825 0.00295425 0.00181295 0.00128775 0.0008888 0.00064135 0.0003939 0.000202 0.00012625 0.0001212 8.585e-05 3.535e-05 4.04e-05 2.02e-05 1.515e-05 5.05e-06 0 0 0 0 0 0 0 0 0 0 0 0 0 
0.0100041 0.0284921 0.0494698 0.0678821 0.0907334 0.108908 0.124316 0.135391 0.139309 0.13638 0.126225 0.114978 0.0988538 0.0844714 0.0700536 0.05555 0.0435361 0.0338401 0.0256288 0.0192658 0.0146753 0.0105091 0.0075952 0.0051914 0.0036461 0.00246945 0.0019291 0.0012524 0.0008484 0.0006161 0.0003535 0.00024745 0.00019695 0.0001111 8.585e-05 4.04e-05 4.545e-05 2.02e-05 5.05e-06 5.05e-06 5.05e-06 0 5.05e-06 0 0 0 0 0 0 0 0 
0.0078376 0.0236088 0.0382386 0.0542067 0.0682811 0.0807899 0.0951824 0.10551 0.110029 0.113489 0.111681 0.10454 0.0975408 0.0869913 0.0751137 0.0621655 0.0521362 0.0420766 0.0334007 0.0263257 0.0199374 0.0151248 0.0114837 0.0086052 0.0063428 0.00433795 0.0031714 0.00208565 0.0017473 0.00109585 0.00079285 0.0005454 0.00046965 0.0002424 0.0001616 0.0001111 9.09e-05 7.575e-05 2.02e-05 5.05e-06 1.01e-05 5.05e-06 0 1.01e-05 5.05e-06 5.05e-06 0 5.05e-06 0 0 0 
0.00653975 0.0193466 0.0316787 0.0439603 0.0553884 0.0667964 0.0739522 0.0829261 0.0904152 0.0941219 0.0949198 0.0925615 0.0878902 0.0824665 0.0746946 0.0664227 0.0560702 0.0478437 0.0398799 0.032315 0.0253611 0.0203263 0.0155641 0.0116453 0.00906475 0.00664075 0.00503485 0.0036865 0.00269165 0.0018988 0.0013433 0.00095445 0.00074235 0.0005454 0.00031815 0.0002323 0.00018685 0.0001111 9.09e-05 5.555e-05 1.515e-05 3.535e-05 0 0 5.05e-06 5.05e-06 1.01e-05 0 5.05e-06 0 0 
0.00567115 0.0165741 0.0277801 0.0376781 0.046354 0.0551107 0.0626352 0.0692355 0.0734624 0.0798153 0.081204 0.0808758 0.0799264 0.0754218 0.0702809 0.064741 0.0582467 0.0501667 0.0438391 0.0368701 0.030295 0.0247097 0.0196546 0.0153823 0.0121251 0.00955965 0.00713565 0.0052217 0.00424705 0.0030401 0.00226745 0.00160085 0.00098475 0.0008484 0.000707 0.0004343 0.00028785 0.0002424 0.0001616 8.08e-05 6.565e-05 6.06e-05 4.04e-05 1.01e-05 2.02e-05 0 5.05e-06 5.05e-06 0 0 1.01e-05 
0.0050904 0.0138219 0.0237502 0.0312343 0.0407586 0.0469145 0.0538684 0.060595 0.0633624 0.0675589 0.0693466 0.0712505 0.0699779 0.0677256 0.0650895 0.0619989 0.0563277 0.0511818 0.0451824 0.0395769 0.0331735 0.0278003 0.0231492 0.019488 0.0151702 0.0124129 0.0099485 0.0074033 0.0056762 0.00444905 0.00311585 0.002424 0.00174225 0.001313 0.0009393 0.00069185 0.0006363 0.0003737 0.0002929 0.000202 0.00011615 7.575e-05 5.555e-05 7.07e-05 2.525e-05 3.03e-05 1.01e-05 5.05e-06 5.05e-06 5.05e-06 5.05e-06 
0.00432785 0.0124735 0.0205232 0.0278205 0.0347592 0.0408949 0.0470004 0.0516767 0.0556763 0.0587669 0.0612262 0.0631654 0.0630341 0.0612212 0.0599183 0.0570701 0.0534896 0.0498587 0.044233 0.0398243 0.0353652 0.0308858 0.0254874 0.0215736 0.018079 0.0149329 0.0121907 0.0096657 0.0077063 0.00590345 0.004646 0.00346935 0.0025856 0.0019089 0.0015554 0.00113625 0.0008787 0.0006565 0.00040905 0.00038885 0.00024745 0.00013635 6.565e-05 0.000101 7.07e-05 4.545e-05 3.03e-05 1.01e-05 2.02e-05 0 2.02e-05 
0.00368145 0.0110797 0.0177407 0.0246188 0.0306939 0.0360873 0.0414151 0.0453844 0.0493587 0.0514747 0.0544693 0.056858 0.0571408 0.0556207 0.0549087 0.0532826 0.0507475 0.0476013 0.0431018 0.0395819 0.0360924 0.0320372 0.0282649 0.0228816 0.0202707 0.0169175 0.0140895 0.0112918 0.0093425 0.0075851 0.0059994 0.0045955 0.003636 0.0030805 0.00210585 0.0015958 0.0014241 0.0009999 0.000606 0.00055045 0.00037875 0.00026765 0.00018685 0.00010605 0.0001111 4.04e-05 5.555e-05 3.03e-05 4.04e-05 2.02e-05 4.545e-05 
0.0030805 0.0095243 0.0156601 0.0211141 0.0275478 0.0317847 0.0364459 0.0409404 0.0436219 0.0464398 0.0492779 0.0502576 0.050803 0.050803 0.0506717 0.0495355 0.0471367 0.0441168 0.0414353 0.0388699 0.0355066 0.0324513 0.0285527 0.0255934 0.0219877 0.0182154 0.0157055 0.0133169 0.0109787 0.0088577 0.0070902 0.0057166 0.00450965 0.00388345 0.0029795 0.00216645 0.00171195 0.00141905 0.0010504 0.00075245 0.00054035 0.00043935 0.00031815 0.00022725 0.00011615 0.0001212 0.000101 5.05e-05 3.535e-05 2.02e-05 0.000101 
0.0029189 0.00831735 0.0141299 0.0187709 0.0241087 0.0284265 0.0325978 0.036966 0.0398193 0.0425311 0.0443794 0.0459146 0.0465913 0.0466317 0.0454551 0.045248 0.0441269 0.0422837 0.0400516 0.0378094 0.0342087 0.0316837 0.0289618 0.0260025 0.0231088 0.0200031 0.0170488 0.0145541 0.0127109 0.0102212 0.00872135 0.00695385 0.00540855 0.0045349 0.003838 0.00293405 0.002323 0.00182305 0.0013332 0.00112615 0.00098475 0.0005353 0.0004848 0.00035855 0.00026765 0.00015655 0.0001111 9.09e-05 7.575e-05 0.000101 0.0001414 
0.00242905 0.00780225 0.0124382 0.0169024 0.0212908 0.0262146 0.0290779 0.0335169 0.0358601 0.0376427 0.0404657 0.0418746 0.0423645 0.0435714 0.0425665 0.0416979 0.0410565 0.0397183 0.0377942 0.0361934 0.0338653 0.0314413 0.0281437 0.0261439 0.0233209 0.0208212 0.0184275 0.0160136 0.0136603 0.0114433 0.00978185 0.0082921 0.00693365 0.0054136 0.0046965 0.00372185 0.0028583 0.0023634 0.00168165 0.00148975 0.00115645 0.00097465 0.00061105 0.0004747 0.00039895 0.0002222 0.00020705 0.0001616 0.00011615 0.000101 0.00024745 
0.00206545 0.0070397 0.0113676 0.0150743 0.0195284 0.0231442 0.027371 0.0296991 0.0327442 0.0345875 0.0368903 0.0387689 0.0398597 0.0391577 0.0395314 0.0395668 0.0375266 0.0369559 0.0359661 0.0339209 0.0331078 0.0308202 0.0279518 0.0261691 0.0232603 0.0215282 0.0186194 0.0166448 0.0140895 0.0126654 0.0107111 0.00940815 0.0076962 0.00649935 0.0052823 0.0043733 0.00355015 0.0029593 0.00228765 0.0018786 0.00135845 0.00122715 0.0008989 0.00071205 0.0005353 0.0004343 0.0003434 0.00023735 0.00021715 0.00014645 0.00030805 
0.00195435 0.0062115 0.0103374 0.0139683 0.0182356 0.021205 0.0240885 0.0273912 0.0302647 0.0314615 0.0342037 0.0354662 0.0362994 0.0366883 0.0372539 0.0370014 0.0350016 0.035042 0.0329311 0.0326331 0.0316181 0.0295981 0.0276538 0.0256641 0.02323 0.0208767 0.0194678 0.0173922 0.0146097 0.0136249 0.0115443 0.0099586 0.0088981 0.0071912 0.0060196 0.0049995 0.00426725 0.00345925 0.0028785 0.0023028 0.00206545 0.00146955 0.00104535 0.00093425 0.00073225 0.000505 0.0003939 0.0004343 0.00026765 0.00022725 0.0005656 
0.00193415 0.00544895 0.00944855 0.0129886 0.0166297 0.0191648 0.0225483 0.0248612 0.0274215 0.0289113 0.0306939 0.0330573 0.0330068 0.0347491 0.0342693 0.0341431 0.0343956 0.0330422 0.0318908 0.030396 0.0295678 0.0284214 0.0275528 0.0255985 0.022922 0.0211191 0.019286 0.0173468 0.0153722 0.0140087 0.0123069 0.0108424 0.00976165 0.00801435 0.0069892 0.00573175 0.0050298 0.0042319 0.00338855 0.00264115 0.0023836 0.00186345 0.0013433 0.0009797 0.00099485 0.00081305 0.00054035 0.00040905 0.0003838 0.0003333 0.00087365 
0 0 0 0 0 0 0 0 0 0 0 0 0 0 0 0 0 0 0 0 0 0 0 0 0 0 0 0 0 0 0 0 0 0 0 0 0 0 0 0 0 0 0 0 0 0 0 0 0 0 0 
