Half rod, albedo problem, Anisotropic scattering, exponential random flight, mu_t: 1 g: -0.7
Analogmu_t c: 0.99 maxx: 10 dx: 0.19802 numsamples: 1000000 numCollisionOrders: 20 numMoments: 10
total albedo: 0.856684
per-collision order albedos: 
0 0.420422 0.062509 0.083936 0.03446 0.036155 0.022149 0.021245 0.01534 0.014046 0.011191 0.010104 0.008451 0.00771 0.006685 0.006024 0.005435 0.005143 0.004536 0.004285 
Collision density L:
0.844451 0.822847 0.805091 0.780892 0.756172 0.740163 0.723609 0.702485 0.690269 0.668115 0.651778 0.637007 0.622443 0.604187 0.589219 0.574013 0.55697 0.545461 0.535522 0.520655 0.504369 0.493198 0.480023 0.466251 0.45701 0.445769 0.43326 0.42121 0.410696 0.401692 0.391158 0.379679 0.368615 0.360514 0.350667 0.341062 0.332896 0.324644 0.316923 0.308262 0.300581 0.292309 0.286305 0.278407 0.272215 0.265559 0.258712 0.251298 0.246597 0.238592 9.156 
Collision density R:
0.987921 0.960101 0.937305 0.91154 0.8928 0.866499 0.844143 0.821953 0.799945 0.781982 0.761616 0.739305 0.722332 0.704293 0.688618 0.669201 0.654419 0.632068 0.621458 0.606035 0.590007 0.574039 0.55854 0.545981 0.530215 0.515489 0.504944 0.49391 0.478881 0.465433 0.454273 0.444986 0.431624 0.420675 0.409626 0.399995 0.388805 0.380194 0.36967 0.35953 0.348894 0.34185 0.33282 0.32577 0.319251 0.307944 0.30097 0.292385 0.286542 0.279851 10.6793 
Density Moments:
14.2459 109.555 1688.32 39270.2 1.2368e+06 5.00028e+07 2.50614e+09 1.50566e+11 1.04507e+13 8.08234e+14 
Per-collision Density Moments:
1 1.00101 2.00472 6.03121 24.2389 121.864 733.748 5120.79 40346.5 351127 
0.569414 0.718854 1.73823 6.12249 28.0931 157.797 1041.8 7851.81 66042.5 608611 
0.501278 0.962304 2.8924 11.7108 59.3914 360.651 2541.05 20288 180133 1.75093e+06 
0.412254 0.862589 2.87515 12.8401 71.2893 470.819 3588.5 30856.3 293950 3.05574e+06 
0.37363 0.949703 3.57441 17.4628 104.198 731.73 5896.76 53527.2 539308 5.95557e+06 
0.333698 0.909918 3.69665 19.4099 123.784 924.488 7890.04 75558.8 799997 9.24381e+06 
0.308216 0.944005 4.16738 23.4165 158.356 1246.29 11153.6 111506 1.22677e+06 1.46543e+07 
0.283823 0.92542 4.34487 25.8728 184.765 1530.36 14362 149934 1.71401e+06 2.11575e+07 
0.265667 0.938108 4.68713 29.444 220.699 1912.49 18735.5 203851 2.42687e+06 3.12015e+07 
0.248948 0.927673 4.88076 32.1918 252.705 2290.06 23457.7 267149 3.33502e+06 4.50564e+07 
0.235224 0.928956 5.1286 35.2912 287.589 2691.94 28337.6 330055 4.19587e+06 5.75257e+07 
0.222799 0.921568 5.30788 37.984 321.066 3111.19 33869.3 408095 5.38074e+06 7.69537e+07 
0.212034 0.920058 5.52738 41.1032 359.819 3599.6 40330.2 498558 6.72009e+06 9.78048e+07 
0.202121 0.912949 5.68615 43.7367 395.167 4069.01 46757.9 590160 8.07736e+06 1.18605e+08 
0.19338 0.908385 5.86447 46.6575 435.591 4636.05 55158.9 722923 1.03124e+07 1.58445e+08 
0.18541 0.902345 6.01776 49.354 474.013 5177.55 63016.7 841317 1.21636e+07 1.88398e+08 
0.178115 0.896921 6.16876 52.0397 512.844 5735.5 71358.7 972879 1.43595e+07 2.27156e+08 
0.171218 0.890429 6.3063 54.711 554.155 6368.96 81460.9 1.14275e+06 1.73786e+07 2.83722e+08 
0.16499 0.884574 6.43831 57.2716 593.516 6963.79 90724.1 1.2936e+06 1.99602e+07 3.30213e+08 
0 0 0 0 0 0 0 0 0 0 
Per-collision Densities L:
0 0 0 0 0 0 0 0 0 0 0 0 0 0 0 0 0 0 0 0 0 0 0 0 0 0 0 0 0 0 0 0 0 0 0 0 0 0 0 0 0 0 0 0 0 0 0 0 0 0 0 
0.380179 0.311767 0.259312 0.21111 0.17271 0.142481 0.115372 0.0956723 0.0783306 0.0642461 0.0518433 0.0433644 0.035855 0.0294819 0.0242602 0.0199374 0.0155237 0.0130492 0.0103172 0.00884255 0.00740835 0.0060398 0.0048682 0.00394405 0.00331785 0.00273205 0.0023634 0.00177255 0.0016261 0.0013938 0.00099485 0.0009393 0.00077265 0.00058075 0.0004646 0.0003434 0.0002929 0.0002525 0.0001717 0.00017675 0.00016665 9.09e-05 0.00011615 9.09e-05 8.08e-05 6.565e-05 3.03e-05 5.05e-05 4.04e-05 4.545e-05 9.595e-05 
0.0630745 0.0593476 0.0571004 0.0518837 0.047975 0.0442582 0.039996 0.0347945 0.0307242 0.0278861 0.0244168 0.0212252 0.0182356 0.0158015 0.0137714 0.0118473 0.00979195 0.0084739 0.0075346 0.00645895 0.00512575 0.00475205 0.00400465 0.0034441 0.0029896 0.002525 0.00196445 0.00172205 0.0013433 0.0012827 0.0010302 0.0008282 0.0007878 0.0007373 0.0006363 0.0004242 0.00039895 0.0003131 0.00027775 0.0002727 0.0001717 0.0001515 0.0001212 9.595e-05 0.00010605 7.07e-05 8.08e-05 6.06e-05 4.545e-05 3.03e-05 0.00014645 
0.0891527 0.0967479 0.0993638 0.0978387 0.0931927 0.0883043 0.0809768 0.0748057 0.067766 0.0607667 0.0544138 0.048374 0.0423342 0.0371579 0.0329967 0.028078 0.0247703 0.0209727 0.0185234 0.0160489 0.014135 0.012115 0.0103576 0.0083931 0.0074942 0.0064438 0.00560045 0.00489345 0.00415615 0.00338855 0.002929 0.0025654 0.0020099 0.0017574 0.00133825 0.00133825 0.0010908 0.00078275 0.00080295 0.000606 0.00055045 0.00046965 0.0003333 0.0002929 0.000303 0.0002424 0.00013635 0.0001616 0.00019695 0.0001111 0.0005353 
0.0367691 0.0398546 0.0411424 0.0419908 0.0419706 0.0420009 0.0406172 0.0375619 0.0373902 0.0347945 0.0311737 0.0294769 0.0271337 0.0243915 0.022321 0.0200889 0.0176599 0.0167862 0.0146046 0.013024 0.0118574 0.0102465 0.0085143 0.0074336 0.0066559 0.0057671 0.0052924 0.00464095 0.00397435 0.0031209 0.00309565 0.0025755 0.00224725 0.0018786 0.00174225 0.00141905 0.00113625 0.00115645 0.0011009 0.0010302 0.00073225 0.0005757 0.0005454 0.0004545 0.00040905 0.00031815 0.0002424 0.00019695 0.00018685 0.0001717 0.00094435 
0.0393193 0.044839 0.0471115 0.0510707 0.0501667 0.0514646 0.0507424 0.0487022 0.0480659 0.0446218 0.0424402 0.0395718 0.0371882 0.0336128 0.0308151 0.0285275 0.0259621 0.0237451 0.0210232 0.0190436 0.0170084 0.0149076 0.0135997 0.0117867 0.0106404 0.0089688 0.00826685 0.00738815 0.0062418 0.00540855 0.0048379 0.00450965 0.00357035 0.00336835 0.00290375 0.0024644 0.0023331 0.0018887 0.00176245 0.00133825 0.00110595 0.0010201 0.00082315 0.00062115 0.0007474 0.00055045 0.00051005 0.0003737 0.00031815 0.00027775 0.00173215 
0.0241289 0.0269367 0.0281184 0.0296587 0.0314716 0.0323352 0.0323352 0.0315979 0.03131 0.0310424 0.0291739 0.0285376 0.0273256 0.0258358 0.0240936 0.0219574 0.020907 0.0187759 0.0179528 0.0159378 0.0145895 0.0133825 0.0123978 0.0109686 0.00992325 0.00881225 0.00792345 0.0073326 0.00618625 0.00616605 0.0052318 0.0043531 0.0037067 0.00339865 0.00325725 0.0026563 0.0024745 0.00199475 0.0018584 0.00177255 0.0013635 0.0012726 0.00110595 0.00099485 0.0008383 0.0008282 0.00065145 0.00056055 0.00041915 0.00045955 0.0023937 
0.0224675 0.0257348 0.0284012 0.0305172 0.0305374 0.0324261 0.0336128 0.0331129 0.0332846 0.0324766 0.0317696 0.0308808 0.0301384 0.0287345 0.0274468 0.0252298 0.0240582 0.0225281 0.0206242 0.0198667 0.0176447 0.0158621 0.0145188 0.013332 0.011711 0.0113019 0.0101859 0.0092415 0.00754975 0.00715585 0.0066761 0.0063226 0.00510555 0.00467125 0.004141 0.0035451 0.0032522 0.0028179 0.00274215 0.00212605 0.0019796 0.00181295 0.00157055 0.00111605 0.00120695 0.00106555 0.0007777 0.0007171 0.00064135 0.0005959 0.0040299 
0.0168115 0.0183669 0.0207353 0.0223463 0.023028 0.0237148 0.0249117 0.0251793 0.0251642 0.0251894 0.0248763 0.0238057 0.024543 0.0228715 0.0222705 0.0208414 0.0207858 0.0191193 0.01818 0.0168872 0.0156045 0.0147612 0.0135189 0.0129634 0.0111908 0.0107969 0.0100495 0.00909505 0.0081608 0.00758005 0.0066256 0.0059186 0.00563075 0.0051106 0.00440865 0.00397435 0.00367135 0.0030502 0.0029088 0.00273205 0.00193415 0.00223715 0.00188365 0.0018079 0.0012827 0.00118675 0.0011211 0.00107565 0.0008181 0.00080295 0.00529745 
0.0152611 0.0171599 0.0188012 0.020503 0.0215635 0.0221897 0.0240784 0.023932 0.0249218 0.0241996 0.0244269 0.0240582 0.0241996 0.0233563 0.0225685 0.0212757 0.0209575 0.0201647 0.0189022 0.0182053 0.0165287 0.016059 0.0149935 0.0133724 0.0125139 0.0119534 0.0105949 0.0100142 0.00930715 0.0084436 0.00754975 0.00674175 0.0061307 0.00584285 0.0051409 0.00465105 0.0043228 0.0040097 0.00344915 0.00313605 0.0027371 0.00261085 0.002222 0.00176245 0.0017069 0.00146955 0.00141905 0.00127765 0.00109585 0.0009696 0.00734775 
0.0118776 0.0140693 0.0153672 0.0164883 0.0173468 0.0188517 0.0193567 0.0195536 0.0208363 0.0205636 0.0204525 0.0205333 0.0202859 0.0205131 0.0191496 0.0189678 0.0182608 0.0177003 0.0173114 0.0160843 0.0153773 0.0145238 0.0131755 0.0130694 0.0123271 0.0117615 0.0103475 0.0105192 0.00914555 0.00859005 0.0077871 0.0073023 0.00668115 0.0059792 0.00544895 0.0049995 0.0043228 0.004242 0.00363095 0.00336835 0.0030603 0.00274215 0.00244925 0.00216645 0.00217655 0.0019897 0.0016766 0.0014342 0.00130795 0.0010302 0.0090193 
0.0107919 0.0126604 0.0139885 0.0145339 0.0158974 0.0168216 0.0178063 0.0178619 0.0192153 0.0192304 0.0194173 0.0197859 0.0197455 0.0193668 0.018685 0.0183164 0.0179023 0.0171448 0.0171195 0.0161802 0.015251 0.0147965 0.0139178 0.0132866 0.0126755 0.012221 0.0111504 0.010403 0.00975155 0.0089284 0.00824665 0.00789315 0.00696395 0.00647915 0.00585295 0.00547925 0.00477225 0.00489345 0.0041612 0.00387335 0.00350975 0.003131 0.0029492 0.0025351 0.00242905 0.0021614 0.0019392 0.00171195 0.0016261 0.00157055 0.0112918 
0.009191 0.0103828 0.0113171 0.0129482 0.0137007 0.0144834 0.0157459 0.0162257 0.0166852 0.0169882 0.0170034 0.0174326 0.0170539 0.0172912 0.0167559 0.0168519 0.0160994 0.0156651 0.0153773 0.015044 0.0143168 0.0136704 0.0130947 0.0124887 0.0118473 0.0111706 0.0104434 0.0098677 0.0094031 0.00909 0.00783255 0.00759015 0.00709525 0.00683265 0.0062519 0.0055752 0.0053328 0.00474195 0.00459045 0.0043329 0.0038279 0.00343905 0.00309565 0.0027674 0.00247955 0.0023432 0.00213615 0.0017877 0.00167155 0.00149985 0.0134785 
0.00844865 0.00914555 0.0107262 0.0114736 0.0125897 0.0128876 0.0140946 0.0139633 0.0151904 0.0155843 0.0154682 0.0160691 0.0164933 0.0156803 0.0158621 0.0161146 0.0156247 0.0157358 0.0151147 0.0142006 0.0139734 0.0135845 0.0130391 0.0126856 0.0119231 0.0112009 0.0109131 0.0102768 0.0096556 0.0092415 0.0087769 0.00792345 0.00781235 0.0064337 0.0065145 0.00589335 0.0054338 0.005252 0.0046359 0.00456015 0.0039693 0.0039289 0.0034037 0.00309565 0.0028381 0.0023331 0.00228765 0.0021614 0.00208565 0.0019392 0.0159176 
0.0071811 0.008282 0.0095041 0.0105495 0.0114231 0.01161 0.0123321 0.0131452 0.0139734 0.0138724 0.0143572 0.0144582 0.0146854 0.0144329 0.0147359 0.0138825 0.0139128 0.0132361 0.0139835 0.0138067 0.0128119 0.012721 0.0126149 0.0117312 0.0116756 0.0109787 0.0104434 0.0100243 0.0095041 0.0087264 0.0085547 0.00773155 0.0073023 0.0069892 0.0067973 0.00606 0.00547925 0.00504495 0.004848 0.0045854 0.00428745 0.0039087 0.00365115 0.0031512 0.0029088 0.0028482 0.00251995 0.0024038 0.0023129 0.00193415 0.0182911 
0.00627715 0.0076659 0.00852945 0.0091708 0.0097364 0.0110141 0.0112767 0.0122311 0.0121554 0.0128472 0.0134482 0.0131401 0.0132411 0.013731 0.0130543 0.0136956 0.0134532 0.0136451 0.013226 0.0129482 0.0122715 0.0123271 0.0115696 0.0113423 0.011413 0.0104283 0.0104232 0.0096455 0.00904455 0.00934755 0.00830725 0.0081911 0.00761035 0.0074841 0.0065953 0.0060903 0.0057267 0.00537825 0.00527725 0.00489345 0.0042723 0.0042824 0.0037875 0.0035653 0.0034239 0.00306535 0.00278255 0.0024139 0.00250985 0.00221695 0.0210535 
0.0057267 0.006767 0.0075851 0.0083123 0.0090395 0.0097768 0.0100394 0.0107161 0.010908 0.0117968 0.0120089 0.0124988 0.0122362 0.0126806 0.0125846 0.012726 0.0123473 0.0122968 0.0121806 0.0120695 0.0117615 0.0118675 0.0110242 0.0107414 0.0106555 0.0098576 0.0098778 0.0096152 0.0093627 0.00867085 0.0082416 0.00790325 0.0075447 0.00711545 0.0064337 0.00637815 0.00584285 0.0056661 0.005454 0.0046359 0.00479245 0.0043935 0.0039087 0.0039087 0.0033431 0.0029391 0.00309565 0.0026967 0.0025351 0.0023836 0.0238966 
0.00535805 0.00611555 0.0068074 0.0075346 0.0082416 0.008585 0.00964045 0.0099283 0.0104737 0.0103273 0.0112666 0.0111959 0.0114888 0.0118019 0.0119534 0.0117918 0.0118928 0.0114888 0.0116756 0.0110444 0.0115241 0.0107111 0.0107111 0.0104232 0.0103677 0.0102263 0.00991315 0.00929705 0.00896375 0.00883245 0.00809515 0.00807495 0.00732755 0.00700435 0.0066155 0.00628725 0.00585295 0.00573175 0.00541865 0.0052318 0.00467125 0.0045652 0.0043228 0.004141 0.0036259 0.00341885 0.00301485 0.0028886 0.0026866 0.00264115 0.025952 
0.00474195 0.0054944 0.00622665 0.00709525 0.00745885 0.0079184 0.0084537 0.0086759 0.00949905 0.00966065 0.0100041 0.0105141 0.0105495 0.0109383 0.0109333 0.0111252 0.0110696 0.0108474 0.0109686 0.0109181 0.0107919 0.0105192 0.0103071 0.0102465 0.0097061 0.0092516 0.00936775 0.00921625 0.00856985 0.00816585 0.0081406 0.0072821 0.0073023 0.0070296 0.0064337 0.00660035 0.00597415 0.0054338 0.00546915 0.00495405 0.00478235 0.00458035 0.004343 0.00368145 0.00382285 0.0033431 0.00317645 0.00312595 0.00276235 0.00238865 0.0290527 
0 0 0 0 0 0 0 0 0 0 0 0 0 0 0 0 0 0 0 0 0 0 0 0 0 0 0 0 0 0 0 0 0 0 0 0 0 0 0 0 0 0 0 0 0 0 0 0 0 0 0 
Per-collision Densities L:
0.907455 0.74236 0.607702 0.500702 0.413529 0.337082 0.27829 0.226604 0.185391 0.153454 0.125831 0.101308 0.0844057 0.069387 0.0572872 0.0468085 0.0381982 0.031103 0.0255177 0.0207404 0.0178316 0.0140643 0.011004 0.00983235 0.0081507 0.006262 0.00523685 0.00412585 0.0035956 0.00300475 0.0024038 0.0021513 0.0017271 0.0013332 0.00106555 0.0009999 0.00066155 0.00068175 0.0004646 0.0003939 0.00026765 0.00025755 0.00021715 0.00018685 0.00014645 0.00015655 9.595e-05 8.585e-05 6.565e-05 5.555e-05 0.00031815 
0.0129785 0.032623 0.0448339 0.051202 0.0537472 0.0548784 0.0531008 0.04949 0.0462479 0.0421221 0.0390517 0.0347188 0.0310777 0.0276538 0.0246036 0.0213918 0.0183467 0.0156752 0.0135593 0.0120544 0.0103525 0.0086557 0.00766085 0.0068377 0.00586305 0.0048177 0.0041006 0.00357035 0.0030502 0.00277245 0.0021412 0.00170185 0.00133825 0.00128775 0.00106555 0.00095445 0.00082315 0.00074235 0.0005757 0.0005757 0.00034845 0.0003535 0.00022725 0.00019695 0.00019695 0.0001414 0.00015655 0.00013635 9.09e-05 0.00011615 0.00034845 
0.0310929 0.0780225 0.108727 0.125053 0.132345 0.135077 0.130962 0.1237 0.115802 0.107666 0.0989295 0.0888346 0.0794769 0.0715131 0.0613828 0.0549844 0.0496314 0.0415514 0.0371175 0.0320776 0.0280326 0.023937 0.021205 0.0183366 0.0154177 0.0132007 0.0112413 0.0100899 0.00835775 0.00691345 0.0063125 0.0052722 0.0044945 0.00369155 0.00309565 0.0026664 0.00236845 0.0019493 0.00143925 0.0013938 0.00116655 0.0009696 0.0009292 0.0006767 0.0006666 0.00048985 0.00049995 0.00032825 0.00030805 0.00027775 0.0012423 
0.0050904 0.0150288 0.0236694 0.0310727 0.0366782 0.040597 0.0423089 0.0444602 0.0441623 0.0435108 0.042819 0.0410666 0.0385921 0.0366378 0.0332947 0.0317948 0.0291537 0.0261338 0.0237855 0.0218362 0.0193819 0.0176548 0.0153419 0.0135441 0.0123927 0.0102616 0.0093728 0.0083426 0.00762045 0.00617615 0.0055146 0.00490355 0.00426725 0.00388345 0.00301485 0.002828 0.00227755 0.0019594 0.0018483 0.00171195 0.00138875 0.00114635 0.00104535 0.00105545 0.00074235 0.00075245 0.0005656 0.0004343 0.0003939 0.0003434 0.0019089 
0.00690335 0.0199021 0.0318352 0.0417383 0.0499698 0.0555349 0.0603576 0.0611707 0.0624988 0.0620797 0.0605546 0.0589234 0.0558985 0.0530351 0.0503081 0.045849 0.0427331 0.039082 0.0356126 0.0326988 0.0300829 0.0266287 0.0238663 0.0211242 0.0193668 0.016761 0.0151399 0.0133825 0.0116201 0.0105596 0.00890315 0.00820625 0.0069387 0.00613575 0.0054843 0.00490355 0.00412585 0.00365115 0.00333805 0.00284315 0.00243915 0.0021008 0.0017776 0.00128775 0.00133825 0.00101 0.0009494 0.0008686 0.0006767 0.00062115 0.00360065 
0.0030098 0.00869105 0.0139481 0.0185689 0.0230583 0.0267196 0.0291385 0.0323099 0.0334108 0.0345269 0.0348349 0.034946 0.0337189 0.0336128 0.0319766 0.0316686 0.0299819 0.0283507 0.0259924 0.0243208 0.0224826 0.0207959 0.0194779 0.0177811 0.0158974 0.0146198 0.0132613 0.0120291 0.0110494 0.00971115 0.00910515 0.007878 0.0068983 0.00615595 0.00554995 0.00496415 0.0041915 0.00403495 0.0034037 0.00298455 0.0027876 0.002424 0.0019493 0.0016261 0.0016766 0.0013635 0.0011918 0.00106555 0.0007676 0.00103525 0.00492375 
0.003131 0.00905465 0.0148117 0.0199829 0.024639 0.0283053 0.0308959 0.0349763 0.0374256 0.0376629 0.0386123 0.0385063 0.0385012 0.0380164 0.0371377 0.0346683 0.0342138 0.0322897 0.030805 0.029391 0.0271589 0.0250379 0.023331 0.0215635 0.0193819 0.0178164 0.0169327 0.0154328 0.0138774 0.0122816 0.0108979 0.0101808 0.00938795 0.00822645 0.00724675 0.00630745 0.0059287 0.00511565 0.00465105 0.0042622 0.0035855 0.00309565 0.00291385 0.0025048 0.0021715 0.00192405 0.00173215 0.0015857 0.00140895 0.00117665 0.00764065 
0.0016968 0.00557015 0.0092213 0.0120948 0.0155793 0.018074 0.0204172 0.0229927 0.0246289 0.0256136 0.0270327 0.0263004 0.0276185 0.0269569 0.0271589 0.0265681 0.0266135 0.0249319 0.0242804 0.0238108 0.0223311 0.0207101 0.019594 0.0192102 0.0173771 0.0166448 0.014741 0.0142057 0.0123523 0.0113272 0.0109636 0.0099788 0.0090092 0.00818605 0.0074033 0.0065145 0.00610545 0.0055449 0.00505 0.0044541 0.0039693 0.00346935 0.00317645 0.0028785 0.002828 0.00231795 0.00193415 0.0019089 0.0015453 0.00136855 0.00978185 
0.00179275 0.0052116 0.0089284 0.0115342 0.0148066 0.0167357 0.0190941 0.0220382 0.0232704 0.0247602 0.0257348 0.02626 0.0273963 0.0278003 0.0285628 0.0271135 0.0267448 0.0260025 0.02575 0.0245228 0.0239067 0.022624 0.0214171 0.0199374 0.0188062 0.0177861 0.0170135 0.0155237 0.0139936 0.013231 0.0118221 0.0112464 0.0099889 0.0092819 0.00821635 0.00741845 0.00706495 0.00636805 0.00611555 0.00545905 0.0048783 0.00411575 0.00394405 0.00316635 0.0030098 0.0028886 0.00259065 0.00210585 0.00182305 0.00172205 0.0132664 
0.00122715 0.0036158 0.0068175 0.00836785 0.0114837 0.0128523 0.0146955 0.0166751 0.0175033 0.0193011 0.0204475 0.020806 0.0212353 0.0215938 0.022422 0.021609 0.0218463 0.0221089 0.0211696 0.0208616 0.0204727 0.0199273 0.0187406 0.0179427 0.0168216 0.0157308 0.0153975 0.0148167 0.0136148 0.0121756 0.0118928 0.0109232 0.0102061 0.0095647 0.00909505 0.0076962 0.0073528 0.00708515 0.00599435 0.0055954 0.00484295 0.00447935 0.0041511 0.00383295 0.00316635 0.0032724 0.00267145 0.00270175 0.0023634 0.00198465 0.0159378 
0.00117665 0.00340875 0.00587315 0.0077669 0.0100899 0.0117766 0.0134532 0.0150086 0.016766 0.0175993 0.0185689 0.0193466 0.0200081 0.0211191 0.0215787 0.0217352 0.0216595 0.0206394 0.0210686 0.0205081 0.0201596 0.0190385 0.0184527 0.0179831 0.017064 0.0161297 0.0152561 0.0147814 0.0138421 0.0130341 0.0121907 0.0116857 0.0109333 0.00987275 0.0091304 0.0085143 0.007777 0.0073629 0.0066256 0.00597415 0.00525705 0.0049288 0.00490355 0.0041511 0.0038178 0.0034643 0.00323705 0.0029694 0.00247955 0.00248965 0.0200031 
0.0009494 0.0026967 0.00498435 0.00628725 0.0081911 0.00955965 0.0108474 0.0122564 0.0140592 0.0148824 0.0156247 0.0161802 0.0172761 0.0175639 0.0185083 0.0184073 0.0185689 0.0183012 0.0186699 0.0181093 0.0175185 0.0174528 0.0166448 0.0163671 0.0160237 0.0146501 0.0142158 0.0137209 0.012822 0.0126806 0.0118019 0.0111454 0.0101202 0.010095 0.0093223 0.00837795 0.0079386 0.0076154 0.0067266 0.00646905 0.00598425 0.00518635 0.0050601 0.0044642 0.0042319 0.0036865 0.00342895 0.0031512 0.0028381 0.00258055 0.0225685 
0.00098475 0.0026058 0.00440865 0.00559035 0.0070599 0.00872135 0.0101303 0.0108474 0.0125392 0.0133876 0.014135 0.0151601 0.0160641 0.0159227 0.0165388 0.0171599 0.0173013 0.0169327 0.0173619 0.0172155 0.0172508 0.0162055 0.016559 0.0161651 0.015352 0.0145794 0.0146097 0.0140643 0.0132815 0.0125392 0.0118221 0.0109888 0.0109181 0.0103121 0.0094839 0.00908495 0.00815575 0.0079285 0.00715585 0.00667105 0.0060701 0.0055247 0.00518635 0.0049591 0.004646 0.00431775 0.0035451 0.0033835 0.0034542 0.0029694 0.0271842 
0.00074235 0.0020099 0.0034037 0.00476215 0.00627715 0.00702455 0.0086456 0.0098879 0.0107515 0.011913 0.0122867 0.0132664 0.0141653 0.0144582 0.0148319 0.0154985 0.0153369 0.0150743 0.0152561 0.0153823 0.0154076 0.0156399 0.0145844 0.0148521 0.0144632 0.013736 0.0134482 0.0129179 0.0124281 0.012115 0.0113019 0.0106606 0.0098071 0.00965055 0.0092516 0.0091506 0.0079992 0.0073831 0.0073528 0.00679225 0.00628725 0.00593375 0.0055449 0.0051914 0.00462075 0.0043834 0.00391375 0.00366125 0.003434 0.00305525 0.0306131 
0.0005959 0.00183315 0.00307545 0.00449955 0.0052823 0.00630745 0.00758005 0.0089183 0.0098879 0.0101808 0.0109333 0.0121705 0.0127159 0.0131906 0.0137461 0.014135 0.0140087 0.0145844 0.0150743 0.0148016 0.0144026 0.014539 0.014135 0.0137916 0.0136704 0.0130947 0.0130593 0.0128573 0.0120544 0.0118625 0.0113272 0.0108525 0.0102667 0.00960005 0.0091304 0.008686 0.0082719 0.00762045 0.00750935 0.00686295 0.00654985 0.006161 0.0057671 0.00552975 0.0049591 0.00462075 0.00438845 0.00384305 0.00359055 0.00349965 0.03434 
0.0006262 0.0015352 0.00280275 0.00379255 0.00497425 0.005858 0.00693365 0.00803455 0.00873145 0.0094031 0.00995355 0.0110141 0.0117009 0.011711 0.012014 0.0127664 0.0128422 0.0128523 0.0132563 0.013529 0.0134886 0.0134128 0.0132967 0.0133219 0.0122665 0.0124988 0.0121251 0.0117615 0.0116049 0.01111 0.0111504 0.0101202 0.009898 0.00954955 0.0091607 0.00868095 0.0081204 0.0073427 0.00756995 0.00715585 0.00623675 0.0061105 0.00602465 0.00558025 0.00531765 0.00466115 0.00416625 0.00411575 0.00381275 0.0036057 0.0374963 
0.00054035 0.00147965 0.00253005 0.0033734 0.0044642 0.00536815 0.0063529 0.00696395 0.0078578 0.00875165 0.00925665 0.00997375 0.0107515 0.0110797 0.0113979 0.011918 0.0119685 0.0118221 0.0126402 0.0124584 0.0124786 0.012221 0.0122867 0.0123069 0.0117716 0.0118675 0.0113524 0.0112161 0.0114282 0.0104939 0.0104838 0.0101758 0.0100697 0.00940815 0.00877185 0.0089385 0.0078881 0.00791335 0.00721645 0.00686295 0.0065347 0.00642865 0.0057873 0.00592365 0.00538835 0.00508535 0.0046258 0.0042016 0.0040703 0.0037471 0.0407485 
0.00033835 0.0014645 0.0020301 0.0030098 0.0040703 0.004949 0.0056964 0.0062115 0.0067872 0.00737805 0.00850925 0.00918595 0.00939805 0.00995355 0.0103424 0.0107767 0.0108525 0.0110999 0.011514 0.0120443 0.011211 0.011716 0.0113019 0.0112969 0.0112868 0.0110949 0.0114332 0.0110292 0.010802 0.0102566 0.0102212 0.00957985 0.0090799 0.0089991 0.0083729 0.00828705 0.0078982 0.00752955 0.0072417 0.0066862 0.0066458 0.0062014 0.00606505 0.00561055 0.005252 0.00501465 0.00471165 0.0041612 0.0037774 0.00386325 0.0452632 
0.0004444 0.0012221 0.00211595 0.00285325 0.00371175 0.00404505 0.00513585 0.00574185 0.0066054 0.0067771 0.0079083 0.0081002 0.0090294 0.00912535 0.0096354 0.00981215 0.0097364 0.0107111 0.0104687 0.0105495 0.0106858 0.0110343 0.0106707 0.0108121 0.0107969 0.0105949 0.0106808 0.0105242 0.0104586 0.00979195 0.0098071 0.00915565 0.00937785 0.00888295 0.00877185 0.00813555 0.0078881 0.0075043 0.0072114 0.00698415 0.0066458 0.0068175 0.00606505 0.0054641 0.00570145 0.0050197 0.0045349 0.00442885 0.0042723 0.00397435 0.0478639 
0 0 0 0 0 0 0 0 0 0 0 0 0 0 0 0 0 0 0 0 0 0 0 0 0 0 0 0 0 0 0 0 0 0 0 0 0 0 0 0 0 0 0 0 0 0 0 0 0 0 0 
