Half rod, albedo problem, Anisotropic scattering, exponential random flight, mu_t: 3 g: -0.9
Analogmu_t c: 0.5 maxx: 10 dx: 0.19802 numsamples: 10000000 numCollisionOrders: 20 numMoments: 10
total albedo: 0.260026
per-collision order albedos: 
0 0.23745 0.0059094 0.0135673 0.0010172 0.0015652 0.0001885 0.0002328 3.97e-05 3.78e-05 8.1e-06 6.7e-06 1.8e-06 1.5e-06 3e-07 4e-07 0 0 0 0 
Collision density L:
0.611785 0.368711 0.22284 0.134148 0.081005 0.0485815 0.0293693 0.017677 0.0105914 0.00643673 0.00394052 0.00238461 0.00136754 0.000866075 0.000516615 0.00031714 0.000199475 0.00010403 6.4135e-05 5.252e-05 2.3735e-05 1.5655e-05 1.212e-05 8.08e-06 4.04e-06 1.01e-06 1.01e-06 1.515e-06 5.05e-07 0 0 0 0 0 0 0 0 0 0 0 0 0 0 0 0 0 0 0 0 0 0 
Collision density R:
2.35522 1.41881 0.855714 0.516732 0.311234 0.187489 0.11323 0.0682462 0.041005 0.0247208 0.0149106 0.00894456 0.0054338 0.00325675 0.00199324 0.00119079 0.000740835 0.00041511 0.000246945 0.000158065 0.000103525 6.3125e-05 2.3735e-05 2.7775e-05 1.4645e-05 7.07e-06 5.555e-06 2.02e-06 2.525e-06 1.01e-06 0 0 0 0 0 0 0 0 0 0 0 0 0 0 0 0 0 0 0 0 0 
Density Moments:
1.4794 0.578959 0.453168 0.532145 0.833569 1.63274 3.83493 10.4749 32.463 111.777 
Per-collision Density Moments:
1 0.33328 0.222122 0.221964 0.295759 0.493125 0.988834 2.3206 6.24399 18.937 
0.262348 0.0958215 0.0695022 0.0752197 0.108155 0.194038 0.41769 1.05009 3.02097 9.78023 
0.125181 0.0817182 0.081393 0.108649 0.181795 0.365571 0.857496 2.29248 6.8527 22.5281 
0.0490486 0.0301722 0.0307039 0.0427606 0.0752208 0.159553 0.395305 1.11616 3.518 12.1566 
0.0235478 0.0202172 0.0249943 0.0398358 0.0774399 0.177347 0.466783 1.38486 4.55563 16.3757 
0.0101872 0.00826204 0.0102889 0.0168295 0.0338104 0.0802445 0.219312 0.677651 2.33253 8.82433 
0.0048942 0.00498668 0.00715758 0.0130025 0.0283296 0.0714802 0.203547 0.641081 2.19675 8.07769 
0.0021986 0.00215858 0.00312285 0.00579923 0.0130141 0.0340332 0.101073 0.333974 1.20653 4.69309 
0.0010624 0.00122727 0.0019703 0.00395085 0.00940561 0.0257575 0.0792935 0.26919 0.990523 3.88909 
0.0004873 0.000546928 0.000888502 0.00183195 0.00452574 0.0129398 0.0417291 0.148451 0.57105 2.33412 
0.0002321 0.000294644 0.000518676 0.00113848 0.00298147 0.00908865 0.0315605 0.121891 0.510871 2.27362 
0.0001139 0.000140145 0.000246054 0.000534425 0.00134926 0.00383394 0.0120253 0.0410332 0.150359 0.584486 
5.3e-05 7.13692e-05 0.000134697 0.000314655 0.000855693 0.00261825 0.00882335 0.0322273 0.125829 0.518679 
2.32e-05 3.11118e-05 6.09163e-05 0.000151917 0.000450258 0.00151455 0.00559156 0.0220982 0.0917689 0.395065 
1.05e-05 1.57273e-05 3.25011e-05 8.18827e-05 0.00023873 0.000783634 0.00283934 0.0111469 0.0465651 0.203648 
5.4e-06 8.43063e-06 1.84092e-05 5.11833e-05 0.000168619 0.000620861 0.0024508 0.0101002 0.0427717 0.184372 
2.5e-06 3.96386e-06 7.92526e-06 1.86549e-05 4.96103e-05 0.000145317 0.000459732 0.00154339 0.00541211 0.0195655 
1.3e-06 1.76668e-06 2.95957e-06 5.73144e-06 1.23714e-05 2.89091e-05 7.15045e-05 0.000184151 0.00048802 0.00131967 
7e-07 8.8278e-07 1.47693e-06 2.82564e-06 6.01251e-06 1.3802e-05 3.32755e-05 8.26506e-05 0.000208916 0.000533454 
0 0 0 0 0 0 0 0 0 0 
Per-collision Densities L:
0 0 0 0 0 0 0 0 0 0 0 0 0 0 0 0 0 0 0 0 0 0 0 0 0 0 0 0 0 0 0 0 0 0 0 0 0 0 0 0 0 0 0 0 0 0 0 0 0 0 0 
0.536739 0.296185 0.163699 0.0904177 0.0499415 0.0274685 0.0152884 0.00833957 0.00461318 0.00257601 0.00146703 0.0007575 0.000407535 0.00023937 0.000141905 7.8275e-05 4.4945e-05 2.424e-05 1.2625e-05 9.595e-06 3.535e-06 4.04e-06 2.525e-06 5.05e-07 0 0 5.05e-07 0 0 0 0 0 0 0 0 0 0 0 0 0 0 0 0 0 0 0 0 0 0 0 0 
0.0170493 0.0138239 0.0101687 0.00681043 0.00451723 0.00289668 0.00181699 0.00115847 0.000682255 0.00043531 0.0002424 0.00016059 8.585e-05 6.2115e-05 3.131e-05 1.9695e-05 1.414e-05 6.06e-06 2.525e-06 3.535e-06 0 1.01e-06 5.05e-07 0 5.05e-07 0 5.05e-07 0 0 0 0 0 0 0 0 0 0 0 0 0 0 0 0 0 0 0 0 0 0 0 0 
0.0468751 0.0457783 0.0365635 0.0262383 0.0179765 0.0117165 0.00750935 0.00482174 0.00294163 0.0018079 0.00109989 0.000691345 0.000387335 0.0002323 0.000141905 8.686e-05 4.7975e-05 2.929e-05 2.121e-05 1.414e-05 6.06e-06 4.04e-06 1.515e-06 3.03e-06 0 5.05e-07 0 1.01e-06 0 0 0 0 0 0 0 0 0 0 0 0 0 0 0 0 0 0 0 0 0 0 0 
0.00344259 0.00378447 0.00338603 0.00280275 0.00214979 0.00157914 0.001111 0.00075346 0.000491365 0.000331785 0.000234825 0.000144935 9.5445e-05 5.353e-05 3.0805e-05 1.717e-05 1.3635e-05 6.06e-06 4.545e-06 4.545e-06 2.525e-06 1.01e-06 5.05e-07 1.01e-06 0 0 0 0 0 0 0 0 0 0 0 0 0 0 0 0 0 0 0 0 0 0 0 0 0 0 0 
0.00577013 0.00681649 0.00649481 0.00553177 0.00433997 0.0032825 0.00232603 0.00156601 0.00109737 0.00073932 0.000486315 0.00033633 0.00019594 0.00014039 7.7265e-05 5.4035e-05 3.838e-05 1.2625e-05 9.09e-06 1.0605e-05 4.04e-06 2.525e-06 2.525e-06 5.05e-07 5.05e-07 0 0 0 5.05e-07 0 0 0 0 0 0 0 0 0 0 0 0 0 0 0 0 0 0 0 0 0 0 
0.000712555 0.00081911 0.000863045 0.000753965 0.00067872 0.000504495 0.000414605 0.000289365 0.000237855 0.000150995 0.000103525 7.676e-05 4.7975e-05 2.727e-05 2.2725e-05 1.3635e-05 1.212e-05 6.565e-06 3.535e-06 2.525e-06 5.05e-07 1.515e-06 2.02e-06 5.05e-07 5.05e-07 0 0 5.05e-07 0 0 0 0 0 0 0 0 0 0 0 0 0 0 0 0 0 0 0 0 0 0 0 
0.00084032 0.00104081 0.00115595 0.00107868 0.00094536 0.000750935 0.000576205 0.000474195 0.000302495 0.000225735 0.000180285 0.000112615 7.979e-05 5.5045e-05 3.636e-05 2.424e-05 1.3635e-05 1.111e-05 4.545e-06 2.525e-06 2.02e-06 1.01e-06 1.01e-06 0 0 0 0 0 0 0 0 0 0 0 0 0 0 0 0 0 0 0 0 0 0 0 0 0 0 0 0 
0.000136855 0.000180285 0.000193415 0.000198465 0.00016867 0.00014241 0.000106555 9.7465e-05 8.0295e-05 5.656e-05 4.242e-05 3.4845e-05 2.02e-05 1.6665e-05 1.1615e-05 7.07e-06 4.545e-06 2.525e-06 2.02e-06 2.02e-06 1.01e-06 5.05e-07 5.05e-07 5.05e-07 1.01e-06 0 0 0 0 0 0 0 0 0 0 0 0 0 0 0 0 0 0 0 0 0 0 0 0 0 0 
0.000145945 0.000186345 0.00020099 0.00020806 0.00018382 0.00015958 0.00013938 0.000113625 8.787e-05 6.565e-05 4.242e-05 3.4845e-05 2.727e-05 1.919e-05 1.414e-05 8.08e-06 6.06e-06 3.03e-06 1.01e-06 1.515e-06 2.02e-06 0 1.01e-06 5.05e-07 5.05e-07 0 0 0 0 0 0 0 0 0 0 0 0 0 0 0 0 0 0 0 0 0 0 0 0 0 0 
3.03e-05 3.535e-05 5.05e-05 3.737e-05 4.343e-05 3.434e-05 3.333e-05 2.626e-05 2.121e-05 1.6665e-05 1.9695e-05 1.313e-05 6.06e-06 6.565e-06 5.05e-07 2.525e-06 1.515e-06 1.01e-06 5.05e-07 5.05e-07 1.515e-06 0 0 1.01e-06 0 5.05e-07 0 0 0 0 0 0 0 0 0 0 0 0 0 0 0 0 0 0 0 0 0 0 0 0 0 
2.828e-05 4.141e-05 4.242e-05 4.2925e-05 3.7875e-05 2.5755e-05 2.929e-05 2.424e-05 2.323e-05 2.0705e-05 1.1615e-05 1.2625e-05 1.01e-05 8.08e-06 5.555e-06 3.03e-06 5.05e-07 5.05e-07 1.515e-06 5.05e-07 0 0 0 0 5.05e-07 0 0 0 0 0 0 0 0 0 0 0 0 0 0 0 0 0 0 0 0 0 0 0 0 0 0 
7.07e-06 9.09e-06 1.0605e-05 1.4645e-05 1.111e-05 8.585e-06 6.06e-06 4.545e-06 5.05e-06 3.535e-06 4.545e-06 3.535e-06 1.515e-06 2.02e-06 5.05e-07 1.01e-06 1.515e-06 0 5.05e-07 0 5.05e-07 0 0 0 0 0 0 0 0 0 0 0 0 0 0 0 0 0 0 0 0 0 0 0 0 0 0 0 0 0 0 
6.06e-06 6.06e-06 7.07e-06 8.585e-06 5.05e-06 8.585e-06 8.08e-06 3.535e-06 4.545e-06 4.545e-06 3.03e-06 4.04e-06 1.01e-06 2.525e-06 1.01e-06 5.05e-07 0 1.01e-06 5.05e-07 0 0 0 0 0 5.05e-07 0 0 0 0 0 0 0 0 0 0 0 0 0 0 0 0 0 0 0 0 0 0 0 0 0 0 
1.01e-06 2.02e-06 2.02e-06 1.515e-06 2.525e-06 2.02e-06 1.01e-06 2.02e-06 2.02e-06 1.01e-06 0 1.01e-06 1.01e-06 5.05e-07 5.05e-07 5.05e-07 5.05e-07 0 0 0 0 0 0 0 0 0 0 0 0 0 0 0 0 0 0 0 0 0 0 0 0 0 0 0 0 0 0 0 0 0 0 
5.05e-07 1.515e-06 5.05e-07 2.02e-06 1.01e-06 5.05e-07 1.515e-06 1.01e-06 5.05e-07 1.01e-06 2.02e-06 5.05e-07 0 0 5.05e-07 5.05e-07 0 0 0 0 0 0 0 5.05e-07 0 0 0 0 0 0 0 0 0 0 0 0 0 0 0 0 0 0 0 0 0 0 0 0 0 0 0 
0 0 1.01e-06 5.05e-07 1.515e-06 0 5.05e-07 1.01e-06 0 0 0 0 5.05e-07 0 0 0 0 0 0 5.05e-07 0 0 0 0 0 0 0 0 0 0 0 0 0 0 0 0 0 0 0 0 0 0 0 0 0 0 0 0 0 0 0 
0 5.05e-07 0 0 5.05e-07 5.05e-07 1.01e-06 0 5.05e-07 0 5.05e-07 0 0 0 0 0 0 0 0 0 0 0 0 0 0 0 0 0 0 0 0 0 0 0 0 0 0 0 0 0 0 0 0 0 0 0 0 0 0 0 0 
5.05e-07 0 0 0 5.05e-07 5.05e-07 0 0 0 0 0 0 0 5.05e-07 0 0 0 0 0 0 0 0 0 0 0 0 0 0 0 0 0 0 0 0 0 0 0 0 0 0 0 0 0 0 0 0 0 0 0 0 0 
0 0 0 0 0 0 0 0 0 0 0 0 0 0 0 0 0 0 0 0 0 0 0 0 0 0 0 0 0 0 0 0 0 0 0 0 0 0 0 0 0 0 0 0 0 0 0 0 0 0 0 
Per-collision Densities L:
2.26273 1.24791 0.689055 0.381454 0.210137 0.115812 0.0641608 0.0353328 0.0194582 0.0107711 0.00594739 0.00324059 0.00180386 0.000947885 0.000540855 0.000306535 0.000185335 9.1405e-05 4.5955e-05 3.131e-05 1.818e-05 1.0605e-05 2.02e-06 3.535e-06 2.02e-06 0 1.515e-06 0 5.05e-07 0 0 0 0 0 0 0 0 0 0 0 0 0 0 0 0 0 0 0 0 0 0 
0.0151192 0.027066 0.0251566 0.0195354 0.0137385 0.00938038 0.00611353 0.0039587 0.00247804 0.00154227 0.00092516 0.000537825 0.000354005 0.000212605 0.000114635 6.161e-05 4.1915e-05 2.424e-05 1.414e-05 4.04e-06 6.565e-06 4.545e-06 5.05e-07 1.515e-06 0 0 5.05e-07 0 0 5.05e-07 0 0 0 0 0 0 0 0 0 0 0 0 0 0 0 0 0 0 0 0 0 
0.0683528 0.121557 0.113537 0.0881316 0.0632654 0.042673 0.028028 0.0178159 0.0111858 0.00695284 0.00422332 0.00262196 0.00151955 0.00093223 0.000575195 0.000325725 0.00019695 0.00011615 6.868e-05 3.7875e-05 2.5755e-05 1.616e-05 6.06e-06 5.05e-06 2.525e-06 1.01e-06 5.05e-07 5.05e-07 5.05e-07 0 0 0 0 0 0 0 0 0 0 0 0 0 0 0 0 0 0 0 0 0 0 
0.00237603 0.00573933 0.00698011 0.00674024 0.00566105 0.00449652 0.00336229 0.0024442 0.00166499 0.00111959 0.000718615 0.000479245 0.000360065 0.000209575 0.00013534 8.787e-05 4.141e-05 2.8785e-05 1.818e-05 1.3635e-05 9.09e-06 7.07e-06 2.02e-06 1.515e-06 0 1.01e-06 5.05e-07 0 0 0 0 0 0 0 0 0 0 0 0 0 0 0 0 0 0 0 0 0 0 0 0 
0.00536108 0.013083 0.0161403 0.0154409 0.0132638 0.0104591 0.00771943 0.00558278 0.0038683 0.0025654 0.00182204 0.00113019 0.000719625 0.00051712 0.00029795 0.000194425 0.000122715 6.464e-05 4.7975e-05 2.525e-05 1.919e-05 1.0605e-05 6.06e-06 6.06e-06 2.525e-06 1.515e-06 5.05e-07 0 5.05e-07 5.05e-07 0 0 0 0 0 0 0 0 0 0 0 0 0 0 0 0 0 0 0 0 0 
0.00040804 0.00112009 0.00157409 0.00171801 0.00158065 0.00142865 0.00111555 0.00091708 0.00066761 0.000509545 0.00035148 0.000229775 0.000173215 9.595e-05 7.272e-05 5.2015e-05 3.838e-05 2.0705e-05 1.4645e-05 9.595e-06 3.03e-06 2.02e-06 2.02e-06 2.02e-06 5.05e-07 5.05e-07 0 1.01e-06 5.05e-07 0 0 0 0 0 0 0 0 0 0 0 0 0 0 0 0 0 0 0 0 0 0 
0.000633775 0.00175892 0.00238461 0.00264065 0.00249268 0.00222453 0.00180134 0.00142663 0.00105343 0.00076255 0.00053833 0.00040097 0.000285325 0.0001919 0.00014039 7.9285e-05 5.959e-05 3.838e-05 1.4645e-05 1.8685e-05 1.1615e-05 3.535e-06 2.02e-06 2.525e-06 1.515e-06 5.05e-07 5.05e-07 0 0 0 0 0 0 0 0 0 0 0 0 0 0 0 0 0 0 0 0 0 0 0 0 
8.9385e-05 0.00021109 0.00032623 0.000381275 0.00039491 0.00035552 0.000335825 0.00026765 0.000218665 0.00016766 0.000129785 9.2415e-05 6.565e-05 4.0905e-05 3.5855e-05 2.2725e-05 1.7675e-05 7.07e-06 1.0605e-05 4.545e-06 3.535e-06 3.535e-06 1.01e-06 1.515e-06 1.515e-06 1.01e-06 0 0 5.05e-07 0 0 0 0 0 0 0 0 0 0 0 0 0 0 0 0 0 0 0 0 0 0 
0.00010504 0.00025654 0.000380265 0.000464095 0.000469145 0.000450965 0.000398445 0.000325725 0.00025755 0.000196445 0.000156045 0.00012423 8.181e-05 5.555e-05 4.545e-05 3.131e-05 2.3735e-05 1.3635e-05 5.05e-06 5.05e-06 3.03e-06 1.515e-06 2.02e-06 1.515e-06 1.515e-06 5.05e-07 5.05e-07 0 0 0 0 0 0 0 0 0 0 0 0 0 0 0 0 0 0 0 0 0 0 0 0 
1.2625e-05 4.242e-05 8.2315e-05 9.09e-05 8.7365e-05 7.8275e-05 8.181e-05 6.868e-05 6.6155e-05 4.646e-05 3.3835e-05 2.929e-05 2.5755e-05 2.222e-05 1.0605e-05 1.0605e-05 4.545e-06 5.05e-06 1.515e-06 1.515e-06 2.02e-06 1.515e-06 0 5.05e-07 1.515e-06 0 5.05e-07 0 0 0 0 0 0 0 0 0 0 0 0 0 0 0 0 0 0 0 0 0 0 0 0 
1.717e-05 4.444e-05 6.4135e-05 8.8375e-05 8.4335e-05 8.6355e-05 7.2215e-05 6.262e-05 5.7065e-05 6.0095e-05 3.737e-05 2.9795e-05 2.727e-05 1.717e-05 1.3635e-05 1.0605e-05 4.04e-06 3.03e-06 2.02e-06 2.02e-06 1.01e-06 1.01e-06 0 5.05e-07 5.05e-07 5.05e-07 5.05e-07 5.05e-07 0 0 0 0 0 0 0 0 0 0 0 0 0 0 0 0 0 0 0 0 0 0 0 
2.02e-06 8.585e-06 1.414e-05 2.424e-05 2.5755e-05 2.121e-05 1.6665e-05 1.919e-05 1.2625e-05 1.0605e-05 1.2625e-05 1.111e-05 6.565e-06 6.565e-06 4.04e-06 2.02e-06 2.02e-06 1.01e-06 5.05e-07 2.02e-06 5.05e-07 0 0 5.05e-07 0 0 0 0 0 0 0 0 0 0 0 0 0 0 0 0 0 0 0 0 0 0 0 0 0 0 0 
4.04e-06 9.09e-06 1.111e-05 1.515e-05 2.1715e-05 1.414e-05 1.7675e-05 1.212e-05 1.111e-05 1.111e-05 9.09e-06 1.0605e-05 7.07e-06 4.04e-06 3.535e-06 4.545e-06 5.05e-07 5.05e-07 2.525e-06 1.01e-06 0 0 0 5.05e-07 0 5.05e-07 0 0 0 0 0 0 0 0 0 0 0 0 0 0 0 0 0 0 0 0 0 0 0 0 0 
5.05e-07 1.01e-06 4.545e-06 4.04e-06 5.05e-06 3.535e-06 2.02e-06 4.04e-06 3.03e-06 2.02e-06 2.02e-06 1.01e-06 1.515e-06 1.515e-06 1.01e-06 5.05e-07 1.515e-06 0 5.05e-07 5.05e-07 0 5.05e-07 0 5.05e-07 0 0 0 0 0 0 0 0 0 0 0 0 0 0 0 0 0 0 0 0 0 0 0 0 0 0 0 
5.05e-07 1.515e-06 3.03e-06 1.515e-06 4.04e-06 2.02e-06 1.01e-06 4.04e-06 1.515e-06 1.515e-06 2.525e-06 2.02e-06 2.02e-06 5.05e-07 1.515e-06 1.01e-06 5.05e-07 0 0 5.05e-07 0 0 0 0 5.05e-07 0 0 0 0 0 0 0 0 0 0 0 0 0 0 0 0 0 0 0 0 0 0 0 0 0 0 
0 0 5.05e-07 1.01e-06 2.02e-06 1.515e-06 1.01e-06 2.525e-06 0 1.01e-06 5.05e-07 5.05e-07 0 1.01e-06 0 0 0 5.05e-07 0 5.05e-07 0 5.05e-07 0 0 0 0 0 0 0 0 0 0 0 0 0 0 0 0 0 0 0 0 0 0 0 0 0 0 0 0 0 
0 0 5.05e-07 0 0 5.05e-07 1.515e-06 1.01e-06 0 0 0 3.03e-06 5.05e-07 0 0 0 0 0 0 0 0 0 0 0 0 0 0 0 0 0 0 0 0 0 0 0 0 0 0 0 0 0 0 0 0 0 0 0 0 0 0 
0 0 0 5.05e-07 5.05e-07 5.05e-07 0 0 5.05e-07 0 5.05e-07 0 0 0 5.05e-07 0 0 0 0 0 0 0 0 0 0 0 0 0 0 0 0 0 0 0 0 0 0 0 0 0 0 0 0 0 0 0 0 0 0 0 0 
0 0 0 0 0 0 5.05e-07 5.05e-07 5.05e-07 0 0 0 0 0 0 0 0 0 0 0 0 0 0 0 0 0 0 0 0 0 0 0 0 0 0 0 0 0 0 0 0 0 0 0 0 0 0 0 0 0 0 
0 0 0 0 0 0 0 0 0 0 0 0 0 0 0 0 0 0 0 0 0 0 0 0 0 0 0 0 0 0 0 0 0 0 0 0 0 0 0 0 0 0 0 0 0 0 0 0 0 0 0 
