Half rod, albedo problem, Anisotropic scattering, exponential random flight, mu_t: 3 g: -0.5
Analogmu_t c: 0.5 maxx: 10 dx: 0.19802 numsamples: 10000000 numCollisionOrders: 20 numMoments: 10
total albedo: 0.22515
per-collision order albedos: 
0 0.187492 0.0234148 0.0095485 0.0028456 0.0011384 0.0004126 0.0001744 7.47e-05 2.77e-05 1.07e-05 6.1e-06 2.1e-06 1.8e-06 5e-07 3e-07 1e-07 0 0 0 
Collision density L:
0.537968 0.336918 0.210929 0.131699 0.0825342 0.0513519 0.0322518 0.0201768 0.0125826 0.00791689 0.00493688 0.003131 0.00190486 0.00122059 0.000755985 0.000479245 0.00032522 0.000198465 0.00011716 6.161e-05 3.9895e-05 2.8785e-05 1.919e-05 1.4645e-05 1.0605e-05 4.545e-06 3.03e-06 3.03e-06 1.01e-06 0 0 0 0 0 5.05e-07 0 0 0 5.05e-07 0 0 0 0 0 0 0 0 0 0 0 0 
Collision density R:
2.39472 1.49707 0.935005 0.585135 0.365258 0.228614 0.142515 0.0893724 0.0558848 0.0348713 0.0219983 0.013737 0.00858854 0.00530957 0.00338502 0.00214878 0.00131957 0.000817595 0.00050702 0.0003333 0.00021614 0.000113625 6.565e-05 4.545e-05 3.333e-05 1.818e-05 1.414e-05 7.575e-06 6.06e-06 4.04e-06 2.02e-06 2.02e-06 0 0 0 1.01e-06 0 0 0 1.01e-06 5.05e-07 0 0 0 0 0 0 0 0 0 0 
Density Moments:
1.54945 0.653373 0.551399 0.698701 1.18222 2.50773 6.42441 19.4531 68.8497 283.065 
Per-collision Density Moments:
1 0.333206 0.222031 0.221944 0.296014 0.494267 0.992819 2.33413 6.29264 19.1305 
0.312331 0.14579 0.125044 0.153043 0.241665 0.466034 1.05986 2.77371 8.19945 26.9704 
0.13271 0.0859277 0.0887129 0.123928 0.217476 0.458755 1.12909 3.17092 9.97959 34.6559 
0.0569062 0.0429478 0.0505868 0.0790706 0.152987 0.35236 0.943063 2.88773 10.0073 38.8909 
0.0256508 0.0225095 0.0295598 0.0505276 0.105775 0.26192 0.750137 2.44492 8.94884 36.3318 
0.0116909 0.0113672 0.0163178 0.0301657 0.067737 0.17911 0.549471 1.94924 8.01561 38.1728 
0.005399 0.00577036 0.00891449 0.017527 0.0415784 0.115768 0.373204 1.38572 5.91217 28.8108 
0.0025098 0.0029093 0.00481338 0.0100575 0.025221 0.0741953 0.254651 1.02277 4.80346 25.9883 
0.0011823 0.00147399 0.00258997 0.00569549 0.0149071 0.045487 0.161868 0.680121 3.39611 19.8219 
0.0005585 0.000742573 0.00138268 0.00320678 0.00876775 0.0273293 0.0949159 0.360913 1.48039 6.46418 
0.000266 0.000370488 0.000720823 0.00174059 0.00494108 0.0159274 0.0568222 0.219807 0.906629 3.933 
0.000132 0.000190817 0.000378987 0.000921305 0.00260392 0.00830293 0.0292787 0.112437 0.463803 2.02846 
6.19e-05 9.07983e-05 0.000183658 0.000454613 0.00130186 0.00416854 0.0146063 0.0551924 0.22239 0.946223 
2.68e-05 4.10738e-05 8.64092e-05 0.000224905 0.000687262 0.00236975 0.00894115 0.0360809 0.153155 0.675551 
1.25e-05 1.83194e-05 3.67771e-05 8.95343e-05 0.000248112 0.000750668 0.00241279 0.00809399 0.0280089 0.0991918 
5.7e-06 9.43261e-06 2.08332e-05 5.44398e-05 0.000159527 0.000508303 0.00172178 0.00609399 0.022251 0.0830574 
2.1e-06 3.29429e-06 7.0307e-06 1.7712e-05 4.96981e-05 0.000150803 0.000484851 0.00162585 0.00561885 0.0198419 
1.1e-06 2.25197e-06 5.8828e-06 1.72408e-05 5.40374e-05 0.000177059 0.000597695 0.00205778 0.0071768 0.0252452 
6e-07 1.2949e-06 3.50187e-06 1.04905e-05 3.32605e-05 0.00010924 0.0003673 0.00125558 0.00434541 0.0151843 
0 0 0 0 0 0 0 0 0 0 
Per-collision Densities L:
0 0 0 0 0 0 0 0 0 0 0 0 0 0 0 0 0 0 0 0 0 0 0 0 0 0 0 0 0 0 0 0 0 0 0 0 0 0 0 0 0 0 0 0 0 0 0 0 0 0 0 
0.423466 0.234087 0.129358 0.0713797 0.0394087 0.0216458 0.0120554 0.00655995 0.00364964 0.0020099 0.00115847 0.000627715 0.00031411 0.000186345 0.00011918 5.252e-05 3.3835e-05 2.121e-05 1.414e-05 5.555e-06 3.03e-06 2.525e-06 1.515e-06 5.05e-07 1.01e-06 0 5.05e-07 5.05e-07 0 0 0 0 0 0 0 0 0 0 0 0 0 0 0 0 0 0 0 0 0 0 0 
0.0670398 0.054591 0.0396738 0.0271337 0.0179659 0.0115115 0.00729978 0.00452985 0.00270478 0.00171599 0.000973135 0.000605495 0.00033835 0.000221695 0.000128775 7.676e-05 4.7975e-05 2.2725e-05 1.212e-05 1.111e-05 2.525e-06 2.02e-06 2.02e-06 1.515e-06 1.01e-06 5.05e-07 5.05e-07 0 0 0 0 0 0 0 0 0 0 0 0 0 0 0 0 0 0 0 0 0 0 0 0 
0.0316635 0.0305692 0.0250323 0.0185476 0.0132588 0.00889608 0.00586457 0.0039183 0.00247905 0.00161095 0.000974145 0.000624685 0.000403495 0.00022826 0.00015049 9.2415e-05 5.1005e-05 3.1815e-05 1.8685e-05 8.08e-06 7.07e-06 5.05e-06 3.03e-06 3.535e-06 0 0 5.05e-07 1.01e-06 0 0 0 0 0 0 0 0 0 0 0 0 0 0 0 0 0 0 0 0 0 0 0 
0.0093627 0.0101828 0.00936573 0.00770832 0.00606404 0.00445562 0.00327038 0.00227351 0.00156348 0.00103626 0.000696395 0.00046561 0.000310575 0.00019493 0.0001111 6.767e-05 5.5045e-05 3.2825e-05 1.616e-05 6.565e-06 5.555e-06 6.565e-06 2.02e-06 3.535e-06 2.02e-06 1.01e-06 5.05e-07 0 0 0 0 0 0 0 5.05e-07 0 0 0 0 0 0 0 0 0 0 0 0 0 0 0 0 
0.00396425 0.00446622 0.00437381 0.0038885 0.00312494 0.00248006 0.00188921 0.00141703 0.00102061 0.00067266 0.000480255 0.000329765 0.00021513 0.000130795 8.787e-05 6.161e-05 4.747e-05 2.525e-05 1.818e-05 1.3635e-05 8.08e-06 4.545e-06 5.05e-06 5.05e-07 1.515e-06 5.05e-07 0 0 0 0 0 0 0 0 0 0 0 0 0 0 0 0 0 0 0 0 0 0 0 0 0 
0.00146854 0.00176548 0.00173417 0.001666 0.00143673 0.00121503 0.00093122 0.000693365 0.000567115 0.00039693 0.0002828 0.00019493 0.000141905 0.0001111 6.0095e-05 4.5955e-05 2.5755e-05 1.919e-05 1.212e-05 5.05e-06 5.05e-06 3.03e-06 2.02e-06 1.515e-06 1.01e-06 1.01e-06 0 1.515e-06 5.05e-07 0 0 0 0 0 0 0 0 0 5.05e-07 0 0 0 0 0 0 0 0 0 0 0 0 
0.00057772 0.000736795 0.000781235 0.000769115 0.00068377 0.000606 0.000496415 0.00039087 0.00027775 0.0002222 0.000173215 0.000122715 7.8275e-05 4.8985e-05 3.7875e-05 3.434e-05 2.121e-05 1.616e-05 8.08e-06 6.06e-06 4.04e-06 1.01e-06 1.01e-06 5.05e-07 1.01e-06 1.01e-06 0 0 0 0 0 0 0 0 0 0 0 0 0 0 0 0 0 0 0 0 0 0 0 0 0 
0.000235835 0.000308555 0.00033128 0.0003333 0.00029492 0.00026967 0.000225735 0.000209575 0.00015453 0.0001111 9.9485e-05 7.7265e-05 4.848e-05 4.2925e-05 2.727e-05 2.1715e-05 1.313e-05 1.01e-05 6.06e-06 2.02e-06 2.02e-06 2.02e-06 1.01e-06 1.515e-06 5.05e-07 0 5.05e-07 0 5.05e-07 0 0 0 0 0 0 0 0 0 0 0 0 0 0 0 0 0 0 0 0 0 0 
0.000101 0.00011918 0.00015453 0.00014847 0.00015049 0.00014746 0.00011211 9.7465e-05 8.1305e-05 6.969e-05 4.0905e-05 4.343e-05 2.626e-05 2.6765e-05 1.515e-05 1.212e-05 1.2625e-05 8.585e-06 6.06e-06 2.525e-06 5.05e-07 5.05e-07 5.05e-07 5.05e-07 1.01e-06 0 0 0 0 0 0 0 0 0 0 0 0 0 0 0 0 0 0 0 0 0 0 0 0 0 0 
4.7975e-05 4.6965e-05 6.5145e-05 7.7265e-05 7.171e-05 6.2115e-05 5.151e-05 4.8985e-05 3.8885e-05 3.636e-05 3.232e-05 1.717e-05 1.818e-05 1.212e-05 9.09e-06 7.575e-06 1.01e-05 3.535e-06 2.525e-06 0 1.515e-06 1.515e-06 1.01e-06 5.05e-07 5.05e-07 0 5.05e-07 0 0 0 0 0 0 0 0 0 0 0 0 0 0 0 0 0 0 0 0 0 0 0 0 
2.3735e-05 2.727e-05 3.4845e-05 2.7775e-05 4.141e-05 2.8785e-05 2.828e-05 2.02e-05 2.5755e-05 2.1715e-05 9.595e-06 1.313e-05 4.04e-06 1.01e-05 5.05e-06 2.02e-06 4.04e-06 4.04e-06 5.05e-07 1.01e-06 0 0 0 0 1.01e-06 0 0 0 0 0 0 0 0 0 0 0 0 0 0 0 0 0 0 0 0 0 0 0 0 0 0 
1.111e-05 1.01e-05 1.414e-05 9.09e-06 2.0705e-05 1.7675e-05 1.616e-05 1.01e-05 1.111e-05 7.07e-06 6.565e-06 3.535e-06 3.535e-06 2.02e-06 2.525e-06 2.525e-06 1.515e-06 1.515e-06 5.05e-07 0 5.05e-07 0 0 5.05e-07 0 0 0 0 0 0 0 0 0 0 0 0 0 0 0 0 0 0 0 0 0 0 0 0 0 0 0 
3.535e-06 1.515e-06 6.565e-06 5.555e-06 4.545e-06 9.595e-06 6.565e-06 4.04e-06 4.04e-06 3.535e-06 4.04e-06 2.525e-06 1.515e-06 2.02e-06 5.05e-07 5.05e-07 5.05e-07 1.01e-06 5.05e-07 0 0 0 0 0 0 5.05e-07 0 0 0 0 0 0 0 0 0 0 0 0 0 0 0 0 0 0 0 0 0 0 0 0 0 
2.525e-06 3.535e-06 2.02e-06 1.515e-06 6.565e-06 5.05e-06 4.04e-06 2.02e-06 2.02e-06 5.05e-07 3.03e-06 1.01e-06 5.05e-07 1.01e-06 5.05e-07 5.05e-07 5.05e-07 5.05e-07 0 0 0 0 0 0 0 0 0 0 0 0 0 0 0 0 0 0 0 0 0 0 0 0 0 0 0 0 0 0 0 0 0 
0 1.515e-06 1.515e-06 2.02e-06 0 1.515e-06 5.05e-07 1.01e-06 1.01e-06 1.515e-06 1.01e-06 1.515e-06 5.05e-07 5.05e-07 0 0 5.05e-07 0 5.05e-07 0 0 0 0 0 0 0 0 0 0 0 0 0 0 0 0 0 0 0 0 0 0 0 0 0 0 0 0 0 0 0 0 
5.05e-07 5.05e-07 0 1.01e-06 5.05e-07 0 0 0 1.01e-06 5.05e-07 5.05e-07 5.05e-07 0 0 0 5.05e-07 0 0 0 0 0 0 0 0 0 0 0 0 0 0 0 0 0 0 0 0 0 0 0 0 0 0 0 0 0 0 0 0 0 0 0 
0 0 0 0 5.05e-07 0 0 0 0 0 1.01e-06 0 0 0 0 0 0 0 5.05e-07 0 0 0 0 0 0 0 0 0 0 0 0 0 0 0 0 0 0 0 0 0 0 0 0 0 0 0 0 0 0 0 0 
0 0 5.05e-07 0 0 0 0 5.05e-07 5.05e-07 0 0 0 0 5.05e-07 0 5.05e-07 0 0 5.05e-07 0 0 0 0 0 0 0 0 0 0 0 0 0 0 0 0 0 0 0 0 0 0 0 0 0 0 0 0 0 0 0 0 
0 0 0 0 0 0 0 0 0 0 0 0 0 0 0 0 0 0 0 0 0 0 0 0 0 0 0 0 0 0 0 0 0 0 0 0 0 0 0 0 0 0 0 0 0 0 0 0 0 0 0 
Per-collision Densities L:
2.26271 1.24865 0.689062 0.381139 0.20994 0.115957 0.0637568 0.035353 0.019492 0.010704 0.00595799 0.00323756 0.00182053 0.000965055 0.00055954 0.000314615 0.00017675 9.292e-05 4.4945e-05 3.6865e-05 1.717e-05 8.08e-06 2.525e-06 4.04e-06 1.515e-06 5.05e-07 1.01e-06 5.05e-07 5.05e-07 0 0 0 0 0 0 0 0 0 0 0 0 0 0 0 0 0 0 0 0 0 0 
0.0757672 0.134825 0.125179 0.097516 0.0691542 0.0469453 0.0307242 0.0196198 0.0121887 0.0075548 0.00469145 0.00281083 0.001717 0.000965055 0.000606505 0.00034138 0.000212605 0.000117665 7.8275e-05 3.737e-05 2.8785e-05 1.111e-05 5.05e-06 4.04e-06 4.545e-06 1.01e-06 0 0 0 1.01e-06 0 0 0 0 0 0 0 0 0 0 0 0 0 0 0 0 0 0 0 0 0 
0.0443415 0.0832563 0.0821196 0.0671241 0.0506535 0.0358126 0.0243637 0.0163554 0.0108085 0.00702405 0.00439249 0.00283659 0.00169882 0.00108323 0.00067569 0.000406525 0.0002424 0.000152005 8.181e-05 5.858e-05 3.4845e-05 2.02e-05 1.3635e-05 6.565e-06 6.565e-06 1.515e-06 0 1.515e-06 5.05e-07 0 0 5.05e-07 0 0 0 0 0 0 0 0 0 0 0 0 0 0 0 0 0 0 0 
0.0073427 0.0182921 0.0225311 0.0220463 0.0189678 0.0153086 0.0115867 0.00850168 0.00601657 0.00416322 0.00282598 0.00189577 0.00124584 0.0007979 0.000517625 0.0003434 0.000201495 0.00013534 7.171e-05 5.959e-05 3.3835e-05 1.5655e-05 1.01e-05 7.575e-06 5.05e-06 3.535e-06 2.525e-06 5.05e-07 1.01e-06 5.05e-07 0 5.05e-07 0 0 0 5.05e-07 0 0 0 0 0 0 0 0 0 0 0 0 0 0 0 
0.00306283 0.00787497 0.0100818 0.0104474 0.00961672 0.00806283 0.00637866 0.00487426 0.00362691 0.00253763 0.00188719 0.00125745 0.000868095 0.000587315 0.000378245 0.000262095 0.00016968 9.7465e-05 7.575e-05 4.4945e-05 3.232e-05 1.8685e-05 1.1615e-05 6.565e-06 3.535e-06 4.04e-06 2.02e-06 1.01e-06 1.515e-06 5.05e-07 1.01e-06 0 0 0 0 0 0 0 0 0 0 0 0 0 0 0 0 0 0 0 0 
0.000921625 0.00251137 0.00357035 0.00391173 0.00387032 0.00348198 0.00297344 0.00237603 0.00183972 0.00137209 0.00101859 0.00076558 0.000512575 0.00037774 0.00026967 0.00019594 0.000122715 8.282e-05 5.1005e-05 3.0805e-05 2.1715e-05 9.595e-06 6.565e-06 6.06e-06 4.04e-06 5.05e-07 2.02e-06 1.515e-06 5.05e-07 1.515e-06 5.05e-07 5.05e-07 0 0 0 0 0 0 0 5.05e-07 0 0 0 0 0 0 0 0 0 0 0 
0.000356025 0.00100849 0.00146551 0.00173922 0.0017271 0.00170034 0.00145945 0.00121806 0.00096455 0.00075346 0.00060196 0.00042723 0.000329765 0.00022321 0.00014645 0.000112615 8.181e-05 5.4035e-05 3.7875e-05 2.02e-05 2.02e-05 9.09e-06 6.565e-06 5.05e-06 1.01e-06 2.02e-06 2.525e-06 0 5.05e-07 5.05e-07 0 5.05e-07 0 0 0 0 0 0 0 0 0 0 0 0 0 0 0 0 0 0 0 
0.000129785 0.00038279 0.000603475 0.00066862 0.00073629 0.00071306 0.00069286 0.00055348 0.000496415 0.000382285 0.000303 0.000254015 0.000179275 0.00015756 0.00010201 6.666e-05 4.9995e-05 3.3835e-05 2.5755e-05 1.4645e-05 7.07e-06 9.595e-06 3.03e-06 4.04e-06 2.525e-06 1.515e-06 1.515e-06 5.05e-07 0 0 5.05e-07 0 0 0 0 5.05e-07 0 0 0 5.05e-07 0 0 0 0 0 0 0 0 0 0 0 
5.656e-05 0.000157055 0.0002222 0.000317645 0.000340875 0.00035552 0.000319665 0.000283305 0.000227755 0.00019998 0.00015756 0.00011716 0.000102515 7.373e-05 6.1105e-05 4.949e-05 2.828e-05 2.1715e-05 1.3635e-05 1.515e-05 6.565e-06 5.555e-06 2.02e-06 0 2.02e-06 1.515e-06 5.05e-07 0 0 0 0 0 0 0 0 0 0 0 0 0 5.05e-07 0 0 0 0 0 0 0 0 0 0 
1.919e-05 6.1105e-05 9.7465e-05 0.00013433 0.00014443 0.00015554 0.00012928 0.000122715 0.000118675 9.191e-05 8.0295e-05 7.474e-05 5.454e-05 3.6865e-05 3.3835e-05 2.222e-05 1.7675e-05 1.2625e-05 1.0605e-05 6.06e-06 6.06e-06 3.03e-06 3.03e-06 5.05e-07 1.515e-06 1.01e-06 0 5.05e-07 1.515e-06 0 0 0 0 0 0 0 0 0 0 0 0 0 0 0 0 0 0 0 0 0 0 
1.1615e-05 3.131e-05 4.0905e-05 5.05e-05 6.262e-05 6.6155e-05 6.8175e-05 5.8075e-05 5.555e-05 4.949e-05 4.2925e-05 2.3735e-05 3.232e-05 2.02e-05 1.7675e-05 1.3635e-05 5.555e-06 7.07e-06 7.07e-06 3.535e-06 4.545e-06 1.515e-06 1.01e-06 0 5.05e-07 5.05e-07 1.515e-06 5.05e-07 0 0 0 0 0 0 0 0 0 0 0 0 0 0 0 0 0 0 0 0 0 0 0 
3.535e-06 7.575e-06 1.818e-05 2.525e-05 2.3735e-05 3.131e-05 3.838e-05 2.727e-05 2.7775e-05 2.323e-05 2.0705e-05 1.9695e-05 1.3635e-05 1.0605e-05 1.01e-05 1.0605e-05 6.565e-06 4.04e-06 4.545e-06 2.02e-06 5.05e-07 1.01e-06 0 5.05e-07 0 5.05e-07 5.05e-07 5.05e-07 0 0 0 0 0 0 0 0 0 0 0 0 0 0 0 0 0 0 0 0 0 0 0 
2.02e-06 7.07e-06 9.595e-06 9.09e-06 1.3635e-05 1.2625e-05 1.515e-05 1.3635e-05 1.212e-05 1.0605e-05 8.585e-06 9.595e-06 8.08e-06 7.575e-06 4.04e-06 6.06e-06 2.02e-06 3.03e-06 2.02e-06 1.515e-06 5.05e-07 5.05e-07 0 5.05e-07 0 0 0 5.05e-07 0 0 0 0 0 0 0 0 0 0 0 0 0 0 0 0 0 0 0 0 0 0 0 
3.03e-06 3.03e-06 2.525e-06 4.04e-06 3.535e-06 6.565e-06 7.07e-06 9.595e-06 6.565e-06 2.525e-06 5.05e-06 4.545e-06 3.03e-06 1.01e-06 1.515e-06 2.02e-06 1.01e-06 2.02e-06 1.01e-06 1.01e-06 5.05e-07 0 5.05e-07 0 5.05e-07 0 0 0 0 0 0 0 0 0 0 0 0 0 0 0 0 0 0 0 0 0 0 0 0 0 0 
5.05e-07 5.05e-07 5.05e-07 1.515e-06 2.02e-06 3.535e-06 5.05e-07 4.04e-06 1.515e-06 5.05e-07 2.525e-06 1.01e-06 1.515e-06 1.515e-06 5.05e-07 1.01e-06 5.05e-07 0 1.01e-06 5.05e-07 5.05e-07 0 0 0 0 0 0 0 0 0 0 0 0 0 0 0 0 0 0 0 0 0 0 0 0 0 0 0 0 0 0 
0 2.02e-06 0 0 1.01e-06 5.05e-07 1.01e-06 2.02e-06 1.01e-06 5.05e-07 5.05e-07 1.01e-06 1.01e-06 1.01e-06 0 5.05e-07 0 5.05e-07 0 0 1.01e-06 0 0 0 0 0 0 0 0 0 0 0 0 0 0 0 0 0 0 0 0 0 0 0 0 0 0 0 0 0 0 
0 5.05e-07 0 5.05e-07 5.05e-07 5.05e-07 0 0 5.05e-07 5.05e-07 5.05e-07 5.05e-07 0 0 5.05e-07 0 0 0 0 5.05e-07 0 0 0 0 0 0 0 0 0 0 0 0 0 0 0 0 0 0 0 0 0 0 0 0 0 0 0 0 0 0 0 
0 0 1.01e-06 0 0 0 0 0 0 5.05e-07 1.01e-06 0 0 0 0 0 5.05e-07 5.05e-07 0 0 0 0 0 0 0 0 0 0 0 0 0 0 0 0 0 0 0 0 0 0 0 0 0 0 0 0 0 0 0 0 0 
0 0 0 0 0 0 0 0 0 0 0 0 0 0 0 0 0 0 0 0 0 0 0 0 0 0 0 0 0 0 0 0 0 0 0 0 0 0 0 0 0 0 0 0 0 0 0 0 0 0 0 
0 0 0 0 0 0 0 0 0 0 0 0 0 0 0 0 0 0 0 0 0 0 0 0 0 0 0 0 0 0 0 0 0 0 0 0 0 0 0 0 0 0 0 0 0 0 0 0 0 0 0 
