Half rod, albedo problem, Anisotropic scattering, exponential random flight, mu_t: 3 g: -0.5
Analogmu_t c: 0.3 maxx: 10 dx: 0.19802 numsamples: 10000000 numCollisionOrders: 20 numMoments: 10
total albedo: 0.12345
per-collision order albedos: 
0 0.112473 0.0084401 0.0020593 0.0003677 8.64e-05 1.87e-05 4.2e-06 1.1e-06 3e-07 0 0 0 0 0 0 0 0 0 0 
Collision density L:
0.287255 0.168704 0.0986906 0.0580932 0.034089 0.0198526 0.0116635 0.0069685 0.00399809 0.00241643 0.00145036 0.00077467 0.0004848 0.000299465 0.000171195 8.787e-05 6.363e-05 3.3835e-05 1.5655e-05 7.575e-06 4.545e-06 3.03e-06 2.525e-06 0 0 5.05e-07 1.01e-06 0 0 0 0 0 0 0 0 0 0 0 0 0 0 0 0 0 0 0 0 0 0 0 0 
Collision density R:
2.32634 1.36449 0.800248 0.470475 0.276222 0.161254 0.0949365 0.0555131 0.0325483 0.0192849 0.0113004 0.0066054 0.00386275 0.00230129 0.00139885 0.00078881 0.00047369 0.000288355 0.00015655 9.393e-05 5.454e-05 2.727e-05 1.414e-05 7.575e-06 5.05e-06 3.03e-06 2.525e-06 1.01e-06 5.05e-07 5.05e-07 5.05e-07 0 0 0 0 0 0 0 0 0 0 0 0 0 0 0 0 0 0 0 0 
Density Moments:
1.25224 0.465146 0.345657 0.385364 0.57254 1.06101 2.34908 6.02695 17.5183 56.6915 
Per-collision Density Moments:
1 0.333318 0.222257 0.222355 0.296627 0.494178 0.98503 2.2772 5.96077 17.3304 
0.187511 0.0874326 0.0749244 0.0916073 0.144418 0.27766 0.628049 1.62926 4.75569 15.391 
0.0478528 0.0309435 0.0318945 0.0444359 0.0775612 0.161971 0.392282 1.07767 3.30205 11.1266 
0.0122875 0.00926443 0.0108895 0.0169574 0.032638 0.0746709 0.198252 0.601333 2.05873 7.85837 
0.0033204 0.00290643 0.00379046 0.00639273 0.0130626 0.0310247 0.0831082 0.245285 0.782725 2.65959 
0.0009179 0.000892843 0.0012816 0.00236406 0.00524528 0.013388 0.0380275 0.117269 0.385565 1.33377 
0.0002542 0.00027249 0.000430723 0.000868631 0.00208022 0.00564764 0.0168409 0.0539658 0.183008 0.649581 
7.21e-05 8.21479e-05 0.000131772 0.000262176 0.000615131 0.0016526 0.00497245 0.016433 0.0585995 0.221951 
2.01e-05 2.49466e-05 4.42101e-05 9.69405e-05 0.000248517 0.000721748 0.00232107 0.00810387 0.0301722 0.117923 
5.2e-06 6.40684e-06 1.0162e-05 1.83761e-05 3.61535e-05 7.54752e-05 0.000164557 0.000370545 0.000854758 0.00200787 
1.3e-06 1.53372e-06 2.1218e-06 3.09771e-06 4.70922e-06 7.39904e-06 1.19511e-05 1.97582e-05 3.33082e-05 5.70681e-05 
3e-07 3.61079e-07 6.31593e-07 1.30035e-06 2.85343e-06 6.42404e-06 1.46172e-05 3.34084e-05 7.65006e-05 0.000175314 
3e-07 2.55293e-07 3.58579e-07 5.87533e-07 1.01373e-06 1.78213e-06 3.15442e-06 5.59724e-06 9.94069e-06 1.76603e-05 
0 0 0 0 0 0 0 0 0 0 
0 0 0 0 0 0 0 0 0 0 
0 0 0 0 0 0 0 0 0 0 
0 0 0 0 0 0 0 0 0 0 
0 0 0 0 0 0 0 0 0 0 
0 0 0 0 0 0 0 0 0 0 
0 0 0 0 0 0 0 0 0 0 
Per-collision Densities L:
0 0 0 0 0 0 0 0 0 0 0 0 0 0 0 0 0 0 0 0 0 0 0 0 0 0 0 0 0 0 0 0 0 0 0 0 0 0 0 0 0 0 0 0 0 0 0 0 0 0 0 
0.254592 0.140814 0.0775301 0.0428205 0.0235971 0.0129386 0.00715838 0.00402283 0.00217554 0.00125392 0.000698415 0.00035451 0.000202505 0.00012322 5.8075e-05 2.9795e-05 1.818e-05 1.313e-05 6.06e-06 3.03e-06 2.02e-06 1.01e-06 5.05e-07 0 0 0 0 0 0 0 0 0 0 0 0 0 0 0 0 0 0 0 0 0 0 0 0 0 0 0 0 
0.0241627 0.0195667 0.0142117 0.00975963 0.00645744 0.00413797 0.00261691 0.00162358 0.00096758 0.000592365 0.000365115 0.000201495 0.00012827 7.8275e-05 5.151e-05 2.222e-05 1.818e-05 9.09e-06 4.04e-06 2.525e-06 5.05e-07 5.05e-07 5.05e-07 0 0 5.05e-07 1.01e-06 0 0 0 0 0 0 0 0 0 0 0 0 0 0 0 0 0 0 0 0 0 0 0 0 
0.00684124 0.00661197 0.00531109 0.00409959 0.00287598 0.00191547 0.00123927 0.00085547 0.00054843 0.000368145 0.00022927 0.00012928 8.181e-05 5.454e-05 3.535e-05 1.717e-05 1.313e-05 4.545e-06 1.515e-06 1.01e-06 1.01e-06 1.01e-06 5.05e-07 0 0 0 0 0 0 0 0 0 0 0 0 0 0 0 0 0 0 0 0 0 0 0 0 0 0 0 0 
0.00124331 0.00125442 0.00119281 0.0009898 0.000795375 0.000597415 0.000431775 0.000309565 0.000197455 0.00012625 9.6455e-05 6.06e-05 4.343e-05 2.02e-05 1.5655e-05 9.595e-06 6.06e-06 4.545e-06 1.515e-06 0 0 5.05e-07 0 0 0 0 0 0 0 0 0 0 0 0 0 0 0 0 0 0 0 0 0 0 0 0 0 0 0 0 0 
0.000309565 0.000348955 0.000340875 0.00030603 0.00026563 0.000191395 0.00015857 0.00010908 7.5245e-05 4.9995e-05 4.04e-05 2.02e-05 1.8685e-05 1.2625e-05 5.05e-06 3.535e-06 4.04e-06 1.515e-06 2.02e-06 1.01e-06 5.05e-07 0 0 0 0 0 0 0 0 0 0 0 0 0 0 0 0 0 0 0 0 0 0 0 0 0 0 0 0 0 0 
7.878e-05 8.1305e-05 7.5245e-05 8.8375e-05 7.171e-05 4.646e-05 3.7875e-05 3.131e-05 2.0705e-05 1.515e-05 1.313e-05 5.05e-06 5.555e-06 9.09e-06 4.04e-06 4.04e-06 4.04e-06 1.01e-06 5.05e-07 0 5.05e-07 0 5.05e-07 0 0 0 0 0 0 0 0 0 0 0 0 0 0 0 0 0 0 0 0 0 0 0 0 0 0 0 0 
1.919e-05 2.121e-05 2.121e-05 2.2725e-05 2.0705e-05 1.818e-05 1.4645e-05 9.595e-06 7.07e-06 8.585e-06 6.565e-06 1.515e-06 3.03e-06 1.01e-06 1.01e-06 1.01e-06 0 0 0 0 0 0 0 0 0 0 0 0 0 0 0 0 0 0 0 0 0 0 0 0 0 0 0 0 0 0 0 0 0 0 0 
6.565e-06 4.545e-06 5.555e-06 4.04e-06 3.03e-06 5.05e-06 4.04e-06 4.545e-06 5.05e-06 1.515e-06 5.05e-07 1.515e-06 5.05e-07 5.05e-07 5.05e-07 5.05e-07 0 0 0 0 0 0 5.05e-07 0 0 0 0 0 0 0 0 0 0 0 0 0 0 0 0 0 0 0 0 0 0 0 0 0 0 0 0 
1.01e-06 1.01e-06 1.515e-06 2.02e-06 1.515e-06 5.05e-07 1.515e-06 1.515e-06 5.05e-07 0 5.05e-07 5.05e-07 1.01e-06 0 0 0 0 0 0 0 0 0 0 0 0 0 0 0 0 0 0 0 0 0 0 0 0 0 0 0 0 0 0 0 0 0 0 0 0 0 0 
5.05e-07 0 5.05e-07 0 0 1.515e-06 5.05e-07 1.01e-06 0 5.05e-07 0 0 0 0 0 0 0 0 0 0 0 0 0 0 0 0 0 0 0 0 0 0 0 0 0 0 0 0 0 0 0 0 0 0 0 0 0 0 0 0 0 
0 5.05e-07 0 0 5.05e-07 0 0 0 0 0 0 0 0 0 0 0 0 0 0 0 0 0 0 0 0 0 0 0 0 0 0 0 0 0 0 0 0 0 0 0 0 0 0 0 0 0 0 0 0 0 0 
5.05e-07 0 0 5.05e-07 0 0 0 0 5.05e-07 0 0 0 0 0 0 0 0 0 0 0 0 0 0 0 0 0 0 0 0 0 0 0 0 0 0 0 0 0 0 0 0 0 0 0 0 0 0 0 0 0 0 
0 0 0 0 0 0 0 0 0 0 0 0 0 0 0 0 0 0 0 0 0 0 0 0 0 0 0 0 0 0 0 0 0 0 0 0 0 0 0 0 0 0 0 0 0 0 0 0 0 0 0 
0 0 0 0 0 0 0 0 0 0 0 0 0 0 0 0 0 0 0 0 0 0 0 0 0 0 0 0 0 0 0 0 0 0 0 0 0 0 0 0 0 0 0 0 0 0 0 0 0 0 0 
0 0 0 0 0 0 0 0 0 0 0 0 0 0 0 0 0 0 0 0 0 0 0 0 0 0 0 0 0 0 0 0 0 0 0 0 0 0 0 0 0 0 0 0 0 0 0 0 0 0 0 
0 0 0 0 0 0 0 0 0 0 0 0 0 0 0 0 0 0 0 0 0 0 0 0 0 0 0 0 0 0 0 0 0 0 0 0 0 0 0 0 0 0 0 0 0 0 0 0 0 0 0 
0 0 0 0 0 0 0 0 0 0 0 0 0 0 0 0 0 0 0 0 0 0 0 0 0 0 0 0 0 0 0 0 0 0 0 0 0 0 0 0 0 0 0 0 0 0 0 0 0 0 0 
0 0 0 0 0 0 0 0 0 0 0 0 0 0 0 0 0 0 0 0 0 0 0 0 0 0 0 0 0 0 0 0 0 0 0 0 0 0 0 0 0 0 0 0 0 0 0 0 0 0 0 
0 0 0 0 0 0 0 0 0 0 0 0 0 0 0 0 0 0 0 0 0 0 0 0 0 0 0 0 0 0 0 0 0 0 0 0 0 0 0 0 0 0 0 0 0 0 0 0 0 0 0 
Per-collision Densities L:
2.26255 1.24846 0.688873 0.381153 0.210371 0.11568 0.0640229 0.0352404 0.0194506 0.0108388 0.00599839 0.00327493 0.00181144 0.00100394 0.00057166 0.00031714 0.000176245 9.494e-05 5.151e-05 3.03e-05 1.515e-05 8.08e-06 1.515e-06 1.515e-06 1.515e-06 1.01e-06 5.05e-07 0 0 0 0 0 0 0 0 0 0 0 0 0 0 0 0 0 0 0 0 0 0 0 0 
0.0455561 0.0807 0.0752076 0.0584558 0.0416827 0.0280219 0.0184482 0.0116655 0.00736391 0.00450662 0.00278811 0.00165842 0.000991315 0.00058782 0.00036865 0.000207555 0.000133825 7.3225e-05 4.545e-05 2.525e-05 1.4645e-05 7.575e-06 4.04e-06 1.01e-06 2.02e-06 1.01e-06 0 5.05e-07 0 5.05e-07 0 0 0 0 0 0 0 0 0 0 0 0 0 0 0 0 0 0 0 0 0 
0.0161186 0.0301419 0.0296102 0.024337 0.0183648 0.0128654 0.00877892 0.00585952 0.00380265 0.0025553 0.00158671 0.00101707 0.00062519 0.000404505 0.00026058 0.00013938 8.585e-05 5.7065e-05 2.424e-05 1.818e-05 1.01e-05 4.04e-06 4.04e-06 2.02e-06 1.515e-06 5.05e-07 1.01e-06 0 0 0 0 0 0 0 0 0 0 0 0 0 0 0 0 0 0 0 0 0 0 0 0 
0.00161853 0.00391426 0.00486113 0.00475003 0.0041107 0.00327846 0.0025553 0.00185487 0.00126402 0.00087971 0.000585295 0.000400465 0.00025755 0.00017877 0.000115645 7.0195e-05 4.1915e-05 3.5855e-05 1.4645e-05 1.01e-05 8.08e-06 3.535e-06 2.02e-06 1.01e-06 0 5.05e-07 1.01e-06 5.05e-07 5.05e-07 0 5.05e-07 0 0 0 0 0 0 0 0 0 0 0 0 0 0 0 0 0 0 0 0 
0.00040097 0.00100798 0.00133472 0.00137411 0.00126907 0.00104384 0.00080194 0.000618625 0.00046056 0.000335825 0.000223715 0.00017271 0.000115645 7.777e-05 4.5955e-05 2.828e-05 1.919e-05 1.5655e-05 9.595e-06 5.555e-06 4.545e-06 3.03e-06 5.05e-07 1.515e-06 0 0 0 0 0 0 0 0 0 0 0 0 0 0 0 0 0 0 0 0 0 0 0 0 0 0 0 
7.1205e-05 0.000203515 0.00026765 0.00030704 0.00030906 0.00026462 0.000226745 0.00019392 0.000148975 0.000107565 7.272e-05 5.4035e-05 3.9895e-05 3.0805e-05 2.4745e-05 1.818e-05 9.595e-06 8.08e-06 5.555e-06 3.03e-06 1.515e-06 5.05e-07 1.515e-06 0 0 0 0 0 0 0 0 0 0 0 0 0 0 0 0 0 0 0 0 0 0 0 0 0 0 0 0 
1.7675e-05 4.848e-05 7.2215e-05 7.4235e-05 8.7365e-05 7.474e-05 7.1205e-05 5.8075e-05 4.141e-05 3.737e-05 3.1815e-05 2.1715e-05 1.4645e-05 1.0605e-05 7.575e-06 5.555e-06 6.06e-06 2.525e-06 4.04e-06 5.05e-07 5.05e-07 5.05e-07 5.05e-07 0 0 0 0 0 0 0 0 0 0 0 0 0 0 0 0 0 0 0 0 0 0 0 0 0 0 0 0 
3.03e-06 1.313e-05 1.6665e-05 1.515e-05 1.9695e-05 2.0705e-05 2.2725e-05 1.515e-05 1.2625e-05 1.7675e-05 9.09e-06 4.04e-06 4.545e-06 4.04e-06 2.525e-06 2.02e-06 5.05e-07 1.01e-06 1.515e-06 5.05e-07 0 0 0 5.05e-07 0 0 0 0 0 0 0 0 0 0 0 0 0 0 0 0 0 0 0 0 0 0 0 0 0 0 0 
1.01e-06 2.02e-06 4.04e-06 7.07e-06 6.565e-06 3.535e-06 5.555e-06 4.545e-06 2.02e-06 3.535e-06 4.04e-06 1.01e-06 2.02e-06 3.03e-06 1.515e-06 5.05e-07 5.05e-07 0 0 5.05e-07 0 0 0 0 0 0 0 0 0 0 0 0 0 0 0 0 0 0 0 0 0 0 0 0 0 0 0 0 0 0 0 
0 1.01e-06 1.01e-06 1.01e-06 0 5.05e-07 3.03e-06 1.515e-06 1.01e-06 2.525e-06 5.05e-07 5.05e-07 5.05e-07 0 0 0 0 0 0 0 0 0 0 0 0 0 0 0 0 0 0 0 0 0 0 0 0 0 0 0 0 0 0 0 0 0 0 0 0 0 0 
0 0 0 0 5.05e-07 0 0 1.01e-06 5.05e-07 0 0 0 0 0 0 0 0 0 0 0 0 0 0 0 0 0 0 0 0 0 0 0 0 0 0 0 0 0 0 0 0 0 0 0 0 0 0 0 0 0 0 
0 0 0 0 0 0 0 0 0 0 0 5.05e-07 0 0 0 0 0 0 0 0 0 0 0 0 0 0 0 0 0 0 0 0 0 0 0 0 0 0 0 0 0 0 0 0 0 0 0 0 0 0 0 
0 0 0 0 0 0 0 0 0 0 0 0 0 0 0 0 0 0 0 0 0 0 0 0 0 0 0 0 0 0 0 0 0 0 0 0 0 0 0 0 0 0 0 0 0 0 0 0 0 0 0 
0 0 0 0 0 0 0 0 0 0 0 0 0 0 0 0 0 0 0 0 0 0 0 0 0 0 0 0 0 0 0 0 0 0 0 0 0 0 0 0 0 0 0 0 0 0 0 0 0 0 0 
0 0 0 0 0 0 0 0 0 0 0 0 0 0 0 0 0 0 0 0 0 0 0 0 0 0 0 0 0 0 0 0 0 0 0 0 0 0 0 0 0 0 0 0 0 0 0 0 0 0 0 
0 0 0 0 0 0 0 0 0 0 0 0 0 0 0 0 0 0 0 0 0 0 0 0 0 0 0 0 0 0 0 0 0 0 0 0 0 0 0 0 0 0 0 0 0 0 0 0 0 0 0 
0 0 0 0 0 0 0 0 0 0 0 0 0 0 0 0 0 0 0 0 0 0 0 0 0 0 0 0 0 0 0 0 0 0 0 0 0 0 0 0 0 0 0 0 0 0 0 0 0 0 0 
0 0 0 0 0 0 0 0 0 0 0 0 0 0 0 0 0 0 0 0 0 0 0 0 0 0 0 0 0 0 0 0 0 0 0 0 0 0 0 0 0 0 0 0 0 0 0 0 0 0 0 
0 0 0 0 0 0 0 0 0 0 0 0 0 0 0 0 0 0 0 0 0 0 0 0 0 0 0 0 0 0 0 0 0 0 0 0 0 0 0 0 0 0 0 0 0 0 0 0 0 0 0 
0 0 0 0 0 0 0 0 0 0 0 0 0 0 0 0 0 0 0 0 0 0 0 0 0 0 0 0 0 0 0 0 0 0 0 0 0 0 0 0 0 0 0 0 0 0 0 0 0 0 0 
