Half rod, albedo problem, Anisotropic scattering, exponential random flight, mu_t: 1 g: 0.7
Analogmu_t c: 0.999 maxx: 10 dx: 0.19802 numsamples: 1000000 numCollisionOrders: 20 numMoments: 10
total albedo: 0.89067
per-collision order albedos: 
0 0.074872 0.063601 0.054591 0.046849 0.040856 0.036184 0.031594 0.027915 0.025004 0.022037 0.020035 0.018318 0.016607 0.015226 0.01386 0.01285 0.011837 0.010924 0.010267 
Collision density L:
0.88934 0.884816 0.883679 0.877271 0.875892 0.873276 0.870908 0.867055 0.863904 0.863474 0.859722 0.851804 0.850915 0.849435 0.844981 0.843007 0.842229 0.832932 0.83782 0.836028 0.834149 0.830861 0.826185 0.825029 0.817989 0.814651 0.812373 0.812232 0.80853 0.805697 0.803768 0.799632 0.794421 0.793335 0.791643 0.788659 0.787992 0.785942 0.778261 0.775599 0.775377 0.77264 0.771251 0.769433 0.765848 0.760141 0.76101 0.75748 0.756147 0.748259 218.85 
Collision density R:
0.998481 0.998668 0.987214 0.989906 0.986841 0.979942 0.979033 0.975281 0.967822 0.967519 0.96708 0.962974 0.958399 0.95194 0.951405 0.943502 0.943633 0.939426 0.934705 0.936184 0.93225 0.931887 0.926281 0.924877 0.920034 0.913944 0.912176 0.911666 0.907212 0.9014 0.903819 0.894734 0.892865 0.892083 0.890936 0.885886 0.883412 0.880331 0.871367 0.872014 0.873468 0.869085 0.865196 0.858424 0.85745 0.854935 0.85094 0.848602 0.846971 0.845118 245.663 
Density Moments:
109.183 6296.41 723467 1.23875e+08 2.80004e+10 7.79282e+12 2.5459e+15 9.42401e+17 3.84916e+20 1.70141e+23 
Per-collision Density Moments:
1 0.999618 1.99849 5.99197 23.9819 120.548 734.668 5307.49 44624.7 428078 
0.924122 1.77216 5.23788 20.7873 103.501 621.059 4377.65 35615 329712 3.42385e+06 
0.85955 2.37603 9.22286 45.3623 269.149 1867.86 14838.6 132782 1.32112e+06 1.44497e+07 
0.804099 2.85097 13.6031 79.5462 547.523 4325.71 38524 381306 4.14488e+06 4.89585e+07 
0.75643 3.22771 18.1689 122.78 960.056 8498.01 83849.4 911480 1.08129e+07 1.38856e+08 
0.714814 3.53076 22.7865 174.171 1521.53 14886.4 160844 1.89876e+06 2.42778e+07 3.33752e+08 
0.677919 3.77654 27.3563 232.598 2239.97 23960.9 280987 3.57707e+06 4.90511e+07 7.19949e+08 
0.645623 3.97925 31.8471 297.523 3129.09 36352.3 460823 6.31729e+06 9.29945e+07 1.46143e+09 
0.61708 4.14847 36.2195 367.663 4181.03 52269.3 709901 1.03867e+07 1.62654e+08 2.71185e+09 
0.591482 4.29013 40.4476 442.33 5400.27 72213.7 1.04552e+06 1.62606e+07 2.70138e+08 4.77357e+09 
0.568879 4.41005 44.5273 520.887 6786.46 96570.1 1.48334e+06 2.43999e+07 4.2734e+08 7.93348e+09 
0.54831 4.51201 48.4456 602.317 8324.81 125365 2.03263e+06 3.5202e+07 6.47485e+08 1.25937e+10 
0.529421 4.59994 52.2302 686.773 10029.3 159356 2.72181e+06 4.95757e+07 9.5741e+08 1.95162e+10 
0.512299 4.67789 55.8982 773.756 11888.3 198514 3.5583e+06 6.79095e+07 1.37185e+09 2.92004e+10 
0.496554 4.7449 59.4176 862.399 13888.7 242861 4.55235e+06 9.07061e+07 1.90954e+09 4.22752e+10 
0.482151 4.80406 62.8288 953.118 16041.7 292954 5.72889e+06 1.18923e+08 2.60397e+09 5.98468e+10 
0.468818 4.85657 66.1152 1045.02 18329 348691 7.09836e+06 1.53251e+08 3.48632e+09 8.3151e+10 
0.456485 4.90324 69.3005 1138.36 20757.3 410489 8.68291e+06 1.94671e+08 4.59576e+09 1.13663e+11 
0.445083 4.94613 72.4303 1233.73 23330.2 478301 1.04822e+07 2.43305e+08 5.94209e+09 1.51924e+11 
0 0 0 0 0 0 0 0 0 0 
Per-collision Densities L:
0 0 0 0 0 0 0 0 0 0 0 0 0 0 0 0 0 0 0 0 0 0 0 0 0 0 0 0 0 0 0 0 0 0 0 0 0 0 0 0 0 0 0 0 0 0 0 0 0 0 0 
0.0678013 0.0562671 0.0457631 0.0375518 0.0304818 0.0252349 0.0204626 0.0166246 0.0142511 0.0113171 0.0089082 0.00772145 0.00615595 0.0052318 0.00424705 0.0034845 0.0027977 0.00227755 0.00174225 0.00170185 0.0013231 0.0010403 0.00085345 0.0007474 0.0005555 0.00051005 0.0003939 0.0002828 0.00027775 0.00024745 0.00012625 0.00015655 0.0001111 7.575e-05 6.565e-05 7.575e-05 4.04e-05 7.07e-05 3.03e-05 3.535e-05 1.515e-05 3.03e-05 2.525e-05 1.515e-05 5.05e-06 5.05e-06 1.01e-05 5.05e-06 1.01e-05 0 1.01e-05 
0.063726 0.0615444 0.0583679 0.0535351 0.0495961 0.0442734 0.0397334 0.036254 0.0319413 0.0281588 0.0250884 0.0207909 0.0185588 0.0159227 0.0133926 0.0118271 0.0100697 0.0086759 0.007474 0.00642865 0.0054944 0.0049793 0.00395415 0.00332795 0.0029795 0.00249975 0.0020099 0.0017776 0.0015049 0.00121705 0.00097465 0.0010605 0.0007272 0.0005656 0.0004646 0.00041915 0.0003232 0.0003333 0.0002222 0.00026765 0.00021715 0.000202 0.0001414 0.000101 4.545e-05 4.545e-05 7.575e-05 5.555e-05 5.555e-05 2.02e-05 0.0002323 
0.0535553 0.0541916 0.0536664 0.0523332 0.0502677 0.0493082 0.0471418 0.0450713 0.0417029 0.0391375 0.0361934 0.032825 0.0291688 0.0271185 0.02474 0.021917 0.0198819 0.0182659 0.0161398 0.0142158 0.0127917 0.0115039 0.0098677 0.0090597 0.00732755 0.00653975 0.0058277 0.00491365 0.0044642 0.0035653 0.0032017 0.00302495 0.0024644 0.0020503 0.00199475 0.00136855 0.00130795 0.00114635 0.00103525 0.0008484 0.0007171 0.00059085 0.00058075 0.00051005 0.00030805 0.0003434 0.0002525 0.0002525 0.0002525 0.00018685 0.00083325 
0.0467327 0.0464499 0.0468792 0.0473993 0.0476922 0.0464752 0.0448844 0.0439653 0.0429705 0.0413949 0.040097 0.0372438 0.0354308 0.0339259 0.0320928 0.0302192 0.0279972 0.0254773 0.023735 0.0217958 0.0203263 0.0180336 0.0164378 0.0148824 0.0129886 0.0117615 0.0111757 0.00958995 0.00844865 0.00785275 0.00672155 0.00578225 0.005555 0.00453995 0.0043531 0.003737 0.00324715 0.00270175 0.00246945 0.00232805 0.00190385 0.00185335 0.0014241 0.0012019 0.0011615 0.00102515 0.000707 0.0006969 0.0005858 0.00057065 0.0032825 
0.0410616 0.0410262 0.0416524 0.0412484 0.0411474 0.0409555 0.0408343 0.0408192 0.0400465 0.0398294 0.0391325 0.0377791 0.0372236 0.0350319 0.0338653 0.0329109 0.0316736 0.0293153 0.0284315 0.02676 0.0254621 0.0236896 0.0218211 0.0204626 0.0186598 0.0171145 0.016261 0.0141754 0.0132765 0.0127513 0.0112918 0.0099586 0.00927685 0.0086153 0.00770125 0.0070397 0.0061812 0.00553985 0.0046662 0.0044844 0.00400465 0.0034946 0.0031714 0.002929 0.00248965 0.00197455 0.0018988 0.0016665 0.0014342 0.0011716 0.00924655 
0.0358752 0.035956 0.0364459 0.0361732 0.0359762 0.0363651 0.0352541 0.0364913 0.0363297 0.0358904 0.0358601 0.0351783 0.0348349 0.0340118 0.0335371 0.0334512 0.0314413 0.0304061 0.030194 0.0287396 0.0271135 0.0263408 0.0247854 0.0239067 0.0227806 0.0214878 0.0199374 0.0186749 0.0179528 0.0166953 0.0148874 0.014337 0.0128119 0.0119584 0.0111353 0.00990305 0.0093526 0.0084638 0.00809515 0.00712555 0.00693365 0.0057469 0.00547925 0.004848 0.0043228 0.0039289 0.0032219 0.00326735 0.00287345 0.00245935 0.0203515 
0.0307596 0.0314666 0.0323049 0.0319867 0.031411 0.0320019 0.0327897 0.0325574 0.0321382 0.0325271 0.0324816 0.0327139 0.0320776 0.0312797 0.0307141 0.030699 0.0299566 0.0289062 0.029588 0.0288153 0.0277902 0.0273054 0.0264519 0.0259368 0.0244774 0.0235482 0.0227402 0.0218261 0.020195 0.0192607 0.0183568 0.0167408 0.0165135 0.0152106 0.014034 0.0136552 0.0127109 0.0115595 0.0108424 0.00983235 0.00889305 0.0086355 0.00814565 0.00734775 0.0065549 0.00615595 0.0057974 0.00505505 0.0046359 0.0043127 0.037466 
0.028179 0.0276286 0.0285123 0.0282851 0.0287143 0.0290325 0.0284366 0.0291638 0.0298657 0.0291587 0.0283709 0.0283305 0.028684 0.0290072 0.0288103 0.0273761 0.0288103 0.0276942 0.0275579 0.027467 0.0271539 0.0260075 0.0253308 0.0250733 0.0249672 0.02373 0.0228462 0.0225584 0.0215181 0.0210535 0.019998 0.0186648 0.0178619 0.0172054 0.0168317 0.0159227 0.0151601 0.014135 0.0134886 0.0125695 0.0121453 0.0112413 0.0102616 0.0097364 0.00900415 0.0084739 0.00795375 0.00723665 0.0069993 0.00629735 0.0614888 
0.0249975 0.0248561 0.0251187 0.025649 0.0254116 0.0262348 0.0259419 0.0259267 0.0264115 0.026053 0.0255934 0.0265883 0.0260176 0.0261237 0.0262853 0.0262499 0.0255783 0.0251339 0.025553 0.0253258 0.0249521 0.0245784 0.0244572 0.0240128 0.0235431 0.0229321 0.0222604 0.0221392 0.0217504 0.0207 0.0207505 0.0197708 0.0191193 0.0186749 0.0181043 0.0173165 0.0170842 0.016155 0.014948 0.0146299 0.0140087 0.0129482 0.0124786 0.0118776 0.0113878 0.0105192 0.00964045 0.0094132 0.00854965 0.00793355 0.093122 
0.0227503 0.022624 0.0233058 0.0228866 0.0232502 0.0233108 0.0230533 0.0236643 0.023634 0.0235684 0.0239926 0.0231745 0.0239623 0.023735 0.0233815 0.0240077 0.0237047 0.0234876 0.0237047 0.0235078 0.0232906 0.0227604 0.0226846 0.0226089 0.0226442 0.0215029 0.0216696 0.0215231 0.0210686 0.0208818 0.0205384 0.0198516 0.019387 0.0185992 0.0187709 0.0180386 0.0177659 0.017367 0.0160691 0.0151753 0.0149783 0.0141501 0.0136047 0.0135492 0.0131401 0.0115039 0.0117009 0.0108373 0.00994345 0.0096354 0.128916 
0.0204879 0.0203919 0.0208515 0.0207555 0.0211646 0.0210636 0.0210585 0.021311 0.0217352 0.0215585 0.0213767 0.0218716 0.0219574 0.0215837 0.021508 0.021311 0.0216292 0.0218968 0.02171 0.0215736 0.0214423 0.0210282 0.0213514 0.0215433 0.0205333 0.0212201 0.0203919 0.020397 0.0205182 0.0196395 0.0197657 0.0196344 0.0189173 0.0184881 0.0179326 0.0178316 0.0178467 0.0165135 0.01666 0.0162307 0.0152207 0.0149632 0.0147157 0.0142309 0.0131906 0.0134229 0.0125543 0.0117716 0.0116756 0.0113777 0.167443 
0.0183921 0.0188264 0.0188365 0.0185032 0.0186396 0.0189123 0.0197354 0.0203111 0.0196142 0.019291 0.0198617 0.0194173 0.0195738 0.0201293 0.0200637 0.0200637 0.0204828 0.0196041 0.0200031 0.0198667 0.0194072 0.0197304 0.0198213 0.0200485 0.0196748 0.0192607 0.0186598 0.0195637 0.0188264 0.0189224 0.0181851 0.0190032 0.0178114 0.0180336 0.0184325 0.017468 0.0165893 0.0170842 0.0160843 0.0159681 0.0152864 0.0154682 0.0149935 0.0144632 0.0137663 0.0136502 0.0127664 0.0130391 0.0127715 0.0121402 0.203429 
0.0164024 0.0171195 0.0170387 0.0171751 0.0175942 0.0178568 0.017372 0.0179326 0.0182709 0.0178164 0.0178669 0.0180942 0.0182457 0.0182608 0.0180639 0.0189022 0.018382 0.0184022 0.0187709 0.0177205 0.0186295 0.0188163 0.0190688 0.0183265 0.0181346 0.0179578 0.0179023 0.0181851 0.0173872 0.017675 0.0180689 0.0172761 0.0174781 0.0169933 0.0166448 0.016559 0.0166145 0.0162206 0.0158065 0.0152712 0.0156045 0.0151652 0.0143572 0.0144834 0.0138673 0.0134936 0.0137613 0.0135795 0.0125038 0.0127765 0.240087 
0.0152965 0.0154884 0.0154581 0.0159277 0.0158217 0.0161398 0.0168367 0.0163772 0.0161196 0.0169377 0.0168973 0.0168973 0.016761 0.0168721 0.0164933 0.0169226 0.0167812 0.0168317 0.0173518 0.0174023 0.0175791 0.0173215 0.0172306 0.0166347 0.0169731 0.0169933 0.0173013 0.016968 0.0173468 0.0168771 0.0169529 0.0164984 0.0163418 0.0159227 0.0157712 0.0163115 0.0160186 0.0154177 0.0156853 0.0149076 0.0150591 0.0149581 0.0146501 0.014039 0.0135037 0.0136552 0.0133219 0.0128826 0.0128826 0.0122311 0.273665 
0.014039 0.0146349 0.0145592 0.0145188 0.0148016 0.0145844 0.0148218 0.0148016 0.0150642 0.0156197 0.0154581 0.015857 0.0157459 0.0154227 0.0162661 0.0160287 0.0153116 0.016059 0.0160691 0.0156651 0.0157106 0.016458 0.0169276 0.0160792 0.0156298 0.0162711 0.0155288 0.0162661 0.0160136 0.0160136 0.0160338 0.0153874 0.0154884 0.0153066 0.0153722 0.0150945 0.0150591 0.0144228 0.0149783 0.0146602 0.0142208 0.0145996 0.0140845 0.0137764 0.0131502 0.01313 0.0130997 0.013024 0.0130038 0.0121352 0.302172 
0.01313 0.0130997 0.0127412 0.0135239 0.0136047 0.013837 0.0133573 0.0140087 0.0138976 0.0145642 0.0141198 0.0145036 0.0144935 0.0140592 0.0147713 0.014842 0.0144986 0.0151096 0.0154732 0.0150642 0.0150238 0.0151349 0.0154177 0.0156298 0.014842 0.0147006 0.0153722 0.015453 0.0146349 0.0148218 0.0144531 0.0147713 0.0145743 0.0146753 0.0150389 0.0147258 0.0142461 0.014034 0.0137764 0.0138623 0.0137764 0.0140037 0.0134936 0.0131654 0.0131048 0.0128422 0.0131654 0.0124836 0.0123927 0.0124382 0.328907 
0.0118978 0.0124735 0.0120847 0.012519 0.0122614 0.0124129 0.0130997 0.0127058 0.0130492 0.013529 0.0131654 0.0133219 0.0136906 0.0135239 0.0141249 0.0139784 0.0134936 0.014342 0.0144026 0.0141956 0.014236 0.0144683 0.0145945 0.0145036 0.013832 0.0143673 0.0141653 0.0141047 0.0139532 0.0136653 0.0137916 0.0139077 0.0136148 0.0138875 0.0140441 0.0140643 0.013832 0.0139027 0.0136047 0.0133169 0.0127058 0.0133977 0.012827 0.0129381 0.0125594 0.0126654 0.0125089 0.0121958 0.0125745 0.0121554 0.350404 
0.0109333 0.0112868 0.0113827 0.011615 0.011615 0.0118423 0.0122816 0.0122968 0.0121806 0.0121655 0.0125947 0.0125139 0.0130947 0.0128573 0.0129533 0.0135845 0.0137966 0.0131351 0.0133219 0.013332 0.0134684 0.0133876 0.0133724 0.01313 0.0132108 0.0134179 0.0132007 0.0135391 0.0133876 0.0136199 0.0133522 0.0133876 0.0133623 0.0136502 0.0128725 0.0128068 0.013125 0.0128068 0.0128775 0.0124988 0.0128624 0.0124584 0.0124584 0.0125745 0.0120291 0.0122816 0.0122564 0.0119483 0.0117463 0.0121099 0.367079 
0 0 0 0 0 0 0 0 0 0 0 0 0 0 0 0 0 0 0 0 0 0 0 0 0 0 0 0 0 0 0 0 0 0 0 0 0 0 0 0 0 0 0 0 0 0 0 0 0 0 0 
Per-collision Densities L:
0.90796 0.746001 0.607889 0.501728 0.410994 0.337295 0.275584 0.226841 0.187092 0.150889 0.125533 0.102874 0.08383 0.069988 0.0568479 0.046662 0.0381023 0.031007 0.0254924 0.0210434 0.0173771 0.0146905 0.0113777 0.0093728 0.00800425 0.00632765 0.00523685 0.004343 0.00349965 0.0029492 0.00237855 0.00198465 0.00158065 0.0014544 0.00100495 0.00080295 0.00073225 0.00058075 0.0004747 0.0003535 0.000303 0.00036865 0.0001818 0.00012625 0.00017675 0.000101 0.0001212 7.575e-05 6.06e-05 6.06e-05 0.00024745 
0.073018 0.187224 0.254005 0.295077 0.31008 0.310752 0.30249 0.284714 0.265049 0.244041 0.22116 0.198546 0.176992 0.155717 0.138022 0.120478 0.105979 0.0924605 0.0791487 0.0686043 0.0602566 0.0515807 0.0447683 0.0374357 0.0324362 0.0276286 0.0229725 0.019892 0.0170337 0.013938 0.0123321 0.0104838 0.0084941 0.0075447 0.0064034 0.0053732 0.0043531 0.003737 0.0028684 0.002828 0.0023129 0.00200485 0.0013736 0.00123725 0.0011514 0.0009292 0.0007575 0.0006868 0.0005353 0.0004747 0.0022624 
0.0050601 0.0268155 0.0569287 0.0897284 0.122089 0.146425 0.16869 0.184103 0.191092 0.19946 0.197713 0.195213 0.189375 0.17878 0.16964 0.159232 0.147793 0.136895 0.125472 0.114443 0.102661 0.093122 0.0839613 0.0752652 0.0670893 0.0595951 0.0530301 0.046859 0.0407687 0.0357086 0.0316585 0.0277397 0.0238057 0.0204071 0.0183416 0.015958 0.0137865 0.0121453 0.0103525 0.008888 0.00754975 0.00678215 0.0055853 0.0048985 0.0040905 0.0036259 0.0027876 0.00274215 0.0022624 0.00188365 0.0107767 
0.00102515 0.0048884 0.0124028 0.0225634 0.0366479 0.05151 0.0675286 0.0834361 0.0963187 0.112085 0.121892 0.131659 0.13683 0.14093 0.142991 0.141774 0.14088 0.137693 0.133229 0.127967 0.121008 0.114635 0.108373 0.100561 0.0926574 0.0865873 0.078174 0.0715737 0.0661399 0.061201 0.0547976 0.0486416 0.0437633 0.0403091 0.0352995 0.0313656 0.0282396 0.0255833 0.0221089 0.019084 0.0177255 0.0154379 0.0135896 0.01262 0.0109535 0.00918595 0.0079689 0.00700435 0.00595395 0.0057873 0.0341481 
0.0007272 0.00266135 0.00445915 0.0083527 0.0125695 0.0181346 0.0253409 0.0336886 0.0425816 0.0516767 0.0623675 0.0702859 0.0805627 0.0862793 0.0942633 0.0985306 0.10355 0.10753 0.108833 0.108686 0.110302 0.107636 0.104813 0.103076 0.100182 0.0939704 0.0911273 0.0867742 0.0811283 0.0758106 0.0714929 0.0660894 0.0619989 0.0573579 0.0532169 0.0482679 0.0452278 0.0402334 0.0358702 0.0335169 0.0306788 0.0275983 0.0246996 0.0215938 0.0203313 0.0180033 0.0161247 0.01414 0.0126957 0.0110797 0.0836533 
0.0007171 0.00210585 0.0034542 0.00524695 0.0070094 0.00929705 0.0118372 0.0157813 0.0202606 0.0246693 0.030199 0.0356076 0.0420665 0.0484396 0.053934 0.0597314 0.0654834 0.0700536 0.0744067 0.0782902 0.0808657 0.0844108 0.0874155 0.0862389 0.0880468 0.0865318 0.0851683 0.0847643 0.0807697 0.0790174 0.0767045 0.0730028 0.0707404 0.0664934 0.0633674 0.0594941 0.0556712 0.0527119 0.0490103 0.045243 0.0423695 0.0390567 0.0365317 0.0338098 0.0297849 0.0276185 0.0255631 0.0233916 0.0213716 0.0195385 0.163862 
0.00064135 0.0017675 0.00287345 0.0041612 0.00556005 0.0068175 0.0084133 0.0100041 0.0119837 0.0142562 0.0173821 0.0197556 0.0236795 0.0272852 0.0312848 0.0346935 0.0383649 0.0430614 0.046662 0.0515706 0.0548329 0.0602768 0.0623726 0.0636957 0.0667004 0.0678165 0.0700587 0.0710131 0.070695 0.0708162 0.0706142 0.0691143 0.0687911 0.0658722 0.0647865 0.062822 0.0594739 0.0576357 0.0547572 0.0526463 0.0507323 0.0473034 0.044738 0.0426624 0.0399102 0.0366226 0.03484 0.0316837 0.029391 0.0273155 0.273695 
0.0005656 0.00171195 0.0026563 0.00358045 0.0046359 0.00575195 0.00702455 0.0082012 0.0091001 0.0103424 0.0120089 0.013731 0.0150389 0.0176649 0.0200334 0.022114 0.0246895 0.0270276 0.0296334 0.0332189 0.0355773 0.0391931 0.0419352 0.0455409 0.0478437 0.0494496 0.0518635 0.0529695 0.0552874 0.0567216 0.0576205 0.0579286 0.0579841 0.0583427 0.0591052 0.057969 0.057666 0.0556056 0.0543027 0.0540855 0.0520302 0.0498233 0.0484851 0.0464954 0.0443289 0.0424503 0.0405162 0.0380164 0.0357793 0.0342441 0.403344 
0.0004242 0.00146955 0.0024442 0.00324715 0.0039996 0.00513585 0.00597415 0.0071609 0.0076861 0.0091304 0.00954955 0.0104737 0.0122311 0.0125493 0.0142057 0.0159025 0.0174276 0.0192708 0.0207202 0.0231543 0.0243814 0.0260176 0.028583 0.0314312 0.0335775 0.0353349 0.0375922 0.0389153 0.0410111 0.0426422 0.0444905 0.0458894 0.0471317 0.048278 0.0482124 0.0489648 0.0497021 0.0498031 0.0494446 0.0483891 0.0481518 0.0479245 0.0466519 0.0459449 0.0447784 0.0425362 0.0425362 0.0407636 0.039082 0.0380063 0.535931 
0.0004343 0.00115645 0.00202505 0.002727 0.0037875 0.0044743 0.0051712 0.0061812 0.0069892 0.0078881 0.00865065 0.0092516 0.0100445 0.0110696 0.0116605 0.0127361 0.0136047 0.0146905 0.0157207 0.0173569 0.0189527 0.0200334 0.0209272 0.0223463 0.0237098 0.0249824 0.0275528 0.029896 0.0309767 0.0311131 0.0336381 0.034744 0.0371882 0.036658 0.0391678 0.0397233 0.0399051 0.041506 0.0413242 0.0416928 0.0420867 0.0419857 0.0420514 0.0424604 0.0410464 0.040703 0.0398041 0.0399203 0.038986 0.0374054 0.654071 
0.00036865 0.00109585 0.00185335 0.0027371 0.00323705 0.0040602 0.0049692 0.00559035 0.0061509 0.0067367 0.00746895 0.00847895 0.0089587 0.00905465 0.0103424 0.0105444 0.0116403 0.0128321 0.0135088 0.014039 0.0150036 0.0161752 0.0169983 0.0185487 0.01868 0.0197455 0.0206242 0.0222503 0.0233007 0.0246541 0.0254571 0.0270781 0.0276185 0.0293355 0.0295425 0.0309161 0.0320322 0.0333603 0.0337795 0.0345067 0.0356429 0.0356126 0.0361075 0.0354409 0.035855 0.0360924 0.0361934 0.0364812 0.0358601 0.0352945 0.748122 
0.0003232 0.0009696 0.00178265 0.00214625 0.00309565 0.00360065 0.00449955 0.00503485 0.00564085 0.0062317 0.00700435 0.00744875 0.00788305 0.00893345 0.008686 0.0097869 0.0104283 0.0112969 0.0119332 0.0122412 0.0131401 0.0134381 0.0138623 0.0146046 0.0160489 0.0169882 0.0167963 0.0183416 0.0192052 0.0199374 0.0209575 0.0218059 0.0222503 0.0221796 0.0243309 0.0243158 0.0254571 0.0263762 0.0268408 0.0279265 0.0289163 0.0295526 0.0301738 0.0303859 0.0313858 0.0303657 0.0312494 0.0312393 0.0320322 0.0315777 0.81307 
0.0003232 0.0008383 0.0013938 0.0018988 0.0026563 0.0033431 0.0039895 0.00453995 0.005252 0.00569135 0.0063327 0.006969 0.0069286 0.00814565 0.0084638 0.00878195 0.00961015 0.0093021 0.0102667 0.0108171 0.0119029 0.0127462 0.0123978 0.0130391 0.0139481 0.0142158 0.0146551 0.0151147 0.0163216 0.0169327 0.0175993 0.0184578 0.0191547 0.0188466 0.0199374 0.020094 0.021609 0.022316 0.0220837 0.0226947 0.0236542 0.0235532 0.0250531 0.0254571 0.0255429 0.0267953 0.0259924 0.0269317 0.0276791 0.0272852 0.855546 
0.00031815 0.00078275 0.00124735 0.00196445 0.00237855 0.00280275 0.0036158 0.0039693 0.00453995 0.00505 0.0058176 0.00622665 0.0065751 0.0073528 0.00772145 0.0080295 0.00863045 0.00886275 0.009393 0.00982225 0.0104283 0.0109939 0.0114433 0.0118776 0.0122564 0.0127563 0.0133522 0.0135643 0.013433 0.0144885 0.0152106 0.0154177 0.0162913 0.0168923 0.0172862 0.0182608 0.0178417 0.0185739 0.0193213 0.0192809 0.0202354 0.020599 0.0209424 0.0216746 0.0223008 0.0218665 0.0228563 0.0226897 0.0242653 0.0234926 0.876135 
0.0002121 0.000808 0.0013029 0.0016968 0.0021917 0.0026866 0.0032017 0.00363095 0.0042622 0.0042117 0.00481265 0.00565095 0.0057368 0.00664075 0.00711545 0.0073124 0.007979 0.00808505 0.00888295 0.008989 0.0095445 0.0101758 0.0103879 0.0111151 0.0106555 0.0113524 0.0116857 0.012928 0.012322 0.0134381 0.0133522 0.0137108 0.0140138 0.0146198 0.0150591 0.0154985 0.015852 0.016155 0.016761 0.0176498 0.0173619 0.0181144 0.0179477 0.0181245 0.0185992 0.0192658 0.0194779 0.0203717 0.0200536 0.0208515 0.88423 
0.00024745 0.00070195 0.0010403 0.0015756 0.0020503 0.00239875 0.0031209 0.0032219 0.00368145 0.0041208 0.0045753 0.00500455 0.00551965 0.0060802 0.0063731 0.0067165 0.00699425 0.00741845 0.00808505 0.00806485 0.00885265 0.00933745 0.00973135 0.00970105 0.0103778 0.0107212 0.0110797 0.0110848 0.0117867 0.0119584 0.0122665 0.0126755 0.0128321 0.0133472 0.0139885 0.0138067 0.0141148 0.0146703 0.0143976 0.0149379 0.0153167 0.0162762 0.0160439 0.0157358 0.0168721 0.0169074 0.0171195 0.0173922 0.0178215 0.0181901 0.884104 
0.000202 0.0006262 0.00108575 0.00149985 0.00189375 0.00221695 0.0026866 0.00308555 0.0034946 0.00382285 0.00426725 0.00483285 0.0051409 0.00549945 0.0061206 0.006363 0.0064842 0.0069993 0.00721645 0.0076356 0.0079386 0.00853955 0.0091001 0.0091102 0.0094031 0.00951925 0.0104788 0.0104788 0.0106858 0.0105394 0.0115948 0.0115645 0.0122564 0.0120493 0.0124988 0.0125897 0.013226 0.0131351 0.0133017 0.0137966 0.0141501 0.0141501 0.0147208 0.0143622 0.0153369 0.0153975 0.0153066 0.0154783 0.015756 0.0159126 0.876321 
0.0001515 0.00065145 0.00089385 0.0013736 0.00164125 0.00216645 0.00256035 0.00268155 0.00317645 0.0034845 0.0041915 0.00446925 0.0046864 0.0047571 0.0052318 0.0058883 0.0059287 0.00629735 0.00671145 0.0073427 0.00730735 0.0076861 0.00826685 0.00871125 0.0088981 0.0089284 0.0091506 0.0096051 0.0102616 0.00995355 0.010297 0.0106555 0.0109636 0.0113221 0.0115948 0.0120342 0.0121655 0.0121857 0.0122715 0.0125341 0.0127462 0.0133775 0.0136855 0.0135239 0.0138421 0.0137512 0.0141653 0.0146147 0.0143925 0.0144683 0.866545 
0.0002222 0.0005959 0.0008383 0.0012524 0.00161095 0.0019998 0.0022018 0.00282295 0.00289365 0.00315625 0.00376225 0.00414605 0.00434805 0.00483285 0.0049894 0.00503485 0.0055651 0.00562065 0.0062418 0.0064539 0.0069286 0.00706495 0.0075346 0.00768105 0.00781235 0.0084234 0.0087466 0.00901425 0.0091708 0.00925665 0.0095243 0.00982225 0.00974145 0.0107262 0.0108878 0.0110747 0.0113575 0.0114787 0.0114938 0.0120998 0.0120796 0.0125543 0.0125947 0.0124079 0.0125139 0.012625 0.0128573 0.0136704 0.0129129 0.0134835 0.85848 
0 0 0 0 0 0 0 0 0 0 0 0 0 0 0 0 0 0 0 0 0 0 0 0 0 0 0 0 0 0 0 0 0 0 0 0 0 0 0 0 0 0 0 0 0 0 0 0 0 0 0 
