Half rod, albedo problem, Anisotropic scattering, exponential random flight, mu_t: 3 g: -0.3
Analogmu_t c: 0.99 maxx: 10 dx: 0.19802 numsamples: 1000000 numCollisionOrders: 20 numMoments: 10
total albedo: 0.838639
per-collision order albedos: 
0 0.322024 0.111234 0.072149 0.047906 0.035649 0.027438 0.021902 0.018482 0.014908 0.012914 0.011234 0.009874 0.008519 0.007611 0.006989 0.006119 0.005559 0.005117 0.004534 
Collision density L:
2.429 2.27925 2.12766 1.98576 1.85271 1.73875 1.61948 1.51325 1.41641 1.3188 1.23757 1.1549 1.082 1.01216 0.940224 0.88271 0.825604 0.772231 0.719438 0.67064 0.629977 0.587063 0.552586 0.512918 0.48332 0.450192 0.41765 0.394243 0.367569 0.342395 0.320215 0.29749 0.278472 0.261979 0.241966 0.227457 0.214378 0.201051 0.186481 0.174432 0.163438 0.152268 0.143516 0.132492 0.12773 0.116766 0.109504 0.102985 0.0961621 0.0891729 1.292 
Collision density R:
2.89973 2.71019 2.53323 2.37085 2.21126 2.06575 1.93413 1.80643 1.68716 1.57722 1.47008 1.37531 1.28342 1.20167 1.12451 1.04935 0.986518 0.916908 0.861424 0.800546 0.747733 0.699531 0.655647 0.614757 0.574367 0.536366 0.498829 0.467186 0.436391 0.410833 0.381578 0.359525 0.332947 0.312045 0.290128 0.270569 0.253788 0.238491 0.224265 0.206853 0.193501 0.180149 0.171776 0.158924 0.148818 0.140127 0.131053 0.121382 0.113918 0.106999 1.53706 
Density Moments:
16.1639 47.4851 279.447 2466.59 29012.5 427102 7.57568e+06 1.5748e+08 3.74159e+09 9.91049e+10 
Per-collision Density Moments:
1 0.333213 0.222135 0.22231 0.297253 0.498387 1.00658 2.38087 6.45285 19.6651 
0.667974 0.338228 0.302247 0.378651 0.605583 1.17185 2.64505 6.77272 19.2339 59.4575 
0.550134 0.36913 0.396287 0.572854 1.03415 2.22999 5.57044 15.7505 49.4919 170.247 
0.472539 0.379146 0.468295 0.760783 1.51968 3.59022 9.78081 30.2026 104.468 401.275 
0.41983 0.387201 0.533979 0.952675 2.06578 5.25216 15.296 50.2225 183.865 744.531 
0.379927 0.391622 0.592363 1.14562 2.66746 7.21699 22.1552 75.873 286.277 1178.92 
0.348591 0.39394 0.644236 1.33463 3.30491 9.45126 30.4881 109.021 426.326 1803.33 
0.323239 0.395898 0.693345 1.52819 4.01068 12.13 41.3354 156.028 643.494 2866.47 
0.301488 0.39592 0.737374 1.72003 4.76049 15.1393 54.114 213.798 921.204 4280.63 
0.283549 0.39573 0.778097 1.90949 5.54729 18.4981 69.365 288.193 1311.41 6472.38 
0.26778 0.395072 0.816229 2.09625 6.35541 22.0802 86.2141 373.153 1771.42 9140.12 
0.253828 0.393489 0.849317 2.27006 7.13993 25.6614 103.391 460.757 2248.37 11914.3 
0.241472 0.391796 0.88129 2.44825 7.98444 29.6884 123.484 566.855 2842.57 15438.7 
0.23058 0.390045 0.911107 2.62022 8.81951 33.7482 144.069 677.203 3471.59 19263.8 
0.220673 0.388174 0.939449 2.7919 9.69551 38.2481 168.319 816.083 4320.5 24810.2 
0.21148 0.385715 0.964197 2.95458 10.5679 42.8988 194.074 966.192 5244.38 30810.1 
0.203205 0.383365 0.98832 3.11685 11.4584 47.7886 222.293 1140.33 6400.39 39062 
0.195574 0.381164 1.01264 3.28686 12.4237 53.2246 254.039 1334.79 7649.59 47437.3 
0.188525 0.378812 1.03447 3.44528 13.3434 58.4898 285.106 1525.89 8877.06 55655.3 
0 0 0 0 0 0 0 0 0 0 
Per-collision Densities L:
0 0 0 0 0 0 0 0 0 0 0 0 0 0 0 0 0 0 0 0 0 0 0 0 0 0 0 0 0 0 0 0 0 0 0 0 0 0 0 0 0 0 0 0 0 0 0 0 0 0 0 
0.7267 0.401773 0.221119 0.12317 0.0680589 0.037673 0.0204677 0.0111454 0.00602465 0.00346935 0.00185335 0.00102515 0.00059085 0.00041915 0.00016665 0.0001111 7.575e-05 2.525e-05 2.02e-05 1.01e-05 0 0 5.05e-06 5.05e-06 0 0 0 0 0 0 0 0 0 0 0 0 0 0 0 0 0 0 0 0 0 0 0 0 0 0 0 
0.318988 0.260469 0.189501 0.130861 0.0853905 0.0549087 0.0344562 0.0216746 0.0134229 0.0078982 0.0050601 0.00292395 0.00167155 0.00105545 0.0004949 0.00031815 0.0002323 0.0001111 5.555e-05 5.555e-05 3.03e-05 1.515e-05 0 5.05e-06 0 0 0 0 0 0 0 0 0 0 0 0 0 0 0 0 0 0 0 0 0 0 0 0 0 0 0 
0.229841 0.223018 0.184487 0.139895 0.101364 0.0720837 0.0492476 0.0318655 0.0211747 0.0134633 0.00884255 0.0054641 0.00351985 0.0020907 0.0013837 0.000808 0.0005454 0.0003535 0.0001919 0.00011615 8.08e-05 2.525e-05 3.535e-05 2.02e-05 0 5.05e-06 5.05e-06 0 5.05e-06 0 0 0 0 0 0 0 0 0 0 0 0 0 0 0 0 0 0 0 0 0 0 
0.159146 0.16812 0.154611 0.128906 0.102631 0.0775933 0.0561661 0.0405162 0.0285174 0.0186396 0.0128674 0.00895365 0.005555 0.0036057 0.0023533 0.0015251 0.00095445 0.0006161 0.0003434 0.0002222 0.00014645 0.0001313 3.03e-05 2.525e-05 2.525e-05 2.02e-05 5.05e-06 0 0 0 0 0 5.05e-06 0 0 0 0 0 0 0 0 0 0 0 0 0 0 0 0 0 0 
0.119347 0.134052 0.130381 0.116918 0.0973741 0.0803152 0.0612919 0.0449551 0.0338906 0.0237855 0.0170286 0.0112767 0.008181 0.00522675 0.00366125 0.00246945 0.0014746 0.00101505 0.0006363 0.00051005 0.0002727 0.0001818 8.08e-05 9.595e-05 4.545e-05 3.535e-05 1.01e-05 0 5.05e-06 0 5.05e-06 0 0 0 0 5.05e-06 0 0 0 0 0 0 0 0 0 0 0 0 0 0 0 
0.0943441 0.108994 0.110661 0.103116 0.0932836 0.0773357 0.0621453 0.0487022 0.037163 0.0282901 0.0200132 0.0146501 0.0106404 0.00740835 0.0050601 0.00346935 0.00241895 0.00174225 0.000909 0.000707 0.00044945 0.00026765 0.0001919 0.00015655 0.00010605 3.535e-05 2.02e-05 1.01e-05 1.01e-05 1.01e-05 0 0 5.05e-06 0 5.05e-06 0 0 0 0 0 0 0 0 0 0 0 0 0 0 0 0 
0.0756844 0.0889911 0.0931422 0.0915464 0.0828251 0.0733008 0.0625847 0.0508687 0.0401172 0.0303455 0.0238613 0.0177255 0.012721 0.0091405 0.0067468 0.00451975 0.00333805 0.0021513 0.0015251 0.00097465 0.0006767 0.0004545 0.00038885 0.00020705 0.00010605 0.000101 5.555e-05 3.535e-05 3.03e-05 1.515e-05 5.05e-06 5.05e-06 0 0 0 5.05e-06 0 0 0 0 0 0 0 0 0 0 0 0 0 0 0 
0.0633977 0.074432 0.0807293 0.0808051 0.0767752 0.0697102 0.0604839 0.0501667 0.0414454 0.0330321 0.0254773 0.0195789 0.0150844 0.0110494 0.0077568 0.0056257 0.00418645 0.0028684 0.00203515 0.00136855 0.0011615 0.00067165 0.00046965 0.0003535 0.00018685 0.0001414 8.08e-05 6.565e-05 2.525e-05 2.02e-05 2.02e-05 5.05e-06 1.515e-05 0 0 1.01e-05 0 0 0 0 0 0 0 0 0 0 0 0 0 0 0 
0.0519191 0.0637714 0.0706849 0.0716747 0.0690588 0.0642966 0.0573832 0.0499597 0.0414201 0.0348551 0.0273256 0.0222099 0.0166802 0.0127412 0.0094536 0.00729725 0.00523685 0.0038077 0.002525 0.0019291 0.0013736 0.00104535 0.00066155 0.0004545 0.00031815 0.00025755 0.0001212 9.595e-05 6.06e-05 6.565e-05 2.02e-05 3.535e-05 1.515e-05 5.05e-06 0 0 0 0 5.05e-06 0 0 0 0 0 0 0 0 0 0 0 0 
0.0447582 0.0564439 0.0616656 0.0629634 0.0629937 0.0601809 0.0541562 0.0483033 0.0416373 0.0349511 0.0277296 0.0221645 0.0180386 0.0135946 0.0106101 0.00830725 0.0058681 0.00463085 0.0032017 0.00258055 0.0019392 0.00122715 0.0008484 0.00061105 0.00040905 0.00033835 0.0001919 0.0001313 0.000101 8.08e-05 3.535e-05 2.02e-05 1.01e-05 1.515e-05 5.05e-06 1.01e-05 1.01e-05 0 0 0 0 0 0 0 0 0 0 0 0 0 0 
0.0393799 0.0487174 0.0535856 0.0572014 0.0573781 0.0557318 0.0510959 0.0463792 0.0409454 0.0341936 0.0290325 0.0241138 0.0192658 0.0149884 0.0121402 0.0095041 0.00716595 0.00567115 0.0039087 0.0028886 0.0021311 0.00169175 0.0011413 0.0007373 0.00057065 0.00036865 0.00030805 0.00015655 0.00015655 9.09e-05 5.555e-05 4.545e-05 2.02e-05 5.05e-05 5.05e-06 5.05e-06 1.01e-05 5.05e-06 0 5.05e-06 0 5.05e-06 0 0 0 0 0 0 0 0 0 
0.0342239 0.0429907 0.0478235 0.0520302 0.0524847 0.0512525 0.0484295 0.0448693 0.039794 0.0336229 0.029285 0.0239168 0.0195233 0.0163115 0.0132108 0.0099384 0.0081204 0.0059792 0.0046359 0.00334815 0.00255025 0.00193415 0.00135845 0.0009494 0.000808 0.0005959 0.0003333 0.00028785 0.0001818 0.0001414 0.00011615 6.06e-05 5.555e-05 2.02e-05 1.01e-05 5.05e-06 2.02e-05 0 1.515e-05 0 0 0 0 5.05e-06 0 0 0 0 0 0 0 
0.0298859 0.0377336 0.0436825 0.0472377 0.047672 0.047874 0.0457985 0.0420817 0.0383699 0.0325422 0.0289012 0.024336 0.0214878 0.0170286 0.013736 0.0111302 0.0086557 0.006868 0.0051409 0.0039289 0.0030199 0.00240885 0.00173215 0.00122715 0.0009797 0.00072215 0.00049995 0.0003232 0.00024745 0.00014645 0.00014645 8.08e-05 7.575e-05 4.04e-05 2.525e-05 2.02e-05 1.515e-05 1.515e-05 5.05e-06 5.05e-06 0 0 1.01e-05 0 0 0 0 0 0 0 0 
0.0275882 0.0340572 0.0395466 0.0432937 0.0435007 0.043526 0.0428695 0.039289 0.0366883 0.0323705 0.028982 0.0249874 0.0213009 0.0178114 0.0143218 0.0117312 0.0101101 0.00727705 0.0058681 0.00459045 0.00354005 0.0026058 0.002121 0.0014544 0.00119685 0.0008282 0.000606 0.0004242 0.00034845 0.0002121 0.00011615 0.0001414 7.575e-05 4.04e-05 3.03e-05 2.02e-05 1.515e-05 2.02e-05 2.525e-05 1.01e-05 0 0 0 1.01e-05 0 0 0 0 0 0 0 
0.0241037 0.0305626 0.0358045 0.0383497 0.0400566 0.0415666 0.0398799 0.0383194 0.0355571 0.0317544 0.0287951 0.0250076 0.0212302 0.01767 0.0152258 0.01212 0.0101152 0.0078376 0.0065044 0.00482275 0.00409555 0.00301485 0.0022725 0.00175235 0.00129785 0.00096455 0.00075245 0.0005656 0.00034845 0.0002424 0.00020705 0.00013635 0.000101 0.000101 5.05e-05 4.545e-05 4.04e-05 1.515e-05 5.05e-06 0 1.01e-05 0 1.01e-05 5.05e-06 0 0 0 0 0 0 5.05e-06 
0.0222806 0.027876 0.0329563 0.0355419 0.0369004 0.0386679 0.0376377 0.0355268 0.0330876 0.0307141 0.0282447 0.024745 0.0214928 0.0185487 0.0150137 0.0129482 0.0105343 0.0086456 0.00711545 0.00547925 0.0043329 0.00326735 0.00272195 0.00201495 0.0014443 0.0012019 0.00097465 0.00072215 0.0003434 0.0003939 0.00024745 0.00017675 0.0001616 0.00010605 9.09e-05 3.03e-05 4.04e-05 1.01e-05 5.05e-06 1.515e-05 1.515e-05 5.05e-06 5.05e-06 0 0 0 0 0 0 0 0 
0.0197001 0.025245 0.0299162 0.0319564 0.0346481 0.0354813 0.034845 0.0343148 0.0329664 0.0297243 0.0272296 0.0239168 0.021003 0.0189022 0.0156399 0.01363 0.0109737 0.0095546 0.00728715 0.006161 0.0048379 0.0037471 0.0029896 0.00233815 0.0015049 0.001414 0.0010302 0.00089385 0.00051005 0.00037875 0.0002626 0.00022725 0.0001515 0.0001111 7.07e-05 8.585e-05 4.04e-05 3.535e-05 1.01e-05 1.515e-05 1.515e-05 1.01e-05 1.515e-05 5.05e-06 5.05e-06 0 0 0 1.01e-05 0 5.05e-06 
0.0176397 0.0231139 0.0274569 0.0294365 0.0319009 0.0335724 0.0334967 0.0324059 0.0308 0.0282295 0.0255227 0.0235381 0.0210434 0.0185133 0.0159378 0.0135694 0.0117463 0.00995355 0.00826685 0.0063327 0.0050803 0.0039794 0.00309565 0.00255025 0.0019594 0.00152005 0.0011817 0.0009494 0.0006363 0.0005252 0.0003939 0.0002929 0.0001616 0.0001313 0.00010605 9.595e-05 5.555e-05 7.07e-05 4.04e-05 1.515e-05 3.535e-05 1.01e-05 2.02e-05 5.05e-06 0 5.05e-06 0 5.05e-06 0 0 5.05e-06 
0 0 0 0 0 0 0 0 0 0 0 0 0 0 0 0 0 0 0 0 0 0 0 0 0 0 0 0 0 0 0 0 0 0 0 0 0 0 0 0 0 0 0 0 0 0 0 0 0 0 0 
Per-collision Densities L:
2.2613 1.24938 0.688537 0.381795 0.211413 0.114276 0.0645087 0.0350369 0.019796 0.0108323 0.0056156 0.00332795 0.0017877 0.00105545 0.0006464 0.00029795 0.0001818 8.08e-05 5.555e-05 4.04e-05 1.515e-05 0 0 5.05e-06 1.01e-05 0 0 0 0 0 0 0 0 0 0 0 0 0 0 0 0 0 0 0 0 0 0 0 0 0 0 
0.208646 0.37222 0.349637 0.270796 0.192329 0.129553 0.0847289 0.0548582 0.0337239 0.0210181 0.0125543 0.0079386 0.00483285 0.0026563 0.00160085 0.00091405 0.00058075 0.0003333 0.00017675 0.00010605 0.0001111 2.02e-05 1.515e-05 0 1.01e-05 0 0 0 0 0 0 0 0 0 0 0 0 0 0 0 0 0 0 0 0 0 0 0 0 0 0 
0.139122 0.282149 0.295607 0.257611 0.202556 0.149935 0.10853 0.0735634 0.0495001 0.0321584 0.0214019 0.0135088 0.0084436 0.00558025 0.0032926 0.00227755 0.00119685 0.0008383 0.000606 0.0002929 0.0001717 0.0001111 5.555e-05 2.02e-05 2.02e-05 1.01e-05 5.05e-06 5.05e-06 1.01e-05 0 0 0 0 0 0 0 0 0 0 0 0 0 0 0 0 0 0 0 0 0 0 
0.060999 0.153757 0.1929 0.193117 0.17222 0.143471 0.110903 0.0822494 0.059691 0.0421524 0.0277801 0.0196294 0.0133573 0.0086254 0.00565095 0.0033936 0.00257045 0.00146955 0.00093425 0.0005555 0.00031815 0.00029795 0.0001414 8.585e-05 4.04e-05 3.03e-05 2.525e-05 5.05e-06 5.05e-06 5.05e-06 0 0 5.05e-06 0 5.05e-06 0 0 0 0 0 0 0 0 0 0 0 0 0 0 0 0 
0.0392032 0.105777 0.144844 0.156661 0.14743 0.131189 0.107999 0.0860773 0.0663722 0.0486416 0.034744 0.0252096 0.0177407 0.0118423 0.00808 0.0056156 0.0035855 0.00242905 0.00162105 0.00102515 0.00066155 0.0004545 0.00026765 0.00017675 8.585e-05 5.555e-05 4.04e-05 4.04e-05 1.01e-05 1.01e-05 1.01e-05 5.05e-06 0 0 0 0 0 5.05e-06 0 0 0 0 0 0 0 0 0 0 0 0 0 
0.0269418 0.0748006 0.108898 0.123604 0.125962 0.116185 0.101636 0.0839462 0.0675741 0.0527624 0.0409151 0.0295021 0.0210585 0.0157409 0.0110343 0.0076255 0.0052419 0.0036057 0.00241895 0.00159075 0.001111 0.00069185 0.00043935 0.000303 0.0002222 0.00013635 6.06e-05 3.03e-05 2.02e-05 2.02e-05 1.01e-05 0 5.05e-06 0 5.05e-06 5.05e-06 0 0 0 0 0 0 0 0 0 0 0 0 0 0 0 
0.0199879 0.0562873 0.0832846 0.101106 0.104777 0.101394 0.0936876 0.0805324 0.0679326 0.0545451 0.0433947 0.0333048 0.0248006 0.0180588 0.0133118 0.00952935 0.00700435 0.0047672 0.0034542 0.0021917 0.0015958 0.00094435 0.000808 0.0005757 0.00028785 0.0001717 0.00016665 3.03e-05 4.545e-05 4.04e-05 2.525e-05 0 1.515e-05 0 0 5.05e-06 0 0 0 0 0 0 0 0 0 0 0 0 0 0 0 
0.0156045 0.0445915 0.067973 0.0825069 0.0902183 0.0909758 0.0845926 0.0767297 0.0658975 0.0546562 0.0447279 0.0354258 0.027068 0.0209424 0.0158823 0.0115999 0.00851935 0.0059388 0.00433795 0.00313605 0.0020705 0.00146955 0.00103525 0.00073225 0.0005959 0.0003838 0.00019695 0.00012625 5.555e-05 4.04e-05 4.04e-05 4.04e-05 2.02e-05 1.515e-05 0 1.01e-05 5.05e-06 0 0 0 0 0 0 0 0 0 0 0 0 0 0 
0.0123523 0.0353147 0.0546612 0.0694426 0.0772347 0.0785174 0.0768812 0.0704374 0.0625089 0.0538684 0.0450006 0.03686 0.0292951 0.0234926 0.0175336 0.0135694 0.0100394 0.00744875 0.00545905 0.00405515 0.0027775 0.00193415 0.001313 0.0009797 0.00074235 0.0005959 0.00033835 0.0001919 0.0001414 0.00010605 5.555e-05 7.07e-05 1.515e-05 2.525e-05 1.01e-05 5.05e-06 0 0 0 5.05e-06 0 0 0 0 0 0 0 0 0 0 0 
0.010706 0.0296839 0.0468388 0.0593224 0.0671297 0.0703819 0.069584 0.0649481 0.0587113 0.0524998 0.0450511 0.0366378 0.0297748 0.0242905 0.0193819 0.0144632 0.0112918 0.0085143 0.00646905 0.00512575 0.0037168 0.0026361 0.00178265 0.0012524 0.00084335 0.0006363 0.0005151 0.00025755 0.0002424 0.00013635 9.595e-05 9.09e-05 3.03e-05 4.545e-05 1.515e-05 0 2.525e-05 1.515e-05 5.05e-06 5.05e-06 0 5.05e-06 0 0 0 0 0 0 0 0 0 
0.00843855 0.025447 0.0391274 0.0508838 0.0582821 0.0621958 0.0622514 0.0604081 0.0562621 0.0509293 0.0440158 0.0376074 0.0319665 0.0255934 0.0205535 0.0161247 0.0127765 0.0101253 0.0074538 0.00564085 0.0043329 0.0030098 0.00232805 0.0017574 0.0011413 0.0008383 0.0005959 0.0004545 0.0002828 0.00017675 0.0001313 0.00010605 0.000101 7.575e-05 4.545e-05 1.515e-05 1.01e-05 5.05e-06 0 1.515e-05 0 1.515e-05 0 5.05e-06 0 0 0 0 0 0 0 
0.0075346 0.0214777 0.0342693 0.0440512 0.0507929 0.055343 0.0577417 0.0559439 0.0520756 0.0479952 0.0422635 0.037269 0.0311232 0.0265176 0.0218665 0.0171145 0.0134936 0.0108626 0.00841835 0.0060701 0.0049591 0.0037269 0.0026361 0.00198465 0.0016867 0.00126755 0.00067165 0.00051005 0.000404 0.00028785 0.00018685 0.00012625 8.585e-05 9.595e-05 3.535e-05 3.03e-05 1.515e-05 1.01e-05 1.01e-05 5.05e-06 5.05e-06 0 1.01e-05 5.05e-06 5.05e-06 0 0 0 0 0 0 
0.0063731 0.0184881 0.0298102 0.0388194 0.0455005 0.0502021 0.0515302 0.0510909 0.0487325 0.046152 0.0408091 0.036158 0.03131 0.0261742 0.0225533 0.0188618 0.0153773 0.0117766 0.00940815 0.0069185 0.0056055 0.00428745 0.00340875 0.0022927 0.00173215 0.0014443 0.00102515 0.00066155 0.00046965 0.0003737 0.00019695 0.000202 0.00011615 0.0001111 6.565e-05 3.535e-05 5.555e-05 1.515e-05 0 3.03e-05 5.05e-06 0 0 5.05e-06 5.05e-06 5.05e-06 0 0 0 0 0 
0.0059893 0.0161802 0.0266943 0.0349208 0.0410414 0.0437128 0.047268 0.0474347 0.0461166 0.0432634 0.0387891 0.035754 0.0309969 0.0269115 0.0221645 0.0190789 0.0161297 0.0129129 0.0100344 0.00791335 0.0061913 0.0046561 0.00366125 0.0029593 0.0020503 0.0015251 0.0011817 0.0008282 0.00070195 0.000505 0.00030805 0.0001919 0.0001414 0.00012625 6.06e-05 5.555e-05 3.535e-05 2.02e-05 5.05e-05 1.01e-05 5.05e-06 5.05e-06 0 0 1.01e-05 0 0 0 0 5.05e-06 0 
0.00509545 0.0142764 0.0229927 0.0310727 0.0366479 0.0400516 0.0433947 0.0436775 0.0431523 0.0405869 0.0381629 0.0344915 0.0301788 0.0269418 0.0230179 0.0195183 0.0160994 0.0128775 0.0112211 0.0084638 0.00670135 0.0056055 0.00403495 0.00317645 0.00225735 0.0019392 0.00142915 0.0009595 0.0008181 0.00048985 0.0004747 0.00027775 0.00022725 0.0001313 0.00011615 7.07e-05 8.585e-05 4.04e-05 3.03e-05 1.515e-05 1.01e-05 1.01e-05 5.05e-06 1.515e-05 0 0 0 0 0 0 5.05e-06 
0.0042925 0.0132866 0.0208515 0.0277397 0.0332139 0.037067 0.038678 0.0402384 0.0405818 0.037769 0.0363146 0.0331684 0.0303707 0.0263307 0.0228563 0.0200687 0.0167711 0.0137007 0.0113878 0.0095142 0.0069993 0.00586305 0.00479245 0.0035148 0.00281285 0.0022826 0.00139885 0.0013534 0.0008989 0.00068175 0.0004949 0.00035855 0.00030805 0.00019695 0.0001313 0.00011615 5.555e-05 5.05e-05 2.525e-05 5.555e-05 2.02e-05 1.01e-05 1.01e-05 5.05e-06 5.05e-06 5.05e-06 0 5.05e-06 0 0 0 
0.00374205 0.0117413 0.0183315 0.0250278 0.0296233 0.0335724 0.0359762 0.0377336 0.0380114 0.0368448 0.0345976 0.0316989 0.0288456 0.026356 0.023129 0.0194223 0.0172559 0.0145541 0.0120291 0.0095142 0.0079285 0.00619635 0.0051106 0.00397435 0.002929 0.0023432 0.0018988 0.0014342 0.0011009 0.0006969 0.0006868 0.0004141 0.00026765 0.00025755 0.00014645 0.0001111 0.000101 0.00011615 2.525e-05 4.545e-05 3.03e-05 1.515e-05 1.01e-05 5.05e-06 2.525e-05 5.05e-06 0 0 5.05e-06 5.05e-06 1.01e-05 
0.0036764 0.0103677 0.0173064 0.0228412 0.0273508 0.0305374 0.0343855 0.0347743 0.0353096 0.0342441 0.0322544 0.0302596 0.0279265 0.0259015 0.0231795 0.0196142 0.0168973 0.014741 0.0122614 0.0106959 0.00808505 0.00664075 0.00530755 0.0045046 0.00333805 0.00259065 0.0021109 0.0016564 0.0012322 0.00108575 0.00068175 0.0005555 0.0003535 0.000303 0.0002323 0.0001414 0.00015655 6.06e-05 7.575e-05 7.07e-05 3.03e-05 2.02e-05 4.04e-05 1.01e-05 5.05e-06 5.05e-06 5.05e-06 5.05e-06 0 0 5.05e-06 
0.00320675 0.0092415 0.0154783 0.021306 0.0254369 0.0285527 0.030805 0.0321685 0.032926 0.0328301 0.0310424 0.0293153 0.0279265 0.0251844 0.0223614 0.020498 0.0179376 0.0152157 0.0123877 0.00971115 0.0089284 0.00701445 0.005555 0.00484295 0.0038683 0.00286335 0.00238865 0.00194425 0.00136855 0.0010605 0.0008686 0.00067165 0.00043935 0.00027775 0.00025755 0.000202 0.00014645 0.000101 9.595e-05 6.565e-05 5.05e-05 2.525e-05 2.525e-05 2.02e-05 1.01e-05 5.05e-06 0 5.05e-06 5.05e-06 5.05e-06 5.05e-06 
0 0 0 0 0 0 0 0 0 0 0 0 0 0 0 0 0 0 0 0 0 0 0 0 0 0 0 0 0 0 0 0 0 0 0 0 0 0 0 0 0 0 0 0 0 0 0 0 0 0 0 
