Half rod, albedo problem, Anisotropic scattering, exponential random flight, mu_t: 3 g: -0.7
Analogmu_t c: 0.999 maxx: 10 dx: 0.19802 numsamples: 1000000 numCollisionOrders: 20 numMoments: 10
total albedo: 0.952505
per-collision order albedos: 
0 0.42455 0.063474 0.086508 0.035652 0.03828 0.022898 0.022227 0.016546 0.01507 0.012412 0.011105 0.009557 0.008692 0.007691 0.00706 0.006415 0.005737 0.00524 0.004985 
Collision density L:
2.8263 2.75626 2.68311 2.62133 2.54708 2.49093 2.43543 2.3716 2.31607 2.2624 2.20083 2.15455 2.10771 2.04867 2.00419 1.95959 1.90529 1.85956 1.82258 1.7711 1.73694 1.6911 1.65057 1.60658 1.56866 1.53719 1.49477 1.45644 1.4277 1.38963 1.35587 1.32866 1.2896 1.26425 1.23753 1.20489 1.17431 1.14626 1.12315 1.09359 1.06111 1.04053 1.01142 0.992275 0.962469 0.942406 0.917711 0.894956 0.870903 0.851708 34.3361 
Collision density R:
2.95993 2.89814 2.82618 2.75292 2.68248 2.61198 2.55414 2.49268 2.4342 2.37618 2.31068 2.2599 2.2081 2.15052 2.10323 2.05249 2.00374 1.95438 1.90704 1.86822 1.81695 1.77545 1.73109 1.68669 1.64302 1.61064 1.57197 1.53189 1.49813 1.4585 1.42014 1.39242 1.35662 1.32324 1.29751 1.26264 1.23612 1.20252 1.17224 1.14991 1.11955 1.0894 1.06148 1.03551 1.01484 0.989229 0.963156 0.941668 0.91458 0.892779 36.0372 
Density Moments:
47.4075 383.42 6212.77 151819 4.96343e+06 2.02027e+08 9.75211e+09 5.40709e+11 3.37567e+13 2.34175e+15 
Per-collision Density Moments:
1 0.333466 0.222259 0.222192 0.296052 0.492512 0.981533 2.27684 6.01228 17.7278 
0.574466 0.241741 0.194556 0.227359 0.345114 0.639999 1.39305 3.45528 9.53898 28.7497 
0.510404 0.326528 0.326856 0.440076 0.74105 1.49282 3.48892 9.2456 27.2805 88.312 
0.423367 0.295298 0.327833 0.486766 0.896556 1.95958 4.92943 13.946 43.5703 148.117 
0.387293 0.328114 0.411708 0.670302 1.33137 3.1064 8.29232 24.8192 81.9257 294.028 
0.348569 0.316956 0.429497 0.752425 1.6014 3.99181 11.3674 36.2921 127.91 490.985 
0.325355 0.331657 0.487761 0.913033 2.05488 5.37164 15.9199 52.5047 189.77 741.827 
0.302803 0.328403 0.512911 1.01572 2.41143 6.64137 20.7631 72.5933 280.992 1196.47 
0.285962 0.335339 0.557547 1.16446 2.89364 8.28417 26.7344 95.7245 375.757 1602.14 
0.270615 0.334891 0.585528 1.28245 3.33533 9.97932 33.6244 125.615 514.096 2282.43 
0.257934 0.338654 0.621947 1.4228 3.848 11.9293 41.5281 159.927 673.27 3066.57 
0.246557 0.339464 0.651812 1.5536 4.36232 13.9869 50.1343 197.741 847.411 3903.24 
0.236772 0.341711 0.683132 1.68896 4.9079 16.2726 60.3913 247.596 1110.69 5409.12 
0.227855 0.342474 0.710965 1.8219 5.4765 18.7358 71.4955 299.92 1367.67 6717.06 
0.219944 0.343767 0.738881 1.95575 6.06314 21.3685 83.9204 362.094 1698.75 8597.38 
0.212674 0.344871 0.766063 2.09015 6.66428 24.1021 96.914 427.118 2041.54 10497.8 
0.206044 0.345704 0.792516 2.22775 7.31034 27.206 112.661 512.252 2532.7 13515 
0.200097 0.346591 0.819171 2.37048 7.99578 30.5384 129.55 602.188 3036.22 16472.7 
0.194648 0.347204 0.842724 2.49924 8.62393 33.6452 145.627 689.979 3542.62 19551.4 
0 0 0 0 0 0 0 0 0 0 
Per-collision Densities L:
0 0 0 0 0 0 0 0 0 0 0 0 0 0 0 0 0 0 0 0 0 0 0 0 0 0 0 0 0 0 0 0 0 0 0 0 0 0 0 0 0 0 0 0 0 0 0 0 0 0 0 
0.958859 0.531745 0.291107 0.162014 0.088577 0.0488133 0.0271993 0.0151551 0.0087567 0.00460055 0.0026361 0.0012827 0.0007373 0.00037875 0.000202 0.00011615 8.585e-05 1.515e-05 4.545e-05 1.515e-05 0 1.01e-05 5.05e-06 0 0 0 0 0 0 0 0 0 0 0 0 0 0 0 0 0 0 0 0 0 0 0 0 0 0 0 0 
0.182936 0.147728 0.107701 0.0745431 0.0487729 0.0310828 0.0205182 0.0120847 0.00748915 0.0044339 0.0026563 0.00161095 0.0009494 0.0005757 0.00032825 0.00020705 5.555e-05 8.585e-05 2.02e-05 2.02e-05 1.01e-05 1.515e-05 5.05e-06 0 0 0 0 0 0 0 0 0 0 0 0 0 0 0 0 0 0 0 0 0 0 0 0 0 0 0 0 
0.293097 0.286481 0.228821 0.167791 0.114054 0.0778862 0.0499243 0.0318554 0.0206192 0.0121251 0.0077871 0.0044238 0.00265125 0.00158065 0.0009696 0.0006767 0.0003434 0.0002121 0.0001111 5.05e-05 5.555e-05 2.02e-05 1.01e-05 5.05e-06 5.05e-06 0 0 5.05e-06 0 0 0 0 0 0 0 0 0 0 0 0 0 0 0 0 0 0 0 0 0 0 0 
0.121675 0.131366 0.12017 0.0983942 0.0761086 0.0569489 0.0395314 0.0275579 0.0186396 0.0122008 0.0081305 0.00533785 0.0032825 0.0021008 0.0013837 0.00091405 0.00048985 0.00032825 0.0001717 8.585e-05 3.535e-05 4.04e-05 4.04e-05 5.05e-06 5.05e-06 0 1.01e-05 0 0 0 0 0 0 0 0 0 0 0 0 0 0 0 0 0 0 0 0 0 0 0 0 
0.136451 0.161055 0.151818 0.132416 0.106565 0.0809111 0.0593426 0.0424251 0.0295375 0.0201142 0.0133977 0.00884255 0.00608525 0.00388345 0.0022119 0.00168165 0.00098475 0.00058075 0.00034845 0.00018685 0.0001111 0.0001313 4.04e-05 3.535e-05 2.02e-05 2.02e-05 5.05e-06 5.05e-06 0 0 0 0 0 0 0 0 0 0 0 0 0 0 0 0 0 0 0 0 0 0 0 
0.0837694 0.10049 0.102439 0.0936826 0.0803809 0.0649026 0.0513787 0.0395617 0.0279518 0.0197657 0.0145844 0.0100899 0.00695385 0.00444905 0.00322695 0.0020402 0.001212 0.00075245 0.00052015 0.00041915 0.0002121 0.0001818 5.555e-05 5.05e-05 3.535e-05 3.03e-05 1.01e-05 2.525e-05 1.01e-05 0 0 5.05e-06 0 0 0 0 0 0 0 0 0 0 0 0 0 0 0 0 0 0 0 
0.0819009 0.10046 0.106161 0.101116 0.0898446 0.0755278 0.0611606 0.046258 0.0354712 0.0263206 0.0189072 0.0133371 0.0092112 0.0061913 0.0044238 0.0030502 0.0018988 0.00131805 0.0008383 0.0005353 0.00033835 0.00023735 0.00012625 5.555e-05 7.575e-05 1.515e-05 2.02e-05 1.515e-05 0 5.05e-06 5.05e-06 0 0 0 0 0 0 0 0 0 0 0 0 0 0 0 0 0 0 0 0 
0.061504 0.075038 0.0828352 0.0811737 0.0742805 0.065645 0.0536866 0.04393 0.0340067 0.0256439 0.0193415 0.0142461 0.0101253 0.0074033 0.00511565 0.00391375 0.00230785 0.00167155 0.0011211 0.00087365 0.0004646 0.0002929 0.00023735 0.0001616 8.08e-05 5.05e-05 5.05e-05 1.01e-05 2.02e-05 1.515e-05 1.01e-05 0 0 0 0 0 5.05e-06 0 0 0 0 0 0 0 0 0 0 0 0 0 0 
0.0559086 0.0708212 0.0794062 0.079386 0.0749572 0.0675286 0.0569539 0.0481114 0.0384204 0.0307444 0.0232856 0.0167307 0.0127765 0.00901425 0.00637815 0.00468135 0.0031714 0.00232805 0.00158065 0.0008888 0.0006666 0.0004747 0.0003131 0.00017675 0.00010605 0.0001111 8.585e-05 1.515e-05 1.515e-05 1.01e-05 5.05e-06 5.05e-06 0 0 0 0 5.05e-06 0 0 0 0 0 0 0 0 0 0 0 0 0 0 
0.0456621 0.0584992 0.0646552 0.0674175 0.0663772 0.0612717 0.0534189 0.0452329 0.0375821 0.0295274 0.023028 0.0178669 0.013428 0.0099889 0.0075346 0.00541865 0.00388345 0.0027977 0.00195435 0.0013231 0.0009393 0.00069185 0.0003737 0.00026765 0.0001515 0.0001313 0.000101 4.545e-05 3.535e-05 4.04e-05 2.02e-05 5.05e-06 0 0 0 0 0 5.05e-06 0 0 0 0 0 0 0 0 0 0 0 0 0 
0.0422534 0.0526311 0.061408 0.0651753 0.0635543 0.0590345 0.0530048 0.0454551 0.0382083 0.0321483 0.0255985 0.0198819 0.0153874 0.0110646 0.0088274 0.00635795 0.00484295 0.0033431 0.0023836 0.00173215 0.0010403 0.0007878 0.0004646 0.0003838 0.0002727 0.0001212 0.0001111 7.575e-05 4.545e-05 3.535e-05 3.03e-05 1.01e-05 1.01e-05 2.02e-05 0 0 1.01e-05 0 0 0 0 0 0 0 0 0 0 0 0 0 0 
0.035749 0.0456419 0.0535351 0.057262 0.0569943 0.0545703 0.0495607 0.04444 0.0376932 0.0318807 0.0263055 0.0206697 0.0160136 0.013024 0.0100394 0.00703465 0.00549945 0.0041713 0.0029088 0.0020604 0.00141905 0.0010605 0.00073225 0.0006262 0.00027775 0.00019695 0.00011615 8.585e-05 3.535e-05 5.555e-05 3.03e-05 1.01e-05 2.02e-05 0 0 0 5.05e-06 0 0 0 0 0 0 0 0 0 0 0 0 0 0 
0.0324715 0.0414605 0.0503031 0.0538128 0.0534694 0.0523938 0.0482275 0.0440259 0.0386022 0.0319413 0.0268155 0.0210636 0.0173922 0.0133674 0.0107717 0.00825675 0.0060095 0.0044642 0.0033633 0.0022624 0.0017776 0.00128775 0.00080295 0.0006767 0.0003636 0.000303 0.00021715 0.00012625 9.09e-05 9.09e-05 5.555e-05 3.03e-05 1.515e-05 5.05e-06 5.05e-06 1.01e-05 5.05e-06 5.05e-06 0 0 1.01e-05 0 0 0 0 0 0 0 0 0 0 
0.0285073 0.0379003 0.0447683 0.0490961 0.049485 0.0485608 0.0459853 0.0413797 0.0373801 0.0321736 0.0269872 0.0219827 0.0180942 0.0144935 0.0113878 0.00882235 0.0068074 0.0052621 0.0038582 0.00293405 0.0020705 0.00153015 0.00117665 0.00077265 0.0005151 0.00037875 0.0002626 0.00021715 0.0001111 6.565e-05 6.565e-05 3.03e-05 1.515e-05 1.515e-05 1.515e-05 0 5.05e-06 0 0 0 0 0 0 0 0 0 0 0 0 0 0 
0.0263105 0.0333098 0.0409303 0.0451773 0.0463742 0.0456672 0.0445713 0.0402788 0.0361378 0.0315423 0.0277195 0.0236896 0.0189072 0.0153722 0.0119887 0.0092819 0.00732755 0.00562065 0.00412585 0.00338855 0.00241895 0.00172205 0.0012221 0.00096455 0.00072215 0.0005252 0.00036865 0.0001616 0.00015655 0.0001212 3.535e-05 4.04e-05 4.04e-05 2.02e-05 5.05e-06 5.05e-06 5.05e-06 5.05e-06 5.05e-06 0 0 5.05e-06 0 0 0 0 0 0 0 0 0 
0.0232704 0.0316989 0.037365 0.0414302 0.0434906 0.0433593 0.0425513 0.038981 0.0354106 0.0313353 0.0272145 0.0229018 0.0197607 0.0160489 0.0131906 0.0102717 0.0076255 0.00654985 0.0048177 0.00382285 0.00268155 0.0020705 0.00152005 0.0012221 0.000808 0.00054035 0.00043935 0.0002222 0.00017675 0.0001616 0.0001111 9.09e-05 4.545e-05 2.525e-05 1.515e-05 1.515e-05 5.05e-06 5.05e-06 1.01e-05 0 0 0 0 5.05e-06 0 0 0 0 0 0 0 
0.0216847 0.02929 0.0348551 0.0379053 0.0401374 0.0408798 0.0392739 0.0378296 0.0354359 0.0306737 0.0273609 0.023028 0.0202859 0.0165842 0.013231 0.0106808 0.00860015 0.00682255 0.0052116 0.0041814 0.0032825 0.0023735 0.00188365 0.0013837 0.0008888 0.0005757 0.0005151 0.0003535 0.0002727 0.0002121 0.0001212 7.575e-05 4.04e-05 5.555e-05 1.01e-05 2.02e-05 1.01e-05 0 0 5.05e-06 0 0 1.515e-05 5.05e-06 0 0 0 0 0 0 0 
0.0198819 0.0270175 0.0323099 0.0359914 0.0380164 0.039188 0.0378498 0.0358904 0.0334007 0.0304111 0.0270327 0.0238512 0.0201546 0.0166499 0.0141703 0.0112363 0.00942835 0.0072316 0.00561055 0.00484295 0.003535 0.0026462 0.0020907 0.0014948 0.0010908 0.00079285 0.0006868 0.00043935 0.00042925 0.0002727 0.0001313 0.000101 7.07e-05 5.555e-05 4.04e-05 3.535e-05 1.01e-05 5.05e-06 1.01e-05 1.01e-05 5.05e-06 0 0 5.05e-06 0 0 0 0 0 0 0 
0 0 0 0 0 0 0 0 0 0 0 0 0 0 0 0 0 0 0 0 0 0 0 0 0 0 0 0 0 0 0 0 0 0 0 0 0 0 0 0 0 0 0 0 0 0 0 0 0 0 0 
Per-collision Densities L:
2.2596 1.24903 0.691699 0.38072 0.210772 0.114923 0.0642108 0.0349915 0.0198566 0.0107919 0.00598425 0.0034441 0.0018483 0.00095445 0.00053025 0.0002828 0.00018685 7.575e-05 3.03e-05 2.525e-05 3.03e-05 1.01e-05 5.05e-06 0 5.05e-06 0 0 0 0 0 0 0 0 0 0 0 0 0 0 0 0 0 0 0 0 0 0 0 0 0 0 
0.0905465 0.161393 0.150015 0.117832 0.0840573 0.0559641 0.0374862 0.0236744 0.0150389 0.00955965 0.00488335 0.00339865 0.00195435 0.0011716 0.0006666 0.00051005 0.00028785 0.0001212 6.06e-05 2.525e-05 2.02e-05 2.02e-05 5.05e-06 5.05e-06 0 0 0 0 0 0 0 0 0 0 0 0 0 0 0 0 0 0 0 0 0 0 0 0 0 0 0 
0.220448 0.400521 0.377684 0.298521 0.216297 0.148268 0.100147 0.0639482 0.0413343 0.0259065 0.0160691 0.0100899 0.00579235 0.0034643 0.0020907 0.00123725 0.00077265 0.0005252 0.0002828 0.00011615 7.575e-05 7.07e-05 3.03e-05 5.05e-06 5.05e-06 5.05e-06 0 0 5.05e-06 0 0 0 0 0 0 0 0 0 0 0 0 0 0 0 0 0 0 0 0 0 0 
0.0449198 0.111145 0.13586 0.131285 0.110206 0.0887184 0.0666954 0.0489244 0.0332442 0.0225634 0.0148672 0.0101606 0.00663065 0.0042521 0.00245935 0.00176245 0.00113625 0.00069185 0.0003434 0.00024745 0.00013635 7.575e-05 7.07e-05 2.02e-05 1.01e-05 5.05e-06 0 1.01e-05 0 0 0 0 0 0 0 0 0 0 0 0 0 0 0 0 0 0 0 0 0 0 0 
0.0603728 0.153273 0.190809 0.187956 0.164559 0.132653 0.101 0.0749016 0.0537573 0.0373397 0.02525 0.0171852 0.011312 0.0075043 0.0047672 0.00293405 0.0020503 0.00125745 0.0008383 0.00040905 0.0002626 0.000202 0.00012625 5.05e-05 3.535e-05 4.545e-05 5.05e-06 1.01e-05 1.01e-05 0 0 0 0 0 0 0 0 0 0 0 0 0 0 0 0 0 0 0 0 0 0 
0.0266943 0.0718565 0.0995456 0.109004 0.104717 0.0931725 0.0751996 0.0609788 0.0466317 0.0338704 0.0249723 0.0177205 0.0119736 0.00840825 0.0055247 0.00366125 0.00256035 0.0016261 0.00104535 0.00071205 0.00048985 0.0002626 0.0001414 0.00010605 5.05e-05 6.565e-05 2.525e-05 2.525e-05 1.01e-05 5.05e-06 5.05e-06 5.05e-06 0 0 0 0 0 0 0 0 0 0 0 0 0 0 0 0 0 0 0 
0.0281134 0.0770933 0.10856 0.120922 0.118887 0.10658 0.092112 0.0740431 0.056459 0.0440663 0.0317898 0.0231644 0.0165337 0.011408 0.0082012 0.0052419 0.0036158 0.00237855 0.0018281 0.0010302 0.0006767 0.0004646 0.00023735 0.00018685 0.00010605 5.05e-05 5.555e-05 1.01e-05 2.02e-05 1.01e-05 1.01e-05 0 0 0 0 0 0 0 0 0 0 0 0 0 0 0 0 0 0 0 0 
0.0172104 0.0491618 0.0736038 0.0857692 0.0885922 0.084133 0.0755632 0.0636199 0.0518837 0.041208 0.0311636 0.0237401 0.017271 0.0123725 0.00930715 0.0059691 0.00463085 0.00292395 0.00214625 0.00136855 0.000909 0.0006262 0.0003434 0.00028785 0.00019695 0.0001212 8.585e-05 4.04e-05 2.525e-05 3.03e-05 1.01e-05 1.01e-05 0 0 0 0 0 0 0 5.05e-06 0 0 0 0 0 0 0 0 0 0 0 
0.0165691 0.047566 0.0694981 0.084128 0.0877589 0.0860672 0.0783811 0.0667307 0.0570246 0.0472024 0.0366428 0.0278962 0.0212605 0.0152864 0.0111959 0.00788305 0.00547925 0.0040703 0.00280275 0.0017574 0.0012322 0.0007878 0.00060095 0.0003636 0.0002222 0.00015655 0.0001212 9.09e-05 1.515e-05 3.03e-05 1.01e-05 5.05e-06 0 5.05e-06 0 0 5.05e-06 0 0 0 0 0 0 0 0 0 0 0 0 0 0 
0.012721 0.0363196 0.0538835 0.066155 0.0719474 0.0724322 0.068271 0.0607111 0.0523433 0.0427735 0.0350975 0.0276841 0.0213312 0.0166196 0.0123372 0.00889305 0.00654985 0.00467125 0.0033229 0.0023432 0.00173215 0.0011211 0.0007979 0.0005151 0.0003131 0.00023735 0.00011615 0.00010605 5.05e-05 5.555e-05 3.535e-05 2.525e-05 1.515e-05 5.05e-06 5.05e-06 0 0 0 5.05e-06 0 0 0 0 0 0 0 0 0 0 0 0 
0.0111757 0.0324362 0.0499243 0.0635088 0.0681144 0.0703465 0.0660389 0.0608222 0.0532321 0.0457278 0.037067 0.0305828 0.0241289 0.0185133 0.0136754 0.010802 0.0077366 0.00568125 0.0042117 0.0030199 0.00194425 0.0013433 0.00085345 0.00067165 0.00043935 0.00027775 0.00019695 0.0001616 8.08e-05 5.05e-05 3.03e-05 2.02e-05 4.04e-05 1.515e-05 1.01e-05 5.05e-06 5.05e-06 0 0 0 0 0 0 0 0 0 0 0 0 0 0 
0.0094132 0.0270731 0.0414403 0.05151 0.0587113 0.0613929 0.0597062 0.0562974 0.0508737 0.0436573 0.0361126 0.0304465 0.0248561 0.0188214 0.0153419 0.0120493 0.0087163 0.0065044 0.0046864 0.00349965 0.0024038 0.0018887 0.0013231 0.0009191 0.00063125 0.0003434 0.00021715 0.0002222 0.0001111 8.585e-05 5.05e-05 4.04e-05 3.03e-05 2.02e-05 0 0 5.05e-06 0 0 0 0 0 0 0 0 0 0 0 0 0 0 
0.00862035 0.0242249 0.0379508 0.0488234 0.0546208 0.0574084 0.0572771 0.0538785 0.0496415 0.0435815 0.0377942 0.0307697 0.0257752 0.0200435 0.0163014 0.0126907 0.00982225 0.0073629 0.0052015 0.0041208 0.00298455 0.00213615 0.001515 0.00109585 0.0007272 0.0004848 0.00036865 0.00021715 0.0001717 0.0001212 7.575e-05 5.05e-05 3.03e-05 2.02e-05 2.02e-05 1.515e-05 0 1.515e-05 0 5.05e-06 1.01e-05 0 0 0 0 0 0 0 0 0 0 
0.0070296 0.0210737 0.0324008 0.0434452 0.0490355 0.0507778 0.0534189 0.0501667 0.0460055 0.0419857 0.0369913 0.0311838 0.0260833 0.021715 0.0170488 0.0139532 0.010403 0.008181 0.00636805 0.00483285 0.00339865 0.0025654 0.0018786 0.0013635 0.0009898 0.00069185 0.00042925 0.00030805 0.0001616 0.00015655 9.595e-05 3.535e-05 5.555e-05 3.03e-05 2.02e-05 1.01e-05 2.02e-05 5.05e-06 0 0 0 0 0 0 0 0 0 0 0 0 0 
0.00674175 0.0186547 0.0300223 0.0387133 0.0447632 0.0486214 0.0494294 0.0483285 0.0452985 0.0412737 0.0370418 0.0313555 0.0261893 0.0219827 0.0181699 0.0144834 0.0114686 0.00880215 0.00664075 0.0051712 0.0039289 0.0026866 0.0023432 0.0015554 0.0011514 0.0008686 0.0005757 0.000404 0.00036865 0.0001818 0.00011615 6.565e-05 8.585e-05 5.555e-05 1.01e-05 1.01e-05 5.05e-06 5.05e-06 1.515e-05 5.05e-06 0 1.01e-05 5.05e-06 0 0 0 0 0 0 0 0 
0.0058681 0.0169579 0.0267448 0.0356328 0.0413898 0.0442683 0.0461217 0.0455308 0.0438492 0.0390719 0.0357692 0.0306182 0.0269266 0.0226392 0.0188618 0.0155086 0.0118726 0.0096455 0.00728715 0.0061206 0.00442885 0.003434 0.00240885 0.00196445 0.00145945 0.00100495 0.00075245 0.0004545 0.0003737 0.00022725 0.0001515 0.00013635 9.595e-05 5.555e-05 2.525e-05 3.535e-05 1.515e-05 5.05e-06 0 1.01e-05 0 0 5.05e-06 5.05e-06 0 0 0 0 0 0 0 
0.00532775 0.0152914 0.0243511 0.0321382 0.0380518 0.0409 0.0431876 0.0425311 0.0410212 0.0386224 0.0351177 0.0306283 0.0271791 0.0232906 0.0193365 0.0156651 0.012418 0.0105343 0.0077871 0.00641855 0.00508535 0.0035855 0.0028785 0.00221695 0.0016362 0.00105545 0.00096455 0.00062115 0.0004242 0.00027775 0.0002525 0.00015655 0.000101 4.04e-05 4.545e-05 5.555e-05 1.01e-05 1.01e-05 1.01e-05 5.05e-06 0 5.05e-06 0 2.02e-05 0 0 0 0 0 0 0 
0.00494395 0.0141249 0.0226442 0.0294617 0.0355116 0.0380821 0.0401223 0.0407182 0.0396779 0.0364913 0.0335674 0.0308404 0.0266943 0.0228563 0.0199172 0.0166196 0.0133017 0.0111504 0.00869105 0.0068276 0.00545905 0.00431775 0.00312595 0.00242905 0.00183315 0.0013332 0.00107565 0.0007878 0.0005151 0.00038885 0.0003434 0.00015655 0.00010605 0.0001212 6.06e-05 5.05e-05 3.03e-05 2.525e-05 5.05e-06 1.01e-05 5.05e-06 5.05e-06 5.05e-06 0 5.05e-06 0 0 0 0 0 0 
0.00461065 0.0128371 0.0206495 0.0274518 0.0320978 0.0360015 0.0378195 0.0381881 0.037466 0.0354561 0.0332644 0.0294314 0.0267802 0.023533 0.019998 0.0172508 0.0139986 0.011408 0.0089385 0.00727705 0.0060297 0.0045955 0.00326735 0.002727 0.0022826 0.0014645 0.0011817 0.00078275 0.00054035 0.00049995 0.0002929 0.0002222 0.0001414 0.00012625 9.595e-05 2.02e-05 3.535e-05 3.03e-05 0 2.02e-05 0 0 2.02e-05 1.515e-05 0 0 0 0 0 0 0 
0 0 0 0 0 0 0 0 0 0 0 0 0 0 0 0 0 0 0 0 0 0 0 0 0 0 0 0 0 0 0 0 0 0 0 0 0 0 0 0 0 0 0 0 0 0 0 0 0 0 0 
