Half rod, albedo problem, Anisotropic scattering, exponential random flight, mu_t: 1 g: -0.1
Analogmu_t c: 0.7 maxx: 10 dx: 0.19802 numsamples: 10000000 numCollisionOrders: 20 numMoments: 10
total albedo: 0.307801
per-collision order albedos: 
0 0.192604 0.0606737 0.0262248 0.0127807 0.0067057 0.0036849 0.002051 0.0012136 0.0007252 0.0004272 0.0002596 0.0001676 0.0001029 6.39e-05 4.13e-05 2.8e-05 1.52e-05 1.2e-05 6e-06 
Collision density L:
0.29087 0.259925 0.232382 0.207782 0.1851 0.165846 0.148457 0.132727 0.118386 0.105964 0.0946572 0.0846617 0.076049 0.0675104 0.0605808 0.0539391 0.0484876 0.0432118 0.0387946 0.034492 0.0310166 0.0275801 0.0246384 0.0219594 0.0197541 0.0176664 0.0158206 0.0139728 0.0125982 0.0112453 0.00994547 0.00897284 0.00802597 0.00720181 0.00639633 0.00575296 0.00521968 0.00452985 0.00409909 0.0036961 0.00330927 0.00297294 0.00255126 0.00240178 0.00204222 0.00189476 0.00165489 0.00146349 0.00129836 0.00115191 0.00996264 
Collision density R:
0.944934 0.846396 0.755559 0.675589 0.603535 0.540084 0.481971 0.430485 0.385455 0.344772 0.307682 0.275233 0.24556 0.219763 0.196129 0.175463 0.156789 0.140317 0.12571 0.112259 0.0999284 0.0899158 0.0804707 0.0716555 0.064034 0.0572973 0.0511085 0.0457626 0.0406924 0.0369029 0.0328154 0.0291249 0.0260136 0.0234628 0.0207262 0.0186805 0.0166812 0.0150157 0.0134325 0.0118266 0.0105489 0.00953541 0.00846481 0.00760934 0.00676448 0.0061302 0.00537674 0.00479649 0.00432684 0.00385517 0.0323331 
Density Moments:
2.30685 4.07111 14.3617 75.8957 533.62 4674.89 48916.7 593099 8.13948e+06 1.24029e+08 
Per-collision Density Moments:
1 1.00049 2.00203 6.00846 24.0268 119.938 717.033 4989.32 39589.3 352912 
0.507343 0.822678 2.27688 8.72761 42.5058 250.53 1731.29 13717 122515 1.21679e+06 
0.294433 0.627618 2.12055 9.5511 53.3213 353.997 2720.62 23751.9 232214 2.51238e+06 
0.179894 0.462071 1.80784 9.20789 57.1231 415.404 3452.74 32216.5 332889 3.76739e+06 
0.113152 0.334626 1.47068 8.29673 56.4403 446.359 4002.69 39942.5 436908 5.17308e+06 
0.0724965 0.240024 1.16041 7.13002 52.5068 447.942 4327.1 46545.5 550332 7.07719e+06 
0.0470243 0.170931 0.894934 5.90303 46.3226 418.183 4245.18 47648.1 583524 7.713e+06 
0.0308838 0.121503 0.681622 4.78547 39.7656 378.618 4040.85 47556.5 609176 8.40097e+06 
0.020419 0.0861326 0.513147 3.80299 33.2026 330.862 3683.54 45089.4 599053 8.54427e+06 
0.0135394 0.0606863 0.381867 2.97857 27.282 284.29 3299.06 41967.3 577977 8.52834e+06 
0.0090399 0.0429611 0.284677 2.33051 22.3829 244.859 2992.83 40306.9 591534 9.36689e+06 
0.0060615 0.0302689 0.209972 1.79533 17.9513 203.466 2559.64 35193.1 522541 8.29647e+06 
0.0040653 0.0212205 0.15325 1.36125 14.1271 166.193 2171.02 31011.1 478494 7.89506e+06 
0.0027342 0.0148607 0.111335 1.02488 11.0082 133.741 1798.39 26324.5 413884 6.91199e+06 
0.0018512 0.0104735 0.0814197 0.773514 8.53667 106.196 1457.55 21701.6 345656 5.82121e+06 
0.0012507 0.00733466 0.0587678 0.574402 6.51847 83.3247 1173.45 17888.4 290986 4.99257e+06 
0.0008486 0.00516468 0.0427947 0.432436 5.07148 66.9946 975.865 15419.1 260852 4.67566e+06 
0.0005749 0.00358338 0.0302038 0.308857 3.65853 48.9007 724.432 11727.4 204900 3.82006e+06 
0.0003938 0.00253704 0.0221631 0.23491 2.87587 39.504 596.697 9756.47 170445 3.14597e+06 
0 0 0 0 0 0 0 0 0 0 
Per-collision Densities L:
0 0 0 0 0 0 0 0 0 0 0 0 0 0 0 0 0 0 0 0 0 0 0 0 0 0 0 0 0 0 0 0 0 0 0 0 0 0 0 0 0 0 0 0 0 0 0 0 0 0 0 
0.174753 0.142917 0.117226 0.0966318 0.0788886 0.0648582 0.0536492 0.0437098 0.0355894 0.0294824 0.0240486 0.019742 0.0163878 0.0132956 0.0110332 0.00893497 0.00738411 0.00606505 0.00501011 0.00409505 0.00334361 0.00268155 0.00224624 0.00185941 0.00150894 0.0012322 0.00104535 0.000861025 0.00071104 0.000569135 0.00044339 0.000369155 0.00031108 0.00024543 0.00019998 0.000182305 0.000141905 0.000115645 9.8475e-05 7.373e-05 5.9085e-05 4.848e-05 4.141e-05 3.9895e-05 2.6765e-05 1.717e-05 2.424e-05 2.222e-05 1.01e-05 1.1615e-05 4.9995e-05 
0.0601566 0.0585048 0.0551667 0.0513843 0.0469211 0.0425614 0.0381204 0.0341845 0.0301924 0.0266968 0.0232295 0.0202177 0.0178169 0.0154237 0.0133244 0.0115327 0.00992426 0.00849259 0.0073624 0.00623423 0.00532624 0.00452026 0.00379609 0.00327442 0.00284416 0.00235027 0.00195183 0.00170943 0.00141552 0.00119281 0.000994345 0.000884255 0.000711545 0.000606505 0.00050197 0.00041713 0.00034744 0.00030502 0.000270175 0.00024038 0.00018988 0.000162105 0.000128775 0.000126755 7.777e-05 7.4235e-05 7.2215e-05 5.353e-05 4.747e-05 3.2825e-05 0.0001919 
0.0267387 0.0275038 0.0276538 0.026611 0.0260979 0.024846 0.0234593 0.0219524 0.0202621 0.018634 0.0172614 0.0156424 0.014243 0.0126689 0.011412 0.0101187 0.00900112 0.00794416 0.00711141 0.0063322 0.0055954 0.00484093 0.00424099 0.00367135 0.00325018 0.00288204 0.00246743 0.00208717 0.00183063 0.00160085 0.00138471 0.00116504 0.000995355 0.00088476 0.00075346 0.00065549 0.0005454 0.0005151 0.00040602 0.000335825 0.000282295 0.00027472 0.00020503 0.00018887 0.000154025 0.000143925 0.000134835 9.898e-05 7.777e-05 7.3225e-05 0.00039087 
0.0130537 0.0138713 0.0142577 0.0142526 0.0140814 0.0140324 0.013634 0.0131724 0.0126886 0.0118887 0.0113272 0.0106242 0.00976014 0.00900466 0.00838805 0.00766186 0.00703061 0.00644582 0.00575347 0.00521059 0.00473337 0.00432836 0.00380417 0.0033931 0.00307545 0.00269468 0.00244471 0.00208666 0.00193314 0.00166145 0.00147208 0.00128624 0.00111454 0.0010196 0.00088375 0.000781235 0.00070498 0.000557015 0.000503485 0.00042117 0.0003838 0.000323705 0.000268155 0.000255025 0.00021109 0.000192405 0.000145945 0.00013837 0.000105545 8.9385e-05 0.000619635 
0.00697304 0.00728665 0.00766035 0.00793002 0.00798203 0.00793002 0.00786285 0.00774216 0.00757702 0.00736846 0.00703263 0.00674226 0.006464 0.00608626 0.00568883 0.00536765 0.00496567 0.00468085 0.00432533 0.00393143 0.00369559 0.00337997 0.00299213 0.0027568 0.00249824 0.00226543 0.00206192 0.00188517 0.00163923 0.0015549 0.00134734 0.00118221 0.00108373 0.00095748 0.00084537 0.00078073 0.000662055 0.000575195 0.00051409 0.00046258 0.000409555 0.000352995 0.00029997 0.00029088 0.000240885 0.00021715 0.000176245 0.00016261 0.000145945 0.00013433 0.00081507 
0.00383901 0.00403142 0.00425008 0.00446824 0.00448794 0.00465459 0.00465408 0.00466772 0.00461924 0.00451521 0.00439552 0.00437583 0.00419302 0.0039794 0.00377387 0.0036658 0.00352238 0.00322998 0.00303404 0.00280073 0.00261237 0.00240784 0.00230785 0.00208212 0.00191193 0.0017776 0.00166398 0.00146299 0.00140996 0.00125594 0.00110191 0.00105848 0.000945865 0.00086052 0.000725685 0.00066054 0.000605495 0.000540855 0.000481265 0.000457025 0.000395415 0.00035047 0.000312595 0.00027674 0.00024139 0.000241895 0.000206545 0.00016362 0.00014544 0.000131805 0.0009494 
0.00217756 0.00234169 0.00246036 0.00259873 0.00261843 0.00274114 0.0027871 0.00274367 0.0028679 0.00277346 0.00274821 0.00275074 0.00257096 0.00248561 0.00246188 0.00233411 0.00232048 0.00219978 0.0021003 0.00200435 0.00185335 0.00177861 0.00163216 0.00158924 0.00144228 0.00135744 0.00122261 0.00113373 0.00106353 0.00092314 0.00088173 0.00084032 0.000772145 0.000664075 0.000643875 0.000563075 0.000534795 0.00047066 0.000423695 0.00038279 0.000345925 0.000321685 0.000268155 0.000245935 0.000236845 0.000210585 0.000171195 0.00014847 0.00015554 0.000121705 0.00100596 
0.0012519 0.00135542 0.00145794 0.00150339 0.00157712 0.00162509 0.00166701 0.00173316 0.0017468 0.00168973 0.00167711 0.00166095 0.00167206 0.00161095 0.00161146 0.00150541 0.00152914 0.00143319 0.00138067 0.00132512 0.00128927 0.00120342 0.00120241 0.00105747 0.00102515 0.00096556 0.000894355 0.000855975 0.000774165 0.00070902 0.000685285 0.000645895 0.00059489 0.000526715 0.000515605 0.000448945 0.000417635 0.000363095 0.00037673 0.00033229 0.00029795 0.00027573 0.00023634 0.000233815 0.00018483 0.000178265 0.00016463 0.000150995 0.000126755 0.00011312 0.000930715 
0.00073831 0.000809515 0.00083931 0.000907485 0.00094839 0.00100394 0.000999395 0.00100495 0.0010903 0.00106404 0.00107262 0.00103677 0.00107262 0.00106909 0.00102061 0.000988285 0.00100495 0.000946875 0.00093021 0.00087668 0.00086052 0.00081204 0.00079285 0.000733765 0.00068579 0.00067569 0.00062923 0.0005959 0.000549945 0.0005454 0.000473185 0.000466115 0.000432785 0.000427735 0.0003535 0.000355015 0.000338855 0.000290375 0.000273205 0.000279265 0.00024341 0.00021008 0.00020907 0.000174225 0.00015453 0.000139885 0.000135845 0.000118675 0.00010706 9.898e-05 0.00089385 
0.00046258 0.00049591 0.000515605 0.000547925 0.00055146 0.000591355 0.000590345 0.00067872 0.000637815 0.00066862 0.000659025 0.00066559 0.000668115 0.000660035 0.00066963 0.000619635 0.00061711 0.000619635 0.000606 0.000562065 0.000594385 0.000535805 0.000533785 0.000517625 0.00047672 0.0004747 0.00043531 0.000389355 0.000389355 0.000404 0.000331785 0.00032219 0.000312595 0.00030199 0.000280275 0.00026664 0.000260075 0.00022422 0.000209575 0.000195435 0.000194425 0.000162105 0.000149985 0.00014241 0.000129785 0.000123725 0.000108575 9.09e-05 8.989e-05 9.292e-05 0.000826685 
0.000258055 0.000301485 0.000337845 0.00035552 0.000347945 0.000365115 0.000366125 0.000435815 0.000404 0.000399455 0.00043935 0.00043834 0.00041713 0.00041612 0.000424705 0.00044036 0.00039491 0.000373195 0.00041713 0.00039895 0.000371175 0.00036158 0.00036764 0.000352995 0.00033128 0.000318655 0.00033027 0.00027371 0.00027371 0.000260075 0.000271185 0.000231795 0.00021614 0.00022422 0.000216645 0.000173215 0.00018079 0.00016261 0.000158065 0.000139885 0.000140895 0.000121705 9.9485e-05 0.00011413 0.00010908 9.2415e-05 7.9285e-05 7.8275e-05 7.373e-05 5.9085e-05 0.000717605 
0.000176245 0.000181295 0.00020705 0.00022422 0.000202 0.000240885 0.000236845 0.000257045 0.000246945 0.000290375 0.000259065 0.000266135 0.00029189 0.000285325 0.00027573 0.000263105 0.000271185 0.000273205 0.000265125 0.00023937 0.00024846 0.000245935 0.000245935 0.000213615 0.000226745 0.000205535 0.000235835 0.000195435 0.0002121 0.00018887 0.000157055 0.00017069 0.00016766 0.00014746 0.000155035 0.000133825 0.000138875 0.00012221 0.000110595 0.00010504 0.000101 0.00010403 9.09e-05 9.797e-05 7.5245e-05 6.6155e-05 6.1105e-05 6.868e-05 5.3025e-05 4.343e-05 0.000595395 
9.5445e-05 0.00011009 0.000124735 0.00013332 0.000138875 0.00014645 0.000157055 0.000169175 0.000164125 0.0001717 0.00018786 0.0001717 0.00017574 0.00019594 0.0001616 0.00016362 0.00017877 0.000175235 0.000155035 0.00016059 0.00017473 0.00015453 0.00016867 0.00016059 0.00015554 0.000156045 0.00014746 0.000134835 0.00012221 0.000122715 0.000130795 0.00011312 0.00011211 9.999e-05 0.00010403 0.00010706 0.000102515 8.1305e-05 8.08e-05 8.282e-05 7.373e-05 7.2215e-05 6.0095e-05 5.9085e-05 5.252e-05 5.6055e-05 4.7975e-05 4.8985e-05 3.6865e-05 3.939e-05 0.000458035 
7.777e-05 7.878e-05 7.9285e-05 8.9385e-05 9.595e-05 8.9385e-05 9.4435e-05 9.1405e-05 0.000107565 0.00011615 0.000115645 0.00011514 0.00011716 0.000114635 0.000111605 0.0001212 0.000116655 0.00012019 0.00011918 0.00012221 0.000104535 0.00011211 0.000101505 0.000101505 0.0001111 0.000110595 9.2415e-05 8.6355e-05 8.181e-05 8.2315e-05 8.0295e-05 6.8175e-05 7.6255e-05 7.171e-05 6.565e-05 5.959e-05 7.272e-05 6.767e-05 6.06e-05 5.858e-05 5.4035e-05 6.2115e-05 4.04e-05 4.6965e-05 4.141e-05 3.9895e-05 4.1915e-05 2.727e-05 3.0805e-05 2.9795e-05 0.000370165 
4.0905e-05 5.4035e-05 5.8075e-05 4.545e-05 5.252e-05 5.656e-05 6.06e-05 6.868e-05 6.2115e-05 7.2215e-05 6.666e-05 7.474e-05 7.1205e-05 8.383e-05 7.8275e-05 8.0295e-05 7.979e-05 6.9185e-05 6.969e-05 6.9185e-05 6.868e-05 7.2215e-05 6.767e-05 6.1105e-05 6.8175e-05 6.868e-05 5.7065e-05 6.969e-05 6.363e-05 6.666e-05 5.7065e-05 5.353e-05 5.7065e-05 5.252e-05 4.1915e-05 5.3025e-05 5.656e-05 4.949e-05 4.3935e-05 4.242e-05 3.6865e-05 3.0805e-05 3.6865e-05 3.0805e-05 3.2825e-05 2.9795e-05 2.3735e-05 3.0805e-05 2.929e-05 2.222e-05 0.000277245 
2.4745e-05 2.828e-05 3.1815e-05 2.9795e-05 3.838e-05 2.9795e-05 4.04e-05 4.4945e-05 4.0905e-05 4.646e-05 4.7975e-05 4.7975e-05 4.646e-05 4.7975e-05 5.4035e-05 5.1005e-05 4.343e-05 5.3025e-05 5.2015e-05 3.9895e-05 5.05e-05 5.1005e-05 4.747e-05 4.1915e-05 4.6965e-05 4.141e-05 4.2925e-05 4.646e-05 4.242e-05 3.3835e-05 4.343e-05 4.1915e-05 3.4845e-05 3.434e-05 3.232e-05 4.1915e-05 3.5855e-05 2.727e-05 2.828e-05 2.1715e-05 2.929e-05 3.3835e-05 3.131e-05 2.3735e-05 2.323e-05 2.02e-05 1.717e-05 1.5655e-05 1.4645e-05 1.515e-05 0.000228765 
1.6665e-05 1.7675e-05 1.818e-05 1.919e-05 1.919e-05 2.525e-05 3.2825e-05 2.8785e-05 2.9795e-05 3.232e-05 2.828e-05 2.525e-05 2.727e-05 3.535e-05 2.929e-05 2.929e-05 4.0905e-05 2.9795e-05 2.525e-05 2.3735e-05 3.03e-05 3.2825e-05 3.1815e-05 3.737e-05 2.525e-05 2.8785e-05 3.5855e-05 3.434e-05 3.3835e-05 2.2725e-05 3.1815e-05 2.626e-05 3.0805e-05 2.0705e-05 2.525e-05 2.424e-05 1.9695e-05 2.121e-05 2.424e-05 1.9695e-05 1.7675e-05 2.1715e-05 2.1715e-05 1.6665e-05 1.5655e-05 1.616e-05 1.212e-05 1.2625e-05 1.3635e-05 1.8685e-05 0.00015756 
1.111e-05 1.0605e-05 1.2625e-05 1.5655e-05 1.8685e-05 2.02e-05 1.313e-05 1.616e-05 1.6665e-05 1.616e-05 2.121e-05 1.818e-05 1.919e-05 1.515e-05 2.02e-05 1.717e-05 2.2725e-05 1.9695e-05 3.03e-05 1.9695e-05 2.2725e-05 2.424e-05 1.9695e-05 1.7675e-05 2.525e-05 2.121e-05 2.323e-05 2.1715e-05 1.7675e-05 1.6665e-05 1.8685e-05 1.616e-05 1.7675e-05 1.616e-05 1.515e-05 1.1615e-05 1.414e-05 1.414e-05 1.515e-05 1.616e-05 1.616e-05 1.2625e-05 1.8685e-05 1.3635e-05 8.08e-06 1.111e-05 9.09e-06 1.3635e-05 1.313e-05 4.545e-06 0.000119685 
0 0 0 0 0 0 0 0 0 0 0 0 0 0 0 0 0 0 0 0 0 0 0 0 0 0 0 0 0 0 0 0 0 0 0 0 0 0 0 0 0 0 0 0 0 0 0 0 0 0 0 
Per-collision Densities L:
0.906277 0.744867 0.610006 0.50084 0.411044 0.337268 0.276585 0.226434 0.186432 0.15297 0.125151 0.102637 0.0842658 0.0689487 0.056611 0.0465282 0.0380629 0.0315297 0.0258025 0.0212711 0.017269 0.0142117 0.011618 0.0096147 0.00785073 0.00644229 0.00525301 0.0043632 0.00363045 0.00298102 0.00237704 0.0019791 0.00158419 0.00129937 0.00108676 0.000883245 0.00069488 0.00060095 0.000497425 0.00039087 0.000326735 0.00025452 0.00020705 0.000206545 0.000152005 0.000124735 0.000103525 9.191e-05 7.171e-05 6.0095e-05 0.000241895 
0.0272503 0.0690699 0.094432 0.108655 0.114827 0.115321 0.111498 0.105763 0.0982558 0.09034 0.081654 0.0738143 0.0656919 0.0581876 0.0512469 0.0446243 0.0390996 0.0341385 0.0296667 0.0257075 0.0221458 0.018988 0.0163605 0.0139582 0.011969 0.0102621 0.00866681 0.00746946 0.00617464 0.00541411 0.00452733 0.0037976 0.00334815 0.00279316 0.00229977 0.00193415 0.00168418 0.00142511 0.00116807 0.000967075 0.000841835 0.000718615 0.000594385 0.000485305 0.000417635 0.00033431 0.000293405 0.000260075 0.000198465 0.000166145 0.00088173 
0.0070291 0.0195768 0.0300445 0.0374983 0.042722 0.0467877 0.048882 0.0496647 0.049136 0.047723 0.046258 0.043532 0.0407293 0.0382381 0.035195 0.0323114 0.0293642 0.0266014 0.0241259 0.0214746 0.0191617 0.017322 0.0154333 0.0135002 0.0117811 0.0105212 0.00928796 0.00809768 0.00714373 0.00624837 0.00548127 0.004747 0.00405919 0.00349864 0.00295627 0.00264469 0.00221998 0.00200283 0.00172912 0.00144127 0.00125846 0.00102818 0.00089385 0.00077871 0.000661045 0.000580245 0.00048379 0.00041713 0.00036562 0.000279265 0.00170236 
0.00229927 0.00675842 0.0109782 0.0147283 0.0175048 0.0202662 0.0219715 0.0230487 0.0242067 0.0245011 0.0242844 0.0240734 0.023276 0.0225922 0.0215191 0.0205394 0.019137 0.0180553 0.016918 0.015403 0.0141849 0.0132143 0.0121049 0.0109504 0.00986417 0.00887033 0.00799567 0.00720585 0.00634684 0.00582215 0.0051409 0.00452329 0.00402637 0.00359308 0.00314514 0.00279619 0.00244117 0.00217049 0.00193011 0.00163065 0.00145087 0.00128371 0.00111605 0.000938795 0.00078881 0.0007373 0.00063327 0.00054035 0.00046258 0.00042218 0.00244774 
0.00098778 0.00297647 0.00480053 0.00656601 0.00830675 0.00953541 0.0106333 0.0116135 0.0122048 0.0129159 0.0131255 0.0133613 0.0132366 0.0131734 0.0127245 0.0123902 0.0120771 0.0112797 0.0109146 0.0102783 0.00962328 0.00911071 0.00853248 0.00781791 0.00734775 0.00673721 0.00611808 0.00571559 0.0051005 0.00471014 0.00423746 0.00383043 0.00345774 0.00319968 0.00281285 0.00256591 0.00228765 0.00203263 0.00180942 0.00162812 0.00139229 0.00125291 0.00112363 0.00098879 0.0008888 0.00077366 0.000677205 0.000601455 0.000550955 0.000466115 0.00315373 
0.00049086 0.00142562 0.00241996 0.00319766 0.00408444 0.0048273 0.00545148 0.00607667 0.00651248 0.00694426 0.00718514 0.00749824 0.00763813 0.00759217 0.00743613 0.00750784 0.00741896 0.00716949 0.00689123 0.00663924 0.00644633 0.00607869 0.00576508 0.00539643 0.00512121 0.00480407 0.00443643 0.00411474 0.00383093 0.00352743 0.0032921 0.00301283 0.00273205 0.00255985 0.00229775 0.00210636 0.00186497 0.00173922 0.00156399 0.00141148 0.001262 0.00111706 0.00102465 0.00094637 0.000833755 0.00079285 0.000675185 0.000579235 0.000518635 0.00045046 0.00341481 
0.000253005 0.000745885 0.00121352 0.00177861 0.00212454 0.00258459 0.00288911 0.00327139 0.00356581 0.00382285 0.00413343 0.00409555 0.00430614 0.00437684 0.00450763 0.0044945 0.00443643 0.00436522 0.00422079 0.00424301 0.00401526 0.00399304 0.00376932 0.00360924 0.00347541 0.00330624 0.00311282 0.0028982 0.00273609 0.00260277 0.00239572 0.00221998 0.00201849 0.0019084 0.00176801 0.00159025 0.00149834 0.00141097 0.0012726 0.00114888 0.00100697 0.00097566 0.00086759 0.00077669 0.00069488 0.00068175 0.00056964 0.00051005 0.000450965 0.000427735 0.00342845 
0.00014241 0.000397435 0.000698415 0.00094132 0.00121655 0.00143875 0.00165741 0.00187658 0.00213817 0.00220483 0.00231997 0.00246087 0.00248561 0.0025856 0.00262499 0.00271993 0.00276033 0.00270731 0.002676 0.00263257 0.00254672 0.00250783 0.00243057 0.00238916 0.00225786 0.00214373 0.00210838 0.001969 0.00194122 0.00176296 0.00169731 0.00158621 0.00149076 0.00143067 0.00130543 0.0012216 0.00118322 0.00101253 0.00094738 0.00092112 0.000836785 0.000777195 0.00071811 0.00064337 0.00059085 0.000525705 0.000482275 0.00043935 0.000399455 0.000360065 0.00315979 
8.989e-05 0.00022725 0.000381275 0.00056055 0.0006969 0.000812545 0.00098273 0.00110292 0.00117615 0.00131704 0.00135189 0.00149329 0.00151298 0.00155338 0.00160338 0.0016559 0.00165741 0.00169983 0.00164731 0.00168266 0.00162863 0.00162206 0.00158873 0.00153167 0.00151753 0.00146097 0.00142663 0.0013226 0.00128523 0.00124836 0.0011918 0.00107969 0.00105444 0.000989295 0.00095445 0.000886275 0.00085143 0.0007676 0.000734775 0.00061913 0.000609535 0.00061913 0.00054742 0.000502475 0.000476215 0.000419655 0.000367135 0.00033734 0.000335825 0.000296435 0.0028477 
4.444e-05 0.00014443 0.00024038 0.000331785 0.00041006 0.000489345 0.000542875 0.00065044 0.000723665 0.00080598 0.000842845 0.000860015 0.000942835 0.000969095 0.000961015 0.00099384 0.0010095 0.00100748 0.00104182 0.00105444 0.00106454 0.00101051 0.00102667 0.0010095 0.000979195 0.000984245 0.000905465 0.00091203 0.000825675 0.000846885 0.000810525 0.000754975 0.000745885 0.000685285 0.00066458 0.00063933 0.00059893 0.000544895 0.000544895 0.000501465 0.000460055 0.000427735 0.000382285 0.000357035 0.00035249 0.000302495 0.00029593 0.00026361 0.00027169 0.00023634 0.00242148 
3.131e-05 8.686e-05 0.00012625 0.000194425 0.00023937 0.00029088 0.000351985 0.000366125 0.000430765 0.000470155 0.000506515 0.00051005 0.0005555 0.000570145 0.000641855 0.000627715 0.00064539 0.000638825 0.000648925 0.00069387 0.00067973 0.00068074 0.000659025 0.0006868 0.000669125 0.00061105 0.000630745 0.000551965 0.000571155 0.00056459 0.000571155 0.00051207 0.000525705 0.000486315 0.0004747 0.0004343 0.00043127 0.000410565 0.000370165 0.0003434 0.00034037 0.000310575 0.00029593 0.00028886 0.000254015 0.000235835 0.00021513 0.000207555 0.000184325 0.00017271 0.00200031 
1.6665e-05 5.1005e-05 8.787e-05 0.000113625 0.000135845 0.00016968 0.00020402 0.000221695 0.00026967 0.000282295 0.000314615 0.00033835 0.000356025 0.000363095 0.000377235 0.000369155 0.00042319 0.00039794 0.00042925 0.00040703 0.00042521 0.000411575 0.000412585 0.00043935 0.0004141 0.000402485 0.000417635 0.00041208 0.000376225 0.000397435 0.00037875 0.000360065 0.00031815 0.000313605 0.000305525 0.00030805 0.00028785 0.000296435 0.00025957 0.00025755 0.00023735 0.0002323 0.00019695 0.00020402 0.000194425 0.00019493 0.00016362 0.000138875 0.00014746 0.000144935 0.00160035 
9.09e-06 2.626e-05 4.949e-05 7.2215e-05 8.484e-05 0.000101 0.000118675 0.000147965 0.000153015 0.000167155 0.000209575 0.00021614 0.00019291 0.000222705 0.00024341 0.000243915 0.000239875 0.00027977 0.000265125 0.00027876 0.00026058 0.00027068 0.00025048 0.00027573 0.00029088 0.00027472 0.00024644 0.00024644 0.000236845 0.00026866 0.00022725 0.00023836 0.000231795 0.000219675 0.000210585 0.0002222 0.000195435 0.000193415 0.000186345 0.000172205 0.000160085 0.000168165 0.000143925 0.00014241 0.00013635 0.00013534 0.000122715 0.00011514 9.9485e-05 0.000101505 0.00122715 
3.535e-06 1.919e-05 2.828e-05 3.9895e-05 5.2015e-05 6.5145e-05 7.979e-05 8.989e-05 9.898e-05 0.00010908 0.00012928 0.000117665 0.0001313 0.000139885 0.000162105 0.00016362 0.00016362 0.000155035 0.000179275 0.00017675 0.000162105 0.00017978 0.00018887 0.00017574 0.00017372 0.000160085 0.000178265 0.00016059 0.000187355 0.00016059 0.00016059 0.000162105 0.00014039 0.00015857 0.00014847 0.00014039 0.00013332 0.00012625 0.000129785 0.000127765 0.0001111 0.00011615 0.000104535 9.696e-05 9.292e-05 8.181e-05 8.8375e-05 8.383e-05 7.5245e-05 7.8275e-05 0.00096556 
4.04e-06 7.07e-06 1.515e-05 2.6765e-05 3.434e-05 4.444e-05 4.0905e-05 6.161e-05 5.9085e-05 6.8175e-05 6.9185e-05 8.1305e-05 8.5345e-05 7.676e-05 9.5445e-05 0.000103525 0.000101505 9.696e-05 0.000110595 0.00011009 0.00010403 0.000118675 0.000113625 0.00010201 0.00010403 0.00010201 0.000107565 0.000106555 0.000103525 0.000113625 0.00011009 0.000110595 9.797e-05 0.00010605 9.999e-05 9.8475e-05 0.000110595 9.494e-05 9.5445e-05 9.494e-05 8.282e-05 8.1305e-05 7.474e-05 7.8275e-05 6.969e-05 5.8075e-05 6.464e-05 6.06e-05 6.161e-05 5.757e-05 0.00072821 
3.03e-06 8.585e-06 1.414e-05 1.5655e-05 1.616e-05 2.6765e-05 3.2825e-05 3.2825e-05 3.434e-05 4.3935e-05 4.6965e-05 4.848e-05 5.05e-05 6.9185e-05 6.262e-05 6.6155e-05 7.1205e-05 7.1205e-05 5.353e-05 6.464e-05 7.272e-05 6.0095e-05 7.575e-05 7.4235e-05 7.5245e-05 6.868e-05 6.6155e-05 7.575e-05 7.272e-05 8.383e-05 7.373e-05 7.5245e-05 5.6055e-05 7.575e-05 7.373e-05 7.1205e-05 6.9185e-05 5.8075e-05 5.555e-05 5.757e-05 5.8075e-05 4.949e-05 5.555e-05 5.6055e-05 5.757e-05 4.747e-05 4.141e-05 4.04e-05 4.2925e-05 3.737e-05 0.00053934 
5.05e-07 1.01e-06 1.1615e-05 8.585e-06 8.08e-06 1.5655e-05 2.121e-05 2.2725e-05 1.8685e-05 3.333e-05 3.8885e-05 3.535e-05 3.8885e-05 3.6865e-05 4.141e-05 3.939e-05 4.545e-05 4.6965e-05 3.535e-05 4.2925e-05 4.4945e-05 4.545e-05 4.242e-05 4.242e-05 4.747e-05 4.6965e-05 4.949e-05 4.4945e-05 4.4945e-05 5.252e-05 5.4035e-05 4.242e-05 4.646e-05 5.3025e-05 3.9895e-05 4.8985e-05 4.2925e-05 5.1005e-05 3.9895e-05 4.4945e-05 3.5855e-05 4.04e-05 3.737e-05 3.9895e-05 3.333e-05 3.131e-05 2.9795e-05 2.929e-05 2.3735e-05 2.7775e-05 0.000409555 
1.515e-06 3.03e-06 3.03e-06 6.06e-06 1.2625e-05 1.313e-05 1.111e-05 1.2625e-05 1.0605e-05 2.02e-05 2.2725e-05 1.7675e-05 2.323e-05 2.121e-05 2.3735e-05 2.727e-05 2.8785e-05 2.8785e-05 2.7775e-05 3.4845e-05 3.232e-05 3.03e-05 3.232e-05 2.727e-05 3.4845e-05 3.535e-05 3.333e-05 3.131e-05 3.232e-05 3.2825e-05 2.525e-05 3.333e-05 2.626e-05 2.5755e-05 2.828e-05 2.929e-05 2.5755e-05 2.4745e-05 3.3835e-05 2.0705e-05 2.323e-05 3.1815e-05 2.9795e-05 2.222e-05 2.0705e-05 2.3735e-05 2.1715e-05 3.131e-05 2.1715e-05 2.1715e-05 0.000294415 
0 1.01e-06 4.545e-06 4.04e-06 4.545e-06 1.01e-05 6.565e-06 7.575e-06 1.111e-05 8.08e-06 1.515e-05 1.4645e-05 1.2625e-05 2.0705e-05 1.818e-05 2.3735e-05 2.02e-05 1.616e-05 1.919e-05 2.3735e-05 1.5655e-05 1.9695e-05 1.8685e-05 1.9695e-05 1.616e-05 2.323e-05 2.02e-05 1.9695e-05 1.6665e-05 2.2725e-05 2.525e-05 2.0705e-05 1.5655e-05 2.222e-05 2.222e-05 1.919e-05 2.121e-05 2.02e-05 1.919e-05 1.7675e-05 1.414e-05 1.3635e-05 1.616e-05 1.6665e-05 1.717e-05 1.4645e-05 1.515e-05 1.5655e-05 1.7675e-05 1.4645e-05 0.00023533 
0 0 0 0 0 0 0 0 0 0 0 0 0 0 0 0 0 0 0 0 0 0 0 0 0 0 0 0 0 0 0 0 0 0 0 0 0 0 0 0 0 0 0 0 0 0 0 0 0 0 0 
