Half rod, albedo problem, isotropic scattering, exponential random flight, mu_t: 1
Analogmu_t c: 0.999 maxx: 10 dx: 0.19802 numsamples: 1000000 numCollisionOrders: 20 numMoments: 10
total albedo: 0.938793
per-collision order albedos: 
0 0.250212 0.124701 0.077912 0.054057 0.041066 0.032361 0.026014 0.021802 0.018264 0.015874 0.013833 0.012147 0.010938 0.009914 0.008804 0.008141 0.007237 0.006766 0.006406 
Collision density L:
0.935179 0.928544 0.925458 0.915363 0.914176 0.910045 0.898531 0.895128 0.888851 0.880735 0.879922 0.875503 0.867449 0.860697 0.854288 0.849147 0.847365 0.841456 0.839588 0.836214 0.826614 0.818928 0.813242 0.812919 0.80596 0.800349 0.793678 0.788143 0.785942 0.78177 0.775791 0.768787 0.764131 0.760202 0.753541 0.751258 0.747031 0.741406 0.734361 0.72824 0.728553 0.723423 0.718494 0.713045 0.710429 0.704051 0.701021 0.693719 0.692466 0.686214 110.507 
Collision density R:
0.996693 0.985674 0.985452 0.979463 0.972564 0.962929 0.963222 0.949865 0.950779 0.937063 0.935033 0.934482 0.928039 0.915318 0.910995 0.907137 0.900203 0.894047 0.885755 0.884947 0.882427 0.875019 0.869524 0.864186 0.858626 0.855303 0.848582 0.846087 0.834644 0.83427 0.826119 0.823857 0.818332 0.810772 0.808157 0.801223 0.796991 0.790653 0.784139 0.780528 0.77768 0.768358 0.766413 0.763636 0.755844 0.75143 0.747218 0.740416 0.737542 0.732043 117.693 
Density Moments:
61.6629 1965.97 125384 1.19945e+07 1.52926e+09 2.43186e+11 4.61268e+13 1.00845e+16 2.47038e+18 6.62096e+20 
Per-collision Density Moments:
1 0.999784 1.9985 5.99654 24.0014 119.999 717.737 4971.84 38831.9 334162 
0.748803 1.24745 3.48904 13.4388 65.5265 384.863 2630.82 20390.8 175505 1.6492e+06 
0.623341 1.37039 4.72923 21.6336 122.248 819.38 6337.39 55404.4 538449 5.7354e+06 
0.54483 1.44658 5.81297 30.2974 192.019 1425.06 12064.5 114179 1.18803e+06 1.33988e+07 
0.490191 1.49898 6.7763 39.1611 272.259 2197.89 20103.7 204412 2.27365e+06 2.72797e+07 
0.448658 1.53743 7.65861 48.2194 361.951 3131.7 30522.8 329337 3.87927e+06 4.9303e+07 
0.415853 1.56768 8.48197 57.5823 463.687 4289.06 44613.2 513788 6.47119e+06 8.82087e+07 
0.389434 1.59206 9.25559 67.1692 576.167 5665.15 62614.2 767631 1.03383e+07 1.51763e+08 
0.367221 1.61141 9.9792 76.7844 695.67 7198.98 83429.5 1.06785e+06 1.49358e+07 2.26284e+08 
0.348607 1.62897 10.666 86.3606 820.294 8871.66 107140 1.42474e+06 2.0638e+07 3.22792e+08 
0.332379 1.6429 11.3125 95.9813 952.701 10744.3 135136 1.87173e+06 2.82903e+07 4.63306e+08 
0.318221 1.65441 11.93 105.714 1093.38 12819.8 167236 2.39599e+06 3.73462e+07 6.28697e+08 
0.30576 1.66489 12.5199 115.422 1239.8 15074.1 203625 3.01678e+06 4.85564e+07 8.4279e+08 
0.2945 1.67449 13.1059 125.567 1400.35 17657.7 246938 3.77678e+06 6.24979e+07 1.10926e+09 
0.284298 1.68238 13.6565 135.453 1561.51 20324.1 292988 4.61399e+06 7.8551e+07 1.43365e+09 
0.275197 1.68994 14.1943 145.437 1729.69 23195.3 344013 5.56427e+06 9.71035e+07 1.81252e+09 
0.26681 1.6969 14.7254 155.668 1907.85 26333 401398 6.66075e+06 1.18977e+08 2.26679e+09 
0.259316 1.70185 15.2184 165.616 2087.14 29577 461958 7.83487e+06 1.42621e+08 2.76028e+09 
0.252282 1.70627 15.696 175.469 2268.82 32955.5 527199 9.15357e+06 1.70547e+08 3.37897e+09 
0 0 0 0 0 0 0 0 0 0 
Per-collision Densities L:
0 0 0 0 0 0 0 0 0 0 0 0 0 0 0 0 0 0 0 0 0 0 0 0 0 0 0 0 0 0 0 0 0 0 0 0 0 0 0 0 0 0 0 0 0 0 0 0 0 0 0 
0.225452 0.185855 0.153677 0.124791 0.102035 0.0843199 0.0696446 0.0558177 0.04696 0.0381124 0.031709 0.0255732 0.0208868 0.0167256 0.0145996 0.0116504 0.00946875 0.0078073 0.00637815 0.00532775 0.0043127 0.0033936 0.00296435 0.0023937 0.00207555 0.0016968 0.0012827 0.0011413 0.0008585 0.0007272 0.00044945 0.0005454 0.0003939 0.00034845 0.00022725 0.00023735 0.00015655 0.0001414 0.0001111 8.08e-05 8.585e-05 6.565e-05 7.07e-05 4.04e-05 3.03e-05 2.525e-05 3.03e-05 3.535e-05 1.01e-05 2.525e-05 7.575e-05 
0.124664 0.118801 0.113746 0.105126 0.0974196 0.0887538 0.0787194 0.0702051 0.0619585 0.0546107 0.0490153 0.0413393 0.0365873 0.031108 0.0267297 0.0236492 0.0202606 0.0172559 0.0148975 0.0132462 0.0105394 0.00940815 0.0080194 0.00654985 0.0056156 0.0048581 0.0042117 0.00349965 0.0028179 0.00258055 0.00202 0.001717 0.00146955 0.00124735 0.00110595 0.00085345 0.000707 0.0005454 0.00048985 0.00045955 0.00038885 0.0002727 0.00028785 0.0002626 0.00018685 0.00014645 0.00012625 9.09e-05 8.585e-05 6.565e-05 0.0003535 
0.0780579 0.0807748 0.0814212 0.0788002 0.0759571 0.0731745 0.0678114 0.0651501 0.0607061 0.0548632 0.0500657 0.0475609 0.0411171 0.0385618 0.0339411 0.0302748 0.0268812 0.024139 0.0218766 0.0193769 0.0165741 0.0147561 0.0130088 0.0113625 0.00979195 0.00877185 0.0078376 0.0061105 0.00567115 0.00479245 0.00427735 0.0037673 0.0033027 0.0025856 0.00216645 0.00211595 0.0016564 0.00138875 0.0012423 0.00100495 0.00090395 0.00076255 0.00065145 0.0005858 0.0004949 0.00044945 0.00035855 0.00033835 0.0002727 0.0002424 0.0012221 
0.056252 0.0573933 0.0587113 0.0600546 0.0601253 0.0587972 0.0570196 0.0564186 0.0528988 0.0507677 0.0476922 0.0444956 0.04141 0.0388547 0.0359207 0.0325422 0.0302091 0.0277851 0.024947 0.0237653 0.0210181 0.0190335 0.016362 0.0149177 0.0133724 0.011711 0.0108727 0.0093021 0.0082517 0.00763055 0.0066458 0.00581255 0.00490355 0.00426725 0.00404505 0.0033532 0.0028381 0.00263105 0.0022523 0.0018988 0.00163115 0.0015352 0.00121705 0.00127765 0.00100495 0.0008686 0.00061105 0.0007373 0.00065145 0.000505 0.0029391 
0.0423342 0.0444703 0.0463136 0.0469398 0.0479599 0.0475811 0.0476013 0.0462984 0.0453541 0.0441168 0.0428796 0.0417332 0.0391375 0.0368095 0.034946 0.0323049 0.0306081 0.0287901 0.0264317 0.0245481 0.0230179 0.020604 0.0186295 0.0171953 0.0161701 0.0149379 0.0129028 0.0118625 0.0107111 0.00970105 0.0086052 0.0076659 0.00686295 0.006363 0.00536815 0.0048783 0.0043935 0.00394405 0.0034542 0.0029391 0.00266135 0.00238865 0.0020604 0.001818 0.00142915 0.00143925 0.00116655 0.00123725 0.0008787 0.00090395 0.0054742 
0.0333856 0.0351783 0.0366075 0.037971 0.0377185 0.0394304 0.0392082 0.0395264 0.0388648 0.0386477 0.0379407 0.0366681 0.0361378 0.034138 0.0319463 0.0307747 0.0296183 0.0286941 0.0275175 0.0251288 0.0234169 0.0216393 0.0206444 0.0186749 0.0181447 0.0162863 0.0147763 0.0137411 0.0123675 0.0115645 0.010605 0.0091607 0.0086052 0.00779215 0.0070599 0.00662055 0.0056459 0.00533785 0.00475205 0.0039794 0.00376225 0.00329765 0.00285325 0.00258055 0.00224725 0.00209575 0.00183315 0.0017473 0.0014241 0.00135845 0.00932735 
0.02676 0.0286739 0.0303051 0.0312797 0.0325422 0.0331381 0.0339865 0.0343148 0.0344764 0.0335775 0.0331129 0.0327442 0.0320726 0.0312242 0.0299162 0.0300576 0.0277144 0.0275023 0.0255379 0.0246693 0.0229321 0.0217908 0.0208919 0.0194728 0.0183265 0.01717 0.0160035 0.014847 0.0142663 0.0127513 0.0117716 0.0110848 0.0100899 0.00918595 0.0083123 0.007575 0.0068175 0.00642865 0.00558025 0.0050197 0.00466115 0.00404505 0.00382285 0.0033128 0.00313605 0.0027169 0.00251995 0.0022725 0.00201495 0.00187355 0.0142865 
0.0224725 0.0240683 0.0250177 0.0267145 0.0276235 0.0284366 0.0292496 0.0292951 0.0294213 0.0297597 0.0301283 0.0294062 0.029083 0.0283356 0.0279265 0.026866 0.0262247 0.0254167 0.0248965 0.0243006 0.0223766 0.021609 0.0203818 0.0197354 0.0188264 0.0172912 0.0162661 0.0154025 0.0143521 0.0136148 0.0127361 0.011812 0.0107868 0.00986265 0.009595 0.0087163 0.0077467 0.007373 0.00684275 0.00583275 0.00537825 0.0051611 0.00448945 0.0041915 0.0039693 0.0035148 0.0031108 0.00296435 0.00266135 0.0025351 0.0202253 
0.0189375 0.0206646 0.0214928 0.0226139 0.024341 0.0246642 0.0247703 0.0254318 0.0263004 0.0260429 0.026058 0.0262196 0.026563 0.0251844 0.0250127 0.0249925 0.0244168 0.0238663 0.023129 0.0223816 0.0216191 0.020801 0.0202152 0.0196597 0.0177104 0.0173619 0.0161802 0.0153015 0.0148016 0.0139128 0.0130391 0.0122614 0.0117716 0.0106353 0.0100647 0.00927685 0.0089587 0.00825675 0.00786285 0.0065145 0.00636805 0.0059792 0.0055247 0.0053025 0.00464095 0.0042319 0.00404 0.00380265 0.00324715 0.0031512 0.0267448 
0.0166347 0.017468 0.0186547 0.0199021 0.0208616 0.0210131 0.0218514 0.0231997 0.0232906 0.0227705 0.023028 0.0239118 0.0233866 0.023831 0.0233714 0.0229674 0.0229472 0.0222907 0.0223008 0.0212302 0.0207808 0.0204778 0.0193466 0.0180033 0.017776 0.0174831 0.0165337 0.0151551 0.0150591 0.013933 0.0134027 0.0128018 0.0118928 0.0110595 0.0106151 0.0102162 0.009595 0.0091405 0.0081507 0.007373 0.0070801 0.00646905 0.00597415 0.0056257 0.00508535 0.00510555 0.0043329 0.00414605 0.00391375 0.00346935 0.034239 
0.0142208 0.0153571 0.0169529 0.0173821 0.018988 0.0190638 0.0200283 0.0201647 0.0207101 0.0205434 0.0215837 0.0213161 0.0213716 0.0213868 0.0217403 0.0210131 0.0210232 0.0202354 0.0202101 0.0196748 0.0197758 0.0190436 0.0190789 0.0182457 0.0167307 0.0169731 0.0162105 0.0156298 0.0150642 0.013837 0.0131704 0.0129533 0.0123675 0.0114686 0.0112262 0.0106555 0.0097162 0.00972125 0.0086254 0.00795375 0.0074639 0.0069084 0.00676195 0.0061812 0.00608525 0.0052823 0.0050803 0.00460055 0.0041814 0.004141 0.0417029 
0.0128927 0.0139178 0.0147662 0.0152157 0.0158974 0.0174023 0.0174983 0.0179578 0.0178164 0.0187355 0.0191244 0.0193668 0.0197304 0.0195486 0.0198364 0.0197455 0.0195031 0.0191951 0.0190183 0.0188618 0.0182507 0.0181598 0.0176599 0.0176397 0.0165539 0.0159075 0.0157611 0.015145 0.0143319 0.0142158 0.0137411 0.0128624 0.0125291 0.0118473 0.0112767 0.0110595 0.0099283 0.0096152 0.008787 0.00823655 0.0079285 0.00753965 0.0070397 0.00672155 0.0063327 0.0060297 0.00539845 0.0052722 0.00479245 0.0043127 0.0496466 
0.0112716 0.0124786 0.0129432 0.0137966 0.0146703 0.0153015 0.0158671 0.0166297 0.0166549 0.0172357 0.0175084 0.017872 0.0175538 0.0180487 0.0177003 0.0177861 0.0178922 0.0181952 0.0184426 0.0177457 0.0176043 0.0171498 0.0162964 0.0166903 0.0158671 0.0153874 0.0154379 0.0145541 0.0144834 0.0135088 0.0131654 0.0126604 0.0119786 0.0118069 0.0111656 0.0107818 0.0103222 0.0102111 0.0091506 0.0084032 0.0082214 0.00772145 0.0072518 0.00672155 0.00680235 0.0066155 0.0058479 0.00537825 0.0051914 0.00470155 0.0565247 
0.0100849 0.0112767 0.012221 0.0121806 0.0131098 0.0137057 0.0141552 0.0142006 0.0152763 0.0158065 0.0156197 0.0163469 0.0163721 0.0165186 0.016766 0.0167105 0.0173114 0.0169327 0.0165236 0.0163873 0.0163317 0.0165388 0.0161954 0.0158469 0.0158974 0.0153116 0.0148622 0.0146349 0.013837 0.0135441 0.0127816 0.0128472 0.0119786 0.0117615 0.0111706 0.0110141 0.0102212 0.0102465 0.00926675 0.00892335 0.0086961 0.00808 0.0076356 0.00715585 0.00695385 0.0063832 0.0061913 0.0058378 0.0053631 0.00524695 0.0652309 
0.0092718 0.0098172 0.0108474 0.011716 0.0119433 0.0128371 0.0132815 0.0135593 0.0138269 0.0140845 0.0150995 0.0150238 0.0152056 0.0149632 0.0152409 0.0154126 0.0154379 0.0154884 0.0157257 0.0153722 0.015751 0.0151904 0.0156399 0.0147208 0.0150995 0.0143622 0.0142814 0.0134381 0.0136653 0.0132007 0.0128068 0.0125796 0.011711 0.0116706 0.0111757 0.0108626 0.0100647 0.0098374 0.00931725 0.00889305 0.00886275 0.00817595 0.00778205 0.00752955 0.00708515 0.006868 0.0067468 0.00590345 0.0056358 0.00536815 0.0731139 
0.0088072 0.00897385 0.0098172 0.0103071 0.0107767 0.0117817 0.0118473 0.0118827 0.0131502 0.0129533 0.0136401 0.0138673 0.0142764 0.0142612 0.0147864 0.0145289 0.0145289 0.0147612 0.0150086 0.0154379 0.0141148 0.0146652 0.0147258 0.0143168 0.0135694 0.0137562 0.0136855 0.0137815 0.0128523 0.0130694 0.0124331 0.0122311 0.0118322 0.0116201 0.0105596 0.0109737 0.00990305 0.00965055 0.00940815 0.00922635 0.0086153 0.0083022 0.0077265 0.00784265 0.00703465 0.00704475 0.0068175 0.00626705 0.00581255 0.0054136 0.0815575 
0.0078275 0.0087466 0.00879205 0.0095041 0.0100445 0.0105646 0.0108979 0.0115847 0.0121604 0.0120443 0.0130139 0.0128927 0.0135037 0.0135997 0.0135492 0.0139128 0.0140794 0.0137663 0.0140441 0.0141653 0.013837 0.0133825 0.0137865 0.0137966 0.0133472 0.0130947 0.0135946 0.0127109 0.0123624 0.0119938 0.0117413 0.011509 0.011206 0.0112413 0.0112161 0.0105949 0.0100344 0.00984245 0.0093829 0.0091405 0.00845875 0.00824665 0.00789315 0.0079891 0.00759015 0.0072114 0.00700435 0.006262 0.00613575 0.0061004 0.0875418 
0.00726695 0.00809515 0.0083527 0.0091405 0.0094435 0.00974145 0.0101404 0.0109737 0.0114585 0.0113827 0.0116756 0.0122362 0.0120493 0.0125745 0.0126452 0.0128725 0.013125 0.013332 0.0131856 0.0133371 0.013332 0.0130795 0.0126806 0.0132159 0.0128977 0.0129078 0.0124735 0.0124735 0.0119584 0.0118473 0.0118827 0.0114433 0.0109737 0.0107464 0.0101505 0.0102616 0.0102061 0.00972125 0.00869105 0.00935765 0.00869105 0.00841835 0.007777 0.00788305 0.0075649 0.0073225 0.0070296 0.0066357 0.00636805 0.00626705 0.0949148 
0 0 0 0 0 0 0 0 0 0 0 0 0 0 0 0 0 0 0 0 0 0 0 0 0 0 0 0 0 0 0 0 0 0 0 0 0 0 0 0 0 0 0 0 0 0 0 0 0 0 0 
Per-collision Densities L:
0.906505 0.742002 0.61259 0.500788 0.410919 0.337582 0.279316 0.226114 0.186572 0.152364 0.125008 0.102798 0.0844158 0.0683922 0.0561611 0.0458692 0.03838 0.0314969 0.0255025 0.0209828 0.0167256 0.0142057 0.0116554 0.00986265 0.00812545 0.00670135 0.0048783 0.0042824 0.00350975 0.0029492 0.0024341 0.00201495 0.0016362 0.001313 0.0011615 0.00082315 0.00067165 0.000606 0.0004949 0.00033835 0.00033835 0.0002727 0.000202 0.00018685 0.0001313 0.00010605 0.0001313 8.08e-05 6.565e-05 6.565e-05 0.0002727 
0.0430917 0.108136 0.149192 0.173023 0.183315 0.182694 0.177679 0.167675 0.156646 0.142021 0.129477 0.118619 0.104919 0.091405 0.080694 0.0715838 0.0620746 0.0536058 0.0465812 0.0403495 0.0356328 0.0294769 0.0260025 0.0222453 0.0187305 0.0160388 0.0138421 0.0115443 0.00989295 0.00842845 0.00721645 0.00603475 0.00518635 0.0044743 0.00358045 0.00323705 0.00250985 0.0022119 0.0017372 0.00159075 0.0012524 0.001111 0.0009595 0.0008484 0.0006464 0.00062115 0.0005151 0.00031815 0.00031815 0.0003535 0.0012928 
0.0122715 0.0353652 0.0557773 0.0734371 0.0858702 0.0949804 0.101157 0.103904 0.104974 0.102606 0.1005 0.0956319 0.0910364 0.0842593 0.0779771 0.0723463 0.0662459 0.060499 0.0538078 0.0494193 0.0448592 0.0393648 0.0352288 0.0311989 0.0276437 0.0245481 0.0217554 0.0190739 0.0165186 0.0143824 0.0126351 0.0109686 0.00949905 0.0081507 0.00720635 0.0060196 0.0054439 0.0045955 0.00397435 0.00333805 0.0029896 0.00235835 0.0020705 0.00187355 0.0015453 0.00128775 0.00128775 0.00105545 0.00082315 0.00082315 0.0042117 
0.0063125 0.0175993 0.0302748 0.0400213 0.0487578 0.0567115 0.0620443 0.067064 0.0711848 0.0725332 0.0735432 0.0733614 0.0726392 0.0698112 0.0668974 0.063226 0.0608525 0.0564287 0.0540401 0.0493133 0.0465358 0.0419504 0.0392789 0.0351935 0.0321685 0.0292294 0.026563 0.0237249 0.0212302 0.0193163 0.0178619 0.0153268 0.013736 0.0120392 0.0104889 0.00927685 0.0081204 0.0072417 0.00645895 0.0054338 0.0051207 0.00421675 0.0037269 0.00358045 0.0030704 0.00246945 0.00227755 0.00178265 0.00174225 0.00161095 0.00902435 
0.0039188 0.0115342 0.0183214 0.0261641 0.0322493 0.0378195 0.0435361 0.04696 0.0505859 0.052116 0.05403 0.056762 0.056459 0.0567216 0.0556359 0.0537775 0.0519696 0.0510101 0.0487123 0.0463338 0.0435512 0.042016 0.0386022 0.0356783 0.0339764 0.0310929 0.028987 0.0269973 0.0240532 0.0218615 0.0205434 0.0185891 0.0163267 0.0153874 0.0139734 0.0122564 0.0105899 0.00962025 0.00925665 0.00793355 0.00685285 0.00631755 0.00556005 0.00489345 0.00440865 0.0038077 0.0033229 0.00290375 0.0026563 0.0022927 0.0163822 
0.00281285 0.00815575 0.0133926 0.0175639 0.023331 0.0269872 0.0310878 0.0345824 0.0380619 0.040804 0.0417383 0.0436421 0.0451066 0.045046 0.045652 0.045546 0.0444299 0.0434553 0.0426574 0.041809 0.0400061 0.0387992 0.0374205 0.0349612 0.0327291 0.0316029 0.0300778 0.027775 0.0249571 0.0240936 0.0219423 0.0205636 0.0192001 0.0175538 0.0162863 0.0146551 0.0130038 0.0119281 0.010908 0.0094233 0.0087567 0.00778205 0.00732755 0.0066559 0.0059085 0.0053732 0.00478235 0.0040097 0.0038178 0.00323705 0.0255025 
0.0020705 0.00566105 0.0104182 0.0135946 0.017574 0.0204576 0.0246087 0.0275074 0.0295324 0.0315777 0.0338249 0.0351026 0.0364307 0.0370064 0.0376478 0.0384103 0.0387739 0.038178 0.0372034 0.0368145 0.036158 0.034643 0.0336886 0.032113 0.0312898 0.0304566 0.0288103 0.0272953 0.0253864 0.0245329 0.0225584 0.021205 0.0200788 0.0181649 0.0176851 0.0159328 0.0145592 0.0135239 0.0123271 0.0112565 0.0106858 0.00949905 0.0084436 0.00800425 0.007373 0.00659025 0.00576205 0.00545905 0.00485305 0.0044541 0.0364307 
0.0015857 0.00447935 0.00772145 0.0109131 0.0134987 0.0156904 0.0191496 0.0215282 0.024038 0.0251288 0.0276336 0.0297597 0.0308606 0.0307495 0.0319463 0.0329715 0.0329008 0.0328806 0.0324867 0.0332997 0.0328301 0.0311484 0.030194 0.0295375 0.0288355 0.02828 0.0267549 0.0265681 0.0248864 0.0237653 0.0227351 0.0215383 0.0202758 0.0189123 0.017468 0.0167357 0.0161095 0.014842 0.0134179 0.0128472 0.0115999 0.0108222 0.0101859 0.0088375 0.0082012 0.0077467 0.00709525 0.0064539 0.00563075 0.00549945 0.049081 
0.0012221 0.0036057 0.00636805 0.0088779 0.0111858 0.013125 0.0154985 0.0174225 0.0197405 0.0210484 0.0227957 0.0242905 0.0259217 0.0267246 0.0275781 0.0278508 0.0280578 0.0283608 0.0286032 0.0292446 0.0294112 0.028578 0.0280023 0.0275023 0.0268357 0.0264974 0.0249925 0.0244319 0.0235734 0.022821 0.0223261 0.0213565 0.0201495 0.0187709 0.0181598 0.0173316 0.0159479 0.0149329 0.0143016 0.0138825 0.0124937 0.0113777 0.0108272 0.0102162 0.0094132 0.0082517 0.00803455 0.00754975 0.00635795 0.00644885 0.0621655 
0.00110595 0.0030502 0.00522675 0.0072316 0.0093728 0.0113575 0.0130947 0.0150238 0.0161752 0.018478 0.0198465 0.0207959 0.0223867 0.0228715 0.0234876 0.0243158 0.0248511 0.0258055 0.0255783 0.0259823 0.0259823 0.0254823 0.025548 0.0249268 0.0251389 0.0243057 0.0238461 0.0237148 0.0231139 0.0218766 0.0210232 0.0206646 0.0190032 0.0189123 0.0179932 0.0173165 0.0164024 0.0156348 0.0149228 0.0137259 0.0131452 0.0122564 0.0114635 0.0107565 0.0100748 0.0091203 0.00877185 0.0082012 0.0072316 0.0071003 0.0744522 
0.00106555 0.00265125 0.00477225 0.0062115 0.0078881 0.0093728 0.0112767 0.0126048 0.0139481 0.0162105 0.0167963 0.0175892 0.0189729 0.0197203 0.0208414 0.021306 0.0218968 0.022013 0.0225988 0.0233714 0.023331 0.0236441 0.0233613 0.0231997 0.0232048 0.0222251 0.0225382 0.0218009 0.0215938 0.0207959 0.020498 0.0187557 0.0189476 0.0181901 0.0172963 0.0168721 0.0169074 0.014847 0.0149127 0.0141804 0.0134179 0.0122867 0.0119938 0.0113575 0.0103727 0.0100495 0.009393 0.00862035 0.0083527 0.007777 0.0875367 
0.0007474 0.00239875 0.00375215 0.00564085 0.00658015 0.00823655 0.00934755 0.011413 0.0124937 0.0134229 0.014539 0.0158116 0.0160489 0.0171953 0.0183113 0.0190133 0.0196243 0.0199879 0.0207404 0.0210686 0.0211343 0.0208919 0.0212201 0.0212302 0.0215231 0.0209676 0.0209727 0.0205384 0.0197253 0.0195435 0.0191951 0.018483 0.017877 0.0178215 0.0170135 0.0169226 0.0155136 0.0153672 0.0145036 0.0141148 0.0131805 0.012519 0.0117059 0.0111757 0.0110141 0.010302 0.0099384 0.00924655 0.00863045 0.0079992 0.100571 
0.00073225 0.0020907 0.0032926 0.0047975 0.005858 0.0074841 0.00870115 0.0098576 0.0111706 0.0118271 0.013327 0.0141754 0.014645 0.0150238 0.0167509 0.0174074 0.0174983 0.0178366 0.0185739 0.0185941 0.0193668 0.0196496 0.0191092 0.0190082 0.0200485 0.0198768 0.019493 0.0190739 0.0183416 0.0188012 0.0183164 0.0181952 0.0175286 0.0163317 0.0163317 0.0163065 0.0154025 0.0149985 0.0141299 0.0134431 0.0126452 0.0126654 0.0123119 0.0113019 0.0108979 0.010297 0.0104788 0.00977175 0.00899405 0.0085143 0.112262 
0.0006161 0.00176245 0.0031007 0.00415615 0.00537825 0.00626705 0.00772145 0.00850925 0.0098778 0.0106959 0.0118473 0.0126048 0.0132664 0.0140643 0.014135 0.015448 0.0158873 0.0165489 0.0167509 0.0164933 0.0171347 0.0180235 0.0177508 0.0182002 0.0179427 0.0181194 0.0181093 0.0179225 0.0178265 0.0177861 0.017473 0.0169781 0.016963 0.0162105 0.0157813 0.0155187 0.0152611 0.0149127 0.014342 0.0133573 0.0131199 0.0122766 0.0122059 0.0115342 0.0112817 0.0104939 0.0099687 0.009898 0.00906475 0.0088274 0.124614 
0.000505 0.00170185 0.0026462 0.0037572 0.0048884 0.005757 0.0071508 0.007373 0.00887285 0.0093021 0.00999395 0.0111201 0.0118726 0.0129129 0.0132058 0.0141097 0.0146703 0.0148521 0.0152611 0.0154833 0.015549 0.0163317 0.0168519 0.0171195 0.0162206 0.0163469 0.0167862 0.0168115 0.0168064 0.0163115 0.0162762 0.0159227 0.0156197 0.015347 0.0156954 0.0141249 0.0144127 0.0140845 0.0136451 0.0133724 0.0133977 0.0119685 0.0119029 0.0118221 0.0111302 0.010499 0.0104788 0.0096859 0.00889305 0.0089688 0.134396 
0.000505 0.00150995 0.002323 0.00347945 0.0042016 0.00493385 0.0060499 0.00684275 0.0072922 0.00840825 0.00957985 0.0101303 0.0109636 0.0113625 0.0119584 0.0124988 0.0134734 0.0133876 0.0143067 0.0144481 0.0147056 0.0150288 0.0149278 0.0154429 0.0159732 0.0165135 0.0151551 0.0163267 0.0155641 0.0159328 0.0149278 0.0150642 0.0155187 0.0148925 0.0147713 0.0142814 0.0141047 0.0132866 0.0133876 0.0131805 0.012726 0.0126048 0.0114484 0.0113979 0.0105545 0.0104485 0.0100445 0.0098374 0.00924655 0.00870115 0.144602 
0.00047975 0.00131805 0.00211595 0.0029088 0.0038279 0.0049288 0.005555 0.0059489 0.00732755 0.00776185 0.0086456 0.00888295 0.00949905 0.0103121 0.0109737 0.0113272 0.0122109 0.0119483 0.0129078 0.0130896 0.0134381 0.0142006 0.0141198 0.0146602 0.0142259 0.0152005 0.0150086 0.0145996 0.0149733 0.0146198 0.0142511 0.014539 0.0138017 0.0137764 0.0144733 0.0138067 0.0133926 0.0128573 0.0131755 0.0125644 0.0123422 0.0114585 0.0118978 0.0109131 0.0106404 0.010701 0.0099283 0.0099081 0.0092819 0.0092415 0.153222 
0.00051005 0.00111605 0.00202505 0.00283305 0.00341885 0.0044844 0.0049995 0.0056964 0.00649935 0.0069084 0.00770125 0.0085547 0.00886275 0.00944855 0.00993335 0.0106404 0.0108878 0.0114989 0.0116352 0.012221 0.012216 0.0133926 0.0126604 0.0133219 0.0132866 0.0138926 0.0141249 0.0134785 0.0142309 0.0141451 0.0141097 0.0139481 0.0135037 0.0135391 0.0131957 0.013327 0.0132512 0.0124988 0.0119887 0.0122412 0.0122766 0.0112969 0.0113524 0.0107363 0.0106 0.00996365 0.0099586 0.0096354 0.00968085 0.0089385 0.161938 
0.00038885 0.0010908 0.00174225 0.0023634 0.0031916 0.00380265 0.0048177 0.00506515 0.00602465 0.0066256 0.0074033 0.0075548 0.0083224 0.0085648 0.00920615 0.0094334 0.00982225 0.0108575 0.0110545 0.0114787 0.0119433 0.0116807 0.0122311 0.0128068 0.0124786 0.0126957 0.0125695 0.0128927 0.012822 0.0132563 0.0130997 0.0130543 0.0129028 0.0129129 0.0121604 0.0125392 0.012822 0.0125594 0.0121251 0.0116403 0.0115292 0.0112363 0.0112615 0.0108575 0.0101455 0.0100748 0.0096051 0.00944855 0.00977175 0.00920615 0.168685 
0 0 0 0 0 0 0 0 0 0 0 0 0 0 0 0 0 0 0 0 0 0 0 0 0 0 0 0 0 0 0 0 0 0 0 0 0 0 0 0 0 0 0 0 0 0 0 0 0 0 0 
