Half rod, albedo problem, Anisotropic scattering, exponential random flight, mu_t: 1 g: -0.9
Analogmu_t c: 0.7 maxx: 10 dx: 0.19802 numsamples: 10000000 numCollisionOrders: 20 numMoments: 10
total albedo: 0.399692
per-collision order albedos: 
0 0.332564 0.0116478 0.0371885 0.0038531 0.008396 0.0014534 0.0024154 0.0005706 0.0007762 0.0002296 0.0002642 9.74e-05 0.0001041 3.89e-05 3.52e-05 1.75e-05 1.47e-05 7.2e-06 7.4e-06 
Collision density L:
0.373002 0.324808 0.283274 0.246296 0.21404 0.186351 0.162748 0.141785 0.122847 0.106975 0.0936719 0.0813979 0.0705288 0.0615908 0.0535679 0.0465459 0.0405414 0.0357272 0.0308808 0.0267428 0.0234143 0.020202 0.0176028 0.0153899 0.0134315 0.0116221 0.0102843 0.00889356 0.0076553 0.00674933 0.00584033 0.00501667 0.00443441 0.00390062 0.0034037 0.00295577 0.00255126 0.00214423 0.00192254 0.00166751 0.00149884 0.00125998 0.00108727 0.000977175 0.00085143 0.00075245 0.00064034 0.000559035 0.000488335 0.000417635 0.00285174 
Collision density R:
0.934347 0.813909 0.70716 0.616523 0.536323 0.467297 0.406728 0.354386 0.308665 0.26777 0.233881 0.203821 0.177048 0.153892 0.13423 0.116902 0.101409 0.0886356 0.0774715 0.0674589 0.058632 0.0510575 0.0443658 0.0386931 0.0334017 0.0292238 0.0256308 0.0220892 0.0194486 0.0168079 0.0147778 0.0128735 0.0110539 0.00970408 0.0083522 0.007322 0.00644279 0.00555652 0.00487022 0.00411171 0.0036562 0.00318908 0.00272296 0.00241239 0.00210282 0.00189678 0.00159732 0.00140794 0.00119736 0.00100394 0.0071508 
Density Moments:
2.00087 2.86049 8.18164 35.1173 201.093 1440.15 12374.7 123864 1.4118e+06 1.79887e+07 
Per-collision Density Moments:
1 0.999573 1.99855 5.99371 23.96 119.722 719.002 5063.05 41146 381471 
0.367448 0.402294 0.874679 2.8352 12.1866 65.1845 417.322 3117.24 26673.7 257508 
0.245558 0.480745 1.43467 5.7329 28.6951 172.58 1211.42 9706.25 87156 863296 
0.134601 0.248158 0.755121 3.13839 16.4427 103.664 762.001 6377.63 59629.5 612925 
0.0903953 0.233233 0.866664 4.15228 24.2737 167.249 1325.04 11839.7 117441 1.27624e+06 
0.0548682 0.134082 0.503302 2.48181 15.0397 107.649 884.739 8165.75 83095.4 918143 
0.0369552 0.113566 0.491237 2.6914 17.7477 136.486 1197.27 11778.3 128153 1.52397e+06 
0.0235149 0.0696521 0.304701 1.71388 11.684 93.3149 853.432 8785.3 100315 1.25363e+06 
0.0159045 0.0556822 0.270454 1.64329 11.9012 99.8216 950.506 10114.9 118648 1.51443e+06 
0.0103338 0.0352666 0.172947 1.07106 7.9293 68.0197 662.651 7230.92 87505.1 1.16501e+06 
0.0070059 0.0271346 0.144478 0.953007 7.43148 66.7141 677.863 7701.92 96895.5 1.33692e+06 
0.0046285 0.0177203 0.0959123 0.648374 5.20164 48.1716 506.032 5952.86 77560.1 1.10714e+06 
0.003147 0.0133074 0.076843 0.5456 4.54042 43.0742 457.264 5355.28 68354.9 940136 
0.0020965 0.00882152 0.0517954 0.37703 3.23177 31.6532 346.809 4178.4 54541.3 761284 
0.0014233 0.00648726 0.0403154 0.308517 2.77801 28.6358 331.152 4223.85 58526.3 868910 
0.0009561 0.00436132 0.0274049 0.212745 1.94891 20.539 244.755 3252.6 47594.1 757192 
0.0006495 0.00316195 0.02085 0.167313 1.55448 16.216 185.882 2304.24 30521.2 428103 
0.0004349 0.00211643 0.0140654 0.113965 1.06873 11.2376 129.585 1611.54 21331 297358 
0.0002999 0.00153665 0.0106384 0.0889106 0.850857 9.04147 104.538 1295.69 17014.8 234469 
0 0 0 0 0 0 0 0 0 0 
Per-collision Densities L:
0 0 0 0 0 0 0 0 0 0 0 0 0 0 0 0 0 0 0 0 0 0 0 0 0 0 0 0 0 0 0 0 0 0 0 0 0 0 0 0 0 0 0 0 0 0 0 0 0 0 0 
0.301989 0.247348 0.203245 0.166383 0.136435 0.111808 0.0921847 0.0756025 0.0615883 0.0505348 0.0419034 0.034142 0.0279507 0.022923 0.0189294 0.0152995 0.0126396 0.0104288 0.00848299 0.00705738 0.00567671 0.00468085 0.00384709 0.00312696 0.00263913 0.0021407 0.00174074 0.00149127 0.00115393 0.00100546 0.000794365 0.00064337 0.00054136 0.000447935 0.000359055 0.00031108 0.000260075 0.00017776 0.00016766 0.000123725 0.00011716 8.181e-05 6.363e-05 6.7165e-05 4.848e-05 3.737e-05 3.6865e-05 3.636e-05 2.0705e-05 1.8685e-05 7.7265e-05 
0.0115807 0.0112408 0.0106409 0.00999648 0.00889962 0.00824413 0.00733866 0.00658015 0.00576003 0.00515353 0.00446572 0.00391274 0.00336936 0.00298708 0.00253359 0.00221544 0.00189577 0.00161802 0.00132613 0.00118928 0.00102616 0.000885265 0.000731745 0.000622665 0.00052116 0.000423695 0.00038279 0.000318655 0.000266135 0.000235835 0.000197455 0.00014847 0.000127765 0.000127765 0.000101505 8.989e-05 7.7265e-05 5.353e-05 5.454e-05 4.2925e-05 3.5855e-05 2.424e-05 2.1715e-05 1.919e-05 1.4645e-05 1.6665e-05 1.3635e-05 1.0605e-05 9.595e-06 5.05e-06 3.5855e-05 
0.039795 0.043687 0.0450101 0.0440774 0.0422922 0.0396561 0.0366231 0.0333477 0.0301404 0.0268963 0.0239814 0.0212454 0.0186598 0.0163822 0.0141966 0.0123377 0.0106025 0.0093723 0.00804667 0.00678316 0.00596607 0.00502273 0.00424857 0.00363348 0.00314868 0.00267701 0.00230735 0.00189426 0.00161449 0.00141956 0.00116605 0.00099586 0.00082921 0.000681245 0.000615595 0.000539845 0.000390365 0.00034138 0.00029997 0.00024341 0.00022826 0.000171195 0.000150995 0.00011817 0.000114635 8.4335e-05 7.7265e-05 6.4135e-05 5.7065e-05 4.5955e-05 0.000224725 
0.00408545 0.00449854 0.00469347 0.00487679 0.00477276 0.0046965 0.00453642 0.00435815 0.00413141 0.00381124 0.00359762 0.00334462 0.00297597 0.00271741 0.00245683 0.0022321 0.00200738 0.00182659 0.00161499 0.0014241 0.00123119 0.00106303 0.000957985 0.00086153 0.000754975 0.00063327 0.00058075 0.000515605 0.00041511 0.000362085 0.00031512 0.00028684 0.00024846 0.00020604 0.00017978 0.0001414 0.00013635 0.00011716 9.898e-05 8.8375e-05 7.5245e-05 6.464e-05 4.8985e-05 4.9995e-05 3.4845e-05 2.929e-05 2.828e-05 1.919e-05 2.2725e-05 2.0705e-05 0.000109585 
0.00905263 0.0105505 0.0114261 0.012022 0.0121897 0.012175 0.0119862 0.0117569 0.0110666 0.0105303 0.00983336 0.00919807 0.00847946 0.00779771 0.00715737 0.00650087 0.00590598 0.00526715 0.00474347 0.00418696 0.00379912 0.00328755 0.00286032 0.00260984 0.00222806 0.00199677 0.00172559 0.00154934 0.00131957 0.00113777 0.00102313 0.000835775 0.000754975 0.00067367 0.000566105 0.00049591 0.00041915 0.00034845 0.000307545 0.000277245 0.00022624 0.000199475 0.00015049 0.00014746 0.000127765 0.00010706 9.3425e-05 8.585e-05 6.5145e-05 5.151e-05 0.000331785 
0.00152409 0.00175033 0.00188668 0.00202101 0.00206697 0.00211848 0.00218514 0.00212858 0.00206697 0.00204424 0.00191345 0.00187153 0.00176397 0.00170236 0.00156197 0.00148066 0.00133472 0.00124786 0.00113979 0.00103727 0.00093728 0.00083628 0.0007575 0.000709525 0.000646905 0.00053328 0.000505 0.000432785 0.000422685 0.00036461 0.000303 0.000277245 0.000244925 0.00020705 0.00019493 0.000163115 0.000138875 0.00012221 0.00011817 0.000101 8.1305e-05 7.7265e-05 6.767e-05 4.6965e-05 4.242e-05 4.9995e-05 4.0905e-05 3.0805e-05 2.929e-05 2.626e-05 0.00016362 
0.00261186 0.00296183 0.00338047 0.00360166 0.00382033 0.0039491 0.00401021 0.0040198 0.00400516 0.00393547 0.00387184 0.00368751 0.0033835 0.00322998 0.00304515 0.00291537 0.00271993 0.00259065 0.00236795 0.00210585 0.0019291 0.001767 0.00162762 0.0014741 0.0012726 0.00113979 0.00106151 0.00095243 0.00085042 0.000763055 0.000660035 0.00060196 0.000529745 0.000492375 0.00038178 0.0003535 0.00031209 0.00026058 0.000233815 0.00020402 0.000203515 0.00017271 0.000155035 0.000142915 0.000117665 0.000107565 8.585e-05 7.8275e-05 6.3125e-05 5.3025e-05 0.00033431 
0.00057469 0.000682255 0.00076053 0.00084739 0.000873145 0.000937785 0.000967075 0.00094839 0.000983235 0.000955965 0.00095748 0.000915565 0.00090597 0.00085345 0.000813555 0.00078073 0.00074538 0.000712555 0.000654985 0.00060398 0.00058782 0.000538835 0.00050197 0.00044642 0.000430765 0.00037673 0.00037471 0.000330775 0.000280275 0.00026361 0.000244925 0.000204525 0.000199475 0.00017372 0.000171195 0.00013736 0.00013029 0.000107565 9.3425e-05 9.09e-05 6.8175e-05 7.1205e-05 6.2115e-05 5.454e-05 5.353e-05 3.8885e-05 3.838e-05 2.8785e-05 3.0805e-05 1.9695e-05 0.000172205 
0.000853955 0.00100293 0.00108878 0.00122816 0.00128018 0.00133674 0.00137057 0.00142511 0.00143723 0.0014438 0.00143521 0.00139128 0.00136603 0.00129028 0.00127311 0.00121301 0.00114181 0.00117362 0.00107767 0.00095243 0.000900415 0.00083426 0.000817595 0.000741845 0.00071104 0.00062721 0.000586305 0.00049894 0.000481265 0.00042319 0.00037976 0.00034239 0.00030704 0.000298455 0.00025553 0.00021715 0.00020705 0.000187355 0.000163115 0.00013433 0.000132815 0.000103525 0.000101 9.09e-05 8.2315e-05 6.8175e-05 6.0095e-05 5.3025e-05 4.242e-05 3.737e-05 0.000293405 
0.000249975 0.00029997 0.000316635 0.000329765 0.000380265 0.00038683 0.00037875 0.000434805 0.000466115 0.00042622 0.00043531 0.000431775 0.00041107 0.00042319 0.000425715 0.00038582 0.00035451 0.00035047 0.000345925 0.000332795 0.00030401 0.00029391 0.00028482 0.000261085 0.00024644 0.0002222 0.00022119 0.00018887 0.000180285 0.000170185 0.00016665 0.00014443 0.000116655 0.0001212 0.000109585 0.000106555 8.787e-05 7.4235e-05 6.6155e-05 6.7165e-05 5.7065e-05 5.7065e-05 4.8985e-05 4.3935e-05 3.5855e-05 2.7775e-05 2.929e-05 2.929e-05 2.525e-05 2.0705e-05 0.000141905 
0.00031714 0.00038077 0.00037774 0.00042117 0.000460055 0.000457025 0.00051005 0.000521665 0.00053025 0.00054136 0.000563075 0.000534795 0.000522675 0.0005454 0.0004848 0.00049187 0.00049288 0.00047773 0.00045147 0.000424705 0.00041309 0.00040198 0.00037471 0.000344915 0.0003131 0.000322695 0.000308555 0.000250985 0.000227755 0.000223715 0.000210585 0.00018483 0.000179275 0.00016059 0.000162105 0.00012221 0.00012423 0.00012221 9.696e-05 0.000100495 8.7365e-05 6.7165e-05 5.757e-05 5.151e-05 5.3025e-05 4.8985e-05 3.737e-05 3.03e-05 3.3835e-05 2.828e-05 0.00020705 
0.000105545 0.00011312 0.00012221 0.000144935 0.00016867 0.00016867 0.000187355 0.000178265 0.00018382 0.00019291 0.000196445 0.00021008 0.000207555 0.000204525 0.000176245 0.00018382 0.0001818 0.00016665 0.00016766 0.000159075 0.00017978 0.000144935 0.000147965 0.00013534 0.0001212 0.00012019 0.00012221 0.00010201 0.00010201 8.7365e-05 9.7465e-05 7.6255e-05 8.686e-05 7.474e-05 6.161e-05 5.9085e-05 7.0195e-05 5.151e-05 4.646e-05 3.9895e-05 3.8885e-05 3.5855e-05 3.1815e-05 2.7775e-05 2.121e-05 2.1715e-05 1.9695e-05 2.222e-05 1.212e-05 1.818e-05 0.00012221 
0.000113625 0.000125745 0.00013534 0.00015251 0.000162105 0.0001717 0.000201495 0.00019796 0.000208565 0.00022523 0.000213615 0.000203515 0.00020705 0.000238865 0.00021311 0.00019998 0.00020099 0.00018584 0.00018786 0.000191395 0.00017271 0.000178265 0.00017574 0.00015453 0.00015554 0.00014544 0.000138875 0.000121705 0.00013332 9.898e-05 0.000101505 9.7465e-05 9.09e-05 8.181e-05 8.4335e-05 7.777e-05 6.3125e-05 5.858e-05 5.6055e-05 5.2015e-05 4.141e-05 3.939e-05 3.535e-05 3.636e-05 2.525e-05 3.4845e-05 2.2725e-05 1.818e-05 2.323e-05 2.1715e-05 0.00014544 
4.2925e-05 5.151e-05 5.6055e-05 6.0095e-05 6.9185e-05 7.272e-05 8.1305e-05 8.9385e-05 7.8275e-05 7.6255e-05 8.484e-05 8.6355e-05 9.696e-05 7.9285e-05 8.181e-05 8.686e-05 8.9385e-05 9.09e-05 8.383e-05 7.8275e-05 7.171e-05 7.8275e-05 6.363e-05 7.272e-05 6.868e-05 6.4135e-05 7.07e-05 5.757e-05 5.3025e-05 5.454e-05 4.6965e-05 4.2925e-05 4.2925e-05 3.939e-05 3.939e-05 2.9795e-05 3.636e-05 1.919e-05 2.525e-05 2.626e-05 2.626e-05 2.02e-05 1.919e-05 2.02e-05 1.7675e-05 1.4645e-05 1.212e-05 1.01e-05 1.3635e-05 1.01e-05 9.5445e-05 
3.232e-05 5.4035e-05 5.2015e-05 5.959e-05 7.0195e-05 5.9085e-05 8.1305e-05 7.3225e-05 8.383e-05 7.777e-05 9.292e-05 9.2415e-05 8.888e-05 8.888e-05 8.181e-05 8.383e-05 8.7365e-05 7.373e-05 6.767e-05 7.878e-05 8.7365e-05 7.4235e-05 8.181e-05 7.1205e-05 7.1205e-05 7.9285e-05 5.8075e-05 7.171e-05 5.8075e-05 4.949e-05 4.5955e-05 4.9995e-05 4.242e-05 4.2925e-05 4.2925e-05 4.1915e-05 3.6865e-05 3.4845e-05 2.929e-05 2.121e-05 2.2725e-05 2.525e-05 2.3735e-05 2.2725e-05 1.4645e-05 1.414e-05 1.1615e-05 1.0605e-05 1.4645e-05 1.0605e-05 8.888e-05 
2.7775e-05 1.6665e-05 2.525e-05 1.7675e-05 3.03e-05 3.5855e-05 3.232e-05 3.1815e-05 3.131e-05 4.343e-05 3.535e-05 3.3835e-05 3.8885e-05 3.434e-05 4.141e-05 4.747e-05 4.141e-05 4.5955e-05 3.232e-05 3.535e-05 3.9895e-05 3.333e-05 3.3835e-05 3.7875e-05 2.6765e-05 3.2825e-05 2.727e-05 2.5755e-05 2.8785e-05 2.7775e-05 2.1715e-05 2.4745e-05 2.222e-05 2.0705e-05 2.727e-05 1.3635e-05 1.4645e-05 1.818e-05 1.5655e-05 1.717e-05 1.3635e-05 1.0605e-05 8.08e-06 9.09e-06 1.414e-05 1.2625e-05 6.565e-06 9.09e-06 4.545e-06 4.04e-06 6.363e-05 
1.6665e-05 1.717e-05 2.2725e-05 2.3735e-05 2.4745e-05 2.626e-05 3.1815e-05 3.7875e-05 3.5855e-05 3.1815e-05 2.727e-05 3.737e-05 3.7875e-05 2.7775e-05 3.232e-05 3.333e-05 4.242e-05 3.333e-05 2.8785e-05 3.939e-05 3.4845e-05 2.9795e-05 2.727e-05 3.232e-05 2.626e-05 3.535e-05 3.0805e-05 3.333e-05 2.0705e-05 2.121e-05 2.6765e-05 2.02e-05 2.424e-05 1.5655e-05 1.717e-05 2.02e-05 1.717e-05 1.9695e-05 1.616e-05 1.1615e-05 1.313e-05 1.01e-05 1.3635e-05 8.08e-06 1.0605e-05 1.212e-05 4.04e-06 7.07e-06 5.05e-06 1.01e-05 6.2115e-05 
7.07e-06 8.08e-06 1.1615e-05 1.0605e-05 1.1615e-05 1.616e-05 1.313e-05 1.919e-05 1.7675e-05 1.818e-05 1.6665e-05 1.919e-05 1.8685e-05 1.7675e-05 1.9695e-05 1.717e-05 1.717e-05 1.9695e-05 1.616e-05 1.919e-05 1.1615e-05 1.6665e-05 1.313e-05 1.717e-05 1.7675e-05 1.717e-05 1.111e-05 1.515e-05 1.8685e-05 1.313e-05 9.595e-06 1.111e-05 1.0605e-05 9.09e-06 7.07e-06 1.01e-05 1.111e-05 6.06e-06 9.595e-06 7.07e-06 8.08e-06 1.0605e-05 3.535e-06 3.03e-06 4.545e-06 8.585e-06 5.555e-06 4.04e-06 5.05e-06 3.535e-06 3.535e-05 
0 0 0 0 0 0 0 0 0 0 0 0 0 0 0 0 0 0 0 0 0 0 0 0 0 0 0 0 0 0 0 0 0 0 0 0 0 0 0 0 0 0 0 0 0 0 0 0 0 0 0 
Per-collision Densities L:
0.907792 0.745 0.609766 0.501298 0.410659 0.337119 0.276346 0.226986 0.186263 0.152243 0.12529 0.10274 0.0842522 0.0688729 0.0567585 0.0464873 0.0378376 0.0313262 0.0256995 0.0210767 0.0172649 0.0140304 0.0115812 0.00960965 0.00783811 0.00640239 0.00530452 0.00434098 0.00358601 0.00292143 0.00247046 0.00200132 0.00157409 0.00129028 0.00109333 0.00088981 0.00071912 0.00058479 0.000495405 0.000379255 0.00033431 0.000246945 0.00020301 0.00018685 0.000159075 0.000129785 9.3425e-05 8.686e-05 6.8175e-05 6.7165e-05 0.0002323 
0.00298607 0.00760985 0.0105444 0.0120286 0.0128775 0.0128265 0.0123967 0.0119074 0.0108822 0.010097 0.00905061 0.00817747 0.00723059 0.00649228 0.00564035 0.00497526 0.00434048 0.00379861 0.00332593 0.00288103 0.00240734 0.00215534 0.00180487 0.00156399 0.00133573 0.00111403 0.000973135 0.000818605 0.00070094 0.000563075 0.000536815 0.00044339 0.00037168 0.000301485 0.000245935 0.000224725 0.000216645 0.00016362 0.000126755 0.00010504 9.797e-05 8.2315e-05 6.1105e-05 4.8985e-05 4.242e-05 3.737e-05 2.424e-05 3.131e-05 2.02e-05 1.8685e-05 9.3425e-05 
0.0191698 0.048528 0.0666307 0.0763383 0.0805339 0.0811722 0.0787795 0.0746057 0.069541 0.0633245 0.0578018 0.0520504 0.0463474 0.0410929 0.0362908 0.0318837 0.0277523 0.0242425 0.021105 0.0181931 0.0156636 0.0135779 0.0115948 0.00992578 0.00846784 0.00731089 0.00623524 0.00513484 0.00454904 0.00380972 0.0032724 0.00274215 0.00231745 0.00196092 0.00168165 0.00145541 0.00117514 0.00100041 0.00083527 0.00065953 0.000583275 0.00052116 0.000409555 0.000363095 0.000294415 0.000240885 0.00021311 0.00017978 0.000149985 0.0001111 0.000657005 
0.00076861 0.0021513 0.00345168 0.00455106 0.00530604 0.00588123 0.00631452 0.0064029 0.00652107 0.00636755 0.00627614 0.00591305 0.0055949 0.00526715 0.00487982 0.0045041 0.00408495 0.00376427 0.0034638 0.00304818 0.00276942 0.00248359 0.00217302 0.00196799 0.00170791 0.00148824 0.00130694 0.00117312 0.00100899 0.000906475 0.000754975 0.000691345 0.000599435 0.00050197 0.000432785 0.000371175 0.000330775 0.0002929 0.000251995 0.000219675 0.00019897 0.00015554 0.000128775 0.00011514 0.00010504 9.292e-05 7.0195e-05 6.0095e-05 4.9995e-05 4.1915e-05 0.00026462 
0.00242804 0.0070094 0.0109858 0.0144309 0.0171614 0.0189087 0.0200399 0.0206888 0.0209136 0.0204232 0.0199015 0.0191047 0.0180462 0.0168589 0.015553 0.0145405 0.0133355 0.0121064 0.0110721 0.00994093 0.00902536 0.00802698 0.0071503 0.00633927 0.00551763 0.00500859 0.00446521 0.00382134 0.00337946 0.00294011 0.00254571 0.00222958 0.00195233 0.00173064 0.00147713 0.00124988 0.00111555 0.000944855 0.0008181 0.000699425 0.000599435 0.000525705 0.000442885 0.000391375 0.00033835 0.000290375 0.00023735 0.000214625 0.00016968 0.00014847 0.000895365 
0.000247955 0.000765075 0.00122867 0.00165842 0.00206848 0.00232856 0.00262802 0.00284568 0.00289668 0.00301637 0.00305727 0.00300475 0.00300172 0.00290274 0.00276286 0.00272801 0.002525 0.00235583 0.00226139 0.00212555 0.00189476 0.0017468 0.00160338 0.00146955 0.00132462 0.00120746 0.0011105 0.000984245 0.000891325 0.00078477 0.00073124 0.000653975 0.000558025 0.000491365 0.00043127 0.00039693 0.000327745 0.000323705 0.00025755 0.000236845 0.000202 0.000188365 0.00017372 0.00013332 0.00011211 0.000113625 7.6255e-05 8.8375e-05 7.07e-05 5.8075e-05 0.000404505 
0.00054237 0.00164984 0.00263105 0.00355167 0.00441875 0.00508384 0.00565499 0.00603021 0.00632058 0.00660389 0.00661803 0.00667711 0.00641603 0.0062317 0.00601001 0.00573478 0.00564035 0.0051404 0.00488234 0.00456924 0.00430765 0.00387386 0.00364004 0.00326483 0.00296183 0.00264974 0.00238966 0.00221746 0.00196445 0.00179073 0.00159277 0.00144935 0.0012519 0.00119382 0.00095849 0.00087567 0.000820625 0.000675185 0.00061509 0.00051409 0.000460055 0.00039289 0.000368145 0.00032623 0.000277245 0.000265125 0.000229775 0.000183315 0.000168165 0.00013635 0.000883245 
9.898e-05 0.000284315 0.00047066 0.00064539 0.000762045 0.000942835 0.00110191 0.00113928 0.00128472 0.00132916 0.00134128 0.00137815 0.00137815 0.00139027 0.00133421 0.00131856 0.00128674 0.00129129 0.00119736 0.00116958 0.00110393 0.00106606 0.00093324 0.0008989 0.00078275 0.00078174 0.000715585 0.000648925 0.00061004 0.000543885 0.00053429 0.00045349 0.000444905 0.000372185 0.00035653 0.00029593 0.00028886 0.00024846 0.000231795 0.00019392 0.000177255 0.00015756 0.000126755 0.00010908 0.000113625 0.00010302 9.1405e-05 8.0295e-05 6.4135e-05 5.858e-05 0.00042319 
0.000166145 0.000474195 0.000738815 0.00107868 0.00130896 0.00155641 0.00178922 0.00188921 0.00201596 0.00214777 0.00227149 0.00232704 0.00231846 0.00228008 0.00235532 0.00221039 0.00216191 0.00210383 0.00204525 0.00200485 0.00181144 0.00175084 0.0016564 0.00148369 0.00140239 0.00133926 0.00124735 0.00116352 0.0010701 0.00094536 0.00084941 0.000820625 0.00072215 0.00065549 0.00056055 0.00052217 0.000466115 0.000437835 0.00039592 0.000342895 0.00029694 0.00028987 0.0002323 0.000227755 0.00017473 0.00016766 0.000149985 0.00014544 0.00011716 9.696e-05 0.000733765 
3.3835e-05 0.000108575 0.000179275 0.000241895 0.00031209 0.00039188 0.00045349 0.00047066 0.00050298 0.000578225 0.000575195 0.000630745 0.00063024 0.00061408 0.0006363 0.000628725 0.00061206 0.00062418 0.00056964 0.00059388 0.00056358 0.000516615 0.000539845 0.00046965 0.00045955 0.00044541 0.00040299 0.00038582 0.000342895 0.000345925 0.000309565 0.0002929 0.000256035 0.000241895 0.0002323 0.000186345 0.00020301 0.00016564 0.00016463 0.00013534 0.00012827 0.000114635 0.000102515 9.1405e-05 8.686e-05 8.383e-05 7.07e-05 5.858e-05 5.05e-05 3.939e-05 0.000349965 
5.3025e-05 0.000156045 0.000265125 0.000335825 0.000428745 0.00053126 0.000574185 0.00066559 0.00069993 0.00078073 0.00078477 0.000837795 0.00082921 0.0008585 0.0008989 0.000819615 0.000791335 0.00083123 0.000819615 0.00079992 0.00079891 0.000760025 0.000708515 0.000720635 0.00060903 0.0005959 0.00058782 0.000553985 0.00052419 0.000494395 0.000427735 0.000413595 0.000371175 0.000341885 0.00031007 0.000294415 0.000244925 0.0002323 0.00023836 0.00019796 0.00018382 0.00016362 0.000144935 0.000121705 0.000105545 0.0001111 0.00010302 8.383e-05 7.07e-05 6.1105e-05 0.000526715 
1.5655e-05 3.9895e-05 6.868e-05 0.00010605 0.00013736 0.00015655 0.00018281 0.00020705 0.00023937 0.00024038 0.000234825 0.000258055 0.000271185 0.00027775 0.000314615 0.000287345 0.000261085 0.00026967 0.000259065 0.00026967 0.000248965 0.00028886 0.000234825 0.0002525 0.00024745 0.00022018 0.00020705 0.000199475 0.00019695 0.000192405 0.00018584 0.00015251 0.000144935 0.000148975 0.00013938 0.00011716 0.000129785 9.999e-05 0.00010201 8.7365e-05 8.08e-05 7.6255e-05 7.07e-05 5.8075e-05 5.151e-05 5.454e-05 3.434e-05 3.7875e-05 4.3935e-05 3.434e-05 0.00028381 
1.717e-05 6.3125e-05 8.989e-05 0.000108575 0.00016261 0.000177255 0.000202 0.000242905 0.000237855 0.00029088 0.000295425 0.000323705 0.000306535 0.00031512 0.000346935 0.00034542 0.00031411 0.00033027 0.0003232 0.0003232 0.00032724 0.000309565 0.00028987 0.000276235 0.00029997 0.000264115 0.00026462 0.00026159 0.000232805 0.000207555 0.00021513 0.000205535 0.00018079 0.000167155 0.00016968 0.000148975 0.00014544 0.000142915 0.000111605 0.000106555 0.00010706 8.7365e-05 8.2315e-05 6.9185e-05 6.363e-05 7.474e-05 6.565e-05 4.9995e-05 4.6965e-05 3.7875e-05 0.000345925 
8.08e-06 1.9695e-05 2.929e-05 4.141e-05 6.0095e-05 6.262e-05 8.282e-05 0.00010201 0.00010908 8.0295e-05 0.00011312 0.000109585 0.000126755 0.00012423 0.000119685 0.00011413 0.00013837 0.00011615 0.0001212 0.000128775 0.00012322 0.000126755 0.000127765 0.00011817 0.000125745 0.000105545 0.0001111 8.686e-05 9.595e-05 8.888e-05 9.898e-05 7.8275e-05 7.1205e-05 7.676e-05 7.3225e-05 7.6255e-05 6.0095e-05 5.353e-05 6.2115e-05 5.4035e-05 5.2015e-05 3.9895e-05 5.3025e-05 4.5955e-05 3.232e-05 2.4745e-05 3.5855e-05 2.2725e-05 2.5755e-05 1.919e-05 0.00019493 
6.565e-06 2.424e-05 3.7875e-05 4.343e-05 5.6055e-05 6.5145e-05 6.868e-05 7.6255e-05 0.000101 9.7465e-05 0.00011312 0.0001212 0.00012322 0.000130795 0.000131805 0.00013938 0.00013433 0.000141905 0.000137865 0.00011716 0.000116655 0.000123725 0.00011514 0.000125745 0.000138875 0.00011918 0.00011514 0.00011716 0.00011413 0.000103525 9.898e-05 9.393e-05 7.676e-05 8.6355e-05 7.7265e-05 7.373e-05 6.3125e-05 5.858e-05 5.3025e-05 6.7165e-05 4.9995e-05 5.151e-05 3.7875e-05 4.141e-05 5.2015e-05 3.3835e-05 2.9795e-05 2.323e-05 2.323e-05 2.121e-05 0.000218665 
2.525e-06 9.09e-06 7.07e-06 2.222e-05 1.5655e-05 2.626e-05 3.7875e-05 3.9895e-05 4.0905e-05 4.949e-05 5.2015e-05 4.3935e-05 4.646e-05 5.252e-05 5.454e-05 5.3025e-05 5.5045e-05 5.656e-05 5.8075e-05 5.252e-05 6.464e-05 5.9085e-05 6.2115e-05 6.0095e-05 4.8985e-05 4.8985e-05 5.8075e-05 5.1005e-05 3.7875e-05 5.3025e-05 4.141e-05 3.7875e-05 4.0905e-05 3.8885e-05 3.03e-05 4.3935e-05 3.3835e-05 3.3835e-05 2.828e-05 2.9795e-05 2.9795e-05 2.121e-05 1.919e-05 2.02e-05 2.222e-05 1.7675e-05 2.0705e-05 1.515e-05 1.01e-05 1.3635e-05 0.000129785 
2.02e-06 4.545e-06 9.595e-06 2.1715e-05 2.6765e-05 2.9795e-05 3.0805e-05 3.2825e-05 3.838e-05 3.737e-05 4.444e-05 4.242e-05 5.1005e-05 5.151e-05 5.4035e-05 4.545e-05 5.252e-05 5.1005e-05 5.05e-05 5.6055e-05 4.9995e-05 6.5145e-05 5.6055e-05 5.4035e-05 4.545e-05 5.05e-05 4.848e-05 5.555e-05 4.9995e-05 4.343e-05 3.838e-05 4.4945e-05 4.5955e-05 3.434e-05 2.6765e-05 3.8885e-05 3.7875e-05 3.131e-05 2.9795e-05 3.333e-05 2.626e-05 2.424e-05 2.2725e-05 1.7675e-05 2.4745e-05 2.0705e-05 1.111e-05 1.2625e-05 1.5655e-05 9.595e-06 0.000136855 
3.03e-06 2.525e-06 7.07e-06 6.565e-06 1.0605e-05 9.09e-06 1.2625e-05 1.3635e-05 1.414e-05 1.919e-05 1.8685e-05 2.424e-05 2.3735e-05 2.3735e-05 2.5755e-05 2.0705e-05 2.828e-05 2.424e-05 2.828e-05 3.131e-05 2.8785e-05 3.03e-05 2.3735e-05 2.6765e-05 2.424e-05 1.919e-05 2.828e-05 2.323e-05 2.7775e-05 2.02e-05 2.222e-05 1.515e-05 2.222e-05 1.9695e-05 1.6665e-05 1.9695e-05 1.2625e-05 1.818e-05 1.515e-05 1.212e-05 1.4645e-05 1.717e-05 8.08e-06 8.585e-06 1.01e-05 8.08e-06 9.09e-06 6.565e-06 7.575e-06 8.585e-06 7.878e-05 
2.525e-06 3.03e-06 7.07e-06 6.565e-06 7.07e-06 1.111e-05 1.313e-05 1.2625e-05 1.515e-05 1.717e-05 1.5655e-05 2.0705e-05 1.8685e-05 2.0705e-05 2.222e-05 2.5755e-05 1.7675e-05 2.2725e-05 1.717e-05 2.727e-05 2.2725e-05 2.424e-05 2.1715e-05 2.0705e-05 2.222e-05 1.717e-05 2.222e-05 2.1715e-05 2.424e-05 1.8685e-05 1.616e-05 1.818e-05 1.919e-05 2.1715e-05 1.4645e-05 1.212e-05 1.7675e-05 1.717e-05 1.515e-05 1.414e-05 9.595e-06 9.595e-06 1.01e-05 1.212e-05 1.2625e-05 1.01e-05 1.212e-05 9.09e-06 8.585e-06 5.05e-06 8.0295e-05 
0 0 0 0 0 0 0 0 0 0 0 0 0 0 0 0 0 0 0 0 0 0 0 0 0 0 0 0 0 0 0 0 0 0 0 0 0 0 0 0 0 0 0 0 0 0 0 0 0 0 0 
