Half rod, albedo problem, Anisotropic scattering, exponential random flight, mu_t: 3 g: -0.9
Analogmu_t c: 0.9 maxx: 10 dx: 0.19802 numsamples: 10000000 numCollisionOrders: 20 numMoments: 10
total albedo: 0.619441
per-collision order albedos: 
0 0.427741 0.0192268 0.0789299 0.0105999 0.0294481 0.0065256 0.0139187 0.0041722 0.0074493 0.0027857 0.0042932 0.0018963 0.0026 0.0013464 0.0016343 0.0009394 0.0010757 0.0006482 0.0007188 
Collision density L:
1.64056 1.27339 0.989007 0.769399 0.59709 0.464366 0.35949 0.279706 0.217091 0.168523 0.130905 0.10165 0.0785401 0.0610171 0.0473943 0.0371251 0.0288289 0.0224518 0.0174614 0.0136113 0.0103616 0.00817646 0.00626453 0.00495658 0.00381629 0.00301132 0.0023432 0.00180083 0.00133674 0.000996365 0.000737805 0.000615595 0.000456015 0.00038582 0.00032421 0.000232805 0.00017877 0.00014645 0.000126755 9.292e-05 7.0195e-05 5.858e-05 4.9995e-05 3.8885e-05 3.131e-05 2.222e-05 1.818e-05 1.313e-05 9.09e-06 9.09e-06 3.1815e-05 
Collision density R:
2.65171 2.05875 1.59694 1.24117 0.965008 0.748575 0.581807 0.451484 0.350511 0.272042 0.211348 0.164132 0.127634 0.0986326 0.0762449 0.0597274 0.0466272 0.0363034 0.0279987 0.021917 0.0168948 0.0130775 0.010196 0.00794163 0.00618676 0.00479599 0.00374357 0.0029694 0.00224574 0.00169579 0.00125139 0.00100445 0.00077972 0.00055954 0.000491365 0.00036764 0.000289365 0.00023634 0.00020503 0.00013635 0.000115645 9.191e-05 7.1205e-05 5.6055e-05 4.8985e-05 3.131e-05 2.9795e-05 2.8785e-05 2.0705e-05 1.1615e-05 4.848e-05 
Density Moments:
3.80366 2.97894 4.66744 10.9769 34.4744 135.736 643.952 3577.43 22729.7 161693 
Per-collision Density Moments:
1 0.333149 0.222025 0.221944 0.295915 0.493597 0.988988 2.31296 6.17919 18.5411 
0.472332 0.172394 0.124905 0.13486 0.193093 0.343988 0.732106 1.80896 5.07753 15.9065 
0.405765 0.264665 0.263065 0.350058 0.583418 1.16844 2.73283 7.30636 21.9498 73.0335 
0.28623 0.175821 0.178232 0.246681 0.430381 0.904797 2.22653 6.28491 20.0433 71.325 
0.246923 0.212256 0.262667 0.418723 0.813416 1.8603 4.89081 14.5218 48.0238 174.829 
0.1928 0.157043 0.1963 0.321939 0.648279 1.54341 4.24032 13.2228 46.2462 179.696 
0.167 0.171094 0.246402 0.44856 0.980509 2.49399 7.2242 23.4538 84.2726 331.57 
0.136374 0.134537 0.195794 0.365485 0.824396 2.17146 6.53315 22.1126 83.266 345.721 
0.118568 0.138253 0.223676 0.452462 1.08907 3.02673 9.5143 33.3138 128.37 538.863 
0.0993303 0.113066 0.185111 0.383198 0.948458 2.71763 8.82982 32.1039 129.669 580.592 
0.0865777 0.111865 0.198835 0.438585 1.14365 3.42415 11.5454 43.2536 178.388 804.986 
0.0736459 0.0938904 0.169117 0.381066 1.01818 3.12703 10.817 41.5673 175.81 813.767 
0.0643598 0.0906101 0.174478 0.41461 1.15934 3.70919 13.3339 53.2019 233.654 1122.93 
0.0553542 0.0774995 0.151444 0.367481 1.05155 3.44322 12.6513 51.482 230.114 1124.95 
0.0484637 0.0734776 0.151588 0.384111 1.14007 3.85334 14.5578 60.6985 276.902 1374.13 
0.0419296 0.063499 0.13289 0.34327 1.04088 3.59767 13.9003 59.2073 275.158 1384.03 
0.0367955 0.0595221 0.130404 0.349654 1.09491 3.89549 15.4682 67.7325 324.437 1690.66 
0.0320185 0.0519956 0.115733 0.316488 1.0124 3.68062 14.92 66.528 323.013 1694.08 
0.028152 0.0482214 0.111553 0.31508 1.03726 3.87459 16.1476 74.2712 374.35 2057.04 
0 0 0 0 0 0 0 0 0 0 
Per-collision Densities L:
0 0 0 0 0 0 0 0 0 0 0 0 0 0 0 0 0 0 0 0 0 0 0 0 0 0 0 0 0 0 0 0 0 0 0 0 0 0 0 0 0 0 0 0 0 0 0 0 0 0 0 
0.966912 0.533234 0.294194 0.163031 0.0898991 0.0493824 0.0272756 0.0151202 0.008383 0.00451622 0.00253409 0.0013832 0.00074841 0.00044642 0.00023634 0.00014039 7.878e-05 4.343e-05 2.4745e-05 1.414e-05 5.05e-06 1.515e-06 2.02e-06 2.525e-06 5.05e-07 1.01e-06 5.05e-07 5.05e-07 0 0 0 0 0 0 0 0 0 0 0 0 0 0 0 0 0 0 0 0 0 0 0 
0.0551157 0.0448051 0.0324892 0.0224366 0.0147339 0.00952531 0.00588123 0.00365772 0.00230331 0.00143067 0.000778205 0.00048278 0.00026967 0.0001717 9.7465e-05 7.171e-05 3.9895e-05 1.919e-05 9.09e-06 7.07e-06 2.525e-06 2.525e-06 1.01e-06 5.05e-07 5.05e-07 0 0 5.05e-07 0 0 0 0 0 0 0 0 0 0 0 0 0 0 0 0 0 0 0 0 0 0 0 
0.273213 0.267852 0.212826 0.153449 0.104486 0.0686507 0.0439209 0.027673 0.017222 0.0105535 0.00630442 0.00374003 0.00226846 0.00139077 0.000746895 0.00046258 0.00027573 0.00015453 0.00010403 6.1105e-05 3.0805e-05 1.3635e-05 9.595e-06 4.545e-06 3.535e-06 4.04e-06 2.525e-06 5.05e-07 5.05e-07 5.05e-07 0 0 0 0 0 0 0 0 0 0 0 0 0 0 0 0 0 0 0 0 0 
0.036209 0.0389491 0.0354177 0.0292375 0.0222155 0.0164696 0.0115776 0.00809616 0.00539189 0.00367489 0.0023129 0.0014842 0.00093728 0.000575195 0.00036663 0.00023331 0.00015756 9.797e-05 6.2115e-05 3.636e-05 1.919e-05 1.313e-05 5.555e-06 4.04e-06 4.04e-06 1.515e-06 1.01e-06 5.05e-07 5.05e-07 1.01e-06 0 5.05e-07 5.05e-07 0 0 0 0 0 0 0 0 0 0 0 0 0 0 0 0 0 0 
0.108519 0.128159 0.12261 0.104587 0.0825241 0.0619983 0.0443804 0.0309515 0.0211792 0.0139865 0.0092718 0.00605293 0.00384406 0.00241289 0.00152864 0.000950915 0.000582265 0.00037572 0.00023331 0.00013837 7.777e-05 4.747e-05 3.1815e-05 1.5655e-05 6.06e-06 5.555e-06 5.555e-06 2.525e-06 2.525e-06 1.01e-06 0 5.05e-07 0 0 0 0 0 0 0 0 0 0 0 0 0 0 0 0 0 0 0 
0.0232982 0.0279018 0.0287188 0.0262893 0.0226083 0.018277 0.0140112 0.0105287 0.00780528 0.00553228 0.0038577 0.00260277 0.00176498 0.00110343 0.000764065 0.000494395 0.00034239 0.000225735 0.000149985 8.484e-05 4.6965e-05 3.636e-05 2.5755e-05 1.01e-05 1.01e-05 6.06e-06 3.535e-06 2.525e-06 2.02e-06 1.01e-06 5.05e-07 1.01e-06 0 1.01e-06 0 0 0 0 0 0 0 0 0 0 0 0 0 0 0 0 0 
0.0524609 0.0659848 0.0696648 0.0662853 0.0572887 0.0471231 0.0372246 0.0280118 0.0205272 0.0150157 0.0104409 0.00716999 0.00486366 0.00332593 0.0021609 0.00145592 0.00094132 0.000640845 0.000383295 0.00025957 0.00014847 0.000100495 5.4035e-05 3.636e-05 1.8685e-05 1.919e-05 9.09e-06 7.07e-06 4.04e-06 5.05e-07 1.515e-06 5.05e-07 5.05e-07 0 5.05e-07 0 0 0 0 0 0 0 0 0 0 0 0 0 0 0 0 
0.015351 0.0195087 0.021364 0.0209989 0.0192587 0.0168306 0.0135997 0.0112484 0.00867035 0.00650996 0.00486012 0.00343501 0.00246642 0.00174276 0.00124028 0.000824665 0.000554995 0.000364105 0.00023533 0.000178265 9.797e-05 8.0295e-05 4.6965e-05 2.828e-05 1.717e-05 1.111e-05 1.0605e-05 4.545e-06 2.525e-06 1.515e-06 1.01e-06 1.515e-06 1.01e-06 5.05e-07 0 0 0 0 5.05e-07 0 0 0 0 0 0 0 0 0 0 0 0 
0.0279896 0.036966 0.0411923 0.0414241 0.0386174 0.0338395 0.02833 0.022875 0.0176629 0.0135986 0.0101121 0.0074437 0.00529089 0.00373953 0.00265529 0.00179528 0.00120241 0.000831735 0.000560045 0.00037269 0.000265125 0.000155035 9.8475e-05 6.767e-05 4.343e-05 2.424e-05 1.9695e-05 8.08e-06 5.555e-06 4.04e-06 2.02e-06 3.03e-06 1.01e-06 1.01e-06 5.05e-07 5.05e-07 0 0 0 0 0 0 0 0 0 0 0 0 0 0 0 
0.0103096 0.0136279 0.0155101 0.0159272 0.0153353 0.0140951 0.0123397 0.0102217 0.00847037 0.0065751 0.00516716 0.00391123 0.00287547 0.00217958 0.00158318 0.00110797 0.000783255 0.000539845 0.000375215 0.0002626 0.00015453 0.000123725 7.878e-05 5.555e-05 3.232e-05 2.626e-05 1.717e-05 9.09e-06 7.07e-06 2.02e-06 2.02e-06 1.01e-06 1.515e-06 5.05e-07 5.05e-07 0 0 5.05e-07 0 0 0 0 0 0 5.05e-07 0 0 0 0 0 0 
0.0162696 0.0216988 0.0251642 0.0262489 0.025807 0.0237153 0.0208131 0.01757 0.0144061 0.0115044 0.00903496 0.00693163 0.00514444 0.00378397 0.00274114 0.00197203 0.00140542 0.000988285 0.00068074 0.000466115 0.00033431 0.00019998 0.000149985 9.696e-05 6.262e-05 5.05e-05 2.1715e-05 1.515e-05 1.01e-05 9.09e-06 7.07e-06 2.525e-06 1.01e-06 1.515e-06 1.515e-06 5.05e-07 5.05e-07 0 0 0 0 0 0 0 0 0 0 0 0 0 0 
0.00724473 0.0096657 0.0110176 0.0116529 0.0118286 0.011264 0.0102742 0.00880619 0.00753511 0.0060797 0.00504293 0.00398647 0.00307697 0.00233512 0.00176397 0.00134229 0.00090496 0.000680235 0.00051308 0.00037673 0.000220685 0.000167155 0.000121705 7.4235e-05 4.646e-05 3.7875e-05 2.2725e-05 1.4645e-05 8.08e-06 7.575e-06 4.04e-06 2.525e-06 5.05e-07 1.515e-06 5.05e-07 1.515e-06 0 5.05e-07 0 0 0 0 0 0 0 5.05e-07 0 0 0 0 0 
0.00990558 0.0134603 0.0160711 0.0170518 0.0170842 0.0164367 0.0150268 0.0133668 0.0113731 0.00932584 0.00757349 0.00603223 0.00471317 0.00354914 0.00269519 0.00202303 0.0014943 0.0010802 0.000753965 0.000546915 0.00039289 0.00026664 0.000186345 0.000126755 8.383e-05 6.4135e-05 3.9895e-05 2.727e-05 1.717e-05 1.0605e-05 8.08e-06 6.06e-06 4.545e-06 1.515e-06 2.02e-06 5.05e-07 1.01e-06 0 5.05e-07 0 0 5.05e-07 0 0 0 0 0 0 0 0 0 
0.00507525 0.00668721 0.00794264 0.00867338 0.0089082 0.00870216 0.00810576 0.00733866 0.00637411 0.00551056 0.00454248 0.00368448 0.00295122 0.00230684 0.00178063 0.00142461 0.00102869 0.000782245 0.000554995 0.000431775 0.000287345 0.00022422 0.00014241 9.999e-05 7.373e-05 5.9085e-05 3.8885e-05 2.525e-05 1.919e-05 7.575e-06 5.555e-06 3.535e-06 6.06e-06 2.02e-06 1.515e-06 0 1.01e-06 0 0 0 0 0 0 0 0 0 5.05e-07 0 0 0 0 
0.00637159 0.00864358 0.0102944 0.0114074 0.0115847 0.0114842 0.0108287 0.0099283 0.0086552 0.00740078 0.00620696 0.00508384 0.00399809 0.00320322 0.00249975 0.00194526 0.00148874 0.00108575 0.000785275 0.000556005 0.000437835 0.00031007 0.000195435 0.00013938 0.000110595 6.9185e-05 5.454e-05 3.535e-05 2.1715e-05 1.616e-05 7.575e-06 9.595e-06 2.525e-06 2.02e-06 2.525e-06 1.01e-06 5.05e-07 1.01e-06 1.01e-06 0 0 1.01e-06 0 0 0 5.05e-07 0 0 0 0 0 
0.00354763 0.00474902 0.0057469 0.00635088 0.00671347 0.00672155 0.00628473 0.00576508 0.00528028 0.0046354 0.00396072 0.00328907 0.00270024 0.00215938 0.00175033 0.00135391 0.00103374 0.000795375 0.000591355 0.00046056 0.000331785 0.000249975 0.00018382 0.00013433 9.4435e-05 7.272e-05 4.1915e-05 2.7775e-05 2.626e-05 1.7675e-05 1.01e-05 6.06e-06 5.555e-06 2.02e-06 5.05e-07 2.02e-06 1.01e-06 5.05e-07 5.05e-07 0 0 0 0 0 0 0 0 0 0 0 0 
0.00414302 0.00566257 0.00686093 0.00761439 0.00808051 0.00805677 0.00781538 0.00721797 0.00651551 0.00575044 0.00498839 0.00414807 0.00347137 0.00271185 0.00224675 0.00174579 0.00137209 0.00107717 0.0008282 0.000589335 0.000408545 0.000317645 0.00021816 0.00015756 0.00012524 8.282e-05 6.8175e-05 3.9895e-05 2.626e-05 1.919e-05 1.3635e-05 8.08e-06 7.07e-06 3.03e-06 1.515e-06 4.545e-06 5.05e-07 1.515e-06 0 0 5.05e-07 5.05e-07 1.01e-06 0 0 5.05e-07 0 0 0 0 0 
0.00251642 0.00344158 0.00416221 0.00472731 0.00490709 0.00502122 0.00488285 0.00464449 0.00421625 0.00381225 0.00335522 0.00290022 0.00233765 0.00194324 0.00160388 0.00122968 0.0010398 0.000776185 0.000645895 0.000486315 0.000343905 0.000275225 0.00018483 0.00013736 0.0001212 8.4335e-05 5.4035e-05 3.838e-05 3.0805e-05 2.222e-05 1.4645e-05 5.05e-06 8.585e-06 3.03e-06 3.535e-06 1.515e-06 5.05e-07 1.515e-06 0 5.05e-07 5.05e-07 5.05e-07 0 0 0 0 0 0 0 0 0 
0 0 0 0 0 0 0 0 0 0 0 0 0 0 0 0 0 0 0 0 0 0 0 0 0 0 0 0 0 0 0 0 0 0 0 0 0 0 0 0 0 0 0 0 0 0 0 0 0 0 0 
Per-collision Densities L:
2.26284 1.24947 0.6884 0.380152 0.210396 0.115816 0.0643219 0.0352126 0.0195531 0.0106636 0.00588578 0.00327291 0.0017675 0.0009797 0.00054843 0.00032118 0.00018584 0.000101505 5.555e-05 2.8785e-05 1.1615e-05 7.07e-06 3.535e-06 4.04e-06 1.01e-06 0 1.01e-06 5.05e-07 5.05e-07 0 0 0 0 0 0 0 0 0 0 0 0 0 0 0 0 0 0 0 0 0 0 
0.0272392 0.0486148 0.0451101 0.0351601 0.0251142 0.0170937 0.0109499 0.0070695 0.00443845 0.00276437 0.0016559 0.00100495 0.000596405 0.00035249 0.00020503 0.000122715 7.8275e-05 4.646e-05 2.02e-05 9.595e-06 1.0605e-05 4.545e-06 2.02e-06 1.515e-06 1.01e-06 0 0 5.05e-07 0 0 0 0 0 0 0 0 0 0 0 0 0 0 0 0 0 0 0 0 0 0 0 
0.221917 0.393809 0.367775 0.28723 0.204901 0.137905 0.0902783 0.0579129 0.0364049 0.0225306 0.0136315 0.00833553 0.00490911 0.00295577 0.00172609 0.00102919 0.000629735 0.000365115 0.00023331 0.000132815 7.2215e-05 3.939e-05 2.1715e-05 1.212e-05 7.07e-06 5.555e-06 5.05e-06 1.515e-06 5.05e-07 5.05e-07 0 5.05e-07 0 0 0 0 0 0 0 0 0 0 0 0 0 0 0 0 0 0 0 
0.0137345 0.0335371 0.0410504 0.0395157 0.0336259 0.0264181 0.0194046 0.0140632 0.00973994 0.00665893 0.00442835 0.00284871 0.00184426 0.0011812 0.00074437 0.00046258 0.000284315 0.000199475 0.00011817 7.2215e-05 3.9895e-05 2.828e-05 1.212e-05 7.07e-06 7.07e-06 4.545e-06 1.515e-06 1.01e-06 5.05e-07 5.05e-07 5.05e-07 5.05e-07 0 5.05e-07 0 0 0 0 0 0 0 0 0 0 0 0 0 0 0 0 0 
0.0560454 0.138287 0.168236 0.162465 0.138356 0.109327 0.081808 0.0584341 0.0407762 0.0276801 0.0185835 0.0120983 0.00789366 0.0050596 0.00310474 0.00200889 0.00123927 0.000797395 0.000459045 0.000317645 0.000175235 0.00010605 6.161e-05 3.737e-05 1.9695e-05 1.3635e-05 6.06e-06 3.535e-06 5.555e-06 3.03e-06 5.05e-07 0 5.05e-07 0 0 0 0 0 0 0 0 0 0 0 0 0 0 0 0 0 0 
0.00787346 0.021211 0.0291981 0.0318014 0.0301091 0.0266403 0.0218347 0.0170155 0.0127316 0.00953743 0.00686447 0.00465661 0.00330169 0.00215282 0.00144531 0.00098576 0.000612565 0.000435815 0.000266135 0.000191395 0.000112615 6.06e-05 3.838e-05 3.131e-05 1.616e-05 1.111e-05 7.575e-06 3.03e-06 3.535e-06 2.02e-06 5.05e-07 2.02e-06 0 5.05e-07 0 5.05e-07 5.05e-07 0 0 0 0 0 0 0 0 0 0 0 0 0 0 
0.0219842 0.0587179 0.081808 0.0889421 0.0852081 0.074737 0.061658 0.0486194 0.0367175 0.0269902 0.0194359 0.0136961 0.00936472 0.00649582 0.00431573 0.00287598 0.0018988 0.00122665 0.00077568 0.000525705 0.00031613 0.000202 0.000123725 7.6255e-05 4.545e-05 3.1815e-05 2.1715e-05 1.313e-05 7.07e-06 4.545e-06 1.01e-06 2.02e-06 5.05e-07 5.05e-07 0 1.01e-06 0 0 0 0 0 0 0 0 0 0 0 0 0 0 0 
0.00486265 0.0135956 0.0197819 0.0234325 0.0239168 0.0226245 0.0198753 0.0166569 0.0135426 0.0104777 0.00804869 0.00594335 0.00434553 0.00311333 0.0022018 0.00153672 0.00102515 0.000691345 0.00046763 0.00031916 0.00021008 0.000141905 8.08e-05 5.9085e-05 4.242e-05 2.222e-05 1.313e-05 1.0605e-05 7.575e-06 4.04e-06 2.525e-06 2.525e-06 1.01e-06 2.02e-06 5.05e-07 0 5.05e-07 0 0 5.05e-07 0 0 0 0 0 0 0 0 0 0 0 
0.0103742 0.0292971 0.0428078 0.0502127 0.0521099 0.0489269 0.0433411 0.036457 0.0296778 0.0230977 0.0177265 0.0132679 0.00957329 0.00693466 0.00486719 0.00342138 0.00230836 0.00163721 0.00107515 0.00073225 0.000484295 0.00032926 0.000202505 0.00011716 9.5445e-05 4.7975e-05 3.9895e-05 2.5755e-05 1.01e-05 8.585e-06 5.555e-06 7.07e-06 5.05e-07 1.01e-06 1.01e-06 1.01e-06 0 0 0 0 0 0 0 0 0 0 0 0 0 0 0 
0.00309515 0.00895567 0.0137072 0.0165802 0.0179336 0.0178204 0.0166584 0.0146607 0.012522 0.0103358 0.00810576 0.00640896 0.00486618 0.00366024 0.00264418 0.00194425 0.00138269 0.00096152 0.00072922 0.000461065 0.00033431 0.00020604 0.000144935 0.000105545 6.5145e-05 5.2015e-05 2.4745e-05 2.121e-05 1.0605e-05 6.565e-06 4.545e-06 3.535e-06 3.535e-06 1.515e-06 1.01e-06 0 0 0 5.05e-07 0 0 0 0 0 0 0 5.05e-07 0 0 0 0 
0.00557015 0.0159676 0.024192 0.0295869 0.0321135 0.031913 0.0298293 0.0264564 0.0223927 0.018377 0.0148697 0.011617 0.0090698 0.00661954 0.00489951 0.00358449 0.00255227 0.00185436 0.00127664 0.000888295 0.00061105 0.0004343 0.000285325 0.00017675 0.000130795 8.383e-05 5.4035e-05 3.8885e-05 2.424e-05 9.595e-06 9.595e-06 5.555e-06 4.545e-06 3.03e-06 2.525e-06 1.01e-06 1.01e-06 5.05e-07 0 0 0 0 0 0 0 0 0 0 0 0 0 
0.00207404 0.00608879 0.0094536 0.0117589 0.0132911 0.0135532 0.0131588 0.012067 0.0106813 0.00913697 0.00760379 0.00611858 0.0049586 0.00383194 0.00292294 0.00221291 0.00163923 0.00116605 0.000883245 0.000626705 0.000426725 0.0002929 0.000209575 0.000152005 9.2415e-05 6.1105e-05 4.4945e-05 3.5855e-05 2.0705e-05 1.1615e-05 1.01e-05 5.555e-06 2.525e-06 3.03e-06 5.05e-07 2.02e-06 0 5.05e-07 5.05e-07 0 0 0 0 0 0 0 5.05e-07 0 0 0 0 
0.00323604 0.00932281 0.0144425 0.0180598 0.0204101 0.0207924 0.020304 0.0188183 0.0165499 0.0143435 0.0119453 0.00964702 0.00778205 0.00601708 0.00456672 0.00347238 0.00258308 0.00190234 0.0014034 0.00100798 0.00069387 0.000494395 0.00034138 0.000248965 0.00016564 0.00011312 7.8275e-05 5.4035e-05 2.6765e-05 1.9695e-05 1.4645e-05 1.01e-05 9.595e-06 7.07e-06 1.515e-06 2.525e-06 3.03e-06 5.05e-07 0 0 0 5.05e-07 5.05e-07 0 0 0 0 0 0 0 0 
0.0014741 0.00425614 0.00659884 0.00845875 0.00947128 0.0100687 0.0101318 0.00960864 0.00878347 0.00766287 0.00665338 0.00568782 0.00454298 0.00366277 0.00287295 0.00227705 0.00175639 0.0013332 0.00093526 0.0007171 0.000505 0.000389355 0.00026664 0.000197455 0.00014039 8.7365e-05 6.262e-05 4.7975e-05 2.8785e-05 1.616e-05 1.5655e-05 8.585e-06 5.555e-06 3.03e-06 2.525e-06 1.515e-06 1.01e-06 5.05e-07 5.05e-07 0 0 0 0 0 0 0 0 0 5.05e-07 0 0 
0.00197859 0.00572418 0.00909455 0.0114832 0.0130835 0.0138219 0.0138173 0.0132754 0.0123119 0.0109343 0.00930917 0.00781336 0.0064135 0.00517625 0.00408747 0.00321281 0.00249218 0.00189981 0.00138421 0.00104232 0.00074538 0.000546915 0.00038481 0.000278255 0.0001919 0.00014544 8.8375e-05 6.767e-05 4.949e-05 3.131e-05 1.4645e-05 1.111e-05 1.01e-05 5.05e-06 3.03e-06 2.525e-06 2.02e-06 5.05e-07 1.01e-06 5.05e-07 5.05e-07 1.515e-06 0 0 0 0 0 0 0 0 0 
0.00100798 0.0029487 0.00465509 0.00600041 0.00691598 0.00749117 0.00762045 0.00740583 0.00691497 0.00632513 0.00559288 0.00484851 0.00402839 0.00335623 0.00266691 0.00219271 0.00172862 0.00134179 0.00100293 0.000739825 0.000557015 0.00042824 0.000317645 0.000224725 0.000160085 0.0001313 8.3325e-05 5.858e-05 4.1915e-05 2.525e-05 2.4745e-05 1.01e-05 1.111e-05 4.545e-06 3.535e-06 1.01e-06 2.02e-06 2.02e-06 5.05e-07 5.05e-07 5.05e-07 0 0 0 0 0 0 0 0 0 0 
0.00121301 0.0035956 0.00590396 0.0075245 0.0086249 0.00935614 0.00957783 0.0095036 0.00879357 0.00816585 0.00717504 0.00623524 0.00523483 0.00430361 0.00356934 0.00284366 0.00224473 0.00172761 0.00133522 0.00103222 0.000764065 0.00057166 0.00041511 0.0002727 0.000223715 0.000150995 0.000104535 7.7265e-05 6.262e-05 3.3835e-05 2.4745e-05 1.616e-05 1.5655e-05 8.08e-06 6.06e-06 4.04e-06 1.515e-06 1.01e-06 1.01e-06 0 0 5.05e-07 1.515e-06 1.01e-06 0 0 0 0 5.05e-07 0 0 
0.000699425 0.00202707 0.00333553 0.00430664 0.00509596 0.0055045 0.00578932 0.0056959 0.00538482 0.00501364 0.00456066 0.00416423 0.00345269 0.0028881 0.00241188 0.00198162 0.00159681 0.00127008 0.000997375 0.000778205 0.00061509 0.000456015 0.000343905 0.000248965 0.00018988 0.0001414 0.000104535 7.8275e-05 4.0905e-05 3.7875e-05 2.727e-05 1.515e-05 1.313e-05 6.06e-06 8.585e-06 2.525e-06 3.535e-06 1.01e-06 1.515e-06 0 5.05e-07 0 0 0 5.05e-07 0 0 0 0 0 0 
0.00080901 0.00239269 0.00384962 0.00500203 0.00587618 0.00649026 0.00672559 0.00669327 0.00647309 0.00600445 0.00541108 0.00481518 0.00418999 0.00347289 0.00290678 0.00244521 0.00201041 0.00155843 0.00125695 0.00099788 0.00074841 0.00051813 0.000410565 0.000316635 0.00023533 0.00016261 0.00010706 9.09e-05 6.262e-05 4.8985e-05 3.2825e-05 2.323e-05 1.0605e-05 1.313e-05 7.07e-06 4.545e-06 1.01e-06 3.535e-06 1.515e-06 2.02e-06 1.01e-06 0 5.05e-07 0 1.01e-06 0 5.05e-07 1.01e-06 0 0 0 
0 0 0 0 0 0 0 0 0 0 0 0 0 0 0 0 0 0 0 0 0 0 0 0 0 0 0 0 0 0 0 0 0 0 0 0 0 0 0 0 0 0 0 0 0 0 0 0 0 0 0 
