Half rod, albedo problem, isotropic scattering, exponential random flight, mu_t: 3
Analogmu_t c: 0.9 maxx: 10 dx: 0.19802 numsamples: 10000000 numCollisionOrders: 20 numMoments: 10
total albedo: 0.519448
per-collision order albedos: 
0 0.224983 0.101261 0.0569777 0.0359055 0.0241444 0.017155 0.0125438 0.0094272 0.0071867 0.005561 0.0043765 0.0035006 0.0028121 0.0022867 0.0018539 0.0015158 0.0012536 0.0010413 0.000876 
Collision density L:
1.42063 1.17807 0.976911 0.809021 0.670112 0.554655 0.460252 0.380079 0.315395 0.261881 0.216664 0.179883 0.148737 0.123374 0.102287 0.0850763 0.0698243 0.0580826 0.0480508 0.0403096 0.0333361 0.0275876 0.0227285 0.0188102 0.015556 0.0130159 0.0107141 0.00890467 0.00750935 0.00614131 0.00510303 0.00423746 0.00344612 0.00295072 0.00246289 0.00208161 0.00167408 0.00136502 0.00115494 0.00090193 0.000722655 0.000658015 0.000522675 0.00045046 0.00034744 0.00029593 0.00024745 0.000209575 0.00016362 0.000142915 0.00068276 
Collision density R:
2.73474 2.2674 1.87926 1.55793 1.29015 1.06891 0.885664 0.732758 0.608491 0.504071 0.41709 0.346121 0.286228 0.237546 0.196891 0.163533 0.135709 0.111983 0.0930351 0.07732 0.0645158 0.0530078 0.0438896 0.0364499 0.0301162 0.0250576 0.0207449 0.017174 0.0142006 0.0116918 0.00983387 0.00809515 0.00678569 0.00559641 0.00464247 0.00383093 0.0031608 0.00272852 0.00222503 0.00177811 0.00142915 0.00122463 0.000975155 0.000824665 0.00068377 0.000573175 0.000459045 0.000404505 0.000312595 0.00027775 0.00132613 
Density Moments:
4.80441 5.06358 10.678 33.7763 142.37 749.415 4728.31 34749.2 291015 2.72662e+06 
Per-collision Density Moments:
1 0.333331 0.222104 0.221889 0.295497 0.491941 0.983469 2.29794 6.15583 18.6282 
0.675035 0.374992 0.349792 0.449208 0.730625 1.43471 3.29473 8.64329 25.4232 82.5252 
0.506216 0.37101 0.42703 0.651528 1.22746 2.74107 7.05878 20.5364 66.3862 235.061 
0.398777 0.352963 0.472937 0.821643 1.73487 4.28921 12.1107 38.3382 134.093 511.888 
0.322998 0.329585 0.497272 0.958986 2.2241 5.98959 18.2991 62.3693 234.154 958.7 
0.266477 0.304706 0.506784 1.06647 2.67878 7.76784 25.4399 92.6519 371.016 1619.79 
0.222589 0.27973 0.504909 1.14399 3.07492 9.49422 32.9739 126.947 536.164 2465.72 
0.187809 0.255906 0.496021 1.20017 3.43104 11.232 41.2611 167.729 746.986 3617.67 
0.15955 0.233453 0.482059 1.2366 3.73414 12.8739 49.6852 211.764 987.058 4994.13 
0.13642 0.212537 0.464269 1.2544 3.97552 14.3396 57.7203 255.696 1233.56 6426.33 
0.117275 0.193316 0.444386 1.25917 4.17281 15.6971 65.7365 302.274 1510.22 8128.4 
0.101092 0.175408 0.422302 1.24968 4.31539 16.8777 73.3 348.486 1793.81 9908.34 
0.0874571 0.159057 0.399716 1.23163 4.42048 17.9448 80.8061 397.981 2120.42 12111.5 
0.0759671 0.144274 0.377257 1.20762 4.49939 18.9562 88.601 453.083 2507.46 14882.5 
0.0660956 0.130555 0.353947 1.17206 4.50963 19.5965 94.4151 497.826 2844.96 17488.4 
0.0575836 0.118062 0.331208 1.13281 4.49549 20.1267 99.8484 542.151 3193.13 20259.1 
0.0503068 0.106791 0.309487 1.09186 4.46272 20.5471 104.674 582.856 3516.47 22832.2 
0.0440503 0.0965781 0.288288 1.04616 4.39306 20.755 108.351 617.326 3804.31 25183 
0.0385845 0.087178 0.26772 0.998456 4.30476 20.8579 111.524 649.717 4085.45 27519.9 
0 0 0 0 0 0 0 0 0 0 
Per-collision Densities L:
0 0 0 0 0 0 0 0 0 0 0 0 0 0 0 0 0 0 0 0 0 0 0 0 0 0 0 0 0 0 0 0 0 0 0 0 0 0 0 0 0 0 0 0 0 0 0 0 0 0 0 
0.508979 0.280601 0.155666 0.0854324 0.0473533 0.0261277 0.0143612 0.0079987 0.00435462 0.00243158 0.00132108 0.00073225 0.000401475 0.000231795 0.00013332 6.3125e-05 3.2825e-05 2.02e-05 1.212e-05 7.07e-06 3.03e-06 1.515e-06 2.525e-06 5.05e-07 0 0 5.05e-07 5.05e-07 0 0 0 0 0 0 0 0 0 0 0 0 0 0 0 0 0 0 0 0 0 0 0 
0.290244 0.235829 0.171459 0.117783 0.0778225 0.0494279 0.0313782 0.0193157 0.0119407 0.00728463 0.00435411 0.00257247 0.00155237 0.000926675 0.000534795 0.0003131 0.000177255 0.00011413 6.2115e-05 4.0905e-05 1.616e-05 1.0605e-05 9.595e-06 2.525e-06 4.04e-06 1.01e-06 1.01e-06 0 0 0 0 0 0 0 0 0 0 0 0 0 0 0 0 0 0 0 0 0 0 0 0 
0.1754 0.166931 0.142043 0.111598 0.0834295 0.0598476 0.0418923 0.0283058 0.0189032 0.0124806 0.00813707 0.00517676 0.00328806 0.00204879 0.00129432 0.00077972 0.000498435 0.00027068 0.00019594 0.000107565 6.2115e-05 3.9895e-05 2.1715e-05 1.7675e-05 8.08e-06 8.08e-06 3.535e-06 1.515e-06 1.515e-06 0 0 0 0 0 0 0 0 0 0 0 0 0 0 0 0 0 0 0 0 0 0 
0.114215 0.117517 0.108768 0.0944153 0.07711 0.0602273 0.0450309 0.0330689 0.0238249 0.016714 0.0114827 0.00782902 0.00517019 0.00343905 0.00227856 0.00149127 0.00092516 0.00060499 0.000389355 0.000243915 0.00014342 9.6455e-05 5.3025e-05 4.2925e-05 2.0705e-05 1.3635e-05 3.535e-06 5.05e-06 4.04e-06 1.515e-06 1.01e-06 0 0 0 0 0 5.05e-07 0 0 0 0 0 0 0 0 0 0 0 0 0 0 
0.0787376 0.0840472 0.0829811 0.0762212 0.0659611 0.0546804 0.0438981 0.0341052 0.0259262 0.0190239 0.0138905 0.00982326 0.00704829 0.00491971 0.00337138 0.00227604 0.00157005 0.00098374 0.000650945 0.00044036 0.000264115 0.000182305 0.00011615 8.1305e-05 4.1915e-05 2.222e-05 2.0705e-05 1.414e-05 1.0605e-05 5.555e-06 2.02e-06 5.05e-07 0 1.01e-06 0 0 0 0 0 0 0 0 0 0 0 0 0 0 0 0 0 
0.0561924 0.0626407 0.0630235 0.0607167 0.055048 0.0478397 0.0403091 0.0326498 0.0260257 0.0199914 0.0151672 0.011414 0.00849764 0.00592719 0.00423998 0.00295678 0.00207656 0.00145844 0.000991315 0.00066256 0.000463085 0.000310575 0.000199475 0.000118675 8.5345e-05 5.4035e-05 4.343e-05 2.323e-05 1.7675e-05 1.1615e-05 4.545e-06 3.03e-06 5.05e-07 2.525e-06 1.515e-06 5.05e-07 5.05e-07 0 5.05e-07 0 0 0 0 0 0 0 0 0 0 0 0 
0.0413065 0.0467039 0.0488552 0.0481992 0.0453091 0.0408141 0.0357282 0.0299768 0.0245637 0.0197011 0.0155242 0.0121099 0.00920464 0.0068675 0.00504546 0.00369105 0.00260681 0.00186345 0.00131856 0.000955965 0.000640845 0.000460055 0.000291385 0.000198465 0.00013029 8.787e-05 6.1105e-05 3.434e-05 3.1815e-05 1.212e-05 8.585e-06 8.585e-06 4.04e-06 1.01e-06 1.01e-06 1.01e-06 1.515e-06 5.05e-07 1.01e-06 0 0 0 0 5.05e-07 0 0 0 0 0 0 0 
0.0309429 0.035753 0.0382931 0.0384623 0.0370983 0.0341961 0.0307141 0.0267125 0.022619 0.0187209 0.0154596 0.0122735 0.00939603 0.00730331 0.00553379 0.00415161 0.00304111 0.00231038 0.00161651 0.00118726 0.0008484 0.00060802 0.00042521 0.000291385 0.000205535 0.00013332 9.3425e-05 6.969e-05 3.5855e-05 2.323e-05 1.4645e-05 1.3635e-05 6.565e-06 6.06e-06 4.04e-06 3.03e-06 5.05e-07 1.515e-06 1.01e-06 0 5.05e-07 1.01e-06 0 5.05e-07 0 5.05e-07 0 0 0 0 0 
0.0240163 0.0278528 0.030101 0.0309111 0.0301212 0.0287239 0.0263484 0.023436 0.0203823 0.0175033 0.0144536 0.0118922 0.00959399 0.00763005 0.00583932 0.00452177 0.00344107 0.0026058 0.00194274 0.00142057 0.00108929 0.00075952 0.000540855 0.000389355 0.00026765 0.000192405 0.000132815 8.787e-05 5.959e-05 3.4845e-05 2.626e-05 1.9695e-05 1.111e-05 8.585e-06 8.08e-06 1.515e-06 3.03e-06 3.03e-06 2.02e-06 5.05e-07 1.01e-06 1.01e-06 5.05e-07 0 0 0 0 0 0 0 0 
0.0186466 0.0219013 0.0241749 0.0248288 0.0248162 0.0237693 0.0224079 0.0204156 0.0181088 0.0159262 0.0134163 0.0112135 0.00930311 0.00752905 0.00599536 0.00466216 0.00362035 0.00290981 0.00214878 0.00164277 0.0012115 0.000885265 0.00065953 0.000475205 0.00034845 0.00024139 0.000169175 0.000140895 8.1305e-05 6.06e-05 4.1915e-05 1.9695e-05 1.616e-05 8.585e-06 7.07e-06 7.07e-06 3.03e-06 4.04e-06 4.04e-06 1.515e-06 1.01e-06 5.05e-07 0 0 0 5.05e-07 0 0 0 0 0 
0.0147566 0.0172357 0.0192082 0.0200712 0.0204449 0.0200399 0.0189117 0.017729 0.0160206 0.0141708 0.0122311 0.0104242 0.00874963 0.00729069 0.00601152 0.00470155 0.00377185 0.00295678 0.00228058 0.00180285 0.00132512 0.00100394 0.000754975 0.000573175 0.000390365 0.000289365 0.000222705 0.00014443 0.000108575 8.282e-05 5.6055e-05 4.343e-05 2.7775e-05 2.02e-05 1.8685e-05 1.1615e-05 5.05e-06 5.05e-06 3.03e-06 1.515e-06 1.515e-06 0 5.05e-07 0 0 1.01e-06 5.05e-07 0 0 0 0 
0.0117433 0.0138582 0.0156035 0.0164039 0.0169619 0.0167009 0.0160873 0.0151601 0.0140405 0.0124215 0.0109913 0.00959753 0.00817949 0.00692204 0.00571913 0.00472882 0.00377841 0.00295577 0.00239219 0.00187153 0.00144329 0.00113878 0.00082113 0.000630745 0.000465105 0.00035552 0.00027472 0.00020099 0.000128775 0.00010403 6.06e-05 5.2015e-05 3.636e-05 2.2725e-05 1.8685e-05 1.1615e-05 8.08e-06 6.565e-06 5.05e-06 3.03e-06 1.515e-06 1.01e-06 1.515e-06 5.05e-07 5.05e-07 1.01e-06 5.05e-07 0 0 0 0 
0.00946875 0.0111918 0.0126482 0.0134153 0.0138557 0.0141456 0.0137729 0.0129033 0.0120609 0.0109954 0.00984144 0.00872085 0.00770024 0.00651299 0.00543279 0.00463035 0.00372034 0.00301334 0.00247703 0.00192405 0.00147309 0.00117918 0.0009595 0.000710535 0.00052419 0.000409555 0.00027472 0.000214625 0.00016261 0.00011918 8.787e-05 6.1105e-05 3.7875e-05 3.636e-05 2.323e-05 1.616e-05 1.01e-05 1.01e-05 7.07e-06 1.01e-06 6.565e-06 5.05e-07 2.02e-06 1.01e-06 5.05e-07 0 0 0 0 0 0 
0.00777044 0.00920413 0.0104065 0.0111782 0.0116822 0.0117589 0.0115751 0.011013 0.0103308 0.00965914 0.00875822 0.00786538 0.00692103 0.00593981 0.00517373 0.00437381 0.00359762 0.00298304 0.00239724 0.00192506 0.00163469 0.0012317 0.00092011 0.0007171 0.000592365 0.000457025 0.000336835 0.00024139 0.00021917 0.0001414 0.000117665 8.9385e-05 5.858e-05 3.9895e-05 3.4845e-05 2.525e-05 1.919e-05 1.01e-05 9.09e-06 4.545e-06 4.04e-06 3.03e-06 1.01e-06 2.02e-06 5.05e-07 5.05e-07 5.05e-07 0 0 0 0 
0.0062817 0.0075442 0.00849107 0.00927433 0.00953036 0.00990255 0.00979498 0.00936018 0.00901274 0.0085345 0.00773559 0.00704273 0.006211 0.00549036 0.00480053 0.00408444 0.00342289 0.00282093 0.00237704 0.00195587 0.00160742 0.00122311 0.00099283 0.00079083 0.00062721 0.0004949 0.00035956 0.00027674 0.0002323 0.000162105 0.000126755 9.4435e-05 6.8175e-05 4.9995e-05 4.141e-05 2.424e-05 2.0705e-05 1.5655e-05 1.01e-05 7.07e-06 3.03e-06 4.545e-06 2.02e-06 3.535e-06 0 2.525e-06 1.01e-06 0 5.05e-07 0 1.01e-06 
0.00507374 0.00627665 0.00707 0.00765328 0.00809667 0.00827796 0.00831129 0.00818504 0.00766691 0.00746845 0.00676902 0.00620746 0.00551056 0.00495304 0.00431119 0.00383901 0.00323099 0.00270529 0.00224877 0.00186749 0.00158116 0.00125139 0.00102818 0.0008282 0.00061206 0.00050197 0.000417635 0.000312595 0.00020806 0.00019089 0.00014746 0.00010302 6.161e-05 5.959e-05 4.6965e-05 3.131e-05 2.222e-05 1.414e-05 8.08e-06 8.585e-06 5.05e-06 3.535e-06 3.535e-06 4.04e-06 5.05e-07 5.05e-07 5.05e-07 1.01e-06 1.01e-06 5.05e-07 1.01e-06 
0.00425008 0.00509899 0.00585497 0.00638977 0.00672307 0.00702859 0.00715282 0.00693062 0.00673216 0.00640694 0.00602314 0.00547117 0.00490355 0.00450309 0.00393496 0.00347743 0.00305172 0.00257399 0.00216241 0.00186345 0.00155692 0.00123321 0.00104535 0.000827695 0.00064135 0.000530755 0.000389355 0.000345925 0.00025957 0.00020604 0.00015251 0.0001111 8.282e-05 6.8175e-05 4.3935e-05 4.343e-05 2.6765e-05 2.0705e-05 1.212e-05 9.595e-06 7.07e-06 6.06e-06 6.06e-06 3.03e-06 5.05e-07 5.05e-07 1.01e-06 1.515e-06 5.05e-07 5.05e-07 1.01e-06 
0.00352541 0.00427634 0.00491264 0.00538128 0.00570701 0.00596506 0.0060595 0.00595294 0.00566257 0.00556712 0.00527473 0.00488638 0.00445461 0.00405212 0.00350874 0.00314413 0.00275326 0.00233613 0.00206848 0.0017574 0.00145693 0.00123826 0.00100849 0.000797395 0.000627715 0.000550955 0.00043935 0.00033633 0.00026664 0.00021008 0.000167155 0.00012423 9.696e-05 7.5245e-05 5.1005e-05 4.242e-05 3.9895e-05 2.828e-05 2.3735e-05 1.313e-05 8.08e-06 5.05e-06 5.05e-06 3.03e-06 3.03e-06 5.05e-07 3.03e-06 5.05e-07 5.05e-07 5.05e-07 2.02e-06 
0 0 0 0 0 0 0 0 0 0 0 0 0 0 0 0 0 0 0 0 0 0 0 0 0 0 0 0 0 0 0 0 0 0 0 0 0 0 0 0 0 0 0 0 0 0 0 0 0 0 0 
Per-collision Densities L:
2.26116 1.24906 0.690019 0.381291 0.20975 0.115841 0.0641461 0.0352702 0.0194758 0.0108171 0.00591456 0.00323453 0.00178619 0.000984245 0.000570145 0.00031714 0.000163115 9.191e-05 4.747e-05 2.727e-05 1.3635e-05 7.575e-06 3.03e-06 4.545e-06 1.01e-06 0 1.01e-06 1.01e-06 5.05e-07 0 0 0 0 0 0 0 0 0 0 0 0 0 0 0 0 0 0 0 0 0 0 
0.272483 0.484316 0.451541 0.351171 0.250495 0.168789 0.110774 0.0704076 0.0441042 0.0272049 0.0166807 0.0100101 0.00601203 0.00353349 0.00213363 0.00127664 0.00068781 0.00043935 0.000253005 0.000149985 9.595e-05 3.737e-05 2.424e-05 1.2625e-05 1.111e-05 5.555e-06 4.545e-06 2.02e-06 5.05e-07 0 0 0 0 0 0 0 0 0 0 0 0 0 0 0 0 0 0 0 0 0 0 
0.0843431 0.206871 0.251543 0.24238 0.205356 0.161284 0.119748 0.0860237 0.0598582 0.0406055 0.0267499 0.0177336 0.0114367 0.00725736 0.00452177 0.00288557 0.0017771 0.00109484 0.00067771 0.000436825 0.000255025 0.00014342 0.00010302 4.747e-05 2.8785e-05 2.3735e-05 1.01e-05 9.595e-06 4.545e-06 3.03e-06 5.05e-07 0 5.05e-07 0 0 0 0 0 0 0 0 0 0 0 0 0 0 0 0 0 0 
0.0396561 0.106638 0.146932 0.15998 0.152595 0.133128 0.109185 0.085091 0.0645239 0.0473205 0.0337628 0.0237911 0.0162448 0.0110292 0.00735078 0.00493284 0.00318504 0.00205232 0.00136956 0.00083931 0.000534795 0.000341885 0.00020503 0.00013029 7.7265e-05 5.454e-05 3.03e-05 2.121e-05 1.1615e-05 7.575e-06 4.545e-06 2.02e-06 1.515e-06 0 0 0 0 5.05e-07 0 0 0 0 0 0 0 0 0 0 0 0 0 
0.0226361 0.0630068 0.092059 0.107695 0.110877 0.103681 0.0912545 0.0764257 0.0619231 0.0481432 0.0366514 0.0270438 0.019589 0.0141198 0.00986518 0.00686598 0.00476569 0.00320574 0.00215484 0.00142562 0.00095344 0.00057671 0.000385315 0.00025149 0.000179275 0.00010403 6.0095e-05 3.8885e-05 3.131e-05 1.818e-05 1.2625e-05 3.535e-06 3.03e-06 5.05e-07 2.02e-06 5.05e-07 1.01e-06 0 0 0 5.05e-07 0 0 0 0 0 0 0 0 0 0 
0.014242 0.0408828 0.0615176 0.0744779 0.0810374 0.0800784 0.0740264 0.0653657 0.0554495 0.0455106 0.0363746 0.0282659 0.0215716 0.0159242 0.0115872 0.00855016 0.0059893 0.00425867 0.00293355 0.00210333 0.00140289 0.0009797 0.00063933 0.000422685 0.00027169 0.0001919 0.00012726 7.2215e-05 4.6965e-05 3.838e-05 1.7675e-05 1.313e-05 6.565e-06 4.04e-06 1.515e-06 2.525e-06 5.05e-07 5.05e-07 1.01e-06 1.515e-06 5.05e-07 5.05e-07 0 0 0 0 0 0 0 0 0 
0.0095642 0.0276447 0.04292 0.0536517 0.0596728 0.0613999 0.0590219 0.0544562 0.0481518 0.0411449 0.034032 0.0274114 0.0217498 0.0169448 0.0128826 0.00962379 0.00714171 0.00518635 0.00364055 0.00268559 0.00186547 0.0013226 0.00092011 0.000641855 0.00039794 0.00028179 0.00020099 0.000118675 8.484e-05 5.5045e-05 2.8785e-05 2.5755e-05 1.313e-05 7.07e-06 5.05e-06 4.04e-06 2.02e-06 1.01e-06 5.05e-07 5.05e-07 2.02e-06 5.05e-07 0 1.01e-06 0 0 0 0 0 0 0 
0.00689527 0.0197687 0.0311307 0.039588 0.0451723 0.0473594 0.0471715 0.0449521 0.0409701 0.0360504 0.0306288 0.0258797 0.0209772 0.0168261 0.0134259 0.0102879 0.00773206 0.00587214 0.00436371 0.00317494 0.00236694 0.00162459 0.00117514 0.000860015 0.00058176 0.000406525 0.0002828 0.000199475 0.000144935 7.272e-05 5.454e-05 4.0905e-05 2.7775e-05 1.818e-05 8.585e-06 7.07e-06 4.545e-06 4.545e-06 1.515e-06 1.01e-06 5.05e-07 1.515e-06 1.01e-06 5.05e-07 0 0 5.05e-07 0 0 0 0 
0.00501314 0.0146723 0.0228745 0.0298213 0.0343971 0.0370049 0.037777 0.0368882 0.0342138 0.0311428 0.027475 0.0235133 0.0196541 0.0163373 0.0131689 0.0104606 0.00833149 0.00624837 0.00479952 0.00365014 0.00271842 0.00198112 0.00149127 0.0010302 0.00073326 0.00054237 0.00036158 0.00028078 0.000188365 0.00012726 8.2315e-05 5.454e-05 3.7875e-05 2.323e-05 2.121e-05 8.08e-06 6.06e-06 7.07e-06 6.565e-06 2.02e-06 3.03e-06 1.01e-06 0 5.05e-07 0 5.05e-07 0 5.05e-07 0 0 0 
0.00370872 0.0108853 0.0174952 0.0229058 0.026617 0.0291683 0.0303606 0.0297597 0.0286779 0.0264509 0.024038 0.0210141 0.0182785 0.0152157 0.0126699 0.0103015 0.00822039 0.00645744 0.0051106 0.00395415 0.00294415 0.00224776 0.0016261 0.00124331 0.000942835 0.00064741 0.00048379 0.00033027 0.000239875 0.000177255 0.000120695 7.07e-05 5.7065e-05 3.5855e-05 2.626e-05 1.5655e-05 1.414e-05 8.585e-06 8.585e-06 3.03e-06 4.04e-06 2.525e-06 0 0 5.05e-07 0 5.05e-07 5.05e-07 0 0 0 
0.00293708 0.0083224 0.013533 0.0178371 0.0209802 0.0233164 0.0244738 0.024488 0.0239017 0.0223917 0.0206388 0.018532 0.0162514 0.0141006 0.0120357 0.00991366 0.00815777 0.00648016 0.00522574 0.00412232 0.00321786 0.00246289 0.00186143 0.00142309 0.00105293 0.000768105 0.00056459 0.000420665 0.00025755 0.00022119 0.000160085 0.00010504 8.282e-05 5.151e-05 4.04e-05 2.626e-05 2.222e-05 1.212e-05 8.08e-06 4.04e-06 3.535e-06 3.03e-06 1.515e-06 2.02e-06 0 5.05e-07 1.01e-06 5.05e-07 0 0 0 
0.00225836 0.00645946 0.010761 0.0140764 0.0164862 0.0187042 0.0197021 0.0202283 0.0199914 0.0190345 0.0176856 0.0162065 0.0143592 0.0127629 0.0110938 0.00921221 0.00790426 0.00634432 0.00523231 0.00417282 0.00332795 0.00255884 0.00198667 0.00153975 0.00118675 0.000878195 0.00068781 0.000498435 0.000367135 0.000255025 0.000190385 0.00014544 0.00010201 6.4135e-05 4.343e-05 3.232e-05 2.323e-05 1.515e-05 1.313e-05 6.565e-06 6.06e-06 4.04e-06 2.02e-06 1.01e-06 5.05e-07 5.05e-07 1.01e-06 0 5.05e-07 0 0 
0.00179326 0.00516918 0.00833149 0.0110812 0.0132472 0.0150712 0.0160868 0.016612 0.0165797 0.0161262 0.0151662 0.0141067 0.0127331 0.0112842 0.0100707 0.00872287 0.00737755 0.00612464 0.00506919 0.00418494 0.0033532 0.00263408 0.00210333 0.00163974 0.00126099 0.00097768 0.000710535 0.00054338 0.00042117 0.000315625 0.000232805 0.00017675 0.000139885 8.787e-05 5.959e-05 5.1005e-05 3.232e-05 1.818e-05 1.7675e-05 8.08e-06 9.595e-06 5.555e-06 3.535e-06 2.02e-06 2.02e-06 5.05e-07 5.05e-07 0 5.05e-07 5.05e-07 0 
0.00139178 0.00413191 0.00667661 0.00891679 0.010758 0.0122569 0.0133502 0.0137703 0.0138274 0.0136133 0.0130351 0.0121463 0.0110994 0.0101798 0.00883548 0.00797244 0.00678114 0.0057868 0.00486871 0.0040193 0.00332593 0.00267751 0.00210131 0.0016766 0.0013226 0.00104384 0.00081911 0.0006161 0.000462075 0.000373195 0.000272195 0.00021008 0.00014241 0.00011211 8.787e-05 6.161e-05 3.9895e-05 3.232e-05 2.5755e-05 1.515e-05 1.414e-05 6.565e-06 4.04e-06 4.04e-06 3.03e-06 2.02e-06 3.03e-06 5.05e-07 5.05e-07 5.05e-07 5.05e-07 
0.00115898 0.00328452 0.00535401 0.00714676 0.00863096 0.0100136 0.0108257 0.0114332 0.0116155 0.0115928 0.0111398 0.0105909 0.00970863 0.00901122 0.00798355 0.00716848 0.00631099 0.0053227 0.00459449 0.00390365 0.0031608 0.00260126 0.00212302 0.00174882 0.00135694 0.00105596 0.000833755 0.00066256 0.00049288 0.000393395 0.00027472 0.00022624 0.000179275 0.000122715 9.09e-05 6.767e-05 4.646e-05 3.636e-05 2.424e-05 1.919e-05 1.3635e-05 1.1615e-05 5.05e-06 6.06e-06 3.03e-06 2.02e-06 3.03e-06 1.515e-06 1.515e-06 1.01e-06 1.515e-06 
0.00091708 0.002727 0.00434957 0.00592769 0.00705384 0.00834159 0.00895365 0.00939351 0.00981569 0.00970257 0.00950259 0.00905213 0.00846885 0.00781488 0.00721797 0.00640997 0.00571256 0.00495001 0.00428796 0.00358853 0.00304364 0.00254621 0.00212757 0.00171397 0.00138421 0.00105545 0.00089486 0.000704475 0.000531765 0.00040299 0.000319665 0.00025452 0.000174225 0.000145945 0.000103525 7.6255e-05 6.4135e-05 4.3935e-05 2.929e-05 2.222e-05 1.5655e-05 1.111e-05 9.09e-06 7.07e-06 4.545e-06 2.02e-06 1.515e-06 1.515e-06 1.515e-06 1.01e-06 4.04e-06 
0.00079184 0.00220988 0.00363045 0.00484093 0.00579942 0.00675741 0.00748006 0.00787649 0.00814818 0.00821383 0.0081401 0.00789164 0.00737957 0.00698415 0.00623827 0.00576862 0.00512727 0.00450157 0.00393749 0.00346178 0.00288456 0.00247046 0.00204879 0.00168014 0.00139128 0.00111807 0.000881225 0.0007474 0.000567115 0.00045753 0.00034643 0.00025856 0.00021614 0.000156045 0.000116655 8.787e-05 7.171e-05 5.1005e-05 3.4845e-05 2.727e-05 1.717e-05 1.5655e-05 1.3635e-05 1.212e-05 6.565e-06 4.04e-06 1.01e-06 2.02e-06 1.01e-06 5.05e-07 4.545e-06 
0.00061711 0.00180235 0.00294062 0.00403041 0.00487881 0.00563732 0.00629331 0.00663924 0.00692507 0.00696244 0.00688214 0.00673822 0.00640997 0.0060696 0.00564085 0.00514343 0.00454046 0.00415363 0.00359005 0.00310323 0.00273559 0.00231694 0.00191143 0.00160843 0.00131452 0.00112211 0.000916575 0.000764065 0.00058883 0.000451975 0.00037774 0.000257045 0.00021311 0.000173215 0.00014948 9.4435e-05 7.575e-05 5.8075e-05 3.6865e-05 3.535e-05 2.2725e-05 1.616e-05 1.01e-05 1.313e-05 7.575e-06 2.525e-06 5.05e-07 5.05e-06 2.525e-06 1.01e-06 5.05e-06 
0.000503485 0.00150137 0.00241895 0.00330826 0.00401324 0.00469398 0.00527624 0.00552117 0.00585447 0.00601304 0.00591507 0.00591052 0.00553026 0.00525301 0.0048677 0.00449551 0.00412585 0.00374912 0.00326937 0.00283962 0.00256843 0.00218413 0.00186396 0.00155894 0.00127816 0.00109888 0.00089486 0.000732755 0.000627715 0.00044945 0.00039693 0.00028684 0.000236845 0.00017776 0.00013231 0.000112615 8.484e-05 6.161e-05 4.3935e-05 2.525e-05 2.424e-05 2.121e-05 1.1615e-05 1.0605e-05 1.4645e-05 4.545e-06 4.545e-06 4.545e-06 2.02e-06 5.05e-07 5.555e-06 
0 0 0 0 0 0 0 0 0 0 0 0 0 0 0 0 0 0 0 0 0 0 0 0 0 0 0 0 0 0 0 0 0 0 0 0 0 0 0 0 0 0 0 0 0 0 0 0 0 0 0 
