Half rod, albedo problem, Anisotropic scattering, exponential random flight, mu_t: 1 g: 0.3
Analogmu_t c: 0.9 maxx: 10 dx: 0.19802 numsamples: 10000000 numCollisionOrders: 20 numMoments: 10
total albedo: 0.45962
per-collision order albedos: 
0 0.157528 0.0919856 0.0577948 0.0384093 0.0265883 0.0192289 0.0141904 0.0107707 0.008224 0.006426 0.0051127 0.0040554 0.0032918 0.002671 0.0021557 0.001781 0.0014765 0.0012167 0.0010099 
Collision density L:
0.448016 0.42457 0.40235 0.381291 0.360958 0.342054 0.325568 0.308658 0.29181 0.276852 0.262206 0.248282 0.235728 0.223553 0.211685 0.201061 0.190256 0.180383 0.171009 0.162147 0.153499 0.145734 0.137771 0.130828 0.123988 0.117174 0.111661 0.105626 0.0998158 0.0947622 0.0897653 0.0855162 0.0807722 0.0768034 0.0726205 0.0686593 0.0652915 0.061808 0.0584598 0.0554303 0.0526917 0.0500218 0.0472791 0.0448617 0.0423372 0.0401768 0.0383108 0.0361918 0.0345506 0.0325993 0.593433 
Collision density R:
0.974506 0.92507 0.874483 0.82968 0.786831 0.743867 0.706628 0.670869 0.635639 0.601251 0.571034 0.541273 0.513033 0.485357 0.460467 0.43715 0.413827 0.392466 0.371783 0.352556 0.333078 0.31699 0.300008 0.28394 0.270027 0.255885 0.242215 0.229787 0.217652 0.206102 0.195708 0.186125 0.175549 0.166634 0.157835 0.150073 0.141828 0.134434 0.126799 0.120729 0.114562 0.108753 0.102924 0.0976675 0.0923413 0.0875761 0.0832169 0.0789573 0.0748703 0.0705323 1.29118 
Density Moments:
5.40567 20.0171 148.397 1652.71 24604.3 459962 1.03997e+07 2.77619e+08 8.60196e+09 3.04753e+11 
Per-collision Density Moments:
1 0.999301 1.99663 5.9805 23.8735 119.087 712.574 4970.63 39561.9 353107 
0.742521 1.32701 3.82143 14.9618 73.8422 439.499 3064.1 24525 222274 2.26113e+06 
0.576418 1.40246 5.1414 24.496 142.592 978.158 7718.17 68839.7 685086 7.53322e+06 
0.461051 1.37672 6.01159 33.3047 221.246 1707 14977.7 147229 1.60319e+06 1.91666e+07 
0.376456 1.30799 6.53568 40.8662 302.821 2580.06 24780.8 264521 3.10372e+06 3.9668e+07 
0.312217 1.22217 6.80484 46.9926 381.478 3534.47 36672.6 420419 5.27121e+06 7.16824e+07 
0.261774 1.13147 6.89762 51.8322 455.33 4543.01 50559 620101 8.3142e+06 1.21216e+08 
0.221326 1.04039 6.85345 55.4218 521.993 5564.05 65922.6 857750 1.21571e+07 1.86688e+08 
0.188414 0.953244 6.72261 57.9963 580.73 6556.48 81929.2 1.11859e+06 1.6529e+07 2.62447e+08 
0.161361 0.870868 6.52151 59.5695 629.876 7488.58 98239.4 1.40325e+06 2.16073e+07 3.55857e+08 
0.138842 0.793608 6.26877 60.2713 669.765 8358.84 115022 1.72286e+06 2.78264e+07 4.81206e+08 
0.119856 0.722306 5.99475 60.4499 703.471 9179.98 131859 2.05756e+06 3.45388e+07 6.19008e+08 
0.103846 0.656629 5.70181 60.067 729.434 9923.74 148497 2.41253e+06 4.21392e+07 7.85205e+08 
0.0901586 0.595778 5.39148 59.1135 746.367 10548.6 163885 2.76387e+06 5.01273e+07 9.70591e+08 
0.0784797 0.540258 5.07933 57.7825 756.094 11060.5 177573 3.08832e+06 5.76155e+07 1.14406e+09 
0.0684497 0.489548 4.772 56.2181 761.122 11511.4 190951 3.42913e+06 6.60154e+07 1.35179e+09 
0.0598629 0.443815 4.47461 54.4664 761.327 11882.4 203398 3.77135e+06 7.50537e+07 1.59172e+09 
0.0524129 0.401703 4.17983 52.4815 756.53 12176.4 214988 4.114e+06 8.45825e+07 1.85596e+09 
0.0459297 0.363185 3.89374 50.3309 746.228 12340.9 223632 4.38634e+06 9.22867e+07 2.06829e+09 
0 0 0 0 0 0 0 0 0 0 
Per-collision Densities L:
0 0 0 0 0 0 0 0 0 0 0 0 0 0 0 0 0 0 0 0 0 0 0 0 0 0 0 0 0 0 0 0 0 0 0 0 0 0 0 0 0 0 0 0 0 0 0 0 0 0 0 
0.143112 0.116771 0.0959712 0.0784765 0.0644552 0.052975 0.0437335 0.0360237 0.0292481 0.0241476 0.0197506 0.0160393 0.0133381 0.010805 0.0089991 0.00728261 0.00593678 0.0048581 0.00400213 0.00331735 0.00274973 0.0022215 0.00181447 0.00150642 0.0012221 0.00101152 0.00083931 0.00068478 0.000533785 0.000439855 0.00037168 0.000323705 0.00025048 0.00019796 0.00018382 0.00013433 0.00011009 9.6455e-05 8.1305e-05 7.272e-05 5.5045e-05 4.8985e-05 2.6765e-05 3.232e-05 2.0705e-05 1.6665e-05 1.7675e-05 1.2625e-05 1.5655e-05 7.07e-06 3.636e-05 
0.0917595 0.0888457 0.0839088 0.0777761 0.0716615 0.064737 0.0582023 0.0522513 0.0459323 0.0404106 0.0354798 0.030959 0.0268599 0.0235567 0.02035 0.0174831 0.0150758 0.0128396 0.0109792 0.00933442 0.00812141 0.00676397 0.00574741 0.00488638 0.00417938 0.00356025 0.00305778 0.00252197 0.00216544 0.00184426 0.00151298 0.00126755 0.00106454 0.00092314 0.00077366 0.000650945 0.0005454 0.000472175 0.000386325 0.00031815 0.00027876 0.00022523 0.00017776 0.00016564 0.00013231 0.00012019 9.595e-05 7.878e-05 5.6055e-05 5.555e-05 0.000287345 
0.0582184 0.0583497 0.05802 0.0567479 0.0548299 0.0529891 0.0504212 0.0472281 0.0443203 0.0409252 0.0381108 0.0347879 0.0315282 0.0289138 0.0255 0.0233916 0.0209045 0.018639 0.0165514 0.0147046 0.0128967 0.0113635 0.00998941 0.0088981 0.00768661 0.00682962 0.00602364 0.00512121 0.00438997 0.00381578 0.003383 0.00297142 0.00250278 0.00218615 0.00186547 0.00162913 0.00143016 0.00117817 0.00100394 0.00085345 0.00071508 0.000633775 0.00053732 0.00048985 0.00040703 0.00033734 0.00029694 0.00026058 0.00020907 0.000175235 0.00101606 
0.0386845 0.0395693 0.0398728 0.0399945 0.0396274 0.0389305 0.0383007 0.0371412 0.0359611 0.0345718 0.032825 0.0311105 0.0293254 0.0275407 0.0256383 0.023935 0.0219024 0.0203263 0.0186229 0.0171114 0.0156414 0.0141173 0.0127321 0.0115322 0.010354 0.00919151 0.00839664 0.00737048 0.00656147 0.00583174 0.00520605 0.00459045 0.00410717 0.00356833 0.00318908 0.00271034 0.00250884 0.00213918 0.00193112 0.00166953 0.00143269 0.00123725 0.00110646 0.00097465 0.00085244 0.00077265 0.000629735 0.000563075 0.0004848 0.000437835 0.00252702 
0.0271604 0.0278654 0.0283482 0.0286936 0.0285446 0.028578 0.02868 0.0283406 0.0277902 0.0272341 0.0263938 0.025701 0.0249041 0.0236663 0.0227109 0.0216014 0.020456 0.0191466 0.017977 0.0167271 0.0156035 0.0147904 0.0136431 0.0125689 0.0115887 0.0104126 0.00964853 0.00882538 0.00819312 0.00726039 0.00658116 0.00590295 0.00538078 0.0047672 0.00442229 0.0039385 0.00351329 0.00322897 0.00276892 0.00251642 0.00224271 0.00195738 0.00173064 0.0015448 0.00134633 0.00122059 0.00108323 0.00094334 0.00084133 0.00072013 0.00496314 
0.0195415 0.020196 0.0204964 0.0212827 0.0213337 0.0213721 0.0215564 0.0216337 0.0215196 0.0212974 0.0208196 0.0202798 0.0200606 0.0194713 0.0187209 0.0182502 0.0176679 0.0167948 0.0161842 0.0153545 0.0143996 0.0136825 0.0130007 0.0121397 0.0113797 0.0106989 0.00996668 0.00924504 0.00857793 0.00782599 0.00728362 0.00680791 0.00609283 0.00568277 0.00507475 0.00466267 0.00434098 0.00388598 0.00351783 0.00318605 0.00288406 0.00261388 0.00230836 0.00208868 0.00187507 0.00168064 0.00149581 0.00131856 0.00117766 0.00110646 0.00836785 
0.0143774 0.0150051 0.015352 0.0158711 0.0161383 0.0162716 0.016612 0.0166034 0.0164989 0.0166938 0.0165059 0.0162822 0.0160545 0.0157858 0.0155353 0.015098 0.014541 0.0142072 0.01374 0.0133426 0.0128018 0.0123609 0.0115786 0.0110504 0.0105394 0.0100328 0.00936927 0.00887487 0.00829311 0.00782851 0.00735684 0.00677458 0.00633725 0.00588123 0.00548329 0.0050803 0.00471569 0.00435462 0.0038885 0.00365469 0.00332896 0.00306283 0.00271084 0.00252248 0.0022624 0.00210181 0.0019387 0.00171044 0.00156096 0.00139481 0.0118882 
0.0109913 0.0113872 0.0118104 0.0120609 0.0123988 0.012675 0.0128664 0.0129134 0.0131416 0.0131164 0.0130775 0.0130442 0.0129113 0.0127543 0.0125735 0.0121862 0.0120746 0.0119604 0.01156 0.0112797 0.0110141 0.0106328 0.0101298 0.00981468 0.00945764 0.00890719 0.00873701 0.00821383 0.00774317 0.00736139 0.00688517 0.00654581 0.00616555 0.00575044 0.00548935 0.00511666 0.00486467 0.00446067 0.00415363 0.00386982 0.00360217 0.00327543 0.00309717 0.00280073 0.00261641 0.00239875 0.00217807 0.00201798 0.00182558 0.00168923 0.0157504 
0.00841532 0.00887386 0.00915363 0.00941674 0.00977983 0.00975509 0.0100025 0.0103172 0.0103212 0.0102768 0.0103192 0.0103353 0.0103919 0.0103278 0.0103596 0.010198 0.00998789 0.00992275 0.0097465 0.0095945 0.00921878 0.00904203 0.00868247 0.00842189 0.00815525 0.00791487 0.00773812 0.00737906 0.00698011 0.00671499 0.00640542 0.00617413 0.00585043 0.00560651 0.00520756 0.00491113 0.00470812 0.00438744 0.00407131 0.00382992 0.0035956 0.00347491 0.00313504 0.00296233 0.00271943 0.00250884 0.00233512 0.00220433 0.00201798 0.0018584 0.0191986 
0.00662661 0.00691194 0.00721544 0.0073831 0.00759066 0.00783003 0.00804516 0.00814212 0.008231 0.00835876 0.00840068 0.00849259 0.00853147 0.00841785 0.00832038 0.00835018 0.00828402 0.00822342 0.00821787 0.00790275 0.00771792 0.00775276 0.00759015 0.00734725 0.0071503 0.00689073 0.00671095 0.00654329 0.00620696 0.00614535 0.00573024 0.00564237 0.00529695 0.00514949 0.00485255 0.00459803 0.00433341 0.00414252 0.00386527 0.00372387 0.00360469 0.00334664 0.0031204 0.00292395 0.00272448 0.00258459 0.0024038 0.00228917 0.00211444 0.00203111 0.0220099 
0.00524392 0.00543128 0.00558682 0.00595799 0.00612717 0.00623574 0.00647511 0.00659328 0.00664934 0.0066655 0.0068276 0.00696345 0.00682861 0.00684982 0.00702354 0.00694274 0.00688366 0.00683215 0.00672812 0.00666398 0.00653622 0.00647259 0.00636502 0.0062514 0.00618979 0.00592315 0.00566913 0.00561863 0.00543077 0.00533078 0.00503586 0.00498587 0.00480659 0.00465711 0.00436775 0.00420312 0.00395819 0.0038173 0.00365267 0.00353753 0.00331886 0.0031911 0.00295476 0.0028477 0.00272145 0.00256338 0.00245885 0.00226543 0.00209171 0.00194274 0.0240739 
0.00417181 0.00438795 0.00458035 0.00472983 0.00484548 0.0050702 0.00522675 0.00530957 0.00540552 0.00547622 0.00551056 0.00555298 0.00566863 0.00572721 0.0056358 0.00568226 0.0057565 0.00568226 0.00564085 0.00564338 0.0055348 0.00552571 0.0053429 0.00527069 0.00510707 0.00509848 0.00495102 0.00494193 0.00474599 0.00463035 0.0045551 0.00432381 0.00425564 0.00410414 0.00393749 0.0037774 0.00366731 0.00346885 0.00339259 0.00326028 0.00309767 0.00298708 0.00285931 0.00271034 0.00256035 0.00236795 0.0022523 0.00217504 0.00202354 0.00192355 0.02575 
0.00333654 0.00350369 0.00376629 0.0038784 0.00392234 0.00406677 0.00417181 0.00428695 0.00441522 0.00446016 0.00454046 0.00460308 0.00466519 0.00461419 0.00473438 0.00479649 0.00469701 0.00481871 0.00478639 0.00468691 0.0046965 0.0045041 0.00462631 0.00445511 0.00443138 0.00436017 0.00433038 0.00419453 0.00413797 0.00407384 0.00395971 0.00380013 0.00374609 0.00363499 0.00349713 0.00333957 0.00329513 0.00316332 0.0031204 0.00290476 0.00280326 0.00268963 0.00255783 0.00251541 0.00232654 0.00227755 0.00216746 0.00207707 0.00203263 0.00183265 0.0268554 
0.00269266 0.00286891 0.00299667 0.0030497 0.00320019 0.00337946 0.00341582 0.00350016 0.00365368 0.00372943 0.00377993 0.00386275 0.00381881 0.00384305 0.00387234 0.00395264 0.00403647 0.00399607 0.00393597 0.00391779 0.00389305 0.00390113 0.00385618 0.00385669 0.00381326 0.00373549 0.00364408 0.0036158 0.00350218 0.00350773 0.00345067 0.00328149 0.00326028 0.00314514 0.00311787 0.00291082 0.00293355 0.00282144 0.00274922 0.00264267 0.00257197 0.00246036 0.00237805 0.00227806 0.00216292 0.00210535 0.00205687 0.00190486 0.00183568 0.00180285 0.0272867 
0.00223715 0.00236896 0.00248157 0.00253914 0.00266135 0.00273155 0.00287042 0.00291537 0.00298455 0.00306434 0.00309565 0.00314413 0.00321786 0.00327998 0.00334058 0.0032623 0.00333199 0.00328402 0.00327796 0.00335825 0.00333502 0.00331078 0.00323251 0.0032926 0.00319817 0.00311131 0.00310979 0.00311232 0.00302394 0.00306535 0.00293153 0.00291537 0.00278104 0.00280427 0.00273205 0.00262752 0.00265428 0.00248612 0.00239572 0.00237148 0.00228614 0.00219574 0.00216696 0.00204222 0.0019791 0.00193264 0.00189678 0.00172912 0.00170741 0.00161196 0.0271533 
0.00183113 0.00195839 0.00197708 0.0021205 0.00220029 0.00222503 0.00235734 0.0023836 0.00249773 0.00252248 0.00258459 0.00258712 0.00265277 0.00275781 0.00283103 0.00281184 0.00279467 0.00283709 0.00277296 0.00283053 0.00285376 0.00277346 0.00280275 0.00274266 0.00270529 0.00271286 0.00271892 0.00268862 0.00263307 0.0026462 0.00254268 0.00257197 0.00251187 0.0023937 0.00240178 0.00228412 0.00222705 0.00217302 0.00218918 0.00210686 0.00203111 0.00195587 0.00193112 0.00190082 0.00181144 0.00175286 0.00169781 0.00163166 0.00155439 0.00152258 0.0267867 
0.00150844 0.00159126 0.00165034 0.00171044 0.00182053 0.0018483 0.0019589 0.00198718 0.00207808 0.00213817 0.00214676 0.00223412 0.00226745 0.0022826 0.00229624 0.00237401 0.00236037 0.00228765 0.00233361 0.0023634 0.00235936 0.00231341 0.00235835 0.00237502 0.00238966 0.00237249 0.00235886 0.00229018 0.00227553 0.00217706 0.00223917 0.0021609 0.00213767 0.00214322 0.00207858 0.00206646 0.00195637 0.00198314 0.00195334 0.00181901 0.00182709 0.00180083 0.00174528 0.00164782 0.00160136 0.00153217 0.00148622 0.00147763 0.00144935 0.0013428 0.0258722 
0.0012221 0.00133371 0.00140087 0.00144986 0.0014746 0.00159075 0.00160994 0.00169125 0.00168266 0.00173872 0.00185386 0.00187204 0.00189729 0.00191749 0.00193567 0.00194122 0.00197607 0.0019594 0.00203364 0.00200334 0.00197657 0.00200586 0.00209171 0.00200788 0.00203515 0.00204677 0.0020296 0.00198819 0.00194829 0.00191597 0.00190739 0.0019286 0.00185335 0.00180184 0.0017978 0.00178114 0.00171852 0.00174326 0.00167963 0.00160944 0.00158116 0.00155136 0.00148622 0.00145794 0.00148319 0.00137714 0.00134633 0.00125846 0.0013433 0.00120544 0.0248132 
0 0 0 0 0 0 0 0 0 0 0 0 0 0 0 0 0 0 0 0 0 0 0 0 0 0 0 0 0 0 0 0 0 0 0 0 0 0 0 0 0 0 0 0 0 0 0 0 0 0 0 
Per-collision Densities L:
0.907831 0.745809 0.609571 0.500687 0.410847 0.336298 0.276645 0.226989 0.18648 0.152232 0.125308 0.102629 0.0843729 0.0691325 0.0569529 0.0464211 0.0380295 0.0312029 0.0257318 0.0212125 0.0173165 0.0140471 0.0114817 0.00941017 0.00779468 0.00641704 0.00527523 0.00429957 0.00352591 0.00287143 0.00236391 0.00193567 0.0015953 0.00131654 0.00111555 0.00087163 0.000697405 0.000616605 0.00048783 0.00039592 0.00031815 0.000256035 0.000223715 0.000183315 0.00013938 0.000112615 8.7365e-05 7.4235e-05 6.8175e-05 6.06e-05 0.00025856 
0.0509303 0.12855 0.175993 0.202117 0.213609 0.213822 0.207402 0.197135 0.183182 0.167262 0.15209 0.13683 0.122165 0.107912 0.0952304 0.0834548 0.0729649 0.0635861 0.0549698 0.0474205 0.0408192 0.0353581 0.030296 0.0259368 0.0220943 0.0189905 0.0159903 0.0138744 0.0117312 0.00997224 0.00833503 0.00711596 0.00617565 0.00505556 0.0043425 0.00359611 0.00305374 0.00260277 0.00210888 0.00176599 0.00150187 0.00130341 0.00106252 0.000929705 0.00075144 0.00064034 0.000553985 0.000451975 0.0003737 0.00029997 0.00164226 
0.00625695 0.0220463 0.0407166 0.0584325 0.0742173 0.0860606 0.0960909 0.102101 0.10535 0.106523 0.105703 0.102767 0.0986442 0.093222 0.0880033 0.0818681 0.0759217 0.0696976 0.063634 0.0577028 0.0518913 0.0468711 0.041962 0.0373104 0.0335037 0.029696 0.0262277 0.023231 0.0203646 0.0178497 0.0155919 0.0135274 0.0117993 0.0104075 0.00887689 0.00773963 0.00679831 0.00582366 0.00504142 0.0044036 0.00380518 0.00321382 0.00274417 0.00243915 0.00203717 0.00178366 0.00148723 0.00126604 0.00111454 0.000929705 0.00537169 
0.00290577 0.00915414 0.015659 0.0226392 0.0297193 0.0366675 0.0431674 0.0491607 0.0539653 0.057771 0.0610545 0.062666 0.0634613 0.0634916 0.0628422 0.0617287 0.0597789 0.0576043 0.0546738 0.0517933 0.0487522 0.0457591 0.0425301 0.0395546 0.0362721 0.0334391 0.0304146 0.0277048 0.02515 0.0228432 0.0204101 0.0184138 0.0164271 0.0147258 0.013024 0.0118821 0.0104126 0.00920161 0.00808505 0.00713515 0.00635694 0.00566358 0.00490456 0.00428897 0.00371731 0.00328351 0.00290274 0.0025755 0.00217251 0.00192456 0.0122988 
0.00185032 0.0053934 0.00897537 0.0127442 0.0164585 0.0199692 0.0236355 0.0269019 0.0299879 0.0331467 0.0354202 0.0378402 0.0392335 0.0408197 0.0417478 0.0422857 0.0422316 0.0416322 0.0410737 0.0404712 0.0390905 0.0377785 0.0360868 0.0345112 0.0329689 0.0309873 0.0292284 0.0272124 0.0251323 0.0235446 0.0219867 0.0202465 0.0183487 0.0168125 0.0154414 0.0139804 0.012822 0.0116913 0.0104469 0.0095743 0.00846027 0.00765378 0.00678064 0.00620544 0.00535351 0.0049081 0.00433694 0.00392991 0.00337694 0.00309111 0.0219367 
0.00122463 0.00356278 0.00601001 0.00832543 0.0105136 0.012826 0.014995 0.0171791 0.0193769 0.0210322 0.0227609 0.024343 0.0257136 0.0269579 0.0278119 0.0288855 0.0290527 0.0295582 0.0298844 0.0296304 0.0293673 0.0291622 0.0283431 0.027575 0.0269069 0.0258999 0.0250914 0.023891 0.0228194 0.0215393 0.020349 0.0191774 0.0179836 0.0169832 0.0156378 0.0147596 0.0132224 0.01242 0.0114413 0.0105828 0.00974297 0.00895315 0.00812394 0.00736492 0.00669933 0.00610596 0.00548986 0.00503384 0.00450359 0.00405919 0.0331558 
0.000837795 0.00250379 0.00419201 0.00577013 0.00732048 0.00884356 0.0104298 0.0117857 0.0131325 0.0146394 0.0156727 0.0167655 0.0178169 0.0186926 0.0196319 0.0204767 0.0208631 0.0212055 0.0217584 0.0220135 0.022017 0.0219524 0.0218862 0.0215696 0.0212802 0.0209434 0.0202954 0.0197016 0.019193 0.0183371 0.0178578 0.0170811 0.0162746 0.0154591 0.014594 0.0137855 0.0130724 0.0121574 0.0113337 0.0106767 0.00996921 0.00928493 0.00862843 0.00799769 0.00733412 0.00675993 0.00621908 0.00568782 0.00522271 0.00472731 0.0441057 
0.00059085 0.00177912 0.00292547 0.00418494 0.005353 0.00642108 0.00745885 0.00865419 0.00949299 0.0106323 0.0114994 0.0122614 0.01303 0.0137203 0.0141885 0.0148687 0.0155363 0.0157903 0.0161847 0.0163893 0.0166297 0.0169008 0.0168498 0.0167907 0.0167281 0.016465 0.0162822 0.015957 0.0158545 0.0153656 0.014847 0.0146288 0.013891 0.0134093 0.0130093 0.0121882 0.0119326 0.0111529 0.0105868 0.0101651 0.00955915 0.0089885 0.00851986 0.00797143 0.00740886 0.00689729 0.00651652 0.00606 0.00556258 0.00502627 0.0533366 
0.000406525 0.00127109 0.00214575 0.00310828 0.00392789 0.00470812 0.00546966 0.00634482 0.00714878 0.00781134 0.00839462 0.0092612 0.00982326 0.010299 0.0107853 0.0113771 0.0115938 0.0121139 0.0122927 0.012674 0.012677 0.0131169 0.0131926 0.0131618 0.0131376 0.0131345 0.0129235 0.0129836 0.0127119 0.0124397 0.0123104 0.0121372 0.0116569 0.0114413 0.0111277 0.0107414 0.0102894 0.0099581 0.00946168 0.00901072 0.00871731 0.00823655 0.00789871 0.00748511 0.00707354 0.00664277 0.00641805 0.00590446 0.00563227 0.00516413 0.0603985 
0.0003131 0.00103576 0.00159479 0.00225836 0.00293607 0.00366024 0.00432129 0.00484649 0.00542673 0.00596355 0.00647814 0.00703314 0.00757551 0.00790376 0.00831634 0.00869863 0.0091198 0.00947532 0.00952733 0.00988538 0.00997325 0.0101808 0.010303 0.0103076 0.0104343 0.0104378 0.0105237 0.0103399 0.0103944 0.0102278 0.0101884 0.00997931 0.00978135 0.00963086 0.00931523 0.00921524 0.0088678 0.00859157 0.00822948 0.00808404 0.00776892 0.00745431 0.00706697 0.00678316 0.00655339 0.00621554 0.00585447 0.0056156 0.00539542 0.00503283 0.0648541 
0.000269165 0.000806485 0.00130391 0.00177104 0.00226089 0.00272246 0.00329614 0.00372943 0.0042016 0.00458136 0.00503738 0.00538179 0.00584033 0.00617767 0.0063731 0.00681498 0.00705031 0.00743865 0.00758005 0.00781235 0.00790224 0.00806536 0.00821686 0.0083224 0.00849158 0.008383 0.00835876 0.00847946 0.0083527 0.00831887 0.00830372 0.00829463 0.00819211 0.00794618 0.00784013 0.00784417 0.00762651 0.00735381 0.00711747 0.00697102 0.00674579 0.00662358 0.00631048 0.00611656 0.00587113 0.00559389 0.00547925 0.00509091 0.00494951 0.00468741 0.0668347 
0.000209575 0.00062822 0.00102162 0.00139027 0.00172205 0.00214928 0.00249622 0.00293001 0.00330826 0.00360873 0.00385719 0.0043127 0.00456116 0.00484548 0.00510202 0.00540148 0.00566055 0.00588477 0.00603273 0.00617817 0.00634785 0.00648774 0.00662863 0.0066256 0.00675791 0.0068877 0.00685538 0.00696749 0.00696749 0.00686497 0.00687255 0.00689578 0.00684073 0.00670287 0.00657207 0.00653218 0.00640189 0.00632967 0.00620645 0.00603475 0.00585295 0.00569943 0.00561308 0.00536108 0.0050798 0.00505455 0.00487527 0.00468691 0.00452228 0.00422079 0.0674791 
0.000165135 0.000471165 0.000791335 0.00110595 0.00144632 0.00172761 0.00201344 0.00226695 0.00266186 0.00285224 0.00309666 0.00337946 0.00370115 0.00392537 0.00404202 0.00427281 0.0045147 0.00477377 0.00482881 0.00500203 0.00511717 0.00533331 0.00534644 0.0054838 0.00547117 0.00554844 0.00563277 0.00564742 0.00563075 0.00563984 0.00578528 0.00571105 0.00568529 0.00558884 0.00557571 0.00556106 0.0054131 0.00531816 0.00524796 0.00515302 0.00512979 0.00486871 0.00485305 0.00468085 0.00446218 0.00438391 0.00429351 0.004191 0.00407232 0.00389658 0.066361 
0.000141905 0.000383295 0.000607515 0.000901425 0.0011312 0.00139279 0.00161348 0.0018786 0.00202707 0.00229573 0.00257904 0.0027164 0.00293658 0.00310878 0.00328301 0.00345471 0.00358146 0.00372741 0.0039587 0.00407737 0.00415464 0.00431523 0.00450208 0.00436674 0.0046056 0.00459298 0.0045748 0.00468186 0.00477983 0.00475306 0.00482932 0.0046561 0.00465206 0.00475003 0.00469145 0.00458944 0.00450511 0.00442279 0.00447683 0.0043526 0.00436118 0.00426473 0.00413191 0.0040799 0.00400869 0.0039087 0.00380164 0.00362742 0.00351834 0.00350975 0.063882 
8.888e-05 0.00029492 0.00050298 0.000720635 0.0009191 0.00114585 0.00131401 0.00152914 0.00163065 0.00185436 0.00205586 0.0021816 0.0023528 0.00253258 0.00268206 0.00287396 0.00299213 0.00300879 0.00312898 0.00331331 0.00349814 0.00348652 0.00365519 0.00368398 0.00367085 0.00378296 0.00389911 0.00386022 0.00392133 0.00388396 0.00397435 0.00399708 0.00392537 0.00400465 0.00396526 0.00397132 0.00393092 0.00387386 0.00374155 0.00376932 0.00369004 0.00360873 0.00359207 0.00348854 0.00347188 0.00331937 0.00329967 0.00321887 0.00312141 0.00304061 0.0608682 
7.8275e-05 0.000213615 0.00042622 0.00057873 0.000723665 0.000920615 0.00103071 0.00123321 0.00134532 0.00149026 0.00167963 0.0017771 0.00194577 0.00205788 0.00212252 0.00230381 0.0023831 0.00254318 0.00265024 0.00269923 0.00279871 0.00286487 0.00293506 0.00306939 0.00308757 0.00319968 0.00315373 0.0032416 0.00325422 0.00323453 0.00324311 0.00339714 0.00336886 0.00322948 0.00331028 0.00337391 0.00333502 0.00325624 0.00329866 0.00311686 0.00320928 0.00317039 0.00314868 0.00306535 0.0029795 0.00296082 0.00280427 0.00284871 0.00274518 0.00258914 0.0575382 
6.8175e-05 0.000174225 0.000343905 0.00045652 0.000623675 0.000728715 0.000850925 0.00099485 0.00112161 0.0012014 0.00136906 0.00148167 0.00158217 0.00167559 0.00180841 0.0018983 0.00198364 0.00206899 0.00213363 0.00224018 0.00226089 0.00239118 0.00237401 0.00254217 0.00262853 0.00260025 0.00262701 0.00275478 0.00270125 0.00279568 0.00274771 0.00281538 0.00273155 0.00283659 0.00276185 0.00278457 0.00277851 0.00278558 0.00276185 0.00269064 0.00274165 0.00267802 0.00263459 0.00259318 0.00259772 0.00250935 0.00246743 0.00245582 0.00239875 0.00234876 0.0539168 
4.9995e-05 0.00016867 0.00027573 0.000394405 0.000478235 0.00060802 0.0007272 0.00084941 0.00088981 0.000968085 0.00112767 0.00121756 0.00130997 0.00143471 0.00147915 0.00157459 0.00164479 0.00175387 0.00185487 0.00184679 0.00191648 0.00198364 0.0020498 0.00209222 0.00211494 0.00215989 0.00221039 0.00226038 0.00223513 0.00234472 0.0023028 0.00240986 0.00233815 0.00241289 0.002373 0.00236037 0.00235027 0.00240683 0.0023432 0.00233967 0.00235583 0.00229674 0.00221998 0.00223816 0.00225786 0.0021715 0.00214373 0.00211999 0.00203818 0.00207808 0.0502788 
4.1915e-05 0.00011817 0.00023432 0.000329765 0.000416625 0.000497425 0.000573175 0.000699425 0.0007676 0.000813555 0.000915565 0.00100899 0.00107818 0.00117564 0.00125442 0.00132108 0.0014039 0.00147157 0.00152106 0.00152106 0.00159378 0.001666 0.00171902 0.00178922 0.00181901 0.00178467 0.00187406 0.00182608 0.00188921 0.00194526 0.00197102 0.00191143 0.00201243 0.00203717 0.00205737 0.00200182 0.00202354 0.00200485 0.00198768 0.00204121 0.00196698 0.00200536 0.00193163 0.00197708 0.00185891 0.00183467 0.00184477 0.00186648 0.0018175 0.00177053 0.0465979 
0 0 0 0 0 0 0 0 0 0 0 0 0 0 0 0 0 0 0 0 0 0 0 0 0 0 0 0 0 0 0 0 0 0 0 0 0 0 0 0 0 0 0 0 0 0 0 0 0 0 0 
