Half rod, albedo problem, Anisotropic scattering, exponential random flight, mu_t: 3 g: 0.3
Analogmu_t c: 0.5 maxx: 10 dx: 0.19802 numsamples: 10000000 numCollisionOrders: 20 numMoments: 10
total albedo: 0.131944
per-collision order albedos: 
0 0.0875834 0.0283973 0.0099002 0.0037013 0.001415 0.0005532 0.0002268 9.87e-05 3.83e-05 1.64e-05 6.7e-06 4.3e-06 1.5e-06 8e-07 3e-07 1e-07 0 0 0 
Collision density L:
0.328265 0.223035 0.151745 0.10266 0.0698188 0.0472367 0.0322301 0.0217852 0.0147728 0.0100869 0.00676246 0.00465156 0.00313959 0.0021205 0.00145087 0.000971115 0.0006868 0.00047874 0.000318655 0.000211595 0.00014342 0.000100495 6.767e-05 5.555e-05 2.7775e-05 2.2725e-05 2.02e-05 8.08e-06 9.595e-06 2.02e-06 1.01e-06 3.535e-06 3.03e-06 5.05e-07 0 0 5.05e-07 0 0 0 0 5.05e-07 5.05e-07 0 0 0 0 0 0 0 0 
Collision density R:
2.48831 1.68856 1.14601 0.779428 0.527778 0.358085 0.242778 0.16519 0.11229 0.0761686 0.0514772 0.0352328 0.0238764 0.0160994 0.010956 0.00735836 0.00514343 0.00345319 0.00245228 0.00162509 0.0010701 0.000724675 0.000484295 0.000346935 0.00023028 0.000149985 0.000109585 7.8275e-05 5.3025e-05 3.1815e-05 2.222e-05 1.4645e-05 1.313e-05 1.0605e-05 3.03e-06 2.02e-06 3.535e-06 2.525e-06 1.01e-06 5.05e-07 5.05e-07 1.01e-06 1.01e-06 0 5.05e-07 0 0 0 0 0 0 
Density Moments:
1.73634 0.887578 0.907916 1.39462 2.86091 7.35232 22.7448 82.4415 343.29 1616.16 
Per-collision Density Moments:
1 0.333205 0.222045 0.22201 0.296273 0.49536 0.997987 2.36058 6.43283 19.8812 
0.412463 0.245802 0.23613 0.308646 0.508896 1.01243 2.35997 6.31105 19.0477 63.9895 
0.177903 0.144317 0.176517 0.280787 0.546278 1.2545 3.32095 9.96031 33.3845 123.581 
0.0791233 0.0787387 0.114615 0.211711 0.46903 1.20774 3.54402 11.7041 43.1826 177.302 
0.035877 0.0415493 0.0692628 0.144536 0.357526 1.0175 3.27176 11.7586 46.9711 208.033 
0.0164915 0.0214978 0.0399151 0.0919863 0.249271 0.771109 2.67294 10.2572 43.236 199.196 
0.007671 0.0110469 0.0224357 0.0561278 0.163901 0.542294 1.99568 8.07357 35.6609 171.403 
0.0035905 0.00563031 0.0124174 0.0336342 0.105932 0.376257 1.4783 6.34464 29.5129 148.116 
0.0016871 0.00285046 0.0067285 0.0194532 0.0653259 0.247251 1.03414 4.71447 23.1961 122.268 
0.0008062 0.00146771 0.00372051 0.0114912 0.0409538 0.163239 0.712153 3.34457 16.6839 87.4296 
0.0003817 0.000739001 0.00197152 0.00639725 0.0239611 0.100464 0.461543 2.28578 12.0449 66.8106 
0.0001806 0.000364201 0.0010114 0.00341348 0.013256 0.0573551 0.270408 1.36622 7.30236 40.8742 
8.79e-05 0.000186838 0.000546851 0.00194265 0.0079427 0.0362794 0.181386 0.976897 5.5921 33.6368 
4.08e-05 9.11393e-05 0.000286458 0.00110994 0.00503904 0.0258908 0.14637 0.889834 5.7146 38.2571 
2.02e-05 4.73314e-05 0.000154731 0.000646369 0.00328419 0.0192704 0.124687 0.86059 6.20393 46.1229 
8.8e-06 2.33042e-05 8.54244e-05 0.000407653 0.0023564 0.0153989 0.108565 0.803912 6.16003 48.4205 
4.2e-06 1.25775e-05 4.86994e-05 0.00023438 0.001324 0.00828631 0.0550926 0.37945 2.67031 19.0593 
2.2e-06 5.13415e-06 1.53778e-05 5.77471e-05 0.000261175 0.00135124 0.00762031 0.0452197 0.276199 1.7145 
1.1e-06 2.35228e-06 6.28474e-06 1.86046e-05 5.82974e-05 0.000189849 0.000636324 0.00218077 0.00760424 0.0268754 
0 0 0 0 0 0 0 0 0 0 
Per-collision Densities L:
0 0 0 0 0 0 0 0 0 0 0 0 0 0 0 0 0 0 0 0 0 0 0 0 0 0 0 0 0 0 0 0 0 0 0 0 0 0 0 0 0 0 0 0 0 0 0 0 0 0 0 
0.19763 0.10933 0.0605202 0.0332987 0.0186335 0.0100581 0.00567216 0.00305929 0.00174528 0.000935765 0.00053934 0.00032421 0.00014948 0.000103525 5.6055e-05 2.121e-05 9.09e-06 1.1615e-05 3.535e-06 2.02e-06 1.515e-06 1.515e-06 5.05e-07 0 5.05e-07 5.05e-07 0 0 0 0 0 0 0 0 0 0 0 0 0 0 0 0 0 0 0 0 0 0 0 0 0 
0.0818787 0.0663166 0.0483841 0.0329805 0.0217408 0.0140764 0.00884558 0.00541057 0.00332896 0.00208717 0.00122614 0.0007272 0.00044339 0.000258055 0.000146955 8.3325e-05 5.3025e-05 2.9795e-05 1.6665e-05 1.2625e-05 3.03e-06 4.04e-06 2.525e-06 1.01e-06 1.01e-06 0 1.01e-06 0 0 0 0 0 0 0 0 0 0 0 0 0 0 0 0 0 0 0 0 0 0 0 0 
0.0299192 0.0282724 0.024597 0.0194223 0.0147505 0.010609 0.00752501 0.00531159 0.00356682 0.00234068 0.00146955 0.000950915 0.000642865 0.00038481 0.000272195 0.000166145 8.9385e-05 6.2115e-05 3.9895e-05 2.02e-05 1.3635e-05 1.01e-05 4.04e-06 5.05e-06 1.01e-06 1.01e-06 1.515e-06 0 0 0 0 0 0 0 0 0 0 0 0 0 0 0 0 0 0 0 0 0 0 0 0 
0.0113746 0.0113105 0.0104878 0.0095036 0.00787901 0.00632513 0.00493587 0.00362489 0.00261489 0.00190789 0.00129432 0.000904455 0.000637815 0.00042218 0.000260075 0.00018584 0.000118675 7.9285e-05 4.5955e-05 3.0805e-05 1.8685e-05 1.0605e-05 6.565e-06 9.595e-06 3.03e-06 1.515e-06 2.02e-06 5.05e-07 0 0 0 0 0 0 0 0 0 0 0 0 0 0 0 0 0 0 0 0 0 0 0 
0.00441875 0.00455813 0.00450208 0.00421726 0.00375367 0.00325271 0.00266792 0.00215029 0.00165236 0.00128725 0.00093829 0.00069488 0.0004949 0.00034239 0.00023533 0.00017978 0.000116655 8.282e-05 5.555e-05 3.5855e-05 2.121e-05 1.313e-05 1.1615e-05 7.07e-06 3.03e-06 4.545e-06 1.01e-06 2.02e-06 1.01e-06 5.05e-07 0 0 0 0 0 0 0 0 0 0 0 0 0 0 0 0 0 0 0 0 0 
0.00175993 0.00187759 0.00185689 0.00181245 0.00168771 0.00156954 0.00136552 0.00114282 0.000925665 0.000747905 0.00058479 0.000472175 0.00033229 0.000240885 0.000179275 0.00012524 0.00010605 7.5245e-05 5.05e-05 3.0805e-05 2.7775e-05 1.2625e-05 9.595e-06 7.575e-06 4.545e-06 3.535e-06 1.01e-06 1.515e-06 2.525e-06 0 0 0 0 0 0 0 0 0 0 0 0 0 0 0 0 0 0 0 0 0 0 
0.00075952 0.00078073 0.000775175 0.000824665 0.000778205 0.000734775 0.000639835 0.000556005 0.00048581 0.000375215 0.00033027 0.000264115 0.000199475 0.00015352 0.000124735 8.989e-05 7.676e-05 5.3025e-05 4.444e-05 2.0705e-05 2.323e-05 1.313e-05 9.09e-06 7.575e-06 3.03e-06 2.02e-06 3.03e-06 0 1.515e-06 0 5.05e-07 0 5.05e-07 0 0 0 0 0 0 0 0 0 5.05e-07 0 0 0 0 0 0 0 0 
0.00030098 0.00033532 0.000367135 0.00033027 0.00033936 0.000335825 0.00030805 0.00026967 0.000234825 0.00021513 0.000191395 0.000155035 0.00011514 9.0395e-05 8.383e-05 5.2015e-05 5.353e-05 3.3835e-05 2.2725e-05 2.121e-05 1.2625e-05 1.3635e-05 1.111e-05 6.565e-06 3.03e-06 4.04e-06 2.02e-06 5.05e-07 1.01e-06 0 0 0 5.05e-07 0 0 0 0 0 0 0 0 5.05e-07 0 0 0 0 0 0 0 0 0 
0.00013332 0.00014342 0.000142915 0.00015756 0.00014342 0.00014645 0.00013938 0.000132815 0.00011514 0.00010302 8.787e-05 7.676e-05 6.161e-05 6.161e-05 3.7875e-05 3.535e-05 3.4845e-05 2.0705e-05 1.818e-05 1.818e-05 8.08e-06 9.595e-06 4.545e-06 4.545e-06 2.525e-06 2.02e-06 3.535e-06 2.02e-06 1.515e-06 0 0 5.05e-07 1.01e-06 0 0 0 0 0 0 0 0 0 0 0 0 0 0 0 0 0 0 
5.2015e-05 6.2115e-05 6.161e-05 6.363e-05 6.565e-05 6.9185e-05 6.363e-05 6.868e-05 6.2115e-05 3.838e-05 4.949e-05 4.343e-05 3.1815e-05 3.232e-05 2.4745e-05 1.818e-05 1.414e-05 1.414e-05 1.0605e-05 9.09e-06 5.555e-06 5.05e-06 3.03e-06 3.03e-06 4.04e-06 1.515e-06 2.525e-06 5.05e-07 0 0 0 5.05e-07 5.05e-07 0 0 0 0 0 0 0 0 0 0 0 0 0 0 0 0 0 0 
1.9695e-05 2.6765e-05 2.626e-05 2.7775e-05 2.7775e-05 3.636e-05 3.6865e-05 3.232e-05 2.4745e-05 2.5755e-05 2.626e-05 2.121e-05 1.515e-05 1.414e-05 1.414e-05 6.565e-06 8.08e-06 6.565e-06 6.06e-06 4.545e-06 3.03e-06 2.525e-06 3.535e-06 1.515e-06 5.05e-07 1.01e-06 2.02e-06 1.01e-06 0 5.05e-07 0 0 5.05e-07 0 0 0 0 0 0 0 0 0 0 0 0 0 0 0 0 0 0 
9.595e-06 1.313e-05 1.4645e-05 1.313e-05 1.1615e-05 1.3635e-05 1.515e-05 1.212e-05 8.08e-06 1.01e-05 1.2625e-05 8.08e-06 8.08e-06 7.575e-06 1.1615e-05 3.535e-06 1.515e-06 4.04e-06 2.525e-06 3.03e-06 2.525e-06 2.525e-06 1.01e-06 5.05e-07 1.01e-06 1.01e-06 5.05e-07 0 0 5.05e-07 0 0 0 0 0 0 0 0 0 0 0 0 0 0 0 0 0 0 0 0 0 
6.06e-06 6.06e-06 6.565e-06 5.555e-06 4.04e-06 4.545e-06 8.585e-06 8.585e-06 4.545e-06 6.565e-06 6.565e-06 5.555e-06 3.535e-06 4.545e-06 2.02e-06 1.515e-06 1.515e-06 2.525e-06 1.01e-06 1.515e-06 5.05e-07 5.05e-07 0 1.515e-06 5.05e-07 0 0 0 1.01e-06 5.05e-07 0 5.05e-07 0 0 0 0 0 0 0 0 0 0 0 0 0 0 0 0 0 0 0 
2.02e-06 2.525e-06 1.515e-06 1.01e-06 2.525e-06 3.03e-06 4.04e-06 3.535e-06 1.515e-06 3.03e-06 3.535e-06 1.515e-06 2.02e-06 3.03e-06 5.05e-07 1.01e-06 1.01e-06 2.02e-06 5.05e-07 1.01e-06 0 1.01e-06 0 0 0 0 0 0 5.05e-07 0 0 0 0 5.05e-07 0 0 0 0 0 0 0 0 0 0 0 0 0 0 0 0 0 
5.05e-07 0 1.01e-06 1.01e-06 0 1.01e-06 1.515e-06 5.05e-07 2.02e-06 1.515e-06 1.01e-06 1.515e-06 2.02e-06 1.515e-06 5.05e-07 0 1.01e-06 5.05e-07 0 0 5.05e-07 5.05e-07 5.05e-07 0 0 0 0 0 5.05e-07 0 0 1.515e-06 0 0 0 0 5.05e-07 0 0 0 0 0 0 0 0 0 0 0 0 0 0 
0 0 0 0 5.05e-07 5.05e-07 5.05e-07 1.01e-06 0 1.01e-06 0 5.05e-07 0 0 5.05e-07 5.05e-07 5.05e-07 0 5.05e-07 0 1.01e-06 0 0 0 0 0 0 0 0 0 5.05e-07 5.05e-07 0 0 0 0 0 0 0 0 0 0 0 0 0 0 0 0 0 0 0 
0 0 0 5.05e-07 0 5.05e-07 5.05e-07 0 0 5.05e-07 5.05e-07 0 0 0 0 1.01e-06 5.05e-07 0 0 0 5.05e-07 0 0 0 0 0 0 0 0 0 0 0 0 0 0 0 0 0 0 0 0 0 0 0 0 0 0 0 0 0 0 
0 0 5.05e-07 5.05e-07 5.05e-07 0 0 5.05e-07 0 0 5.05e-07 0 0 0 5.05e-07 0 0 5.05e-07 0 0 0 0 0 0 0 0 0 0 0 0 0 0 0 0 0 0 0 0 0 0 0 0 0 0 0 0 0 0 0 0 0 
0 0 0 0 0 0 0 0 0 0 0 0 0 0 0 0 0 0 0 0 0 0 0 0 0 0 0 0 0 0 0 0 0 0 0 0 0 0 0 0 0 0 0 0 0 0 0 0 0 0 0 
Per-collision Densities L:
2.26297 1.24812 0.689414 0.381231 0.209892 0.115774 0.063831 0.0352874 0.0194859 0.010756 0.00593426 0.00326533 0.00180992 0.00097061 0.000567115 0.000306535 0.00017271 8.8375e-05 5.555e-05 3.3835e-05 1.3635e-05 9.595e-06 2.525e-06 3.03e-06 1.515e-06 1.01e-06 2.02e-06 5.05e-07 5.05e-07 0 0 0 0 0 0 0 0 0 0 0 0 0 0 0 0 0 0 0 0 0 0 
0.19674 0.350299 0.325899 0.254172 0.180111 0.121638 0.0796122 0.0508434 0.0319084 0.0195258 0.0120271 0.00732351 0.00437179 0.00262651 0.00155742 0.00085143 0.0005555 0.000303 0.00021412 0.000103525 6.464e-05 3.1815e-05 1.818e-05 1.313e-05 1.0605e-05 4.04e-06 2.02e-06 2.525e-06 0 1.515e-06 0 5.05e-07 0 0 0 0 0 0 0 0 0 0 0 0 0 0 0 0 0 0 0 
0.0212822 0.0673276 0.0935462 0.0968317 0.0865343 0.0701763 0.0531881 0.0390224 0.0275836 0.0190067 0.0125053 0.00840825 0.0054843 0.00347794 0.00222655 0.00142158 0.00090092 0.000539845 0.000350975 0.00021311 0.000119685 8.08e-05 4.545e-05 2.6765e-05 2.2725e-05 1.515e-05 4.04e-06 5.05e-06 2.02e-06 5.05e-07 0 2.02e-06 5.05e-07 5.05e-07 0 0 0 0 0 0 0 0 0 0 0 0 0 0 0 0 0 
0.00477377 0.0153868 0.0249515 0.0312125 0.0325988 0.0307378 0.0266994 0.0218084 0.0171412 0.0130174 0.00943037 0.00680791 0.00477074 0.00327998 0.00222907 0.00147359 0.000987275 0.00065145 0.00041713 0.00027876 0.00018079 0.00010908 7.171e-05 3.434e-05 2.7775e-05 1.616e-05 9.09e-06 7.575e-06 7.575e-06 2.525e-06 0 0 5.05e-07 1.515e-06 0 0 5.05e-07 0 0 5.05e-07 0 0 0 0 0 0 0 0 0 0 0 
0.00157661 0.00464903 0.00768257 0.0100288 0.0116054 0.0120281 0.0114388 0.0104096 0.00883195 0.00721393 0.00576811 0.00442431 0.00332088 0.00240835 0.00177255 0.00124533 0.00090395 0.00061913 0.00043127 0.00029088 0.00019493 0.000110595 8.08e-05 5.454e-05 3.5855e-05 1.414e-05 1.616e-05 1.01e-05 5.05e-06 3.535e-06 3.535e-06 1.01e-06 5.05e-07 5.05e-07 5.05e-07 0 5.05e-07 0 5.05e-07 0 0 5.05e-07 0 0 0 0 0 0 0 0 0 
0.000581255 0.00166701 0.00272347 0.00357591 0.00427887 0.00460863 0.00470307 0.00448036 0.0040703 0.00359964 0.00303404 0.00251793 0.00194526 0.00154177 0.00115191 0.00085345 0.00066256 0.000474195 0.000355015 0.000240885 0.0001717 0.00011716 6.9185e-05 5.656e-05 3.0805e-05 2.222e-05 1.414e-05 1.111e-05 1.1615e-05 4.04e-06 1.01e-06 2.02e-06 5.05e-07 1.01e-06 0 5.05e-07 5.05e-07 0 0 0 0 5.05e-07 0 0 0 0 0 0 0 0 0 
0.00022018 0.000655995 0.00107414 0.00139936 0.00163822 0.00184022 0.00192405 0.00191345 0.0018377 0.00168165 0.00148218 0.00127664 0.00107717 0.000869105 0.000700435 0.0005454 0.000422685 0.000321685 0.00025048 0.00017675 0.00012322 8.585e-05 7.07e-05 4.545e-05 2.727e-05 2.02e-05 1.6665e-05 1.0605e-05 5.555e-06 2.02e-06 5.05e-06 1.515e-06 1.515e-06 5.05e-07 5.05e-07 0 0 0 0 0 0 0 5.05e-07 0 0 0 0 0 0 0 0 
9.494e-05 0.000250985 0.00042723 0.00056358 0.00064236 0.00073326 0.000795375 0.00083527 0.000792345 0.000769115 0.00067771 0.00065044 0.00055449 0.000463085 0.000360065 0.00031714 0.000256035 0.00020604 0.00015958 0.00011918 8.787e-05 6.6155e-05 4.5955e-05 4.6965e-05 2.6765e-05 2.02e-05 1.0605e-05 1.111e-05 6.06e-06 3.535e-06 4.04e-06 1.01e-06 2.02e-06 0 5.05e-07 0 0 0 0 0 0 0 0 0 0 0 0 0 0 0 0 
3.737e-05 0.00011009 0.000166145 0.000229775 0.00026361 0.00031007 0.000335825 0.00034542 0.000361075 0.00031815 0.000339865 0.00029492 0.000270175 0.000234825 0.00019291 0.000160085 0.00013231 0.000111605 0.000102515 7.1205e-05 4.3935e-05 4.7975e-05 3.4845e-05 2.424e-05 1.7675e-05 1.616e-05 1.3635e-05 6.06e-06 4.545e-06 4.545e-06 1.515e-06 5.05e-07 2.02e-06 2.525e-06 5.05e-07 0 0 0 0 0 0 0 0 0 0 0 0 0 0 0 0 
1.818e-05 4.848e-05 7.5245e-05 0.00010706 0.000110595 0.00014645 0.00013938 0.00013534 0.000149985 0.000159075 0.00014039 0.000152005 0.000139885 0.000116655 0.00010302 8.8375e-05 7.4235e-05 6.565e-05 5.9085e-05 4.646e-05 2.828e-05 2.5755e-05 2.222e-05 1.6665e-05 1.414e-05 9.09e-06 1.111e-05 4.04e-06 2.525e-06 4.04e-06 2.02e-06 1.515e-06 2.02e-06 1.01e-06 1.01e-06 0 0 0 0 0 0 0 0 0 0 0 0 0 0 0 0 
7.07e-06 2.0705e-05 3.2825e-05 3.7875e-05 6.262e-05 5.4035e-05 5.555e-05 6.06e-05 6.9185e-05 6.969e-05 7.474e-05 6.565e-05 6.565e-05 5.7065e-05 5.353e-05 4.343e-05 3.6865e-05 3.5855e-05 2.525e-05 2.2725e-05 1.7675e-05 2.02e-05 1.01e-05 1.313e-05 8.08e-06 7.07e-06 5.05e-06 3.03e-06 2.525e-06 2.02e-06 1.515e-06 2.02e-06 5.05e-07 1.01e-06 0 5.05e-07 1.01e-06 0 0 0 0 0 0 0 0 0 0 0 0 0 0 
2.525e-06 1.414e-05 1.414e-05 2.0705e-05 2.222e-05 2.222e-05 2.828e-05 2.929e-05 2.626e-05 2.5755e-05 3.535e-05 1.919e-05 3.4845e-05 2.6765e-05 2.3735e-05 2.5755e-05 1.8685e-05 1.5655e-05 1.919e-05 1.414e-05 9.595e-06 8.585e-06 6.06e-06 6.06e-06 3.03e-06 2.02e-06 2.02e-06 5.05e-06 2.525e-06 1.515e-06 5.05e-07 1.01e-06 1.01e-06 5.05e-07 0 0 0 5.05e-07 0 0 0 0 0 0 0 0 0 0 0 0 0 
0 4.04e-06 5.555e-06 9.595e-06 1.414e-05 1.0605e-05 1.6665e-05 8.585e-06 1.8685e-05 1.414e-05 1.414e-05 1.414e-05 1.6665e-05 1.515e-05 6.06e-06 1.4645e-05 8.585e-06 1.111e-05 7.07e-06 7.575e-06 8.08e-06 5.05e-06 3.535e-06 2.525e-06 3.03e-06 1.515e-06 2.02e-06 1.01e-06 2.02e-06 2.02e-06 5.05e-07 5.05e-07 0 0 0 5.05e-07 5.05e-07 5.05e-07 0 0 0 0 0 0 0 0 0 0 0 0 0 
1.515e-06 3.03e-06 1.515e-06 5.05e-06 1.515e-06 3.03e-06 5.555e-06 4.04e-06 8.585e-06 5.555e-06 3.535e-06 5.555e-06 6.565e-06 6.565e-06 6.06e-06 4.545e-06 6.06e-06 5.555e-06 3.535e-06 3.535e-06 3.535e-06 4.545e-06 1.01e-06 2.525e-06 5.05e-07 1.01e-06 0 5.05e-07 5.05e-07 0 1.515e-06 5.05e-07 1.01e-06 5.05e-07 0 0 0 5.05e-07 0 0 5.05e-07 0 0 0 0 0 0 0 0 0 0 
5.05e-07 1.515e-06 1.01e-06 1.01e-06 2.02e-06 1.01e-06 3.03e-06 3.535e-06 4.04e-06 3.535e-06 4.04e-06 2.525e-06 4.545e-06 3.535e-06 3.03e-06 3.03e-06 3.03e-06 3.03e-06 5.05e-07 1.01e-06 1.01e-06 1.515e-06 2.02e-06 5.05e-07 0 0 1.01e-06 0 0 0 5.05e-07 0 5.05e-07 1.01e-06 0 5.05e-07 0 5.05e-07 0 0 0 0 5.05e-07 0 0 0 0 0 0 0 0 
0 0 5.05e-07 1.01e-06 0 5.05e-07 1.01e-06 1.515e-06 5.05e-07 2.02e-06 4.04e-06 1.515e-06 1.515e-06 5.05e-07 1.01e-06 1.515e-06 1.515e-06 0 5.05e-07 1.01e-06 5.05e-07 0 0 5.05e-07 5.05e-07 0 0 0 0 0 5.05e-07 0 0 0 0 0 5.05e-07 0 0 0 0 0 0 0 5.05e-07 0 0 0 0 0 0 
0 0 0 5.05e-07 0 0 5.05e-07 5.05e-07 0 5.05e-07 1.01e-06 2.02e-06 5.05e-07 5.05e-07 1.01e-06 2.525e-06 5.05e-07 1.01e-06 0 0 5.05e-07 0 0 0 0 0 0 0 0 0 0 5.05e-07 0 0 0 0 0 5.05e-07 5.05e-07 0 0 0 0 0 0 0 0 0 0 0 0 
0 0 0 0 0 1.01e-06 5.05e-07 1.01e-06 0 0 1.01e-06 5.05e-07 1.01e-06 0 5.05e-07 0 0 0 5.05e-07 0 0 0 0 0 0 0 0 0 0 0 0 0 5.05e-07 0 0 0 0 0 0 0 0 0 0 0 0 0 0 0 0 0 0 
0 0 0 0 0 0 0 0 0 0 0 5.05e-07 5.05e-07 5.05e-07 0 0 0 0 0 5.05e-07 0 0 0 0 0 0 0 0 0 0 0 0 0 0 0 0 0 0 0 0 0 0 0 0 0 0 0 0 0 0 0 
0 0 0 0 0 0 0 0 0 0 0 0 0 0 0 0 0 0 0 0 0 0 0 0 0 0 0 0 0 0 0 0 0 0 0 0 0 0 0 0 0 0 0 0 0 0 0 0 0 0 0 
