Infinite rod, isotropic point source, isotropic scattering, exponential random flight, mu_t: 1
Analogmu_t c: 0.5 maxx: 10 dx: 0.19802 numsamples: 10000000 numCollisionOrders: 20 numMoments: 10
Collision density L:
0.00417837 0.000626705 0.00072821 0.00085446 0.000949905 0.00109585 0.00127513 0.0014741 0.00168721 0.00196496 0.00225584 0.00260833 0.00289264 0.00334714 0.003888 0.00443239 0.00513131 0.00596304 0.00694729 0.0079083 0.00908445 0.0104919 0.0120044 0.0137072 0.0158873 0.0181012 0.0208242 0.0239991 0.0278765 0.0319382 0.0368064 0.0420503 0.0486128 0.0558217 0.0645476 0.0736199 0.0848259 0.097972 0.112892 0.129364 0.149191 0.17132 0.197082 0.22664 0.260375 0.299557 0.344138 0.397223 0.456528 0.52529 0.341264 0.0903374 0.0784593 0.0680897 0.0592067 0.0512918 0.0447056 0.0388815 0.033982 0.0292971 0.0255373 0.0223675 0.0193627 0.0167625 0.0147909 0.0126715 0.0111014 0.0096758 0.00837896 0.00724271 0.00631806 0.00551258 0.00484194 0.00418393 0.00359661 0.00309767 0.00274973 0.00238714 0.00208868 0.00176599 0.0015448 0.00135795 0.00119635 0.00103172 0.000854965 0.000795375 0.000684275 0.00058277 0.000494395 0.00043329 0.000385315 0.000340875 0.000301485 0.000268155 0.00023129 0.000199475 0.000178265 0.000133825 0.00012726 0.00012827 0.000110595 0.000619635 
Collision density R:
0.0007171 0.000108575 0.00012625 0.00014241 0.000154025 0.000172205 0.000206545 0.00024442 0.00028583 0.000332795 0.000390365 0.000421675 0.00050803 0.00061711 0.00068175 0.000734775 0.000901425 0.00101253 0.00117009 0.00134987 0.00157712 0.00179124 0.00208161 0.00243309 0.0026967 0.0031406 0.0036764 0.00407636 0.00478538 0.00551056 0.00634078 0.00720484 0.00832695 0.00953137 0.0110989 0.0127371 0.0146283 0.0167766 0.0193056 0.0223245 0.0256111 0.0294021 0.0338815 0.0388592 0.0448491 0.051155 0.0588961 0.0686613 0.078578 0.0901031 0.34141 0.524464 0.456125 0.396736 0.345356 0.299299 0.260339 0.226606 0.197356 0.171446 0.149218 0.129428 0.11247 0.0978246 0.0853162 0.0737674 0.0642097 0.0558762 0.0484346 0.0423841 0.0367453 0.0317827 0.0277104 0.0242415 0.0210413 0.0183865 0.0157939 0.01374 0.0119741 0.0103646 0.00890719 0.00791234 0.0068675 0.0060499 0.00513585 0.00450915 0.00387487 0.00339512 0.00292395 0.00259065 0.00222554 0.00194375 0.00169983 0.00148925 0.00129533 0.00110747 0.00099283 0.000864055 0.00072922 0.000634785 0.000553985 0.00371226 
Density Moments:
1.9999 0.00111513 8.00477 0.0715603 192.22 9.48999 11546.9 2469.35 1.30427e+06 1.09232e+06 
Per-collision Density Moments:
1 -0.000155382 1.9993 0.0069608 23.9836 0.912319 720.938 127.078 40337.9 19404.2 
0.49985 0.000264583 2.00099 0.0147705 36.0709 1.70336 1451.64 371.157 104987 113441 
0.249764 0.000259883 1.49905 0.00450132 35.9982 0.118961 1810.64 146.964 157089 114581 
0.125035 6.76148e-05 1.00245 -0.00475483 30.1035 -1.03545 1819.53 -171.976 184310 8443.54 
0.0625803 0.000235087 0.625304 0.0090438 22.543 0.776336 1597.43 187.731 187955 102615 
0.0313172 0.000150548 0.376604 0.00533986 15.8407 0.0209355 1267.43 -70.9777 161157 5037.49 
0.015716 9.47982e-05 0.220067 0.00134243 10.476 -0.809233 921.133 -444.64 125833 -214705 
0.007841 0.000143632 0.125056 0.0106476 6.69795 0.90852 652.401 27.1226 95056.3 -34803 
0.0039109 9.01602e-05 0.0703409 0.0100638 4.24257 1.6522 469.38 274.011 78021.1 45744.1 
0.0019588 3.26353e-05 0.0390918 0.00998648 2.54375 2.10053 297.095 423.834 50952.5 86092.1 
0.000972 3.7751e-05 0.0217413 0.00390823 1.57631 0.728251 198.491 199.19 35146.6 70143.1 
0.0004858 -4.33376e-05 0.0117627 0.00100846 0.937637 1.09198 132.827 446.379 26622.3 169678 
0.0002408 5.21688e-06 0.00639514 0.00473251 0.595131 2.09403 116.216 1094.71 39333.8 639964 
0.0001183 -2.95873e-05 0.00319296 -0.00173471 0.273003 -0.246426 38.8534 -59.9998 7186.88 -17727.8 
5.73e-05 -2.42504e-05 0.0017181 -0.00132627 0.160504 -0.118533 24.1608 -25.8099 4595.89 -8826.67 
2.9e-05 -1.10118e-05 0.000907017 -0.000462404 0.0976359 0.0722258 16.7336 40.577 3482.49 13983 
1.24e-05 1.88435e-06 0.00036733 -0.000321693 0.0359223 -0.0878158 5.71231 -25.2767 1152.89 -7583.77 
6.4e-06 -1.31427e-06 0.000212058 -0.00073393 0.0200969 -0.142634 2.76922 -27.4697 463.081 -5496.71 
4.1e-06 2.45103e-07 0.000110272 -0.000329903 0.0082839 -0.0546421 0.914066 -8.30358 120.183 -1271.98 
0 0 0 0 0 0 0 0 0 0 
Per-collision Densities L:
0.00013433 2.6765e-05 4.444e-05 4.0905e-05 5.5045e-05 6.868e-05 8.383e-05 0.000101505 0.0001212 0.000138875 0.000180285 0.000226745 0.00026765 0.00032623 0.000389355 0.000479245 0.000597415 0.000704475 0.000925665 0.00109686 0.00130391 0.0016155 0.00191698 0.00235835 0.00291587 0.00351632 0.00430816 0.00524342 0.00641754 0.00788406 0.00956925 0.0115362 0.0141541 0.0173594 0.02116 0.0254399 0.0311994 0.0382962 0.0469544 0.0567509 0.0694895 0.0841764 0.102684 0.12524 0.152564 0.1858 0.226636 0.276734 0.337181 0.411271 0.237911 0 0 0 0 0 0 0 0 0 0 0 0 0 0 0 0 0 0 0 0 0 0 0 0 0 0 0 0 0 0 0 0 0 0 0 0 0 0 0 0 0 0 0 0 0 0 0 0 0 0 0 
0.000398445 8.08e-05 8.5345e-05 0.00011009 0.0001313 0.00014746 0.00020503 0.00021715 0.0002626 0.00031512 0.00039592 0.000449955 0.00053732 0.000639835 0.000772145 0.000913545 0.00106959 0.00129482 0.00151197 0.00179932 0.00216999 0.00253005 0.00296587 0.00345774 0.00412535 0.00473741 0.00570246 0.00663166 0.0077871 0.00916222 0.0105752 0.0124053 0.0143784 0.0166463 0.019393 0.0221387 0.0256187 0.0294688 0.0331926 0.0379028 0.0427634 0.0478826 0.0535962 0.0590956 0.0641199 0.0692234 0.0727614 0.0756318 0.0753339 0.0712383 0.0623013 0.0514211 0.0420907 0.034392 0.0283209 0.0232431 0.019136 0.0156712 0.0129886 0.0104843 0.00861783 0.00710182 0.00579185 0.00475357 0.00393294 0.00327291 0.00262196 0.00218968 0.0018074 0.00143269 0.001161 0.000975155 0.0007979 0.00069791 0.000547925 0.00042622 0.00036259 0.00033027 0.000235835 0.00020503 0.00015453 0.000132815 0.000118675 9.797e-05 5.7065e-05 5.5045e-05 4.848e-05 3.7875e-05 3.7875e-05 2.4745e-05 2.828e-05 1.9695e-05 1.919e-05 1.3635e-05 1.0605e-05 1.111e-05 5.555e-06 8.08e-06 4.545e-06 6.06e-06 3.535e-06 1.313e-05 
0.0006262 0.000109585 0.000130795 0.00015958 0.000168165 0.000194425 0.0002424 0.00028987 0.000336835 0.000408545 0.000437835 0.000542875 0.000606 0.000685285 0.00085547 0.00095142 0.00110242 0.00128119 0.00149783 0.00172155 0.00200182 0.00231644 0.00266691 0.00301384 0.00354662 0.00395971 0.00449703 0.00511666 0.00585295 0.00651147 0.00757349 0.0082815 0.009443 0.0104782 0.0118039 0.0129851 0.0143304 0.0157095 0.0173023 0.0186784 0.0203025 0.0218514 0.0230987 0.0241764 0.0251434 0.0258035 0.0259535 0.0260964 0.0254404 0.0245874 0.0233891 0.0218387 0.0201495 0.0181714 0.016108 0.0143087 0.0127058 0.0111807 0.00986619 0.00862237 0.00748259 0.00662257 0.00567923 0.00484901 0.00420615 0.00356833 0.00310171 0.00264166 0.00225432 0.00193011 0.00163822 0.0014039 0.00121554 0.00100798 0.00082618 0.00070296 0.000622665 0.000505 0.00044945 0.00035148 0.00031613 0.000247955 0.00021412 0.00018988 0.000155035 0.00013433 0.00011211 0.000101 6.868e-05 6.7165e-05 5.757e-05 4.949e-05 3.0805e-05 3.535e-05 3.1815e-05 1.8685e-05 1.717e-05 1.5655e-05 1.5655e-05 1.5655e-05 1.1615e-05 4.0905e-05 
0.000698415 0.000103525 0.000136855 0.00015352 0.00015655 0.000194425 0.000221695 0.00026462 0.00033734 0.00038178 0.000427735 0.00047975 0.00051005 0.000617615 0.000669125 0.000769115 0.00090496 0.00103475 0.00118877 0.00130391 0.00146248 0.00168216 0.00186244 0.00212151 0.00233512 0.00265226 0.00283558 0.00324968 0.00369509 0.00393345 0.00443794 0.00483437 0.00520958 0.00574993 0.00618676 0.00681851 0.00720029 0.00772802 0.00826635 0.00870772 0.00903546 0.00950814 0.0097864 0.0100414 0.0103374 0.0104171 0.0105671 0.0105005 0.0103712 0.0101323 0.00985609 0.00937482 0.00882033 0.00833856 0.00780326 0.00719322 0.00667913 0.00618524 0.00556763 0.00499092 0.00458086 0.00407333 0.00366125 0.00323604 0.00296486 0.00254217 0.00228765 0.00206646 0.0017872 0.00155288 0.00138875 0.00121251 0.00105343 0.000931725 0.00078376 0.000671145 0.000587315 0.000512575 0.000436825 0.00036764 0.000321685 0.000276235 0.0002626 0.00023129 0.0001717 0.000165135 0.000139885 0.000122715 0.00010302 8.0295e-05 7.1205e-05 5.656e-05 5.1005e-05 4.646e-05 3.636e-05 2.8785e-05 2.626e-05 2.323e-05 1.8685e-05 1.9695e-05 1.3635e-05 7.777e-05 
0.00066357 8.383e-05 0.000114635 0.00012827 0.00015453 0.000177255 0.00017574 0.000212605 0.00024442 0.00026058 0.00032724 0.00035148 0.00036461 0.00043026 0.000487325 0.000522675 0.00059085 0.0006868 0.00078982 0.000852945 0.000915565 0.0010398 0.00113979 0.00121402 0.00138118 0.00154126 0.00164883 0.00183467 0.00202051 0.00209171 0.00231038 0.00249571 0.00273508 0.00287951 0.00305121 0.0032315 0.00338855 0.00356631 0.00381477 0.00389911 0.0041511 0.0042819 0.00427028 0.00438088 0.00449501 0.00456116 0.00454096 0.00453591 0.00443188 0.00433139 0.00426018 0.00418443 0.00399152 0.00380669 0.00374407 0.00342289 0.00318908 0.00297294 0.00285426 0.00264216 0.00239926 0.00227806 0.0020801 0.00188214 0.00172559 0.00154985 0.00141552 0.00125695 0.0011312 0.00105848 0.00091809 0.000829715 0.000758005 0.000641855 0.000565095 0.000533785 0.00044743 0.000397435 0.00036057 0.00030502 0.00026664 0.00024644 0.00021412 0.00017877 0.000158065 0.000143925 0.000126755 9.5445e-05 9.4435e-05 7.878e-05 7.7265e-05 6.5145e-05 6.5145e-05 4.6965e-05 4.04e-05 3.4845e-05 3.4845e-05 2.0705e-05 1.6665e-05 1.7675e-05 1.515e-05 0.000100495 
0.000528735 8.888e-05 8.08e-05 9.595e-05 0.000106555 0.00012423 0.00013332 0.000153015 0.000158065 0.00018483 0.00019089 0.000227755 0.00025856 0.00027977 0.00029593 0.00033734 0.00037875 0.00043935 0.00046157 0.00051611 0.000571155 0.000610545 0.000688315 0.000718615 0.00079487 0.0008383 0.000886275 0.00093122 0.00103576 0.00115595 0.00114989 0.00127159 0.00135542 0.00140744 0.00148773 0.0015857 0.00163014 0.00172963 0.00178821 0.00181649 0.00182406 0.0019185 0.00198566 0.00201394 0.0020094 0.00203313 0.00197304 0.00198162 0.00198263 0.00201394 0.00189729 0.00184123 0.00180588 0.0017675 0.00173619 0.00163317 0.00158015 0.00149834 0.0013731 0.00131755 0.00122412 0.00113272 0.00104434 0.000998385 0.000957985 0.00084537 0.00077063 0.000721645 0.000646905 0.000565095 0.00054439 0.00048783 0.00044238 0.00039996 0.000358045 0.00031714 0.000320675 0.00026563 0.00023836 0.000224725 0.000191395 0.00018079 0.00015352 0.000120695 0.00011413 0.000117665 8.989e-05 8.383e-05 7.272e-05 6.3125e-05 5.656e-05 5.1005e-05 4.3935e-05 4.1915e-05 3.232e-05 2.929e-05 3.1815e-05 1.616e-05 2.1715e-05 2.1715e-05 2.0705e-05 0.00010201 
0.000395415 5.656e-05 5.151e-05 7.0195e-05 7.5245e-05 7.7265e-05 8.888e-05 0.00010201 0.00010403 0.000117665 0.000120695 0.00014443 0.00015251 0.00014746 0.00019291 0.00021311 0.00020705 0.000244925 0.000275225 0.00028179 0.000312595 0.000328755 0.000365115 0.000404505 0.00037774 0.00042622 0.000474195 0.00051813 0.000536815 0.000596405 0.000587315 0.000604485 0.000683265 0.000675185 0.000777195 0.00077164 0.00075548 0.00076053 0.00083224 0.000868095 0.00086052 0.000902435 0.000879205 0.000917585 0.0009191 0.000908495 0.00089486 0.0009494 0.000974145 0.00093122 0.00088072 0.00088981 0.00086961 0.00085648 0.000752955 0.00078376 0.000745885 0.000700435 0.00067266 0.00062923 0.00065953 0.00059893 0.00055348 0.00051813 0.000482275 0.000435815 0.00045248 0.00036461 0.000343905 0.000328755 0.000323705 0.000277245 0.00027068 0.00021816 0.00024139 0.00020604 0.000190385 0.00015251 0.00016362 0.000129785 0.00012423 0.000110595 8.6355e-05 9.0395e-05 7.8275e-05 7.0195e-05 6.8175e-05 5.6055e-05 4.949e-05 4.6965e-05 4.04e-05 3.4845e-05 3.3835e-05 3.0805e-05 2.929e-05 2.626e-05 2.0705e-05 1.9695e-05 1.212e-05 1.5655e-05 1.5655e-05 8.3325e-05 
0.00028987 3.03e-05 3.4845e-05 4.646e-05 4.646e-05 4.848e-05 5.353e-05 5.454e-05 5.1005e-05 6.969e-05 7.8275e-05 8.686e-05 8.383e-05 8.9385e-05 0.00010403 0.000114635 0.000135845 0.000131805 0.000126755 0.000156045 0.000172205 0.000179275 0.000187355 0.000197455 0.00021513 0.00020604 0.00023533 0.000234825 0.000259065 0.000302495 0.00031512 0.000305525 0.000346935 0.000321685 0.000364105 0.00033128 0.000357035 0.000371175 0.000404 0.00038683 0.000397435 0.000406525 0.000411575 0.000419655 0.00042723 0.000423695 0.000437835 0.000422685 0.000443895 0.000428745 0.000414605 0.00040501 0.000391375 0.000381275 0.0003838 0.000386325 0.000343905 0.000345925 0.000362085 0.00031613 0.000295425 0.00027775 0.000278255 0.000265125 0.00025755 0.000224725 0.00023028 0.00021412 0.00019392 0.00017675 0.00016766 0.00014948 0.000152005 0.00014039 0.000123725 0.000106555 9.7465e-05 0.00011312 8.686e-05 7.9285e-05 6.7165e-05 7.575e-05 7.0195e-05 4.9995e-05 5.858e-05 4.444e-05 4.444e-05 3.737e-05 2.929e-05 3.03e-05 2.0705e-05 2.222e-05 2.3735e-05 2.1715e-05 2.222e-05 1.9695e-05 1.5655e-05 1.0605e-05 1.212e-05 1.212e-05 1.111e-05 5.2015e-05 
0.00017372 2.0705e-05 2.2725e-05 1.7675e-05 2.222e-05 2.121e-05 3.2825e-05 3.333e-05 2.828e-05 3.838e-05 4.545e-05 4.242e-05 5.656e-05 6.363e-05 6.0095e-05 5.757e-05 6.2115e-05 7.676e-05 8.7365e-05 8.888e-05 8.5345e-05 8.282e-05 0.000111605 0.000112615 9.696e-05 0.0001111 0.00010908 0.000113625 0.00013231 0.000149985 0.000140895 0.0001616 0.000156045 0.00014544 0.000167155 0.00017473 0.00017271 0.000180285 0.000175235 0.000184325 0.000194425 0.00020099 0.000188365 0.00018887 0.00018685 0.00020604 0.000202505 0.000202 0.000191395 0.000187355 0.00017675 0.000199475 0.000172205 0.00019291 0.000174225 0.000175235 0.000184325 0.00016766 0.00015756 0.00015756 0.000136855 0.00013938 0.00013433 0.000134835 0.000126755 0.000125745 0.00010807 0.0001111 0.000101 8.1305e-05 8.4335e-05 8.989e-05 7.2215e-05 6.7165e-05 6.767e-05 6.767e-05 5.151e-05 5.252e-05 4.848e-05 4.545e-05 4.848e-05 3.9895e-05 3.5855e-05 3.3835e-05 2.8785e-05 3.535e-05 2.4745e-05 1.7675e-05 1.9695e-05 1.3635e-05 1.3635e-05 1.5655e-05 1.3635e-05 1.1615e-05 1.111e-05 1.1615e-05 1.5655e-05 5.555e-06 1.1615e-05 9.595e-06 9.09e-06 5.252e-05 
0.00010201 8.585e-06 1.111e-05 1.6665e-05 1.414e-05 1.9695e-05 1.4645e-05 2.2725e-05 2.02e-05 2.1715e-05 2.424e-05 3.03e-05 2.727e-05 3.2825e-05 3.03e-05 4.1915e-05 3.6865e-05 3.0805e-05 3.939e-05 4.5955e-05 3.9895e-05 5.2015e-05 5.4035e-05 5.4035e-05 4.7975e-05 5.454e-05 6.464e-05 6.666e-05 6.868e-05 7.4235e-05 7.3225e-05 7.979e-05 7.5245e-05 9.191e-05 8.5345e-05 7.7265e-05 9.0395e-05 8.4335e-05 8.686e-05 9.3425e-05 9.0395e-05 9.696e-05 9.393e-05 8.282e-05 9.999e-05 0.000104535 9.595e-05 8.383e-05 8.888e-05 8.4335e-05 9.494e-05 9.696e-05 7.8275e-05 9.8475e-05 0.000102515 7.3225e-05 7.7265e-05 8.282e-05 6.969e-05 7.07e-05 6.868e-05 8.2315e-05 7.07e-05 7.1205e-05 7.1205e-05 5.9085e-05 5.757e-05 4.949e-05 5.4035e-05 5.959e-05 4.949e-05 4.2925e-05 3.6865e-05 3.939e-05 4.2925e-05 3.1815e-05 2.9795e-05 3.03e-05 3.2825e-05 2.626e-05 2.8785e-05 2.0705e-05 2.121e-05 1.7675e-05 1.515e-05 1.515e-05 1.1615e-05 1.3635e-05 9.595e-06 1.4645e-05 8.585e-06 1.2625e-05 7.575e-06 9.595e-06 1.01e-05 6.06e-06 5.555e-06 6.565e-06 7.575e-06 2.02e-06 6.06e-06 3.737e-05 
7.777e-05 7.07e-06 7.07e-06 7.575e-06 1.2625e-05 1.111e-05 1.212e-05 1.0605e-05 8.585e-06 1.3635e-05 1.313e-05 1.212e-05 1.3635e-05 1.717e-05 1.515e-05 1.616e-05 2.7775e-05 1.717e-05 2.3735e-05 2.222e-05 2.929e-05 2.222e-05 1.9695e-05 2.4745e-05 2.1715e-05 2.424e-05 2.828e-05 2.8785e-05 3.737e-05 4.141e-05 3.333e-05 3.7875e-05 3.939e-05 3.333e-05 3.939e-05 3.8885e-05 4.0905e-05 3.6865e-05 4.141e-05 3.535e-05 4.6965e-05 4.8985e-05 4.6965e-05 4.242e-05 4.2925e-05 3.9895e-05 3.939e-05 3.737e-05 4.2925e-05 4.242e-05 3.9895e-05 4.444e-05 4.545e-05 4.2925e-05 4.747e-05 3.737e-05 3.434e-05 3.737e-05 3.636e-05 3.838e-05 4.1915e-05 3.2825e-05 3.636e-05 2.5755e-05 3.7875e-05 2.3735e-05 3.131e-05 2.9795e-05 2.7775e-05 2.828e-05 2.3735e-05 2.2725e-05 2.02e-05 1.818e-05 1.717e-05 1.6665e-05 2.222e-05 1.414e-05 1.4645e-05 1.2625e-05 1.2625e-05 1.5655e-05 9.595e-06 1.313e-05 9.09e-06 6.565e-06 5.555e-06 6.06e-06 4.545e-06 4.545e-06 8.585e-06 6.565e-06 4.545e-06 4.545e-06 5.05e-06 7.07e-06 3.03e-06 3.03e-06 2.02e-06 3.535e-06 1.515e-06 2.3735e-05 
4.141e-05 4.545e-06 3.535e-06 4.04e-06 3.535e-06 6.565e-06 7.07e-06 6.06e-06 7.07e-06 5.05e-06 6.06e-06 6.06e-06 7.07e-06 1.1615e-05 9.09e-06 7.07e-06 8.585e-06 1.111e-05 9.595e-06 9.595e-06 1.111e-05 1.6665e-05 1.4645e-05 1.3635e-05 1.4645e-05 1.919e-05 1.616e-05 1.818e-05 1.616e-05 1.818e-05 2.4745e-05 2.02e-05 1.2625e-05 1.7675e-05 1.4645e-05 1.1615e-05 2.424e-05 2.02e-05 1.818e-05 2.323e-05 1.9695e-05 2.828e-05 2.222e-05 2.222e-05 1.6665e-05 1.919e-05 1.818e-05 2.4745e-05 2.121e-05 2.2725e-05 1.818e-05 1.8685e-05 2.121e-05 2.121e-05 1.717e-05 1.8685e-05 1.5655e-05 2.2725e-05 1.717e-05 1.3635e-05 1.7675e-05 1.212e-05 1.6665e-05 1.4645e-05 1.515e-05 1.1615e-05 1.2625e-05 1.3635e-05 1.313e-05 1.0605e-05 6.565e-06 1.111e-05 9.09e-06 1.0605e-05 1.212e-05 6.565e-06 8.08e-06 8.585e-06 9.595e-06 1.1615e-05 8.585e-06 6.565e-06 5.555e-06 4.04e-06 4.04e-06 3.03e-06 6.565e-06 7.575e-06 3.535e-06 2.02e-06 1.01e-06 2.525e-06 3.535e-06 2.525e-06 5.05e-07 3.03e-06 5.05e-07 1.01e-06 1.01e-06 3.535e-06 2.02e-06 1.515e-05 
2.323e-05 2.02e-06 3.03e-06 2.02e-06 1.515e-06 3.03e-06 1.01e-06 2.525e-06 2.525e-06 5.05e-06 3.535e-06 1.515e-06 3.535e-06 2.525e-06 3.03e-06 5.555e-06 5.555e-06 4.545e-06 5.05e-06 6.565e-06 5.05e-06 1.0605e-05 6.06e-06 8.585e-06 3.535e-06 8.585e-06 1.1615e-05 4.545e-06 9.595e-06 8.08e-06 8.585e-06 9.595e-06 1.212e-05 7.07e-06 1.01e-05 5.555e-06 1.01e-05 1.313e-05 1.0605e-05 1.01e-05 8.585e-06 5.555e-06 8.585e-06 1.2625e-05 9.595e-06 8.585e-06 1.111e-05 1.111e-05 1.0605e-05 9.09e-06 1.111e-05 1.0605e-05 1.01e-05 1.01e-05 1.0605e-05 9.595e-06 6.06e-06 9.595e-06 8.585e-06 8.585e-06 6.565e-06 6.565e-06 7.575e-06 5.555e-06 9.09e-06 7.575e-06 5.555e-06 7.07e-06 1.111e-05 1.0605e-05 7.575e-06 5.05e-06 6.565e-06 4.545e-06 4.04e-06 5.05e-06 4.545e-06 2.02e-06 6.06e-06 5.05e-06 3.03e-06 2.02e-06 2.525e-06 3.03e-06 2.02e-06 1.515e-06 3.535e-06 1.01e-06 5.05e-07 4.545e-06 1.01e-06 2.02e-06 1.515e-06 2.02e-06 5.05e-07 5.05e-07 5.05e-07 2.02e-06 2.525e-06 5.05e-07 0 1.0605e-05 
1.0605e-05 2.02e-06 1.515e-06 1.01e-06 5.05e-07 1.01e-06 2.02e-06 5.05e-07 2.525e-06 1.01e-06 3.03e-06 4.545e-06 1.01e-06 1.01e-06 3.03e-06 2.02e-06 2.02e-06 2.02e-06 1.01e-06 3.535e-06 2.02e-06 2.02e-06 2.525e-06 4.04e-06 5.05e-06 4.04e-06 5.05e-06 1.01e-06 5.05e-06 4.04e-06 4.04e-06 2.525e-06 7.07e-06 5.555e-06 4.545e-06 5.05e-06 5.05e-06 3.03e-06 1.01e-06 2.525e-06 3.535e-06 5.555e-06 3.03e-06 5.05e-06 3.535e-06 3.535e-06 4.545e-06 6.06e-06 8.585e-06 5.555e-06 7.07e-06 6.565e-06 7.575e-06 5.05e-06 3.03e-06 2.02e-06 4.545e-06 4.04e-06 4.04e-06 1.515e-06 3.03e-06 4.545e-06 3.535e-06 3.535e-06 1.515e-06 2.525e-06 2.02e-06 6.565e-06 4.545e-06 3.535e-06 2.525e-06 3.535e-06 3.535e-06 1.515e-06 3.03e-06 3.03e-06 3.535e-06 2.02e-06 2.525e-06 5.05e-07 5.05e-07 1.01e-06 1.515e-06 0 5.05e-07 1.515e-06 1.515e-06 1.01e-06 1.01e-06 2.02e-06 5.05e-07 1.515e-06 2.525e-06 5.05e-07 0 2.02e-06 5.05e-07 5.05e-07 5.05e-07 5.05e-07 0 4.545e-06 
5.05e-06 1.01e-06 0 0 1.01e-06 5.05e-07 5.05e-07 2.02e-06 2.02e-06 1.515e-06 5.05e-07 5.05e-07 1.515e-06 2.02e-06 5.05e-07 5.05e-07 0 1.515e-06 2.02e-06 1.515e-06 1.515e-06 2.525e-06 1.515e-06 1.515e-06 2.525e-06 1.515e-06 1.01e-06 4.04e-06 5.05e-07 2.525e-06 1.01e-06 2.525e-06 3.535e-06 2.525e-06 1.515e-06 2.02e-06 2.02e-06 1.515e-06 2.525e-06 1.515e-06 1.01e-06 3.535e-06 1.515e-06 0 1.01e-06 2.02e-06 5.05e-07 4.545e-06 3.535e-06 2.02e-06 2.02e-06 3.535e-06 2.525e-06 3.03e-06 5.05e-07 2.02e-06 1.515e-06 1.515e-06 2.525e-06 2.02e-06 1.01e-06 1.515e-06 2.02e-06 2.02e-06 1.01e-06 1.515e-06 2.02e-06 5.05e-07 2.02e-06 1.515e-06 1.515e-06 1.515e-06 1.515e-06 3.535e-06 1.515e-06 1.01e-06 5.05e-07 5.05e-07 1.01e-06 1.01e-06 0 5.05e-07 5.05e-07 5.05e-07 5.05e-07 1.01e-06 1.01e-06 5.05e-07 0 5.05e-07 0 5.05e-07 5.05e-07 5.05e-07 0 5.05e-07 5.05e-07 0 0 0 5.05e-07 2.525e-06 
3.03e-06 0 0 5.05e-07 5.05e-07 5.05e-07 5.05e-07 1.01e-06 5.05e-07 5.05e-07 5.05e-07 1.01e-06 5.05e-07 0 5.05e-07 0 1.01e-06 5.05e-07 5.05e-07 1.01e-06 0 0 1.01e-06 1.01e-06 2.02e-06 5.05e-07 0 2.02e-06 1.01e-06 1.01e-06 1.01e-06 1.515e-06 1.01e-06 5.05e-07 5.05e-07 1.515e-06 0 1.515e-06 5.05e-07 2.02e-06 1.01e-06 1.01e-06 3.535e-06 1.01e-06 0 1.515e-06 1.515e-06 5.05e-07 5.05e-07 5.05e-07 2.525e-06 5.05e-07 2.02e-06 1.515e-06 0 5.05e-07 5.05e-07 1.01e-06 1.01e-06 1.515e-06 5.05e-07 1.01e-06 1.01e-06 1.515e-06 5.05e-07 0 1.01e-06 2.02e-06 5.05e-07 1.01e-06 5.05e-07 0 1.01e-06 5.05e-07 1.01e-06 5.05e-07 5.05e-07 5.05e-07 5.05e-07 5.05e-07 5.05e-07 0 0 0 1.515e-06 0 0 1.01e-06 0 0 0 0 0 0 5.05e-07 0 0 5.05e-07 0 0 0 2.525e-06 
3.535e-06 0 0 0 0 0 0 0 0 5.05e-07 0 0 1.01e-06 0 0 5.05e-07 5.05e-07 5.05e-07 1.01e-06 0 0 5.05e-07 5.05e-07 0 5.05e-07 0 0 0 1.01e-06 5.05e-07 5.05e-07 0 0 0 5.05e-07 5.05e-07 0 5.05e-07 5.05e-07 1.515e-06 5.05e-07 5.05e-07 1.01e-06 0 0 5.05e-07 0 0 0 1.01e-06 5.05e-07 0 0 0 0 1.01e-06 5.05e-07 0 5.05e-07 0 5.05e-07 1.515e-06 1.01e-06 0 0 5.05e-07 5.05e-07 5.05e-07 0 5.05e-07 0 0 5.05e-07 5.05e-07 0 5.05e-07 5.05e-07 0 1.01e-06 0 5.05e-07 0 0 0 5.05e-07 5.05e-07 0 0 0 0 0 0 0 0 5.05e-07 0 0 5.05e-07 0 0 0 5.05e-07 
1.01e-06 5.05e-07 0 0 0 0 0 0 0 0 5.05e-07 0 0 0 0 0 0 0 0 0 5.05e-07 0 0 1.01e-06 0 0 0 0 0 5.05e-07 0 0 0 0 0 0 5.05e-07 0 0 0 0 5.05e-07 5.05e-07 0 0 5.05e-07 0 0 0 0 5.05e-07 1.01e-06 0 5.05e-07 1.01e-06 0 5.05e-07 0 0 0 5.05e-07 0 5.05e-07 1.01e-06 5.05e-07 0 5.05e-07 0 0 0 0 0 0 0 0 5.05e-07 0 0 5.05e-07 0 0 5.05e-07 0 0 0 0 0 0 0 0 0 5.05e-07 0 0 0 0 0 0 0 0 0 5.05e-07 
5.05e-07 0 0 0 0 0 0 0 0 5.05e-07 0 0 0 0 0 0 0 0 0 5.05e-07 0 0 0 0 5.05e-07 0 5.05e-07 0 0 0 5.05e-07 0 0 0 0 5.05e-07 0 0 0 0 5.05e-07 0 0 0 0 0 0 0 0 0 0 5.05e-07 1.01e-06 0 5.05e-07 0 0 0 0 0 5.05e-07 5.05e-07 5.05e-07 0 0 0 0 0 0 1.01e-06 0 0 0 0 5.05e-07 0 0 0 0 0 0 5.05e-07 0 5.05e-07 0 0 0 0 0 0 0 0 0 0 0 0 0 0 5.05e-07 0 0 0 
0 0 0 0 0 0 0 0 0 0 0 0 0 0 0 0 0 0 0 0 0 0 0 0 0 0 0 0 0 0 0 0 0 0 0 0 0 0 0 0 0 0 0 0 0 0 0 0 0 0 0 0 0 0 0 0 0 0 0 0 0 0 0 0 0 0 0 0 0 0 0 0 0 0 0 0 0 0 0 0 0 0 0 0 0 0 0 0 0 0 0 0 0 0 0 0 0 0 0 0 0 0 
Per-collision Densities L:
0 0 0 0 0 0 0 0 0 0 0 0 0 0 0 0 0 0 0 0 0 0 0 0 0 0 0 0 0 0 0 0 0 0 0 0 0 0 0 0 0 0 0 0 0 0 0 0 0 0 0.238074 0.410603 0.336738 0.276682 0.226942 0.185773 0.152309 0.125358 0.102962 0.0842739 0.0691643 0.0567241 0.0466044 0.0381977 0.0312171 0.025553 0.0209424 0.0172902 0.0141082 0.0116256 0.00968843 0.00774923 0.00647309 0.0052722 0.00438896 0.0035547 0.00292951 0.00236593 0.00195132 0.00161903 0.00130644 0.00107464 0.000876175 0.000731745 0.00057368 0.000495405 0.000359055 0.00032219 0.000262095 0.00022422 0.00019291 0.000142915 0.00012423 9.797e-05 8.282e-05 7.171e-05 5.6055e-05 4.343e-05 3.3835e-05 3.333e-05 2.9795e-05 0.000133825 
1.5655e-05 3.535e-06 5.555e-06 7.575e-06 5.555e-06 6.06e-06 7.575e-06 1.3635e-05 1.7675e-05 1.5655e-05 1.7675e-05 2.323e-05 3.535e-05 5.05e-05 5.959e-05 5.151e-05 6.9185e-05 9.09e-05 0.00012423 0.00014241 0.000157055 0.000208565 0.000233815 0.000308555 0.000369155 0.000451975 0.000546915 0.000633775 0.00077164 0.00096455 0.00120998 0.00143673 0.00179124 0.00214019 0.00260934 0.00322695 0.00395011 0.00474296 0.00581407 0.0070902 0.00863853 0.0105075 0.012926 0.0156197 0.0191754 0.0230836 0.028232 0.0349505 0.0421756 0.0514635 0.062212 0.0710373 0.0751677 0.0753682 0.073227 0.0689598 0.0641845 0.0587643 0.0534386 0.0481053 0.0428205 0.0379331 0.0333845 0.0291865 0.0256929 0.0222518 0.0194369 0.0166468 0.0143243 0.0123988 0.0105919 0.00914909 0.00771085 0.00672761 0.00562974 0.00491971 0.00407687 0.00349359 0.00301233 0.00248713 0.00215029 0.00179629 0.00144986 0.00130947 0.00110141 0.00089385 0.00077164 0.000626705 0.00052318 0.00049793 0.000389355 0.000325725 0.000272195 0.000240885 0.000193415 0.000152005 0.000138875 0.00011817 9.191e-05 7.777e-05 6.464e-05 0.00033027 
5.1005e-05 8.08e-06 1.515e-05 1.818e-05 1.9695e-05 1.919e-05 2.3735e-05 3.737e-05 3.5855e-05 4.444e-05 5.151e-05 6.868e-05 7.2215e-05 9.494e-05 0.000112615 0.000110595 0.00015655 0.00017271 0.00020907 0.000261085 0.000333805 0.000363095 0.00043834 0.000511565 0.00059287 0.000739825 0.00088173 0.000991315 0.00115595 0.00137966 0.00163115 0.00188315 0.00224271 0.00256894 0.00312696 0.00365115 0.00421877 0.00483992 0.00567772 0.00648319 0.00756389 0.00868853 0.00987528 0.0113024 0.0128548 0.0143683 0.0161484 0.018176 0.0200414 0.021664 0.0234254 0.0247394 0.0257358 0.0259509 0.0262691 0.025757 0.0251293 0.0241471 0.0231563 0.0216948 0.0203858 0.01879 0.0171028 0.0159333 0.0143991 0.0130659 0.0116529 0.0106101 0.00936068 0.00845572 0.00744017 0.00656803 0.00582063 0.00522423 0.00450208 0.00397991 0.00339259 0.00303657 0.00263863 0.00227301 0.00197506 0.00173367 0.00155944 0.00137108 0.00110898 0.000949905 0.000826685 0.000732755 0.000620645 0.00051914 0.00044642 0.000389355 0.00034037 0.000274215 0.00026159 0.000208565 0.00018281 0.000149985 0.000127765 0.000111605 8.8375e-05 0.00049995 
0.000103525 1.313e-05 1.818e-05 1.7675e-05 2.8785e-05 2.525e-05 3.939e-05 3.636e-05 4.848e-05 6.262e-05 7.07e-05 7.8275e-05 9.696e-05 0.000114635 0.000141905 0.00013837 0.00018382 0.00020503 0.00024543 0.00028785 0.000317645 0.00038784 0.00044945 0.000535805 0.000584285 0.00067771 0.000778205 0.000924655 0.00107515 0.00117059 0.00136956 0.00155338 0.001717 0.00199677 0.0023129 0.00252147 0.00285679 0.00327846 0.00362944 0.0040799 0.00455056 0.00501869 0.00554642 0.00607414 0.00666247 0.00716242 0.00764318 0.00833604 0.00888699 0.00935159 0.00976317 0.0102121 0.0103576 0.0104858 0.0105611 0.0105515 0.0104065 0.0101323 0.00977074 0.0094839 0.00912485 0.00853198 0.00819918 0.00766186 0.0073831 0.00663267 0.00630442 0.00564944 0.0053222 0.00480053 0.00433442 0.00395011 0.00364459 0.00320423 0.0029386 0.00260782 0.00232906 0.00208767 0.00182861 0.00169428 0.00144632 0.00134684 0.0011509 0.000989295 0.00089183 0.00079487 0.00072316 0.000605495 0.00051308 0.00047773 0.000415615 0.000359055 0.000306535 0.00027169 0.000249975 0.000209575 0.000162105 0.000162105 0.000121705 9.8475e-05 8.989e-05 0.000607515 
0.00010605 1.9695e-05 2.1715e-05 2.727e-05 2.2725e-05 3.535e-05 3.232e-05 3.8885e-05 5.1005e-05 5.6055e-05 7.7265e-05 7.474e-05 9.191e-05 0.00011615 0.000117665 0.000133825 0.000171195 0.000180285 0.000206545 0.00022725 0.000294415 0.000292395 0.00035249 0.000416625 0.00045955 0.00051308 0.000596405 0.00064741 0.000776185 0.000851935 0.000944855 0.00100596 0.00115999 0.0012827 0.00141249 0.00161752 0.00170236 0.00190133 0.00207353 0.00234573 0.00240683 0.00265176 0.00284618 0.00307343 0.0032219 0.00346683 0.00365267 0.00383144 0.00402839 0.00411575 0.00427786 0.00434603 0.00440764 0.00450157 0.00459146 0.00451824 0.00453844 0.00446824 0.00441774 0.00430008 0.00417837 0.00399152 0.00379154 0.00364863 0.00351278 0.00326786 0.00300122 0.00285426 0.00262651 0.00257803 0.00234472 0.00216393 0.00196092 0.00187305 0.00169781 0.00153874 0.00142764 0.00123978 0.00115039 0.00102313 0.000879205 0.00084133 0.000790325 0.00068579 0.000615595 0.000541865 0.000463085 0.000439855 0.000379255 0.00033027 0.00028684 0.00027169 0.000241895 0.000212605 0.00017675 0.00016564 0.00015352 0.00013534 0.000108575 0.00010908 9.393e-05 0.00057974 
0.000107565 2.323e-05 1.7675e-05 2.0705e-05 2.525e-05 2.929e-05 3.333e-05 3.8885e-05 4.4945e-05 4.848e-05 6.161e-05 6.666e-05 7.979e-05 9.7465e-05 9.191e-05 0.000107565 0.000115645 0.000132815 0.000152005 0.000176245 0.000182305 0.00020907 0.00024644 0.00027472 0.00028886 0.000323705 0.000387335 0.00038279 0.00044844 0.000514595 0.000544895 0.000599435 0.000655995 0.00071205 0.000793355 0.000845875 0.000940815 0.00101253 0.00103525 0.00119685 0.00124331 0.00128826 0.00138623 0.0014746 0.00156399 0.00160994 0.00167812 0.00177356 0.00184376 0.00186345 0.00195839 0.00190082 0.00202808 0.0020301 0.00205939 0.00203414 0.00205939 0.00202657 0.00191749 0.0018983 0.00190183 0.00185436 0.00185992 0.00169428 0.00161196 0.00156702 0.00147965 0.00145036 0.00140188 0.00130896 0.00116302 0.00109434 0.00106757 0.000963035 0.000919605 0.000865065 0.00080194 0.00072821 0.000649935 0.00060095 0.00053025 0.00051409 0.000460055 0.00043329 0.00036158 0.000362085 0.00032421 0.00026765 0.00025553 0.000230785 0.000207555 0.000187355 0.00015655 0.00015251 0.00013534 0.00011716 0.00011918 8.8375e-05 7.979e-05 7.8275e-05 6.7165e-05 0.00049187 
0.00010504 1.4645e-05 1.717e-05 1.4645e-05 1.8685e-05 2.5755e-05 2.727e-05 3.03e-05 3.434e-05 3.2825e-05 3.939e-05 4.242e-05 5.252e-05 5.8075e-05 6.4135e-05 8.2315e-05 8.08e-05 9.191e-05 0.00010302 0.00011716 0.00012928 0.00014948 0.00015049 0.00016059 0.00018079 0.000191395 0.00022826 0.000224725 0.000270175 0.000289365 0.000302495 0.00034845 0.00038683 0.00038784 0.00039996 0.00043026 0.00047571 0.000511565 0.00053833 0.000563075 0.000614585 0.00063832 0.000653975 0.000666095 0.000716595 0.000781235 0.00079386 0.000859005 0.000861025 0.000889305 0.000898395 0.000877185 0.000888295 0.000916575 0.00092011 0.000914555 0.00092718 0.000925665 0.00093223 0.000913545 0.00086961 0.00085244 0.000799415 0.000794365 0.00077669 0.0007474 0.000735785 0.00071407 0.000658015 0.00063226 0.000605495 0.000567115 0.000521665 0.00047773 0.000480255 0.000447935 0.00039794 0.00038986 0.00036259 0.0003232 0.00029189 0.000278255 0.000264115 0.000269165 0.00022422 0.00021715 0.000201495 0.00016564 0.0001717 0.00014443 0.000131805 0.000112615 0.00011312 0.000103525 7.979e-05 7.9285e-05 7.979e-05 7.07e-05 6.161e-05 4.848e-05 4.4945e-05 0.000350975 
6.6155e-05 1.111e-05 1.1615e-05 1.313e-05 1.313e-05 1.01e-05 1.4645e-05 1.9695e-05 1.8685e-05 2.9795e-05 3.232e-05 2.929e-05 3.3835e-05 3.636e-05 3.939e-05 4.1915e-05 4.848e-05 6.1105e-05 5.7065e-05 6.0095e-05 6.666e-05 8.8375e-05 9.3425e-05 0.00010908 9.393e-05 0.00011211 0.000123725 0.0001212 0.0001414 0.00016968 0.00015554 0.00017978 0.000198465 0.000219675 0.00021109 0.00021109 0.00024644 0.000233815 0.000273205 0.00029391 0.00031916 0.000327745 0.000344915 0.000366125 0.00034138 0.00034441 0.000406525 0.000371175 0.00040299 0.000408545 0.00042521 0.00038683 0.000436825 0.000425715 0.00040198 0.00041713 0.000416625 0.000416625 0.00038885 0.00041915 0.00042824 0.00040097 0.000383295 0.00037067 0.000377235 0.00035855 0.000331785 0.00033936 0.00031815 0.00028482 0.00030603 0.00027876 0.000266135 0.00024341 0.000242905 0.000231795 0.000216645 0.000191395 0.00017978 0.00016665 0.000149985 0.000165135 0.00015655 0.0001313 0.000121705 0.0001212 0.00010504 0.00011615 9.1405e-05 8.08e-05 6.5145e-05 7.0195e-05 6.8175e-05 5.858e-05 5.858e-05 4.5955e-05 4.242e-05 3.9895e-05 4.141e-05 3.535e-05 3.1815e-05 0.000268155 
5.656e-05 7.07e-06 1.0605e-05 9.595e-06 1.01e-05 1.01e-05 1.0605e-05 1.2625e-05 1.4645e-05 1.919e-05 1.9695e-05 1.5655e-05 2.2725e-05 2.323e-05 2.2725e-05 2.929e-05 3.4845e-05 3.232e-05 3.03e-05 3.6865e-05 4.1915e-05 3.8885e-05 5.7065e-05 5.5045e-05 5.7065e-05 6.464e-05 5.9085e-05 6.666e-05 7.171e-05 7.7265e-05 8.8375e-05 9.6455e-05 9.393e-05 0.000111605 0.000124735 0.000116655 0.00012423 0.000128775 0.000127765 0.000140895 0.000144935 0.00015352 0.00016261 0.000147965 0.00017271 0.000173215 0.00018483 0.000186345 0.00018281 0.000178265 0.000198465 0.000191395 0.000195435 0.00021513 0.000203515 0.000201495 0.000184325 0.000195435 0.000202505 0.00019493 0.00018483 0.000182305 0.000176245 0.000179275 0.000182305 0.00016968 0.000185335 0.000182305 0.000171195 0.000159075 0.000144935 0.000128775 0.000121705 0.00012625 0.00011312 0.0001212 0.00012019 0.000103525 9.797e-05 8.1305e-05 8.888e-05 7.777e-05 7.777e-05 6.0095e-05 6.2115e-05 6.565e-05 4.3935e-05 5.151e-05 5.252e-05 4.2925e-05 4.2925e-05 4.343e-05 3.6865e-05 3.434e-05 2.7775e-05 2.424e-05 2.727e-05 2.626e-05 2.6765e-05 1.9695e-05 1.818e-05 0.000178265 
3.6865e-05 4.545e-06 4.04e-06 5.555e-06 3.03e-06 4.545e-06 8.08e-06 9.09e-06 9.09e-06 1.0605e-05 9.09e-06 1.212e-05 9.595e-06 1.1615e-05 1.717e-05 2.02e-05 1.818e-05 2.3735e-05 1.818e-05 1.6665e-05 2.323e-05 2.626e-05 2.6765e-05 3.232e-05 3.3835e-05 2.9795e-05 3.7875e-05 3.4845e-05 3.4845e-05 4.545e-05 3.9895e-05 4.9995e-05 3.535e-05 6.7165e-05 5.252e-05 5.7065e-05 5.9085e-05 7.2215e-05 7.272e-05 6.7165e-05 6.262e-05 6.06e-05 6.464e-05 6.7165e-05 7.878e-05 8.585e-05 7.6255e-05 9.0395e-05 7.7265e-05 8.686e-05 9.393e-05 9.292e-05 9.09e-05 8.0295e-05 9.696e-05 9.595e-05 0.000100495 8.9385e-05 8.8375e-05 8.9385e-05 8.888e-05 8.989e-05 8.7365e-05 8.3325e-05 8.4335e-05 6.9185e-05 7.272e-05 7.171e-05 7.474e-05 7.2215e-05 6.3125e-05 6.9185e-05 6.06e-05 6.161e-05 6.565e-05 6.363e-05 4.747e-05 5.1005e-05 5.858e-05 4.9995e-05 4.3935e-05 4.2925e-05 4.444e-05 3.0805e-05 3.8885e-05 3.2825e-05 2.6765e-05 3.131e-05 2.02e-05 2.0705e-05 2.1715e-05 1.818e-05 1.5655e-05 1.9695e-05 1.4645e-05 1.8685e-05 1.4645e-05 1.414e-05 1.7675e-05 8.08e-06 1.1615e-05 0.00011312 
1.9695e-05 5.05e-07 1.01e-06 3.03e-06 3.03e-06 2.02e-06 2.525e-06 4.04e-06 4.545e-06 5.555e-06 5.555e-06 5.05e-06 7.07e-06 5.555e-06 5.555e-06 9.595e-06 1.3635e-05 9.595e-06 9.09e-06 1.313e-05 9.09e-06 1.414e-05 1.5655e-05 1.212e-05 1.7675e-05 1.919e-05 1.616e-05 2.3735e-05 2.0705e-05 2.1715e-05 2.626e-05 2.2725e-05 2.323e-05 2.5755e-05 2.6765e-05 3.636e-05 1.9695e-05 2.6765e-05 3.4845e-05 3.636e-05 2.9795e-05 4.04e-05 3.737e-05 2.828e-05 2.828e-05 4.343e-05 4.545e-05 4.9995e-05 3.7875e-05 4.545e-05 3.8885e-05 3.8885e-05 3.6865e-05 4.2925e-05 4.848e-05 4.04e-05 4.6965e-05 4.444e-05 4.4945e-05 3.3835e-05 4.0905e-05 4.0905e-05 4.4945e-05 3.7875e-05 3.9895e-05 4.343e-05 3.2825e-05 3.8885e-05 3.2825e-05 2.9795e-05 3.5855e-05 2.9795e-05 3.3835e-05 3.2825e-05 3.131e-05 2.7775e-05 2.8785e-05 2.525e-05 2.1715e-05 2.626e-05 2.3735e-05 2.3735e-05 1.7675e-05 1.5655e-05 2.0705e-05 1.6665e-05 1.6665e-05 1.818e-05 1.6665e-05 1.2625e-05 1.2625e-05 8.585e-06 1.111e-05 1.01e-05 9.595e-06 8.585e-06 1.01e-05 8.08e-06 1.01e-05 6.565e-06 6.06e-06 7.373e-05 
1.919e-05 2.525e-06 5.05e-07 1.515e-06 5.05e-07 3.535e-06 2.02e-06 2.02e-06 2.02e-06 3.535e-06 3.03e-06 2.525e-06 3.03e-06 3.03e-06 3.03e-06 7.07e-06 5.555e-06 4.545e-06 9.09e-06 4.545e-06 1.111e-05 5.555e-06 7.07e-06 9.595e-06 7.575e-06 5.555e-06 9.595e-06 1.212e-05 7.575e-06 1.212e-05 1.616e-05 9.595e-06 1.212e-05 1.1615e-05 1.515e-05 1.212e-05 1.919e-05 1.818e-05 1.515e-05 1.3635e-05 2.222e-05 1.4645e-05 2.121e-05 1.616e-05 1.616e-05 1.414e-05 1.919e-05 2.3735e-05 1.9695e-05 2.121e-05 2.1715e-05 1.919e-05 2.0705e-05 1.8685e-05 1.9695e-05 2.02e-05 1.8685e-05 2.02e-05 1.717e-05 2.0705e-05 1.717e-05 1.7675e-05 1.7675e-05 2.121e-05 2.1715e-05 2.222e-05 1.5655e-05 1.919e-05 2.323e-05 2.1715e-05 1.4645e-05 1.7675e-05 1.414e-05 1.616e-05 1.4645e-05 1.5655e-05 1.414e-05 1.3635e-05 1.01e-05 1.111e-05 9.595e-06 8.585e-06 1.111e-05 1.01e-05 8.585e-06 9.595e-06 5.555e-06 8.585e-06 1.1615e-05 5.05e-06 6.06e-06 5.05e-06 7.07e-06 7.575e-06 2.02e-06 2.525e-06 3.03e-06 2.525e-06 4.04e-06 4.04e-06 4.04e-06 3.8885e-05 
9.09e-06 5.05e-07 1.515e-06 2.02e-06 2.525e-06 5.05e-07 2.02e-06 1.01e-06 2.02e-06 2.02e-06 1.515e-06 2.02e-06 1.01e-06 1.01e-06 2.525e-06 5.05e-07 3.03e-06 4.04e-06 4.04e-06 3.03e-06 3.03e-06 4.545e-06 4.545e-06 4.04e-06 3.535e-06 6.06e-06 4.04e-06 8.585e-06 6.06e-06 6.06e-06 3.535e-06 1.01e-05 4.04e-06 3.03e-06 6.06e-06 5.555e-06 9.09e-06 4.545e-06 6.565e-06 7.575e-06 6.06e-06 7.575e-06 8.585e-06 1.1615e-05 1.0605e-05 1.1615e-05 9.09e-06 5.555e-06 9.595e-06 8.585e-06 1.2625e-05 9.09e-06 1.1615e-05 7.575e-06 9.595e-06 7.575e-06 1.1615e-05 9.09e-06 7.575e-06 7.07e-06 7.07e-06 9.09e-06 6.565e-06 7.07e-06 9.595e-06 9.595e-06 1.0605e-05 3.03e-06 8.08e-06 1.01e-05 6.06e-06 9.595e-06 9.09e-06 1.212e-05 5.555e-06 4.545e-06 6.06e-06 8.08e-06 6.06e-06 6.06e-06 3.535e-06 5.05e-06 5.05e-06 6.565e-06 1.515e-06 4.545e-06 3.535e-06 6.06e-06 3.535e-06 3.535e-06 3.03e-06 5.555e-06 2.525e-06 3.535e-06 3.03e-06 2.02e-06 1.01e-06 3.03e-06 2.525e-06 3.03e-06 2.02e-06 2.2725e-05 
7.575e-06 0 1.01e-06 5.05e-07 5.05e-07 0 1.515e-06 5.05e-07 5.05e-07 5.05e-07 1.01e-06 5.05e-07 1.01e-06 1.515e-06 1.515e-06 1.01e-06 0 2.02e-06 2.02e-06 2.525e-06 5.05e-06 2.02e-06 4.04e-06 2.02e-06 4.04e-06 1.515e-06 5.05e-06 2.02e-06 3.535e-06 5.05e-06 3.535e-06 4.545e-06 2.02e-06 1.515e-06 4.04e-06 2.525e-06 4.04e-06 3.535e-06 4.545e-06 2.525e-06 4.04e-06 2.525e-06 4.04e-06 5.555e-06 5.05e-06 6.565e-06 3.03e-06 5.555e-06 5.555e-06 3.03e-06 2.525e-06 4.545e-06 5.05e-06 5.555e-06 4.04e-06 3.535e-06 4.04e-06 3.03e-06 4.04e-06 5.05e-06 2.525e-06 7.07e-06 6.06e-06 6.06e-06 3.03e-06 3.03e-06 5.05e-06 4.545e-06 1.515e-06 3.03e-06 4.04e-06 2.02e-06 2.525e-06 4.04e-06 4.545e-06 3.535e-06 2.02e-06 3.535e-06 2.02e-06 1.01e-06 4.04e-06 1.515e-06 2.02e-06 3.535e-06 2.02e-06 2.02e-06 2.525e-06 2.02e-06 2.525e-06 5.05e-07 2.02e-06 1.515e-06 2.525e-06 5.05e-07 0 1.01e-06 1.515e-06 1.01e-06 1.01e-06 0 1.515e-06 1.0605e-05 
6.06e-06 0 0 1.01e-06 5.05e-07 5.05e-07 1.01e-06 0 1.01e-06 5.05e-07 0 5.05e-07 5.05e-07 1.515e-06 1.01e-06 0 0 1.515e-06 0 0 2.02e-06 1.01e-06 1.01e-06 0 2.02e-06 2.525e-06 1.515e-06 1.01e-06 1.515e-06 2.02e-06 2.525e-06 3.03e-06 2.525e-06 1.515e-06 2.02e-06 1.515e-06 1.01e-06 5.05e-07 1.515e-06 2.02e-06 2.02e-06 1.01e-06 1.01e-06 3.03e-06 0 3.03e-06 2.02e-06 1.01e-06 3.535e-06 2.02e-06 3.535e-06 1.515e-06 4.545e-06 2.525e-06 1.01e-06 1.01e-06 5.05e-07 3.03e-06 2.02e-06 2.525e-06 1.01e-06 1.01e-06 2.525e-06 1.01e-06 1.515e-06 2.525e-06 1.01e-06 1.515e-06 2.02e-06 2.02e-06 2.02e-06 3.03e-06 2.02e-06 1.01e-06 3.03e-06 2.525e-06 1.01e-06 1.515e-06 1.515e-06 1.01e-06 2.02e-06 1.01e-06 5.05e-07 1.515e-06 0 5.05e-07 0 5.05e-07 0 0 1.515e-06 1.515e-06 5.05e-07 1.515e-06 0 5.05e-07 5.05e-07 5.05e-07 0 1.01e-06 0 7.07e-06 
3.03e-06 0 5.05e-07 0 0 0 5.05e-07 0 1.01e-06 1.01e-06 0 0 0 1.515e-06 5.05e-07 5.05e-07 0 0 0 5.05e-07 0 0 5.05e-07 0 1.01e-06 1.515e-06 0 1.515e-06 0 5.05e-07 1.01e-06 1.515e-06 0 1.01e-06 1.01e-06 5.05e-07 5.05e-07 1.515e-06 5.05e-07 1.515e-06 5.05e-07 0 2.525e-06 1.01e-06 5.05e-07 5.05e-07 1.01e-06 0 1.515e-06 5.05e-07 2.525e-06 1.515e-06 5.05e-07 1.01e-06 5.05e-07 1.515e-06 1.01e-06 1.515e-06 1.515e-06 1.515e-06 1.01e-06 1.01e-06 2.02e-06 0 2.02e-06 1.01e-06 1.01e-06 0 5.05e-07 5.05e-07 0 1.01e-06 5.05e-07 1.01e-06 2.02e-06 1.01e-06 1.515e-06 0 5.05e-07 0 1.01e-06 1.01e-06 1.01e-06 5.05e-07 1.01e-06 1.01e-06 0 0 0 0 0 5.05e-07 5.05e-07 0 0 0 0 5.05e-07 5.05e-07 0 0 3.03e-06 
0 0 0 0 0 0 0 0 0 0 0 0 0 0 5.05e-07 0 5.05e-07 0 0 5.05e-07 0 0 0 1.01e-06 0 0 0 0 5.05e-07 0 0 0 1.01e-06 0 0 5.05e-07 0 0 5.05e-07 0 5.05e-07 5.05e-07 5.05e-07 1.515e-06 0 0 5.05e-07 0 0 0 5.05e-07 1.515e-06 0 1.01e-06 0 1.515e-06 1.01e-06 5.05e-07 2.02e-06 5.05e-07 1.01e-06 0 5.05e-07 5.05e-07 5.05e-07 1.515e-06 0 5.05e-07 0 5.05e-07 5.05e-07 5.05e-07 5.05e-07 5.05e-07 0 5.05e-07 0 0 1.515e-06 0 0 5.05e-07 0 0 1.515e-06 0 5.05e-07 0 0 0 0 0 0 0 0 0 0 0 0 0 0 2.02e-06 
2.02e-06 0 0 0 0 0 0 0 0 0 0 0 0 0 0 5.05e-07 0 0 0 0 5.05e-07 0 5.05e-07 0 0 0 5.05e-07 0 0 0 5.05e-07 0 0 0 5.05e-07 0 0 0 0 0 5.05e-07 5.05e-07 0 5.05e-07 0 0 0 5.05e-07 0 0 5.05e-07 5.05e-07 0 0 0 0 0 0 1.01e-06 1.515e-06 0 0 0 5.05e-07 0 0 0 0 5.05e-07 5.05e-07 0 0 0 0 1.01e-06 0 5.05e-07 0 5.05e-07 0 5.05e-07 0 0 0 5.05e-07 0 1.01e-06 0 0 0 0 5.05e-07 0 0 0 0 0 0 0 0 0 5.05e-07 
1.01e-06 0 0 0 0 0 0 0 0 0 0 0 5.05e-07 0 0 0 0 0 0 0 0 0 0 0 0 0 0 0 0 0 0 0 5.05e-07 0 0 0 5.05e-07 0 0 0 5.05e-07 0 0 0 0 0 0 5.05e-07 0 1.01e-06 0 0 0 0 0 0 0 5.05e-07 0 0 0 5.05e-07 5.05e-07 5.05e-07 5.05e-07 0 5.05e-07 0 0 0 0 0 0 0 5.05e-07 0 0 5.05e-07 0 5.05e-07 0 0 5.05e-07 0 0 0 0 5.05e-07 0 0 0 0 0 0 0 0 0 0 0 0 0 0 
0 0 0 0 0 0 0 0 0 0 0 0 0 0 0 0 0 0 0 0 0 0 0 0 0 0 0 0 0 0 0 0 0 0 0 0 0 0 0 0 0 0 0 0 0 0 0 0 0 0 0 0 0 0 0 0 0 0 0 0 0 0 0 0 0 0 0 0 0 0 0 0 0 0 0 0 0 0 0 0 0 0 0 0 0 0 0 0 0 0 0 0 0 0 0 0 0 0 0 0 0 0 
