Infinite rod, isotropic point source, isotropic scattering, exponential random flight, mu_t: 1
Analogmu_t c: 0.1 maxx: 10 dx: 0.19802 numsamples: 10000000 numCollisionOrders: 20 numMoments: 10
Collision density L:
0.000242905 5.252e-05 6.6155e-05 7.9285e-05 8.9385e-05 0.000112615 0.000133825 0.000158065 0.000188365 0.00021816 0.000283305 0.000357035 0.00041107 0.00049995 0.000590345 0.000684275 0.000895365 0.0010403 0.00125392 0.00154631 0.0018382 0.0022927 0.00269165 0.00317039 0.00385366 0.00476367 0.00564742 0.0068675 0.00819211 0.00994194 0.0120028 0.0145592 0.0175058 0.0211545 0.0254131 0.0304879 0.0367287 0.0449546 0.0538608 0.0653763 0.0790067 0.0950178 0.114256 0.138085 0.16605 0.200002 0.242416 0.292924 0.353461 0.426624 0.251631 0.0111443 0.00939906 0.0076861 0.00637916 0.00534997 0.00441976 0.00361378 0.00297849 0.00252601 0.00204626 0.00175488 0.00142663 0.00117968 0.000998385 0.00081002 0.000640845 0.0005555 0.00044541 0.00041915 0.00030502 0.000255025 0.000207555 0.00019291 0.00015453 0.000119685 0.000101505 9.2415e-05 6.666e-05 5.9085e-05 5.151e-05 4.2925e-05 3.636e-05 2.6765e-05 2.1715e-05 1.717e-05 1.2625e-05 1.3635e-05 9.595e-06 7.07e-06 5.555e-06 5.05e-06 3.03e-06 5.555e-06 5.05e-07 3.535e-06 1.515e-06 3.535e-06 3.03e-06 2.525e-06 1.01e-06 5.555e-06 
Collision density R:
5.05e-06 0 2.02e-06 2.02e-06 2.525e-06 1.515e-06 4.04e-06 4.545e-06 6.565e-06 5.555e-06 1.0605e-05 6.565e-06 1.2625e-05 1.6665e-05 1.4645e-05 1.4645e-05 2.424e-05 2.222e-05 3.333e-05 3.7875e-05 4.242e-05 6.767e-05 6.767e-05 8.181e-05 0.000104535 0.000129785 0.00015554 0.00017069 0.000230785 0.000255025 0.000302495 0.00035552 0.00045955 0.000549945 0.000696395 0.000823655 0.000975155 0.00117766 0.00140845 0.00167509 0.00203717 0.00244976 0.00298758 0.00363651 0.00436674 0.00526463 0.00640542 0.00763106 0.00920565 0.0111878 0.251753 0.425768 0.35385 0.292953 0.242375 0.201116 0.166292 0.138131 0.114777 0.0949279 0.0786336 0.0651359 0.0538143 0.0447975 0.0370776 0.0308181 0.0254732 0.0210282 0.017522 0.014493 0.0120639 0.0099278 0.00825069 0.0069185 0.00567772 0.00470357 0.00385467 0.00318756 0.00265024 0.00217756 0.00182204 0.00150591 0.00122412 0.00108575 0.00082517 0.00072013 0.00058176 0.000490355 0.00039087 0.000344915 0.00029694 0.000224725 0.0001919 0.00014443 0.000119685 0.0001111 9.1405e-05 6.969e-05 5.959e-05 5.555e-05 4.9995e-05 0.000214625 
Density Moments:
1.11113 0.000315062 2.46845 -0.00830799 32.872 -0.457492 1090.78 -49.5687 66651.2 -12812.6 
Per-collision Density Moments:
1 3.4514e-05 1.99982 -0.00399107 24.0069 -0.0386973 721.666 2.38627 40550.7 -2324.42 
0.0999938 0.000268724 0.399724 -0.000706986 7.16558 -0.113945 282.846 -16.975 19004.1 -4691.65 
0.0100133 -6.30624e-06 0.0599078 -0.00391498 1.42767 -0.303976 69.6004 -27.2758 5416.67 -2582.46 
0.0010016 2.26454e-05 0.00784893 0.000560047 0.231804 0.0306197 14.1655 -3.03856 1466.35 -2541.1 
0.0001046 -4.38168e-07 0.000985695 -9.73103e-05 0.0343864 -0.0190004 2.14929 -3.13682 182.001 -468.762 
1.11e-05 -3.05835e-06 0.000136527 -0.000137748 0.00494725 -0.0125728 0.329354 -1.5664 30.4812 -207.042 
1e-06 -1.35978e-08 1.74273e-05 5.57019e-06 0.000546558 0.000732142 0.020244 0.0542833 0.834226 3.30421 
1e-07 -4.81724e-07 2.32058e-06 -1.11788e-05 5.3851e-05 -0.000259413 0.00124966 -0.00601989 0.0289993 -0.139697 
1e-07 -5.23462e-07 2.74013e-06 -1.43435e-05 7.5083e-05 -0.000393031 0.00205737 -0.0107696 0.0563746 -0.2951 
0 0 0 0 0 0 0 0 0 0 
0 0 0 0 0 0 0 0 0 0 
0 0 0 0 0 0 0 0 0 0 
0 0 0 0 0 0 0 0 0 0 
0 0 0 0 0 0 0 0 0 0 
0 0 0 0 0 0 0 0 0 0 
0 0 0 0 0 0 0 0 0 0 
0 0 0 0 0 0 0 0 0 0 
0 0 0 0 0 0 0 0 0 0 
0 0 0 0 0 0 0 0 0 0 
0 0 0 0 0 0 0 0 0 0 
Per-collision Densities L:
0.000133825 3.0805e-05 3.9895e-05 5.252e-05 5.656e-05 6.666e-05 8.0295e-05 9.9485e-05 0.000120695 0.000133825 0.000178265 0.000230785 0.000282295 0.000330775 0.00040602 0.00045652 0.00063226 0.000716595 0.000889305 0.00110343 0.00131704 0.00164832 0.00195637 0.0023528 0.00288709 0.00361984 0.00432129 0.00528937 0.00640239 0.00780074 0.00957834 0.0116115 0.0142314 0.0173533 0.021005 0.0254934 0.0310595 0.038378 0.0465378 0.0568948 0.0694693 0.0844198 0.102564 0.125212 0.1522 0.185043 0.22666 0.276744 0.337342 0.411367 0.238095 0 0 0 0 0 0 0 0 0 0 0 0 0 0 0 0 0 0 0 0 0 0 0 0 0 0 0 0 0 0 0 0 0 0 0 0 0 0 0 0 0 0 0 0 0 0 0 0 0 0 0 
7.676e-05 1.5655e-05 1.9695e-05 1.9695e-05 2.4745e-05 3.636e-05 3.8885e-05 4.242e-05 5.4035e-05 5.9085e-05 7.8275e-05 9.9485e-05 9.6455e-05 0.00013231 0.000152005 0.0001818 0.0002121 0.00025957 0.00029694 0.00035653 0.000430765 0.00052924 0.00061408 0.000688315 0.0007979 0.000970105 0.00111908 0.00134785 0.00152662 0.00184881 0.00208868 0.00254722 0.00283962 0.00333603 0.00386477 0.0044137 0.00506667 0.00583528 0.00655995 0.00767045 0.00863651 0.00965813 0.0106767 0.0117978 0.0127583 0.013835 0.0146501 0.0150965 0.0150278 0.0142102 0.0124897 0.0102086 0.00848198 0.00683871 0.00563681 0.00471115 0.00384507 0.00313151 0.00252349 0.00211999 0.00167155 0.00144077 0.00116554 0.00094738 0.00079184 0.000661045 0.000499445 0.000433795 0.00034138 0.00032623 0.00023533 0.00018079 0.000154025 0.00015049 0.00011817 8.989e-05 6.8175e-05 6.6155e-05 4.747e-05 4.04e-05 3.0805e-05 3.434e-05 2.02e-05 1.7675e-05 1.1615e-05 1.313e-05 7.575e-06 9.09e-06 6.565e-06 3.03e-06 4.545e-06 2.525e-06 2.02e-06 4.04e-06 0 2.02e-06 1.515e-06 3.03e-06 1.01e-06 1.515e-06 0 2.02e-06 
2.626e-05 5.555e-06 6.06e-06 5.555e-06 6.565e-06 7.07e-06 1.2625e-05 1.414e-05 1.212e-05 2.0705e-05 2.2725e-05 2.2725e-05 2.6765e-05 3.0805e-05 2.626e-05 3.7875e-05 4.141e-05 5.5045e-05 5.858e-05 7.4235e-05 7.9285e-05 9.5445e-05 0.000103525 0.000112615 0.00014443 0.000152005 0.00018382 0.000202505 0.00022725 0.00025048 0.000300475 0.000360065 0.000390365 0.00041107 0.000494395 0.0005252 0.000539845 0.000667105 0.000695385 0.000733765 0.000816585 0.000850925 0.00092213 0.000975155 0.00099687 0.00103071 0.00100495 0.00099687 0.000992325 0.000956975 0.00095849 0.000855975 0.00083931 0.000767095 0.000670135 0.000583275 0.00050904 0.000439855 0.00040602 0.000358045 0.000328755 0.00027472 0.00022624 0.000199475 0.00017473 0.00013231 0.000125745 0.000102515 8.3325e-05 8.1305e-05 5.8075e-05 6.0095e-05 4.141e-05 3.3835e-05 3.0805e-05 2.3735e-05 2.7775e-05 2.0705e-05 1.4645e-05 1.616e-05 1.717e-05 7.575e-06 1.212e-05 8.585e-06 7.575e-06 2.525e-06 3.03e-06 3.03e-06 2.02e-06 3.535e-06 1.01e-06 2.02e-06 5.05e-07 1.01e-06 0 1.01e-06 0 0 1.515e-06 1.01e-06 5.05e-07 2.525e-06 
4.04e-06 5.05e-07 5.05e-07 1.515e-06 1.01e-06 2.02e-06 2.02e-06 1.01e-06 1.515e-06 3.03e-06 3.535e-06 3.535e-06 5.05e-06 5.555e-06 5.555e-06 7.07e-06 7.575e-06 9.09e-06 8.08e-06 1.01e-05 1.01e-05 1.818e-05 1.5655e-05 1.616e-05 1.7675e-05 1.919e-05 2.02e-05 2.4745e-05 3.3835e-05 3.3835e-05 2.8785e-05 3.535e-05 3.8885e-05 5.151e-05 4.6965e-05 5.1005e-05 5.5045e-05 6.666e-05 6.363e-05 6.666e-05 7.676e-05 7.878e-05 8.383e-05 8.686e-05 8.3325e-05 8.1305e-05 9.2415e-05 7.9285e-05 9.0395e-05 8.4335e-05 7.676e-05 7.3225e-05 7.2215e-05 7.373e-05 6.5145e-05 4.949e-05 5.8075e-05 3.9895e-05 4.444e-05 4.1915e-05 4.04e-05 3.535e-05 3.03e-05 2.727e-05 2.525e-05 1.3635e-05 1.313e-05 1.818e-05 1.7675e-05 9.595e-06 9.09e-06 1.2625e-05 9.595e-06 5.05e-06 5.555e-06 5.555e-06 4.04e-06 5.05e-06 3.535e-06 2.525e-06 3.535e-06 1.01e-06 4.04e-06 5.05e-07 2.02e-06 1.01e-06 2.02e-06 1.515e-06 5.05e-07 0 0 0 0 5.05e-07 5.05e-07 0 0 5.05e-07 5.05e-07 0 5.05e-07 5.05e-07 
1.515e-06 0 0 0 5.05e-07 5.05e-07 0 1.01e-06 0 1.515e-06 5.05e-07 5.05e-07 5.05e-07 5.05e-07 5.05e-07 1.01e-06 1.515e-06 0 1.01e-06 1.515e-06 1.01e-06 1.01e-06 1.515e-06 5.05e-07 5.555e-06 2.525e-06 1.01e-06 3.03e-06 2.02e-06 7.07e-06 6.565e-06 4.545e-06 5.555e-06 2.525e-06 1.515e-06 4.04e-06 6.06e-06 7.07e-06 3.535e-06 1.01e-05 6.565e-06 8.585e-06 8.08e-06 1.1615e-05 1.111e-05 1.111e-05 7.575e-06 7.575e-06 8.585e-06 3.535e-06 8.585e-06 6.06e-06 5.05e-06 6.565e-06 6.565e-06 5.555e-06 7.575e-06 2.02e-06 4.545e-06 5.555e-06 4.545e-06 3.535e-06 4.545e-06 5.555e-06 5.05e-06 3.03e-06 2.525e-06 5.05e-07 2.525e-06 1.01e-06 1.515e-06 1.515e-06 1.515e-06 3.03e-06 0 5.05e-07 1.515e-06 5.05e-07 1.01e-06 0 0 0 0 0 5.05e-07 5.05e-07 0 0 5.05e-07 5.05e-07 0 5.05e-07 0 0 0 5.05e-07 0 0 0 0 0 5.05e-07 
5.05e-07 0 0 0 0 0 0 0 0 0 0 0 0 0 0 0 5.05e-07 0 0 5.05e-07 0 5.05e-07 5.05e-07 0 5.05e-07 0 1.515e-06 0 0 1.01e-06 0 5.05e-07 0 0 5.05e-07 5.05e-07 1.515e-06 5.05e-07 5.05e-07 5.05e-07 1.01e-06 1.01e-06 1.01e-06 1.515e-06 0 5.05e-07 5.05e-07 5.05e-07 0 1.01e-06 2.02e-06 0 5.05e-07 0 5.05e-07 5.05e-07 0 5.05e-07 0 5.05e-07 5.05e-07 5.05e-07 0 0 1.515e-06 0 0 5.05e-07 5.05e-07 1.01e-06 5.05e-07 0 5.05e-07 5.05e-07 0 0 0 0 0 0 0 0 0 0 0 0 0 0 0 0 0 0 5.05e-07 0 0 0 0 0 0 0 0 0 
0 0 0 0 0 0 0 0 0 0 0 0 0 0 0 0 0 0 0 0 0 0 0 0 0 0 0 0 0 0 0 0 0 0 0 0 0 0 0 0 0 5.05e-07 0 0 0 0 0 0 0 5.05e-07 0 5.05e-07 0 0 0 0 0 0 0 0 5.05e-07 0 0 0 0 0 0 0 0 0 5.05e-07 0 5.05e-07 0 0 0 0 0 0 0 0 0 0 0 0 0 0 0 0 0 0 0 0 0 0 0 0 0 0 0 0 0 
0 0 0 0 0 0 0 0 0 0 0 0 0 0 0 0 0 0 0 0 0 0 0 0 0 0 5.05e-07 0 0 0 0 0 0 0 0 0 0 0 0 0 0 0 0 0 0 0 0 0 0 0 0 0 0 0 0 0 0 0 0 0 0 0 0 0 0 0 0 0 0 0 0 0 0 0 0 0 0 0 0 0 0 0 0 0 0 0 0 0 0 0 0 0 0 0 0 0 0 0 0 0 0 0 
0 0 0 0 0 0 0 0 0 0 0 0 0 0 0 0 0 0 0 0 0 0 0 0 5.05e-07 0 0 0 0 0 0 0 0 0 0 0 0 0 0 0 0 0 0 0 0 0 0 0 0 0 0 0 0 0 0 0 0 0 0 0 0 0 0 0 0 0 0 0 0 0 0 0 0 0 0 0 0 0 0 0 0 0 0 0 0 0 0 0 0 0 0 0 0 0 0 0 0 0 0 0 0 0 
0 0 0 0 0 0 0 0 0 0 0 0 0 0 0 0 0 0 0 0 0 0 0 0 0 0 0 0 0 0 0 0 0 0 0 0 0 0 0 0 0 0 0 0 0 0 0 0 0 0 0 0 0 0 0 0 0 0 0 0 0 0 0 0 0 0 0 0 0 0 0 0 0 0 0 0 0 0 0 0 0 0 0 0 0 0 0 0 0 0 0 0 0 0 0 0 0 0 0 0 0 0 
0 0 0 0 0 0 0 0 0 0 0 0 0 0 0 0 0 0 0 0 0 0 0 0 0 0 0 0 0 0 0 0 0 0 0 0 0 0 0 0 0 0 0 0 0 0 0 0 0 0 0 0 0 0 0 0 0 0 0 0 0 0 0 0 0 0 0 0 0 0 0 0 0 0 0 0 0 0 0 0 0 0 0 0 0 0 0 0 0 0 0 0 0 0 0 0 0 0 0 0 0 0 
0 0 0 0 0 0 0 0 0 0 0 0 0 0 0 0 0 0 0 0 0 0 0 0 0 0 0 0 0 0 0 0 0 0 0 0 0 0 0 0 0 0 0 0 0 0 0 0 0 0 0 0 0 0 0 0 0 0 0 0 0 0 0 0 0 0 0 0 0 0 0 0 0 0 0 0 0 0 0 0 0 0 0 0 0 0 0 0 0 0 0 0 0 0 0 0 0 0 0 0 0 0 
0 0 0 0 0 0 0 0 0 0 0 0 0 0 0 0 0 0 0 0 0 0 0 0 0 0 0 0 0 0 0 0 0 0 0 0 0 0 0 0 0 0 0 0 0 0 0 0 0 0 0 0 0 0 0 0 0 0 0 0 0 0 0 0 0 0 0 0 0 0 0 0 0 0 0 0 0 0 0 0 0 0 0 0 0 0 0 0 0 0 0 0 0 0 0 0 0 0 0 0 0 0 
0 0 0 0 0 0 0 0 0 0 0 0 0 0 0 0 0 0 0 0 0 0 0 0 0 0 0 0 0 0 0 0 0 0 0 0 0 0 0 0 0 0 0 0 0 0 0 0 0 0 0 0 0 0 0 0 0 0 0 0 0 0 0 0 0 0 0 0 0 0 0 0 0 0 0 0 0 0 0 0 0 0 0 0 0 0 0 0 0 0 0 0 0 0 0 0 0 0 0 0 0 0 
0 0 0 0 0 0 0 0 0 0 0 0 0 0 0 0 0 0 0 0 0 0 0 0 0 0 0 0 0 0 0 0 0 0 0 0 0 0 0 0 0 0 0 0 0 0 0 0 0 0 0 0 0 0 0 0 0 0 0 0 0 0 0 0 0 0 0 0 0 0 0 0 0 0 0 0 0 0 0 0 0 0 0 0 0 0 0 0 0 0 0 0 0 0 0 0 0 0 0 0 0 0 
0 0 0 0 0 0 0 0 0 0 0 0 0 0 0 0 0 0 0 0 0 0 0 0 0 0 0 0 0 0 0 0 0 0 0 0 0 0 0 0 0 0 0 0 0 0 0 0 0 0 0 0 0 0 0 0 0 0 0 0 0 0 0 0 0 0 0 0 0 0 0 0 0 0 0 0 0 0 0 0 0 0 0 0 0 0 0 0 0 0 0 0 0 0 0 0 0 0 0 0 0 0 
0 0 0 0 0 0 0 0 0 0 0 0 0 0 0 0 0 0 0 0 0 0 0 0 0 0 0 0 0 0 0 0 0 0 0 0 0 0 0 0 0 0 0 0 0 0 0 0 0 0 0 0 0 0 0 0 0 0 0 0 0 0 0 0 0 0 0 0 0 0 0 0 0 0 0 0 0 0 0 0 0 0 0 0 0 0 0 0 0 0 0 0 0 0 0 0 0 0 0 0 0 0 
0 0 0 0 0 0 0 0 0 0 0 0 0 0 0 0 0 0 0 0 0 0 0 0 0 0 0 0 0 0 0 0 0 0 0 0 0 0 0 0 0 0 0 0 0 0 0 0 0 0 0 0 0 0 0 0 0 0 0 0 0 0 0 0 0 0 0 0 0 0 0 0 0 0 0 0 0 0 0 0 0 0 0 0 0 0 0 0 0 0 0 0 0 0 0 0 0 0 0 0 0 0 
0 0 0 0 0 0 0 0 0 0 0 0 0 0 0 0 0 0 0 0 0 0 0 0 0 0 0 0 0 0 0 0 0 0 0 0 0 0 0 0 0 0 0 0 0 0 0 0 0 0 0 0 0 0 0 0 0 0 0 0 0 0 0 0 0 0 0 0 0 0 0 0 0 0 0 0 0 0 0 0 0 0 0 0 0 0 0 0 0 0 0 0 0 0 0 0 0 0 0 0 0 0 
0 0 0 0 0 0 0 0 0 0 0 0 0 0 0 0 0 0 0 0 0 0 0 0 0 0 0 0 0 0 0 0 0 0 0 0 0 0 0 0 0 0 0 0 0 0 0 0 0 0 0 0 0 0 0 0 0 0 0 0 0 0 0 0 0 0 0 0 0 0 0 0 0 0 0 0 0 0 0 0 0 0 0 0 0 0 0 0 0 0 0 0 0 0 0 0 0 0 0 0 0 0 
Per-collision Densities L:
0 0 0 0 0 0 0 0 0 0 0 0 0 0 0 0 0 0 0 0 0 0 0 0 0 0 0 0 0 0 0 0 0 0 0 0 0 0 0 0 0 0 0 0 0 0 0 0 0 0 0.238227 0.410559 0.337412 0.276771 0.226506 0.186059 0.152251 0.125362 0.102993 0.0843017 0.0691057 0.0568049 0.0463752 0.0381517 0.0312661 0.0257035 0.0210691 0.0172225 0.0141895 0.011611 0.00965712 0.00780175 0.00643017 0.00531866 0.00433139 0.00356379 0.00289062 0.00233613 0.00196647 0.00158823 0.00129583 0.00108373 0.00086759 0.000750935 0.000552975 0.00049793 0.000391375 0.000327745 0.000266135 0.000226745 0.000198465 0.000142915 0.000117665 8.383e-05 7.9285e-05 7.0195e-05 5.7065e-05 4.0905e-05 3.3835e-05 3.737e-05 3.0805e-05 0.000125745 
1.515e-06 0 1.515e-06 1.515e-06 1.01e-06 1.01e-06 2.525e-06 3.03e-06 3.535e-06 3.535e-06 7.07e-06 3.03e-06 7.575e-06 1.1615e-05 8.585e-06 1.0605e-05 1.717e-05 1.4645e-05 2.323e-05 2.828e-05 2.8785e-05 4.9995e-05 4.8985e-05 5.757e-05 8.4335e-05 9.0395e-05 0.00010807 0.000131805 0.000165135 0.000189375 0.000228765 0.00027573 0.00035552 0.00042218 0.00053227 0.000636805 0.00078679 0.00094233 0.00114282 0.00140289 0.00170286 0.00205838 0.00254924 0.00312494 0.00380114 0.00465408 0.00567368 0.00682053 0.00833856 0.0102353 0.0124841 0.0141344 0.0153156 0.0150909 0.0147187 0.0138739 0.0129285 0.0117205 0.0107338 0.00967429 0.00862086 0.00747804 0.00669731 0.00593729 0.00517979 0.00451874 0.00387083 0.00332341 0.00291688 0.00250329 0.0020801 0.00183063 0.00157156 0.00134785 0.00113019 0.000973135 0.000815575 0.000699425 0.00056661 0.000485305 0.00042622 0.00034946 0.00028381 0.000267145 0.00021614 0.0001818 0.000156045 0.000126755 9.8475e-05 9.5445e-05 7.5245e-05 6.0095e-05 5.7065e-05 5.05e-05 3.03e-05 3.131e-05 2.6765e-05 2.5755e-05 1.7675e-05 1.4645e-05 1.212e-05 6.4135e-05 
2.525e-06 0 5.05e-07 5.05e-07 1.515e-06 5.05e-07 1.01e-06 1.515e-06 1.515e-06 2.02e-06 3.03e-06 2.02e-06 4.545e-06 4.545e-06 4.545e-06 4.04e-06 6.06e-06 6.06e-06 8.08e-06 8.585e-06 1.111e-05 1.313e-05 1.1615e-05 1.7675e-05 1.6665e-05 3.2825e-05 3.6865e-05 3.2825e-05 5.8075e-05 5.858e-05 6.464e-05 6.8175e-05 8.7365e-05 0.000111605 0.0001414 0.000158065 0.00016564 0.000205535 0.00022826 0.000247955 0.00030401 0.000346935 0.000388345 0.000453995 0.000505 0.000545905 0.00066357 0.000733765 0.000799415 0.000871125 0.00095849 0.000984245 0.00102465 0.00100394 0.00104636 0.00107919 0.00102465 0.000956975 0.000953945 0.000866075 0.000834765 0.00078477 0.000679225 0.000633775 0.00056459 0.00053631 0.00047571 0.00043228 0.00036259 0.000335825 0.000287345 0.000260075 0.00022119 0.000220685 0.000181295 0.000138875 0.00013231 0.00013433 0.000100495 9.2415e-05 8.686e-05 6.262e-05 6.161e-05 5.9085e-05 4.7975e-05 3.2825e-05 2.929e-05 2.929e-05 2.323e-05 1.8685e-05 1.717e-05 1.7675e-05 1.2625e-05 1.01e-05 8.585e-06 8.08e-06 4.545e-06 3.03e-06 7.575e-06 3.535e-06 6.565e-06 1.818e-05 
1.01e-06 0 0 0 0 0 5.05e-07 0 1.515e-06 0 5.05e-07 1.01e-06 5.05e-07 5.05e-07 1.01e-06 0 5.05e-07 1.515e-06 2.02e-06 5.05e-07 2.525e-06 4.04e-06 4.04e-06 5.555e-06 2.525e-06 6.06e-06 9.595e-06 4.04e-06 5.05e-06 6.06e-06 8.08e-06 1.0605e-05 1.313e-05 1.515e-05 1.919e-05 2.4745e-05 2.02e-05 2.6765e-05 3.535e-05 2.323e-05 2.525e-05 4.242e-05 4.646e-05 5.2015e-05 5.454e-05 5.555e-05 6.262e-05 6.868e-05 6.262e-05 7.5245e-05 7.676e-05 7.777e-05 9.1405e-05 7.676e-05 9.191e-05 9.292e-05 8.181e-05 8.3325e-05 8.5345e-05 7.8275e-05 6.6155e-05 6.262e-05 5.454e-05 6.8175e-05 6.161e-05 5.555e-05 5.6055e-05 4.5955e-05 4.9995e-05 3.636e-05 3.636e-05 3.03e-05 2.4745e-05 2.828e-05 3.03e-05 2.4745e-05 1.3635e-05 1.616e-05 1.515e-05 1.01e-05 1.0605e-05 9.595e-06 9.595e-06 8.585e-06 7.07e-06 6.565e-06 3.535e-06 6.565e-06 2.525e-06 3.03e-06 4.04e-06 4.04e-06 4.04e-06 0 1.01e-06 1.01e-06 3.03e-06 0 5.05e-07 0 5.05e-07 5.555e-06 
0 0 0 0 0 0 0 0 0 0 0 5.05e-07 0 0 5.05e-07 0 0 0 0 0 0 0 2.02e-06 1.01e-06 1.01e-06 5.05e-07 5.05e-07 1.515e-06 2.02e-06 0 5.05e-07 1.01e-06 3.03e-06 1.01e-06 2.525e-06 3.535e-06 2.02e-06 2.525e-06 2.02e-06 5.05e-07 4.04e-06 2.02e-06 3.535e-06 5.555e-06 6.06e-06 8.585e-06 5.05e-06 7.575e-06 4.545e-06 5.555e-06 6.565e-06 1.111e-05 6.06e-06 1.01e-05 1.01e-05 9.09e-06 6.06e-06 7.575e-06 1.01e-05 7.07e-06 5.555e-06 5.555e-06 8.08e-06 5.555e-06 4.545e-06 4.04e-06 1.515e-06 3.535e-06 3.03e-06 6.06e-06 2.525e-06 4.04e-06 3.03e-06 2.525e-06 3.03e-06 2.525e-06 2.525e-06 1.01e-06 1.515e-06 1.01e-06 2.525e-06 5.05e-07 1.515e-06 0 1.01e-06 1.01e-06 1.01e-06 0 5.05e-07 1.01e-06 2.02e-06 0 5.05e-07 0 5.05e-07 0 0 0 0 0 0 1.01e-06 
0 0 0 0 0 0 0 0 0 0 0 0 0 0 0 0 5.05e-07 0 0 5.05e-07 0 5.05e-07 0 0 0 0 5.05e-07 0 5.05e-07 1.01e-06 5.05e-07 0 5.05e-07 0 1.01e-06 5.05e-07 5.05e-07 5.05e-07 0 5.05e-07 1.01e-06 0 0 0 0 5.05e-07 5.05e-07 5.05e-07 5.05e-07 5.05e-07 0 1.01e-06 1.01e-06 0 2.02e-06 2.02e-06 0 5.05e-07 5.05e-07 5.05e-07 5.05e-07 0 0 1.01e-06 1.01e-06 0 0 5.05e-07 0 5.05e-07 5.05e-07 1.01e-06 0 5.05e-07 1.515e-06 5.05e-07 0 5.05e-07 0 5.05e-07 0 0 0 0 0 0 0 0 0 0 0 0 0 0 0 5.05e-07 0 0 0 0 0 0 
0 0 0 0 0 0 0 0 0 0 0 0 0 0 0 0 0 0 0 0 0 0 1.01e-06 0 0 0 0 5.05e-07 0 0 0 0 0 0 0 0 0 0 0 0 0 0 0 0 0 0 0 0 0 0 0 0 0 0 0 0 0 0 0 0 0 0 0 0 0 0 0 0 0 0 0 0 0 0 0 0 0 0 0 0 0 0 0 0 0 0 5.05e-07 0 0 0 0 0 0 0 0 0 0 0 0 0 0 0 
0 0 0 0 0 0 0 0 0 0 0 0 0 0 0 0 0 0 0 0 0 0 0 0 0 0 0 0 0 0 0 0 0 0 0 0 0 0 0 0 0 0 0 0 0 0 0 0 0 0 0 0 0 0 0 0 0 0 0 0 0 0 0 0 0 0 0 0 0 0 0 0 0 0 0 0 0 0 0 0 0 0 0 0 0 0 0 0 0 0 0 0 0 0 0 0 0 0 0 0 0 0 
0 0 0 0 0 0 0 0 0 0 0 0 0 0 0 0 0 0 0 0 0 0 0 0 0 0 0 0 0 0 0 0 0 0 0 0 0 0 0 0 0 0 0 0 0 0 0 0 0 0 0 0 0 0 0 0 0 0 0 0 0 0 0 0 0 0 0 0 0 0 0 0 0 0 0 0 0 0 0 0 0 0 0 0 0 0 0 0 0 0 0 0 0 0 0 0 0 0 0 0 0 0 
0 0 0 0 0 0 0 0 0 0 0 0 0 0 0 0 0 0 0 0 0 0 0 0 0 0 0 0 0 0 0 0 0 0 0 0 0 0 0 0 0 0 0 0 0 0 0 0 0 0 0 0 0 0 0 0 0 0 0 0 0 0 0 0 0 0 0 0 0 0 0 0 0 0 0 0 0 0 0 0 0 0 0 0 0 0 0 0 0 0 0 0 0 0 0 0 0 0 0 0 0 0 
0 0 0 0 0 0 0 0 0 0 0 0 0 0 0 0 0 0 0 0 0 0 0 0 0 0 0 0 0 0 0 0 0 0 0 0 0 0 0 0 0 0 0 0 0 0 0 0 0 0 0 0 0 0 0 0 0 0 0 0 0 0 0 0 0 0 0 0 0 0 0 0 0 0 0 0 0 0 0 0 0 0 0 0 0 0 0 0 0 0 0 0 0 0 0 0 0 0 0 0 0 0 
0 0 0 0 0 0 0 0 0 0 0 0 0 0 0 0 0 0 0 0 0 0 0 0 0 0 0 0 0 0 0 0 0 0 0 0 0 0 0 0 0 0 0 0 0 0 0 0 0 0 0 0 0 0 0 0 0 0 0 0 0 0 0 0 0 0 0 0 0 0 0 0 0 0 0 0 0 0 0 0 0 0 0 0 0 0 0 0 0 0 0 0 0 0 0 0 0 0 0 0 0 0 
0 0 0 0 0 0 0 0 0 0 0 0 0 0 0 0 0 0 0 0 0 0 0 0 0 0 0 0 0 0 0 0 0 0 0 0 0 0 0 0 0 0 0 0 0 0 0 0 0 0 0 0 0 0 0 0 0 0 0 0 0 0 0 0 0 0 0 0 0 0 0 0 0 0 0 0 0 0 0 0 0 0 0 0 0 0 0 0 0 0 0 0 0 0 0 0 0 0 0 0 0 0 
0 0 0 0 0 0 0 0 0 0 0 0 0 0 0 0 0 0 0 0 0 0 0 0 0 0 0 0 0 0 0 0 0 0 0 0 0 0 0 0 0 0 0 0 0 0 0 0 0 0 0 0 0 0 0 0 0 0 0 0 0 0 0 0 0 0 0 0 0 0 0 0 0 0 0 0 0 0 0 0 0 0 0 0 0 0 0 0 0 0 0 0 0 0 0 0 0 0 0 0 0 0 
0 0 0 0 0 0 0 0 0 0 0 0 0 0 0 0 0 0 0 0 0 0 0 0 0 0 0 0 0 0 0 0 0 0 0 0 0 0 0 0 0 0 0 0 0 0 0 0 0 0 0 0 0 0 0 0 0 0 0 0 0 0 0 0 0 0 0 0 0 0 0 0 0 0 0 0 0 0 0 0 0 0 0 0 0 0 0 0 0 0 0 0 0 0 0 0 0 0 0 0 0 0 
0 0 0 0 0 0 0 0 0 0 0 0 0 0 0 0 0 0 0 0 0 0 0 0 0 0 0 0 0 0 0 0 0 0 0 0 0 0 0 0 0 0 0 0 0 0 0 0 0 0 0 0 0 0 0 0 0 0 0 0 0 0 0 0 0 0 0 0 0 0 0 0 0 0 0 0 0 0 0 0 0 0 0 0 0 0 0 0 0 0 0 0 0 0 0 0 0 0 0 0 0 0 
0 0 0 0 0 0 0 0 0 0 0 0 0 0 0 0 0 0 0 0 0 0 0 0 0 0 0 0 0 0 0 0 0 0 0 0 0 0 0 0 0 0 0 0 0 0 0 0 0 0 0 0 0 0 0 0 0 0 0 0 0 0 0 0 0 0 0 0 0 0 0 0 0 0 0 0 0 0 0 0 0 0 0 0 0 0 0 0 0 0 0 0 0 0 0 0 0 0 0 0 0 0 
0 0 0 0 0 0 0 0 0 0 0 0 0 0 0 0 0 0 0 0 0 0 0 0 0 0 0 0 0 0 0 0 0 0 0 0 0 0 0 0 0 0 0 0 0 0 0 0 0 0 0 0 0 0 0 0 0 0 0 0 0 0 0 0 0 0 0 0 0 0 0 0 0 0 0 0 0 0 0 0 0 0 0 0 0 0 0 0 0 0 0 0 0 0 0 0 0 0 0 0 0 0 
0 0 0 0 0 0 0 0 0 0 0 0 0 0 0 0 0 0 0 0 0 0 0 0 0 0 0 0 0 0 0 0 0 0 0 0 0 0 0 0 0 0 0 0 0 0 0 0 0 0 0 0 0 0 0 0 0 0 0 0 0 0 0 0 0 0 0 0 0 0 0 0 0 0 0 0 0 0 0 0 0 0 0 0 0 0 0 0 0 0 0 0 0 0 0 0 0 0 0 0 0 0 
0 0 0 0 0 0 0 0 0 0 0 0 0 0 0 0 0 0 0 0 0 0 0 0 0 0 0 0 0 0 0 0 0 0 0 0 0 0 0 0 0 0 0 0 0 0 0 0 0 0 0 0 0 0 0 0 0 0 0 0 0 0 0 0 0 0 0 0 0 0 0 0 0 0 0 0 0 0 0 0 0 0 0 0 0 0 0 0 0 0 0 0 0 0 0 0 0 0 0 0 0 0 
