Infinite rod, isotropic point source, isotropic scattering, exponential random flight, mu_t: 1
Analogmu_t c: 0.9 maxx: 10 dx: 0.19802 numsamples: 10000000 numCollisionOrders: 20 numMoments: 10
Collision density L:
0.749987 0.0482906 0.0513585 0.0551041 0.0583735 0.06217 0.0662984 0.0700248 0.0749284 0.0796617 0.0849248 0.0904667 0.0964686 0.102447 0.109075 0.115926 0.123726 0.131708 0.139654 0.149164 0.158836 0.169104 0.179685 0.191244 0.203949 0.217307 0.231622 0.246576 0.263195 0.279611 0.29778 0.316726 0.336988 0.358751 0.382433 0.406507 0.433125 0.461223 0.490785 0.522004 0.555653 0.592875 0.630193 0.671248 0.715078 0.760953 0.810725 0.862986 0.917456 0.977124 0.778061 0.507971 0.476755 0.448526 0.421683 0.395262 0.371456 0.349228 0.327561 0.30756 0.289342 0.271655 0.255231 0.239175 0.224727 0.211178 0.198263 0.185606 0.175539 0.164051 0.154678 0.14499 0.136259 0.12797 0.120769 0.113163 0.106463 0.0996481 0.0937093 0.0879528 0.0827549 0.0773902 0.0726311 0.0684068 0.0643067 0.0602334 0.0567241 0.0531199 0.0499294 0.0470781 0.0445264 0.0416933 0.0390214 0.0365898 0.0344637 0.0323821 0.0303379 0.0285527 0.0266948 0.0251429 0.0237042 0.364407 
Collision density R:
0.390217 0.0252369 0.0267615 0.0285658 0.0303212 0.0324791 0.0342809 0.0363898 0.0389188 0.0414494 0.0442971 0.0470776 0.0500112 0.0531058 0.0566459 0.0602031 0.0642678 0.0686058 0.0726998 0.0771862 0.0820741 0.0877422 0.0932614 0.0990861 0.105671 0.112552 0.120174 0.128208 0.136456 0.144909 0.154795 0.164503 0.17471 0.186469 0.198551 0.211337 0.2252 0.239712 0.255215 0.27227 0.288935 0.307234 0.327956 0.348358 0.371579 0.395025 0.420617 0.44864 0.477091 0.507503 0.778707 0.977711 0.919149 0.86188 0.810235 0.760236 0.715889 0.670948 0.631286 0.592373 0.557138 0.522101 0.49029 0.462006 0.432722 0.406843 0.381857 0.359491 0.336463 0.316236 0.297417 0.279392 0.262113 0.246384 0.231779 0.216985 0.204273 0.192445 0.180382 0.169325 0.159016 0.149298 0.140568 0.131801 0.123656 0.116522 0.109292 0.10237 0.0959828 0.0906207 0.0850385 0.0801051 0.0750395 0.0706884 0.0662065 0.0623412 0.0584053 0.0549359 0.0513368 0.0485482 0.045496 0.703095 
Density Moments:
9.99901 -0.00308175 199.969 -4.94488 23995.3 -2245.39 7.20959e+06 396355 4.06291e+09 4.45809e+09 
Per-collision Density Moments:
1 0.000468678 2.00084 0.0114388 24.0173 0.589881 720.698 36.9188 40200 2958.8 
0.900089 0.000362297 3.59995 -0.00131095 64.8598 -1.00795 2613.44 -148.907 186762 1697.21 
0.810063 -9.79081e-06 4.86248 -0.0164074 116.819 -2.00746 5872.42 -141.972 504076 94399.4 
0.729105 0.000122643 5.83437 -0.0287833 175.33 -8.03038 10582.7 -1768.88 1.0517e+06 -394979 
0.656232 0.000555963 6.5607 -0.0077243 236.266 -7.07198 16570.4 -2126.92 1.86274e+06 -617481 
0.590629 0.000996534 7.09227 0.0330111 298.193 -4.26164 23866 -2168.72 3.00148e+06 -760080 
0.531613 0.000665262 7.44376 0.0394361 357.374 0.0665149 32125.7 -1655.11 4.49314e+06 -1.16661e+06 
0.478343 0.00128647 7.65138 0.0654732 412.902 -0.711482 41167.3 -3718.59 6.32234e+06 -2.65938e+06 
0.430586 0.00143097 7.7494 0.0900814 464.781 3.79898 51078 -2263.29 8.60454e+06 -1.92877e+06 
0.387386 0.00137952 7.74441 0.0634453 510.401 -4.66763 61056.4 -6091.9 1.1101e+07 -4.42418e+06 
0.348704 0.00134899 7.66602 0.0397164 551.316 -13.4376 71619.6 -10173.8 1.41e+07 -6.76909e+06 
0.313827 0.000679153 7.52799 0.0140555 585.862 -14.6724 81783.9 -10320.9 1.71925e+07 -6.81758e+06 
0.282501 0.000554286 7.34153 0.0380167 615.322 1.4836 92070.8 876.584 2.0673e+07 1.49592e+06 
0.254275 0.000142414 7.11491 -0.0192437 638.669 -20.7133 101710 -10475.6 2.41398e+07 -5.43722e+06 
0.228876 0.000528486 6.86599 0.0129042 658.254 -11.039 111515 -5435.47 2.79757e+07 -1.77377e+06 
0.205922 0.000489085 6.59219 0.01769 672.386 -14.773 120969 -10177.9 3.21646e+07 -7.66713e+06 
0.185375 5.66838e-06 6.3049 -0.0802783 681.673 -35.7391 129697 -12676.7 3.63627e+07 -5.40821e+06 
0.1668 -0.000632181 6.00412 -0.167046 685.338 -47.9792 137106 -13785.9 4.02448e+07 -5.44822e+06 
0.15007 -0.000498686 5.7027 -0.0925933 684.352 -14.4163 143382 3831.37 4.38685e+07 6.12077e+06 
0 0 0 0 0 0 0 0 0 0 
Per-collision Densities L:
0.000143925 2.9795e-05 2.929e-05 4.4945e-05 5.3025e-05 7.272e-05 7.3225e-05 0.00010403 0.00011009 0.000135845 0.0001818 0.000212605 0.000271185 0.00032926 0.00039289 0.00048985 0.000593375 0.00070801 0.00088678 0.00113373 0.00133623 0.00159833 0.00191446 0.00238209 0.00290426 0.00355066 0.0043425 0.00533331 0.00643118 0.00780326 0.0096248 0.011615 0.0140476 0.0173528 0.0210716 0.0255156 0.0313115 0.0381719 0.0466913 0.0566413 0.0690885 0.084283 0.102452 0.124975 0.152814 0.185916 0.226887 0.277421 0.337235 0.410275 0.237774 0 0 0 0 0 0 0 0 0 0 0 0 0 0 0 0 0 0 0 0 0 0 0 0 0 0 0 0 0 0 0 0 0 0 0 0 0 0 0 0 0 0 0 0 0 0 0 0 0 0 0 
0.00073831 0.00014847 0.000153015 0.000214625 0.000244925 0.000272195 0.000336835 0.00040501 0.0004747 0.000575195 0.000679225 0.00082618 0.00094637 0.00113171 0.00134078 0.00167913 0.0019493 0.00229674 0.00270529 0.00320322 0.00380619 0.00444602 0.00536007 0.00626402 0.00738613 0.00865368 0.010251 0.0118569 0.0140264 0.0165822 0.0190693 0.0223907 0.0259686 0.0300889 0.0348304 0.0401036 0.0459494 0.0529962 0.0601339 0.0680533 0.0769211 0.0863924 0.0960025 0.106011 0.11588 0.124492 0.131402 0.135583 0.135199 0.12864 0.112335 0.0923382 0.075754 0.0621312 0.0510353 0.0418024 0.0344051 0.0283729 0.0232154 0.0189027 0.0156121 0.0129931 0.0105656 0.00858399 0.00707657 0.00583427 0.00480053 0.00386881 0.00320877 0.0026356 0.00211696 0.00176397 0.00143067 0.00117918 0.00097263 0.000828705 0.00062923 0.000566105 0.000452985 0.000354005 0.00028482 0.00025654 0.000206545 0.00017675 0.000129785 0.00010605 8.787e-05 8.6355e-05 6.363e-05 4.4945e-05 4.1915e-05 2.7775e-05 2.8785e-05 1.717e-05 2.2725e-05 1.919e-05 9.595e-06 1.616e-05 9.09e-06 9.09e-06 4.04e-06 2.727e-05 
0.00198718 0.00034744 0.000419655 0.00053328 0.00058176 0.00065852 0.00076861 0.000933745 0.00105646 0.00128169 0.00148268 0.00170741 0.00205333 0.00235532 0.0027467 0.00312141 0.00358651 0.00419504 0.00484144 0.00554844 0.00652662 0.00745532 0.00850572 0.00983286 0.0114554 0.012979 0.014598 0.0167827 0.0191541 0.0213681 0.0244996 0.0272468 0.0306535 0.034084 0.0380356 0.0421978 0.0467105 0.0509904 0.0558227 0.0605869 0.0654652 0.0702566 0.0744158 0.0781932 0.0815474 0.0841891 0.0849617 0.0848819 0.0832866 0.0803157 0.07585 0.0703152 0.0648718 0.0588042 0.0527104 0.046917 0.0414539 0.0364469 0.0319544 0.0278088 0.0241986 0.0210868 0.0180709 0.0156757 0.0135724 0.0115549 0.00990659 0.00853854 0.00713666 0.00618878 0.00531513 0.00452379 0.00388244 0.00323402 0.00274518 0.00229523 0.00191345 0.0016463 0.00141552 0.00119887 0.00102414 0.000797395 0.000679225 0.00058277 0.00047571 0.00041713 0.000365115 0.00028886 0.00025351 0.00020604 0.000184325 0.000150995 0.00011413 0.000101505 8.686e-05 6.969e-05 4.9995e-05 4.8985e-05 3.4845e-05 3.5855e-05 3.1815e-05 0.00014342 
0.00417787 0.00067973 0.00080699 0.000893345 0.00101909 0.00116504 0.00136754 0.00157308 0.00178366 0.00206293 0.00234977 0.00268963 0.00305929 0.00354106 0.0039789 0.00458035 0.00519696 0.00592466 0.00671398 0.00761843 0.00868752 0.0097662 0.0108166 0.0121665 0.0136481 0.01525 0.0170337 0.0189663 0.0208868 0.0230876 0.025298 0.0278417 0.0304182 0.0334431 0.0361277 0.0391042 0.0420665 0.0448208 0.0476927 0.0505177 0.0531366 0.0556813 0.0573539 0.0594703 0.0608156 0.0615499 0.0620519 0.0612676 0.0604445 0.0592789 0.0569736 0.0543567 0.0516534 0.0487724 0.0454758 0.0419291 0.0387704 0.0356459 0.0322155 0.029186 0.0265877 0.0238703 0.0213251 0.0189592 0.0168564 0.0150823 0.0133169 0.0116529 0.010449 0.00905364 0.00782649 0.00685891 0.00599587 0.00531109 0.00460308 0.00397183 0.00349157 0.00301081 0.00257904 0.00222806 0.00195031 0.00159782 0.00139683 0.00122917 0.00104788 0.000859005 0.00076053 0.00065347 0.000530755 0.000472175 0.00044844 0.00035451 0.00031411 0.00023634 0.00020099 0.00018988 0.00017372 0.00012019 0.000123725 9.9485e-05 7.4235e-05 0.00045551 
0.0069589 0.000975155 0.00117615 0.00128977 0.00153975 0.00176245 0.00193365 0.00218615 0.00246087 0.00291537 0.00317948 0.00356227 0.00408343 0.00460914 0.00508434 0.00574185 0.00647208 0.00718767 0.00788911 0.00888497 0.00985457 0.0110201 0.0121538 0.013282 0.0145859 0.0160368 0.0176528 0.0191572 0.0207939 0.0227725 0.0244056 0.0264196 0.028328 0.0304566 0.032265 0.0339905 0.0364221 0.0381184 0.039898 0.0417579 0.0432916 0.0447147 0.0457373 0.0466529 0.0470211 0.0475872 0.0474139 0.0475872 0.0469403 0.0456732 0.0446748 0.0435749 0.0416347 0.0399935 0.0380992 0.0360868 0.034036 0.0319261 0.0296879 0.0274942 0.0253662 0.023486 0.0215943 0.0196995 0.0178669 0.0164706 0.0147854 0.0133668 0.011968 0.010601 0.00955309 0.00866934 0.0076457 0.00674933 0.00607212 0.00529796 0.00474852 0.00423241 0.00376377 0.00319615 0.00284315 0.00247753 0.00217958 0.00189325 0.00171498 0.00146652 0.00127967 0.00104838 0.00095344 0.00083022 0.000704475 0.00064842 0.0005454 0.000480255 0.000401475 0.000359055 0.000303505 0.000272195 0.000245935 0.00018887 0.00017372 0.00101354 
0.0103288 0.00140895 0.00150793 0.00176144 0.0019493 0.00221544 0.00249672 0.00273761 0.00310474 0.00350268 0.0038072 0.00428897 0.00480558 0.00524241 0.00590497 0.00650491 0.00716393 0.00800779 0.00862187 0.00956167 0.0104666 0.0113484 0.0124902 0.0134088 0.0145935 0.0159358 0.017225 0.0184578 0.0197612 0.0211797 0.0224937 0.0239774 0.0253687 0.0268014 0.0283689 0.0298218 0.0309989 0.0322912 0.033376 0.0345339 0.035403 0.0363403 0.0369226 0.037568 0.0380189 0.0382846 0.0382674 0.0379578 0.0372503 0.0370367 0.0364352 0.0359065 0.0340653 0.0331815 0.0322049 0.0308055 0.0293082 0.0279669 0.0263176 0.024948 0.0232694 0.021766 0.0203616 0.0189304 0.017623 0.0161716 0.0148344 0.0136007 0.01237 0.0113842 0.0104106 0.0094733 0.00847087 0.00773913 0.0069887 0.00626756 0.00562419 0.00517373 0.00452581 0.00407485 0.00362287 0.00329109 0.00293001 0.00250682 0.00224725 0.00199829 0.00176548 0.0015852 0.00139229 0.00121301 0.00106757 0.00098172 0.00084638 0.00074235 0.000666095 0.000544895 0.00050298 0.00042319 0.000360065 0.00031815 0.000290375 0.0018276 
0.013733 0.00167054 0.00191244 0.00210181 0.00239673 0.00265883 0.00294314 0.00316736 0.00357187 0.00399051 0.00434906 0.00482427 0.00529291 0.00575902 0.00619837 0.00702203 0.0074942 0.00814767 0.00900112 0.00969146 0.0103495 0.0112251 0.0120352 0.0130361 0.0138562 0.0150864 0.0159843 0.0170453 0.0180336 0.0192228 0.0201177 0.0212807 0.0222554 0.0235401 0.0246041 0.0253954 0.0266074 0.0272261 0.0282492 0.0290638 0.0293466 0.0299844 0.0306101 0.0308914 0.0312353 0.0312393 0.0311045 0.0310378 0.0310277 0.0305202 0.0299248 0.0293375 0.0286113 0.0280639 0.0271877 0.0260898 0.0251414 0.0240885 0.0231275 0.0220978 0.0208035 0.0195021 0.0185492 0.0174498 0.0164347 0.0153126 0.0142259 0.0131926 0.0123003 0.0112837 0.0105444 0.00965611 0.00885215 0.00812646 0.00750733 0.00683164 0.0062615 0.0056656 0.00504091 0.00462075 0.00415312 0.00372842 0.00330472 0.00303455 0.00278356 0.00244168 0.00222402 0.00200687 0.00176902 0.00156853 0.00138168 0.00128674 0.0011307 0.00100899 0.000866075 0.000791335 0.00071306 0.000607515 0.00050601 0.00048985 0.00043127 0.00292244 
0.0171518 0.0019589 0.00218817 0.00248713 0.00266337 0.00298556 0.0031608 0.00347945 0.0038885 0.00419857 0.00464701 0.00500203 0.00545956 0.00598829 0.00647006 0.00688113 0.0075952 0.00816888 0.00859157 0.00949047 0.00994648 0.0108146 0.0114908 0.012268 0.0130825 0.0138446 0.0145809 0.0155969 0.0164524 0.0171574 0.0181012 0.0190097 0.0195359 0.020203 0.0211247 0.0219589 0.0224846 0.0232431 0.0237794 0.0243011 0.0247233 0.0251278 0.0253702 0.025658 0.0258025 0.0256873 0.02586 0.0258166 0.0255045 0.025455 0.0249142 0.0247192 0.024135 0.0236729 0.0228896 0.0223351 0.0215726 0.0209373 0.0200894 0.0193152 0.0184729 0.0176023 0.0167372 0.015752 0.0147672 0.0142269 0.0133229 0.0124084 0.0116872 0.0108913 0.0101187 0.00943239 0.00888194 0.00817393 0.00752046 0.00687255 0.00633826 0.00588426 0.00544895 0.00489901 0.00453995 0.00417736 0.00380871 0.00337896 0.0031002 0.00277801 0.00257651 0.00229068 0.00203111 0.00189072 0.00171801 0.00150086 0.00138017 0.00128472 0.00111353 0.000945865 0.000861025 0.00079083 0.00071003 0.000629735 0.00056358 0.00421776 
0.0202273 0.002171 0.00241037 0.00267347 0.00284315 0.00310727 0.00336532 0.0036355 0.0040395 0.00433694 0.00475912 0.00517777 0.00541613 0.00595143 0.00642259 0.00681902 0.00735028 0.00775276 0.00832796 0.00894153 0.00956521 0.0101141 0.0106848 0.0113721 0.0118786 0.0126053 0.0133062 0.0137572 0.0146733 0.0151455 0.0159393 0.0166291 0.017224 0.0176639 0.018379 0.0188355 0.0191582 0.0198844 0.0203525 0.0206929 0.0209999 0.0212443 0.0216044 0.0218039 0.0216943 0.0217857 0.0219306 0.021664 0.0215867 0.021362 0.021112 0.0208908 0.0204343 0.0200758 0.0198101 0.0191077 0.018683 0.0181103 0.0173255 0.0167923 0.0163267 0.0153606 0.0149041 0.0140153 0.0134779 0.012775 0.0122144 0.0115292 0.010853 0.0102141 0.00953036 0.00906728 0.00847087 0.00783912 0.00741492 0.00688618 0.00633725 0.00590042 0.00550854 0.00493234 0.00461116 0.00426018 0.00391476 0.00364913 0.00325321 0.00309111 0.0027568 0.00252197 0.00228664 0.00205384 0.0019291 0.00174427 0.00159277 0.00141501 0.00121554 0.0011913 0.00108424 0.00097364 0.000828705 0.000769115 0.000665085 0.0055348 
0.0230421 0.00227503 0.002525 0.00277851 0.00294668 0.00319312 0.00346026 0.0037875 0.0040905 0.00428543 0.00479296 0.00502778 0.00541613 0.00571711 0.00615343 0.00657561 0.00694426 0.00728715 0.007878 0.00839159 0.00886023 0.00921272 0.00990103 0.0101924 0.0108232 0.0114898 0.0118468 0.0123801 0.013026 0.0136123 0.0141067 0.0145839 0.0149081 0.0154651 0.0157828 0.0161873 0.0166695 0.0171367 0.0173175 0.017324 0.018026 0.0181724 0.0184214 0.0183138 0.0184295 0.0184007 0.0186214 0.0182825 0.0181512 0.0182487 0.0179724 0.017673 0.0175482 0.0171372 0.0168513 0.0165271 0.0161004 0.0157035 0.0150424 0.0146228 0.0141698 0.013634 0.0131608 0.0126952 0.0120463 0.011615 0.0109858 0.0101954 0.0100843 0.00953693 0.00904405 0.00840573 0.00801839 0.00747703 0.00704071 0.0066357 0.00621807 0.00577821 0.00537068 0.00493436 0.00465863 0.00437381 0.00399455 0.00369963 0.00333755 0.00317443 0.00291688 0.00268155 0.00244168 0.00231997 0.00212504 0.00188365 0.00170387 0.00160035 0.00142915 0.00128876 0.00122059 0.00108878 0.00100748 0.000920615 0.000761035 0.00702405 
0.0253742 0.00238966 0.00253864 0.00276134 0.00302091 0.00326028 0.00348046 0.00371731 0.00399506 0.00418544 0.00456419 0.00480962 0.0051308 0.00546006 0.00586608 0.00625948 0.00649632 0.00689477 0.00740431 0.00762702 0.00811434 0.00857844 0.0088471 0.00950309 0.00991871 0.0103803 0.0107595 0.0110226 0.0115645 0.0118917 0.0123887 0.0126785 0.0131982 0.0132436 0.0136587 0.014036 0.0142253 0.0145905 0.014893 0.0149914 0.0152157 0.015502 0.0157636 0.0156762 0.0156671 0.0158378 0.0157419 0.0158126 0.015706 0.0153894 0.0152328 0.0150793 0.0150238 0.0147612 0.0145097 0.0141562 0.0140112 0.0136077 0.0131603 0.0127775 0.0123922 0.0120867 0.0115822 0.0112246 0.010754 0.0102828 0.00987982 0.00943441 0.0092309 0.00851026 0.00827948 0.00779569 0.00730584 0.00704778 0.00665237 0.00631048 0.00587164 0.00544592 0.00515454 0.0048576 0.0044435 0.00422938 0.0038981 0.00370418 0.00340926 0.00322544 0.00294617 0.00273458 0.0025851 0.00227149 0.00220938 0.00198011 0.00183517 0.00166398 0.00160388 0.00137966 0.00127513 0.00120291 0.00111656 0.00100647 0.000911525 0.00828352 
0.0271493 0.00238411 0.00252702 0.00278053 0.00297092 0.0031608 0.00339158 0.00362742 0.00383396 0.0040804 0.00432482 0.00466519 0.00486113 0.00518837 0.00550551 0.00561661 0.00606455 0.0064135 0.00676953 0.00702657 0.00747148 0.0077568 0.00815424 0.00847188 0.00879205 0.00907839 0.00958591 0.00990406 0.0101657 0.0105192 0.010905 0.0110651 0.0114074 0.0116226 0.0118619 0.0121897 0.0124129 0.0127841 0.0129376 0.0131522 0.0131972 0.0133113 0.0133492 0.0133517 0.0135037 0.013387 0.0135901 0.013483 0.013328 0.0132462 0.0132088 0.0131694 0.0128659 0.0126644 0.0125856 0.0122584 0.012015 0.0117635 0.0115312 0.0112605 0.0109146 0.0106151 0.0103343 0.01 0.00954753 0.00930311 0.00886427 0.00848097 0.00820676 0.00779518 0.00754016 0.00716696 0.00686851 0.00648319 0.00618019 0.00581508 0.00546309 0.0051207 0.0049288 0.00468236 0.00431422 0.00413545 0.00386174 0.00364004 0.00331634 0.00311383 0.00294718 0.00270175 0.00256944 0.00238461 0.00219524 0.00206495 0.00188012 0.00171549 0.00162812 0.00147612 0.00134583 0.00127412 0.00117211 0.00106252 0.0009696 0.00945613 
0.0285557 0.00235633 0.00249723 0.00266085 0.00282093 0.00305475 0.00323352 0.00339007 0.00361328 0.00390062 0.00409606 0.0043632 0.00465509 0.00484144 0.00504394 0.00527675 0.00564035 0.00587265 0.00622968 0.00647158 0.00667964 0.00704829 0.00731796 0.00758207 0.00796183 0.00806031 0.00839916 0.00875216 0.00894204 0.00931624 0.00957076 0.00975155 0.0099889 0.0102439 0.0104535 0.0104217 0.0107075 0.0109156 0.0111272 0.0112534 0.0113504 0.011462 0.0113847 0.0116049 0.0117216 0.0113979 0.0116084 0.0114787 0.0114307 0.0114862 0.0114726 0.0113282 0.0112645 0.0110408 0.0108484 0.0106898 0.0104212 0.0102358 0.010155 0.00967732 0.00962833 0.00945562 0.00907839 0.00872994 0.00856985 0.00817848 0.00790275 0.00760783 0.00744269 0.00709424 0.00674579 0.00645491 0.0061711 0.00595042 0.00570852 0.0054237 0.00515555 0.0048273 0.00460055 0.00442128 0.00416827 0.00392082 0.00367994 0.00344006 0.00316989 0.00304414 0.00289012 0.00265782 0.00249268 0.00236391 0.00221594 0.00198061 0.00188618 0.00180033 0.00161752 0.00148268 0.00138219 0.00131199 0.00119281 0.00108121 0.000997375 0.0105464 
0.0292345 0.0022927 0.00238562 0.00260429 0.00273155 0.00295223 0.00310929 0.00326533 0.00336229 0.0035951 0.00391072 0.00411474 0.00420867 0.00444905 0.00470761 0.00490557 0.00510353 0.00539239 0.00560096 0.00579235 0.00604283 0.00625695 0.00652915 0.00673115 0.0070089 0.00708313 0.00743966 0.00775983 0.00793709 0.00813151 0.00825271 0.00838553 0.00871529 0.00893093 0.00908394 0.0092314 0.00942734 0.00954299 0.00965813 0.00969651 0.00987578 0.00988992 0.0100157 0.0100672 0.0101293 0.00994648 0.00996921 0.00991669 0.00996517 0.0100344 0.00988033 0.00984902 0.00967378 0.00957783 0.00943138 0.00926877 0.00913242 0.00890517 0.00883548 0.0085441 0.00835472 0.00821029 0.00796234 0.0077159 0.00746996 0.00734523 0.00708818 0.00675236 0.00656147 0.00643118 0.00618726 0.00588628 0.0056055 0.00543027 0.00519544 0.00492022 0.00471064 0.00449753 0.00426927 0.00404303 0.00391981 0.00368398 0.0033835 0.00329765 0.00306636 0.00284921 0.0026967 0.00259722 0.0024038 0.00225685 0.00215029 0.00202101 0.00183618 0.00178417 0.0016261 0.0015352 0.00137057 0.00125745 0.00121806 0.00109282 0.0010701 0.0115822 
0.0296824 0.00212151 0.00236138 0.00237653 0.00262297 0.00280427 0.00295223 0.00300728 0.00321837 0.00336027 0.00355672 0.00381629 0.00389759 0.00413242 0.00424958 0.00447531 0.00474549 0.00484447 0.00507172 0.00525705 0.00549945 0.00562772 0.00572721 0.0060292 0.00619332 0.00643976 0.00666903 0.00682861 0.00707354 0.00719171 0.0074235 0.00742754 0.00766489 0.00783558 0.00796537 0.00819817 0.00820928 0.00839411 0.0083926 0.00855521 0.00844512 0.0086456 0.00866883 0.00868903 0.00857743 0.00874357 0.00874004 0.00862641 0.00872741 0.0085648 0.00858601 0.00841078 0.00837593 0.00821433 0.00806536 0.00812949 0.00794618 0.00785679 0.00763308 0.00757096 0.00739522 0.00718262 0.00706596 0.00686194 0.00658571 0.00651501 0.00628372 0.00607313 0.00591406 0.00566661 0.00548834 0.00527523 0.00508485 0.00490961 0.00477983 0.00451218 0.00431119 0.00407838 0.0039895 0.00377791 0.00363247 0.00341128 0.00317847 0.00305626 0.00288759 0.00272852 0.0025452 0.00239168 0.00230987 0.00220281 0.00208919 0.00196546 0.00179831 0.00169478 0.00155641 0.00145188 0.00139481 0.00132411 0.0012322 0.00113928 0.00105545 0.0121872 
0.0294279 0.00205333 0.00221948 0.0022927 0.0024942 0.00247955 0.00273862 0.00279619 0.00298102 0.00315019 0.00335472 0.00337542 0.00359611 0.00378447 0.00397587 0.00401829 0.00424756 0.00432886 0.0044541 0.0047672 0.00494092 0.00513939 0.00521968 0.00530957 0.00558631 0.00576205 0.00584487 0.00608727 0.00615696 0.00625443 0.00645441 0.00647107 0.00677205 0.00680841 0.00695789 0.00707152 0.00727251 0.00720231 0.00728614 0.00736442 0.00743259 0.00748966 0.00747047 0.00756187 0.00757551 0.00755329 0.00759621 0.00748208 0.00741896 0.00755581 0.0074331 0.00736038 0.0073225 0.00728008 0.00715181 0.00712101 0.00694678 0.00674024 0.00667711 0.00670085 0.00659278 0.00623978 0.00624837 0.00606909 0.00581659 0.00573125 0.00557015 0.0055141 0.00532725 0.0050298 0.00497072 0.00477023 0.00458086 0.00438138 0.00418039 0.0041506 0.00390971 0.0037471 0.00356732 0.00342138 0.00326331 0.00321887 0.00296536 0.0029088 0.00275478 0.00258156 0.00245784 0.00231846 0.00214423 0.00207151 0.00191597 0.00190486 0.00173215 0.00163418 0.00153015 0.00143875 0.00136956 0.00122614 0.00117918 0.00113019 0.00105192 0.0128659 
0.029193 0.00200132 0.00209828 0.00223766 0.00228109 0.00234926 0.00256944 0.00267246 0.00276286 0.00285931 0.00299465 0.00311888 0.00331886 0.00336987 0.00353904 0.00367085 0.00388497 0.00399405 0.00405364 0.0041814 0.00434401 0.00451066 0.00460156 0.00481063 0.00497627 0.00503132 0.00524746 0.00532068 0.00543431 0.00548481 0.00574993 0.00584134 0.00592315 0.00605243 0.00616908 0.00623423 0.00614686 0.00624988 0.00643673 0.00642815 0.00649632 0.00654733 0.00660035 0.00661298 0.00665792 0.00664328 0.00660136 0.00665691 0.00645592 0.00644532 0.00655541 0.0063827 0.00635543 0.00629988 0.00632513 0.00613323 0.00607667 0.00602465 0.00590951 0.00587164 0.00565701 0.00559944 0.0055449 0.00535805 0.00526362 0.00498637 0.00489901 0.00483437 0.00468135 0.00450612 0.00445966 0.00416928 0.00412131 0.003989 0.00384457 0.00369862 0.00366681 0.00339613 0.00323705 0.00318605 0.00297748 0.00284568 0.00278457 0.0026154 0.00254419 0.00239673 0.00228967 0.00216544 0.00205737 0.00194678 0.00188567 0.00175942 0.00164125 0.00152207 0.00148167 0.00139986 0.00129634 0.00124786 0.00117059 0.00108676 0.00106151 0.0132169 
0.0286158 0.00181144 0.00188618 0.00203162 0.00208818 0.0021917 0.00233714 0.00239017 0.00256641 0.00258863 0.00275831 0.00285224 0.00301637 0.00311333 0.00317847 0.00335472 0.00350521 0.00358399 0.00369054 0.00381225 0.0039284 0.00410464 0.00412888 0.00422332 0.00437078 0.00446824 0.00459146 0.0047667 0.00490305 0.0049086 0.00499849 0.00506717 0.00517423 0.00521362 0.00529493 0.00546006 0.00547117 0.00549541 0.0055646 0.00569943 0.00558076 0.00575145 0.00577821 0.00577973 0.0057166 0.00576862 0.00574539 0.00571862 0.00572822 0.00566711 0.00575902 0.00561106 0.00568075 0.005605 0.0054737 0.00534341 0.00535805 0.00519898 0.00522574 0.00513838 0.00501718 0.00492173 0.00482225 0.00465812 0.00461873 0.00441724 0.00436724 0.00426826 0.00420211 0.00397839 0.00392133 0.00384507 0.00364408 0.00358904 0.00345067 0.0033224 0.00323655 0.00304465 0.00294769 0.00290426 0.00278154 0.00267903 0.00257045 0.00245885 0.00232452 0.00218867 0.00214423 0.0020498 0.0019387 0.00187002 0.00175185 0.00158116 0.00158924 0.00148925 0.00140138 0.00137512 0.00128674 0.00115797 0.00113777 0.00102515 0.00103323 0.0131972 
0.027678 0.00171498 0.001767 0.00190133 0.00189072 0.00201142 0.00215837 0.00222806 0.00233613 0.00242198 0.00253864 0.00255732 0.00268256 0.00281184 0.00289416 0.00309565 0.00305121 0.00327594 0.00331533 0.00336684 0.0035749 0.00362893 0.00366731 0.00378346 0.00387436 0.00391931 0.00401071 0.00414504 0.00429856 0.00441926 0.00437229 0.00448743 0.00452935 0.00465408 0.00472529 0.00465913 0.00477478 0.00483588 0.00490759 0.00494092 0.00496819 0.00496718 0.00502778 0.00502021 0.00504445 0.00503081 0.0051005 0.00505606 0.00501061 0.00503384 0.0049995 0.0049283 0.00483588 0.00480407 0.00482023 0.00478892 0.00467327 0.00454349 0.00453793 0.00449955 0.0044637 0.00431876 0.00430109 0.00422029 0.0041001 0.0039082 0.00384406 0.00372387 0.00376427 0.00358298 0.00354308 0.00339916 0.00329159 0.00315322 0.00314969 0.00304869 0.00295425 0.00282649 0.00275124 0.00259469 0.00253359 0.00245329 0.00227149 0.0021508 0.00213312 0.00207808 0.00198869 0.00188618 0.00173569 0.00168418 0.00159681 0.00155591 0.00145036 0.00140441 0.00135138 0.00129937 0.00117362 0.00114736 0.0010499 0.0010403 0.000958995 0.0132623 
0 0 0 0 0 0 0 0 0 0 0 0 0 0 0 0 0 0 0 0 0 0 0 0 0 0 0 0 0 0 0 0 0 0 0 0 0 0 0 0 0 0 0 0 0 0 0 0 0 0 0 0 0 0 0 0 0 0 0 0 0 0 0 0 0 0 0 0 0 0 0 0 0 0 0 0 0 0 0 0 0 0 0 0 0 0 0 0 0 0 0 0 0 0 0 0 0 0 0 0 0 0 
Per-collision Densities L:
0 0 0 0 0 0 0 0 0 0 0 0 0 0 0 0 0 0 0 0 0 0 0 0 0 0 0 0 0 0 0 0 0 0 0 0 0 0 0 0 0 0 0 0 0 0 0 0 0 0 0.237738 0.41073 0.337494 0.276357 0.226637 0.185849 0.152517 0.125171 0.10306 0.0841577 0.0694925 0.0567246 0.0466211 0.0383593 0.0311671 0.0256389 0.021005 0.017418 0.0141794 0.0116625 0.00958642 0.00784518 0.00645946 0.0051909 0.00438997 0.00352036 0.00294314 0.00237906 0.00194072 0.00164327 0.00128775 0.00109737 0.00090395 0.00074538 0.00058984 0.000471165 0.000384305 0.0003535 0.00028078 0.000235835 0.00017776 0.000155035 0.000111605 9.797e-05 8.2315e-05 6.666e-05 6.5145e-05 4.242e-05 3.1815e-05 3.131e-05 2.424e-05 0.00012928 
3.333e-05 4.545e-06 9.09e-06 1.0605e-05 1.515e-05 9.09e-06 1.6665e-05 2.323e-05 2.525e-05 3.2825e-05 4.242e-05 5.252e-05 5.252e-05 8.08e-05 7.979e-05 0.0001212 0.00012221 0.00016564 0.00022018 0.000245935 0.000295425 0.000360065 0.000441875 0.00053934 0.000638825 0.000800425 0.00100697 0.00117817 0.00141956 0.00173872 0.00218211 0.00267196 0.00318857 0.00387184 0.00468287 0.00582215 0.00701344 0.00859005 0.0104752 0.0128194 0.0154656 0.0188405 0.0230699 0.0280174 0.0346102 0.0418943 0.0511883 0.0626523 0.0760192 0.0926821 0.111833 0.128422 0.135206 0.135646 0.131569 0.124411 0.116206 0.106113 0.0961818 0.0863252 0.0774655 0.0678407 0.0604227 0.0527432 0.045959 0.0402359 0.0346167 0.0299238 0.0259156 0.0223008 0.0191526 0.016409 0.0139648 0.0119771 0.01015 0.00863348 0.00743108 0.00632412 0.00534846 0.00461671 0.00382437 0.00321685 0.0026962 0.00220938 0.00194476 0.0015857 0.00137613 0.00114433 0.000938795 0.00084941 0.00069286 0.00059186 0.00050803 0.000399455 0.000368145 0.00026361 0.000231795 0.00021412 0.00015756 0.000134835 0.000106555 0.000607515 
0.00018584 3.636e-05 4.6965e-05 5.252e-05 5.9085e-05 7.1205e-05 8.3325e-05 9.494e-05 0.000116655 0.000126755 0.000173215 0.00023129 0.00024442 0.00029189 0.000346935 0.000411575 0.000495405 0.00059186 0.000709525 0.00080194 0.00101707 0.00118423 0.0014236 0.00168468 0.00189678 0.00230735 0.00281386 0.00320322 0.00379306 0.00444249 0.00522675 0.00609687 0.00733715 0.00858096 0.0100621 0.0116271 0.0134886 0.015607 0.0184663 0.0211822 0.0244561 0.0279174 0.0320392 0.0364575 0.0413711 0.0466827 0.0526382 0.0585351 0.0648738 0.0703935 0.0761045 0.080447 0.0833997 0.0844613 0.085097 0.0838401 0.0817343 0.0781205 0.0745133 0.0704066 0.065847 0.0607288 0.055908 0.0511974 0.0466575 0.0423468 0.0381932 0.0343683 0.0305873 0.0273619 0.0243122 0.021366 0.0188688 0.0168539 0.0146187 0.0129724 0.0112307 0.00991568 0.00863146 0.00743259 0.00654076 0.0056353 0.00485305 0.00420867 0.00362136 0.00314363 0.00272902 0.00230886 0.00197708 0.0016862 0.00144582 0.00123978 0.00107969 0.00096051 0.000795375 0.000666095 0.000568125 0.000474195 0.00044036 0.00036764 0.00030704 0.00169125 
0.00052419 8.888e-05 0.000110595 0.00012221 0.000152005 0.000193415 0.000235835 0.000259065 0.000285325 0.000348955 0.00039693 0.000462075 0.00057671 0.00066357 0.000740835 0.000937785 0.00105697 0.00121251 0.00144026 0.0015655 0.00190638 0.0022523 0.00256692 0.0029689 0.00346733 0.00398849 0.00461166 0.00529139 0.00605243 0.00697153 0.0079684 0.00910566 0.0102808 0.0118372 0.0132568 0.0150293 0.0167594 0.0191365 0.0213438 0.0238633 0.0266413 0.0293339 0.0324892 0.0352596 0.0386648 0.04197 0.0451293 0.0483952 0.0514651 0.0542769 0.0571054 0.0592547 0.0606333 0.0615378 0.0615969 0.06151 0.0607025 0.0594062 0.0575028 0.0555212 0.0533255 0.0502945 0.0476488 0.0447935 0.0419413 0.0388966 0.0361918 0.0335376 0.0306081 0.0279765 0.0255788 0.0230634 0.0208782 0.0187931 0.0170665 0.0154242 0.0136502 0.0123356 0.0109787 0.0094839 0.00863853 0.00763055 0.00666196 0.00587063 0.00526665 0.00459954 0.00406626 0.0036456 0.00306636 0.0026861 0.00238108 0.00205939 0.00181497 0.00155894 0.00135744 0.00117261 0.00100546 0.000914555 0.0007676 0.000684275 0.000569135 0.00349763 
0.00119332 0.00020099 0.000202 0.0002727 0.00029391 0.00036158 0.000398445 0.00049187 0.00056257 0.0006464 0.000691345 0.000825675 0.00097162 0.00110646 0.00125291 0.00144329 0.00166802 0.00189072 0.0022321 0.00242552 0.00280881 0.00323756 0.00379356 0.00419756 0.00469448 0.00526008 0.00589739 0.00689578 0.0077361 0.00854713 0.00968742 0.0106964 0.0118362 0.0134375 0.0146293 0.0162499 0.0180103 0.019589 0.021508 0.0235855 0.0254813 0.0276275 0.0297561 0.0320392 0.0338567 0.0359888 0.0381169 0.0400339 0.0419382 0.0434527 0.0447885 0.0460287 0.0469377 0.0474963 0.0478553 0.0475952 0.047371 0.0467574 0.0458045 0.0447405 0.0430598 0.0417438 0.0398117 0.0381775 0.036156 0.0344385 0.0322968 0.0305459 0.028378 0.026259 0.024392 0.022578 0.0209232 0.0192072 0.0176311 0.0161201 0.0147127 0.0133088 0.0121594 0.0108772 0.00982831 0.00887689 0.00808 0.00710182 0.00645643 0.00572064 0.0050394 0.0044839 0.00404556 0.00366075 0.00325119 0.00282851 0.00253662 0.00227907 0.00196294 0.00170488 0.00159176 0.00132916 0.00114938 0.00103172 0.000921625 0.00597011 
0.0021306 0.000322695 0.000377235 0.00042016 0.00049995 0.000537825 0.000644885 0.000724675 0.00085446 0.000927685 0.00106353 0.00122008 0.00138673 0.00156247 0.00180437 0.00199677 0.0022523 0.00256692 0.00286992 0.00324816 0.00365519 0.00410969 0.00439047 0.00500051 0.00564691 0.00621554 0.00696597 0.00768408 0.0085542 0.0094132 0.0103505 0.0114029 0.0123609 0.0135532 0.0148652 0.0161317 0.0175563 0.0187729 0.0203308 0.0219029 0.0232618 0.0247001 0.0262974 0.0278886 0.0292284 0.0307601 0.0319241 0.0332553 0.0344299 0.0355419 0.0364408 0.03692 0.0374447 0.0379477 0.0383032 0.0379775 0.037973 0.0372988 0.0370968 0.0362767 0.0355712 0.0343733 0.0333755 0.0323513 0.030803 0.0295364 0.0283209 0.0269311 0.0254328 0.023884 0.0226477 0.0210802 0.0197859 0.0184471 0.0171124 0.0158095 0.0148046 0.0136613 0.0123967 0.0114004 0.0104166 0.00953491 0.00866934 0.0078174 0.00714323 0.00650036 0.00584841 0.00532321 0.00484598 0.00428846 0.00384911 0.00352743 0.0031007 0.00273054 0.00250884 0.0022922 0.00201293 0.00177306 0.00153217 0.00138269 0.00128775 0.00913192 
0.00339108 0.00046258 0.000529745 0.00060499 0.00070397 0.000756995 0.00086658 0.00102313 0.00107717 0.00120443 0.00146097 0.00156348 0.00177457 0.00195536 0.00219928 0.0024947 0.00280225 0.0031103 0.00337643 0.00374407 0.00416625 0.00458136 0.00512525 0.00564338 0.00621201 0.00674882 0.00739674 0.00818454 0.00892133 0.00954299 0.0105691 0.0114029 0.012268 0.0132159 0.0142031 0.0153909 0.0164913 0.0176058 0.018579 0.0197213 0.0207 0.0219569 0.0230588 0.0241228 0.0251222 0.0260333 0.0269357 0.0278386 0.0286779 0.0293481 0.0301202 0.0307166 0.0308787 0.0310216 0.0309328 0.0310787 0.031158 0.0309302 0.0305076 0.030354 0.0293935 0.0287289 0.0283022 0.0273493 0.0264691 0.025404 0.0243758 0.0235865 0.0222781 0.0213701 0.02035 0.0193844 0.0181401 0.0170634 0.0159004 0.0149783 0.0139885 0.0129694 0.0122437 0.0112231 0.0104257 0.00959702 0.00894608 0.0082209 0.00746592 0.00700183 0.00625342 0.00577468 0.00525907 0.00483083 0.00434755 0.0039385 0.00355823 0.00323756 0.00295274 0.00263913 0.00236744 0.00214221 0.00186699 0.00172357 0.00156348 0.0123498 
0.00473943 0.000636805 0.00069892 0.000747905 0.00091102 0.000947885 0.00106202 0.0012115 0.00132159 0.00156045 0.00165539 0.00191547 0.00207404 0.00229119 0.00256035 0.00288002 0.00308858 0.00345622 0.00372185 0.00417181 0.00452076 0.0049591 0.00535098 0.00584184 0.00645643 0.00687255 0.00750683 0.00805425 0.00867237 0.00948037 0.0102358 0.0109115 0.0115943 0.0125482 0.0134173 0.0140693 0.0149768 0.0157621 0.0166463 0.0175785 0.018436 0.0191592 0.0200677 0.0208898 0.0216524 0.0222513 0.0231275 0.0238259 0.0243657 0.0246778 0.0251076 0.0255212 0.0256681 0.0261363 0.0259631 0.0259424 0.0256944 0.0254813 0.0256737 0.0252843 0.024691 0.024541 0.0237264 0.0234754 0.0224159 0.0220443 0.0211782 0.0202889 0.0194299 0.0188092 0.0179108 0.0173079 0.0163686 0.0155692 0.0148248 0.0137951 0.0130537 0.012273 0.011459 0.0107121 0.0100561 0.00952531 0.00872741 0.00811434 0.0075846 0.00700688 0.00647259 0.00600445 0.00543784 0.0050596 0.00467176 0.00422837 0.00388295 0.00351581 0.00323049 0.00294415 0.00264974 0.0024038 0.00220281 0.00200182 0.00178821 0.0154697 
0.0063221 0.000729725 0.00084436 0.000932735 0.00106454 0.00116302 0.00128371 0.00142107 0.0015655 0.00177356 0.0019796 0.00210282 0.00229826 0.00253864 0.00278104 0.00297344 0.00333048 0.00367893 0.00397991 0.0043127 0.00457379 0.00504243 0.00549339 0.00582568 0.00629786 0.006868 0.00721898 0.0079482 0.0085446 0.00904657 0.00958036 0.0102167 0.0108474 0.011565 0.0122261 0.0128174 0.0135825 0.0142228 0.0149677 0.0156656 0.016004 0.0168493 0.0173069 0.0179336 0.0184012 0.0189057 0.0196925 0.0200813 0.0204747 0.0206555 0.0214176 0.0212716 0.0217796 0.0216837 0.0219226 0.0218443 0.0217579 0.0215317 0.0214883 0.0212827 0.0210045 0.0205495 0.0201485 0.0199682 0.0194501 0.0188416 0.0183785 0.0177745 0.0172054 0.0165054 0.015805 0.0152813 0.0145849 0.0140415 0.0132967 0.0126447 0.0121129 0.011512 0.01066 0.0102833 0.00939048 0.00890214 0.00845118 0.00796183 0.00736543 0.0068473 0.00649784 0.00596355 0.00547269 0.0051308 0.00474801 0.00433745 0.00402435 0.00378548 0.00336785 0.00314262 0.00287497 0.00264115 0.0023836 0.00220483 0.00200687 0.0184911 
0.00779367 0.000862035 0.00098374 0.0010807 0.00117817 0.00135441 0.00143067 0.00154985 0.0017064 0.00191395 0.00205889 0.00226442 0.00238916 0.00267852 0.00286588 0.00310272 0.00341481 0.0037466 0.00397688 0.00423594 0.00460459 0.0050293 0.00537674 0.00578276 0.0061206 0.00647208 0.00701849 0.00753258 0.00797193 0.00851279 0.00894103 0.00949653 0.00979549 0.0104479 0.0109994 0.0116271 0.0120867 0.0127119 0.0130088 0.0138552 0.0143011 0.0146642 0.0152465 0.0155863 0.0161039 0.0165054 0.0167286 0.0170836 0.0173957 0.0177624 0.0178795 0.0181063 0.0181482 0.0183088 0.0185184 0.0184264 0.0184881 0.0185168 0.0182446 0.0179053 0.0179613 0.0177038 0.017117 0.0170488 0.016765 0.0162681 0.0157838 0.0154116 0.0149531 0.014394 0.0139547 0.0134744 0.013076 0.0125578 0.0120655 0.0114347 0.0107393 0.0105722 0.00989245 0.00933038 0.00880417 0.0082916 0.00797294 0.00744219 0.00681447 0.00664782 0.00627564 0.00579841 0.00531563 0.00502324 0.00468842 0.00435512 0.00407788 0.00374407 0.00349056 0.00321534 0.00289264 0.00272751 0.00254167 0.00232906 0.00210939 0.0209994 
0.00915919 0.00097162 0.00108121 0.00117362 0.00126604 0.00140542 0.00149177 0.00168923 0.00189426 0.00191244 0.00215332 0.00235835 0.00250985 0.00272094 0.00295072 0.00311333 0.00338855 0.00360217 0.00387689 0.00424958 0.00452682 0.00475609 0.00517019 0.00548935 0.00578629 0.00623322 0.00676094 0.00684578 0.00734018 0.00784316 0.00816838 0.00862187 0.00917636 0.00933998 0.00989649 0.0103267 0.0108479 0.0112393 0.0116973 0.0120887 0.0123932 0.0128422 0.0132098 0.0135486 0.0139148 0.014243 0.0144521 0.0148233 0.0149788 0.0151046 0.0155257 0.0154424 0.0158196 0.0155899 0.0158151 0.0157121 0.0156833 0.0155919 0.015606 0.0154757 0.0152308 0.0150813 0.0148692 0.0147682 0.0144516 0.0140703 0.013737 0.0134522 0.0130159 0.0126856 0.0121857 0.0118337 0.0114484 0.0111332 0.0106944 0.0102151 0.009847 0.00942482 0.00901425 0.00865722 0.00816181 0.00781286 0.00746693 0.00699375 0.00665338 0.00620696 0.0058979 0.00551864 0.0051712 0.00482225 0.00449602 0.00431523 0.00396324 0.00371428 0.00344764 0.00323958 0.00297849 0.0027265 0.00260227 0.00240128 0.00217251 0.0231133 
0.0105363 0.00104788 0.00115241 0.00119837 0.00134532 0.00144935 0.00163974 0.0017165 0.0018584 0.00204424 0.00215635 0.00232401 0.002525 0.00273963 0.00293961 0.00314312 0.00325119 0.00364105 0.00383699 0.00408596 0.00426321 0.00464398 0.00486972 0.00512474 0.00558631 0.00589992 0.00611 0.00649935 0.00688012 0.00711091 0.00741997 0.00769267 0.0082618 0.00853147 0.00905465 0.00914101 0.00950966 0.00984952 0.0102667 0.0105298 0.0108418 0.0112423 0.0114519 0.0116958 0.0120554 0.0122917 0.0124013 0.0126664 0.0128416 0.0129679 0.0132376 0.0134194 0.0133068 0.0135431 0.0134088 0.0134527 0.0135774 0.0133653 0.0135401 0.0132002 0.0130558 0.0130583 0.0127785 0.0126962 0.012571 0.0121367 0.0119468 0.0114994 0.011459 0.0110868 0.010757 0.0104555 0.0100596 0.00971671 0.00955561 0.00903092 0.00879054 0.00855824 0.00812949 0.00781134 0.00741946 0.00709071 0.00673822 0.00648218 0.00613373 0.00582417 0.00546915 0.0051106 0.00500102 0.00457985 0.00434704 0.0041511 0.00378195 0.00362691 0.00339007 0.00325473 0.00291991 0.00269064 0.00253409 0.00235734 0.00221695 0.0249864 
0.011569 0.00109434 0.00117817 0.00132866 0.00137512 0.00151298 0.00162257 0.0017569 0.00186749 0.00197607 0.00217807 0.00233765 0.0024841 0.00264317 0.00285527 0.00302647 0.00326584 0.00335926 0.00371226 0.00385012 0.00407333 0.00434654 0.00459399 0.00488689 0.00501869 0.00538583 0.00558985 0.00604637 0.00608677 0.00654076 0.006817 0.0071301 0.00733361 0.00765277 0.00801334 0.00814363 0.00849713 0.00879912 0.00909152 0.00933543 0.00957278 0.00982528 0.00998638 0.0103798 0.0105742 0.0106984 0.0107439 0.0110004 0.0110509 0.0113115 0.0113741 0.0114489 0.0115216 0.0115776 0.0115756 0.0115731 0.0116443 0.0116468 0.0114569 0.0114074 0.0113453 0.0112161 0.0110898 0.0110231 0.0108833 0.0105893 0.0103434 0.0101682 0.00987831 0.00972681 0.00942381 0.00926625 0.00905465 0.00862237 0.00836684 0.00808909 0.00789921 0.00749016 0.00732149 0.00706041 0.00670034 0.00649582 0.00615494 0.00585952 0.00562823 0.00539492 0.00504041 0.00479144 0.00456268 0.00437886 0.00414757 0.00392688 0.00365974 0.00344562 0.00325119 0.00306838 0.00289618 0.00267044 0.00254268 0.00231341 0.00215938 0.0263403 
0.0126023 0.00113726 0.0011812 0.00128371 0.00139986 0.00152914 0.00164226 0.00169276 0.00181649 0.00199071 0.00211343 0.00221998 0.00240683 0.00258055 0.00279265 0.00286588 0.00310424 0.00324008 0.00348349 0.00356833 0.00390921 0.0040698 0.00426574 0.00446269 0.00470559 0.00493688 0.00515757 0.00547117 0.00566358 0.00587063 0.00617161 0.00643017 0.00662207 0.00687861 0.0071503 0.00726998 0.00756389 0.00778508 0.00802041 0.00824413 0.00840623 0.00858147 0.00891982 0.00893093 0.0091708 0.00933089 0.00935058 0.0095748 0.0096349 0.0097561 0.0098475 0.00989093 0.00995507 0.00993941 0.0100944 0.00987225 0.0101475 0.0101485 0.0100763 0.00972176 0.00984346 0.00966318 0.00955258 0.00945663 0.00942785 0.00932786 0.00900365 0.00892992 0.00876276 0.00847744 0.00834058 0.00799213 0.00791386 0.00769873 0.00740785 0.00718312 0.00702455 0.00679528 0.00659833 0.00631503 0.00619534 0.00579437 0.005656 0.00537472 0.00513989 0.00491113 0.00469297 0.00446774 0.00419857 0.00401728 0.00382588 0.00368953 0.00345774 0.00324665 0.00309414 0.00284921 0.00277397 0.00265226 0.00239219 0.00231745 0.00212605 0.0270448 
0.0132113 0.00113979 0.00122261 0.00130896 0.00138522 0.00147359 0.00153419 0.00169377 0.001767 0.00189981 0.00207404 0.00216342 0.00232048 0.00239017 0.00250026 0.00279467 0.00291385 0.00305121 0.00323503 0.00345168 0.00360772 0.00368903 0.00386275 0.00413696 0.00430664 0.00448087 0.00472731 0.00489244 0.00515757 0.00529341 0.00544845 0.00574034 0.00587214 0.00600294 0.00626756 0.00643522 0.00665237 0.00685487 0.00697405 0.00712353 0.00732099 0.0075952 0.00780326 0.00776135 0.00800173 0.00806485 0.00819918 0.00834563 0.00840876 0.00846279 0.00845471 0.00862086 0.00867641 0.00873802 0.00868499 0.00871075 0.0086855 0.00868853 0.00869964 0.00862742 0.00857793 0.00853299 0.0083724 0.00818403 0.00812141 0.00796789 0.00793557 0.00779821 0.00767247 0.00745835 0.00736947 0.00723312 0.00697708 0.00684023 0.00673367 0.00648572 0.00625645 0.00599082 0.00574236 0.00559389 0.00549996 0.00542825 0.00505505 0.00497678 0.0046859 0.00451723 0.00437633 0.00404051 0.00387234 0.00366125 0.00351632 0.00335421 0.00328806 0.00307293 0.00293102 0.00272347 0.00260227 0.0025144 0.0022826 0.00221998 0.00210383 0.0275483 
0.0139006 0.00115797 0.00116201 0.0013024 0.00128876 0.00145945 0.00156601 0.00163065 0.00176296 0.00185638 0.00194375 0.00205687 0.00216847 0.00235381 0.00242653 0.00252702 0.00268761 0.00289315 0.002979 0.00312848 0.00332644 0.00339057 0.0036562 0.00375619 0.00386931 0.003989 0.00421473 0.00443239 0.00456066 0.00474397 0.00500758 0.0051505 0.00533634 0.00542017 0.00556409 0.00573226 0.00593426 0.00617363 0.00618827 0.00634129 0.00646905 0.00654278 0.0067771 0.00692911 0.00692709 0.00708566 0.00722352 0.00732856 0.00723716 0.00741037 0.007524 0.00740734 0.00753713 0.00738664 0.00748814 0.00767247 0.00755632 0.00751036 0.00742956 0.00745582 0.00735886 0.00740684 0.00731442 0.00726089 0.00709424 0.00703768 0.00691901 0.00682407 0.00659328 0.00664126 0.00645138 0.00631402 0.00617817 0.00606859 0.00584033 0.00567418 0.00547925 0.00538229 0.00520201 0.00508182 0.00495102 0.00475811 0.00453187 0.00443946 0.00425109 0.00408646 0.00392436 0.00378144 0.00362691 0.00340572 0.0032618 0.00317494 0.00300374 0.00290022 0.00274518 0.00260227 0.00243663 0.0023129 0.00215938 0.00209373 0.00201243 0.0275361 
0.0141521 0.00108525 0.0012014 0.00125038 0.00125947 0.00144228 0.00143976 0.00154429 0.00162711 0.00173872 0.00186143 0.00190789 0.00211747 0.00214928 0.00227503 0.0024033 0.00248662 0.0026361 0.00272852 0.00286588 0.00295324 0.00311636 0.00333502 0.0034032 0.00351985 0.00370923 0.00390517 0.00400617 0.00415615 0.00416272 0.00446925 0.00457379 0.00464247 0.00473337 0.00501465 0.00512424 0.00524897 0.00540502 0.00555349 0.00550551 0.00561914 0.00568479 0.00592012 0.00601354 0.00608424 0.00627362 0.00627816 0.00630341 0.00632967 0.00652006 0.0064135 0.00659025 0.0065847 0.00665287 0.00658015 0.00666297 0.00661096 0.00654632 0.0064736 0.00651602 0.0065645 0.00652258 0.0063726 0.00629281 0.00617969 0.00616504 0.00607212 0.00597819 0.00584992 0.00579134 0.00565247 0.00556763 0.00541007 0.00533129 0.00518534 0.00504647 0.00491113 0.00477932 0.00471822 0.00451874 0.0043733 0.00424705 0.00407182 0.00401071 0.00387992 0.00371579 0.00355672 0.00342188 0.00328149 0.00321887 0.00301536 0.00282851 0.00276235 0.00270882 0.00251743 0.00237451 0.00228563 0.00221695 0.00207252 0.00196294 0.00180588 0.0272523 
0.0143774 0.00108727 0.00113272 0.00119534 0.0012423 0.00133169 0.00139582 0.00148874 0.00152712 0.00162863 0.00174074 0.00183214 0.00197556 0.00199324 0.00215282 0.00215635 0.00232048 0.00245582 0.00251945 0.00260984 0.00274165 0.00288658 0.00296738 0.0031002 0.00314716 0.00331432 0.00356227 0.00351228 0.00370115 0.00381831 0.00392638 0.00402586 0.00418393 0.00427079 0.00441017 0.00456015 0.00463338 0.00469852 0.004797 0.00492577 0.0050904 0.0051308 0.00519342 0.0052621 0.00538583 0.00544087 0.0055651 0.00558783 0.00549996 0.00565398 0.00570246 0.00572418 0.00573478 0.00577922 0.00570751 0.00576811 0.00574842 0.00579538 0.00573276 0.00570448 0.00566913 0.00568024 0.00560601 0.00564237 0.00541259 0.00539997 0.00528786 0.00525907 0.00516413 0.00504293 0.00501566 0.00487628 0.00479043 0.00468792 0.00458995 0.00450309 0.00441825 0.00431321 0.00421221 0.00403142 0.00395163 0.00382689 0.00372135 0.00357591 0.00338552 0.00331482 0.00325069 0.0030093 0.00302445 0.00289517 0.00275983 0.00261893 0.002474 0.00241289 0.00227654 0.0022518 0.00207404 0.00202101 0.00186093 0.00188618 0.0017372 0.0268115 
0.0143981 0.00103879 0.00108424 0.00114686 0.00120392 0.00126755 0.00128674 0.00135088 0.00144683 0.00158318 0.00162661 0.001717 0.00174882 0.00190587 0.00197102 0.00204071 0.00215029 0.00226998 0.00228614 0.00239118 0.0024543 0.00265024 0.00267852 0.00277245 0.00286638 0.00300122 0.00318201 0.00329058 0.00336633 0.00339562 0.00356934 0.00358651 0.00368044 0.00380316 0.0038885 0.00398092 0.00415767 0.00417635 0.00428796 0.00440613 0.00439249 0.00445562 0.00468236 0.00461722 0.00471266 0.00466065 0.00478993 0.00488285 0.00484901 0.00497122 0.0050096 0.00494193 0.00500607 0.00503485 0.00505909 0.00497173 0.0050293 0.00503738 0.00496264 0.00499243 0.00499496 0.00483891 0.00480104 0.00483134 0.00478134 0.00479346 0.00467984 0.00463186 0.00454702 0.00443643 0.00444653 0.00436522 0.00422029 0.0041102 0.00412939 0.00392335 0.00386073 0.00382134 0.00367287 0.00369408 0.00359106 0.00342138 0.00336229 0.00322241 0.00309111 0.00299718 0.00290274 0.00280831 0.00268206 0.00265529 0.00249874 0.00242552 0.00233159 0.00223311 0.002121 0.00200283 0.00203313 0.00185184 0.00179982 0.00165337 0.00164024 0.0260363 
0 0 0 0 0 0 0 0 0 0 0 0 0 0 0 0 0 0 0 0 0 0 0 0 0 0 0 0 0 0 0 0 0 0 0 0 0 0 0 0 0 0 0 0 0 0 0 0 0 0 0 0 0 0 0 0 0 0 0 0 0 0 0 0 0 0 0 0 0 0 0 0 0 0 0 0 0 0 0 0 0 0 0 0 0 0 0 0 0 0 0 0 0 0 0 0 0 0 0 0 0 0 
