Infinite rod, isotropic point source, isotropic scattering, exponential random flight, mu_t: 3
Analogmu_t c: 0.1 maxx: 10 dx: 0.19802 numsamples: 10000000 numCollisionOrders: 20 numMoments: 10
Collision density L:
0 0 0 0 0 0 0 0 0 0 0 0 0 0 0 0 0 0 0 0 0 0 0 1.515e-06 1.01e-06 1.01e-06 1.01e-06 5.05e-06 6.565e-06 8.585e-06 2.1715e-05 3.232e-05 5.9085e-05 0.00010504 0.00019796 0.000335825 0.00056459 0.00105141 0.00177457 0.00318958 0.00567721 0.0097157 0.0172786 0.0301369 0.0532194 0.0926296 0.164192 0.28828 0.504137 0.888801 0.689399 0.0234643 0.0133835 0.00755076 0.00436118 0.00244925 0.00142006 0.0007676 0.000467125 0.00026058 0.00015352 8.484e-05 4.343e-05 2.222e-05 1.3635e-05 5.555e-06 9.09e-06 2.525e-06 1.515e-06 1.01e-06 1.515e-06 0 0 0 0 0 0 0 0 0 0 0 0 0 0 0 0 0 0 0 0 0 0 0 0 0 0 0 0 0 0 0 
Collision density R:
0 0 0 0 0 0 0 0 0 0 0 0 0 0 0 0 0 0 0 0 0 0 0 0 0 0 0 0 0 1.01e-06 5.05e-07 0 1.515e-06 2.02e-06 4.04e-06 8.08e-06 1.6665e-05 2.9795e-05 4.5955e-05 7.979e-05 0.000147965 0.000254015 0.000456015 0.000788305 0.00136502 0.00249521 0.00426119 0.00747451 0.0132679 0.0232421 0.688708 0.889178 0.505539 0.288338 0.163748 0.0933689 0.0530432 0.0302424 0.0172998 0.00969247 0.00550551 0.00313504 0.00179225 0.00103273 0.000561055 0.00032219 0.00018483 0.00012019 6.3125e-05 3.5855e-05 1.919e-05 1.515e-05 3.535e-06 3.03e-06 2.525e-06 5.05e-07 1.01e-06 5.05e-07 0 0 0 0 0 0 0 0 0 0 0 0 0 0 0 0 0 0 0 0 0 0 0 0 
Density Moments:
1.11113 0.000105021 0.274272 -0.000307703 0.405827 -0.00188268 1.49627 -0.0226652 10.1587 -0.650945 
Per-collision Density Moments:
1 1.15047e-05 0.222203 -0.000147817 0.296382 -0.000159248 0.98994 0.00109111 6.18056 -0.118093 
0.0999938 8.95746e-05 0.0444138 -2.61847e-05 0.088464 -0.00046891 0.387991 -0.00776175 2.89652 -0.23836 
0.0100133 -2.10208e-06 0.00665642 -0.000144999 0.0176256 -0.00125093 0.0954738 -0.0124718 0.825586 -0.131202 
0.0010016 7.54845e-06 0.000872104 2.07425e-05 0.00286177 0.000126007 0.0194314 -0.00138937 0.223496 -0.129101 
0.0001046 -1.46056e-07 0.000109522 -3.60409e-06 0.000424523 -7.8191e-05 0.00294827 -0.0014343 0.0277398 -0.0238156 
1.11e-05 -1.01945e-06 1.51697e-05 -5.10176e-06 6.10772e-05 -5.17398e-05 0.000451789 -0.00071623 0.00464581 -0.0105188 
1e-06 -4.53258e-09 1.93637e-06 2.06303e-07 6.74763e-06 3.01293e-06 2.77695e-05 2.48209e-05 0.000127149 0.000167871 
1e-07 -1.60575e-07 2.57842e-07 -4.1403e-07 6.64827e-07 -1.06754e-06 1.71421e-06 -2.75258e-06 4.41995e-06 -7.09732e-06 
1e-07 -1.74487e-07 3.04459e-07 -5.31242e-07 9.26951e-07 -1.61741e-06 2.82218e-06 -4.92436e-06 8.59239e-06 -1.49926e-05 
0 0 0 0 0 0 0 0 0 0 
0 0 0 0 0 0 0 0 0 0 
0 0 0 0 0 0 0 0 0 0 
0 0 0 0 0 0 0 0 0 0 
0 0 0 0 0 0 0 0 0 0 
0 0 0 0 0 0 0 0 0 0 
0 0 0 0 0 0 0 0 0 0 
0 0 0 0 0 0 0 0 0 0 
0 0 0 0 0 0 0 0 0 0 
0 0 0 0 0 0 0 0 0 0 
0 0 0 0 0 0 0 0 0 0 
Per-collision Densities L:
0 0 0 0 0 0 0 0 0 0 0 0 0 0 0 0 0 0 0 0 0 0 0 1.01e-06 5.05e-07 0 1.01e-06 3.03e-06 2.02e-06 3.03e-06 1.4645e-05 1.4645e-05 3.7875e-05 5.6055e-05 0.00012322 0.000203515 0.000354005 0.000691345 0.00119332 0.00223816 0.00406879 0.00719625 0.0132305 0.0237815 0.0431962 0.0775579 0.141811 0.256453 0.462456 0.840746 0.649463 0 0 0 0 0 0 0 0 0 0 0 0 0 0 0 0 0 0 0 0 0 0 0 0 0 0 0 0 0 0 0 0 0 0 0 0 0 0 0 0 0 0 0 0 0 0 0 0 0 0 0 
0 0 0 0 0 0 0 0 0 0 0 0 0 0 0 0 0 0 0 0 0 0 0 0 5.05e-07 5.05e-07 0 1.515e-06 4.04e-06 4.04e-06 5.555e-06 9.595e-06 1.515e-05 3.5855e-05 5.5045e-05 9.999e-05 0.00015554 0.000274215 0.000466115 0.00076861 0.00131654 0.0021003 0.00343703 0.0054641 0.00872287 0.0133451 0.0200657 0.0289713 0.0383911 0.0447743 0.0369084 0.0209575 0.0116877 0.00631503 0.00355369 0.00195233 0.00110141 0.000570145 0.00035855 0.0001818 0.000105545 4.949e-05 2.9795e-05 1.414e-05 8.585e-06 3.535e-06 5.555e-06 5.05e-07 5.05e-07 0 1.01e-06 0 0 0 0 0 0 0 0 0 0 0 0 0 0 0 0 0 0 0 0 0 0 0 0 0 0 0 0 0 0 0 
0 0 0 0 0 0 0 0 0 0 0 0 0 0 0 0 0 0 0 0 0 0 0 0 0 5.05e-07 0 5.05e-07 5.05e-07 1.515e-06 1.515e-06 5.555e-06 4.545e-06 1.1615e-05 1.717e-05 2.626e-05 4.6965e-05 7.2215e-05 9.494e-05 0.000155035 0.000248965 0.00036057 0.00053833 0.000778205 0.0011615 0.00155944 0.00209626 0.00258964 0.00300273 0.00299415 0.00277144 0.00227654 0.00153217 0.00109282 0.000700435 0.000432785 0.000267145 0.00015958 8.8375e-05 6.3125e-05 4.0905e-05 2.828e-05 8.585e-06 6.565e-06 3.535e-06 1.01e-06 2.525e-06 1.515e-06 5.05e-07 5.05e-07 5.05e-07 0 0 0 0 0 0 0 0 0 0 0 0 0 0 0 0 0 0 0 0 0 0 0 0 0 0 0 0 0 0 0 
0 0 0 0 0 0 0 0 0 0 0 0 0 0 0 0 0 0 0 0 0 0 0 5.05e-07 0 0 0 0 0 0 0 5.05e-07 1.515e-06 1.515e-06 2.525e-06 5.05e-06 5.555e-06 1.212e-05 1.818e-05 2.4745e-05 3.838e-05 4.949e-05 6.4135e-05 9.6455e-05 0.000125745 0.000153015 0.00019695 0.00023937 0.00025149 0.000262095 0.00023432 0.00021109 0.00014746 0.000126755 9.292e-05 5.2015e-05 4.545e-05 3.131e-05 1.616e-05 1.2625e-05 7.07e-06 6.565e-06 4.545e-06 5.05e-07 5.05e-07 5.05e-07 1.01e-06 5.05e-07 0 5.05e-07 0 0 0 0 0 0 0 0 0 0 0 0 0 0 0 0 0 0 0 0 0 0 0 0 0 0 0 0 0 0 0 0 
0 0 0 0 0 0 0 0 0 0 0 0 0 0 0 0 0 0 0 0 0 0 0 0 0 0 0 0 0 0 0 1.515e-06 0 0 0 1.01e-06 2.525e-06 1.515e-06 2.02e-06 2.525e-06 3.535e-06 7.575e-06 6.565e-06 1.5655e-05 1.2625e-05 1.1615e-05 2.0705e-05 2.323e-05 3.3835e-05 2.3735e-05 1.818e-05 1.818e-05 1.515e-05 1.4645e-05 1.3635e-05 1.0605e-05 4.04e-06 4.545e-06 3.535e-06 3.03e-06 0 5.05e-07 5.05e-07 1.01e-06 5.05e-07 5.05e-07 0 0 5.05e-07 0 0 0 0 0 0 0 0 0 0 0 0 0 0 0 0 0 0 0 0 0 0 0 0 0 0 0 0 0 0 0 0 0 
0 0 0 0 0 0 0 0 0 0 0 0 0 0 0 0 0 0 0 0 0 0 0 0 0 0 0 0 0 0 0 5.05e-07 0 0 0 0 0 0 0 5.05e-07 1.01e-06 1.01e-06 1.515e-06 1.01e-06 5.05e-07 2.525e-06 1.515e-06 3.03e-06 2.02e-06 1.01e-06 3.03e-06 1.01e-06 1.01e-06 1.01e-06 5.05e-07 1.515e-06 2.02e-06 1.01e-06 5.05e-07 0 0 0 0 0 5.05e-07 0 0 0 0 0 0 0 0 0 0 0 0 0 0 0 0 0 0 0 0 0 0 0 0 0 0 0 0 0 0 0 0 0 0 0 0 0 
0 0 0 0 0 0 0 0 0 0 0 0 0 0 0 0 0 0 0 0 0 0 0 0 0 0 0 0 0 0 0 0 0 0 0 0 0 0 0 0 0 0 0 0 0 0 0 5.05e-07 0 0 1.01e-06 0 0 5.05e-07 0 0 0 1.01e-06 0 0 0 0 0 0 0 0 0 0 0 0 0 0 0 0 0 0 0 0 0 0 0 0 0 0 0 0 0 0 0 0 0 0 0 0 0 0 0 0 0 0 0 0 
0 0 0 0 0 0 0 0 0 0 0 0 0 0 0 0 0 0 0 0 0 0 0 0 0 0 0 0 0 0 0 0 0 0 0 0 0 0 0 0 0 0 5.05e-07 0 0 0 0 0 0 0 0 0 0 0 0 0 0 0 0 0 0 0 0 0 0 0 0 0 0 0 0 0 0 0 0 0 0 0 0 0 0 0 0 0 0 0 0 0 0 0 0 0 0 0 0 0 0 0 0 0 0 0 
0 0 0 0 0 0 0 0 0 0 0 0 0 0 0 0 0 0 0 0 0 0 0 0 0 0 0 0 0 0 0 0 0 0 0 0 0 0 0 0 0 5.05e-07 0 0 0 0 0 0 0 0 0 0 0 0 0 0 0 0 0 0 0 0 0 0 0 0 0 0 0 0 0 0 0 0 0 0 0 0 0 0 0 0 0 0 0 0 0 0 0 0 0 0 0 0 0 0 0 0 0 0 0 0 
0 0 0 0 0 0 0 0 0 0 0 0 0 0 0 0 0 0 0 0 0 0 0 0 0 0 0 0 0 0 0 0 0 0 0 0 0 0 0 0 0 0 0 0 0 0 0 0 0 0 0 0 0 0 0 0 0 0 0 0 0 0 0 0 0 0 0 0 0 0 0 0 0 0 0 0 0 0 0 0 0 0 0 0 0 0 0 0 0 0 0 0 0 0 0 0 0 0 0 0 0 0 
0 0 0 0 0 0 0 0 0 0 0 0 0 0 0 0 0 0 0 0 0 0 0 0 0 0 0 0 0 0 0 0 0 0 0 0 0 0 0 0 0 0 0 0 0 0 0 0 0 0 0 0 0 0 0 0 0 0 0 0 0 0 0 0 0 0 0 0 0 0 0 0 0 0 0 0 0 0 0 0 0 0 0 0 0 0 0 0 0 0 0 0 0 0 0 0 0 0 0 0 0 0 
0 0 0 0 0 0 0 0 0 0 0 0 0 0 0 0 0 0 0 0 0 0 0 0 0 0 0 0 0 0 0 0 0 0 0 0 0 0 0 0 0 0 0 0 0 0 0 0 0 0 0 0 0 0 0 0 0 0 0 0 0 0 0 0 0 0 0 0 0 0 0 0 0 0 0 0 0 0 0 0 0 0 0 0 0 0 0 0 0 0 0 0 0 0 0 0 0 0 0 0 0 0 
0 0 0 0 0 0 0 0 0 0 0 0 0 0 0 0 0 0 0 0 0 0 0 0 0 0 0 0 0 0 0 0 0 0 0 0 0 0 0 0 0 0 0 0 0 0 0 0 0 0 0 0 0 0 0 0 0 0 0 0 0 0 0 0 0 0 0 0 0 0 0 0 0 0 0 0 0 0 0 0 0 0 0 0 0 0 0 0 0 0 0 0 0 0 0 0 0 0 0 0 0 0 
0 0 0 0 0 0 0 0 0 0 0 0 0 0 0 0 0 0 0 0 0 0 0 0 0 0 0 0 0 0 0 0 0 0 0 0 0 0 0 0 0 0 0 0 0 0 0 0 0 0 0 0 0 0 0 0 0 0 0 0 0 0 0 0 0 0 0 0 0 0 0 0 0 0 0 0 0 0 0 0 0 0 0 0 0 0 0 0 0 0 0 0 0 0 0 0 0 0 0 0 0 0 
0 0 0 0 0 0 0 0 0 0 0 0 0 0 0 0 0 0 0 0 0 0 0 0 0 0 0 0 0 0 0 0 0 0 0 0 0 0 0 0 0 0 0 0 0 0 0 0 0 0 0 0 0 0 0 0 0 0 0 0 0 0 0 0 0 0 0 0 0 0 0 0 0 0 0 0 0 0 0 0 0 0 0 0 0 0 0 0 0 0 0 0 0 0 0 0 0 0 0 0 0 0 
0 0 0 0 0 0 0 0 0 0 0 0 0 0 0 0 0 0 0 0 0 0 0 0 0 0 0 0 0 0 0 0 0 0 0 0 0 0 0 0 0 0 0 0 0 0 0 0 0 0 0 0 0 0 0 0 0 0 0 0 0 0 0 0 0 0 0 0 0 0 0 0 0 0 0 0 0 0 0 0 0 0 0 0 0 0 0 0 0 0 0 0 0 0 0 0 0 0 0 0 0 0 
0 0 0 0 0 0 0 0 0 0 0 0 0 0 0 0 0 0 0 0 0 0 0 0 0 0 0 0 0 0 0 0 0 0 0 0 0 0 0 0 0 0 0 0 0 0 0 0 0 0 0 0 0 0 0 0 0 0 0 0 0 0 0 0 0 0 0 0 0 0 0 0 0 0 0 0 0 0 0 0 0 0 0 0 0 0 0 0 0 0 0 0 0 0 0 0 0 0 0 0 0 0 
0 0 0 0 0 0 0 0 0 0 0 0 0 0 0 0 0 0 0 0 0 0 0 0 0 0 0 0 0 0 0 0 0 0 0 0 0 0 0 0 0 0 0 0 0 0 0 0 0 0 0 0 0 0 0 0 0 0 0 0 0 0 0 0 0 0 0 0 0 0 0 0 0 0 0 0 0 0 0 0 0 0 0 0 0 0 0 0 0 0 0 0 0 0 0 0 0 0 0 0 0 0 
0 0 0 0 0 0 0 0 0 0 0 0 0 0 0 0 0 0 0 0 0 0 0 0 0 0 0 0 0 0 0 0 0 0 0 0 0 0 0 0 0 0 0 0 0 0 0 0 0 0 0 0 0 0 0 0 0 0 0 0 0 0 0 0 0 0 0 0 0 0 0 0 0 0 0 0 0 0 0 0 0 0 0 0 0 0 0 0 0 0 0 0 0 0 0 0 0 0 0 0 0 0 
0 0 0 0 0 0 0 0 0 0 0 0 0 0 0 0 0 0 0 0 0 0 0 0 0 0 0 0 0 0 0 0 0 0 0 0 0 0 0 0 0 0 0 0 0 0 0 0 0 0 0 0 0 0 0 0 0 0 0 0 0 0 0 0 0 0 0 0 0 0 0 0 0 0 0 0 0 0 0 0 0 0 0 0 0 0 0 0 0 0 0 0 0 0 0 0 0 0 0 0 0 0 
Per-collision Densities L:
0 0 0 0 0 0 0 0 0 0 0 0 0 0 0 0 0 0 0 0 0 0 0 0 0 0 0 0 0 0 0 0 0 0 0 0 0 0 0 0 0 0 0 0 0 0 0 0 0 0 0.648786 0.840688 0.463672 0.256401 0.141332 0.0780387 0.043023 0.023889 0.0132138 0.00719322 0.00396779 0.0021715 0.00121705 0.000691345 0.00034441 0.000206545 0.00011211 7.777e-05 3.838e-05 1.6665e-05 1.0605e-05 7.07e-06 2.02e-06 5.05e-07 2.02e-06 5.05e-07 5.05e-07 5.05e-07 0 0 0 0 0 0 0 0 0 0 0 0 0 0 0 0 0 0 0 0 0 0 0 0 
0 0 0 0 0 0 0 0 0 0 0 0 0 0 0 0 0 0 0 0 0 0 0 0 0 0 0 0 0 0 5.05e-07 0 1.01e-06 0 3.03e-06 4.545e-06 1.01e-05 1.7675e-05 3.0805e-05 5.5045e-05 0.00010706 0.00019089 0.00033027 0.000583275 0.00105343 0.00195587 0.00348804 0.00631048 0.0115802 0.0208328 0.0368539 0.0451253 0.0385229 0.0290289 0.0201126 0.0135694 0.00874357 0.00548228 0.00345117 0.00208161 0.00126099 0.000767095 0.0004646 0.000269165 0.00016766 8.8375e-05 5.8075e-05 2.8785e-05 1.6665e-05 1.515e-05 6.565e-06 5.555e-06 5.05e-07 2.525e-06 5.05e-07 0 0 0 0 0 0 0 0 0 0 0 0 0 0 0 0 0 0 0 0 0 0 0 0 0 0 0 
0 0 0 0 0 0 0 0 0 0 0 0 0 0 0 0 0 0 0 0 0 0 0 0 0 0 0 0 0 5.05e-07 0 0 5.05e-07 1.515e-06 1.01e-06 3.03e-06 5.05e-06 9.595e-06 1.313e-05 2.02e-05 3.2825e-05 4.5955e-05 0.000102515 0.000181295 0.000267145 0.000465105 0.00068175 0.00103929 0.0015049 0.00219675 0.00281386 0.00307495 0.00306081 0.00265479 0.00209777 0.00157661 0.0011307 0.00076861 0.000540855 0.000367135 0.000241895 0.00016867 9.1405e-05 5.9085e-05 4.04e-05 2.121e-05 1.414e-05 1.1615e-05 6.06e-06 3.03e-06 2.02e-06 1.515e-06 0 0 0 0 5.05e-07 0 0 0 0 0 0 0 0 0 0 0 0 0 0 0 0 0 0 0 0 0 0 0 0 0 
0 0 0 0 0 0 0 0 0 0 0 0 0 0 0 0 0 0 0 0 0 0 0 0 0 0 0 0 0 5.05e-07 0 0 0 5.05e-07 0 5.05e-07 1.515e-06 2.02e-06 1.515e-06 4.04e-06 7.07e-06 1.212e-05 1.9695e-05 1.919e-05 3.8885e-05 6.4135e-05 8.5345e-05 0.00011413 0.000162105 0.00019392 0.000229775 0.000260075 0.000258055 0.000229775 0.000185335 0.000173215 0.00013231 9.1405e-05 8.3325e-05 4.4945e-05 3.03e-05 2.525e-05 1.6665e-05 9.595e-06 8.08e-06 5.05e-06 5.05e-07 1.515e-06 1.515e-06 1.01e-06 0 1.01e-06 1.01e-06 0 0 0 0 0 0 0 0 0 0 0 0 0 0 0 0 0 0 0 0 0 0 0 0 0 0 0 0 0 
0 0 0 0 0 0 0 0 0 0 0 0 0 0 0 0 0 0 0 0 0 0 0 0 0 0 0 0 0 0 0 0 0 0 0 0 0 5.05e-07 5.05e-07 0 0 4.04e-06 2.525e-06 2.525e-06 5.05e-06 8.08e-06 5.05e-06 9.595e-06 2.02e-05 1.717e-05 2.323e-05 2.626e-05 2.2725e-05 2.2725e-05 1.919e-05 1.01e-05 1.2625e-05 9.595e-06 8.08e-06 5.05e-06 4.04e-06 2.525e-06 2.02e-06 3.535e-06 5.05e-07 5.05e-07 0 5.05e-07 5.05e-07 0 0 0 0 0 0 0 0 0 0 0 0 0 0 0 0 0 0 0 0 0 0 0 0 0 0 0 0 0 0 0 0 0 
0 0 0 0 0 0 0 0 0 0 0 0 0 0 0 0 0 0 0 0 0 0 0 0 0 0 0 0 0 0 0 0 0 0 0 0 0 0 0 5.05e-07 1.01e-06 0 5.05e-07 2.02e-06 5.05e-07 2.02e-06 1.01e-06 1.01e-06 5.05e-07 1.515e-06 1.515e-06 3.03e-06 2.525e-06 1.515e-06 1.01e-06 1.01e-06 1.01e-06 1.515e-06 2.525e-06 5.05e-07 5.05e-07 0 0 0 0 5.05e-07 0 0 0 0 0 0 0 0 0 0 0 0 0 0 0 0 0 0 0 0 0 0 0 0 0 0 0 0 0 0 0 0 0 0 0 0 
0 0 0 0 0 0 0 0 0 0 0 0 0 0 0 0 0 0 0 0 0 0 0 0 0 0 0 0 0 0 0 0 0 0 0 0 0 0 0 0 0 1.01e-06 5.05e-07 0 0 0 0 0 0 0 0 0 0 0 0 0 0 0 0 0 0 0 5.05e-07 0 0 0 0 0 0 0 0 0 0 0 0 0 0 0 0 0 0 0 0 0 0 0 0 0 0 0 0 0 0 0 0 0 0 0 0 0 0 0 
0 0 0 0 0 0 0 0 0 0 0 0 0 0 0 0 0 0 0 0 0 0 0 0 0 0 0 0 0 0 0 0 0 0 0 0 0 0 0 0 0 0 0 0 0 0 0 0 0 0 0 0 0 0 0 0 0 0 0 0 0 0 0 0 0 0 0 0 0 0 0 0 0 0 0 0 0 0 0 0 0 0 0 0 0 0 0 0 0 0 0 0 0 0 0 0 0 0 0 0 0 0 
0 0 0 0 0 0 0 0 0 0 0 0 0 0 0 0 0 0 0 0 0 0 0 0 0 0 0 0 0 0 0 0 0 0 0 0 0 0 0 0 0 0 0 0 0 0 0 0 0 0 0 0 0 0 0 0 0 0 0 0 0 0 0 0 0 0 0 0 0 0 0 0 0 0 0 0 0 0 0 0 0 0 0 0 0 0 0 0 0 0 0 0 0 0 0 0 0 0 0 0 0 0 
0 0 0 0 0 0 0 0 0 0 0 0 0 0 0 0 0 0 0 0 0 0 0 0 0 0 0 0 0 0 0 0 0 0 0 0 0 0 0 0 0 0 0 0 0 0 0 0 0 0 0 0 0 0 0 0 0 0 0 0 0 0 0 0 0 0 0 0 0 0 0 0 0 0 0 0 0 0 0 0 0 0 0 0 0 0 0 0 0 0 0 0 0 0 0 0 0 0 0 0 0 0 
0 0 0 0 0 0 0 0 0 0 0 0 0 0 0 0 0 0 0 0 0 0 0 0 0 0 0 0 0 0 0 0 0 0 0 0 0 0 0 0 0 0 0 0 0 0 0 0 0 0 0 0 0 0 0 0 0 0 0 0 0 0 0 0 0 0 0 0 0 0 0 0 0 0 0 0 0 0 0 0 0 0 0 0 0 0 0 0 0 0 0 0 0 0 0 0 0 0 0 0 0 0 
0 0 0 0 0 0 0 0 0 0 0 0 0 0 0 0 0 0 0 0 0 0 0 0 0 0 0 0 0 0 0 0 0 0 0 0 0 0 0 0 0 0 0 0 0 0 0 0 0 0 0 0 0 0 0 0 0 0 0 0 0 0 0 0 0 0 0 0 0 0 0 0 0 0 0 0 0 0 0 0 0 0 0 0 0 0 0 0 0 0 0 0 0 0 0 0 0 0 0 0 0 0 
0 0 0 0 0 0 0 0 0 0 0 0 0 0 0 0 0 0 0 0 0 0 0 0 0 0 0 0 0 0 0 0 0 0 0 0 0 0 0 0 0 0 0 0 0 0 0 0 0 0 0 0 0 0 0 0 0 0 0 0 0 0 0 0 0 0 0 0 0 0 0 0 0 0 0 0 0 0 0 0 0 0 0 0 0 0 0 0 0 0 0 0 0 0 0 0 0 0 0 0 0 0 
0 0 0 0 0 0 0 0 0 0 0 0 0 0 0 0 0 0 0 0 0 0 0 0 0 0 0 0 0 0 0 0 0 0 0 0 0 0 0 0 0 0 0 0 0 0 0 0 0 0 0 0 0 0 0 0 0 0 0 0 0 0 0 0 0 0 0 0 0 0 0 0 0 0 0 0 0 0 0 0 0 0 0 0 0 0 0 0 0 0 0 0 0 0 0 0 0 0 0 0 0 0 
0 0 0 0 0 0 0 0 0 0 0 0 0 0 0 0 0 0 0 0 0 0 0 0 0 0 0 0 0 0 0 0 0 0 0 0 0 0 0 0 0 0 0 0 0 0 0 0 0 0 0 0 0 0 0 0 0 0 0 0 0 0 0 0 0 0 0 0 0 0 0 0 0 0 0 0 0 0 0 0 0 0 0 0 0 0 0 0 0 0 0 0 0 0 0 0 0 0 0 0 0 0 
0 0 0 0 0 0 0 0 0 0 0 0 0 0 0 0 0 0 0 0 0 0 0 0 0 0 0 0 0 0 0 0 0 0 0 0 0 0 0 0 0 0 0 0 0 0 0 0 0 0 0 0 0 0 0 0 0 0 0 0 0 0 0 0 0 0 0 0 0 0 0 0 0 0 0 0 0 0 0 0 0 0 0 0 0 0 0 0 0 0 0 0 0 0 0 0 0 0 0 0 0 0 
0 0 0 0 0 0 0 0 0 0 0 0 0 0 0 0 0 0 0 0 0 0 0 0 0 0 0 0 0 0 0 0 0 0 0 0 0 0 0 0 0 0 0 0 0 0 0 0 0 0 0 0 0 0 0 0 0 0 0 0 0 0 0 0 0 0 0 0 0 0 0 0 0 0 0 0 0 0 0 0 0 0 0 0 0 0 0 0 0 0 0 0 0 0 0 0 0 0 0 0 0 0 
0 0 0 0 0 0 0 0 0 0 0 0 0 0 0 0 0 0 0 0 0 0 0 0 0 0 0 0 0 0 0 0 0 0 0 0 0 0 0 0 0 0 0 0 0 0 0 0 0 0 0 0 0 0 0 0 0 0 0 0 0 0 0 0 0 0 0 0 0 0 0 0 0 0 0 0 0 0 0 0 0 0 0 0 0 0 0 0 0 0 0 0 0 0 0 0 0 0 0 0 0 0 
0 0 0 0 0 0 0 0 0 0 0 0 0 0 0 0 0 0 0 0 0 0 0 0 0 0 0 0 0 0 0 0 0 0 0 0 0 0 0 0 0 0 0 0 0 0 0 0 0 0 0 0 0 0 0 0 0 0 0 0 0 0 0 0 0 0 0 0 0 0 0 0 0 0 0 0 0 0 0 0 0 0 0 0 0 0 0 0 0 0 0 0 0 0 0 0 0 0 0 0 0 0 
0 0 0 0 0 0 0 0 0 0 0 0 0 0 0 0 0 0 0 0 0 0 0 0 0 0 0 0 0 0 0 0 0 0 0 0 0 0 0 0 0 0 0 0 0 0 0 0 0 0 0 0 0 0 0 0 0 0 0 0 0 0 0 0 0 0 0 0 0 0 0 0 0 0 0 0 0 0 0 0 0 0 0 0 0 0 0 0 0 0 0 0 0 0 0 0 0 0 0 0 0 0 
