Infinite rod, isotropic point source, isotropic scattering, exponential random flight, mu_t: 3
Analogmu_t c: 0.7 maxx: 10 dx: 0.19802 numsamples: 10000000 numCollisionOrders: 20 numMoments: 10
Collision density L:
0 0 0 0 1.01e-06 5.05e-07 5.05e-07 5.05e-07 2.525e-06 3.535e-06 4.545e-06 6.565e-06 1.212e-05 1.01e-05 2.02e-05 2.424e-05 4.7975e-05 5.656e-05 6.666e-05 9.999e-05 0.000130795 0.00017574 0.000232805 0.00030502 0.00044642 0.000621655 0.00079184 0.00119382 0.00163923 0.00227452 0.00316282 0.00440966 0.00598425 0.00836634 0.0117387 0.0160302 0.0223604 0.0308151 0.0426185 0.0594335 0.0815605 0.113531 0.157594 0.218101 0.302012 0.417654 0.57981 0.801531 1.11176 1.53623 1.2645 0.449163 0.324021 0.23496 0.169438 0.122119 0.0884513 0.0637855 0.0460929 0.033281 0.024093 0.0173397 0.012524 0.00894507 0.00661146 0.00471872 0.00348248 0.00250783 0.00173468 0.00126402 0.000911525 0.000666095 0.000497425 0.00034542 0.00023836 0.000186345 0.00012827 0.000105545 8.8375e-05 4.8985e-05 3.2825e-05 2.7775e-05 7.07e-06 7.07e-06 6.565e-06 1.0605e-05 4.545e-06 3.535e-06 3.535e-06 5.05e-07 2.525e-06 1.515e-06 1.01e-06 5.05e-07 0 0 0 0 0 0 0 1.01e-06 
Collision density R:
0 0 0 0 0 5.05e-07 0 5.05e-07 0 1.01e-06 2.525e-06 1.01e-06 4.04e-06 1.01e-06 5.05e-06 6.565e-06 1.5655e-05 1.0605e-05 1.919e-05 3.1815e-05 3.5855e-05 5.4035e-05 6.565e-05 0.000101505 0.000126755 0.000180285 0.00024442 0.000325725 0.000498435 0.00065953 0.00092112 0.0012822 0.00174579 0.00250278 0.00337845 0.00468337 0.00646956 0.00902031 0.0124922 0.0175811 0.023989 0.0331881 0.045808 0.0634962 0.088373 0.122099 0.168791 0.234127 0.324336 0.449204 1.26433 1.53794 1.10947 0.802827 0.579471 0.418722 0.30241 0.218694 0.157991 0.113999 0.0820751 0.0594688 0.0425306 0.0309408 0.0223104 0.016155 0.0116539 0.00853905 0.00603677 0.00435664 0.00313353 0.00224877 0.00163923 0.00121301 0.00084436 0.000608525 0.000446925 0.000328755 0.000238865 0.00016564 0.00012019 8.888e-05 5.6055e-05 3.8885e-05 2.626e-05 2.525e-05 1.6665e-05 1.6665e-05 1.313e-05 5.555e-06 4.04e-06 2.02e-06 5.05e-06 3.03e-06 5.05e-07 5.05e-07 0 0 0 5.05e-07 5.05e-07 1.515e-06 
Density Moments:
3.33313 0.001497 2.46592 0.00325699 10.9416 -0.00185128 121.673 5.20047 2543.25 980.962 
Per-collision Density Moments:
1 1.30122e-05 0.222097 0.000252751 0.296109 0.00156908 0.98765 0.0151294 6.15214 0.210312 
0.700224 0.000186164 0.311045 0.000709094 0.622056 0.00595218 2.76139 0.0984567 21.3144 2.70432 
0.489989 -1.63232e-05 0.326506 -0.000549671 0.868724 -0.00499168 4.81338 0.0275656 45.1521 6.51993 
0.342893 -6.62367e-05 0.304363 -0.00109015 1.01136 -0.0174475 6.71871 -0.272781 73.2252 -2.74541 
0.239987 0.000156036 0.266113 -0.000278925 1.06011 -0.0147259 8.20052 -0.267409 101.636 -1.59763 
0.168033 0.000264214 0.223882 0.00113098 1.04135 0.00738997 9.189 0.194015 127.512 14.5035 
0.117579 0.000116345 0.182799 0.000116743 0.973001 -0.00397209 9.70669 -0.0463356 151.524 10.0265 
0.0822863 0.000155957 0.146213 0.000919009 0.877463 0.0118083 9.7594 0.171516 167.971 2.89805 
0.0575832 0.00015121 0.115052 0.00103026 0.767105 0.0203394 9.38687 0.452319 175.312 9.49529 
0.0403027 0.000180135 0.0893673 0.00187721 0.653934 0.0373995 8.71272 0.844637 175.298 17.5692 
0.0282599 0.000146886 0.0688895 0.00128646 0.55058 0.0261022 7.99296 0.797833 173.946 32.4574 
0.0197889 0.000134612 0.052799 0.00105398 0.459338 0.0224791 7.17493 0.847071 165.823 44.1855 
0.0138475 0.000113904 0.0400195 0.000781483 0.375384 0.0127211 6.33382 0.535587 160.013 36.8705 
0.0096885 2.35048e-05 0.0299162 -0.000647606 0.297853 -0.0340901 5.31924 -1.55029 141.373 -70.0318 
0.0068049 4.14226e-06 0.0224821 -0.000650258 0.238784 -0.033365 4.5434 -1.67169 129.29 -89.132 
0.0047647 -2.02968e-05 0.0169482 -0.000681868 0.194625 -0.0319874 4.0181 -1.45524 124.23 -67.0882 
0.0033217 6.76418e-06 0.0123961 -0.000522376 0.148184 -0.0236542 3.13613 -0.72345 98.3508 2.15399 
0.0023305 1.23861e-06 0.00923502 -0.000423586 0.118179 -0.0135175 2.67832 -0.110998 89.8554 37.8369 
0.0016149 1.39455e-05 0.00675364 -0.00015447 0.0916498 -0.00548497 2.20285 0.215708 79.8796 68.3449 
0 0 0 0 0 0 0 0 0 0 
Per-collision Densities L:
0 0 0 0 0 0 0 0 0 0 0 0 0 0 0 0 0 0 0 0 0 0 0 5.05e-07 0 1.01e-06 2.02e-06 3.03e-06 2.02e-06 4.04e-06 8.08e-06 1.717e-05 3.838e-05 5.959e-05 0.00011312 0.00021311 0.0003636 0.000668115 0.00118877 0.00223059 0.00403091 0.00721292 0.0130719 0.0237956 0.0430922 0.0776715 0.141709 0.255778 0.46439 0.840085 0.649157 0 0 0 0 0 0 0 0 0 0 0 0 0 0 0 0 0 0 0 0 0 0 0 0 0 0 0 0 0 0 0 0 0 0 0 0 0 0 0 0 0 0 0 0 0 0 0 0 0 0 0 
0 0 0 0 0 0 0 0 0 0 0 0 0 0 0 0 0 0 0 5.05e-07 0 0 0 5.05e-07 5.05e-07 3.03e-06 4.04e-06 9.09e-06 1.616e-05 2.2725e-05 4.545e-05 9.4435e-05 0.00013332 0.000240885 0.000380265 0.000670135 0.00113575 0.00193415 0.00318302 0.00543885 0.00892588 0.0147314 0.0239698 0.0384739 0.0607429 0.0939623 0.140902 0.201834 0.26989 0.312851 0.259345 0.146821 0.0813055 0.0448546 0.0247899 0.0136557 0.00756743 0.00418241 0.00235532 0.0012822 0.00070801 0.00039693 0.000196445 0.000125745 6.969e-05 3.838e-05 2.424e-05 1.01e-05 6.06e-06 3.535e-06 1.01e-06 2.02e-06 0 5.05e-07 5.05e-07 5.05e-07 0 0 0 0 0 0 0 0 0 0 0 0 0 0 0 0 0 0 0 0 0 0 0 0 0 0 
0 0 0 0 0 0 0 0 0 0 0 0 0 0 0 0 0 5.05e-07 0 5.05e-07 0 1.01e-06 1.515e-06 5.05e-06 5.555e-06 4.04e-06 1.313e-05 1.818e-05 3.939e-05 6.767e-05 0.00011817 0.0001818 0.00029088 0.00046359 0.000772145 0.00120746 0.00199071 0.00315272 0.00496011 0.00759571 0.011815 0.0179209 0.0269756 0.0391658 0.0558202 0.0767994 0.101665 0.127508 0.147754 0.152589 0.136857 0.106393 0.0753935 0.0510469 0.0334618 0.0210297 0.0132638 0.00821484 0.00495708 0.00306485 0.00183063 0.00108828 0.00064135 0.0003737 0.0002222 0.000133825 8.282e-05 4.9995e-05 2.02e-05 1.5655e-05 8.585e-06 5.05e-06 3.535e-06 5.05e-07 1.01e-06 5.05e-07 0 0 5.05e-07 0 0 0 0 0 0 0 0 0 0 0 0 0 0 0 0 0 0 0 0 0 0 0 
0 0 0 0 0 0 0 0 0 0 0 0 0 0 0 5.05e-07 5.05e-07 0 0 1.515e-06 5.05e-07 3.535e-06 4.545e-06 5.555e-06 1.01e-05 1.414e-05 2.4745e-05 4.343e-05 7.2215e-05 0.00013231 0.00017877 0.00028381 0.00044844 0.000707505 0.00113221 0.00162509 0.0025851 0.00380821 0.00568075 0.00840775 0.0120771 0.0172028 0.024092 0.0329467 0.0429795 0.0552172 0.0675569 0.0781427 0.0850339 0.0861737 0.0806212 0.0686926 0.054788 0.0414711 0.0301743 0.021409 0.0146667 0.00982225 0.00652561 0.00428796 0.00273963 0.00174579 0.00109838 0.00070296 0.00042824 0.0002727 0.00016362 0.00010201 5.858e-05 3.434e-05 1.616e-05 1.212e-05 8.08e-06 1.01e-06 1.515e-06 2.02e-06 5.05e-07 1.01e-06 0 5.05e-07 0 0 0 0 0 0 0 0 5.05e-07 0 0 0 0 0 0 0 0 0 0 0 0 0 
0 0 0 0 0 0 0 0 0 0 0 0 0 5.05e-07 0 0 0 5.05e-07 5.05e-07 3.535e-06 2.02e-06 4.04e-06 8.08e-06 1.0605e-05 1.6665e-05 2.8785e-05 3.8885e-05 7.1205e-05 0.000109585 0.000166145 0.000227755 0.000392385 0.000600445 0.000864055 0.00127311 0.00189123 0.00278609 0.00394001 0.00560601 0.00785174 0.0107105 0.0145566 0.0192905 0.024899 0.0312327 0.0374362 0.0437583 0.048834 0.0519837 0.0518554 0.0493678 0.0438093 0.0369796 0.0303485 0.0237077 0.0177927 0.0132285 0.00949552 0.00662964 0.00464903 0.00313403 0.00212858 0.00138724 0.00090698 0.00063731 0.00037976 0.000257045 0.000157055 9.898e-05 5.9085e-05 3.0805e-05 2.626e-05 1.3635e-05 1.111e-05 5.555e-06 1.01e-06 2.02e-06 1.515e-06 1.01e-06 1.515e-06 0 0 0 0 0 0 0 0 5.05e-07 0 0 0 0 0 0 0 0 0 0 0 0 0 
0 0 0 0 0 0 0 0 0 0 0 0 0 0 0 0 1.515e-06 5.05e-07 3.03e-06 3.535e-06 2.02e-06 7.07e-06 1.2625e-05 1.616e-05 2.5755e-05 3.7875e-05 5.2015e-05 9.6455e-05 0.000130795 0.00019493 0.00027169 0.00044642 0.000611555 0.000898395 0.0013635 0.00194728 0.00266691 0.00364156 0.0049788 0.00673822 0.00895567 0.0115685 0.0148263 0.017779 0.0216337 0.0251197 0.0286234 0.030952 0.0325826 0.0324932 0.0309651 0.0283633 0.0248758 0.0213484 0.0172907 0.013837 0.0106156 0.00800223 0.00598779 0.00431018 0.00317494 0.00218918 0.00153369 0.00103323 0.00069791 0.00048379 0.000345925 0.0002222 0.00014443 8.484e-05 6.06e-05 3.7875e-05 3.1815e-05 1.515e-05 7.575e-06 6.06e-06 5.05e-06 2.02e-06 2.525e-06 1.515e-06 5.05e-07 0 0 1.01e-06 0 0 0 0 0 0 0 0 0 0 0 0 0 0 0 0 0 0 
0 0 0 0 0 0 0 0 0 0 0 0 5.05e-07 0 5.05e-07 5.05e-07 1.01e-06 2.525e-06 3.03e-06 4.545e-06 5.555e-06 9.595e-06 1.7675e-05 2.0705e-05 3.3835e-05 5.1005e-05 6.06e-05 9.393e-05 0.00014948 0.00021917 0.000320675 0.00046965 0.00064236 0.00095748 0.00127664 0.00172963 0.00231947 0.00317544 0.00420514 0.0055247 0.00689275 0.00868701 0.0105747 0.012627 0.014746 0.0168736 0.0187087 0.0199924 0.0206434 0.0207757 0.0197354 0.0182941 0.0165766 0.0146248 0.0122185 0.0102353 0.00822039 0.00640088 0.00499597 0.00374761 0.00278811 0.00204677 0.00146299 0.0010403 0.000755985 0.000506515 0.00036764 0.00025149 0.00017372 0.00010605 7.3225e-05 4.6965e-05 3.333e-05 1.7675e-05 1.1615e-05 6.565e-06 5.05e-06 3.03e-06 5.05e-07 5.05e-07 5.05e-07 5.05e-07 0 5.05e-07 0 0 0 0 0 0 0 0 0 0 0 0 0 0 0 0 0 0 
0 0 0 0 0 0 0 0 0 0 5.05e-07 5.05e-07 0 0 5.05e-07 5.05e-07 3.535e-06 3.03e-06 1.515e-06 6.565e-06 1.111e-05 9.09e-06 8.585e-06 2.121e-05 3.131e-05 6.262e-05 8.383e-05 0.000104535 0.00015453 0.00022321 0.00031209 0.00045551 0.00062317 0.00079487 0.00115292 0.00151046 0.00201091 0.00261843 0.00330977 0.00423443 0.00510404 0.00636351 0.00750834 0.00883599 0.0101131 0.0113009 0.0122877 0.0129639 0.0133027 0.0133224 0.0128866 0.0121447 0.0111751 0.00992376 0.00862843 0.00725635 0.00604233 0.00485053 0.0039592 0.00299162 0.00232351 0.00174629 0.0013327 0.00095142 0.00073326 0.00051813 0.000374205 0.000255025 0.000183315 0.00011918 9.191e-05 5.2015e-05 3.535e-05 2.424e-05 1.616e-05 7.575e-06 1.0605e-05 4.545e-06 4.04e-06 1.01e-06 1.01e-06 1.01e-06 0 0 0 0 0 1.01e-06 0 0 0 0 0 0 0 0 0 0 0 0 0 0 
0 0 0 0 0 0 0 0 0 5.05e-07 0 0 0 0 1.01e-06 3.03e-06 1.515e-06 5.555e-06 4.04e-06 6.06e-06 9.595e-06 1.212e-05 1.5655e-05 2.727e-05 3.7875e-05 5.8075e-05 7.272e-05 0.000111605 0.0001616 0.00022119 0.000305525 0.000392385 0.00052217 0.000737805 0.00097667 0.00125038 0.0016155 0.00206091 0.00255126 0.00323099 0.00374104 0.00455813 0.0051914 0.00620443 0.00691547 0.00752753 0.00812141 0.00847996 0.00870671 0.00869206 0.00849713 0.00816737 0.00741694 0.00681599 0.00595547 0.00519645 0.00440966 0.00363297 0.00297647 0.00234623 0.00187759 0.00144127 0.00110747 0.000844865 0.000620645 0.00046561 0.000333805 0.00024442 0.0001616 0.00012625 8.7365e-05 6.161e-05 4.949e-05 2.5755e-05 2.1715e-05 1.1615e-05 8.08e-06 5.555e-06 5.05e-06 1.01e-06 1.01e-06 1.515e-06 1.01e-06 5.05e-07 0 5.05e-07 0 0 0 0 0 0 0 0 0 0 0 0 0 0 0 0 
0 0 0 0 0 0 0 0 0 5.05e-07 0 1.01e-06 0 5.05e-07 1.515e-06 1.515e-06 3.03e-06 3.535e-06 2.02e-06 7.575e-06 8.08e-06 1.515e-05 1.414e-05 2.5755e-05 4.646e-05 5.8075e-05 7.373e-05 0.000109585 0.000137865 0.000196445 0.00025149 0.000323705 0.000463085 0.00059792 0.00079386 0.00099586 0.0013029 0.00152056 0.00187002 0.00238108 0.002676 0.00323806 0.00372286 0.00416575 0.00471822 0.00509192 0.0053934 0.00563429 0.00581053 0.00581508 0.00562873 0.00537169 0.0050192 0.00455106 0.00413444 0.00352945 0.00315524 0.00269872 0.00218463 0.00180891 0.00145339 0.00115847 0.000906475 0.000711545 0.00056156 0.000413595 0.00030603 0.000221695 0.00014847 0.00012524 8.787e-05 6.363e-05 3.9895e-05 3.131e-05 1.7675e-05 9.595e-06 8.08e-06 9.09e-06 8.08e-06 5.555e-06 3.03e-06 1.515e-06 5.05e-07 5.05e-07 5.05e-07 5.05e-07 0 5.05e-07 0 0 0 0 5.05e-07 0 0 0 0 0 0 0 0 0 
0 0 0 0 0 0 0 0 0 0 5.05e-07 0 0 0 1.515e-06 2.525e-06 2.525e-06 5.555e-06 6.06e-06 8.585e-06 1.2625e-05 1.6665e-05 1.818e-05 2.9795e-05 3.131e-05 5.555e-05 7.373e-05 9.3425e-05 0.0001111 0.00016463 0.000231795 0.00030199 0.00037976 0.00046864 0.000644885 0.00078881 0.000944855 0.0011711 0.00142865 0.00170943 0.00195385 0.00227654 0.00259318 0.00285628 0.00314464 0.00345572 0.00357591 0.00375417 0.00382386 0.00375922 0.00366681 0.00364509 0.00338148 0.00312949 0.00284871 0.0024841 0.00220281 0.0018988 0.00159126 0.00133977 0.00111201 0.00089486 0.00072114 0.000531765 0.00043834 0.000356025 0.000274215 0.00020503 0.0001515 0.00010605 9.4435e-05 6.0095e-05 4.545e-05 3.535e-05 1.8685e-05 2.222e-05 1.414e-05 8.08e-06 7.575e-06 3.03e-06 2.02e-06 3.03e-06 5.05e-07 1.01e-06 1.01e-06 5.05e-07 5.05e-07 0 0 0 0 5.05e-07 0 0 0 0 0 0 0 0 0 0 
0 0 0 0 0 0 0 0 0 5.05e-07 5.05e-07 0 5.05e-07 0 1.01e-06 1.01e-06 5.05e-06 3.535e-06 6.06e-06 1.0605e-05 1.313e-05 1.2625e-05 2.222e-05 2.1715e-05 2.9795e-05 4.747e-05 5.656e-05 8.787e-05 0.0001111 0.000141905 0.000207555 0.00024745 0.00031108 0.000395415 0.000497425 0.000552975 0.000717605 0.00088274 0.00108878 0.0012019 0.00142006 0.00158116 0.00176952 0.00201243 0.00218261 0.00230987 0.00242451 0.00253106 0.00253864 0.0025447 0.00249773 0.00241087 0.00225028 0.00213464 0.00197203 0.00176952 0.00154631 0.00136098 0.00117463 0.00098576 0.00079386 0.000674175 0.00059388 0.000448945 0.000347945 0.000276235 0.00021311 0.00016665 0.000123725 9.393e-05 7.373e-05 5.3025e-05 4.6965e-05 2.2725e-05 2.222e-05 1.7675e-05 8.08e-06 8.585e-06 8.585e-06 3.535e-06 4.04e-06 1.515e-06 0 0 0 1.01e-06 5.05e-07 5.05e-07 0 0 0 0 0 0 0 0 0 0 0 0 0 0 
0 0 0 0 0 0 0 0 5.05e-07 5.05e-07 5.05e-07 5.05e-07 0 2.02e-06 5.05e-07 1.515e-06 5.05e-06 4.545e-06 3.535e-06 8.585e-06 1.3635e-05 1.414e-05 1.7675e-05 2.02e-05 2.828e-05 4.0905e-05 5.353e-05 6.8175e-05 9.898e-05 0.00011918 0.00015857 0.000192405 0.00021412 0.000302495 0.00037168 0.000426725 0.000542875 0.000631755 0.00074336 0.000842845 0.000961015 0.00110141 0.00126503 0.00135946 0.00147258 0.00157308 0.00168367 0.00164125 0.0016968 0.00169478 0.00170286 0.00161802 0.00152965 0.00145743 0.00131149 0.00127816 0.00107212 0.000962025 0.00080295 0.00068983 0.00060701 0.000498435 0.00043329 0.000346935 0.000296435 0.00021614 0.00017574 0.0001515 8.6355e-05 7.2215e-05 6.2115e-05 4.3935e-05 3.2825e-05 3.535e-05 2.222e-05 1.6665e-05 8.08e-06 1.0605e-05 7.575e-06 3.03e-06 3.535e-06 2.02e-06 1.01e-06 1.01e-06 0 2.02e-06 0 0 5.05e-07 0 0 5.05e-07 0 0 0 0 0 0 0 0 0 0 
0 0 0 0 0 0 0 0 5.05e-07 5.05e-07 5.05e-07 1.01e-06 1.01e-06 1.01e-06 1.515e-06 1.515e-06 2.525e-06 4.545e-06 7.07e-06 6.565e-06 1.01e-05 9.595e-06 1.4645e-05 2.0705e-05 2.8785e-05 3.4845e-05 3.6865e-05 6.2115e-05 7.1205e-05 8.4335e-05 0.00013029 0.000153015 0.000178265 0.00023735 0.000268155 0.000331785 0.00037269 0.00045854 0.000513585 0.000588325 0.00071104 0.000795375 0.000838805 0.00094738 0.00103929 0.00106454 0.00110797 0.00107919 0.00118221 0.00112666 0.00113827 0.00113322 0.00103424 0.00101101 0.00092213 0.000827695 0.000756995 0.000687305 0.000561055 0.000533785 0.000448945 0.00038885 0.00032219 0.00025452 0.00019695 0.00015049 0.0001414 0.00010605 8.383e-05 7.1205e-05 4.949e-05 4.9995e-05 3.2825e-05 2.2725e-05 1.8685e-05 1.414e-05 9.09e-06 8.585e-06 6.06e-06 4.04e-06 3.03e-06 2.02e-06 1.515e-06 5.05e-07 5.05e-07 2.02e-06 5.05e-07 0 0 5.05e-07 0 0 0 0 0 0 0 0 0 0 0 0 
0 0 0 0 5.05e-07 0 0 0 0 5.05e-07 1.515e-06 0 1.01e-06 5.05e-07 2.525e-06 2.02e-06 4.545e-06 4.04e-06 4.04e-06 7.07e-06 6.06e-06 8.08e-06 1.414e-05 1.4645e-05 2.1715e-05 2.6765e-05 2.9795e-05 4.141e-05 6.767e-05 8.1305e-05 0.000107565 0.00010706 0.000142915 0.00015857 0.000213615 0.000235835 0.00028886 0.000318655 0.000392385 0.00045854 0.00049288 0.00052924 0.00060499 0.000619635 0.000682255 0.000720635 0.00074841 0.000779215 0.00076457 0.000831735 0.000777195 0.00069993 0.00072518 0.000714575 0.000634785 0.00056762 0.000532775 0.00047571 0.00043935 0.00036158 0.00031209 0.00025452 0.00021513 0.000186345 0.00015554 0.000131805 0.000103525 8.6355e-05 6.2115e-05 5.555e-05 3.3835e-05 3.232e-05 2.525e-05 2.02e-05 1.616e-05 1.3635e-05 1.0605e-05 8.585e-06 4.04e-06 4.04e-06 2.525e-06 5.05e-07 0 5.05e-07 5.05e-07 5.05e-07 5.05e-07 5.05e-07 0 0 0 0 5.05e-07 0 0 0 0 0 0 0 0 0 
0 0 0 0 5.05e-07 0 0 0 5.05e-07 0 0 5.05e-07 5.05e-07 1.01e-06 3.03e-06 1.515e-06 2.02e-06 4.04e-06 2.525e-06 6.565e-06 5.05e-06 1.3635e-05 1.1615e-05 1.414e-05 2.1715e-05 2.323e-05 2.6765e-05 3.535e-05 5.7065e-05 5.6055e-05 7.7265e-05 0.000104535 0.000103525 0.00012019 0.00015251 0.000176245 0.00019897 0.00024139 0.000285325 0.00032421 0.00032118 0.00038885 0.00039794 0.000429755 0.00046662 0.000484295 0.00050601 0.00053934 0.000515605 0.00054237 0.0005151 0.000517625 0.00047571 0.00049389 0.000416625 0.000377235 0.0003737 0.000344915 0.00028381 0.000270175 0.000220685 0.0001919 0.000154025 0.000132815 0.00013231 9.999e-05 8.181e-05 7.07e-05 5.858e-05 4.242e-05 2.8785e-05 2.828e-05 2.424e-05 1.6665e-05 1.01e-05 1.7675e-05 6.06e-06 6.565e-06 7.07e-06 3.535e-06 2.525e-06 1.01e-06 0 5.05e-07 1.01e-06 5.05e-07 1.01e-06 0 0 0 0 0 0 5.05e-07 0 0 0 0 0 0 0 0 
0 0 0 0 0 0 0 5.05e-07 0 0 0 5.05e-07 5.05e-07 1.01e-06 2.02e-06 1.515e-06 2.525e-06 2.02e-06 4.04e-06 3.03e-06 6.06e-06 6.565e-06 1.0605e-05 1.2625e-05 1.919e-05 1.5655e-05 2.02e-05 3.5855e-05 3.2825e-05 4.646e-05 6.0095e-05 6.06e-05 6.666e-05 9.7465e-05 0.000103525 0.00013938 0.000139885 0.000171195 0.00018685 0.00021412 0.000223715 0.000257045 0.000285325 0.00030199 0.00032421 0.000311585 0.000338855 0.000350975 0.000369155 0.000337845 0.000355015 0.00031411 0.000332795 0.000318655 0.000288355 0.00027674 0.00025553 0.00023432 0.00019796 0.00017069 0.000170185 0.00014039 0.0001212 9.6455e-05 8.888e-05 7.676e-05 6.6155e-05 5.252e-05 4.444e-05 3.535e-05 2.828e-05 2.424e-05 1.6665e-05 1.313e-05 1.313e-05 9.09e-06 7.07e-06 2.525e-06 4.545e-06 1.01e-06 2.02e-06 1.515e-06 0 1.01e-06 5.05e-07 0 5.05e-07 0 5.05e-07 0 5.05e-07 5.05e-07 0 0 0 0 0 0 0 0 0 0 
0 0 0 0 0 0 5.05e-07 0 0 0 5.05e-07 5.05e-07 1.515e-06 5.05e-07 1.01e-06 1.515e-06 2.525e-06 2.02e-06 3.03e-06 4.04e-06 5.555e-06 7.07e-06 8.585e-06 7.07e-06 1.4645e-05 2.02e-05 1.6665e-05 2.626e-05 3.333e-05 3.535e-05 3.6865e-05 4.4945e-05 4.9995e-05 6.8175e-05 6.868e-05 9.2415e-05 0.000110595 0.000124735 0.00012928 0.00014241 0.00016867 0.000179275 0.000188365 0.00020907 0.00021412 0.0002424 0.00021311 0.00023028 0.000254015 0.00022523 0.00024947 0.00024341 0.000245935 0.00021109 0.00019998 0.000190385 0.00016362 0.00015352 0.00014746 0.0001313 0.00011615 9.2415e-05 9.1405e-05 7.6255e-05 6.7165e-05 5.6055e-05 4.6965e-05 4.444e-05 3.03e-05 2.2725e-05 2.1715e-05 1.5655e-05 1.414e-05 1.3635e-05 7.07e-06 8.08e-06 6.06e-06 4.04e-06 5.05e-06 4.545e-06 2.02e-06 1.01e-06 5.05e-07 0 1.515e-06 0 0 5.05e-07 5.05e-07 0 0 0 0 0 0 0 0 0 0 0 0 0 
0 0 0 0 0 5.05e-07 0 0 0 0 0 5.05e-07 1.515e-06 5.05e-07 1.01e-06 2.02e-06 1.515e-06 2.525e-06 3.535e-06 3.03e-06 4.04e-06 4.545e-06 5.05e-06 7.07e-06 1.313e-05 9.09e-06 1.5655e-05 2.02e-05 1.6665e-05 2.222e-05 2.626e-05 3.0805e-05 4.444e-05 5.555e-05 4.7975e-05 6.767e-05 7.9285e-05 8.5345e-05 7.777e-05 9.5445e-05 0.00011009 0.00012322 0.00013433 0.000141905 0.000167155 0.00015251 0.00016564 0.00016059 0.000164125 0.000153015 0.0001616 0.0001717 0.00016059 0.000160085 0.00015857 0.000128775 0.00011817 0.00011918 9.5445e-05 8.2315e-05 8.4335e-05 8.2315e-05 6.161e-05 5.05e-05 4.5955e-05 3.5855e-05 2.9795e-05 2.5755e-05 1.8685e-05 2.3735e-05 1.5655e-05 1.212e-05 1.0605e-05 8.585e-06 4.545e-06 5.555e-06 4.04e-06 4.545e-06 3.535e-06 3.03e-06 1.515e-06 2.525e-06 0 0 5.05e-07 0 5.05e-07 0 0 0 5.05e-07 0 0 0 0 0 0 0 0 0 0 0 
0 0 0 0 0 0 0 0 0 0 0 0 0 0 0 0 0 0 0 0 0 0 0 0 0 0 0 0 0 0 0 0 0 0 0 0 0 0 0 0 0 0 0 0 0 0 0 0 0 0 0 0 0 0 0 0 0 0 0 0 0 0 0 0 0 0 0 0 0 0 0 0 0 0 0 0 0 0 0 0 0 0 0 0 0 0 0 0 0 0 0 0 0 0 0 0 0 0 0 0 0 0 
Per-collision Densities L:
0 0 0 0 0 0 0 0 0 0 0 0 0 0 0 0 0 0 0 0 0 0 0 0 0 0 0 0 0 0 0 0 0 0 0 0 0 0 0 0 0 0 0 0 0 0 0 0 0 0 0.649448 0.840512 0.463177 0.256496 0.141543 0.0776609 0.0428568 0.023885 0.0132765 0.00731594 0.00403041 0.00221089 0.001161 0.00067468 0.00037875 0.000205535 0.000110595 6.868e-05 4.141e-05 1.6665e-05 1.01e-05 7.07e-06 1.515e-06 1.515e-06 1.01e-06 5.05e-07 5.05e-07 1.01e-06 0 0 0 0 0 0 0 0 0 0 0 0 0 0 0 0 0 0 0 0 0 0 0 0 
0 0 0 0 0 0 0 0 0 0 0 0 0 0 0 0 0 0 0 0 0 0 0 0 0 5.05e-07 0 1.01e-06 1.01e-06 1.01e-06 1.01e-06 2.02e-06 5.555e-06 1.0605e-05 1.9695e-05 2.9795e-05 6.363e-05 0.000107565 0.00023432 0.00040703 0.000712555 0.00126604 0.00230836 0.00412838 0.00745178 0.0138032 0.0247389 0.0449243 0.0814711 0.147219 0.259129 0.313643 0.269361 0.202105 0.141163 0.0942158 0.0606717 0.0383825 0.0240112 0.0148662 0.00903496 0.00533886 0.00316888 0.00195738 0.00118423 0.00069185 0.00040097 0.00023937 0.000137865 8.181e-05 4.0905e-05 2.4745e-05 1.515e-05 9.09e-06 4.545e-06 3.535e-06 2.02e-06 5.05e-07 5.05e-07 0 0 0 0 5.05e-07 0 0 0 0 0 0 0 0 0 0 0 0 0 0 0 0 0 0 
0 0 0 0 0 0 0 0 0 0 0 0 0 0 0 0 0 0 0 0 0 0 0 0 0 5.05e-07 1.01e-06 1.515e-06 4.04e-06 6.06e-06 5.555e-06 1.515e-05 2.626e-05 4.444e-05 7.575e-05 0.00012726 0.000230785 0.00038986 0.00061004 0.00107313 0.00185992 0.00307141 0.00493486 0.00809111 0.0133219 0.0211494 0.0333088 0.0510429 0.0754374 0.106029 0.137042 0.153297 0.147565 0.12785 0.101529 0.0768645 0.055852 0.0392345 0.0267413 0.0179073 0.0117983 0.00774973 0.00485709 0.00308707 0.00195082 0.00126806 0.00075649 0.000457025 0.00028987 0.00016867 0.00010706 5.5045e-05 4.444e-05 2.121e-05 1.1615e-05 9.595e-06 4.04e-06 2.02e-06 5.05e-07 5.05e-07 1.515e-06 0 0 5.05e-07 0 0 0 0 0 5.05e-07 0 0 0 0 0 0 0 0 0 0 0 0 
0 0 0 0 0 0 0 0 0 0 0 0 0 0 0 0 0 0 0 0 1.01e-06 0 0 5.05e-07 5.05e-07 2.02e-06 2.525e-06 4.545e-06 7.07e-06 1.717e-05 2.1715e-05 3.4845e-05 6.06e-05 0.000110595 0.000150995 0.000267145 0.00041208 0.000685285 0.00110646 0.00170337 0.00270024 0.0042112 0.00649228 0.00993487 0.014745 0.0213029 0.0301197 0.0412413 0.0547768 0.0685118 0.0801869 0.0862616 0.0854187 0.078074 0.0673034 0.0551117 0.0429422 0.0326467 0.0241001 0.0173776 0.0121675 0.00834715 0.00569438 0.00382285 0.00248359 0.00164428 0.00105747 0.000706495 0.00044137 0.000291385 0.000172205 0.000114635 7.0195e-05 4.04e-05 2.7775e-05 1.515e-05 8.585e-06 5.05e-06 3.03e-06 5.05e-07 3.03e-06 0 5.05e-07 5.05e-07 5.05e-07 0 0 0 0 0 0 0 0 0 0 0 0 0 0 0 0 0 
0 0 0 0 0 0 0 0 0 0 0 0 0 0 0 0 0 0 0 1.01e-06 0 1.01e-06 1.01e-06 1.01e-06 3.535e-06 3.03e-06 4.04e-06 6.06e-06 1.515e-05 2.626e-05 3.9895e-05 6.1105e-05 0.000102515 0.00018079 0.000247955 0.000359055 0.000572165 0.000929705 0.00135441 0.00220584 0.0031406 0.00461469 0.00664984 0.00949451 0.0131189 0.0179336 0.0236345 0.0302717 0.0371306 0.0440951 0.0493264 0.0517332 0.0516509 0.048783 0.0435618 0.0379614 0.0312822 0.0249682 0.0194688 0.0146248 0.0107383 0.0079689 0.00562166 0.00394001 0.00277296 0.00182911 0.00130038 0.000899405 0.0005656 0.00036562 0.00025149 0.00015251 0.000101 6.565e-05 3.7875e-05 2.2725e-05 1.6665e-05 9.595e-06 7.575e-06 3.535e-06 2.02e-06 2.02e-06 0 5.05e-07 5.05e-07 5.05e-07 5.05e-07 0 0 0 0 0 0 0 0 0 0 0 0 0 0 0 
0 0 0 0 0 0 0 0 0 0 0 0 0 0 5.05e-07 0 0 0 0 0 5.05e-07 1.01e-06 5.05e-07 2.525e-06 4.545e-06 4.545e-06 9.595e-06 1.5655e-05 2.525e-05 3.939e-05 6.1105e-05 8.686e-05 0.00014746 0.000229775 0.00031714 0.00047773 0.00069387 0.00106757 0.00151551 0.00224523 0.00310929 0.00426776 0.00587012 0.00801233 0.0106202 0.013732 0.0173084 0.0211772 0.0250071 0.0282709 0.0310787 0.0325069 0.0321887 0.0307656 0.0284805 0.0252414 0.0219175 0.0183265 0.0145975 0.0114888 0.00890113 0.00685285 0.00500556 0.00365418 0.00267398 0.00194274 0.00137461 0.00096758 0.000636805 0.000435815 0.000287345 0.000188365 0.00012726 9.696e-05 4.9995e-05 3.7875e-05 2.424e-05 1.0605e-05 1.0605e-05 4.545e-06 1.515e-06 2.02e-06 3.03e-06 5.05e-07 1.01e-06 0 0 1.01e-06 1.01e-06 0 0 0 0 0 0 0 0 0 0 0 0 0 
0 0 0 0 0 0 0 0 0 0 0 0 0 0 0 0 0 0 0 2.02e-06 1.01e-06 2.02e-06 2.525e-06 5.555e-06 7.07e-06 4.545e-06 1.212e-05 2.1715e-05 3.1815e-05 4.04e-05 6.767e-05 0.00011716 0.000166145 0.00023735 0.00035552 0.00054641 0.00074336 0.00104838 0.00147814 0.00205636 0.00276387 0.00378548 0.00500809 0.00629735 0.0082411 0.0101328 0.0123149 0.0144784 0.0165635 0.0185643 0.0199106 0.0206318 0.0207701 0.0200611 0.0186946 0.0169125 0.0149657 0.0126043 0.0106762 0.00870065 0.00691143 0.00539593 0.00420312 0.00324766 0.0023331 0.00174882 0.00126856 0.000935765 0.000641855 0.00048278 0.000325725 0.00023331 0.00014443 0.00010908 6.363e-05 4.8985e-05 3.0805e-05 2.0705e-05 1.313e-05 7.575e-06 7.07e-06 1.515e-06 3.03e-06 1.01e-06 1.01e-06 1.01e-06 0 5.05e-07 1.01e-06 5.05e-07 0 5.05e-07 0 0 0 0 0 0 0 0 0 0 
0 0 0 0 0 0 0 0 0 0 0 0 5.05e-07 0 0 0 0 0 1.01e-06 1.01e-06 2.525e-06 1.01e-06 2.525e-06 7.575e-06 7.575e-06 1.2625e-05 1.919e-05 2.02e-05 3.9895e-05 6.4135e-05 7.676e-05 0.00011716 0.000187355 0.0002626 0.000363095 0.000488335 0.00071609 0.00096859 0.00131502 0.00181144 0.00234472 0.00303556 0.00384204 0.00494698 0.00607869 0.00719575 0.00845269 0.00995961 0.0112191 0.0121766 0.0128709 0.0133371 0.0134179 0.0130457 0.0123372 0.0112782 0.0101904 0.00899961 0.00755733 0.00629584 0.00516716 0.00426119 0.00329866 0.0025856 0.00202101 0.0015251 0.00113575 0.00083325 0.00061206 0.000450965 0.000317645 0.00022927 0.000178265 0.00011009 9.292e-05 5.6055e-05 3.333e-05 2.222e-05 1.717e-05 1.111e-05 6.06e-06 4.545e-06 1.515e-06 3.03e-06 1.01e-06 2.525e-06 1.01e-06 5.05e-07 5.05e-07 0 5.05e-07 0 0 0 0 0 0 0 0 0 0 0 
0 0 0 0 0 0 0 0 0 0 5.05e-07 0 0 0 0 5.05e-07 0 0 5.05e-07 1.01e-06 1.01e-06 3.03e-06 1.515e-06 7.07e-06 6.565e-06 1.3635e-05 1.6665e-05 2.9795e-05 4.444e-05 6.363e-05 8.686e-05 0.000117665 0.000173215 0.00022624 0.000349965 0.000469145 0.00064438 0.000837795 0.00112161 0.00145137 0.001868 0.00236593 0.00296435 0.00356581 0.00432381 0.00510808 0.00591002 0.00674478 0.00744522 0.00809313 0.00844714 0.00873145 0.00868449 0.00853753 0.0081608 0.00756187 0.00692456 0.0061408 0.00538583 0.00451369 0.00381881 0.00312141 0.00258661 0.00205737 0.0016054 0.00127967 0.00097566 0.00073124 0.000541865 0.00039592 0.00032623 0.000212605 0.000158065 0.0001212 7.2215e-05 5.4035e-05 4.1915e-05 3.434e-05 1.7675e-05 1.3635e-05 9.595e-06 8.585e-06 6.565e-06 3.535e-06 1.515e-06 5.05e-07 1.515e-06 0 5.05e-07 0 0 0 5.05e-07 0 0 0 0 0 0 0 0 0 
0 0 0 0 0 0 0 0 0 0 0 0 5.05e-07 0 0 0 0 1.01e-06 1.01e-06 2.02e-06 2.02e-06 3.03e-06 5.05e-06 7.07e-06 6.565e-06 1.5655e-05 1.919e-05 2.6765e-05 4.1915e-05 5.8075e-05 8.8375e-05 0.00011918 0.000156045 0.000220685 0.000318655 0.00040198 0.0005454 0.000702455 0.000909 0.00118625 0.00146501 0.00181093 0.00219524 0.00261287 0.00307495 0.00358449 0.0041107 0.00455207 0.00502728 0.00524039 0.00550753 0.00568428 0.00577114 0.00559439 0.00549945 0.00509394 0.00475306 0.00422938 0.0037567 0.00326786 0.00274518 0.00233361 0.00188971 0.00157409 0.00124685 0.00100445 0.00078275 0.000614585 0.000465105 0.000343905 0.00024846 0.000216645 0.00014342 0.000117665 8.282e-05 5.8075e-05 4.141e-05 3.333e-05 1.919e-05 1.717e-05 1.1615e-05 4.545e-06 5.555e-06 4.04e-06 2.02e-06 5.05e-07 1.515e-06 0 5.05e-07 5.05e-07 0 0 0 0 0 0 0 0 0 0 0 0 
0 0 0 0 0 0 0 0 0 5.05e-07 0 0 0 5.05e-07 0 0 0 0 2.02e-06 2.525e-06 2.02e-06 1.515e-06 5.555e-06 5.555e-06 9.09e-06 1.7675e-05 1.818e-05 2.9795e-05 4.444e-05 4.7975e-05 7.9285e-05 0.00010706 0.000139885 0.00020099 0.000258055 0.00032825 0.000432785 0.000567115 0.000712555 0.00091405 0.00108222 0.00133472 0.00161398 0.0019084 0.00223715 0.00253308 0.00285729 0.00314817 0.00331634 0.00357237 0.00371579 0.00380821 0.00380871 0.0037163 0.00358954 0.0035148 0.00320524 0.00296233 0.00263762 0.00232502 0.00200889 0.001717 0.00143925 0.00117867 0.000970105 0.000780225 0.000608525 0.00048884 0.000360065 0.00028785 0.00020402 0.00017675 0.00012524 9.7465e-05 6.969e-05 4.8985e-05 3.939e-05 2.7775e-05 1.919e-05 1.818e-05 1.212e-05 1.1615e-05 3.03e-06 2.02e-06 2.525e-06 2.02e-06 5.05e-07 1.01e-06 1.01e-06 5.05e-07 5.05e-07 0 0 0 0 0 0 0 0 0 0 0 
0 0 0 0 0 0 0 0 0 0 0 0 0 0 0 5.05e-07 1.01e-06 1.01e-06 5.05e-07 2.525e-06 2.525e-06 4.04e-06 6.06e-06 6.06e-06 1.4645e-05 1.313e-05 2.7775e-05 2.8785e-05 3.1815e-05 5.252e-05 6.969e-05 0.000105545 0.000111605 0.00015756 0.000197455 0.000273205 0.00034441 0.000448945 0.000562065 0.00065448 0.000794365 0.00098071 0.00113524 0.00134936 0.00152813 0.00173518 0.00190638 0.00208565 0.00228513 0.00239825 0.00241643 0.00255934 0.00254116 0.00253005 0.00244319 0.00230886 0.00219877 0.00197758 0.00181497 0.00166095 0.00141956 0.00119433 0.00099788 0.00091203 0.000721645 0.000588325 0.000476215 0.00042622 0.00030704 0.00023937 0.00019695 0.00013837 0.00011009 8.5345e-05 5.8075e-05 4.545e-05 4.2925e-05 3.03e-05 2.7775e-05 1.414e-05 1.1615e-05 8.585e-06 3.535e-06 3.03e-06 2.525e-06 2.02e-06 5.05e-07 1.515e-06 5.05e-07 5.05e-07 0 5.05e-07 1.01e-06 0 0 0 0 0 0 0 0 0 
0 0 0 0 0 0 0 0 0 0 0 0 0 0 5.05e-07 0 5.05e-07 1.01e-06 2.02e-06 1.515e-06 2.525e-06 5.05e-06 4.04e-06 9.09e-06 1.0605e-05 1.212e-05 1.616e-05 2.1715e-05 3.939e-05 4.545e-05 6.5145e-05 8.8375e-05 0.000115645 0.000159075 0.000181295 0.00022523 0.00025957 0.00031007 0.000422685 0.000505505 0.00062721 0.000689325 0.00080598 0.00095647 0.00111908 0.00118372 0.00131906 0.0014342 0.00147006 0.00161954 0.00173619 0.00166145 0.00164226 0.00167307 0.00165691 0.00158722 0.00149379 0.00136704 0.00125846 0.00117009 0.00097869 0.00086557 0.000767095 0.000642865 0.000563075 0.000408545 0.000377235 0.00029896 0.00025048 0.000195435 0.00015958 0.00012019 0.00011009 7.272e-05 4.9995e-05 3.9895e-05 3.1815e-05 1.8685e-05 1.6665e-05 9.09e-06 1.1615e-05 1.01e-05 3.535e-06 3.03e-06 2.02e-06 3.535e-06 1.01e-06 1.01e-06 0 0 5.05e-07 0 1.01e-06 0 5.05e-07 0 0 0 0 0 0 0 
0 0 0 0 0 0 0 0 0 5.05e-07 0 0 5.05e-07 0 5.05e-07 0 1.515e-06 1.515e-06 2.02e-06 3.535e-06 3.535e-06 5.05e-06 5.05e-06 5.555e-06 6.565e-06 1.515e-05 2.0705e-05 1.717e-05 3.939e-05 3.1815e-05 5.9085e-05 5.656e-05 7.9285e-05 0.00012019 0.00014241 0.000174225 0.000215635 0.00024644 0.00031916 0.00037471 0.000449955 0.000505505 0.00057974 0.000675185 0.00080093 0.00080699 0.00086052 0.000977175 0.00102061 0.00106757 0.00111403 0.00116605 0.00109787 0.00117716 0.00111201 0.00106909 0.00102263 0.00093021 0.000830725 0.000773155 0.000732755 0.000601455 0.00055247 0.00044945 0.00039289 0.00033229 0.00028078 0.00023836 0.00019089 0.000139885 0.000126755 8.686e-05 6.9185e-05 4.949e-05 4.8985e-05 3.131e-05 2.626e-05 2.222e-05 1.4645e-05 7.07e-06 7.575e-06 5.555e-06 2.525e-06 2.525e-06 2.525e-06 5.05e-07 1.515e-06 1.01e-06 5.05e-07 5.05e-07 0 0 5.05e-07 5.05e-07 0 0 0 0 0 0 0 0 
0 0 0 0 0 0 0 0 0 0 5.05e-07 0 0 0 1.01e-06 5.05e-07 1.515e-06 0 5.05e-07 1.515e-06 5.555e-06 4.545e-06 4.545e-06 7.07e-06 7.07e-06 1.2625e-05 1.515e-05 2.121e-05 2.6765e-05 3.8885e-05 4.0905e-05 6.565e-05 6.1105e-05 8.5345e-05 0.000101 0.000118675 0.00016362 0.00018584 0.00023028 0.00027169 0.000314615 0.00037168 0.00040905 0.000472175 0.000534795 0.00061206 0.00060297 0.000671145 0.000677205 0.00073326 0.000747905 0.00078376 0.000744875 0.000749925 0.00076255 0.00077164 0.000662055 0.000640845 0.00058883 0.000527725 0.00049995 0.00046864 0.000385315 0.00033229 0.000295425 0.000244925 0.00021513 0.0001818 0.000145945 0.00012524 8.383e-05 6.767e-05 6.666e-05 4.8985e-05 3.2825e-05 3.232e-05 1.9695e-05 1.616e-05 1.2625e-05 9.09e-06 4.545e-06 4.545e-06 5.05e-06 3.03e-06 1.515e-06 1.01e-06 5.05e-07 2.02e-06 5.05e-07 0 1.01e-06 0 0 5.05e-07 0 0 0 0 0 0 0 0 
0 0 0 0 0 0 0 0 0 0 1.01e-06 5.05e-07 1.01e-06 0 5.05e-07 5.05e-07 2.525e-06 5.05e-07 1.01e-06 4.04e-06 2.525e-06 4.545e-06 2.02e-06 6.565e-06 5.05e-06 1.01e-05 1.1615e-05 1.212e-05 2.6765e-05 2.828e-05 3.0805e-05 4.343e-05 5.2015e-05 6.363e-05 7.878e-05 9.6455e-05 0.00011716 0.000138875 0.000166145 0.00022119 0.00021917 0.000271185 0.000297445 0.000304515 0.0003737 0.00040905 0.00042521 0.000450965 0.000477225 0.00051712 0.000535805 0.00050298 0.000521665 0.00050298 0.000519645 0.000478235 0.000452985 0.00044036 0.00043632 0.000330775 0.00034542 0.000322695 0.00026159 0.00024947 0.000215635 0.000176245 0.0001515 0.000130795 0.00010302 9.595e-05 6.2115e-05 6.262e-05 4.848e-05 3.9895e-05 2.727e-05 2.9795e-05 1.515e-05 1.515e-05 8.585e-06 8.585e-06 5.05e-06 2.02e-06 3.03e-06 3.03e-06 5.05e-07 1.515e-06 1.01e-06 2.02e-06 1.01e-06 1.01e-06 0 0 5.05e-07 0 0 5.05e-07 0 0 0 0 0 0 
0 0 0 0 0 0 0 5.05e-07 0 0 0 0 0 0 5.05e-07 2.525e-06 1.01e-06 1.01e-06 5.05e-07 2.02e-06 2.525e-06 5.05e-06 5.555e-06 6.06e-06 5.555e-06 8.08e-06 6.565e-06 1.515e-05 1.6665e-05 2.424e-05 2.3735e-05 3.03e-05 4.04e-05 4.3935e-05 6.666e-05 7.878e-05 7.575e-05 0.00010908 0.00012524 0.00015453 0.000158065 0.00018685 0.000206545 0.000213615 0.000238865 0.00028482 0.000299465 0.000315625 0.000325725 0.000366125 0.00035047 0.000368145 0.0003636 0.00037875 0.00033835 0.000345925 0.000310575 0.00031613 0.000248965 0.00027674 0.000248965 0.00021412 0.00019089 0.000162105 0.000147965 0.00013029 0.000113625 8.989e-05 8.08e-05 6.1105e-05 5.5045e-05 4.04e-05 3.03e-05 3.1815e-05 2.3735e-05 1.818e-05 1.414e-05 1.2625e-05 9.09e-06 7.07e-06 6.06e-06 4.545e-06 2.525e-06 1.01e-06 1.515e-06 1.01e-06 1.515e-06 5.05e-07 0 5.05e-07 0 0 0 0 0 0 0 0 0 5.05e-07 0 0 
0 0 0 0 0 0 0 0 0 0 0 5.05e-07 0 0 0 5.05e-07 1.01e-06 1.515e-06 1.515e-06 5.05e-07 5.05e-07 3.03e-06 4.04e-06 4.04e-06 7.07e-06 5.555e-06 1.1615e-05 1.1615e-05 1.414e-05 1.6665e-05 2.02e-05 2.828e-05 2.9795e-05 3.434e-05 3.737e-05 6.6155e-05 6.9185e-05 6.9185e-05 9.696e-05 9.595e-05 0.00010908 0.000128775 0.00015453 0.000162105 0.000158065 0.000176245 0.000201495 0.000227755 0.000235835 0.000237855 0.000244925 0.00023836 0.00024644 0.00025755 0.00023331 0.000224725 0.000226745 0.00019493 0.00018685 0.000180285 0.00017877 0.000156045 0.000136855 0.000123725 0.000101505 9.898e-05 6.969e-05 6.1105e-05 5.9085e-05 4.444e-05 4.343e-05 3.535e-05 2.525e-05 2.222e-05 1.9695e-05 8.585e-06 1.1615e-05 1.2625e-05 6.565e-06 1.01e-05 2.525e-06 3.535e-06 1.515e-06 1.515e-06 5.05e-07 5.05e-07 1.01e-06 2.02e-06 5.05e-07 0 0 5.05e-07 0 5.05e-07 0 0 0 0 0 0 5.05e-07 0 
0 0 0 0 0 0 0 0 0 0 5.05e-07 0 5.05e-07 0 0 0 0 1.01e-06 1.01e-06 5.05e-07 1.515e-06 2.02e-06 3.535e-06 4.545e-06 5.05e-06 8.585e-06 8.585e-06 8.585e-06 1.111e-05 1.515e-05 1.9695e-05 2.323e-05 1.9695e-05 2.6765e-05 2.828e-05 4.4945e-05 3.5855e-05 6.0095e-05 6.161e-05 7.272e-05 7.474e-05 8.08e-05 9.999e-05 0.000124735 0.000112615 0.000128775 0.00011413 0.00013938 0.000133825 0.00016766 0.00015453 0.000163115 0.00017069 0.000169175 0.000169175 0.000150995 0.000160085 0.00013736 0.00012423 0.00010706 0.00011514 0.000104535 9.09e-05 9.0395e-05 7.575e-05 7.4235e-05 5.353e-05 4.343e-05 4.242e-05 3.7875e-05 2.626e-05 2.525e-05 2.02e-05 1.818e-05 2.121e-05 1.1615e-05 9.595e-06 9.595e-06 4.545e-06 6.565e-06 4.04e-06 3.535e-06 1.01e-06 1.01e-06 1.515e-06 1.515e-06 0 1.515e-06 1.01e-06 0 0 0 0 0 0 0 0 0 0 0 0 5.05e-07 
0 0 0 0 0 0 0 0 0 0 0 0 0 0 0 0 0 0 0 0 0 0 0 0 0 0 0 0 0 0 0 0 0 0 0 0 0 0 0 0 0 0 0 0 0 0 0 0 0 0 0 0 0 0 0 0 0 0 0 0 0 0 0 0 0 0 0 0 0 0 0 0 0 0 0 0 0 0 0 0 0 0 0 0 0 0 0 0 0 0 0 0 0 0 0 0 0 0 0 0 0 0 
