Infinite rod, isotropic point source, isotropic scattering, exponential random flight, mu_t: 3
Analogmu_t c: 0.3 maxx: 10 dx: 0.19802 numsamples: 10000000 numCollisionOrders: 20 numMoments: 10
Collision density L:
0 0 0 0 0 0 0 0 0 0 0 0 0 0 0 0 0 5.05e-07 5.05e-07 5.05e-07 0 0 3.535e-06 2.525e-06 1.01e-06 5.05e-06 8.08e-06 1.7675e-05 2.828e-05 5.454e-05 7.979e-05 0.00012322 0.000208565 0.000357035 0.000577215 0.00093829 0.00157459 0.00261944 0.00423291 0.00709778 0.0117342 0.0189925 0.0311449 0.0512009 0.0843512 0.137976 0.228331 0.374535 0.613753 1.0117 0.793823 0.0900642 0.054838 0.0333694 0.0204747 0.0124755 0.00760884 0.00458035 0.00274367 0.00167256 0.00100142 0.00063428 0.000380265 0.000233815 0.000141905 8.5345e-05 5.9085e-05 4.04e-05 2.2725e-05 1.5655e-05 5.555e-06 4.04e-06 2.525e-06 2.02e-06 5.05e-07 0 5.05e-07 0 0 0 0 0 0 0 0 0 0 0 1.01e-06 0 0 0 0 0 0 0 0 0 0 0 0 0 
Collision density R:
0 0 0 0 0 0 0 0 0 0 0 0 0 0 0 0 0 0 0 0 0 0 0 5.05e-07 5.05e-07 5.05e-07 0 1.01e-06 5.05e-07 6.565e-06 4.04e-06 1.313e-05 2.5755e-05 3.0805e-05 5.3025e-05 8.5345e-05 0.00014544 0.000233815 0.00036764 0.000650945 0.00102515 0.00167913 0.0028381 0.00457278 0.0075043 0.0122826 0.0202808 0.0333648 0.0545935 0.089993 0.793738 1.01221 0.615476 0.375228 0.22773 0.138533 0.0844714 0.0512843 0.0314393 0.0190592 0.0115302 0.00706394 0.0042213 0.00260328 0.00159126 0.00098273 0.000602465 0.00035451 0.000207555 0.000135845 7.575e-05 5.4035e-05 2.424e-05 1.717e-05 1.212e-05 6.06e-06 5.555e-06 4.04e-06 1.01e-06 1.01e-06 0 0 0 5.05e-07 0 0 0 0 0 5.05e-07 0 0 0 0 0 0 0 0 0 0 0 0 
Density Moments:
1.42858 0.00044084 0.453918 0.00083097 0.865164 0.0145865 4.14065 0.504815 38.6037 23.985 
Per-collision Density Moments:
1 0.00010328 0.222168 8.02839e-05 0.295929 0.00140221 0.981643 0.0172364 5.99223 0.162979 
0.299904 0.000285406 0.133561 0.000529123 0.26811 0.00208705 1.20916 0.00552598 9.93189 -0.0763763 
0.0900672 5.2378e-05 0.0602118 0.000154131 0.161256 0.00354857 0.913918 0.144754 9.47382 7.78481 
0.02702 7.32797e-07 0.0239333 -0.000153329 0.0793808 -0.000858828 0.534911 0.0638527 6.3704 5.49207 
0.0081165 -9.36409e-06 0.0089834 3.43092e-06 0.0354192 0.00211723 0.27479 0.119498 3.81419 6.87117 
0.002436 1.13865e-05 0.00330399 9.70842e-05 0.01522 0.00208707 0.126152 0.0390937 1.51434 0.67357 
0.00073 3.50703e-06 0.0011555 2.8258e-05 0.00606763 0.00115774 0.0578608 0.0355066 0.820937 1.06085 
0.0002179 -4.60922e-07 0.000401574 4.98018e-05 0.00234488 0.00124784 0.0237447 0.0307841 0.352559 0.782451 
6.47e-05 -1.67909e-06 0.00013557 4.14989e-05 0.000947107 0.00133818 0.0117187 0.0334252 0.206662 0.816065 
2.05e-05 -3.42314e-06 4.63813e-05 -5.28597e-06 0.000357415 0.000300392 0.00489618 0.0113003 0.0924763 0.324152 
5.9e-06 -3.98557e-07 1.43172e-05 6.71916e-06 0.000120753 0.000158378 0.00180247 0.00382027 0.0338482 0.0930997 
1.2e-06 -2.63438e-07 2.28931e-06 -3.6308e-08 1.0294e-05 2.367e-06 5.24595e-05 2.20073e-05 0.00028209 0.000164596 
6e-07 -3.29454e-07 4.77307e-07 -7.17261e-07 1.09961e-06 -1.69164e-06 2.60831e-06 -4.02959e-06 6.23704e-06 -9.67134e-06 
2e-07 3.58615e-08 1.22151e-08 4.2648e-09 1.49001e-09 5.20577e-10 1.81879e-10 6.35446e-11 2.22012e-11 7.75662e-12 
1e-07 3.2544e-08 1.05911e-08 3.44676e-09 1.12171e-09 3.6505e-10 1.18802e-10 3.86628e-11 1.25824e-11 4.09481e-12 
0 0 0 0 0 0 0 0 0 0 
0 0 0 0 0 0 0 0 0 0 
0 0 0 0 0 0 0 0 0 0 
0 0 0 0 0 0 0 0 0 0 
0 0 0 0 0 0 0 0 0 0 
Per-collision Densities L:
0 0 0 0 0 0 0 0 0 0 0 0 0 0 0 0 0 0 0 0 0 0 0 5.05e-07 0 5.05e-07 1.01e-06 3.03e-06 1.01e-06 4.04e-06 1.5655e-05 1.515e-05 3.636e-05 5.2015e-05 0.000118675 0.00019594 0.000366125 0.000662055 0.0012216 0.0022321 0.00406172 0.00718262 0.013176 0.023838 0.0431467 0.0774912 0.142003 0.256265 0.462463 0.840698 0.649237 0 0 0 0 0 0 0 0 0 0 0 0 0 0 0 0 0 0 0 0 0 0 0 0 0 0 0 0 0 0 0 0 0 0 0 0 0 0 0 0 0 0 0 0 0 0 0 0 0 0 0 
0 0 0 0 0 0 0 0 0 0 0 0 0 0 0 0 0 0 5.05e-07 5.05e-07 0 0 5.05e-07 0 1.01e-06 1.515e-06 2.02e-06 3.535e-06 9.595e-06 1.212e-05 1.818e-05 3.03e-05 5.4035e-05 0.00011413 0.0001616 0.000283305 0.00047773 0.00080295 0.00139936 0.00234371 0.00390012 0.00635694 0.0102535 0.016414 0.0260605 0.0402475 0.0602657 0.0863676 0.115376 0.133902 0.110803 0.0628695 0.0349384 0.0191951 0.0106166 0.0059888 0.00326836 0.0017569 0.00099384 0.000529745 0.000297445 0.00016766 8.585e-05 5.252e-05 2.9795e-05 1.2625e-05 1.1615e-05 5.05e-06 3.535e-06 1.515e-06 1.01e-06 0 0 0 0 0 0 0 0 0 0 0 0 0 0 0 0 0 0 0 0 0 0 0 0 0 0 0 0 0 0 0 
0 0 0 0 0 0 0 0 0 0 0 0 0 0 0 0 0 5.05e-07 0 0 0 0 1.01e-06 0 0 1.01e-06 2.02e-06 3.03e-06 6.565e-06 1.5655e-05 1.8685e-05 3.737e-05 5.05e-05 8.787e-05 0.00013231 0.00021917 0.000371175 0.00061408 0.00087668 0.00140845 0.00220786 0.00333351 0.0048783 0.007171 0.0102566 0.0141339 0.0187148 0.0234855 0.0268923 0.0277972 0.0251344 0.0197379 0.0138072 0.00938088 0.00626806 0.0039082 0.00248208 0.00153773 0.000882235 0.00055651 0.000340875 0.000204525 0.000121705 7.373e-05 4.1915e-05 2.525e-05 1.4645e-05 1.212e-05 8.585e-06 3.535e-06 2.02e-06 1.01e-06 1.01e-06 5.05e-07 5.05e-07 0 5.05e-07 0 0 0 0 0 0 0 0 0 0 0 0 0 0 0 0 0 0 0 0 0 0 0 0 0 
0 0 0 0 0 0 0 0 0 0 0 0 0 0 0 0 0 0 0 0 0 0 1.515e-06 1.515e-06 0 5.05e-07 2.02e-06 3.03e-06 5.05e-06 1.1615e-05 1.5655e-05 2.0705e-05 4.1915e-05 4.6965e-05 8.787e-05 0.000125745 0.000201495 0.000330775 0.000435815 0.00068882 0.00095243 0.00134987 0.00188618 0.00256995 0.00338047 0.00435411 0.00534391 0.00615292 0.00663065 0.00691194 0.00636957 0.00539391 0.00434401 0.00332038 0.00239926 0.00167812 0.00117009 0.00079689 0.00051813 0.000327745 0.00020604 0.000137865 9.797e-05 4.9995e-05 2.7775e-05 1.6665e-05 1.5655e-05 7.575e-06 4.04e-06 4.04e-06 5.05e-07 1.515e-06 0 5.05e-07 0 0 0 0 0 0 0 0 0 0 0 0 0 0 5.05e-07 0 0 0 0 0 0 0 0 0 0 0 0 0 
0 0 0 0 0 0 0 0 0 0 0 0 0 0 0 0 0 0 0 0 0 0 0 5.05e-07 0 1.01e-06 5.05e-07 3.03e-06 2.525e-06 4.545e-06 6.06e-06 1.212e-05 1.515e-05 2.9795e-05 4.1915e-05 6.262e-05 9.0395e-05 0.000131805 0.00017574 0.00026765 0.000389355 0.000498435 0.00065145 0.00085244 0.00107515 0.0012418 0.00143269 0.00164479 0.00178518 0.00176094 0.00165337 0.00149026 0.00125341 0.00105394 0.000825675 0.00062418 0.000461065 0.000320675 0.0002222 0.000167155 9.1405e-05 7.4235e-05 4.444e-05 3.333e-05 2.1715e-05 1.7675e-05 5.05e-06 8.585e-06 3.03e-06 2.02e-06 5.05e-07 1.01e-06 5.05e-07 0 0 0 0 0 0 0 0 0 0 0 0 0 0 0 5.05e-07 0 0 0 0 0 0 0 0 0 0 0 0 0 
0 0 0 0 0 0 0 0 0 0 0 0 0 0 0 0 0 0 0 0 0 0 5.05e-07 0 0 0 0 1.01e-06 2.02e-06 5.05e-06 3.03e-06 5.05e-06 4.04e-06 1.6665e-05 1.8685e-05 3.333e-05 4.3935e-05 4.1915e-05 7.676e-05 0.000104535 0.00014847 0.00019089 0.00020806 0.00024543 0.000307545 0.000357035 0.00041713 0.00043632 0.00044137 0.000461065 0.00045248 0.00041713 0.00035552 0.000289365 0.00025149 0.00018887 0.00015352 0.000114635 8.181e-05 5.959e-05 3.737e-05 3.535e-05 1.9695e-05 1.3635e-05 1.313e-05 6.565e-06 6.06e-06 4.04e-06 3.03e-06 3.03e-06 5.05e-07 0 5.05e-07 5.05e-07 0 0 0 0 0 0 0 0 0 0 0 0 0 0 0 0 0 0 0 0 0 0 0 0 0 0 0 0 
0 0 0 0 0 0 0 0 0 0 0 0 0 0 0 0 0 0 0 0 0 0 0 0 0 5.05e-07 0 1.01e-06 1.515e-06 1.01e-06 2.02e-06 1.01e-06 4.545e-06 4.545e-06 1.0605e-05 9.09e-06 1.3635e-05 2.323e-05 2.9795e-05 3.3835e-05 5.1005e-05 5.7065e-05 6.5145e-05 7.676e-05 9.2415e-05 0.000103525 0.000109585 0.000128775 0.000117665 0.000120695 0.00012221 0.00010807 9.6455e-05 9.3425e-05 8.6355e-05 6.4135e-05 5.05e-05 3.9895e-05 2.828e-05 2.323e-05 1.7675e-05 8.08e-06 6.06e-06 8.08e-06 3.535e-06 3.535e-06 4.545e-06 2.02e-06 0 1.01e-06 1.01e-06 5.05e-07 0 5.05e-07 0 0 0 0 0 0 0 0 0 0 0 0 0 0 0 0 0 0 0 0 0 0 0 0 0 0 0 0 
0 0 0 0 0 0 0 0 0 0 0 0 0 0 0 0 0 0 0 0 0 0 0 0 0 0 5.05e-07 0 0 5.05e-07 0 1.01e-06 1.01e-06 4.04e-06 2.525e-06 5.555e-06 7.575e-06 8.585e-06 1.0605e-05 1.3635e-05 1.515e-05 1.5655e-05 2.121e-05 2.4745e-05 2.02e-05 3.636e-05 3.0805e-05 3.4845e-05 3.434e-05 3.5855e-05 3.737e-05 3.4845e-05 2.9795e-05 2.6765e-05 2.02e-05 1.2625e-05 1.818e-05 9.595e-06 1.111e-05 7.07e-06 4.545e-06 3.03e-06 3.535e-06 2.525e-06 2.525e-06 2.02e-06 1.01e-06 5.05e-07 5.05e-07 5.05e-07 0 0 5.05e-07 0 0 0 0 0 0 0 0 0 0 0 0 0 0 0 0 0 0 0 0 0 0 0 0 0 0 0 0 0 
0 0 0 0 0 0 0 0 0 0 0 0 0 0 0 0 0 0 0 0 0 0 0 0 0 0 0 0 0 0 0 0 5.05e-07 5.05e-07 2.02e-06 2.02e-06 2.525e-06 3.03e-06 4.545e-06 2.525e-06 6.565e-06 6.565e-06 3.03e-06 5.555e-06 8.585e-06 7.575e-06 7.07e-06 1.5655e-05 6.565e-06 9.595e-06 1.0605e-05 8.585e-06 9.09e-06 7.575e-06 5.555e-06 8.585e-06 4.545e-06 3.03e-06 5.05e-06 1.515e-06 3.535e-06 2.02e-06 5.05e-07 0 1.01e-06 5.05e-07 0 5.05e-07 0 0 0 0 0 0 0 0 0 0 0 0 0 0 0 0 0 0 0 0 0 0 0 0 0 0 0 0 0 0 0 0 0 0 
0 0 0 0 0 0 0 0 0 0 0 0 0 0 0 0 0 0 0 0 0 0 0 0 0 0 0 0 0 0 0 5.05e-07 5.05e-07 5.05e-07 1.01e-06 1.515e-06 0 1.01e-06 1.515e-06 1.515e-06 1.01e-06 5.05e-07 1.01e-06 2.525e-06 3.03e-06 2.525e-06 3.535e-06 2.02e-06 6.06e-06 2.525e-06 2.02e-06 3.03e-06 3.535e-06 2.02e-06 1.515e-06 1.01e-06 0 1.01e-06 1.01e-06 0 1.515e-06 1.01e-06 5.05e-07 0 5.05e-07 5.05e-07 5.05e-07 0 0 0 0 0 0 0 0 0 0 0 0 0 0 0 0 0 0 0 0 0 0 0 0 0 0 0 0 0 0 0 0 0 0 0 
0 0 0 0 0 0 0 0 0 0 0 0 0 0 0 0 0 0 0 0 0 0 0 0 0 0 0 0 0 0 5.05e-07 0 0 0 0 0 0 0 0 1.01e-06 0 5.05e-07 0 5.05e-07 0 5.05e-07 2.02e-06 1.515e-06 0 1.01e-06 5.05e-07 5.05e-07 0 0 0 1.01e-06 5.05e-07 0 0 0 5.05e-07 5.05e-07 0 0 0 0 0 0 0 0 0 0 0 0 0 0 0 0 0 0 0 0 0 0 0 0 0 0 0 0 0 0 0 0 0 0 0 0 0 0 0 0 
0 0 0 0 0 0 0 0 0 0 0 0 0 0 0 0 0 0 0 0 0 0 0 0 0 0 0 0 0 0 0 0 0 0 0 0 0 0 5.05e-07 0 5.05e-07 0 5.05e-07 0 0 0 5.05e-07 0 5.05e-07 0 0 0 0 0 0 0 0 0 0 0 5.05e-07 0 0 0 0 0 0 0 0 0 0 0 0 0 0 0 0 0 0 0 0 0 0 0 0 0 0 0 0 0 0 0 0 0 0 0 0 0 0 0 0 0 
0 0 0 0 0 0 0 0 0 0 0 0 0 0 0 0 0 0 0 0 0 0 0 0 0 0 0 0 0 0 0 0 0 0 0 0 0 0 0 0 0 0 5.05e-07 0 0 0 0 0 0 0 5.05e-07 5.05e-07 0 0 0 0 0 0 0 0 0 0 0 0 0 0 0 0 0 0 0 0 0 0 0 0 0 0 0 0 0 0 0 0 0 0 0 0 0 0 0 0 0 0 0 0 0 0 0 0 0 0 
0 0 0 0 0 0 0 0 0 0 0 0 0 0 0 0 0 0 0 0 0 0 0 0 0 0 0 0 0 0 0 0 0 0 0 0 0 0 0 0 0 0 0 0 0 0 0 0 0 0 5.05e-07 0 0 0 0 0 0 0 0 0 0 0 0 0 0 0 0 0 0 0 0 0 0 0 0 0 0 0 0 0 0 0 0 0 0 0 0 0 0 0 0 0 0 0 0 0 0 0 0 0 0 0 
0 0 0 0 0 0 0 0 0 0 0 0 0 0 0 0 0 0 0 0 0 0 0 0 0 0 0 0 0 0 0 0 0 0 0 0 0 0 0 0 0 0 0 0 0 0 0 0 0 0 0 0 5.05e-07 0 0 0 0 0 0 0 0 0 0 0 0 0 0 0 0 0 0 0 0 0 0 0 0 0 0 0 0 0 0 0 0 0 0 0 0 0 0 0 0 0 0 0 0 0 0 0 0 0 
0 0 0 0 0 0 0 0 0 0 0 0 0 0 0 0 0 0 0 0 0 0 0 0 0 0 0 0 0 0 0 0 0 0 0 0 0 0 0 0 0 0 0 0 0 0 0 0 0 0 0 0 0 0 0 0 0 0 0 0 0 0 0 0 0 0 0 0 0 0 0 0 0 0 0 0 0 0 0 0 0 0 0 0 0 0 0 0 0 0 0 0 0 0 0 0 0 0 0 0 0 0 
0 0 0 0 0 0 0 0 0 0 0 0 0 0 0 0 0 0 0 0 0 0 0 0 0 0 0 0 0 0 0 0 0 0 0 0 0 0 0 0 0 0 0 0 0 0 0 0 0 0 0 0 0 0 0 0 0 0 0 0 0 0 0 0 0 0 0 0 0 0 0 0 0 0 0 0 0 0 0 0 0 0 0 0 0 0 0 0 0 0 0 0 0 0 0 0 0 0 0 0 0 0 
0 0 0 0 0 0 0 0 0 0 0 0 0 0 0 0 0 0 0 0 0 0 0 0 0 0 0 0 0 0 0 0 0 0 0 0 0 0 0 0 0 0 0 0 0 0 0 0 0 0 0 0 0 0 0 0 0 0 0 0 0 0 0 0 0 0 0 0 0 0 0 0 0 0 0 0 0 0 0 0 0 0 0 0 0 0 0 0 0 0 0 0 0 0 0 0 0 0 0 0 0 0 
0 0 0 0 0 0 0 0 0 0 0 0 0 0 0 0 0 0 0 0 0 0 0 0 0 0 0 0 0 0 0 0 0 0 0 0 0 0 0 0 0 0 0 0 0 0 0 0 0 0 0 0 0 0 0 0 0 0 0 0 0 0 0 0 0 0 0 0 0 0 0 0 0 0 0 0 0 0 0 0 0 0 0 0 0 0 0 0 0 0 0 0 0 0 0 0 0 0 0 0 0 0 
0 0 0 0 0 0 0 0 0 0 0 0 0 0 0 0 0 0 0 0 0 0 0 0 0 0 0 0 0 0 0 0 0 0 0 0 0 0 0 0 0 0 0 0 0 0 0 0 0 0 0 0 0 0 0 0 0 0 0 0 0 0 0 0 0 0 0 0 0 0 0 0 0 0 0 0 0 0 0 0 0 0 0 0 0 0 0 0 0 0 0 0 0 0 0 0 0 0 0 0 0 0 
Per-collision Densities L:
0 0 0 0 0 0 0 0 0 0 0 0 0 0 0 0 0 0 0 0 0 0 0 0 0 0 0 0 0 0 0 0 0 0 0 0 0 0 0 0 0 0 0 0 0 0 0 0 0 0 0.648819 0.840867 0.46366 0.256642 0.14147 0.0777882 0.0430669 0.023839 0.0132669 0.00721898 0.00397132 0.0021816 0.00119887 0.000680235 0.00036461 0.00020705 0.000116655 7.777e-05 3.7875e-05 1.6665e-05 9.09e-06 7.575e-06 2.02e-06 1.01e-06 1.01e-06 0 5.05e-07 5.05e-07 0 0 0 0 0 0 0 0 0 0 0 0 0 0 0 0 0 0 0 0 0 0 0 0 
0 0 0 0 0 0 0 0 0 0 0 0 0 0 0 0 0 0 0 0 0 0 0 0 0 0 0 0 0 1.01e-06 5.05e-07 1.515e-06 3.535e-06 3.03e-06 8.585e-06 1.515e-05 2.5755e-05 4.646e-05 9.2415e-05 0.000182305 0.00030502 0.000542875 0.00101051 0.001767 0.00322089 0.00583477 0.0106025 0.0192945 0.0346132 0.0630053 0.111035 0.134208 0.115646 0.0865878 0.0603015 0.0405611 0.026156 0.0165822 0.0102949 0.00641906 0.00386477 0.00236593 0.00138269 0.000825675 0.00050702 0.000303 0.00017675 9.292e-05 5.3025e-05 3.8885e-05 1.9695e-05 1.3635e-05 5.555e-06 2.525e-06 1.01e-06 1.515e-06 2.02e-06 1.01e-06 0 0 0 0 0 5.05e-07 0 0 0 0 0 0 0 0 0 0 0 0 0 0 0 0 0 0 
0 0 0 0 0 0 0 0 0 0 0 0 0 0 0 0 0 0 0 0 0 0 0 0 5.05e-07 0 0 0 0 2.02e-06 5.05e-07 2.02e-06 7.575e-06 7.575e-06 1.3635e-05 2.727e-05 4.8985e-05 7.6255e-05 0.000107565 0.000208565 0.00033128 0.000538835 0.00094738 0.0015145 0.00243814 0.00389961 0.00612464 0.00943542 0.0138865 0.0195884 0.0252485 0.0279846 0.0270417 0.0236557 0.0186103 0.0140632 0.0103303 0.00708061 0.00497577 0.00331634 0.0021816 0.00144885 0.000894355 0.00057671 0.000370165 0.000224725 0.000149985 7.7265e-05 5.353e-05 3.3835e-05 2.121e-05 1.0605e-05 7.575e-06 3.535e-06 3.03e-06 1.515e-06 1.01e-06 0 0 5.05e-07 0 0 0 0 0 0 0 0 0 5.05e-07 0 0 0 0 0 0 0 0 0 0 0 0 
0 0 0 0 0 0 0 0 0 0 0 0 0 0 0 0 0 0 0 0 0 0 0 0 0 0 0 1.01e-06 0 2.02e-06 0 2.525e-06 4.04e-06 9.595e-06 1.0605e-05 1.8685e-05 2.929e-05 5.4035e-05 8.282e-05 0.0001313 0.00019998 0.0003232 0.000513585 0.00079891 0.00116807 0.0016357 0.00240532 0.00322645 0.00429755 0.00535654 0.0063832 0.00677256 0.0066862 0.00613575 0.00524948 0.00437684 0.00340168 0.00255833 0.00190436 0.0013529 0.000971115 0.00065044 0.000443895 0.00030098 0.000203515 0.00012423 8.08e-05 5.3025e-05 2.929e-05 2.3735e-05 1.1615e-05 9.595e-06 5.05e-06 4.04e-06 2.02e-06 2.02e-06 0 1.01e-06 0 0 0 0 0 0 0 0 0 0 0 0 0 0 0 0 0 0 0 0 0 0 0 0 
0 0 0 0 0 0 0 0 0 0 0 0 0 0 0 0 0 0 0 0 0 0 0 5.05e-07 0 5.05e-07 0 0 5.05e-07 1.515e-06 1.01e-06 4.545e-06 5.05e-06 6.06e-06 1.2625e-05 8.08e-06 2.0705e-05 3.4845e-05 4.7975e-05 7.272e-05 0.00010908 0.000162105 0.000240885 0.00032219 0.00045248 0.000624685 0.00077467 0.00100798 0.00129482 0.00146551 0.00165691 0.00171751 0.00178063 0.0015958 0.00152409 0.00122513 0.00104586 0.000840825 0.000671145 0.00049793 0.00035451 0.000250985 0.000178265 0.00013736 8.5345e-05 7.6255e-05 4.545e-05 2.8785e-05 1.7675e-05 1.4645e-05 7.07e-06 5.05e-06 2.525e-06 1.515e-06 1.515e-06 0 5.05e-07 0 0 5.05e-07 0 0 0 0 0 0 0 0 0 0 0 0 0 0 0 0 0 0 0 0 0 0 
0 0 0 0 0 0 0 0 0 0 0 0 0 0 0 0 0 0 0 0 0 0 0 0 0 0 0 0 0 0 1.01e-06 2.02e-06 2.525e-06 2.525e-06 4.545e-06 1.01e-05 1.212e-05 1.313e-05 2.424e-05 3.03e-05 4.8985e-05 6.7165e-05 8.282e-05 0.00011918 0.00015554 0.00018887 0.000272195 0.000279265 0.000351985 0.00042319 0.000433795 0.000476215 0.0004848 0.000445915 0.00041814 0.00037067 0.000330775 0.00026765 0.00023634 0.00017372 0.00013029 0.00010706 7.7265e-05 4.747e-05 3.7875e-05 2.727e-05 1.9695e-05 1.717e-05 1.1615e-05 4.04e-06 3.03e-06 5.05e-06 1.515e-06 3.03e-06 5.05e-07 1.01e-06 5.05e-07 0 0 0 0 0 0 0 0 0 0 0 0 0 0 0 0 0 0 0 0 0 0 0 0 0 
0 0 0 0 0 0 0 0 0 0 0 0 0 0 0 0 0 0 0 0 0 0 0 0 0 0 0 0 0 0 1.01e-06 5.05e-07 2.02e-06 1.515e-06 2.02e-06 3.03e-06 5.555e-06 4.545e-06 7.07e-06 1.818e-05 1.8685e-05 2.828e-05 2.5755e-05 3.7875e-05 4.5955e-05 6.868e-05 7.777e-05 8.484e-05 0.000101505 0.00010807 0.00011615 0.00013433 0.000134835 0.00012221 0.00011615 0.00010605 0.000101 8.2315e-05 6.4135e-05 5.858e-05 3.5855e-05 4.141e-05 3.03e-05 2.1715e-05 1.313e-05 1.3635e-05 6.06e-06 5.555e-06 2.525e-06 3.03e-06 3.03e-06 5.05e-07 0 1.01e-06 1.01e-06 0 0 0 1.01e-06 0 0 0 0 0 0 0 0 0 0 0 0 0 0 0 0 0 0 0 0 0 0 0 
0 0 0 0 0 0 0 0 0 0 0 0 0 0 0 0 0 0 0 0 0 0 0 0 0 0 0 0 0 0 0 0 1.01e-06 5.05e-07 5.05e-07 1.01e-06 1.515e-06 2.525e-06 3.03e-06 4.545e-06 9.09e-06 9.09e-06 1.0605e-05 9.09e-06 1.313e-05 2.323e-05 1.616e-05 2.626e-05 3.232e-05 3.5855e-05 2.929e-05 3.3835e-05 3.1815e-05 3.131e-05 2.8785e-05 2.8785e-05 3.232e-05 2.3735e-05 1.818e-05 1.717e-05 1.414e-05 1.414e-05 1.212e-05 9.595e-06 6.565e-06 4.04e-06 5.05e-06 1.01e-06 1.515e-06 5.05e-07 1.01e-06 1.01e-06 0 0 5.05e-07 0 0 1.01e-06 0 0 0 0 0 0 0 0 0 0 0 0 0 0 0 0 0 0 0 0 0 0 0 0 
0 0 0 0 0 0 0 0 0 0 0 0 0 0 0 0 0 0 0 0 0 0 0 0 0 0 0 0 0 0 0 0 0 0 5.05e-07 2.02e-06 5.05e-07 2.02e-06 1.515e-06 1.515e-06 2.02e-06 4.04e-06 3.03e-06 2.02e-06 7.07e-06 4.04e-06 6.06e-06 7.07e-06 1.1615e-05 7.575e-06 1.01e-05 1.212e-05 6.06e-06 8.585e-06 8.585e-06 9.595e-06 5.05e-06 7.07e-06 5.555e-06 2.525e-06 4.04e-06 2.02e-06 2.525e-06 2.525e-06 2.525e-06 1.515e-06 2.02e-06 1.01e-06 5.05e-07 5.05e-07 0 1.01e-06 0 5.05e-07 5.05e-07 0 5.05e-07 5.05e-07 0 0 0 0 0 0 0 0 0 0 0 0 0 0 0 0 0 0 0 0 0 0 0 0 
0 0 0 0 0 0 0 0 0 0 0 0 0 0 0 0 0 0 0 0 0 0 0 0 0 0 0 0 0 0 0 0 0 0 0 0 5.05e-07 0 1.01e-06 1.01e-06 1.01e-06 3.03e-06 2.02e-06 1.01e-06 1.515e-06 2.525e-06 1.01e-06 2.02e-06 2.02e-06 1.515e-06 4.545e-06 4.545e-06 1.515e-06 3.03e-06 2.525e-06 3.03e-06 1.515e-06 1.515e-06 2.02e-06 1.515e-06 1.01e-06 1.01e-06 1.01e-06 5.05e-07 0 5.05e-07 0 0 0 0 0 0 0 0 5.05e-07 0 5.05e-07 0 0 0 0 0 0 0 0 0 0 0 0 0 0 0 0 0 0 0 0 0 0 0 0 0 
0 0 0 0 0 0 0 0 0 0 0 0 0 0 0 0 0 0 0 0 0 0 0 0 0 0 0 0 0 0 0 0 0 0 0 0 5.05e-07 0 0 5.05e-07 0 5.05e-07 1.515e-06 5.05e-07 1.515e-06 5.05e-07 5.05e-07 1.01e-06 1.01e-06 0 1.515e-06 2.02e-06 1.01e-06 0 5.05e-07 5.05e-07 0 1.01e-06 0 5.05e-07 1.515e-06 5.05e-07 0 0 5.05e-07 5.05e-07 0 0 0 0 0 0 0 0 5.05e-07 0 0 0 0 0 0 0 0 0 0 0 0 0 0 0 0 0 0 0 0 0 0 0 0 0 0 0 
0 0 0 0 0 0 0 0 0 0 0 0 0 0 0 0 0 0 0 0 0 0 0 0 0 0 0 0 0 0 0 0 0 0 0 0 0 0 0 0 0 0 0 0 0 0 0 0 1.01e-06 0 0 1.01e-06 5.05e-07 0 0 0 0 0 0 0 0 0 0 5.05e-07 0 0 0 0 0 0 0 0 0 0 0 0 0 0 0 0 0 0 0 0 0 0 0 0 0 0 0 0 0 0 0 0 0 0 0 0 0 0 
0 0 0 0 0 0 0 0 0 0 0 0 0 0 0 0 0 0 0 0 0 0 0 0 0 0 0 0 0 0 0 0 0 0 0 0 0 0 0 0 0 0 0 5.05e-07 0 0 0 0 0 1.01e-06 0 0 0 0 0 0 0 0 0 0 0 0 0 0 0 0 0 0 0 0 0 0 0 0 0 0 0 0 0 0 0 0 0 0 0 0 0 0 0 0 0 0 0 0 0 0 0 0 0 0 0 0 
0 0 0 0 0 0 0 0 0 0 0 0 0 0 0 0 0 0 0 0 0 0 0 0 0 0 0 0 0 0 0 0 0 0 0 0 0 0 0 0 0 0 0 0 0 0 0 0 0 0 0 0 5.05e-07 0 0 0 0 0 0 0 0 0 0 0 0 0 0 0 0 0 0 0 0 0 0 0 0 0 0 0 0 0 0 0 0 0 0 0 0 0 0 0 0 0 0 0 0 0 0 0 0 0 
0 0 0 0 0 0 0 0 0 0 0 0 0 0 0 0 0 0 0 0 0 0 0 0 0 0 0 0 0 0 0 0 0 0 0 0 0 0 0 0 0 0 0 0 0 0 0 0 0 0 0 0 0 0 0 0 0 0 0 0 0 0 0 0 0 0 0 0 0 0 0 0 0 0 0 0 0 0 0 0 0 0 0 0 0 0 0 0 0 0 0 0 0 0 0 0 0 0 0 0 0 0 
0 0 0 0 0 0 0 0 0 0 0 0 0 0 0 0 0 0 0 0 0 0 0 0 0 0 0 0 0 0 0 0 0 0 0 0 0 0 0 0 0 0 0 0 0 0 0 0 0 0 0 0 0 0 0 0 0 0 0 0 0 0 0 0 0 0 0 0 0 0 0 0 0 0 0 0 0 0 0 0 0 0 0 0 0 0 0 0 0 0 0 0 0 0 0 0 0 0 0 0 0 0 
0 0 0 0 0 0 0 0 0 0 0 0 0 0 0 0 0 0 0 0 0 0 0 0 0 0 0 0 0 0 0 0 0 0 0 0 0 0 0 0 0 0 0 0 0 0 0 0 0 0 0 0 0 0 0 0 0 0 0 0 0 0 0 0 0 0 0 0 0 0 0 0 0 0 0 0 0 0 0 0 0 0 0 0 0 0 0 0 0 0 0 0 0 0 0 0 0 0 0 0 0 0 
0 0 0 0 0 0 0 0 0 0 0 0 0 0 0 0 0 0 0 0 0 0 0 0 0 0 0 0 0 0 0 0 0 0 0 0 0 0 0 0 0 0 0 0 0 0 0 0 0 0 0 0 0 0 0 0 0 0 0 0 0 0 0 0 0 0 0 0 0 0 0 0 0 0 0 0 0 0 0 0 0 0 0 0 0 0 0 0 0 0 0 0 0 0 0 0 0 0 0 0 0 0 
0 0 0 0 0 0 0 0 0 0 0 0 0 0 0 0 0 0 0 0 0 0 0 0 0 0 0 0 0 0 0 0 0 0 0 0 0 0 0 0 0 0 0 0 0 0 0 0 0 0 0 0 0 0 0 0 0 0 0 0 0 0 0 0 0 0 0 0 0 0 0 0 0 0 0 0 0 0 0 0 0 0 0 0 0 0 0 0 0 0 0 0 0 0 0 0 0 0 0 0 0 0 
0 0 0 0 0 0 0 0 0 0 0 0 0 0 0 0 0 0 0 0 0 0 0 0 0 0 0 0 0 0 0 0 0 0 0 0 0 0 0 0 0 0 0 0 0 0 0 0 0 0 0 0 0 0 0 0 0 0 0 0 0 0 0 0 0 0 0 0 0 0 0 0 0 0 0 0 0 0 0 0 0 0 0 0 0 0 0 0 0 0 0 0 0 0 0 0 0 0 0 0 0 0 
